earth/public/data/ocean/C53/ANN-vosaline-depthz-0m-gfs-1.0.json
{"header": {"discipline": 0, "disciplineName": "Meteorological products", "gribEdition": 2, "gribLength": 131138.0, "center": 0, "centerName": "Kiel Climate Model", "subcenter": 0, "refTime": "1", "significanceOfRT": 1, "significanceOfRTName": "Start of forecast", "productStatus": 0, "productStatusName": "Operational products", "productType": 1, "productTypeName": "Forecast products", "productDefinitionTemplate": 0, "productDefinitionTemplateName": "Analysis/forecast at horizontal level/layer at a point in time", "parameterCategory": 2, "parameterCategoryName": "Momentum", "parameterNumber": 2, "parameterNumberName": "U-component_of_wind", "parameterUnit": "PSU", "genProcessType": 2, "genProcessTypeName": "Forecast", "forecastTime": 0, "surface1Type": 103, "surface1TypeName": "Specified height level above ground", "surface1Value": 10, "surface2Type": 255, "surface2TypeName": "Missing", "surface2Value": 0, "gridDefinitionTemplate": 0, "gridDefinitionTemplateName": "Latitude_Longitude", "numberPoints": 65160, "shape": 6, "shapeName": "Earth spherical with radius of 6,371,229.0 m", "gridUnits": "degrees", "resolution": 48, "winds": "true", "scanMode": 0, "nx": 360.0, "ny": 180.0, "basicAngle": 0, "subDivisions": 0, "lo1": 0.0, "la1": -89.5, "lo2": 359.0, "la2": 89.5, "dx": 1.0, "dy": -1.0}, "data":
[rows 63 to 83 of 180, columns 240 to 287 of 360]
36.79313659667969,36.812042236328125,36.829856872558594,36.85163879394531,36.87309265136719,36.89504623413086,36.913211822509766,36.93168258666992,36.94679260253906,36.96357727050781,36.978641510009766,36.995967864990234,37.01203918457031,37.02667999267578,37.0368766784668,37.044986724853516,37.04922103881836,37.0545654296875,37.059810638427734,37.06806182861328,37.0816650390625,37.0942497253418,37.09885787963867,37.10026931762695,37.098548889160156,37.094337463378906,37.08933639526367,37.08470916748047,37.07970428466797,37.07545471191406,37.070499420166016,37.06611633300781,37.058536529541016,37.04972839355469,37.043392181396484,37.04147720336914,37.03962707519531,37.039058685302734,37.0350341796875,37.02907180786133,37.01353073120117,36.991886138916016,36.967369079589844,36.94515609741211,36.924339294433594,36.90959548950195,36.89585494995117,36.88646697998047
36.901939392089844,36.92495346069336,36.946754455566406,36.972110748291016,36.99674606323242,37.02191925048828,37.043357849121094,37.06520080566406,37.08378601074219,37.10435485839844,37.123512268066406,37.14496612548828,37.165191650390625,37.183712005615234,37.197513580322266,37.20908737182617,37.21664047241211,37.2246208190918,37.231815338134766,37.24103546142578,37.253326416015625,37.2633171081543,37.26466369628906,37.26212692260742,37.256805419921875,37.24933624267578,37.241512298583984,37.2344970703125,37.22702407836914,37.22023391723633,37.21115493774414,37.2010612487793,37.1869010925293,37.170654296875,37.155433654785156,37.14319610595703,37.131629943847656,37.121952056884766,37.1092414855957,37.095027923583984,37.07234191894531,37.0446662902832,37.01224136352539,36.980247497558594,36.94955062866211,36.924835205078125,36.90174865722656,36.883636474609375
37.00823211669922,37.03547286987305,37.06062698364258,37.08917999267578,37.115779876708984,37.14325714111328,37.16655349731445,37.19088363647461,37.211753845214844,37.235347747802734,37.257266998291016,37.28187561035156,37.30459213256836,37.32594680786133,37.34197998046875,37.35606002807617,37.36555862426758,37.375,37.382686614990234,37.390804290771484,37.39809036254883,37.40220642089844,37.397613525390625,37.38966369628906,37.37867736816406,37.36717987060547,37.355072021484375,37.344947814941406,37.333499908447266,37.32318878173828,37.308128356933594,37.291587829589844,37.2689208984375,37.24493408203125,37.21906280517578,37.196815490722656,37.17404556274414,37.15571212768555,37.133056640625,37.110923767089844,37.08002853393555,37.04658508300781,37.00569152832031,36.9653434753418,36.92445373535156,36.89109420776367,36.85765075683594,36.83092498779297
37.09302520751953,37.123199462890625,37.15107727050781,37.18136978149414,37.208736419677734,37.236820220947266,37.26057434082031,37.28567886352539,37.307640075683594,37.33249282836914,37.3558349609375,37.381568908691406,37.405120849609375,37.42731857299805,37.444210052490234,37.45900344848633,37.46908187866211,37.47832489013672,37.48503112792969,37.4903564453125,37.48983383178711,37.485260009765625,37.47403335571289,37.459205627441406,37.44237518310547,37.42607116699219,37.40965270996094,37.39570617675781,37.380096435546875,37.36528015136719,37.34437942504883,37.32065963745117,37.290382385253906,37.258365631103516,37.2236213684082,37.19166564941406,37.15994644165039,37.13341522216797,37.102867126464844,37.07314682006836,37.03571319580078,36.99677658081055,36.94967269897461,36.90240478515625,36.85438919067383,36.81371307373047,36.772361755371094,36.73712921142578
37.16952133178711,37.20160675048828,37.230594635009766,37.261016845703125,37.287479400634766,37.31460952758789,37.33766555786133,37.36247634887695,37.384647369384766,37.40976333618164,37.43333053588867,37.45861053466797,37.481178283691406,37.502052307128906,37.51771926879883,37.5308837890625,37.539466857910156,37.546104431152344,37.54997253417969,37.55036544799805,37.54073715209961,37.52672576904297,37.50836181640625,37.48784637451172,37.46520233154297,37.44489288330078,37.42353057861328,37.40535354614258,37.3840446472168,37.363956451416016,37.335906982421875,37.305545806884766,37.267494201660156,37.22915267944336,37.18619155883789,37.14685821533203,37.106422424316406,37.07273864746094,37.03378677368164,36.99720001220703,36.953102111816406,36.90993118286133,36.85838317871094,36.80793762207031,36.755733489990234,36.71125030517578,36.663978576660156,36.6226921081543
37.221553802490234,37.25160598754883,37.277774810791016,37.30386734008789,37.32542419433594,37.34805679321289,37.3677978515625,37.38991165161133,37.41047668457031,37.4334716796875,37.454830169677734,37.47623825073242,37.49393081665039,37.5091552734375,37.519256591796875,37.52653884887695,37.52973937988281,37.53057861328125,37.528785705566406,37.522953033447266,37.503883361816406,37.4807014465332,37.45729064941406,37.4324836730957,37.40578842163086,37.381736755371094,37.35542678833008,37.33143997192383,37.30356979370117,37.27658462524414,37.241905212402344,37.20536804199219,37.16216278076172,37.119632720947266,37.072208404541016,37.028018951416016,36.9819221496582,36.94180679321289,36.89642333984375,36.853511810302734,36.80507278442383,36.759464263916016,36.70758819580078,36.65863037109375,36.6074104309082,36.56312561035156,36.514522552490234,36.47016143798828
37.246910095214844,37.27330017089844,37.29458999633789,37.315101623535156,37.3306770324707,37.348175048828125,37.36405563354492,37.383018493652344,37.401397705078125,37.42172622680664,37.440120697021484,37.45708465576172,37.46923065185547,37.47828674316406,37.48221206665039,37.48335647583008,37.48114776611328,37.47673034667969,37.470664978027344,37.46024703979492,37.43571090698242,37.40760803222656,37.38140106201172,37.35476303100586,37.32542419433594,37.2986946105957,37.2683219909668,37.23966979980469,37.206565856933594,37.174835205078125,37.135581970214844,37.09585189819336,37.04977798461914,37.005767822265625,36.9560546875,36.909732818603516,36.86015319824219,36.81631088256836,36.76674270629883,36.72040557861328,36.66959762573242,36.62358093261719,36.57244110107422,36.52560043334961,36.47587585449219,36.432437896728516,36.383689880371094,36.33858871459961
37.200870513916016,37.22193145751953,37.23849868774414,37.253746032714844,37.2652702331543,37.278499603271484,37.291324615478516,37.307064056396484,37.32312774658203,37.34050369262695,37.35628890991211,37.369789123535156,37.378780364990234,37.38432693481445,37.38556671142578,37.384521484375,37.381343841552734,37.37678909301758,37.37145233154297,37.36285400390625,37.34225082397461,37.31824493408203,37.29519271850586,37.27110290527344,37.24384307861328,37.21802520751953,37.18842697143555,37.160160064697266,37.127872467041016,37.097129821777344,37.0599365234375,37.02265930175781,36.97977066040039,36.938621520996094,36.892112731933594,36.8482780456543,36.80116271972656,36.75895309448242,36.71142578125,36.666866302490234,36.61853790283203,36.57489013671875,36.52645492553711,36.48176193237305,36.43427658081055,36.392425537109375,36.34574890136719,36.30250930786133
37.121360778808594,37.137359619140625,37.149112701416016,37.160247802734375,37.168365478515625,37.17829513549805,37.18793487548828,37.2006950378418,37.213985443115234,37.22861099243164,37.24165725708008,37.25270462036133,37.259517669677734,37.26355743408203,37.263954162597656,37.263336181640625,37.2618522644043,37.25983428955078,37.25788497924805,37.2536506652832,37.24094772338867,37.2247314453125,37.20658493041992,37.187171936035156,37.16370391845703,37.14078903198242,37.11419677734375,37.08903884887695,37.060150146484375,37.03310012817383,37.00027084350586,36.96803665161133,36.93011474609375,36.893856048583984,36.852081298828125,36.81282424926758,36.76996612548828,36.731685638427734,36.68807601928711,36.64741897583008,36.60287094116211,36.56287384033203,36.51749038696289,36.47525405883789,36.43008804321289,36.390419006347656,36.346160888671875,36.30558395385742
37.0130615234375,37.02388000488281,37.03180694580078,37.039058685302734,37.04452896118164,37.05103302001953,37.0576171875,37.06684494018555,37.07730484008789,37.088653564453125,37.09906768798828,37.10786819458008,37.11357116699219,37.117027282714844,37.117549896240234,37.11825942993164,37.11886215209961,37.119972229003906,37.12114715576172,37.12184143066406,37.11741256713867,37.109561920166016,37.098182678222656,37.084739685058594,37.06782531738281,37.049869537353516,37.02964782714844,37.01014709472656,36.988059997558594,36.966678619384766,36.94131851196289,36.915855407714844,36.88581085205078,36.85590744018555,36.821807861328125,36.788978576660156,36.75341796875,36.72087478637695,36.683929443359375,36.648651123046875,36.61017608642578,36.574928283691406,36.53440856933594,36.49552536010742,36.4542350769043,36.41767501831055,36.377132415771484,36.339637756347656
36.895225524902344,36.90247344970703,36.907562255859375,36.912452697753906,36.916038513183594,36.92013931274414,36.92378616333008,36.93010711669922,36.937679290771484,36.946319580078125,36.95420455932617,36.96171569824219,36.967376708984375,36.97135925292969,36.972984313964844,36.97548294067383,36.97856521606445,36.98234558105469,36.98637771606445,36.99092483520508,36.99408721923828,36.99415588378906,36.98915481567383,36.98297119140625,36.97319412231445,36.96224594116211,36.94963455200195,36.9383430480957,36.92418670654297,36.910457611083984,36.8931770324707,36.87621307373047,36.854331970214844,36.83225631713867,36.806209564208984,36.78166198730469,36.75400924682617,36.729000091552734,36.699249267578125,36.67082214355469,36.63869857788086,36.60929870605469,36.57382583618164,36.5391960144043,36.50204849243164,36.46952438354492,36.4327507019043,36.39875793457031
36.775699615478516,36.77920913696289,36.781681060791016,36.783931732177734,36.78573989868164,36.78715133666992,36.78810119628906,36.79107666015625,36.795780181884766,36.80105972290039,36.80621337890625,36.811851501464844,36.81711196899414,36.821006774902344,36.82289123535156,36.826168060302734,36.83028793334961,36.83526611328125,36.84025955200195,36.84703063964844,36.855140686035156,36.86053466796875,36.86131286621094,36.861087799072266,36.858333587646484,36.85313415527344,36.84812545776367,36.84375762939453,36.83790588378906,36.83110046386719,36.82280349731445,36.813899993896484,36.80156707763672,36.7873420715332,36.77123260498047,36.75538635253906,36.738189697265625,36.721900939941406,36.70216751098633,36.68171310424805,36.65852355957031,36.63603973388672,36.60783767700195,36.578399658203125,36.54735565185547,36.51980209350586,36.48844909667969,36.458526611328125
36.67588424682617,36.67674255371094,36.676815032958984,36.67702865600586,36.67715835571289,36.6765022277832,36.67498016357422,36.675296783447266,36.677146911621094,36.679534912109375,36.6817626953125,36.6855583190918,36.690059661865234,36.69329071044922,36.69459533691406,36.6973762512207,36.701080322265625,36.705387115478516,36.709442138671875,36.716064453125,36.72574996948242,36.73332595825195,36.737361907958984,36.741790771484375,36.74360275268555,36.74289321899414,36.74294662475586,36.74421691894531,36.74428176879883,36.74365997314453,36.74226379394531,36.74097442626953,36.736392974853516,36.73005294799805,36.72244644165039,36.715728759765625,36.708045959472656,36.701663970947266,36.691429138183594,36.68006134033203,36.66541290283203,36.65092086791992,36.629783630371094,36.60648727416992,36.58146667480469,36.559818267822266,36.53374099731445,36.50844955444336
36.591487884521484,36.58917999267578,36.586708068847656,36.58447265625,36.583065032958984,36.5799560546875,36.575897216796875,36.573036193847656,36.5721321105957,36.57086181640625,36.56974411010742,36.570716857910156,36.57386016845703,36.57545471191406,36.57539749145508,36.57667541503906,36.57923889160156,36.58137512207031,36.58296203613281,36.58744430541992,36.595924377441406,36.6026611328125,36.60798263549805,36.61473083496094,36.619300842285156,36.62086868286133,36.62406921386719,36.62830352783203,36.63227081298828,36.63520050048828,36.638980865478516,36.64277267456055,36.64467239379883,36.64405822753906,36.643714904785156,36.643375396728516,36.6440544128418,36.64522171020508,36.64400863647461,36.640132904052734,36.634220123291016,36.626800537109375,36.613224029541016,36.59545135498047,36.5771598815918,36.56120681762695,36.54179763793945,36.52193069458008
36.53102111816406,36.52447509765625,36.517696380615234,36.51213455200195,36.50881576538086,36.50270462036133,36.4948844909668,36.488250732421875,36.483943939208984,36.4777717590332,36.4708251953125,36.466827392578125,36.46656799316406,36.464256286621094,36.46040344238281,36.45832061767578,36.45840835571289,36.45606231689453,36.45167541503906,36.450382232666016,36.451656341552734,36.45140838623047,36.45345687866211,36.458770751953125,36.46206283569336,36.46293640136719,36.46550750732422,36.469451904296875,36.47278594970703,36.47514343261719,36.478981018066406,36.4840087890625,36.48783874511719,36.4902229309082,36.49281311035156,36.495567321777344,36.49946594238281,36.5043830871582,36.50762939453125,36.50927734375,36.509681701660156,36.5092658996582,36.503231048583984,36.49287414550781,36.48223876953125,36.47335433959961,36.46223449707031,36.45106506347656
36.4893684387207,36.47857666015625,36.46719741821289,36.45827865600586,36.4532470703125,36.44427490234375,36.43284225463867,36.422733306884766,36.415611267089844,36.404701232910156,36.391719818115234,36.38249588012695,36.37838363647461,36.37174987792969,36.36351776123047,36.357975006103516,36.355926513671875,36.3492431640625,36.33891296386719,36.331642150878906,36.32475280761719,36.31624221801758,36.314029693603516,36.316497802734375,36.317623138427734,36.3170051574707,36.31834411621094,36.3212776184082,36.32291030883789,36.322757720947266,36.32484817504883,36.328548431396484,36.33232879638672,36.3353385925293,36.33897399902344,36.342472076416016,36.347042083740234,36.3516731262207,36.3564338684082,36.360294342041016,36.36479187011719,36.36915588378906,36.36980056762695,36.36690902709961,36.363487243652344,36.36052703857422,36.35698699951172,36.3538818359375
36.48347091674805,36.47026824951172,36.455718994140625,36.444820404052734,36.439659118652344,36.42928695678711,36.415653228759766,36.404075622558594,36.39671325683594,36.383338928222656,36.36650466918945,36.353755950927734,36.34762191772461,36.337642669677734,36.325862884521484,36.31808090209961,36.31584548950195,36.307308197021484,36.294071197509766,36.283626556396484,36.2718505859375,36.25774002075195,36.251365661621094,36.25107955932617,36.24905014038086,36.24592590332031,36.24491882324219,36.24644470214844,36.24560546875,36.24273681640625,36.24153518676758,36.242469787597656,36.243263244628906,36.24405288696289,36.24542236328125,36.24736404418945,36.248809814453125,36.24979782104492,36.251197814941406,36.253108978271484,36.25675964355469,36.26165771484375,36.26540756225586,36.26716995239258,36.268001556396484,36.26748275756836,36.26749801635742,36.26787567138672
36.482757568359375,36.46820068359375,36.44910430908203,36.43674087524414,36.43328857421875,36.42206573486328,36.40508270263672,36.39298629760742,36.38792419433594,36.37332534790039,36.35171890258789,36.33626174926758,36.32959747314453,36.31635284423828,36.298828125,36.28875732421875,36.287960052490234,36.27883529663086,36.26300811767578,36.25142288208008,36.23751449584961,36.21901321411133,36.20879364013672,36.20559310913086,36.1993408203125,36.19106674194336,36.185997009277344,36.18504333496094,36.181209564208984,36.175148010253906,36.17040252685547,36.1677131652832,36.16438293457031,36.160884857177734,36.15851974487305,36.15763854980469,36.15472412109375,36.15018844604492,36.146148681640625,36.14324951171875,36.14304733276367,36.14570999145508,36.149906158447266,36.155250549316406,36.158775329589844,36.16015625,36.16221237182617,36.16471481323242
36.4799690246582,36.46458053588867,36.44102096557617,36.42745590209961,36.42630386352539,36.41438293457031,36.39384078979492,36.381465911865234,36.3795166015625,36.36424255371094,36.33842849731445,36.32097625732422,36.31501388549805,36.298973083496094,36.275657653808594,36.26335144042969,36.2641716003418,36.25462341308594,36.236427307128906,36.224388122558594,36.210411071777344,36.18954086303711,36.176475524902344,36.171443939208984,36.161434173583984,36.148094177246094,36.13899230957031,36.13554763793945,36.128929138183594,36.12018966674805,36.11241149902344,36.10688781738281,36.09999465942383,36.092830657958984,36.08707809448242,36.083614349365234,36.076873779296875,36.067909240722656,36.058837890625,36.051055908203125,36.046470642089844,36.04561233520508,36.04860305786133,36.0546875,36.059505462646484,36.062129974365234,36.06561279296875,36.06935119628906
36.467350006103516,36.45238494873047,36.42599868774414,36.41195297241211,36.41282653808594,36.40066146850586,36.377685546875,36.365562438964844,36.3664665222168,36.351585388183594,36.323577880859375,36.305580139160156,36.300899505615234,36.2835693359375,36.25680923461914,36.24295425415039,36.24463653564453,36.235069274902344,36.215980529785156,36.204559326171875,36.192169189453125,36.17188262939453,36.158992767333984,36.154823303222656,36.144229888916016,36.12905502319336,36.11817932128906,36.113624572753906,36.105674743652344,36.09583282470703,36.08704376220703,36.080928802490234,36.07283020019531,36.06425476074219,36.05698776245117,36.05241775512695,36.04399871826172,36.033348083496094,36.022029876708984,36.01219177246094,36.005191802978516,36.00237274169922,36.002784729003906,36.006534576416016,36.00972366333008,36.0119743347168,36.01490783691406,36.01810073852539
36.42901611328125,36.414974212646484,36.384666442871094,36.37033462524414,36.37455749511719,36.36259460449219,36.33656692504883,36.32488250732422,36.32969665527344,36.3156852722168,36.28540802001953,36.26728820800781,36.26456069946289,36.24666213989258,36.21672058105469,36.20149612426758,36.20366668701172,36.19449996948242,36.17561721801758,36.16556930541992,36.155181884765625,36.135623931884766,36.12388229370117,36.12248992919922,36.1136474609375,36.09891891479492,36.08858871459961,36.0843391418457,36.07608413696289,36.065208435058594,36.056068420410156,36.0503044128418,36.042083740234375,36.03285217285156,36.0250358581543,36.01996612548828,36.010948181152344,35.99949645996094,35.98723220825195,35.976287841796875,35.96835708618164,35.964839935302734,35.962982177734375,35.96298599243164,35.96347427368164,35.964229583740234,35.96518325805664,35.966156005859375
