earth/public/data/ocean/C53/ANN-votemper-depthz-500m-gfs-1.0.json
{"header": {"discipline": 0, "disciplineName": "Meteorological products", "gribEdition": 2, "gribLength": 131138.0, "center": 0, "centerName": "Kiel Climate Model", "subcenter": 0, "refTime": "1", "significanceOfRT": 1, "significanceOfRTName": "Start of forecast", "productStatus": 0, "productStatusName": "Operational products", "productType": 1, "productTypeName": "Forecast products", "productDefinitionTemplate": 0, "productDefinitionTemplateName": "Analysis/forecast at horizontal level/layer at a point in time", "parameterCategory": 2, "parameterCategoryName": "Momentum", "parameterNumber": 2, "parameterNumberName": "U-component_of_wind", "parameterUnit": "C", "genProcessType": 2, "genProcessTypeName": "Forecast", "forecastTime": 0, "surface1Type": 103, "surface1TypeName": "Specified height level above ground", "surface1Value": 10, "surface2Type": 255, "surface2TypeName": "Missing", "surface2Value": 0, "gridDefinitionTemplate": 0, "gridDefinitionTemplateName": "Latitude_Longitude", "numberPoints": 65160, "shape": 6, "shapeName": "Earth spherical with radius of 6,371,229.0 m", "gridUnits": "degrees", "resolution": 48, "winds": "true", "scanMode": 0, "nx": 360.0, "ny": 180.0, "basicAngle": 0, "subDivisions": 0, "lo1": 0.0, "la1": -89.5, "lo2": 359.0, "la2": 89.5, "dx": 1.0, "dy": -1.0}, "data":
[rows 110 to 131 of 180, columns 0 to 48 of 360]
null,null,null,null,null,null,null,null,null,null,null,null,null,null,null,null,null,null,null,null,null,null,null,null,null,null,null,null,null,18.426166534423828,18.437135696411133,18.49977684020996,18.602230072021484,18.72224998474121,18.849092483520508,18.95792579650879,19.11158561706543,19.28333854675293,19.425411224365234,19.517379760742188,19.43470573425293,19.199737548828125,18.91611671447754,18.638193130493164,18.451435089111328,18.390262603759766,18.310588836669922,18.227386474609375,18.129465103149414
null,null,null,null,null,null,null,null,null,null,null,null,null,null,null,null,null,null,null,null,null,null,null,null,null,null,null,18.713077545166016,18.752883911132812,18.85076141357422,18.951152801513672,19.0665225982666,19.22955322265625,19.411069869995117,19.560935974121094,19.653141021728516,19.777099609375,19.911563873291016,19.980974197387695,19.969310760498047,19.83489227294922,19.59049415588379,19.326751708984375,19.081199645996094,18.914752960205078,18.853361129760742,18.76988410949707,18.67876625061035,18.557247161865234
null,null,null,null,null,null,null,null,null,null,null,null,null,null,null,null,null,null,null,null,null,null,null,null,null,18.85589599609375,18.795236587524414,18.70606231689453,18.789058685302734,19.00977897644043,19.227352142333984,19.404348373413086,19.625885009765625,19.85483169555664,20.022275924682617,20.098310470581055,20.186891555786133,20.269420623779297,20.2811336517334,20.2178955078125,20.083070755004883,19.90552520751953,19.707508087158203,19.532665252685547,19.40550994873047,19.353010177612305,19.26896095275879,19.168886184692383,19.023345947265625
null,null,null,null,null,null,null,null,null,null,null,null,null,null,null,null,null,null,null,null,null,null,null,null,null,18.963836669921875,18.881837844848633,18.767799377441406,18.80868911743164,19.001083374023438,19.213790893554688,19.411006927490234,19.642044067382812,19.866605758666992,20.03390121459961,20.11406707763672,20.186382293701172,20.237668991088867,20.240367889404297,20.193355560302734,20.11768341064453,20.022502899169922,19.915485382080078,19.809940338134766,19.732643127441406,19.693939208984375,19.618274688720703,19.518375396728516,19.36420249938965
15.463232040405273,15.385523796081543,null,null,null,null,null,null,null,null,null,null,null,null,null,null,null,null,null,null,null,null,null,19.168399810791016,19.147663116455078,19.12143325805664,19.02864646911621,18.882925033569336,18.879714965820312,19.01559066772461,19.19675064086914,19.387392044067383,19.59963607788086,19.793188095092773,19.954347610473633,20.053255081176758,20.125890731811523,20.159076690673828,20.168790817260742,20.15390396118164,20.128950119018555,20.10307502746582,20.06365966796875,20.024019241333008,19.987464904785156,19.96434783935547,19.89998435974121,19.807104110717773,19.65395736694336
15.51247501373291,15.422189712524414,null,null,null,null,null,null,null,null,null,null,null,null,null,null,null,null,null,null,null,null,null,18.993574142456055,19.014482498168945,19.067235946655273,19.042600631713867,18.936481475830078,18.9459285736084,19.063297271728516,19.229707717895508,19.414270401000977,19.59975242614746,19.754779815673828,19.882226943969727,19.963472366333008,20.023365020751953,20.06443977355957,20.1005802154541,20.12396240234375,20.146333694458008,20.16975212097168,20.180259704589844,20.178936004638672,20.16661262512207,20.134998321533203,20.063100814819336,19.944658279418945,19.77805519104004
15.627054214477539,null,null,null,null,null,null,null,null,18.422630310058594,18.52102279663086,18.70550537109375,18.881534576416016,19.027103424072266,19.00283432006836,18.811758041381836,18.709779739379883,18.709640502929688,18.757143020629883,18.84634780883789,18.9392147064209,19.02413558959961,18.93535614013672,18.73180389404297,18.717260360717773,18.84784507751465,18.917566299438477,18.922327041625977,18.99696922302246,19.13385009765625,19.307226181030273,19.486204147338867,19.645875930786133,19.754859924316406,19.83225440979004,19.85943603515625,19.897768020629883,19.96889877319336,20.04844093322754,20.108736038208008,20.165393829345703,20.212486267089844,20.2418155670166,20.24999237060547,20.236141204833984,20.178651809692383,20.07288932800293,19.913440704345703,19.70482635498047
16.019102096557617,null,null,null,null,null,null,null,null,18.415311813354492,18.49901008605957,18.646907806396484,18.807985305786133,18.95561981201172,18.958404541015625,18.81167984008789,18.730388641357422,18.72594451904297,18.765731811523438,18.843791961669922,18.90545082092285,18.94443702697754,18.842269897460938,18.615886688232422,18.559734344482422,18.682573318481445,18.78183364868164,18.843570709228516,18.950515747070312,19.08425521850586,19.255830764770508,19.434955596923828,19.57658576965332,19.655359268188477,19.700428009033203,19.70394515991211,19.730066299438477,19.8176212310791,19.92082977294922,20.009990692138672,20.09189796447754,20.16802215576172,20.22234344482422,20.262374877929688,20.276824951171875,20.244173049926758,20.164127349853516,20.01943016052246,19.829748153686523
16.482406616210938,16.475597381591797,16.687345504760742,17.07737159729004,17.311006546020508,17.35904312133789,17.63974380493164,18.118017196655273,18.38617515563965,18.405080795288086,18.459386825561523,18.539966583251953,18.67176055908203,18.828147888183594,18.876625061035156,18.812536239624023,18.768253326416016,18.75519561767578,18.78094482421875,18.839548110961914,18.846893310546875,18.79670524597168,18.712574005126953,18.61143684387207,18.559280395507812,18.568851470947266,18.605823516845703,18.661972045898438,18.748790740966797,18.850788116455078,19.004650115966797,19.182666778564453,19.312368392944336,19.370948791503906,19.40809440612793,19.417325973510742,19.446168899536133,19.535568237304688,19.644023895263672,19.74176788330078,19.836402893066406,19.93561553955078,20.0236873626709,20.118488311767578,20.205188751220703,20.275814056396484,20.31849479675293,20.307294845581055,20.241729736328125
17.10786247253418,17.009164810180664,17.117856979370117,17.41877555847168,17.62447166442871,17.70230484008789,17.953683853149414,18.337980270385742,18.551240921020508,18.563072204589844,18.600505828857422,18.656444549560547,18.724063873291016,18.798133850097656,18.815032958984375,18.78062629699707,18.753524780273438,18.73941421508789,18.756935119628906,18.802873611450195,18.77718734741211,18.684616088867188,18.610273361206055,18.56783103942871,18.51396369934082,18.455337524414062,18.447641372680664,18.48800277709961,18.553396224975586,18.630603790283203,18.765560150146484,18.93255615234375,19.04691505432129,19.086685180664062,19.114704132080078,19.12525749206543,19.157350540161133,19.253122329711914,19.36614990234375,19.46636199951172,19.561391830444336,19.67350196838379,19.782176971435547,19.921171188354492,20.066823959350586,20.236459732055664,20.40450096130371,20.53788948059082,20.62153434753418
18.144161224365234,18.105083465576172,18.163782119750977,18.304893493652344,18.439376831054688,18.540874481201172,18.68856430053711,18.857769012451172,18.94199562072754,18.92313575744629,18.930490493774414,18.968059539794922,18.954360961914062,18.869142532348633,18.78931427001953,18.734651565551758,18.701549530029297,18.692726135253906,18.710235595703125,18.751941680908203,18.726072311401367,18.635740280151367,18.563562393188477,18.527164459228516,18.46904945373535,18.395177841186523,18.361042022705078,18.378704071044922,18.424413681030273,18.491512298583984,18.60931968688965,18.75783920288086,18.854318618774414,18.882761001586914,18.9033145904541,18.926607131958008,18.975522994995117,19.078718185424805,19.190982818603516,19.288801193237305,19.375,19.47858428955078,19.581872940063477,19.720373153686523,19.870586395263672,20.07461929321289,20.295429229736328,20.524494171142578,20.71483039855957
19.05314064025879,19.036340713500977,19.065683364868164,19.13592529296875,19.20756721496582,19.264726638793945,19.299150466918945,19.29732894897461,19.264822006225586,19.201961517333984,19.15574073791504,19.129520416259766,19.08873748779297,null,null,null,null,null,null,null,null,null,null,18.54728126525879,18.482812881469727,18.363271713256836,18.29410171508789,18.28369140625,18.311201095581055,18.369976043701172,18.472126007080078,18.597652435302734,18.6771183013916,18.694530487060547,18.7094669342041,18.75566864013672,18.83779525756836,18.943361282348633,19.052845001220703,19.150869369506836,19.227365493774414,19.318227767944336,19.405778884887695,19.5257511138916,19.654645919799805,19.858125686645508,20.099145889282227,20.386903762817383,20.67441749572754
19.36203384399414,19.331745147705078,19.34886932373047,19.412235260009766,19.453554153442383,19.467050552368164,19.452194213867188,19.411903381347656,19.357873916625977,19.297603607177734,19.24176597595215,19.196924209594727,19.198360443115234,null,null,null,null,null,null,null,null,null,null,18.588289260864258,18.50615692138672,18.35215950012207,18.229347229003906,18.173259735107422,18.181556701660156,18.243303298950195,18.333417892456055,18.435914993286133,18.44414710998535,18.365859985351562,18.3402156829834,18.470312118530273,18.65459632873535,18.81326675415039,18.931955337524414,19.037813186645508,19.110427856445312,19.19070053100586,19.26448631286621,19.363121032714844,19.47022247314453,19.6601619720459,19.90040397644043,20.22345542907715,20.570566177368164
19.44135856628418,19.394132614135742,19.389890670776367,19.427461624145508,19.44966697692871,19.45073127746582,19.433513641357422,19.40092658996582,19.372446060180664,19.35556983947754,19.339210510253906,19.329933166503906,19.363962173461914,19.449522018432617,19.511220932006836,null,null,null,null,null,null,null,null,null,null,null,null,17.974231719970703,17.99153709411621,18.07502555847168,18.173934936523438,18.289989471435547,18.257259368896484,18.02498435974121,17.95235252380371,18.182796478271484,18.509357452392578,18.743858337402344,18.876466751098633,18.970426559448242,19.038829803466797,19.110185623168945,19.171676635742188,19.251514434814453,19.33390235900879,19.490785598754883,19.693309783935547,19.99477195739746,20.343658447265625
19.445581436157227,19.388357162475586,19.368688583374023,19.390546798706055,19.40488624572754,19.408557891845703,19.396169662475586,19.369028091430664,19.35470962524414,19.35599136352539,19.371776580810547,19.397912979125977,19.450149536132812,19.518884658813477,19.556304931640625,null,null,null,null,null,null,null,null,null,null,null,null,17.742679595947266,17.801422119140625,17.906997680664062,17.990278244018555,null,null,null,null,null,null,null,18.872678756713867,18.93381690979004,18.990896224975586,19.052648544311523,19.107242584228516,19.17391586303711,19.240278244018555,19.365554809570312,19.53080940246582,19.81259536743164,20.149608612060547
19.174779891967773,19.106292724609375,19.090702056884766,19.129169464111328,19.184940338134766,19.24304962158203,19.268428802490234,19.253263473510742,19.247404098510742,19.25016212463379,19.291120529174805,19.36243438720703,19.450246810913086,19.538021087646484,19.58698081970215,null,null,null,null,null,null,null,null,null,null,null,null,17.671998977661133,17.733264923095703,17.848140716552734,17.909406661987305,null,null,null,null,null,null,null,18.905685424804688,18.94441795349121,19.00029945373535,19.0528621673584,19.103979110717773,19.16907501220703,19.236284255981445,19.354480743408203,19.51076316833496,19.76785659790039,20.094993591308594
18.772789001464844,18.68636131286621,18.682201385498047,18.762340545654297,18.880754470825195,19.021282196044922,19.09849739074707,19.102502822875977,19.095529556274414,19.100330352783203,19.164859771728516,19.281002044677734,19.403535842895508,19.51708984375,19.570667266845703,null,null,null,null,null,null,null,null,null,null,null,null,null,null,null,null,null,null,null,null,null,null,null,null,null,19.035810470581055,19.07430076599121,19.121253967285156,19.187685012817383,19.261390686035156,19.379758834838867,19.528356552124023,19.741779327392578,20.015796661376953
18.573486328125,18.47732925415039,18.485042572021484,18.572389602661133,18.70475959777832,18.877979278564453,18.973695755004883,18.975849151611328,18.96147918701172,18.957727432250977,19.04322624206543,19.169946670532227,19.328760147094727,19.471126556396484,19.537179946899414,null,null,null,null,null,null,null,null,null,null,null,null,null,null,null,null,null,null,null,null,null,null,null,null,null,19.062082290649414,19.095104217529297,19.143314361572266,19.201560974121094,19.27011489868164,19.373048782348633,19.491987228393555,19.652786254882812,19.85482406616211
null,null,null,18.54271697998047,18.631868362426758,18.774232864379883,18.829784393310547,18.790931701660156,18.777212142944336,18.810142517089844,18.915311813354492,19.07245635986328,19.233211517333984,19.409873962402344,19.51870346069336,null,null,null,null,null,null,null,null,null,null,null,null,null,null,null,null,null,null,null,null,null,null,null,null,null,null,null,19.15990447998047,19.202804565429688,19.25837516784668,19.345022201538086,19.4276065826416,19.536598205566406,19.668697357177734
null,null,null,18.52609634399414,18.582565307617188,18.67166519165039,18.67600440979004,18.587064743041992,18.583663940429688,18.666358947753906,18.815467834472656,18.99437141418457,19.104934692382812,null,null,null,null,null,null,null,null,null,null,null,null,null,null,null,null,null,null,null,null,null,null,null,null,null,null,null,null,null,null,null,null,null,19.385543823242188,19.454755783081055,19.54033088684082
null,null,null,null,18.416654586791992,18.46931266784668,18.492431640625,18.424222946166992,18.4051456451416,18.502431869506836,18.67877197265625,18.874650955200195,18.952516555786133,null,null,null,null,null,null,null,null,null,null,null,null,null,null,null,null,null,null,null,null,null,null,null,null,null,null,null,null,null,null,null,null,null,null,null,null
null,null,null,null,17.99412727355957,18.056350708007812,18.142230987548828,18.151439666748047,18.126779556274414,18.222389221191406,18.421531677246094,18.62104606628418,18.814966201782227,null,null,null,null,null,null,null,null,null,null,null,null,null,null,null,null,null,null,null,null,null,null,null,null,null,null,null,null,null,null,null,null,null,null,null,null
