earth/public/data/ocean/C53/ANN-ocevel-depthz-3000m-gfs-1.0.json
{"header": {"discipline": 0, "disciplineName": "Meteorological products", "gribEdition": 2, "gribLength": 131138.0, "center": 0, "centerName": "Kiel Climate Model", "subcenter": 0, "refTime": "1", "significanceOfRT": 1, "significanceOfRTName": "Start of forecast", "productStatus": 0, "productStatusName": "Operational products", "productType": 1, "productTypeName": "Forecast products", "productDefinitionTemplate": 0, "productDefinitionTemplateName": "Analysis/forecast at horizontal level/layer at a point in time", "parameterCategory": 2, "parameterCategoryName": "Momentum", "parameterNumber": 2, "parameterNumberName": "V-component_of_wind", "parameterUnit": "m/s", "genProcessType": 2, "genProcessTypeName": "Forecast", "forecastTime": 0, "surface1Type": 103, "surface1TypeName": "Specified height level above ground", "surface1Value": 10, "surface2Type": 255, "surface2TypeName": "Missing", "surface2Value": 0, "gridDefinitionTemplate": 0, "gridDefinitionTemplateName": "Latitude_Longitude", "numberPoints": 65160, "shape": 6, "shapeName": "Earth spherical with radius of 6,371,229.0 m", "gridUnits": "degrees", "resolution": 48, "winds": "true", "scanMode": 0, "nx": 360.0, "ny": 180.0, "basicAngle": 0, "subDivisions": 0, "lo1": 0.0, "la1": -89.5, "lo2": 359.0, "la2": 89.5, "dx": 1.0, "dy": -1.0}, "data":
[rows 84 to 104 of 180, columns 184 to 229 of 360]
3.091455073445104e-05,3.526949876686558e-05,3.609780105762184e-05,9.830646013142541e-05,0.0002102983562508598,0.0004593049525283277,0.0008039989043027163,0.0007324287435039878,0.0002555309038143605,0.00019668976892717183,0.0005674877902492881,0.0006845240131951869,0.0005179854342713952,0.0008083313005045056,0.0015100444434210658,0.0016465296503156424,0.0011765591334551573,0.0017486147116869688,0.003277679905295372,0.0036511074285954237,0.002785070100799203,0.0036944926250725985,0.006164319813251495,0.006095322780311108,0.003587716957554221,0.0015338078374043107,0.0003156657621730119,4.919224375043996e-05,0.0007502015796490014,0.0005962906288914382,-0.0003752922348212451,-0.0005961988354101777,-3.1570631108479574e-05,6.345519068418071e-06,-0.0004913549055345356,-0.0005617127171717584,-0.00019620259990915656,-0.0001706188777461648,-0.0004912650911137462,-0.00029004126554355025,0.00039745596586726606,0.0006188418483361602,0.0003387710894457996,0.00028098843176849186,0.00045455872896127403,0.0003916448331438005
1.1780503882619087e-05,-7.574454502901062e-05,-0.0001253301597898826,-1.0105974070029333e-05,0.00019528306438587606,0.00047902759979479015,0.0007911213324405253,0.0007156418869271874,0.0002647612418513745,0.00017265834321733564,0.00045565678738057613,0.000561727152671665,0.0004733570385724306,0.0007260616985149682,0.0012725366977974772,0.001352548599243164,0.0009558300953358412,0.0017718550516292453,0.0036755644250661135,0.003944061696529388,0.0025223433040082455,0.0042297253385186195,0.008809973485767841,0.009120972827076912,0.005121699534356594,0.00236519449390471,0.0012150447582826018,0.0007341263117268682,0.0010175250936299562,0.0005827576969750226,-0.0004526902921497822,-0.000725940044503659,-0.00020159334235358983,-0.00021494706743396819,-0.0007490923162549734,-0.0007669204496778548,-0.00026150495978072286,-0.00013096885231789201,-0.00040278464439325035,-0.00010076361650135368,0.000723048229701817,0.0008847495191730559,0.00035970736644230783,0.00021006155293434858,0.0004581864341162145,0.0003765120927710086
0.0001147521979874,-0.00022268372413236648,-0.0004117144562769681,-0.0001693886733846739,0.0002679423487279564,0.0005294376751407981,0.0005696013104170561,0.0005063606658950448,0.00035342967021279037,0.00025397472199983895,0.0002219727321062237,0.00033122082822956145,0.0005652912659570575,0.0007255522650666535,0.0007861594203859568,0.0008554814266972244,0.0009232555166818202,0.0015948828076943755,0.0027492509689182043,0.003121128538623452,0.0026375805027782917,0.004365428350865841,0.008067694492638111,0.008098358288407326,0.004438353702425957,0.003014330519363284,0.003997549414634705,0.00337840779684484,0.0012778195086866617,0.00035033587482757866,0.0007233645301312208,0.00036137973074801266,-0.000635177013464272,-0.0011100617703050375,-0.0009368955506943166,-0.0007868336979299784,-0.0007065137033350766,-0.0003855281975120306,0.00011269091191934422,0.00045644966303370893,0.0005864271079190075,0.0005765246460214257,0.0004326476773712784,0.0002985596947837621,0.00019186199642717838,8.931274351198226e-05
0.0005305554368533194,-0.0001707011106191203,-0.0005537589313462377,-0.00016814305854495615,0.0005400688969530165,0.0007334657711908221,0.0003788335307035595,0.0002852131729014218,0.000473942665848881,0.0003911451785825193,5.550231071538292e-05,9.582274651620537e-05,0.0005082015413790941,0.000570157018955797,0.00026718099252320826,0.00025734968949109316,0.0005446414579637349,0.000974489317741245,0.0014585155295208097,0.0019097243202850223,0.002264775102958083,0.003095723455771804,0.004207657650113106,0.00417174119502306,0.002969080116599798,0.003336501307785511,0.0054213437251746655,0.004379581194370985,0.00042216407018713653,-2.5518589609418996e-05,0.0030008519534021616,0.0030575180426239967,1.3873662283003796e-05,-0.0014228977961465716,-0.0009969623060896993,-0.0011121599236503243,-0.0016533464659005404,-0.0010093660093843937,0.0006948013324290514,0.0010607967851683497,1.6862351913005114e-05,-0.0001588018931215629,0.0005532489158213139,0.0005585500621236861,-0.00014649353397544473,-0.00020345915982034057
0.0005955258384346962,-0.0002766752731986344,-0.0007485676323994994,-0.00031002372270449996,0.000492461200337857,0.0006559063913300633,0.00013951775326859206,4.899767736787908e-05,0.00038632238283753395,0.0003808138717431575,2.234705607406795e-05,1.66094923770288e-05,0.0003520336467772722,0.00037165384856052697,6.553452840307727e-05,1.1950583029829431e-05,0.0002092882350552827,0.0005062224227003753,0.0008483078563585877,0.0011361652286723256,0.0013283848529681563,0.0013557178899645805,0.0011949363397434354,0.0012308653676882386,0.0014918642118573189,0.00190206419210881,0.0023825804237276316,0.0010243167635053396,-0.001986090559512377,-0.0013295370154082775,0.003016348462551832,0.004530232399702072,0.0029453837778419256,0.0018025991739705205,0.0010883321519941092,-1.6479573332617292e-06,-0.001299305004067719,-0.0008753383881412446,0.0012936661951243877,0.0016033287392929196,1.4759652913198806e-05,-0.0001296300470130518,0.0011832768796011806,0.0012454563984647393,6.926851347088814e-05,-1.0167095751967281e-05
-0.00022059040202293545,-0.0009233044693246484,-0.0013110453728586435,-0.0009535548742860556,-0.0002989180211443454,-0.00010355828271713108,-0.000395857059629634,-0.00038319118903018534,-6.320762622635812e-05,7.043802179396152e-05,-1.0099896599058411e-06,5.2871695515932515e-05,0.00022386656200978905,0.0003102748596575111,0.00029370945412665606,0.00032598135294392705,0.00039832157199271023,0.0006429826025851071,0.0010142478859052062,0.0009805019944906235,0.0005349470884539187,0.00029779665055684745,0.000304743938613683,0.00028979574562981725,0.00024153629783540964,-0.00029385590460151434,-0.0012762548867613077,-0.0028709054458886385,-0.004721015226095915,-0.004279833287000656,-0.0015467979246750474,0.0013910764828324318,0.004110767040401697,0.005136232357472181,0.004371317103505135,0.0028172072488814592,0.0006351340562105179,0.00031681969994679093,0.0018396651139482856,0.0018478959100320935,0.0003533441631589085,0.0003925694618374109,0.001969744451344013,0.0019361558370292187,0.0002842277754098177,8.752683061175048e-05
-0.0009058720315806568,-0.0010886224918067455,-0.001176933292299509,-0.0011044434504583478,-0.0009546321234665811,-0.0007745269685983658,-0.0005905483849346638,-0.0004946087719872594,-0.0004944127285853028,-0.00030923489248380065,4.241970236762427e-05,0.00013884433428756893,-2.4928287530201487e-05,9.97856623143889e-05,0.0005054555367678404,0.0006132004200480878,0.00042119540739804506,0.0006580345798283815,0.001276432885788381,0.0010805558413267136,9.248282731277868e-05,-0.00019164437253493816,0.0002775116008706391,0.00013609779125545174,-0.0005900568794459105,-0.0012109597446396947,-0.0016443685162812471,-0.0037343937437981367,-0.007112897466868162,-0.008751928806304932,-0.008347304537892342,-0.005731646437197924,-0.0013096994953230023,0.00251008290797472,0.005009172484278679,0.004765431862324476,0.0017866803100332618,0.0007320630829781294,0.0018260481301695108,0.001430118572898209,-0.0004078001365996897,-0.0003078376466874033,0.0017247434007003903,0.0016642817063257098,-0.0004895292222499847,-0.0007445731316693127
-0.0009818505495786667,-0.00012599445472005755,0.0003475029079709202,-0.0001163475462817587,-0.0009563039639033377,-0.0008695627329871058,0.0001222577557200566,0.00020647008204832673,-0.000638730707578361,-0.0005457255756482482,0.0004595326608978212,0.0005202855099923909,-0.0003851832007057965,-0.0003568052197806537,0.000598095590248704,0.0005789789720438421,-0.00040672963950783014,-0.00021352877956815064,0.0011371525470167398,0.0011034132912755013,-0.0003222523955628276,-0.0004668247129302472,0.0006790151237510145,0.00036371310125105083,-0.001334279659204185,-0.001563508529216051,-0.00024629614199511707,-0.0025408228393644094,-0.008121052756905556,-0.011522951535880566,-0.012442254461348057,-0.011820221319794655,-0.009949450381100178,-0.004385133273899555,0.0043261731043457985,0.0063529605977237225,0.001363406772725284,-0.00019355362746864557,0.001955656800419092,0.0014046469004824758,-0.001757364603690803,-0.0018775260541588068,0.0010757397394627333,0.0011748569086194038,-0.001593930646777153,-0.0018389804754406214
-0.0009360191761516035,0.0005691626574844122,0.0013597937067970634,0.000610428280197084,-0.0008137500262819231,-0.0007700442802160978,0.0007293926901184022,0.0007775945123285055,-0.0006294398917816579,-0.0006119584431871772,0.0008242453914135695,0.0008523034630343318,-0.0005281176418066025,-0.0005567316547967494,0.000754165172111243,0.000591874064411968,-0.001035973778925836,-0.0010653752833604813,0.0005175240221433342,0.0006065580528229475,-0.0007722280570305884,-0.0006281273672357202,0.0010206671431660652,0.000744818476960063,-0.0014731663977727294,-0.0017920350655913353,-0.00011023449042113498,-0.0016344026662409306,-0.006071339827030897,-0.008733413182199001,null,null,-0.01764633134007454,-0.011369056068360806,0.002832142636179924,0.0074529023841023445,0.001579434028826654,-8.347431139554828e-05,0.0026895885821431875,0.0020725743379443884,-0.001793492236174643,-0.002148333704099059,0.0010456435848027468,0.0011419937945902348,-0.0018480122089385986,-0.0020484006963670254
-0.0006839758134447038,0.0003222260857000947,0.0008898832020349801,0.00034504718496464193,-0.0006203949451446533,-0.0005526412278413773,0.0005386829725466669,0.0005562977748923004,-0.0005052659544162452,-0.0004747107741422951,0.0006423850427381694,0.0006523751653730869,-0.00044604981667362154,-0.0004030946583952755,0.0007852803682908416,0.000679517281241715,-0.0006989017128944397,-0.0009690274018794298,-0.00010687957546906546,-0.00018224284576717764,-0.0011946519371122122,-0.0008497328381054103,0.0008067353046499193,0.0008726440137252212,-0.0006181714124977589,-0.0012228741543367505,-0.0009104191558435559,-0.001669048797339201,-0.0032957466319203377,-0.003980171401053667,-0.0034796958789229393,-0.010191922076046467,-0.02069717086851597,-0.016876831650733948,-0.0015623868675902486,0.005350039340555668,0.0027355120982974768,0.0017727040685713291,0.002652274677529931,0.0018147784285247326,-0.0006012091762386262,-0.0009655138710513711,0.0007891195709817111,0.000611585914157331,-0.0014770047273486853,-0.0015166093362495303
-0.00042297763866372406,4.321844971855171e-05,0.0003063017502427101,2.0530444089672528e-05,-0.00048756905016489327,-0.00041205796878784895,0.0002355197793804109,0.00022151044686324894,-0.0004523673851508647,-0.00040589706622995436,0.00035469463909976184,0.0003339999821037054,-0.0004679200064856559,-0.00038686476182192564,0.0005652484833262861,0.0005821993690915406,-0.00033100065775215626,-0.0006129292887635529,-0.00021363126870710403,-0.0005050955223850906,-0.0014466657303273678,-0.0011415013577789068,0.0003551343397703022,0.0006034130929037929,-0.0004263740556780249,-0.0009148505632765591,-0.0007461961940862238,-0.001343151438049972,-0.0026302358601242304,-0.002769881160929799,-0.0017035627970471978,-0.006845975294709206,-0.017395397648215294,-0.016521601006388664,-0.004508297424763441,0.0026091511826962233,0.0037066880613565445,0.003506049746647477,0.00208524102345109,0.0010658649262040854,0.0006214006571099162,0.00040048276423476636,0.00044534506741911173,-6.79927397868596e-05,-0.0010469893459230661,-0.0009465668699704111
-0.0003321950207464397,9.36755386646837e-05,0.0003252913593314588,4.530889054876752e-05,-0.00046968497917987406,-0.0004348945803940296,0.00014436386118177325,0.00011979677947238088,-0.0005036736838519573,-0.00047057346091605723,0.00021383502462413162,0.0001947541895788163,-0.000523578142747283,-0.0004942595842294395,0.00027444088482297957,0.00029348660609684885,-0.0004380516184028238,-0.0005810547736473382,-0.00010505233512958512,-0.0003859841381199658,-0.0013733110390603542,-0.0011862998362630606,0.00013562411186285317,0.00017435669724363834,-0.0010893027065321803,-0.0012627526884898543,-0.00031068784301169217,-0.0009971056133508682,-0.0031691407784819603,-0.0034658967051655054,-0.0018051523948088288,-0.004230014979839325,-0.01023535430431366,-0.009883154183626175,-0.0032609272748231888,0.0017269745003432035,0.0041121370159089565,0.004133384209126234,0.0017839021747931838,0.0007349844672717154,0.0011877279030159116,0.0010511405998840928,0.00035454134922474623,-0.0002629509544931352,-0.0007116732886061072,-0.0005906579317525029
-0.00021697193733416498,0.00016978572239167988,0.00038111358298920095,0.00012895395047962666,-0.00033444989821873605,-0.0003474377444945276,8.955363591667265e-05,5.091617276775651e-05,-0.0004557233478408307,-0.0004634518991224468,2.9813949367962778e-05,1.7408296116627753e-05,-0.000496759545058012,-0.0004954743781127036,1.9515813619364053e-05,-2.2293999791145325e-05,-0.0006160804769024253,-0.0006821281858719885,-0.00020518447854556143,-0.00041903046076186,-0.0012801176635548472,-0.0011838620994240046,-0.00014309807738754898,-0.00025419352459721267,-0.0015011661453172565,-0.0015671689761802554,-0.00044203829020261765,-0.0013162253890186548,-0.004029605537652969,-0.004796446301043034,-0.003510145004838705,-0.003417292609810829,-0.004478307440876961,-0.003606110578402877,-0.0009531360119581223,0.0017232823884114623,0.0038966024294495583,0.0038681391160935163,0.0016476119635626674,0.0007001038757152855,0.0011726025259122252,0.0010040233610197902,0.00023309998505283147,-0.00026605272432789207,-0.00039791755261830986,-0.00027086285990662873
-0.0001251641515409574,0.00012352132762316614,0.0002607410424388945,0.00011525242734933272,-0.00014706453657709062,-0.00016428074741270393,6.379000114975497e-05,2.824517105182167e-05,-0.000268511357717216,-0.0003196935576852411,-0.00011748402175726369,-0.00015316496137529612,-0.0004192358173895627,-0.0004214513464830816,-0.0001576636714162305,-0.00023843326198402792,-0.000650295231025666,-0.0006932065589353442,-0.00036108720814809203,-0.0005410855519585311,-0.0012026780750602484,-0.0012217588955536485,-0.0005934890359640121,-0.0007717942935414612,-0.001717587118037045,-0.001701001776382327,-0.0007219953695312142,-0.00180047529283911,-0.004767882637679577,-0.005586646031588316,-0.004144818522036076,-0.002654788549989462,-0.001376045518554747,-0.00044706262997351587,4.6667813876410946e-05,0.0011135044042021036,0.0025811856612563133,0.002636066870763898,0.0012433878146111965,0.0006492393440566957,0.0009552343981340528,0.000680561235640198,-0.00013156826025806367,-0.00042697309982031584,-0.00015021256695035845,5.7407974964007735e-05
-0.00011837342026410624,-9.594496987119783e-06,5.0645605369936675e-05,-9.084816156246234e-06,-0.00011326485400786623,-0.00010524974641157314,1.6744581444072537e-05,2.9410484785330482e-05,-7.022805948508903e-05,-0.00012634291488211602,-0.00013276527170091867,-0.00019584126130212098,-0.0003068205260206014,-0.00032016480690799654,-0.00023368623806163669,-0.0003259866207372397,-0.0005796274053864181,-0.0006159011390991509,-0.0004260865389369428,-0.0005766840185970068,-0.001040633418597281,-0.001153223100118339,-0.0009042394231073558,-0.0011772087309509516,-0.0019252379424870014,-0.00191448163241148,-0.0011367598781362176,-0.0020985184237360954,-0.0046288319863379,-0.004968857392668724,-0.0030428210739046335,-0.0007702139555476606,0.001453377422876656,0.0016599736409261823,-0.00021510166698135436,-0.00042335703619755805,0.0010261314455419779,0.0013336141128093004,0.00045429958845488727,0.0002668460947461426,0.0008332318975590169,0.0006413533119484782,-0.0002993905218318105,-0.000540859648026526,-2.4098420908558182e-05,0.00024066826154012233
-0.00013124363613314927,-0.00011046148574678227,-9.770192264113575e-05,-0.00013306870823726058,-0.00019764543685596436,-0.00017724541248753667,-7.608952728332952e-05,-4.705461378762266e-06,2.751654938037973e-05,-3.071649601338322e-08,-7.920278585515916e-05,-0.0001502134691691026,-0.00019958330085501075,-0.00022791960509493947,-0.0002308327821083367,-0.0003297322546131909,-0.0005072574713267386,-0.0005436195060610771,-0.00043300935067236423,-0.000549656804651022,-0.000870303891133517,-0.000993881607428193,-0.0008946991874836385,-0.0012515507405623794,-0.0020032934844493866,-0.0020742984488606453,-0.0014601019211113453,-0.0021804082207381725,-0.004089056514203548,-0.003990193363279104,-0.0018820898840203881,0.0007956104818731546,0.0035724639892578125,0.003021405078470707,-0.0007902542711235583,-0.00173901894595474,0.0003231421287637204,0.0008643780602142215,-0.00020460429368540645,-0.00023844560200814158,0.000767274119425565,0.0008259323076345026,-4.934307071380317e-05,-0.000353216688381508,-3.962900518672541e-05,0.0002254816354252398
-8.899751264834777e-05,-0.00010045423550764099,-0.00010703798761824146,-0.00014788923726882786,-0.00022160673688631505,-0.00022515688033308834,-0.00015477721171919256,-7.516668119933456e-05,1.5423185004692641e-06,1.6465982071167673e-06,-7.592655310872942e-05,-0.00012305127165745944,-0.0001342100731562823,-0.00015326455468311906,-0.0001789190573617816,-0.0002748131810221821,-0.0004245881864335388,-0.0004773491236846894,-0.00042182073229923844,-0.0005221351748332381,-0.0007604787242598832,-0.0008508876780979335,-0.0007787275826558471,-0.0011085213627666235,-0.0017881455132737756,-0.0019414183916524053,-0.001536453841254115,-0.0021000944543629885,-0.003538401098921895,-0.00326955271884799,-0.0013484813971444964,0.0011631398228928447,0.003850226989015937,0.003169089788571,-0.0007696010870859027,-0.001901724492199719,-1.8129925592802465e-05,0.0005120905698277056,-0.0003966843360103667,-0.0003609824925661087,0.0006004350143484771,0.0006643077940680087,-0.00015797452942933887,-0.0005159391439519823,-0.0003454961406532675,1.6260619304375723e-05
2.6344461730332114e-05,1.019270894175861e-05,1.9221779439249076e-06,-3.8557511288672686e-05,-0.00011369991989340633,-0.0001542260288260877,-0.0001554769987706095,-0.00012333884660620242,-6.27080662525259e-05,-6.662503437837586e-05,-0.000130958273075521,-0.0001412783021805808,-9.315012721344829e-05,-7.859613106120378e-05,-9.957129805115983e-05,-0.00016754461103118956,-0.0002715169102884829,-0.0003363073628861457,-0.000352799630491063,-0.0004434046277310699,-0.0005919857067056,-0.0006776755326427519,-0.0006807999452576041,-0.0009009174536913633,-0.0012937200954183936,-0.0014639465371146798,-0.0013887936947867274,-0.0017790044657886028,-0.002567133167758584,-0.002376984804868698,-0.0012150737456977367,0.0005266196676529944,0.0025372139643877745,0.0021113199181854725,-0.0006771748303435743,-0.0015174841973930597,-0.00030986571800895035,0.00019246182637289166,-0.00012636087194550782,-7.81295748311095e-05,0.00035920747905038297,0.000592297874391079,0.0004917813348583877,-3.0418887035921216e-06,-0.0007788154180161655,-0.0007755780825391412
0.00013803817273583263,0.0001294500398216769,0.0001243962033186108,9.107714868150651e-05,3.148251926177181e-05,-3.409745841054246e-05,-9.414657688466832e-05,-0.00011364665988367051,-9.234127355739474e-05,-0.00011532432108651847,-0.00018078259017784148,-0.0001655558735365048,-7.192060729721561e-05,-2.6799429178936407e-05,-3.69186163879931e-05,-7.098892092471942e-05,-0.00012037958367727697,-0.00018547935178503394,-0.00025347061455249786,-0.00033288347185589373,-0.00040851699304766953,-0.0005075024091638625,-0.0006141330813989043,-0.0007434355211444199,-0.000868347764480859,-0.001019679824821651,-0.0011657881550490856,-0.0013671615161001682,-0.0015751440078020096,-0.001587150152772665,-0.0014230046654120088,-0.0004767155332956463,0.0010322999441996217,0.000877256621606648,-0.0008969363989308476,-0.001212051953189075,3.893447501468472e-05,0.0006212876760400832,0.00044286975753493607,0.0003680175868794322,0.0003917893045581877,0.0011768100084736943,0.0026443260721862316,0.0019097347976639867,-0.0009157955064438283,-0.0017520665423944592
0.0002068012545350939,0.0002118175762007013,0.00021492638916242868,0.0001900905481306836,0.00014463458501268178,7.65378717915155e-05,-1.844473786150047e-06,-4.8390342271886766e-05,-5.3828036470804363e-05,-9.269533620681614e-05,-0.00015788427845109254,-0.0001401434128638357,-4.258723129169084e-05,1.0167031177843455e-05,8.84873588802293e-06,2.776106157398317e-06,-8.75265868671704e-06,-5.303319630911574e-05,-0.00012418761616572738,-0.00020195863908156753,-0.0002716925519052893,-0.0003854628012049943,-0.0005226345383562148,-0.0006436195690184832,-0.0007241282728500664,-0.0008584147435612977,-0.0010205170838162303,-0.0011107426835224032,-0.001117484993301332,-0.0012156694428995252,-0.0013963949168100953,-0.0009124511852860451,0.00017085949366446584,7.107899727998301e-05,-0.0011853044852614403,-0.0012018298730254173,2.8997335903113708e-05,0.0006375032826326787,0.0005228326190263033,0.00047985013225115836,0.0004929908318445086,0.00118866260163486,0.0025178943760693073,0.0016714963130652905,-0.0012020948342978954,-0.0020069009624421597
0.0002607389760669321,0.0002797493361867964,0.0002898551756516099,0.00026831781724467874,0.00022945887758396566,0.00016164933913387358,7.724428724031895e-05,2.1801502953167073e-05,4.592686309479177e-06,-3.472751996014267e-05,-8.905115828383714e-05,-7.25324425729923e-05,1.1714108040905558e-05,6.0936905356356874e-05,6.586530798813328e-05,7.965775148477405e-05,0.00010161244426853955,8.123621955746785e-05,2.440697790007107e-05,-5.9012680139858276e-05,-0.00015436905960086733,-0.00026758224703371525,-0.00037801743019372225,-0.0005242170882411301,-0.0006818918045610189,-0.0008331850985996425,-0.0009521351894363761,-0.0009895827388390899,-0.0009339209063909948,-0.0009336506482213736,-0.0009798705577850342,-0.0007454906008206308,-0.00029581296257674694,-0.0004874028090853244,-0.0012937719002366066,-0.0013596867211163044,-0.0006776527152396739,-0.00017674853734206408,4.217025707475841e-05,0.00025636827922426164,0.0004502804367803037,0.0002932873903773725,-0.0002635816636029631,-0.00104999216273427,-0.0019175068009644747,-0.0016942517831921577
