earth/public/data/ocean/C53/ANN-ocevel-depthz-0m-gfs-1.0.json
{"header": {"discipline": 0, "disciplineName": "Meteorological products", "gribEdition": 2, "gribLength": 131138.0, "center": 0, "centerName": "Kiel Climate Model", "subcenter": 0, "refTime": "1", "significanceOfRT": 1, "significanceOfRTName": "Start of forecast", "productStatus": 0, "productStatusName": "Operational products", "productType": 1, "productTypeName": "Forecast products", "productDefinitionTemplate": 0, "productDefinitionTemplateName": "Analysis/forecast at horizontal level/layer at a point in time", "parameterCategory": 2, "parameterCategoryName": "Momentum", "parameterNumber": 2, "parameterNumberName": "V-component_of_wind", "parameterUnit": "m/s", "genProcessType": 2, "genProcessTypeName": "Forecast", "forecastTime": 0, "surface1Type": 103, "surface1TypeName": "Specified height level above ground", "surface1Value": 10, "surface2Type": 255, "surface2TypeName": "Missing", "surface2Value": 0, "gridDefinitionTemplate": 0, "gridDefinitionTemplateName": "Latitude_Longitude", "numberPoints": 65160, "shape": 6, "shapeName": "Earth spherical with radius of 6,371,229.0 m", "gridUnits": "degrees", "resolution": 48, "winds": "true", "scanMode": 0, "nx": 360.0, "ny": 180.0, "basicAngle": 0, "subDivisions": 0, "lo1": 0.0, "la1": -89.5, "lo2": 359.0, "la2": 89.5, "dx": 1.0, "dy": -1.0}, "data":
[rows 80 to 99 of 180, columns 270 to 314 of 360]
-0.0582299567759037,-0.059054773300886154,-0.05895751714706421,-0.05792098864912987,-0.05735354125499725,-0.05735614150762558,-0.05724068731069565,-0.05702332779765129,-0.05798809230327606,-0.0599050298333168,-0.060372404754161835,-0.05926267057657242,-0.05762972682714462,-0.05581696331501007,-0.05472142994403839,-0.05459706857800484,-0.054936766624450684,-0.05568985641002655,-0.05592026561498642,-0.055594656616449356,-0.05419088900089264,-0.0519636869430542,-0.049725309014320374,-0.0478806346654892,-0.04699380695819855,-0.04723218455910683,-0.04868510738015175,-0.051114268600940704,-0.05157799646258354,-0.05004444718360901,-0.04810654744505882,-0.046192266047000885,-0.044009625911712646,-0.042022570967674255,-0.041772205382585526,-0.04334915801882744,-0.03703160211443901,-0.023973874747753143,-0.007345556281507015,0.009794089943170547,0.020234979689121246,0.022296423092484474,0.02334774285554886,0.02358761802315712,null
-0.06449215859174728,-0.06590429693460464,-0.06644628196954727,-0.06601574271917343,-0.06570393592119217,-0.06553470343351364,-0.06594859063625336,-0.06680306047201157,-0.06817974150180817,-0.06991136819124222,-0.06974290311336517,-0.06791485100984573,-0.06541962921619415,-0.06271758675575256,-0.06113594397902489,-0.06088991463184357,-0.06113186478614807,-0.06180304288864136,-0.06196579709649086,-0.06157797574996948,-0.06021340936422348,-0.05811561644077301,-0.05587959289550781,-0.053917113691568375,-0.05282360315322876,-0.052812863141298294,-0.05363021045923233,-0.05515434965491295,-0.05458620935678482,-0.052045512944459915,-0.048819005489349365,-0.04548691585659981,-0.042211972177028656,-0.03957618027925491,-0.038462840020656586,-0.039084840565919876,-0.03247036412358284,-0.019851835444569588,-0.0027457159012556076,0.015761230140924454,0.022905580699443817,0.017307424917817116,0.014236768707633018,0.018036887049674988,null
-0.07356256991624832,-0.07517419755458832,-0.0765121579170227,-0.07735071331262589,-0.0774458572268486,-0.07681433111429214,-0.07797843217849731,-0.08081001043319702,-0.08198073506355286,-0.08128749579191208,-0.07916375249624252,-0.07588833570480347,-0.07259488105773926,-0.06981488317251205,-0.06800421327352524,-0.06751896440982819,-0.06756559014320374,-0.0681639090180397,-0.06821298599243164,-0.06772324442863464,-0.06636221706867218,-0.06439092010259628,-0.062032800167798996,-0.059728845953941345,-0.05814835801720619,-0.0575900636613369,-0.05730205401778221,-0.05733647570014,-0.05525334179401398,-0.05142475664615631,-0.04656970128417015,-0.04155747964978218,-0.03695295378565788,-0.03358455374836922,-0.0312659926712513,-0.03040812350809574,-0.023160867393016815,-0.010837429203093052,0.006178499665111303,0.024876045063138008,0.028965627774596214,0.017584294080734253,0.011384124867618084,0.02045634761452675,null
-0.0835646241903305,-0.08420390635728836,-0.08588564395904541,-0.08834721893072128,-0.08838024735450745,-0.08602593839168549,-0.08698331564664841,-0.09115137904882431,-0.09163232147693634,-0.08831269294023514,-0.08482300490140915,-0.0816774070262909,-0.07855736464262009,-0.07598845660686493,-0.07388915866613388,-0.07267773151397705,-0.07218004018068314,-0.07250703871250153,-0.07223833352327347,-0.07143399864435196,-0.06985649466514587,-0.06780795753002167,-0.06499872356653214,-0.06196378916501999,-0.059502869844436646,-0.05808907747268677,-0.056381870061159134,-0.05471225455403328,-0.05104838311672211,-0.04606102406978607,-0.039861999452114105,-0.03356407955288887,-0.027951495721936226,-0.024024028331041336,-0.020648041740059853,-0.01842232421040535,-0.010372152552008629,0.0020353670697659254,0.018145820125937462,0.034991901367902756,0.04000506550073624,0.031950972974300385,0.028946293517947197,0.03261413052678108,null
-0.09741538763046265,-0.0955062061548233,-0.09671717137098312,-0.10086208581924438,-0.09969741851091385,-0.09349428117275238,-0.09206641465425491,-0.09579819440841675,-0.09530612081289291,-0.0907561406493187,-0.0879320427775383,-0.0873473584651947,-0.08527353405952454,-0.08209218829870224,-0.07895583659410477,-0.07646029442548752,-0.0749509260058403,-0.07471057772636414,-0.07384227961301804,-0.0725085437297821,-0.07045215368270874,-0.0680476501584053,-0.0644988939166069,-0.06044220179319382,-0.056857530027627945,-0.054379332810640335,-0.051141586154699326,-0.047715719789266586,-0.042618654668331146,-0.036753736436367035,-0.02966262958943844,-0.022603467106819153,-0.01644538901746273,-0.012281199917197227,-0.00827738642692566,-0.005132570397108793,0.003430780256167054,0.01590084657073021,0.030713846907019615,0.04521651566028595,0.05290957912802696,0.05278567224740982,0.050347667187452316,0.04492844641208649,0.030874544754624367
-0.11583338677883148,-0.10976128280162811,-0.10960201174020767,-0.11542102694511414,-0.11212090402841568,-0.10029764473438263,-0.09482619911432266,-0.09667162597179413,-0.09458063542842865,-0.0889267697930336,-0.08740890026092529,-0.09032618999481201,-0.08949975669384003,-0.08508346974849701,-0.08053570240736008,-0.07666086405515671,-0.0740051120519638,-0.07303725928068161,-0.07145804166793823,-0.06955251097679138,-0.06696624308824539,-0.0641607791185379,-0.05990162491798401,-0.05494939163327217,-0.05035235360264778,-0.04693261906504631,-0.0424000509083271,-0.03755118325352669,-0.03151436150074005,-0.025346817448735237,-0.017993368208408356,-0.010761856101453304,-0.004626426845788956,-0.0006819692789576948,0.0033165374770760536,0.006674087140709162,0.015018923208117485,0.026872849091887474,0.04006005451083183,0.05220406875014305,0.0601135790348053,0.06239430233836174,0.05628327280282974,0.04291554167866707,0.025342075154185295
-0.12579280138015747,-0.11504151672124863,-0.11351977288722992,-0.12140828371047974,-0.11648337543010712,-0.09951049834489822,-0.09066606312990189,-0.09138137847185135,-0.08756542950868607,-0.0798657163977623,-0.07910452038049698,-0.08546480536460876,-0.08585520833730698,-0.08019880950450897,-0.07443898916244507,-0.06960462033748627,-0.06593500077724457,-0.064092256128788,-0.0617426298558712,-0.05932117998600006,-0.05635717138648033,-0.05338030308485031,-0.04887780174612999,-0.04362943023443222,-0.03870927542448044,-0.03494764491915703,-0.03008241020143032,-0.024915583431720734,-0.01908181607723236,-0.013559339568018913,-0.006954628974199295,-0.0003950963437091559,0.004940972197800875,0.00813981145620346,0.011347636580467224,0.014017535373568535,0.021051421761512756,0.031225698068737984,0.042010609060525894,0.05148756876587868,0.056431762874126434,0.055961932986974716,0.04640384390950203,0.029499322175979614,0.009903468191623688
-0.1066334992647171,-0.09310480207204819,-0.09152694046497345,-0.10211234539747238,-0.09777210652828217,-0.07918129116296768,-0.07017146795988083,-0.07221917062997818,-0.06810940057039261,-0.05845637619495392,-0.05818197503685951,-0.06727951020002365,-0.0689723864197731,-0.0629461258649826,-0.057078469544649124,-0.05232200026512146,-0.04835321009159088,-0.04580789804458618,-0.04297773912549019,-0.04032238945364952,-0.03740458935499191,-0.034714676439762115,-0.030775872990489006,-0.02626064419746399,-0.022071629762649536,-0.01893155835568905,-0.014985216781497002,-0.010925688780844212,-0.006551182363182306,-0.0026445314288139343,0.0021648178808391094,0.007009455934166908,0.010798788629472256,0.012842393480241299,0.014833862893283367,0.01638306863605976,0.021461185067892075,0.02911141701042652,0.03694424778223038,0.04352710768580437,0.04526730626821518,0.04181130602955818,0.02934596873819828,0.010025303810834885,-0.009615750052034855
-0.05125924199819565,-0.0373041108250618,-0.03713720291852951,-0.050786666572093964,-0.04950081557035446,-0.033459365367889404,-0.027262873947620392,-0.0320327952504158,-0.030242344364523888,-0.022089125588536263,-0.02368357591331005,-0.03457611799240112,-0.03801224008202553,-0.03331746906042099,-0.029111916199326515,-0.026100849732756615,-0.02321016788482666,-0.020904839038848877,-0.018382292240858078,-0.016065429896116257,-0.013783742673695087,-0.011938879266381264,-0.009348895400762558,-0.00647743558511138,-0.003932242281734943,-0.0021669042762368917,5.364010576158762e-05,0.0023246181663125753,0.004701156634837389,0.006729441229254007,0.009387330152094364,0.012160384096205235,0.0141808046028018,0.015060897916555405,0.01591695100069046,0.01659146323800087,0.01978139765560627,0.024897059425711632,0.02977265603840351,0.033494219183921814,0.03271155431866646,0.02750796265900135,0.014021466486155987,-0.005398265086114407,-0.023307278752326965
0.015909714624285698,0.030227448791265488,0.028713509440422058,0.011605918407440186,0.008976447395980358,0.021229419857263565,0.023874789476394653,0.01637311466038227,0.014324765652418137,0.017986156046390533,0.013222246430814266,0.0007735571707598865,-0.004611421376466751,-0.002011989476159215,-0.0003528292290866375,-1.4843496501271147e-05,0.0008535095257684588,0.0020505948923528194,0.003637076588347554,0.005305245518684387,0.006705281790345907,0.0075576589442789555,0.008697310462594032,0.009876618161797523,0.010723801329731941,0.011038840748369694,0.01166584063321352,0.01244805846363306,0.01326149981468916,0.013916040770709515,0.01498950831592083,0.016245774924755096,0.016930220648646355,0.016888165846467018,0.01691434718668461,0.0169888436794281,0.018854254856705666,0.02213568426668644,0.02492455206811428,0.026636146008968353,0.024704379960894585,0.019407818093895912,0.00684531731531024,-0.0107106389477849,-0.025868766009807587
0.07092870771884918,0.08724343031644821,0.0842641070485115,0.06255965679883957,0.056060872972011566,0.06601124256849289,0.06492908298969269,0.0531301312148571,0.04768703132867813,0.04958757758140564,0.04298815131187439,0.02893626131117344,0.022256411612033844,0.024111628532409668,0.02391950972378254,0.02168235182762146,0.020243896171450615,0.019921094179153442,0.02034846507012844,0.021478455513715744,0.022105898708105087,0.02212860994040966,0.0220602136105299,0.02193652093410492,0.021347180008888245,0.020427195355296135,0.019811613485217094,0.019631456583738327,0.01945643126964569,0.01932338997721672,0.019462723284959793,0.01985001191496849,0.019581954926252365,0.018719928339123726,0.017939087003469467,0.017405064776539803,0.018331129103899002,0.020559804514050484,0.0225259717553854,0.023837530985474586,0.022559914737939835,0.018832307308912277,0.008691835217177868,-0.006122989114373922,-0.017597639933228493
0.10515867918729782,0.12564131617546082,0.12182644009590149,0.09430409967899323,0.08468281477689743,0.09456935524940491,0.090667225420475,0.07340853661298752,0.06724414229393005,0.07300888746976852,0.06695384532213211,0.05019896477460861,0.04248183220624924,0.045310746878385544,0.044533777981996536,0.04023393616080284,0.03656860068440437,0.03414348512887955,0.03316916525363922,0.033828556537628174,0.03374600037932396,0.03293216973543167,0.031791459769010544,0.03051215223968029,0.02864115685224533,0.02649475634098053,0.02485845983028412,0.024007072672247887,0.0232946015894413,0.022816091775894165,0.022609183564782143,0.0226618479937315,0.02182495780289173,0.02020171657204628,0.01864275150001049,0.017402848228812218,0.01763029582798481,0.0192648284137249,0.021415049210190773,0.02367280423641205,0.024551451206207275,0.023891476914286613,0.017091402783989906,0.005435409024357796,-0.0026692321989685297
0.11269678175449371,0.13531221449375153,0.13127094507217407,0.10136079788208008,0.0911211296916008,0.10220996290445328,0.09815084934234619,0.07962161302566528,0.07540444284677505,0.08634023368358612,0.08232349902391434,0.0639788880944252,0.055555835366249084,0.058411791920661926,0.05701619014143944,0.05175761505961418,0.04632024094462395,0.041669540107250214,0.039310261607170105,0.039629075676202774,0.03902248293161392,0.037567928433418274,0.035656604915857315,0.033598802983760834,0.03076224774122238,0.027626769617199898,0.025275496765971184,0.02410835586488247,0.02330666407942772,0.02300073206424713,0.02309712953865528,0.023561744019389153,0.022819772362709045,0.02097451128065586,0.018973272293806076,0.017153127118945122,0.01682961918413639,0.018059805035591125,0.020669858902692795,0.024206724017858505,0.027585286647081375,0.030231889337301254,0.02718689851462841,0.01896664686501026,0.01110356580466032
0.09617576003074646,0.11486726254224777,0.11130914092063904,0.0860559344291687,0.0782814770936966,0.08941420912742615,0.08714369684457779,0.07196567207574844,0.0704813227057457,0.08300390839576721,0.0817050114274025,0.0668749138712883,0.059148527681827545,0.05990298092365265,0.05747692286968231,0.05220736563205719,0.04612751305103302,0.04027092456817627,0.037225786596536636,0.03750455006957054,0.036811601370573044,0.03526568412780762,0.0332607664167881,0.031139956787228584,0.0280618779361248,0.0245602335780859,0.02194908820092678,0.020702915266156197,0.02001243457198143,0.02003307454288006,0.020704111084342003,0.02193971909582615,0.02183288335800171,0.02042282186448574,0.018516208976507187,0.01645166054368019,0.015772748738527298,0.016595125198364258,0.019368400797247887,0.02361465059220791,0.028499368578195572,0.03321703523397446,0.03297373652458191,0.027972524985671043,0.018506336957216263
0.07160720229148865,0.08412341773509979,0.08173229545354843,0.06486591696739197,0.060737237334251404,0.07009696960449219,0.06922905892133713,0.05827180668711662,0.058300405740737915,0.06934806704521179,0.07023220509290695,0.06088853254914284,0.0551484189927578,0.05408024787902832,0.05098366737365723,0.04640579968690872,0.04070204496383667,0.03489804267883301,0.031851876527071,0.0321246013045311,0.03156372532248497,0.030283039435744286,0.028662683442234993,0.026997743174433708,0.024235926568508148,0.02087402530014515,0.01817825809121132,0.016640260815620422,0.015756918117403984,0.015700560063123703,0.016586145386099815,0.018263503909111023,0.018793251365423203,0.01807747408747673,0.016633441671729088,0.014708145521581173,0.013882269151508808,0.0142891276627779,0.016864417120814323,0.02112928405404091,0.026478808373212814,0.03191981092095375,0.033251501619815826,0.03019022010266781,0.021632786840200424
0.04920559376478195,0.05693034455180168,0.05624203383922577,0.047281477600336075,0.046259693801403046,0.05342914164066315,0.05375006049871445,0.04714607819914818,0.047843463718891144,0.055735938251018524,0.05679994076490402,0.050930604338645935,0.04666528105735779,0.04484342783689499,0.04195218160748482,0.038515105843544006,0.03375662863254547,0.02854657731950283,0.025651326403021812,0.025603460147976875,0.024923473596572876,0.023760614916682243,0.022504055872559547,0.021406041458249092,0.01921786740422249,0.016333257779479027,0.0136856185272336,0.01173401065170765,0.010427573695778847,0.009989307262003422,0.010680723935365677,0.012383782304823399,0.013318502344191074,0.013332891277968884,0.012586336582899094,0.011212958954274654,0.010539988987147808,0.010680207051336765,0.01297686342149973,0.01701599359512329,0.02249188907444477,0.028411824256181717,0.030936812981963158,0.029575996100902557,0.02417072281241417
0.03321320563554764,0.038073740899562836,0.038788072764873505,0.03524834290146828,0.03609650582075119,0.04125458002090454,0.04257597401738167,0.039898503571748734,0.04076579213142395,0.04502313956618309,0.045139141380786896,0.04101947695016861,0.037567052990198135,0.03537856787443161,0.032809287309646606,0.030328113585710526,0.02649994194507599,0.022026734426617622,0.019229739904403687,0.018607979640364647,0.017486438155174255,0.01606338657438755,0.014950457960367203,0.014343262650072575,0.012912485748529434,0.010902658104896545,0.00866689346730709,0.006592297926545143,0.004988434258848429,0.00414037611335516,0.004436307121068239,0.005829292815178633,0.006939265411347151,0.0075708841904997826,0.007695004343986511,0.007281071972101927,0.0069903121329844,0.006873651873320341,0.008710852824151516,0.01219987589865923,0.01767643913626671,0.024179566651582718,0.02846688963472843,0.02976716309785843,0.026281999424099922
0.023425083607435226,0.026783108711242676,0.02815433032810688,0.02735004387795925,0.02880743145942688,0.03225879371166229,0.03421374410390854,0.034260328859090805,0.03527311980724335,0.037046167999506,0.03632492944598198,0.03325721621513367,0.03033456951379776,0.028119027614593506,0.025872141122817993,0.024001561105251312,0.02104569971561432,0.017536239698529243,0.014967048540711403,0.013795319944620132,0.012158145196735859,0.010348208248615265,0.00925309956073761,0.009078450500965118,0.008505016565322876,0.007652058731764555,0.006174749694764614,0.004343835636973381,0.0026973832864314318,0.001521566417068243,0.0013782179448753595,0.0022809121292084455,0.003432136494666338,0.004614137578755617,0.005880742333829403,0.006975404918193817,0.007280973717570305,0.006722257472574711,0.007296196185052395,0.008963286876678467,0.013445314019918442,0.020017322152853012,0.02690093405544758,0.03273622691631317,0.030177364125847816
0.020162301138043404,0.022051962092518806,0.02312564291059971,0.023209702223539352,0.024626700207591057,0.02714572660624981,0.029341651126742363,0.030890805646777153,0.031904563307762146,0.032253850251436234,0.031069550663232803,0.028555724769830704,0.026159046217799187,0.024295782670378685,0.022635458037257195,0.021439623087644577,0.019569724798202515,0.017337018623948097,0.015248636715114117,0.01367203053086996,0.01167776994407177,0.009618372656404972,0.008527771569788456,0.008602146059274673,0.008795509114861488,0.009077033959329128,0.008551997132599354,0.0073023163713514805,0.0058998302556574345,0.0045846267603337765,0.004056187812238932,0.004416326526552439,0.005695049185305834,0.007654386572539806,0.010786996223032475,0.014465432614088058,0.01624171994626522,0.015695074573159218,0.014839645475149155,0.01371605321764946,0.015361611731350422,0.019571516662836075,0.028097230941057205,0.03970552608370781,0.038190677762031555
0.021483084186911583,0.022126706317067146,0.022559328004717827,0.02265777625143528,0.023892752826213837,0.026019347831606865,0.028193112462759018,0.02998921275138855,0.03076581098139286,0.030347516760230064,0.028816211968660355,0.026434825733304024,0.024394385516643524,0.02309342846274376,0.022113915532827377,0.021687742322683334,0.02081329934298992,0.019716909155249596,0.018101869150996208,0.01629331335425377,0.014125728979706764,0.011987153440713882,0.010881616733968258,0.011010068468749523,0.011662258766591549,0.01274405512958765,0.012985252775251865,0.012390612624585629,0.01132126897573471,0.00999616738408804,0.009212062694132328,0.009094842709600925,0.010540736839175224,0.013298407196998596,0.018272988498210907,0.02468637190759182,0.028233002871274948,0.02840530499815941,0.026911508291959763,0.024030031636357307,0.022595707327127457,0.022658932954072952,0.030934209004044533,0.0457838699221611,0.04518689215183258
