earth/public/data/ocean/C53/ANN-ocevel-depthz-500m-gfs-1.0.json
{"header": {"discipline": 0, "disciplineName": "Meteorological products", "gribEdition": 2, "gribLength": 131138.0, "center": 0, "centerName": "Kiel Climate Model", "subcenter": 0, "refTime": "1", "significanceOfRT": 1, "significanceOfRTName": "Start of forecast", "productStatus": 0, "productStatusName": "Operational products", "productType": 1, "productTypeName": "Forecast products", "productDefinitionTemplate": 0, "productDefinitionTemplateName": "Analysis/forecast at horizontal level/layer at a point in time", "parameterCategory": 2, "parameterCategoryName": "Momentum", "parameterNumber": 2, "parameterNumberName": "U-component_of_wind", "parameterUnit": "m/s", "genProcessType": 2, "genProcessTypeName": "Forecast", "forecastTime": 0, "surface1Type": 103, "surface1TypeName": "Specified height level above ground", "surface1Value": 10, "surface2Type": 255, "surface2TypeName": "Missing", "surface2Value": 0, "gridDefinitionTemplate": 0, "gridDefinitionTemplateName": "Latitude_Longitude", "numberPoints": 65160, "shape": 6, "shapeName": "Earth spherical with radius of 6,371,229.0 m", "gridUnits": "degrees", "resolution": 48, "winds": "true", "scanMode": 0, "nx": 360.0, "ny": 180.0, "basicAngle": 0, "subDivisions": 0, "lo1": 0.0, "la1": -89.5, "lo2": 359.0, "la2": 89.5, "dx": 1.0, "dy": -1.0}, "data":
[rows 42 to 62 of 180, columns 94 to 140 of 360]
0.030392739921808243,0.02973482571542263,0.028316650539636612,0.027782130986452103,0.028312020003795624,0.027343880385160446,0.025136174634099007,0.02599569596350193,0.03015858307480812,0.03239735588431358,null,null,null,null,null,null,null,null,0.02828185074031353,0.034249383956193924,0.046571169048547745,0.04488951712846756,0.034155432134866714,0.029158858582377434,0.027132513001561165,0.022081885486841202,0.014216279610991478,0.009923885576426983,0.01089431531727314,0.01099688932299614,null,null,null,null,null,null,null,null,null,null,0.04968947917222977,0.04705170542001724,0.04952310770750046,0.05107292905449867,0.05200345441699028,0.05058003216981888,0.04859315976500511
0.031198330223560333,0.03008931502699852,0.027887342497706413,0.026823462918400764,0.02702994830906391,0.02541840448975563,0.02220805734395981,0.021508079022169113,0.023261303082108498,0.024216165766119957,null,null,null,null,null,null,null,null,0.06452538818120956,0.05885729566216469,0.04793668910861015,0.03961576893925667,0.03448615223169327,0.029480431228876114,0.0261198990046978,0.022503133863210678,0.019635073840618134,0.014996662735939026,0.00907064974308014,0.006045275367796421,null,null,null,null,null,null,0.03993797302246094,0.05099030211567879,0.0717134177684784,0.07810647785663605,0.0720246210694313,0.06972034275531769,0.070926733314991,0.07022980600595474,0.06749001890420914,0.06376592814922333,0.059300705790519714
0.033467527478933334,0.03200320526957512,0.02931792289018631,0.027711620554327965,0.027497371658682823,0.025429222732782364,0.021878600120544434,0.019608503207564354,0.019085142761468887,0.01908443495631218,null,null,null,null,null,null,null,null,0.07785103470087051,0.06885489821434021,0.0493958443403244,0.037280406802892685,0.03436504676938057,0.031071839854121208,0.02835124172270298,0.02611190266907215,0.024899613112211227,0.02045917883515358,0.013207350857555866,0.011674235574901104,null,null,null,null,null,null,0.030682194977998734,0.04043382406234741,0.058297231793403625,0.07093138247728348,0.0759086087346077,0.08100985735654831,0.08465816080570221,0.0849376767873764,0.08138339966535568,0.07576397806406021,0.06895437836647034
0.039517756551504135,0.038110751658678055,0.03556961193680763,0.03382966294884682,0.03317144140601158,0.031153198331594467,0.028146594762802124,0.02568102441728115,0.024091817438602448,0.024192551150918007,0.026237864047288895,0.028010036796331406,0.028171023353934288,0.03360317647457123,0.04341030865907669,0.05141226202249527,0.05748038366436958,0.06034236401319504,0.059931546449661255,0.0546702966094017,0.04563472419977188,0.038484539836645126,0.03469105809926987,0.03041164204478264,0.025635939091444016,0.02350965142250061,0.02403254248201847,0.0230985376983881,0.021387776359915733,0.02283434011042118,0.02903582900762558,0.03204988315701485,0.02937321551144123,0.0294155552983284,0.03178196772933006,0.030222494155168533,0.025563279166817665,0.0319877527654171,0.04637303575873375,0.058526936918497086,0.06666053086519241,0.07367904484272003,0.07974779605865479,0.08221228420734406,0.0813978910446167,0.07818124443292618,0.07317448407411575
0.04657544195652008,0.04528823122382164,0.04303395003080368,0.041317928582429886,0.04046696424484253,0.038477931171655655,0.03571236506104469,0.03354831039905548,0.032438717782497406,0.032181087881326675,0.0328456349670887,0.03593269735574722,0.04111715406179428,0.04762392118573189,0.054386530071496964,0.05851900205016136,0.05880211293697357,0.055542539805173874,0.04893147945404053,0.043121691793203354,0.03906417265534401,0.03612558916211128,0.0350152924656868,0.03321873024106026,0.03149928152561188,0.03118811547756195,0.032589998096227646,0.03291703015565872,0.03199003264307976,0.03130129724740982,0.03059995174407959,0.03163629025220871,0.0342525951564312,0.03607866168022156,0.036991629749536514,0.03617216274142265,0.03397070989012718,0.040789201855659485,0.05581054463982582,0.06563236564397812,0.06817854940891266,0.07077214121818542,0.07214964181184769,0.07339577376842499,0.0739247053861618,0.07299067080020905,0.07088295370340347
0.049547068774700165,0.04860129579901695,0.04676232114434242,0.04551895707845688,0.04504045099020004,0.04359430819749832,0.04136110842227936,0.040214017033576965,0.04026699811220169,0.041286468505859375,0.04291693493723869,0.04802859574556351,0.055621448904275894,0.062499381601810455,0.0674721971154213,0.06791849434375763,0.06384777277708054,0.056898944079875946,0.048492953181266785,0.04154428094625473,0.0373835563659668,0.035249412059783936,0.035583045333623886,0.036005571484565735,0.03654066473245621,0.03781161084771156,0.03959580510854721,0.04037521034479141,0.03981985151767731,0.0384785421192646,0.036317937076091766,0.03843812271952629,0.04432010278105736,0.0482114739716053,0.04930095002055168,0.049827441573143005,0.04969274625182152,0.056112341582775116,0.06840209662914276,0.0735485628247261,0.07103408128023148,0.06884895265102386,0.06732258200645447,0.06682141125202179,0.06734203547239304,0.06708110868930817,0.06610354036092758
0.051771774888038635,0.05147881805896759,0.050459958612918854,0.05002728849649429,0.05028817802667618,0.05013787001371384,0.04962697997689247,0.049836330115795135,0.05077459663152695,0.053395017981529236,0.05743226036429405,0.06242770701646805,0.06767897307872772,0.07175002247095108,0.07416505366563797,0.07220740616321564,0.06635552644729614,0.05863959342241287,0.05015868693590164,0.044116534292697906,0.041295092552900314,0.0400463342666626,0.04032135382294655,0.0411863811314106,0.042149078100919724,0.044010747224092484,0.04632078856229782,0.04884191229939461,0.05135386437177658,0.053425755351781845,0.05490296334028244,0.05882643163204193,0.06456559896469116,0.06976675242185593,0.07356248795986176,0.07452432811260223,0.07241804897785187,0.07203276455402374,0.0731813982129097,0.07115816324949265,0.06630244106054306,0.06303070485591888,0.06228351965546608,0.062043312937021255,0.06256631761789322,0.06254133582115173,0.061890579760074615
0.05572698637843132,0.0560574010014534,0.0558624230325222,0.056114159524440765,0.056794967502355576,0.05783800408244133,0.05911269411444664,0.06047284975647926,0.061719030141830444,0.06501157581806183,0.069710873067379,0.07368424534797668,0.07607397437095642,0.07617482542991638,0.07364372164011002,0.06874306499958038,0.06215072050690651,0.05500450357794762,0.048750028014183044,0.04500754177570343,0.04470689594745636,0.045557767152786255,0.04762823507189751,0.05041002482175827,0.05363191291689873,0.05657763034105301,0.058815229684114456,0.06203030049800873,0.06558842211961746,0.07009632885456085,0.07478953152894974,0.08015196025371552,0.08525935560464859,0.09142597019672394,0.09755612909793854,0.09921449422836304,0.0961613804101944,0.09010268747806549,0.08191408216953278,0.07284653186798096,0.06415913254022598,0.05827975645661354,0.05599959194660187,0.05508509650826454,0.05558452382683754,0.05615774914622307,0.05676541477441788
0.05917106196284294,0.05988459289073944,0.060192763805389404,0.06083173677325249,0.06165478378534317,0.06327707320451736,0.0653749480843544,0.06728729605674744,0.06863062083721161,0.07132866978645325,0.07493999600410461,0.07731148600578308,0.07811938226222992,0.07587208598852158,0.07100925594568253,0.06493040174245834,0.058706134557724,0.05304999649524689,0.04891091585159302,0.047347038984298706,0.04856201261281967,0.05085114389657974,0.05380309373140335,0.05772271379828453,0.06195950135588646,0.06553585827350616,0.06780961155891418,0.07079783082008362,0.07394169270992279,0.07882765680551529,0.08456520736217499,0.09016961604356766,0.09463594108819962,0.1002102866768837,0.10599439591169357,0.1070595309138298,0.1033637523651123,0.09547023475170135,0.0848662480711937,0.07385063171386719,0.06433184444904327,0.05740846320986748,0.05421968549489975,0.052482422441244125,0.05251917988061905,0.0528937429189682,0.05363296717405319
0.06316713988780975,0.06421387940645218,0.06508701294660568,0.06612292677164078,0.06715459376573563,0.06899715214967728,0.07135873287916183,0.07341928780078888,0.07487719506025314,0.07647737115621567,0.07796427607536316,0.07824363559484482,0.07729516178369522,0.07416067272424698,0.06946169584989548,0.064180389046669,0.05924852564930916,0.05534319952130318,0.05312110856175423,0.05317364260554314,0.055461522191762924,0.058277860283851624,0.06101773679256439,0.06456509977579117,0.068165622651577,0.07146058231592178,0.07387196272611618,0.07624638825654984,0.07828646153211594,0.08166665583848953,0.0860062763094902,0.08973650634288788,0.0924256220459938,0.09569711238145828,0.09899776428937912,0.09835568815469742,0.09374172985553741,0.08591670542955399,0.07615408301353455,0.06673405319452286,0.059379320591688156,0.05388190597295761,0.05134424567222595,0.04950515553355217,0.04869673401117325,0.04804372414946556,0.04756731539964676
0.06744904816150665,0.06875616312026978,0.07007744908332825,0.07141651213169098,0.07253912091255188,0.07441207766532898,0.07668038457632065,0.07856784015893936,0.07969403266906738,0.08004054427146912,0.07945985347032547,0.07751288264989853,0.07441569864749908,0.07016691565513611,0.06545636057853699,0.061097774654626846,0.05794673413038254,0.05602702125906944,0.05582050234079361,0.057620227336883545,0.061209388077259064,0.06496147811412811,0.06828228384256363,0.07193850725889206,0.07531257718801498,0.07823343575000763,0.0801408663392067,0.0813104659318924,0.08141075074672699,0.08225604891777039,0.08346092700958252,0.08423235267400742,0.08416950702667236,0.08495516330003738,0.08628962934017181,0.08458235114812851,0.08013793081045151,0.07303815335035324,0.06467106938362122,0.056802745908498764,0.050948210060596466,0.04642393812537193,0.04406922310590744,0.042138345539569855,0.04097800701856613,0.039726633578538895,0.03861432522535324
0.06745107471942902,0.06877204775810242,0.07018662244081497,0.07155412435531616,0.07263083010911942,0.07423929870128632,0.07611270248889923,0.07751566171646118,0.07822928577661514,0.07791341841220856,0.07664132863283157,0.07391095906496048,0.07019950449466705,0.06573951989412308,0.06129123270511627,0.057816341519355774,0.05587584525346756,0.05525490641593933,0.05600247159600258,0.05847420170903206,0.06222929432988167,0.06595982611179352,0.06907878071069717,0.07223040610551834,0.07496533542871475,0.07705381512641907,0.07821308821439743,0.07836482673883438,0.07751684635877609,0.07672391831874847,0.0761466920375824,0.0748794823884964,0.0732010155916214,0.07217353582382202,0.07210173457860947,0.06966518610715866,0.06541159003973007,0.05912115052342415,0.05191213637590408,0.04539714381098747,0.040640100836753845,0.036946628242731094,0.03487909585237503,0.033115413039922714,0.031946562230587006,0.0305778868496418,0.02927858941257
0.06086043640971184,0.06192029267549515,0.06309621036052704,0.06418881565332413,0.06502798944711685,0.06608337163925171,0.06717856228351593,0.06785577535629272,0.06800533086061478,0.0672445073723793,0.06573677062988281,0.06323840469121933,0.06021978706121445,0.05679689347743988,0.05357004702091217,0.05141611024737358,0.050715360790491104,0.05098253861069679,0.05220504850149155,0.05442361533641815,0.057250287383794785,0.0597401037812233,0.06138502061367035,0.06286806613206863,0.06384269893169403,0.06434555351734161,0.0642668753862381,0.06344368308782578,0.06207898631691933,0.06056315451860428,0.05923737958073616,0.05721716582775116,0.05485503375530243,0.05260477960109711,0.050746459513902664,0.04739002883434296,0.04300595074892044,0.03757769986987114,0.032029446214437485,0.027342787012457848,0.024414487183094025,0.022045688703656197,0.020757514983415604,0.019479801878333092,0.018450407311320305,0.017195459455251694,0.015871619805693626
0.05266791209578514,0.053368695080280304,0.05411873012781143,0.05481093376874924,0.05528600513935089,0.055720191448926926,0.05599345266819,0.0558856725692749,0.055366795510053635,0.05405038222670555,0.05213478207588196,0.049797359853982925,0.04746619239449501,0.04517728090286255,0.043419476598501205,0.042636480182409286,0.043052803725004196,0.04404977709054947,0.0454741008579731,0.047371622174978256,0.0493733175098896,0.05086597427725792,0.05154230818152428,0.05169514939188957,0.05124996230006218,0.05024778097867966,0.048792168498039246,0.046759363263845444,0.04443023353815079,0.041902896016836166,0.03955480083823204,0.036846667528152466,0.034237347543239594,0.03133228421211243,0.028670864179730415,0.025009626522660255,0.02104935050010681,0.016759512946009636,0.013008304871618748,0.009953525848686695,0.008226566947996616,0.006784516852349043,0.0059083085507154465,0.005092143081128597,0.004508557263761759,0.0036819814704358578,0.0028138572815805674
0.04302233085036278,0.043352946639060974,0.043715473264455795,0.04399111866950989,0.044159434735774994,0.044162675738334656,0.04402444511651993,0.04351777955889702,0.04274557903409004,0.041278887540102005,0.03936615213751793,0.037318721413612366,0.03546800836920738,0.03395005688071251,0.03299673646688461,0.032906945794820786,0.03367413580417633,0.03475801274180412,0.035976309329271317,0.03728759288787842,0.03851824626326561,0.039122141897678375,0.039088234305381775,0.03840982913970947,0.03728947415947914,0.03560355305671692,0.033683545887470245,0.031294725835323334,0.028836632147431374,0.026179997250437737,0.02374536544084549,0.021136416122317314,0.018778935074806213,0.016128594055771828,0.013639879412949085,0.010509318672120571,0.007260802201926708,0.004101094324141741,0.0015216802712529898,-0.000436329806689173,-0.0015071334782987833,-0.002356089185923338,-0.002899961778894067,-0.0033472725190222263,-0.0036484356969594955,-0.00409956369549036,-0.00462436443194747
0.03201216831803322,0.032042086124420166,0.032038331031799316,0.03198763728141785,0.0318695530295372,0.031606655567884445,0.031222542747855186,0.03059721551835537,0.029833581298589706,0.028567397966980934,0.027047106996178627,0.025449004024267197,0.024104496464133263,0.023071913048624992,0.022583117708563805,0.022744985297322273,0.023550963029265404,0.024471983313560486,0.025325780734419823,0.025924287736415863,0.02609388716518879,0.02561138942837715,0.024465758353471756,0.022916099056601524,0.021164966747164726,0.019204571843147278,0.017366396263241768,0.015360241755843163,0.01358565129339695,0.011616261675953865,0.009872621856629848,0.007797908037900925,0.0058179087936878204,0.0034689074382185936,0.0012053890386596322,-0.0014268432278186083,-0.0039038988761603832,-0.006150525063276291,-0.007675237022340298,-0.008641052059829235,-0.008782168850302696,-0.00884880032390356,-0.00875771138817072,-0.008855839259922504,-0.00909359846264124,-0.009481692686676979,-0.009943829849362373
0.01939595676958561,0.019150424748659134,0.01888132467865944,0.018550734966993332,0.018231501802802086,0.017745384946465492,0.017190394923090935,0.01644505187869072,0.01565227098762989,0.014553430490195751,0.013341191224753857,0.012203472666442394,0.011318227276206017,0.0107598677277565,0.010602186433970928,0.010866343043744564,0.011511688120663166,0.012076009064912796,0.01249594334512949,0.012477817013859749,0.01205355767160654,0.010991355404257774,0.009473410435020924,0.007629090454429388,0.005759167484939098,0.0038008238188922405,0.002084858249872923,0.0003760945110116154,-0.001025054487399757,-0.0024936036206781864,-0.0037759514525532722,-0.005275494419038296,-0.006758168339729309,-0.008468125015497208,-0.01016389299184084,-0.011929634027183056,-0.013530287891626358,-0.014787823893129826,-0.015540454536676407,-0.015830952674150467,-0.015618622303009033,-0.015360520221292973,-0.015081655234098434,-0.014994393102824688,-0.015110946260392666,-0.015320558100938797,-0.015606429427862167
0.0007792791584506631,0.0004347318899817765,5.896111542824656e-05,-0.000336741388309747,-0.0007045406382530928,-0.0011953889625146985,-0.0017449941951781511,-0.0024121452588588,-0.0031071144621819258,-0.00393283786252141,-0.004761559888720512,-0.005475205834954977,-0.005931188818067312,-0.006238280795514584,-0.006304777227342129,-0.0062603116966784,-0.006099362391978502,-0.006097709760069847,-0.006275042425841093,-0.006718768738210201,-0.00736007746309042,-0.008362957276403904,-0.00952491257339716,-0.010911175049841404,-0.012246942147612572,-0.013678369112312794,-0.014957663603127003,-0.016191162168979645,-0.017199214547872543,-0.018152320757508278,-0.018919534981250763,-0.01972292922437191,-0.020419031381607056,-0.021222254261374474,-0.02193879336118698,-0.022695712745189667,-0.02327895350754261,-0.023725569248199463,-0.02389894239604473,-0.023892007768154144,-0.02371876686811447,-0.02352011576294899,-0.023381611332297325,-0.023291656747460365,-0.023276759311556816,-0.023317251354455948,-0.023374563083052635
-0.017911946401000023,-0.018252572044730186,-0.018595075234770775,-0.018949801102280617,-0.019240885972976685,-0.019626671448349953,-0.020021691918373108,-0.020471733063459396,-0.020870791748166084,-0.021324943751096725,-0.021722113713622093,-0.02206815779209137,-0.02228408493101597,-0.022497741505503654,-0.022678419947624207,-0.02291351929306984,-0.023181280121207237,-0.023656992241740227,-0.02427401952445507,-0.025091135874390602,-0.02597654238343239,-0.02700878493487835,-0.028009409084916115,-0.029037734493613243,-0.029894988983869553,-0.0307446401566267,-0.03139447420835495,-0.03195638582110405,-0.0322733111679554,-0.03252466768026352,-0.0326090045273304,-0.032704826444387436,-0.032753534615039825,-0.03286018967628479,-0.032983724027872086,-0.033068154007196426,-0.03308858349919319,-0.03296808898448944,-0.03271713852882385,-0.03235670551657677,-0.031927455216646194,-0.031570713967084885,-0.03132382035255432,-0.03118649683892727,-0.031177211552858353,-0.031185904517769814,-0.031220892444252968
-0.030509427189826965,-0.030729927122592926,-0.03095681220293045,-0.031173210591077805,-0.03134936839342117,-0.03157879412174225,-0.0318281389772892,-0.03208118677139282,-0.03229759633541107,-0.03253309428691864,-0.03274848684668541,-0.03295772522687912,-0.03312741965055466,-0.03336400166153908,-0.033629126846790314,-0.03399418666958809,-0.03439411148428917,-0.034965384751558304,-0.03560951352119446,-0.036363303661346436,-0.03711606562137604,-0.037889424711465836,-0.03859122097492218,-0.03922146558761597,-0.03971407935023308,-0.04013650491833687,-0.0404389351606369,-0.04061637446284294,-0.040639929473400116,-0.040562525391578674,-0.040392305701971054,-0.04019306227564812,-0.04000454768538475,-0.0398264080286026,-0.03971251845359802,-0.03953416645526886,-0.03935405611991882,-0.03905068337917328,-0.03869547322392464,-0.03825923055410385,-0.0378078930079937,-0.037445858120918274,-0.03721223026514053,-0.0371004082262516,-0.037120360881090164,-0.03713199496269226,-0.037142641842365265
-0.041281528770923615,-0.04140076786279678,-0.041511885821819305,-0.04162280634045601,-0.04170377552509308,-0.04184119403362274,-0.042001716792583466,-0.04219236969947815,-0.04237281531095505,-0.04256841912865639,-0.04273999482393265,-0.042898036539554596,-0.04300915449857712,-0.04319437965750694,-0.04341535642743111,-0.043766167014837265,-0.04418173432350159,-0.04469389468431473,-0.045204147696495056,-0.04566797614097595,-0.04597468301653862,-0.04621507599949837,-0.046296991407871246,-0.04639361426234245,-0.04643886908888817,-0.046564288437366486,-0.046720072627067566,-0.046860530972480774,-0.04695677384734154,-0.046944696456193924,-0.04683244228363037,-0.04659436270594597,-0.046270210295915604,-0.04585575312376022,-0.04540485888719559,-0.0448935367166996,-0.044384486973285675,-0.04390218108892441,-0.04351804405450821,-0.04322895407676697,-0.04310084879398346,-0.04303273931145668,-0.043063730001449585,-0.04306590184569359,-0.043049223721027374,-0.042956892400979996,-0.042796242982149124
