earth/public/data/ocean/C53/ANN-vosaline-depthz-3000m-gfs-1.0.json
{"header": {"discipline": 0, "disciplineName": "Meteorological products", "gribEdition": 2, "gribLength": 131138.0, "center": 0, "centerName": "Kiel Climate Model", "subcenter": 0, "refTime": "1", "significanceOfRT": 1, "significanceOfRTName": "Start of forecast", "productStatus": 0, "productStatusName": "Operational products", "productType": 1, "productTypeName": "Forecast products", "productDefinitionTemplate": 0, "productDefinitionTemplateName": "Analysis/forecast at horizontal level/layer at a point in time", "parameterCategory": 2, "parameterCategoryName": "Momentum", "parameterNumber": 2, "parameterNumberName": "U-component_of_wind", "parameterUnit": "PSU", "genProcessType": 2, "genProcessTypeName": "Forecast", "forecastTime": 0, "surface1Type": 103, "surface1TypeName": "Specified height level above ground", "surface1Value": 10, "surface2Type": 255, "surface2TypeName": "Missing", "surface2Value": 0, "gridDefinitionTemplate": 0, "gridDefinitionTemplateName": "Latitude_Longitude", "numberPoints": 65160, "shape": 6, "shapeName": "Earth spherical with radius of 6,371,229.0 m", "gridUnits": "degrees", "resolution": 48, "winds": "true", "scanMode": 0, "nx": 360.0, "ny": 180.0, "basicAngle": 0, "subDivisions": 0, "lo1": 0.0, "la1": -89.5, "lo2": 359.0, "la2": 89.5, "dx": 1.0, "dy": -1.0}, "data":
[rows 66 to 87 of 180, columns 204 to 254 of 360]
34.76335144042969,34.76282501220703,34.7623405456543,34.761810302734375,34.761329650878906,34.76081848144531,34.7603645324707,34.75989532470703,34.759498596191406,34.75910949707031,34.75880432128906,34.75853729248047,34.75835418701172,34.75819396972656,34.75808334350586,34.75798034667969,34.757911682128906,34.75786590576172,34.75785827636719,34.757843017578125,34.75782775878906,34.75783920288086,34.75787353515625,34.75792694091797,34.75798797607422,34.75806427001953,34.758148193359375,34.75825119018555,34.758358001708984,34.75848388671875,34.75860595703125,34.758750915527344,34.75889205932617,34.75905227661133,34.75920486450195,34.759376525878906,34.75953674316406,34.75971221923828,34.75987243652344,34.760047912597656,34.76020431518555,34.7603759765625,34.76053237915039,34.760704040527344,34.760860443115234,34.76103973388672,34.76120376586914,34.761383056640625,34.76154327392578,34.761714935302734,34.761863708496094
34.76240921020508,34.76187515258789,34.761390686035156,34.76085662841797,34.7603759765625,34.75986099243164,34.75940704345703,34.75893783569336,34.758541107177734,34.75815200805664,34.757850646972656,34.7575798034668,34.75740051269531,34.75724411010742,34.757137298583984,34.757049560546875,34.756996154785156,34.7569694519043,34.75697708129883,34.75698471069336,34.756988525390625,34.757022857666016,34.757076263427734,34.75714874267578,34.757225036621094,34.75731658935547,34.757415771484375,34.75753402709961,34.757652282714844,34.757789611816406,34.75791931152344,34.75807571411133,34.75822830200195,34.758399963378906,34.7585563659668,34.75873947143555,34.758907318115234,34.759098052978516,34.75926971435547,34.759456634521484,34.75962448120117,34.75980758666992,34.759979248046875,34.76016616821289,34.760337829589844,34.76053237915039,34.760711669921875,34.76091003417969,34.76108932495117,34.76127624511719,34.76144027709961
34.7610969543457,34.76055145263672,34.76006317138672,34.75952911376953,34.75904846191406,34.75853729248047,34.758087158203125,34.75762176513672,34.75722885131836,34.75684356689453,34.75654602050781,34.756282806396484,34.756103515625,34.75595474243164,34.75586700439453,34.755802154541016,34.755767822265625,34.75576400756836,34.75578689575195,34.755821228027344,34.755859375,34.75592041015625,34.75599670410156,34.7560920715332,34.756187438964844,34.75630187988281,34.75641632080078,34.756553649902344,34.756690979003906,34.7568473815918,34.756996154785156,34.75716781616211,34.75733184814453,34.75751495361328,34.757686614990234,34.757877349853516,34.758056640625,34.75825881958008,34.758445739746094,34.75865173339844,34.75883483886719,34.75904083251953,34.75922775268555,34.759437561035156,34.7596321105957,34.75984573364258,34.760047912597656,34.7602653503418,34.760467529296875,34.760677337646484,34.760860443115234
34.759769439697266,34.759212493896484,34.758724212646484,34.75819396972656,34.75771713256836,34.75720977783203,34.75676727294922,34.756309509277344,34.755916595458984,34.75554275512695,34.7552490234375,34.7549934387207,34.754817962646484,34.75468444824219,34.75461196899414,34.75457000732422,34.75456237792969,34.754581451416016,34.75461959838867,34.75468063354492,34.7547492980957,34.75484085083008,34.754940032958984,34.75505447387695,34.75516891479492,34.755306243896484,34.755435943603516,34.755592346191406,34.75574493408203,34.755916595458984,34.756080627441406,34.75626754760742,34.75644302368164,34.75664138793945,34.7568244934082,34.75703048706055,34.75722122192383,34.7574348449707,34.757633209228516,34.75785446166992,34.758056640625,34.75828170776367,34.75849151611328,34.758724212646484,34.75893783569336,34.75917434692383,34.75939178466797,34.75963592529297,34.75986099243164,34.760093688964844,34.76029586791992
34.7587776184082,34.758216857910156,34.757728576660156,34.7572021484375,34.75673294067383,34.75624084472656,34.75580978393555,34.75536346435547,34.75498580932617,34.7546272277832,34.75434494018555,34.75410461425781,34.75394058227539,34.753822326660156,34.75376892089844,34.753746032714844,34.753761291503906,34.7537956237793,34.753849029541016,34.75392532348633,34.75400924682617,34.75411605834961,34.75422668457031,34.754356384277344,34.75448226928711,34.7546272277832,34.7547721862793,34.754940032958984,34.75510025024414,34.75528335571289,34.755455017089844,34.75564956665039,34.755836486816406,34.75604248046875,34.75623321533203,34.75645065307617,34.75665283203125,34.75687789916992,34.75708770751953,34.757320404052734,34.75753402709961,34.75777816772461,34.757999420166016,34.75825119018555,34.75848388671875,34.75873947143555,34.75897216796875,34.75923538208008,34.75947570800781,34.759727478027344,34.75993728637695
34.75784683227539,34.75727844238281,34.75678634643555,34.75626754760742,34.75581359863281,34.755332946777344,34.75491714477539,34.754493713378906,34.75413513183594,34.7537956237793,34.75353240966797,34.7533073425293,34.75316619873047,34.75306701660156,34.753028869628906,34.753028869628906,34.7530632019043,34.753116607666016,34.75318145751953,34.75326919555664,34.753360748291016,34.753475189208984,34.75359344482422,34.75373458862305,34.75387191772461,34.7540283203125,34.754180908203125,34.75436019897461,34.7545280456543,34.75471878051758,34.75489807128906,34.75510025024414,34.75529479980469,34.75550842285156,34.75571060180664,34.75593566894531,34.75614929199219,34.756385803222656,34.75660705566406,34.75685119628906,34.757080078125,34.7573356628418,34.75757598876953,34.757843017578125,34.75809097290039,34.75836944580078,34.75862121582031,34.7588996887207,34.7591552734375,34.75941467285156,34.759639739990234
34.75680160522461,34.7562255859375,34.7557373046875,34.755226135253906,34.75478744506836,34.754329681396484,34.753936767578125,34.753536224365234,34.75320816040039,34.752891540527344,34.75265121459961,34.7524528503418,34.7523307800293,34.75225830078125,34.75224304199219,34.75226593017578,34.7523193359375,34.75239562988281,34.75247573852539,34.7525749206543,34.7526741027832,34.7527961730957,34.75292205810547,34.75307083129883,34.75321578979492,34.753387451171875,34.7535514831543,34.75373840332031,34.7539176940918,34.754119873046875,34.75430679321289,34.754520416259766,34.754722595214844,34.754947662353516,34.75516128540039,34.75539779663086,34.755619049072266,34.7558708190918,34.756103515625,34.75636291503906,34.75660705566406,34.75688171386719,34.757137298583984,34.757423400878906,34.7576904296875,34.757991790771484,34.75826644897461,34.75856399536133,34.758827209472656,34.759098052978516,34.75931930541992
34.75583267211914,34.75525665283203,34.754764556884766,34.7542610168457,34.753849029541016,34.753414154052734,34.75304412841797,34.75267028808594,34.75236892700195,34.75208282470703,34.75186538696289,34.75169372558594,34.7515983581543,34.751548767089844,34.751556396484375,34.75160217285156,34.75167465209961,34.751766204833984,34.75185775756836,34.75196838378906,34.752071380615234,34.752201080322266,34.7523307800293,34.75248336791992,34.75263977050781,34.75282287597656,34.752994537353516,34.75319290161133,34.753379821777344,34.75358963012695,34.753787994384766,34.75401306152344,34.75422668457031,34.75446319580078,34.75468063354492,34.75493240356445,34.755165100097656,34.75542449951172,34.75566864013672,34.755943298339844,34.756202697753906,34.756492614746094,34.75676727294922,34.75707244873047,34.75735855102539,34.75767517089844,34.75796890258789,34.758277893066406,34.7585563659668,34.758827209472656,34.7590446472168
34.754783630371094,34.754215240478516,34.753719329833984,34.75322723388672,34.752830505371094,34.75242233276367,34.752079010009766,34.75174331665039,34.751468658447266,34.751216888427734,34.75102615356445,34.750885009765625,34.75081253051758,34.750789642333984,34.750816345214844,34.75088119506836,34.75096893310547,34.751075744628906,34.751182556152344,34.751304626464844,34.75141906738281,34.75155258178711,34.75168991088867,34.751853942871094,34.752017974853516,34.75221252441406,34.75239562988281,34.75260925292969,34.752803802490234,34.753028869628906,34.75323486328125,34.75347137451172,34.753692626953125,34.75394058227539,34.754173278808594,34.754432678222656,34.754676818847656,34.75495529174805,34.755210876464844,34.75550079345703,34.755775451660156,34.75608825683594,34.756378173828125,34.75670623779297,34.75701141357422,34.757347106933594,34.75765609741211,34.75797653198242,34.75825500488281,34.758514404296875,34.75871276855469
34.753849029541016,34.75328826904297,34.75279235839844,34.75230407714844,34.75191879272461,34.75153350830078,34.751224517822266,34.750919342041016,34.750675201416016,34.750450134277344,34.75028991699219,34.75017166137695,34.7501220703125,34.75011444091797,34.750160217285156,34.75023651123047,34.750335693359375,34.75045394897461,34.750572204589844,34.750701904296875,34.75082778930664,34.750972747802734,34.75111770629883,34.75128936767578,34.751461029052734,34.75166702270508,34.75186538696289,34.7520866394043,34.752296447753906,34.75252914428711,34.75274658203125,34.752994537353516,34.75322723388672,34.753482818603516,34.75372314453125,34.753997802734375,34.75425338745117,34.75454330444336,34.75481414794922,34.75511932373047,34.755409240722656,34.7557373046875,34.756046295166016,34.75638961791992,34.7567138671875,34.75706481933594,34.75738525390625,34.75770950317383,34.75798416137695,34.75822067260742,34.75838088989258
34.75288009643555,34.75232696533203,34.751827239990234,34.751346588134766,34.7509765625,34.750614166259766,34.75032424926758,34.75004959106445,34.74982833862305,34.7496337890625,34.74949645996094,34.74940490722656,34.74937057495117,34.74938201904297,34.74943542480469,34.74952697753906,34.749629974365234,34.749759674072266,34.74988555908203,34.750030517578125,34.75017166137695,34.75033187866211,34.750484466552734,34.750667572021484,34.750850677490234,34.751068115234375,34.75128173828125,34.75151824951172,34.751739501953125,34.75198745727539,34.75221252441406,34.752471923828125,34.75271224975586,34.75298309326172,34.75323486328125,34.75352096557617,34.753787994384766,34.754093170166016,34.75437545776367,34.75469970703125,34.755001068115234,34.755348205566406,34.75566864013672,34.75603103637695,34.75636672973633,34.75672912597656,34.75705337524414,34.75736618041992,34.75761795043945,34.7578125,34.7579231262207
34.751686096191406,34.75114440917969,34.750614166259766,34.75012969970703,34.74977493286133,34.74943161010742,34.74916458129883,34.748905181884766,34.74871063232422,34.74853515625,34.74842071533203,34.748348236083984,34.748329162597656,34.74835205078125,34.7484130859375,34.748504638671875,34.748619079589844,34.74875259399414,34.7488899230957,34.74905014038086,34.749210357666016,34.749393463134766,34.749568939208984,34.74977493286133,34.749977111816406,34.750213623046875,34.75044250488281,34.750701904296875,34.75094223022461,34.7512092590332,34.7514533996582,34.75172805786133,34.75197982788086,34.75226593017578,34.75252914428711,34.752830505371094,34.753108978271484,34.75342559814453,34.75372314453125,34.75406265258789,34.75437545776367,34.75473403930664,34.75506591796875,34.755435943603516,34.755775451660156,34.756134033203125,34.756439208984375,34.756717681884766,34.756919860839844,34.75701141357422,34.75698471069336
34.75056838989258,34.750038146972656,34.74945068359375,34.74894714355469,34.74861526489258,34.748287200927734,34.74803161621094,34.7477912902832,34.74761199951172,34.74745559692383,34.747352600097656,34.74729537963867,34.74728775024414,34.747318267822266,34.747379302978516,34.747474670410156,34.747589111328125,34.74773025512695,34.74787521362305,34.74805450439453,34.74822998046875,34.748435974121094,34.748634338378906,34.748863220214844,34.74908447265625,34.74934387207031,34.749595642089844,34.749874114990234,34.75013732910156,34.750423431396484,34.75068283081055,34.75096893310547,34.75123596191406,34.75153350830078,34.751808166503906,34.75211715698242,34.75240707397461,34.75273513793945,34.75304412841797,34.75339126586914,34.75371551513672,34.75407791137695,34.754417419433594,34.754791259765625,34.755126953125,34.75546646118164,34.75575256347656,34.7559928894043,34.75613784790039,34.7561149597168,34.75592041015625
34.749855041503906,34.74935531616211,34.748687744140625,34.74815368652344,34.74785232543945,34.7475471496582,34.747291564941406,34.74705505371094,34.74687576293945,34.74671936035156,34.74661636352539,34.74655532836914,34.74654769897461,34.7465705871582,34.74662780761719,34.74671936035156,34.74683380126953,34.746978759765625,34.747127532958984,34.747314453125,34.747501373291016,34.747718811035156,34.747928619384766,34.74817657470703,34.748416900634766,34.74869155883789,34.74895477294922,34.74925231933594,34.7495231628418,34.74982452392578,34.75009536743164,34.75039291381836,34.75066375732422,34.7509651184082,34.751243591308594,34.75155258178711,34.7518424987793,34.75217056274414,34.75248336791992,34.75282669067383,34.753143310546875,34.75350570678711,34.753849029541016,34.75421142578125,34.7545280456543,34.75485610961914,34.75514221191406,34.75533676147461,34.755409240722656,34.75529479980469,34.7550163269043
34.748687744140625,34.748291015625,34.747562408447266,34.74705123901367,34.7468376159668,34.746585845947266,34.746337890625,34.74609375,34.74589920043945,34.745723724365234,34.745601654052734,34.745521545410156,34.74549865722656,34.74551010131836,34.745548248291016,34.74563217163086,34.7457389831543,34.74588394165039,34.746036529541016,34.74623107910156,34.746429443359375,34.74666213989258,34.74688720703125,34.747154235839844,34.74741744995117,34.74771499633789,34.74799346923828,34.74830627441406,34.748592376708984,34.748905181884766,34.74919509887695,34.7495002746582,34.74977111816406,34.75007247924805,34.75034713745117,34.75065231323242,34.75093078613281,34.75125503540039,34.75156021118164,34.75190353393555,34.75221252441406,34.75257110595703,34.7529182434082,34.753265380859375,34.75355529785156,34.753875732421875,34.75417709350586,34.754310607910156,34.75425338745117,34.75405502319336,34.75374221801758
34.74736022949219,34.74708557128906,34.74639129638672,34.745948791503906,34.745849609375,34.74565505981445,34.74540710449219,34.745155334472656,34.74494171142578,34.744747161865234,34.74460220336914,34.74449920654297,34.74445724487305,34.744449615478516,34.744468688964844,34.744537353515625,34.7446403503418,34.74478530883789,34.744937896728516,34.745140075683594,34.74534606933594,34.7455940246582,34.74583435058594,34.74612045288086,34.746402740478516,34.74671936035156,34.747013092041016,34.747337341308594,34.74763107299805,34.74795913696289,34.74826431274414,34.74857711791992,34.74885177612305,34.749149322509766,34.74941635131836,34.74971389770508,34.74998474121094,34.75029754638672,34.75060272216797,34.750938415527344,34.75124740600586,34.751609802246094,34.751956939697266,34.75230026245117,34.7525749206543,34.752891540527344,34.753196716308594,34.75328063964844,34.75312423706055,34.75285339355469,34.75251388549805
34.7460823059082,34.74591064453125,34.74549865722656,34.74525451660156,34.74520492553711,34.74503707885742,34.74479293823242,34.74453353881836,34.74431228637695,34.74409484863281,34.74392318725586,34.743797302246094,34.74374008178711,34.743709564208984,34.74371337890625,34.74376678466797,34.74386215209961,34.74399948120117,34.7441520690918,34.744354248046875,34.74456787109375,34.74481964111328,34.74506759643555,34.745361328125,34.74565124511719,34.745975494384766,34.746273040771484,34.74660110473633,34.74690246582031,34.74723815917969,34.7475471496582,34.74787139892578,34.748146057128906,34.748443603515625,34.74869918823242,34.748992919921875,34.749263763427734,34.749576568603516,34.74987030029297,34.750213623046875,34.75054168701172,34.75091552734375,34.75127029418945,34.75162887573242,34.751930236816406,34.75225830078125,34.7525520324707,34.752628326416016,34.752471923828125,34.7520866394043,34.751556396484375
34.744346618652344,34.744239807128906,34.744300842285156,34.74433135986328,34.74434280395508,34.744205474853516,34.74393844604492,34.74367904663086,34.743473052978516,34.74324035644531,34.74302673339844,34.742862701416016,34.74277877807617,34.742713928222656,34.74268341064453,34.742713928222656,34.742794036865234,34.742919921875,34.743064880371094,34.743263244628906,34.74348068237305,34.743736267089844,34.74399185180664,34.744285583496094,34.74457550048828,34.744895935058594,34.74518585205078,34.74551773071289,34.74582290649414,34.74616622924805,34.746482849121094,34.74681854248047,34.74711227416992,34.74740982055664,34.747650146484375,34.74794006347656,34.748226165771484,34.748538970947266,34.74882507324219,34.74918746948242,34.749568939208984,34.74998092651367,34.75034713745117,34.75076675415039,34.751163482666016,34.75154113769531,34.75182342529297,34.751953125,34.75190734863281,34.751304626464844,34.75025177001953
34.742637634277344,34.742610931396484,34.742950439453125,34.743160247802734,34.74321365356445,34.74307632446289,34.74277877807617,34.74251937866211,34.742347717285156,34.74211502075195,34.74187088012695,34.74166488647461,34.74153137207031,34.74142074584961,34.74134826660156,34.7413444519043,34.74140548706055,34.741512298583984,34.741641998291016,34.74183654785156,34.74205780029297,34.74231719970703,34.7425651550293,34.742855072021484,34.74312973022461,34.743438720703125,34.74372100830078,34.744049072265625,34.744361877441406,34.74470901489258,34.745033264160156,34.74538803100586,34.74571228027344,34.74601364135742,34.746238708496094,34.74653244018555,34.74684524536133,34.747161865234375,34.747432708740234,34.74783706665039,34.748294830322266,34.7487678527832,34.749168395996094,34.749691009521484,34.75023651123047,34.750709533691406,34.75101852416992,34.75129318237305,34.7514762878418,34.7507438659668,34.749210357666016
34.74116516113281,34.741180419921875,34.741554260253906,34.741737365722656,34.741695404052734,34.74155044555664,34.74131393432617,34.741092681884766,34.74092483520508,34.74073028564453,34.740543365478516,34.74032974243164,34.7401237487793,34.73995590209961,34.7398567199707,34.73981475830078,34.739845275878906,34.739933013916016,34.74006652832031,34.74025344848633,34.74045944213867,34.740699768066406,34.74093246459961,34.7411994934082,34.74144744873047,34.741737365722656,34.74201202392578,34.74232864379883,34.74263381958008,34.74298858642578,34.743324279785156,34.74370193481445,34.74405288696289,34.744361877441406,34.74457550048828,34.744876861572266,34.745208740234375,34.745540618896484,34.745811462402344,34.746246337890625,34.74677276611328,34.747318267822266,34.7477912902832,34.74842834472656,34.749114990234375,34.749725341796875,34.750144958496094,34.75070571899414,34.75128936767578,34.75086212158203,34.74946975708008
34.739524841308594,34.73948669433594,34.739688873291016,34.739768981933594,34.739707946777344,34.73967742919922,34.73967361450195,34.739540100097656,34.73929977416992,34.739139556884766,34.73908996582031,34.73890686035156,34.738616943359375,34.73839569091797,34.738285064697266,34.738216400146484,34.73820114135742,34.73828125,34.738441467285156,34.738616943359375,34.73877716064453,34.738990783691406,34.73921585083008,34.73945999145508,34.73966979980469,34.73994064331055,34.74021911621094,34.74053192138672,34.74081802368164,34.741172790527344,34.74153137207031,34.74192428588867,34.742279052734375,34.74258804321289,34.742794036865234,34.74309539794922,34.743431091308594,34.743770599365234,34.74405288696289,34.7445068359375,34.74505615234375,34.74565505981445,34.746192932128906,34.74691390991211,34.7476921081543,34.748416900634766,34.748966217041016,34.749813079833984,34.75082778930664,34.75096893310547,34.75022888183594
34.73782730102539,34.73763656616211,34.73755645751953,34.73746871948242,34.737396240234375,34.73749923706055,34.7377815246582,34.73781204223633,34.737579345703125,34.73752975463867,34.73765182495117,34.737548828125,34.73723220825195,34.73699951171875,34.73688507080078,34.73680114746094,34.73676300048828,34.73685073852539,34.73704528808594,34.73720932006836,34.73731231689453,34.73750305175781,34.73774337768555,34.737972259521484,34.73814392089844,34.7384033203125,34.738704681396484,34.739013671875,34.73927688598633,34.739627838134766,34.74000549316406,34.740386962890625,34.74070358276367,34.740989685058594,34.74119186401367,34.741485595703125,34.741817474365234,34.742156982421875,34.74245071411133,34.742897033691406,34.74341583251953,34.743995666503906,34.74453353881836,34.74525451660156,34.746028900146484,34.74677658081055,34.74736022949219,34.748287200927734,34.7493896484375,34.74987030029297,34.749656677246094
