earth/public/data/ocean/C53/ANN-votemper-depthz-0m-gfs-1.0.json
{"header": {"discipline": 0, "disciplineName": "Meteorological products", "gribEdition": 2, "gribLength": 131138.0, "center": 0, "centerName": "Kiel Climate Model", "subcenter": 0, "refTime": "1", "significanceOfRT": 1, "significanceOfRTName": "Start of forecast", "productStatus": 0, "productStatusName": "Operational products", "productType": 1, "productTypeName": "Forecast products", "productDefinitionTemplate": 0, "productDefinitionTemplateName": "Analysis/forecast at horizontal level/layer at a point in time", "parameterCategory": 2, "parameterCategoryName": "Momentum", "parameterNumber": 2, "parameterNumberName": "U-component_of_wind", "parameterUnit": "C", "genProcessType": 2, "genProcessTypeName": "Forecast", "forecastTime": 0, "surface1Type": 103, "surface1TypeName": "Specified height level above ground", "surface1Value": 10, "surface2Type": 255, "surface2TypeName": "Missing", "surface2Value": 0, "gridDefinitionTemplate": 0, "gridDefinitionTemplateName": "Latitude_Longitude", "numberPoints": 65160, "shape": 6, "shapeName": "Earth spherical with radius of 6,371,229.0 m", "gridUnits": "degrees", "resolution": 48, "winds": "true", "scanMode": 0, "nx": 360.0, "ny": 180.0, "basicAngle": 0, "subDivisions": 0, "lo1": 0.0, "la1": -89.5, "lo2": 359.0, "la2": 89.5, "dx": 1.0, "dy": -1.0}, "data":
[rows 42 to 62 of 180, columns 235 to 281 of 360]
15.25847053527832,15.246520042419434,15.233200073242188,15.221144676208496,15.207995414733887,15.196240425109863,15.183466911315918,15.171944618225098,15.157608032226562,15.142934799194336,15.124849319458008,15.106478691101074,15.084186553955078,15.06186294555664,15.039496421813965,15.021040916442871,15.003788948059082,14.990839004516602,14.978645324707031,14.969395637512207,14.956480026245117,14.942192077636719,14.924272537231445,14.905982971191406,14.883219718933105,14.847684860229492,14.812291145324707,14.787958145141602,14.766592979431152,14.739276885986328,14.711053848266602,14.6724271774292,14.630346298217773,14.573199272155762,14.511149406433105,14.44039249420166,14.373513221740723,14.304116249084473,14.244571685791016,14.192477226257324,14.157121658325195,14.1312837600708,14.119606018066406,14.11202335357666,14.109991073608398,14.106012344360352,14.100982666015625
15.654317855834961,15.641104698181152,15.628003120422363,15.617328643798828,15.607622146606445,15.600809097290039,15.595492362976074,15.593085289001465,15.587762832641602,15.5810546875,15.570072174072266,15.55727481842041,15.538313865661621,15.516887664794922,15.49378490447998,15.4732084274292,15.45287799835205,15.436330795288086,15.420722007751465,15.408706665039062,15.392621994018555,15.375234603881836,15.353455543518066,15.331026077270508,15.303753852844238,15.262527465820312,15.222366333007812,15.19824504852295,15.179485321044922,15.157364845275879,15.136170387268066,15.106934547424316,15.075532913208008,15.029715538024902,14.978541374206543,14.917327880859375,14.857853889465332,14.793874740600586,14.73742389678955,14.68764591217041,14.653790473937988,14.628725051879883,14.617074012756348,14.608983993530273,14.605868339538574,14.599679946899414,14.591351509094238
15.954099655151367,15.938408851623535,15.923138618469238,15.911324501037598,15.901827812194824,15.896501541137695,15.894868850708008,15.897112846374512,15.897781372070312,15.896405220031738,15.89143180847168,15.883316040039062,15.86820125579834,15.848502159118652,15.826370239257812,15.805684089660645,15.784917831420898,15.767755508422852,15.752224922180176,15.740955352783203,15.725885391235352,15.709442138671875,15.68777084350586,15.66457462310791,15.635080337524414,15.58871841430664,15.543134689331055,15.516166687011719,15.496325492858887,15.475314140319824,15.457051277160645,15.433472633361816,15.408567428588867,15.371315002441406,15.32791805267334,15.274358749389648,15.219863891601562,15.160015106201172,15.105469703674316,15.057130813598633,15.02376937866211,14.998876571655273,14.987017631530762,14.978797912597656,14.975671768188477,14.96843433380127,14.958370208740234
16.420745849609375,16.400604248046875,16.38097381591797,16.365388870239258,16.35309600830078,16.346418380737305,16.345308303833008,16.35019302368164,16.355106353759766,16.35944366455078,16.36082649230957,16.359233856201172,16.34942054748535,16.333251953125,16.31397819519043,16.295063018798828,16.276493072509766,16.261566162109375,16.250015258789062,16.24386215209961,16.235361099243164,16.225894927978516,16.21067237854004,16.19211196899414,16.165016174316406,16.11431312561035,16.061737060546875,16.0278377532959,16.001806259155273,15.977198600769043,15.958768844604492,15.938211441040039,15.919594764709473,15.890700340270996,15.85703182220459,15.811314582824707,15.762038230895996,15.705208778381348,15.651300430297852,15.602523803710938,15.567863464355469,15.541838645935059,15.529247283935547,15.5216703414917,15.520488739013672,15.514259338378906,15.504047393798828
16.905664443969727,16.881460189819336,16.85762596130371,16.838274002075195,16.82281494140625,16.813846588134766,16.812265396118164,16.818248748779297,16.826162338256836,16.83462905883789,16.84135627746582,16.8453369140625,16.840456008911133,16.827850341796875,16.811622619628906,16.794912338256836,16.778898239135742,16.766666412353516,16.759464263916016,16.75887680053711,16.757646560668945,16.756471633911133,16.749217987060547,16.737789154052734,16.71515655517578,16.66303253173828,16.605165481567383,16.564165115356445,16.530879974365234,16.501434326171875,16.480798721313477,16.461803436279297,16.447864532470703,16.426225662231445,16.40113639831543,16.36247444152832,16.317604064941406,16.263172149658203,16.20915412902832,16.15943717956543,16.12296485900879,16.095510482788086,16.081960678100586,16.075010299682617,16.07595443725586,16.07103157043457,16.061235427856445
17.298259735107422,17.274072647094727,17.248891830444336,17.227277755737305,17.207963943481445,17.194833755493164,17.188800811767578,17.191524505615234,17.19667625427246,17.203800201416016,17.210384368896484,17.215471267700195,17.212053298950195,17.20077896118164,17.18584442138672,17.16995620727539,17.154956817626953,17.143596649169922,17.13861656188965,17.14086151123047,17.145362854003906,17.150909423828125,17.152925491333008,17.150222778320312,17.136653900146484,17.089996337890625,17.03443145751953,16.98914337158203,16.950239181518555,16.914995193481445,16.89031410217285,16.869361877441406,16.8562068939209,16.837848663330078,16.817447662353516,16.7832088470459,16.74102020263672,16.688034057617188,16.633745193481445,16.58308219909668,16.545305252075195,16.5174503326416,16.504535675048828,16.5002384185791,16.504968643188477,16.503721237182617,16.49626350402832
17.930978775024414,17.912269592285156,17.88943099975586,17.866317749023438,17.8415584564209,17.819488525390625,17.80348014831543,17.79645347595215,17.792156219482422,17.791515350341797,17.79262924194336,17.795488357543945,17.791269302368164,17.780790328979492,17.76652717590332,17.75098991394043,17.73568344116211,17.723373413085938,17.718393325805664,17.721799850463867,17.73200225830078,17.74733543395996,17.763246536254883,17.776927947998047,17.780242919921875,17.749940872192383,17.70453643798828,17.65613555908203,17.609188079833984,17.565292358398438,17.532413482666016,17.506298065185547,17.491785049438477,17.476234436035156,17.462528228759766,17.43430519104004,17.396684646606445,17.345767974853516,17.290863037109375,17.23833656311035,17.197895050048828,17.170452117919922,17.161054611206055,17.165002822875977,17.181306838989258,17.192031860351562,17.19463348388672
18.591035842895508,18.579559326171875,18.560373306274414,18.537282943725586,18.507816314697266,18.477127075195312,18.451101303100586,18.43390464782715,18.419517517089844,18.409929275512695,18.404733657836914,18.404443740844727,18.399211883544922,18.389911651611328,18.37668800354004,18.362035751342773,18.346467971801758,18.332807540893555,18.327136993408203,18.33039093017578,18.345457077026367,18.369796752929688,18.39922523498535,18.429128646850586,18.44950294494629,18.436609268188477,18.40271759033203,18.351844787597656,18.297351837158203,18.24488067626953,18.203493118286133,18.17184066772461,18.155330657958984,18.142356872558594,18.13540267944336,18.11326789855957,18.080326080322266,18.03126335144043,17.97508430480957,17.920001983642578,17.875825881958008,17.848533630371094,17.84307098388672,17.856443405151367,17.88685417175293,17.912172317504883,17.92884635925293
19.093013763427734,19.087818145751953,19.074338912963867,19.054481506347656,19.025209426879883,18.99161148071289,18.960664749145508,18.938169479370117,18.918201446533203,18.90460777282715,18.89725112915039,18.89736557006836,18.89495849609375,18.889963150024414,18.880693435668945,18.86832618713379,18.85263442993164,18.836475372314453,18.826679229736328,18.82555389404297,18.83873748779297,18.86431884765625,18.899385452270508,18.937442779541016,18.9687442779541,18.96809196472168,18.943872451782227,18.892593383789062,18.833782196044922,18.775794982910156,18.729530334472656,18.69475555419922,18.67791748046875,18.668411254882812,18.667566299438477,18.65195083618164,18.623769760131836,18.577224731445312,18.520484924316406,18.463226318359375,18.415987014770508,18.38835906982422,18.385404586791992,18.407522201538086,18.450002670288086,18.490371704101562,18.520061492919922
19.831878662109375,19.83469009399414,19.829511642456055,19.817481994628906,19.79296112060547,19.76030921936035,19.728452682495117,19.702857971191406,19.681921005249023,19.669015884399414,19.666975021362305,19.675640106201172,19.685976028442383,19.695520401000977,19.69873809814453,19.69450569152832,19.681180953979492,19.660802841186523,19.642351150512695,19.629085540771484,19.632110595703125,19.651105880737305,19.68515968322754,19.728551864624023,19.76810646057129,19.78173065185547,19.7695255279541,19.719205856323242,19.65567970275879,19.592803955078125,19.54180335998535,19.50583267211914,19.491275787353516,19.489336013793945,19.500286102294922,19.49633026123047,19.478116989135742,19.437149047851562,19.380813598632812,19.32152557373047,19.270036697387695,19.2416934967041,19.241657257080078,19.274898529052734,19.335527420043945,19.396095275878906,19.445804595947266
20.585996627807617,20.594959259033203,20.597213745117188,20.59269905090332,20.57335090637207,20.543012619018555,20.511672973632812,20.485179901123047,20.465187072753906,20.455549240112305,20.46116065979004,20.48163604736328,20.507301330566406,20.534584045410156,20.55263900756836,20.55923080444336,20.549955368041992,20.526870727539062,20.500181198120117,20.474308013916016,20.466150283813477,20.476472854614258,20.50745391845703,20.55310821533203,20.598543167114258,20.62346839904785,20.62184715270996,20.572847366333008,20.50579071044922,20.43893051147461,20.3842716217041,20.347787857055664,20.33614158630371,20.34213638305664,20.36516571044922,20.3731746673584,20.365413665771484,20.330278396606445,20.274511337280273,20.213314056396484,20.15771484375,20.12860679626465,20.13123321533203,20.174930572509766,20.252286911010742,20.33211326599121,20.400909423828125
21.146194458007812,21.15730857849121,21.1638126373291,21.164228439331055,21.150510787963867,21.124629974365234,21.097848892211914,21.074499130249023,21.05936622619629,21.054683685302734,21.06896209716797,21.098926544189453,21.137866973876953,21.177783966064453,21.208913803100586,21.22466278076172,21.221837997436523,21.200347900390625,21.171445846557617,21.140291213989258,21.125337600708008,21.129610061645508,21.15597152709961,21.199975967407227,21.245283126831055,21.27423858642578,21.277801513671875,21.232051849365234,21.166095733642578,21.099523544311523,21.044246673583984,21.00831413269043,20.998205184936523,21.008501052856445,21.03715705871582,21.052335739135742,21.050893783569336,21.020193099975586,20.965496063232422,20.903654098510742,20.845911026000977,20.814834594726562,20.816326141357422,20.861248016357422,20.94178581237793,21.026714324951172,21.100833892822266
21.97145652770996,21.98565101623535,21.99763298034668,22.005184173583984,22.000425338745117,21.984262466430664,21.9665470123291,21.950565338134766,21.94242286682129,21.943927764892578,21.9650821685791,22.002811431884766,22.050464630126953,22.10051155090332,22.141679763793945,22.16746711730957,22.173437118530273,22.158782958984375,22.134502410888672,22.10456657409668,22.08850860595703,22.08859634399414,22.110729217529297,22.150592803955078,22.19291877746582,22.224626541137695,22.2351016998291,22.19785499572754,22.13980484008789,22.079076766967773,22.026342391967773,21.991859436035156,21.98182487487793,21.99234962463379,22.021934509277344,22.040769577026367,22.04589080810547,22.021522521972656,21.97198486328125,21.914403915405273,21.858600616455078,21.8256778717041,21.821229934692383,21.856603622436523,21.925878524780273,21.999013900756836,22.06385612487793
22.812406539916992,22.83060073852539,22.84824562072754,22.862472534179688,22.866504669189453,22.860092163085938,22.851152420043945,22.84178352355957,22.839195251464844,22.844051361083984,22.868696212768555,22.908557891845703,22.95993423461914,23.013273239135742,23.060176849365234,23.092079162597656,23.105621337890625,23.098669052124023,23.08094596862793,23.05621337890625,23.04192352294922,23.0410213470459,23.060209274291992,23.095943450927734,23.135072708129883,23.169212341308594,23.186941146850586,23.15932846069336,23.11144256591797,23.05818748474121,23.009809494018555,22.97710418701172,22.966148376464844,22.975065231323242,23.00198745727539,23.022457122802734,23.032672882080078,23.015125274658203,22.973434448242188,22.922945022583008,22.87348175048828,22.840421676635742,22.829912185668945,22.853490829467773,22.906009674072266,22.96231460571289,23.01078224182129
23.428178787231445,23.449806213378906,23.471759796142578,23.48973274230957,23.49976921081543,23.499622344970703,23.496294021606445,23.49001693725586,23.488109588623047,23.491010665893555,23.51048469543457,23.543682098388672,23.58745765686035,23.634790420532227,23.678110122680664,23.710041046142578,23.727346420288086,23.726634979248047,23.717409133911133,23.700597763061523,23.692350387573242,23.693599700927734,23.711650848388672,23.743337631225586,23.77787971496582,23.81056785583496,23.8297119140625,23.808794021606445,23.768495559692383,23.722366333007812,23.678279876708984,23.646869659423828,23.63378143310547,23.636945724487305,23.656408309936523,23.672483444213867,23.682832717895508,23.670005798339844,23.636051177978516,23.595943450927734,23.556049346923828,23.526424407958984,23.512075424194336,23.523738861083984,23.56023597717285,23.595867156982422,23.62590217590332
23.992521286010742,24.017738342285156,24.04315948486328,24.06447410583496,24.079187393188477,24.085046768188477,24.085861206054688,24.08186149597168,24.07896614074707,24.077611923217773,24.089460372924805,24.111661911010742,24.145116806030273,24.182802200317383,24.220598220825195,24.251129150390625,24.2711181640625,24.27717399597168,24.276195526123047,24.269105911254883,24.267135620117188,24.271211624145508,24.288005828857422,24.314348220825195,24.34344482421875,24.3712215423584,24.38886833190918,24.372034072875977,24.338626861572266,24.298175811767578,24.258554458618164,24.227886199951172,24.211816787719727,24.208114624023438,24.21683120727539,24.22645378112793,24.234649658203125,24.224971771240234,24.1994686126709,24.169574737548828,24.141658782958984,24.11624526977539,24.098339080810547,24.099618911743164,24.11890411376953,24.13532257080078,24.144140243530273
24.60468864440918,24.6329402923584,24.662179946899414,24.68682289123535,24.70747184753418,24.719898223876953,24.726882934570312,24.72659683227539,24.724851608276367,24.721696853637695,24.727100372314453,24.740358352661133,24.762847900390625,24.791200637817383,24.821022033691406,24.847599029541016,24.86742401123047,24.877164840698242,24.88238525390625,24.88194465637207,24.884716033935547,24.89004898071289,24.903087615966797,24.92191505432129,24.94200897216797,24.96160316467285,24.973602294921875,24.959701538085938,24.93233871459961,24.898529052734375,24.863927841186523,24.834997177124023,24.816801071166992,24.805147171020508,24.802736282348633,24.8023624420166,24.805023193359375,24.794973373413086,24.774383544921875,24.754194259643555,24.737531661987305,24.71932029724121,24.702159881591797,24.69585418701172,24.701753616333008,24.697237014770508,24.684551239013672
25.452131271362305,25.48148536682129,25.512048721313477,25.538766860961914,25.5644474029541,25.584922790527344,25.60000991821289,25.607227325439453,25.611513137817383,25.611875534057617,25.61610221862793,25.622846603393555,25.63698387145996,25.6552791595459,25.67552947998047,25.693622589111328,25.708898544311523,25.718549728393555,25.724288940429688,25.725494384765625,25.72641944885254,25.72756576538086,25.72911834716797,25.731319427490234,25.7340030670166,25.73349380493164,25.72894859313965,25.712364196777344,25.688940048217773,25.660457611083984,25.632596969604492,25.606773376464844,25.587738037109375,25.56739044189453,25.549196243286133,25.53193473815918,25.518827438354492,25.497465133666992,25.4725341796875,25.453794479370117,25.445878982543945,25.435585021972656,25.425474166870117,25.41670799255371,25.41070556640625,25.382904052734375,25.338083267211914
26.297645568847656,26.325471878051758,26.355152130126953,26.381053924560547,26.4095516204834,26.435436248779297,26.45747947692871,26.47197151184082,26.483213424682617,26.48963165283203,26.495223999023438,26.499269485473633,26.50796890258789,26.519681930541992,26.532264709472656,26.54315948486328,26.554000854492188,26.562576293945312,26.566951751708984,26.566089630126953,26.562196731567383,26.555452346801758,26.543193817138672,26.526662826538086,26.51052474975586,26.487380981445312,26.46295738220215,26.441041946411133,26.417694091796875,26.392345428466797,26.36959457397461,26.346654891967773,26.32784652709961,26.299819946289062,26.267324447631836,26.232807159423828,26.201534271240234,26.16533851623535,26.129655838012695,26.106983184814453,26.100759506225586,26.095354080200195,26.091768264770508,26.08131217956543,26.065855026245117,26.01596450805664,25.939556121826172
26.89369773864746,26.917232513427734,26.941341400146484,26.962249755859375,26.986209869384766,27.009525299072266,27.030424118041992,27.045578002929688,27.059349060058594,27.069320678710938,27.077709197998047,27.08285903930664,27.091285705566406,27.1014404296875,27.110368728637695,27.116729736328125,27.12275505065918,27.127838134765625,27.126506805419922,27.11962890625,27.106931686401367,27.09153175354004,27.067445755004883,27.039859771728516,27.01191520690918,26.97568702697754,26.93865203857422,26.909273147583008,26.88092803955078,26.852418899536133,26.82939910888672,26.806718826293945,26.78860855102539,26.758317947387695,26.721349716186523,26.676713943481445,26.633045196533203,26.580259323120117,26.529321670532227,26.491897583007812,26.47634506225586,26.46742820739746,26.467321395874023,26.457120895385742,26.438613891601562,26.375600814819336,26.280376434326172
27.43399429321289,27.45171356201172,27.469158172607422,27.482553482055664,27.499263763427734,27.515594482421875,27.531312942504883,27.543092727661133,27.555864334106445,27.56722068786621,27.577030181884766,27.583641052246094,27.59227752685547,27.60138702392578,27.607234954833984,27.60847282409668,27.609134674072266,27.60860824584961,27.600379943847656,27.585323333740234,27.563745498657227,27.538766860961914,27.505779266357422,27.469974517822266,27.435440063476562,27.391372680664062,27.346094131469727,27.310096740722656,27.274276733398438,27.240598678588867,27.214719772338867,27.19087791442871,27.173303604125977,27.143085479736328,27.105724334716797,27.055349349975586,27.00059700012207,26.93273162841797,26.86272621154785,26.808225631713867,26.777587890625,26.762605667114258,26.765453338623047,26.75601577758789,26.7360782623291,26.663881301879883,26.551713943481445
