earth/public/data/ocean/C53/ANN-votemper-depthz-2000m-gfs-1.0.json
{"header": {"discipline": 0, "disciplineName": "Meteorological products", "gribEdition": 2, "gribLength": 131138.0, "center": 0, "centerName": "Kiel Climate Model", "subcenter": 0, "refTime": "1", "significanceOfRT": 1, "significanceOfRTName": "Start of forecast", "productStatus": 0, "productStatusName": "Operational products", "productType": 1, "productTypeName": "Forecast products", "productDefinitionTemplate": 0, "productDefinitionTemplateName": "Analysis/forecast at horizontal level/layer at a point in time", "parameterCategory": 2, "parameterCategoryName": "Momentum", "parameterNumber": 2, "parameterNumberName": "U-component_of_wind", "parameterUnit": "C", "genProcessType": 2, "genProcessTypeName": "Forecast", "forecastTime": 0, "surface1Type": 103, "surface1TypeName": "Specified height level above ground", "surface1Value": 10, "surface2Type": 255, "surface2TypeName": "Missing", "surface2Value": 0, "gridDefinitionTemplate": 0, "gridDefinitionTemplateName": "Latitude_Longitude", "numberPoints": 65160, "shape": 6, "shapeName": "Earth spherical with radius of 6,371,229.0 m", "gridUnits": "degrees", "resolution": 48, "winds": "true", "scanMode": 0, "nx": 360.0, "ny": 180.0, "basicAngle": 0, "subDivisions": 0, "lo1": 0.0, "la1": -89.5, "lo2": 359.0, "la2": 89.5, "dx": 1.0, "dy": -1.0}, "data":
[rows 138 to 160 of 180, columns 255 to 305 of 360]
6.075643062591553,6.081817150115967,6.088100910186768,6.093352317810059,6.098665237426758,6.105013847351074,6.110965251922607,6.114448547363281,6.11725378036499,6.119894027709961,6.121888637542725,6.1236677169799805,6.124907970428467,6.125885486602783,6.126422882080078,6.126673698425293,6.126590251922607,6.126250743865967,6.12571382522583,6.124983310699463,6.1241912841796875,6.123402118682861,6.122761249542236,6.122285842895508,6.122060298919678,6.122148513793945,6.1225433349609375,6.126489639282227,6.132835388183594,6.136312007904053,6.136673450469971,6.136171817779541,null,null,null,null,null,null,null,null,null,null,null,null,null,null,null,null,null,null,null
6.0613179206848145,6.0682291984558105,6.075242042541504,6.0810866355896,6.08698844909668,6.09401273727417,6.100584030151367,6.104424476623535,6.107524394989014,6.110441207885742,6.112645626068115,6.114644527435303,6.11607551574707,6.117210865020752,6.117844581604004,6.118200302124023,6.118215084075928,6.117935657501221,6.11741304397583,6.116765022277832,6.116103649139404,6.115495681762695,6.115040302276611,6.11495304107666,6.115246295928955,6.115868091583252,6.116692543029785,6.123734474182129,6.141489505767822,6.151315212249756,null,6.139363765716553,null,null,null,null,null,null,null,null,null,null,null,null,null,null,null,null,null,null,null
6.047226428985596,6.054751396179199,6.062408447265625,6.068811416625977,6.075276851654053,6.082976341247559,6.090184211730957,6.094384670257568,6.097761154174805,6.100939750671387,6.1033430099487305,6.1055378913879395,6.1071271896362305,6.108405590057373,6.109140872955322,6.1096320152282715,6.109785079956055,6.109669208526611,6.109292984008789,6.108856201171875,6.108429908752441,6.108071804046631,6.107853412628174,6.108407974243164,6.10960578918457,6.111027240753174,6.112680912017822,6.1183929443359375,null,6.163263320922852,null,null,null,null,null,null,null,null,null,null,null,null,null,null,null,null,null,null,null,null,null
6.033809661865234,6.041775703430176,6.0499444007873535,6.0568366050720215,6.063799858093262,6.072107315063477,6.079892635345459,6.084417343139648,6.0880351066589355,6.091439247131348,6.094013690948486,6.096354961395264,6.098039627075195,6.09942626953125,6.100265026092529,6.100908279418945,6.10124397277832,6.101419925689697,6.101406097412109,6.101386547088623,6.101353168487549,6.101435661315918,6.101590156555176,6.102645397186279,6.104484558105469,6.106078624725342,null,6.1123809814453125,null,null,null,null,null,null,null,null,null,null,null,null,null,null,null,null,null,null,null,null,null,null,null
6.021446228027344,6.02967643737793,6.0381951332092285,6.045460224151611,6.052809715270996,6.061601161956787,6.069846153259277,6.0746235847473145,6.078423500061035,6.081986904144287,6.084670543670654,6.087085247039795,6.088796615600586,6.09022331237793,6.091109752655029,6.091922760009766,6.092510223388672,6.09322452545166,6.09390926361084,6.094616413116455,6.095199108123779,6.095855236053467,6.096712589263916,6.09805965423584,6.0996994972229,6.100861549377441,null,null,null,null,null,null,null,null,null,null,null,null,null,null,null,null,null,null,null,null,null,null,null,null,null
6.010437488555908,6.018773078918457,6.027470111846924,6.034953594207764,6.042539119720459,6.05164098739624,6.060181140899658,6.065109729766846,6.0690083503723145,6.0726447105407715,6.07535982131958,6.077770233154297,6.079439163208008,6.080827713012695,6.081683158874512,6.08259391784668,6.083407878875732,6.084839820861816,6.087034225463867,6.089089870452881,6.0905070304870605,6.091640472412109,6.093146324157715,6.09519624710083,6.096708297729492,null,null,null,null,null,null,null,null,null,null,null,null,null,null,null,null,null,null,null,null,null,null,null,null,null,null
5.999333381652832,6.007589817047119,6.016230583190918,6.023701190948486,6.031276702880859,6.040386199951172,6.048933506011963,6.053845405578613,6.057714462280273,6.061316967010498,6.064004421234131,6.066327095031738,6.067866802215576,6.069754123687744,6.071558475494385,6.072824954986572,6.074179649353027,6.077638149261475,6.082813739776611,6.086258888244629,6.088093280792236,6.089553356170654,6.090892791748047,null,null,null,null,null,null,null,null,null,null,null,null,null,null,null,null,null,null,null,null,null,null,null,null,null,null,null,null
5.988931655883789,5.996915817260742,6.00526762008667,6.012468338012695,6.019771099090576,6.02853536605835,6.03676176071167,6.041489601135254,6.045201778411865,6.0486860275268555,6.051307201385498,6.053526401519775,6.054931640625,6.057090759277344,6.05961799621582,6.060629844665527,6.061531066894531,null,null,null,null,null,null,null,null,null,null,null,null,null,null,null,null,null,null,null,null,null,null,null,null,null,null,null,null,null,null,null,null,null,null
5.982208251953125,5.989812850952148,5.99772310256958,6.004506587982178,6.011366367340088,6.019577980041504,6.027288436889648,6.031740188598633,6.035256385803223,6.038586139678955,6.041125297546387,6.043299198150635,6.044798374176025,6.046553611755371,6.047721862792969,6.0477614402771,6.046212673187256,null,null,null,null,null,null,null,null,null,null,null,null,null,null,null,null,null,null,null,null,null,null,null,null,null,null,null,null,null,null,null,null,null,null
5.977389335632324,5.985455513000488,5.992682933807373,5.99883508682251,6.005022048950195,6.01241397857666,6.019360542297363,6.02341365814209,6.026662349700928,6.029778003692627,6.032440662384033,6.035208702087402,6.037569999694824,6.039168834686279,6.039300918579102,6.038921356201172,6.037866592407227,6.036079406738281,6.034456729888916,6.033950328826904,6.033752918243408,6.033575057983398,6.033417701721191,null,null,null,null,null,null,null,null,null,null,null,null,null,null,null,null,null,null,null,null,null,null,null,null,null,null,null,null
5.972521781921387,5.981510162353516,5.987912654876709,5.993272304534912,5.998669147491455,6.00507116317749,6.011099338531494,6.014676094055176,6.017574787139893,6.020421981811523,6.023325443267822,6.026738166809082,6.02971076965332,6.031529426574707,6.032123565673828,6.032711029052734,6.033169746398926,6.033076763153076,6.032641887664795,6.032314300537109,6.031980991363525,6.032134056091309,6.03258752822876,6.03293514251709,null,null,null,null,null,null,null,null,null,null,null,null,null,null,null,null,null,null,null,null,null,null,null,null,null,null,null
5.968106269836426,5.976678848266602,5.982845783233643,5.988319396972656,5.993079662322998,5.998754978179932,6.004096031188965,6.007287502288818,6.0102009773254395,6.012999534606934,6.016042232513428,6.019364833831787,6.021896839141846,6.023783206939697,6.025118827819824,6.029775142669678,6.036655426025391,6.0383992195129395,6.036696434020996,6.035645484924316,6.033665657043457,6.030683994293213,null,null,null,null,null,null,null,null,null,null,null,null,null,null,null,null,null,null,null,null,null,null,null,null,null,null,null,null,null
5.964233875274658,5.970717906951904,5.977628707885742,5.9839372634887695,5.988409996032715,5.993818283081055,5.998896598815918,6.001935958862305,6.005228519439697,6.0084099769592285,6.0111284255981445,6.014607906341553,6.017521858215332,6.025600433349609,6.0321526527404785,6.036510467529297,6.045167922973633,6.0516133308410645,null,6.047215461730957,null,null,null,null,null,null,null,null,null,null,null,null,null,null,null,null,null,null,null,null,null,null,null,null,null,null,null,null,null,null,null
5.9597578048706055,5.965245723724365,5.972379684448242,5.979348182678223,5.9840087890625,5.989881992340088,5.995388984680176,5.9986186027526855,6.002375602722168,6.005916118621826,6.008469104766846,6.013125896453857,6.018045902252197,6.035069465637207,6.052641868591309,6.0520339012146,null,null,null,null,null,null,null,null,null,null,null,null,null,null,null,null,null,null,null,null,null,null,null,null,null,null,null,null,null,null,null,null,null,null,null
5.952619552612305,5.95745849609375,5.96401309967041,5.9722981452941895,5.979666709899902,5.988645553588867,5.995151519775391,5.998259544372559,6.0014495849609375,6.004976272583008,6.009866237640381,6.016037464141846,6.021150588989258,6.040853977203369,6.065455436706543,null,null,null,null,null,null,null,null,null,null,null,null,null,null,null,null,null,null,null,null,null,null,null,null,null,null,null,null,null,null,null,null,null,null,null,null
5.9398579597473145,5.943553447723389,5.948154926300049,5.957341194152832,5.971965312957764,null,5.996771812438965,5.9992876052856445,6.0011725425720215,null,null,6.022566795349121,null,null,null,null,null,null,null,null,null,null,null,null,null,null,null,null,null,null,null,null,null,null,null,null,null,null,null,null,null,null,null,null,null,null,null,null,null,null,null
5.922980308532715,5.924541473388672,5.926408767700195,5.932793140411377,null,null,null,null,null,null,null,null,null,null,null,null,null,null,null,null,null,null,null,null,null,null,null,null,null,null,null,null,null,null,null,null,null,null,null,null,null,null,null,null,null,null,null,null,null,null,null
5.9025468826293945,5.902194976806641,5.906614780426025,5.912266254425049,null,null,null,null,null,null,null,null,null,null,null,null,null,null,null,null,null,null,null,null,null,null,null,null,null,null,null,null,null,null,null,null,null,null,null,null,null,null,null,null,null,null,null,null,null,null,null
5.881703853607178,5.884237289428711,5.896316051483154,5.910428524017334,null,null,null,null,null,null,null,null,null,null,null,null,null,null,null,null,null,null,null,null,null,null,null,null,null,null,null,null,null,null,null,null,null,null,null,null,null,null,null,null,null,null,null,null,null,null,null
5.862483978271484,null,null,null,null,null,null,null,null,null,null,null,null,null,null,null,null,null,null,null,null,null,null,null,null,null,null,null,null,null,null,null,null,null,null,null,null,null,null,null,null,null,null,null,null,null,null,null,null,null,null
5.848471641540527,null,null,null,null,null,null,null,null,null,null,null,null,null,null,null,null,null,null,null,null,null,null,null,null,null,null,null,null,null,null,null,null,null,null,null,null,null,null,null,null,null,null,null,null,null,null,null,5.117927551269531,5.125536918640137,5.119002342224121
null,null,null,null,null,null,null,null,null,null,null,null,5.094731330871582,5.094193935394287,null,null,null,null,null,null,null,null,null,null,null,null,null,null,null,null,null,null,null,null,null,null,null,null,null,null,null,null,null,null,null,null,null,5.067457675933838,5.07971715927124,5.086874485015869,5.083135604858398
null,null,null,null,null,null,null,null,null,null,null,5.070486068725586,5.051919460296631,5.051023006439209,5.081124305725098,5.101158618927002,null,null,null,null,null,null,null,null,null,null,null,null,null,null,null,null,null,null,null,null,null,5.044506072998047,5.040044784545898,5.039865493774414,5.042602062225342,null,null,null,null,5.049881935119629,5.052611827850342,5.056462287902832,5.059859752655029,5.06210470199585,5.065537929534912
