earth/public/data/ocean/C53/ANN-vosaline-depthz-500m-gfs-1.0.json
{"header": {"discipline": 0, "disciplineName": "Meteorological products", "gribEdition": 2, "gribLength": 131138.0, "center": 0, "centerName": "Kiel Climate Model", "subcenter": 0, "refTime": "1", "significanceOfRT": 1, "significanceOfRTName": "Start of forecast", "productStatus": 0, "productStatusName": "Operational products", "productType": 1, "productTypeName": "Forecast products", "productDefinitionTemplate": 0, "productDefinitionTemplateName": "Analysis/forecast at horizontal level/layer at a point in time", "parameterCategory": 2, "parameterCategoryName": "Momentum", "parameterNumber": 2, "parameterNumberName": "U-component_of_wind", "parameterUnit": "PSU", "genProcessType": 2, "genProcessTypeName": "Forecast", "forecastTime": 0, "surface1Type": 103, "surface1TypeName": "Specified height level above ground", "surface1Value": 10, "surface2Type": 255, "surface2TypeName": "Missing", "surface2Value": 0, "gridDefinitionTemplate": 0, "gridDefinitionTemplateName": "Latitude_Longitude", "numberPoints": 65160, "shape": 6, "shapeName": "Earth spherical with radius of 6,371,229.0 m", "gridUnits": "degrees", "resolution": 48, "winds": "true", "scanMode": 0, "nx": 360.0, "ny": 180.0, "basicAngle": 0, "subDivisions": 0, "lo1": 0.0, "la1": -89.5, "lo2": 359.0, "la2": 89.5, "dx": 1.0, "dy": -1.0}, "data":
[rows 0 to 21 of 180, columns 150 to 199 of 360]
null,null,null,null,null,null,null,null,null,null,null,null,null,null,null,null,null,null,null,null,null,null,null,null,null,null,null,null,null,null,null,null,null,null,null,null,null,null,null,null,null,null,null,null,null,null,null,null,null,null
null,null,null,null,null,null,null,null,null,null,null,null,null,null,null,null,null,null,null,null,null,null,null,null,null,null,null,null,null,null,null,null,null,null,null,null,null,null,null,null,null,null,null,null,null,null,null,null,null,null
null,null,null,null,null,null,null,null,null,null,null,null,null,null,null,null,null,null,null,null,null,null,null,null,null,null,null,null,null,null,null,null,null,null,null,null,null,null,null,null,null,null,null,null,null,null,null,null,null,null
null,null,null,null,null,null,null,null,null,null,null,null,null,null,null,null,null,null,null,null,null,null,null,null,null,null,null,null,null,null,null,null,null,null,null,null,null,null,null,null,null,null,null,null,null,null,null,null,null,null
null,null,null,null,null,null,null,null,null,null,null,null,null,null,null,null,null,null,null,null,null,null,null,null,null,null,null,null,null,null,null,null,null,null,null,null,null,null,null,null,null,null,null,null,null,null,null,null,null,null
null,null,null,null,null,null,null,null,null,null,null,null,null,null,null,null,null,null,null,null,null,null,null,null,null,null,null,null,null,null,null,null,null,null,null,null,null,null,null,null,null,null,null,null,null,null,null,null,null,null
null,null,null,null,null,null,null,null,null,null,null,null,null,null,null,null,null,null,null,null,null,null,null,null,null,null,null,null,null,null,null,null,null,null,null,null,null,null,null,null,null,null,null,null,null,null,null,null,null,null
null,null,null,null,null,null,null,null,null,null,null,null,null,null,null,null,null,null,null,null,null,null,null,null,null,null,null,null,null,null,null,null,null,null,null,null,null,null,null,null,null,null,null,null,null,null,null,null,null,null
null,null,null,null,null,null,null,null,null,null,null,null,null,null,null,null,null,null,null,null,null,null,null,null,null,null,null,null,null,null,null,null,null,null,null,null,null,null,null,null,null,null,null,null,null,null,null,null,null,null
null,null,null,null,null,null,null,null,null,null,null,null,null,null,null,null,null,null,null,null,null,null,null,null,null,null,null,null,null,null,null,null,null,null,null,null,null,null,null,null,null,null,null,null,null,null,null,null,null,null
null,null,null,null,null,null,null,null,null,null,null,null,null,null,null,null,null,null,null,null,null,null,null,null,null,null,null,null,null,null,null,null,null,null,null,null,null,null,null,null,null,null,null,null,null,null,null,null,null,null
null,null,null,null,null,null,null,null,null,null,null,null,null,null,null,null,null,null,null,null,null,null,null,null,null,null,null,null,null,null,null,null,null,null,null,null,null,null,null,null,null,null,null,null,null,null,null,null,null,null
null,null,null,null,null,null,null,null,null,null,null,null,null,null,null,null,null,null,null,null,null,null,null,null,null,null,null,null,null,null,null,null,null,null,null,null,null,null,null,null,null,null,null,null,null,null,null,null,null,null
null,null,null,null,null,null,null,null,null,null,null,null,null,null,null,null,null,null,null,null,null,null,null,null,null,null,null,null,null,null,null,null,null,null,null,null,null,null,null,null,null,null,null,null,null,null,null,null,null,null
null,null,null,null,null,null,null,null,null,null,null,null,null,null,null,null,null,null,null,null,null,null,null,null,null,null,null,null,null,null,null,null,null,null,null,null,null,null,null,null,null,null,null,null,null,null,null,null,null,null
null,null,null,null,null,null,null,null,null,null,null,null,null,null,null,null,null,null,null,null,null,null,null,null,null,null,null,null,null,null,null,null,null,null,null,null,null,null,null,null,null,null,null,null,null,null,null,null,null,null
null,null,null,null,34.733802795410156,34.73533630371094,34.73662185668945,34.73748016357422,34.7379264831543,null,null,34.75328826904297,34.754154205322266,34.755767822265625,34.75690841674805,34.75743865966797,34.75789260864258,34.758216857910156,34.758575439453125,34.75891876220703,34.759300231933594,34.75967025756836,34.76006317138672,34.76043701171875,34.76082992553711,34.76119613647461,34.76158142089844,34.761932373046875,34.762298583984375,34.76263427734375,34.76298141479492,34.7632942199707,34.76361846923828,34.763912200927734,34.764217376708984,34.76449966430664,34.7646484375,34.764793395996094,34.76505661010742,34.76533508300781,34.765594482421875,34.765865325927734,34.766109466552734,34.7663688659668,34.76660919189453,34.7668571472168,34.76708221435547,34.7673225402832,34.767547607421875,34.76778030395508
null,null,null,34.734928131103516,34.73583984375,34.73772430419922,34.7392692565918,34.740169525146484,34.741607666015625,null,null,34.75348663330078,34.75444793701172,34.75587463378906,34.75693893432617,34.7574577331543,34.75792694091797,34.75825881958008,34.758636474609375,34.75899887084961,34.75940704345703,34.75979232788086,34.760215759277344,34.76060104370117,34.76102828979492,34.761409759521484,34.7618293762207,34.76219940185547,34.76259994506836,34.76295471191406,34.763336181640625,34.763671875,34.764034271240234,34.764347076416016,34.764686584472656,34.76498794555664,34.76515579223633,34.76531219482422,34.76559829711914,34.765907287597656,34.766178131103516,34.76647186279297,34.766727447509766,34.767005920410156,34.76725387573242,34.767520904541016,34.76774978637695,34.76799774169922,34.76822280883789,34.768463134765625
null,34.73799133300781,34.73845291137695,34.73912811279297,34.74062728881836,34.74290084838867,34.74470901489258,34.74576187133789,34.747581481933594,34.7503662109375,34.75291442871094,34.753807067871094,34.75471496582031,34.75568771362305,34.756473541259766,34.75693130493164,34.757347106933594,34.757659912109375,34.75802993774414,34.758392333984375,34.758819580078125,34.759239196777344,34.75971984863281,34.760169982910156,34.76068115234375,34.76115417480469,34.76167678833008,34.76215362548828,34.762672424316406,34.76313781738281,34.76364517211914,34.76409149169922,34.76457595825195,34.76499938964844,34.76545715332031,34.7658576965332,34.766082763671875,34.76629638671875,34.76667785644531,34.767086029052734,34.76744079589844,34.767818450927734,34.76814651489258,34.76849365234375,34.768798828125,34.76911544799805,34.76938247680664,34.769657135009766,34.769893646240234,34.77013397216797
null,34.740230560302734,34.741310119628906,34.74332046508789,34.74556350708008,34.74766159057617,34.74940490722656,34.7504768371582,34.751617431640625,34.752586364746094,34.75349426269531,34.75412368774414,34.754756927490234,34.755245208740234,34.75568389892578,34.75597381591797,34.756263732910156,34.756492614746094,34.75679016113281,34.75709915161133,34.757503509521484,34.757930755615234,34.75845718383789,34.75899124145508,34.759620666503906,34.76023864746094,34.76094436645508,34.76161193847656,34.76235580444336,34.76304244995117,34.763797760009766,34.76447677612305,34.765220642089844,34.76588821411133,34.766605377197266,34.76723861694336,34.7675895690918,34.76792526245117,34.76852798461914,34.76917266845703,34.769737243652344,34.77033615112305,34.770851135253906,34.771392822265625,34.7718505859375,34.772315979003906,34.7726936340332,34.7730598449707,34.773345947265625,34.773597717285156
null,34.74267578125,34.74382400512695,34.74591827392578,34.74799728393555,34.74968719482422,34.751121520996094,34.75203323364258,34.752811431884766,34.75331115722656,34.7537956237793,34.75416946411133,34.754512786865234,34.754764556884766,34.75497817993164,34.7551155090332,34.7552604675293,34.75538635253906,34.75558090209961,34.75581359863281,34.75615310668945,34.75654602050781,34.757076263427734,34.75764846801758,34.75836944580078,34.75910949707031,34.75999450683594,34.76087188720703,34.76188659667969,34.76285171508789,34.763946533203125,34.76496505737305,34.76609802246094,34.76713943481445,34.76828384399414,34.76931381225586,34.76988220214844,34.77043914794922,34.771446228027344,34.77254104614258,34.77350997924805,34.7745475769043,34.77545166015625,34.77640151977539,34.77720642089844,34.77801513671875,34.77867126464844,34.779293060302734,34.779754638671875,34.78013610839844
null,34.74393081665039,34.74504089355469,34.746826171875,34.74858093261719,34.74999237060547,34.75118637084961,34.75194549560547,34.752586364746094,34.75299072265625,34.75335693359375,34.75362777709961,34.75385284423828,34.753997802734375,34.75409698486328,34.75413513183594,34.75416946411133,34.75419998168945,34.75429153442383,34.75442886352539,34.75468063354492,34.7550048828125,34.75548553466797,34.75604248046875,34.75679397583008,34.75761032104492,34.75864791870117,34.759727478027344,34.761051177978516,34.76237106323242,34.763946533203125,34.765480041503906,34.76728439331055,34.76900100708008,34.77099609375,34.772857666015625,34.773895263671875,34.774993896484375,34.776954650878906,34.779170989990234,34.781166076660156,34.78337478637695,34.785316467285156,34.78740310668945,34.789180755615234,34.79102325439453,34.79252243041992,34.79399490356445,34.79510498046875,34.79608917236328
