earth/public/data/ocean/C53/ANN-votemper-depthz-500m-gfs-1.0.json
{"header": {"discipline": 0, "disciplineName": "Meteorological products", "gribEdition": 2, "gribLength": 131138.0, "center": 0, "centerName": "Kiel Climate Model", "subcenter": 0, "refTime": "1", "significanceOfRT": 1, "significanceOfRTName": "Start of forecast", "productStatus": 0, "productStatusName": "Operational products", "productType": 1, "productTypeName": "Forecast products", "productDefinitionTemplate": 0, "productDefinitionTemplateName": "Analysis/forecast at horizontal level/layer at a point in time", "parameterCategory": 2, "parameterCategoryName": "Momentum", "parameterNumber": 2, "parameterNumberName": "U-component_of_wind", "parameterUnit": "C", "genProcessType": 2, "genProcessTypeName": "Forecast", "forecastTime": 0, "surface1Type": 103, "surface1TypeName": "Specified height level above ground", "surface1Value": 10, "surface2Type": 255, "surface2TypeName": "Missing", "surface2Value": 0, "gridDefinitionTemplate": 0, "gridDefinitionTemplateName": "Latitude_Longitude", "numberPoints": 65160, "shape": 6, "shapeName": "Earth spherical with radius of 6,371,229.0 m", "gridUnits": "degrees", "resolution": 48, "winds": "true", "scanMode": 0, "nx": 360.0, "ny": 180.0, "basicAngle": 0, "subDivisions": 0, "lo1": 0.0, "la1": -89.5, "lo2": 359.0, "la2": 89.5, "dx": 1.0, "dy": -1.0}, "data":
[rows 22 to 43 of 180, columns 98 to 146 of 360]
null,null,null,null,null,null,null,null,null,null,null,null,null,null,null,null,null,null,null,null,null,null,null,null,null,null,null,null,null,null,null,null,null,null,null,null,null,null,null,null,null,null,null,null,null,null,null,null,null
null,null,null,null,null,null,null,null,null,null,null,null,null,null,null,null,null,null,null,null,null,null,null,null,null,null,null,null,null,null,null,null,null,null,null,null,null,null,null,null,null,null,null,null,null,null,null,null,null
null,null,null,null,null,null,null,null,null,null,null,null,null,null,null,null,null,null,null,null,null,null,null,null,null,null,null,null,null,null,null,null,null,null,null,null,null,null,null,null,null,null,null,null,null,null,null,null,null
null,null,null,null,null,null,null,null,null,null,null,null,null,null,null,null,null,null,null,null,null,null,null,null,null,null,null,null,null,null,null,null,null,null,null,null,null,null,null,null,null,null,null,null,null,null,null,null,null
null,null,null,null,null,null,null,null,null,null,null,null,null,null,null,null,null,null,null,null,null,null,null,null,null,null,null,null,null,null,null,null,null,null,null,null,null,null,null,null,null,null,null,null,null,null,null,null,null
null,null,null,null,null,null,null,null,null,null,null,null,null,null,null,null,null,null,null,null,null,null,null,null,null,null,null,null,null,null,null,null,null,null,null,null,null,null,null,null,null,null,null,null,null,null,null,5.819004058837891,5.816565990447998
null,null,null,null,null,null,null,null,null,null,null,null,null,null,null,null,null,null,null,null,null,null,null,null,null,null,null,null,null,null,null,null,null,null,null,null,null,null,null,null,null,null,null,null,null,null,null,5.8261189460754395,5.822037220001221
null,null,null,null,null,null,null,null,null,null,null,null,null,null,null,null,null,null,null,null,null,null,null,null,null,null,null,null,null,7.48669958114624,7.495144844055176,null,null,null,null,null,null,null,null,null,null,null,null,5.87375545501709,5.86540412902832,5.860483169555664,5.8513898849487305,5.842408180236816,5.834648609161377
null,null,null,null,null,null,null,null,null,null,null,null,null,null,null,null,null,null,null,null,null,null,null,null,null,null,null,7.404495716094971,7.413782119750977,7.423031806945801,7.444331169128418,7.482521057128906,7.508215427398682,null,null,null,null,null,null,null,null,null,5.927734375,5.910900115966797,5.8997721672058105,5.893276214599609,5.884003639221191,5.873793125152588,5.862217903137207
null,null,null,null,null,null,null,null,null,null,null,null,null,null,null,null,null,null,null,null,null,null,null,null,null,7.395584583282471,7.377538204193115,7.349211692810059,7.3462653160095215,7.362448692321777,7.397567272186279,7.4460625648498535,7.4723076820373535,null,null,null,null,null,null,6.0164971351623535,6.012990951538086,6.00745153427124,6.001191139221191,5.995553016662598,5.986409664154053,5.9758381843566895,5.959719657897949,5.941150188446045,5.921384334564209
null,null,null,null,null,null,null,null,null,null,null,null,null,null,null,null,null,null,null,null,null,null,null,null,null,7.428537368774414,7.397549629211426,7.340869903564453,7.330975532531738,7.369625568389893,7.413620471954346,7.45465612411499,7.476978302001953,null,null,null,null,null,null,6.180891036987305,6.160783290863037,6.166691780090332,6.167173385620117,6.162656307220459,6.151617527008057,6.135851860046387,6.111055374145508,6.081587314605713,6.050246715545654
null,null,null,null,null,null,null,null,null,null,null,null,null,null,null,null,null,null,null,null,null,null,null,null,null,7.480322360992432,7.443611145019531,7.377176284790039,7.369145393371582,7.42110013961792,7.469476699829102,7.505842685699463,7.51624870300293,7.492746829986572,7.477386474609375,null,null,null,null,6.365240573883057,6.347252368927002,6.34443998336792,6.340575695037842,6.335920810699463,6.322824954986572,6.30363130569458,6.272655487060547,6.235233306884766,6.194335460662842
null,null,null,null,null,null,null,null,null,null,null,null,null,null,null,null,null,null,null,null,null,null,null,null,null,7.515341281890869,7.490120887756348,7.44196891784668,7.455794334411621,7.525893688201904,7.583767890930176,7.617818355560303,7.618365287780762,7.585224151611328,7.5657806396484375,null,null,6.581790924072266,6.574875831604004,6.559736251831055,6.540747165679932,6.523827075958252,6.512430191040039,6.509329319000244,6.499530792236328,6.484279155731201,6.45638370513916,6.420154094696045,6.3769097328186035
null,null,null,null,null,null,null,null,null,null,null,null,null,null,null,null,null,null,null,null,null,null,null,null,null,7.659916877746582,7.652682781219482,7.639313220977783,7.6841230392456055,7.782779216766357,7.854726791381836,7.887619972229004,7.889968395233154,7.861299991607666,7.852245330810547,null,null,7.136807441711426,7.022065162658691,6.951599597930908,6.894404411315918,6.8600897789001465,6.841578960418701,6.841447353363037,6.840479850769043,6.838947772979736,6.825658798217773,6.802847385406494,6.767834186553955
null,null,null,null,null,null,null,null,null,null,null,null,null,null,null,null,null,null,null,null,null,null,null,null,null,7.8615851402282715,7.855129241943359,7.847776412963867,8.022470474243164,8.268704414367676,8.383251190185547,8.387710571289062,8.398202896118164,8.412018775939941,8.414690971374512,8.384173393249512,8.20191478729248,7.969146251678467,7.760102272033691,7.581042289733887,7.451846122741699,7.399971961975098,7.370175361633301,7.369122505187988,7.371002197265625,7.376759052276611,7.383744716644287,7.390893459320068,7.385185241699219
null,null,null,null,null,null,null,null,null,null,null,null,null,null,null,null,null,null,null,null,null,null,null,null,null,null,null,null,null,8.771240234375,8.92297077178955,8.990315437316895,9.056988716125488,9.117799758911133,9.106757164001465,9.033262252807617,8.937657356262207,8.834901809692383,8.66055965423584,8.431461334228516,8.257230758666992,8.15963363647461,8.093214988708496,8.07259750366211,8.045458793640137,8.019322395324707,8.01879596710205,8.048026084899902,8.078803062438965
null,null,null,null,null,null,null,null,null,null,null,null,null,null,null,null,null,null,null,null,null,null,null,null,null,null,null,null,null,null,null,9.59145450592041,9.617023468017578,9.59702205657959,9.566445350646973,9.54020881652832,9.48003101348877,9.399657249450684,9.262530326843262,9.102209091186523,8.929637908935547,8.774334907531738,8.670215606689453,8.623392105102539,8.562324523925781,8.488251686096191,8.530678749084473,8.636963844299316,8.743744850158691
null,null,null,null,null,null,null,null,null,null,null,null,null,null,null,null,null,null,null,null,null,9.11962604522705,9.11962604522705,null,null,9.510261535644531,9.510261535644531,null,null,null,null,9.960461616516113,9.93989086151123,null,null,null,null,null,null,null,null,null,null,null,null,null,null,9.061156272888184,9.182929992675781
null,null,null,null,null,null,null,null,null,null,null,null,null,null,null,null,null,null,null,null,null,9.154716491699219,9.1351318359375,null,null,9.496712684631348,9.517300605773926,null,null,null,null,10.043556213378906,10.043556213378906,null,null,null,null,null,null,null,null,null,null,null,null,null,null,9.422130584716797,9.512930870056152
null,null,null,null,null,null,null,null,null,null,null,null,null,null,null,null,null,10.058714866638184,9.969045639038086,9.873913764953613,9.657328605651855,9.417129516601562,9.326171875,9.368223190307617,9.425230026245117,9.476375579833984,9.49580192565918,null,null,null,null,null,null,null,null,null,null,null,null,null,null,9.965045928955078,10.04692554473877,10.077625274658203,10.083763122558594,10.04726791381836,10.018815994262695,10.014274597167969,10.122196197509766
8.901806831359863,8.891951560974121,8.91077709197998,8.962800979614258,8.945659637451172,8.87581729888916,8.829763412475586,null,null,null,null,null,null,9.896212577819824,10.048798561096191,10.333603858947754,10.41411018371582,10.321992874145508,10.252002716064453,10.20971393585205,10.059967041015625,9.829909324645996,9.673179626464844,9.609780311584473,9.545366287231445,9.4841890335083,9.451364517211914,null,null,null,null,null,null,null,null,10.140902519226074,10.07534408569336,9.826225280761719,9.752704620361328,9.848610877990723,10.033364295959473,10.237686157226562,10.393949508666992,10.531601905822754,10.615347862243652,10.63950252532959,10.728931427001953,10.867756843566895,11.053583145141602
9.418166160583496,9.395269393920898,9.382942199707031,9.37973690032959,9.29681396484375,9.141561508178711,9.06102180480957,null,null,null,null,null,null,10.04522705078125,10.179108619689941,10.42319393157959,10.539684295654297,10.504404067993164,10.47450065612793,10.453791618347168,10.324386596679688,10.110998153686523,9.9352388381958,9.831170082092285,9.687381744384766,9.528306007385254,9.442133903503418,null,null,null,null,9.512734413146973,9.566665649414062,9.66778564453125,9.910901069641113,10.189926147460938,10.276301383972168,10.226347923278809,10.222030639648438,10.272379875183105,10.438692092895508,10.687712669372559,10.918163299560547,11.085256576538086,11.227523803710938,11.318842887878418,11.452497482299805,11.606555938720703,11.793733596801758
