earth/public/data/ocean/C53/ANN-votemper-depthz-2000m-gfs-1.0.json
{"header": {"discipline": 0, "disciplineName": "Meteorological products", "gribEdition": 2, "gribLength": 131138.0, "center": 0, "centerName": "Kiel Climate Model", "subcenter": 0, "refTime": "1", "significanceOfRT": 1, "significanceOfRTName": "Start of forecast", "productStatus": 0, "productStatusName": "Operational products", "productType": 1, "productTypeName": "Forecast products", "productDefinitionTemplate": 0, "productDefinitionTemplateName": "Analysis/forecast at horizontal level/layer at a point in time", "parameterCategory": 2, "parameterCategoryName": "Momentum", "parameterNumber": 2, "parameterNumberName": "U-component_of_wind", "parameterUnit": "C", "genProcessType": 2, "genProcessTypeName": "Forecast", "forecastTime": 0, "surface1Type": 103, "surface1TypeName": "Specified height level above ground", "surface1Value": 10, "surface2Type": 255, "surface2TypeName": "Missing", "surface2Value": 0, "gridDefinitionTemplate": 0, "gridDefinitionTemplateName": "Latitude_Longitude", "numberPoints": 65160, "shape": 6, "shapeName": "Earth spherical with radius of 6,371,229.0 m", "gridUnits": "degrees", "resolution": 48, "winds": "true", "scanMode": 0, "nx": 360.0, "ny": 180.0, "basicAngle": 0, "subDivisions": 0, "lo1": 0.0, "la1": -89.5, "lo2": 359.0, "la2": 89.5, "dx": 1.0, "dy": -1.0}, "data":
[rows 69 to 91 of 180, columns 204 to 254 of 360]
6.511876583099365,6.507160663604736,6.50311279296875,6.498863697052002,6.495214462280273,6.49127197265625,6.487785816192627,6.48385763168335,6.480233192443848,6.475990295410156,6.4719319343566895,6.467135429382324,6.462503910064697,6.456921100616455,6.451435089111328,6.444892883300781,6.438525676727295,6.431328296661377,6.424654483795166,6.4173264503479,6.410724639892578,6.403714179992676,6.39762020111084,6.391188621520996,6.3856282234191895,6.379774570465088,6.374721050262451,6.369450092315674,6.364946365356445,6.360195159912109,6.356085300445557,6.351753234863281,6.34800910949707,6.343983173370361,6.340426921844482,6.336568832397461,6.333127021789551,6.329390048980713,6.326049327850342,6.32228422164917,6.318792343139648,6.314846515655518,6.31118106842041,6.307207107543945,6.303656578063965,6.300236701965332,6.297560214996338,6.295715808868408,6.295011520385742,6.295577526092529,6.297276020050049
6.49127721786499,6.486713886260986,6.482799530029297,6.478765964508057,6.475343227386475,6.471702575683594,6.468493461608887,6.46489953994751,6.461555480957031,6.457662582397461,6.453908443450928,6.449471473693848,6.445135116577148,6.439965724945068,6.434874057769775,6.4288716316223145,6.423009872436523,6.4163970947265625,6.410191059112549,6.403451442718506,6.397361755371094,6.3909478187561035,6.3853349685668945,6.379428863525391,6.374261856079102,6.368851184844971,6.364143371582031,6.359246253967285,6.355020046234131,6.350589275360107,6.346735000610352,6.3426947593688965,6.339181423187256,6.335424900054932,6.332087516784668,6.328468322753906,6.3252058029174805,6.321659564971924,6.318457126617432,6.314881801605225,6.311567783355713,6.307858467102051,6.304409503936768,6.300656795501709,6.2972588539123535,6.293920040130615,6.291225910186768,6.289254188537598,6.288355350494385,6.288685321807861,6.290185928344727
6.47370719909668,6.469177722930908,6.465259552001953,6.461267471313477,6.457930564880371,6.454432964324951,6.4514241218566895,6.448041915893555,6.444921493530273,6.441258430480957,6.437740325927734,6.43355655670166,6.42949104309082,6.424644947052002,6.419928073883057,6.414366245269775,6.40900993347168,6.40288782119751,6.397158145904541,6.390874862670898,6.3852219581604,6.379251003265381,6.374087333679199,6.368629455566406,6.363909721374512,6.358913421630859,6.354585647583008,6.350019931793213,6.346076488494873,6.341911315917969,6.338305473327637,6.334503173828125,6.3312177658081055,6.3276872634887695,6.324573993682861,6.321172714233398,6.318121910095215,6.314769268035889,6.311742782592773,6.308345794677734,6.30521297454834,6.3017144203186035,6.298506259918213,6.295021057128906,6.291916370391846,6.288821220397949,6.286321640014648,6.284440994262695,6.283530235290527,6.283846378326416,6.285330772399902
6.455233573913574,6.450747013092041,6.446829795837402,6.442844390869141,6.439517498016357,6.436101913452148,6.433218479156494,6.43002986907959,6.427104473114014,6.423685550689697,6.4203782081604,6.416477680206299,6.412672519683838,6.408201217651367,6.4038496017456055,6.39879846572876,6.393928527832031,6.3883843421936035,6.38313102722168,6.377372741699219,6.372118949890137,6.366612434387207,6.361824035644531,6.356843948364258,6.352545738220215,6.348039150238037,6.344106674194336,6.3399577140808105,6.336313247680664,6.332487106323242,6.329148292541504,6.325650691986084,6.322606086730957,6.319349765777588,6.316452980041504,6.313304424285889,6.310457229614258,6.30734395980835,6.304511070251465,6.301357746124268,6.298436641693115,6.295223236083984,6.292278289794922,6.2891526222229,6.286384582519531,6.283682823181152,6.281501770019531,6.279926300048828,6.279205322265625,6.2797136306762695,6.2813286781311035
6.4392218589782715,6.4347734451293945,6.430860996246338,6.426845550537109,6.423453330993652,6.42003059387207,6.417198657989502,6.414119243621826,6.411362171173096,6.408120155334473,6.404999256134033,6.401316165924072,6.39776086807251,6.39359188079834,6.389595031738281,6.384954929351807,6.380552768707275,6.375480651855469,6.37070369720459,6.365364074707031,6.360471725463867,6.3552961349487305,6.350808620452881,6.346176624298096,6.342273235321045,6.338170051574707,6.334648609161377,6.330862045288086,6.327531814575195,6.324005603790283,6.320952892303467,6.31772518157959,6.314933776855469,6.311908721923828,6.309221267700195,6.306275367736816,6.303624629974365,6.300715446472168,6.298095226287842,6.295168876647949,6.292490005493164,6.289541244506836,6.286881923675537,6.284089088439941,6.281700134277344,6.279409885406494,6.277672290802002,6.276514053344727,6.276183605194092,6.2770256996154785,6.278918266296387
6.422550678253174,6.418137073516846,6.414219856262207,6.410135269165039,6.406632900238037,6.403132438659668,6.400282382965088,6.3972907066345215,6.394698619842529,6.391672134399414,6.388745307922363,6.3853230476379395,6.382007598876953,6.37817907333374,6.374509811401367,6.370325088500977,6.366353511810303,6.361822128295898,6.35751485824585,6.352700710296631,6.348213195800781,6.343469619750977,6.339297294616699,6.335057258605957,6.331492900848389,6.327820777893066,6.324679374694824,6.321316242218018,6.31831169128418,6.315145015716553,6.31236457824707,6.309442520141602,6.306888103485107,6.304136276245117,6.301667213439941,6.298979759216309,6.296542167663574,6.293895721435547,6.291499614715576,6.288871765136719,6.286466598510742,6.283873081207275,6.281533241271973,6.279162406921387,6.277157306671143,6.27536678314209,6.274077892303467,6.27345609664917,6.273571014404297,6.274858474731445,6.277047157287598
6.408257961273193,6.403863430023193,6.399931907653809,6.395761966705322,6.392103672027588,6.388481616973877,6.385543346405029,6.382588863372803,6.380158424377441,6.37731409072876,6.374589920043945,6.3713836669921875,6.368298053741455,6.364735126495361,6.361367225646973,6.357529640197754,6.353951454162598,6.349848747253418,6.346006393432617,6.341648578643799,6.337609767913818,6.333254814147949,6.329411506652832,6.325477600097656,6.322195529937744,6.318838596343994,6.31604528427124,6.31302547454834,6.310359001159668,6.307490825653076,6.304969310760498,6.3022871017456055,6.299953937530518,6.297426223754883,6.2951836585998535,6.292725086212158,6.290517807006836,6.288104057312012,6.285943984985352,6.283586502075195,6.281485080718994,6.279220104217529,6.277233600616455,6.275233268737793,6.273616790771484,6.272247314453125,6.2714128494262695,6.271268367767334,6.271883487701416,6.27357816696167,6.276081562042236
6.3933305740356445,6.388996124267578,6.385043144226074,6.380795478820801,6.377030372619629,6.373291492462158,6.370266437530518,6.367341995239258,6.365049362182617,6.362422466278076,6.359922409057617,6.357005596160889,6.354177951812744,6.350951671600342,6.3478875160217285,6.344449520111084,6.341235160827637,6.337609767913818,6.334199905395508,6.330376625061035,6.3267951011657715,6.3229289054870605,6.319441795349121,6.315873622894287,6.312845230102539,6.309822082519531,6.307331085205078,6.3046956062316895,6.302367687225342,6.299859523773193,6.297599792480469,6.29520845413208,6.293097496032715,6.2908477783203125,6.288846969604492,6.286688804626465,6.284741401672363,6.28264856338501,6.280763626098633,6.278770446777344,6.277000904083252,6.275137424468994,6.273487567901611,6.271909236907959,6.270659446716309,6.269744396209717,6.2692999839782715,6.269654750823975,6.270711898803711,6.272793769836426,6.275500297546387
6.373852252960205,6.36976957321167,6.365841865539551,6.361618518829346,6.357852935791016,6.354104995727539,6.351039886474609,6.348193645477295,6.346074104309082,6.343749523162842,6.341640472412109,6.339171409606934,6.336787700653076,6.334052085876465,6.3314595222473145,6.328534126281738,6.325808048248291,6.322748184204102,6.3199143409729,6.3167405128479,6.313809871673584,6.310580253601074,6.307644367218018,6.304564476013184,6.3018999099731445,6.29927921295166,6.297176361083984,6.295012950897217,6.293182849884033,6.291162967681885,6.2893195152282715,6.2873454093933105,6.2855963706970215,6.283752918243408,6.282146453857422,6.280435085296631,6.278928279876709,6.277312278747559,6.275881290435791,6.274392604827881,6.273122310638428,6.271755695343018,6.2705488204956055,6.269438743591309,6.2686381340026855,6.2681498527526855,6.2680792808532715,6.268879413604736,6.27042293548584,6.2727742195129395,6.275522232055664
6.354733943939209,6.350985050201416,6.3471503257751465,6.34301233291626,6.339334011077881,6.335648059844971,6.332634449005127,6.329902648925781,6.327959060668945,6.325946807861328,6.324249744415283,6.3222432136535645,6.320319652557373,6.318085670471191,6.315976619720459,6.313564777374268,6.311317443847656,6.308808326721191,6.306523323059082,6.30396842956543,6.301641464233398,6.2990193367004395,6.296610355377197,6.2940192222595215,6.291744709014893,6.289538860321045,6.287827014923096,6.286133766174316,6.284792423248291,6.28326416015625,6.281854629516602,6.280316352844238,6.278954982757568,6.27753210067749,6.276331424713135,6.275073528289795,6.274014472961426,6.272871017456055,6.271877288818359,6.270870208740234,6.270057678222656,6.2691569328308105,6.268354415893555,6.267670631408691,6.267250061035156,6.267114162445068,6.267301559448242,6.268465518951416,6.270407676696777,6.27295446395874,6.275647163391113
6.341886520385742,6.338449001312256,6.334785461425781,6.330904483795166,6.327481746673584,6.324067115783691,6.321249961853027,6.318726062774658,6.316933631896973,6.315191745758057,6.31379508972168,6.3121562004089355,6.310545444488525,6.3087029457092285,6.306933403015137,6.304913520812988,6.302979946136475,6.300846099853516,6.298873424530029,6.296694278717041,6.294680595397949,6.292428493499756,6.290323257446289,6.2881035804748535,6.286143779754639,6.284294605255127,6.282863140106201,6.281513214111328,6.280464172363281,6.279287815093994,6.278172969818115,6.276980400085449,6.275900363922119,6.2747979164123535,6.273849010467529,6.272904396057129,6.272113800048828,6.271263122558594,6.2704877853393555,6.269731044769287,6.26911735534668,6.268442153930664,6.267817497253418,6.267316818237305,6.26702356338501,6.2669901847839355,6.267220497131348,6.268485069274902,6.270551681518555,6.273126125335693,6.275740623474121
6.325062274932861,6.322174549102783,6.3190436363220215,6.315763473510742,6.312916278839111,6.310028553009033,6.307629585266113,6.305484294891357,6.303983688354492,6.302623748779297,6.301652908325195,6.300481796264648,6.299326419830322,6.29799747467041,6.296738147735596,6.29523229598999,6.293756008148193,6.292062282562256,6.290463447570801,6.288675785064697,6.287029266357422,6.2852020263671875,6.2835259437561035,6.281819820404053,6.280391693115234,6.279044151306152,6.2780256271362305,6.277071475982666,6.276364326477051,6.275575160980225,6.274855136871338,6.274082183837891,6.273402214050293,6.272664546966553,6.272009372711182,6.271364688873291,6.270857334136963,6.270244598388672,6.269649982452393,6.269052028656006,6.2685699462890625,6.268014907836914,6.267498016357422,6.267068862915039,6.266813278198242,6.266769886016846,6.266952991485596,6.268172740936279,6.270219326019287,6.272731781005859,6.275261878967285
6.308785438537598,6.306564807891846,6.304145812988281,6.3015313148498535,6.299240589141846,6.296860694885254,6.294851779937744,6.293080806732178,6.291890621185303,6.290903091430664,6.290318012237549,6.289594650268555,6.288888931274414,6.2880659103393555,6.2873029708862305,6.286300182342529,6.285266399383545,6.283990383148193,6.282725811004639,6.281306743621826,6.2800092697143555,6.278607368469238,6.27738094329834,6.276198387145996,6.275305271148682,6.274447441101074,6.273807525634766,6.273214817047119,6.272793769836426,6.2723541259765625,6.2719926834106445,6.271612644195557,6.271303176879883,6.270899772644043,6.270493030548096,6.270101070404053,6.269805908203125,6.269381999969482,6.2689127922058105,6.268433094024658,6.2680344581604,6.267557621002197,6.267090320587158,6.266695499420166,6.266443252563477,6.26636266708374,6.266463279724121,6.267592430114746,6.269535541534424,6.271952152252197,6.27439546585083
6.2984514236450195,6.297010898590088,6.295366287231445,6.2934160232543945,6.291457653045654,6.2893452644348145,6.287450313568115,6.2858734130859375,6.284892559051514,6.284124851226807,6.28369665145874,6.283228397369385,6.282790184020996,6.2822980880737305,6.281819820404053,6.281137466430664,6.2803544998168945,6.279332637786865,6.278241157531738,6.277065753936768,6.276001930236816,6.274940490722656,6.274046421051025,6.273255348205566,6.272682189941406,6.272134304046631,6.271690845489502,6.271285533905029,6.2709808349609375,6.270708084106445,6.270508289337158,6.270331382751465,6.270198345184326,6.269969463348389,6.269676685333252,6.269383430480957,6.269138336181641,6.26876163482666,6.2683210372924805,6.267860412597656,6.267463207244873,6.266980171203613,6.266499996185303,6.266084671020508,6.265811920166016,6.265645503997803,6.265624523162842,6.266572952270508,6.268336772918701,6.270583629608154,6.272921562194824
6.285724639892578,6.285390853881836,6.285046100616455,6.284124374389648,6.282790660858154,6.280989646911621,6.279036521911621,6.277530193328857,6.276754856109619,6.276134490966797,6.275793075561523,6.275525093078613,6.275387763977051,6.275225639343262,6.275076389312744,6.27473258972168,6.274261951446533,6.273521423339844,6.272647380828857,6.271793365478516,6.271113395690918,6.270516872406006,6.270113945007324,6.269779682159424,6.2695817947387695,6.269346714019775,6.269123554229736,6.268894195556641,6.268703460693359,6.268553733825684,6.268476486206055,6.2684478759765625,6.2684783935546875,6.268404483795166,6.268241882324219,6.268022060394287,6.26778507232666,6.267423152923584,6.267000675201416,6.266536235809326,6.26611328125,6.265614986419678,6.265129566192627,6.264703750610352,6.2644124031066895,6.264125347137451,6.263890743255615,6.2645697593688965,6.266030788421631,6.26801872253418,6.270164966583252
6.270204544067383,6.270944595336914,6.271955966949463,6.272424697875977,6.272272109985352,6.271093845367432,6.269089698791504,6.267557621002197,6.26677942276001,6.26615047454834,6.265801429748535,6.265666961669922,6.265780925750732,6.2659454345703125,6.266138076782227,6.2662034034729,6.26613187789917,6.265769004821777,6.265180587768555,6.264773845672607,6.264622211456299,6.264601230621338,6.264720916748047,6.264888763427734,6.265082836151123,6.265189170837402,6.265193462371826,6.265176773071289,6.265143394470215,6.265133380889893,6.265147686004639,6.2652716636657715,6.265482425689697,6.2655863761901855,6.265565395355225,6.265443801879883,6.265243053436279,6.264924049377441,6.264542102813721,6.264101028442383,6.263677597045898,6.263210773468018,6.262780666351318,6.26239538192749,6.262121677398682,6.261764049530029,6.261379241943359,6.261819362640381,6.262994289398193,6.2646684646606445,6.26654052734375
6.255796909332275,6.256883144378662,6.258575439453125,6.260017395019531,6.2610015869140625,6.260570049285889,6.258818626403809,6.25722599029541,6.256070137023926,6.255073547363281,6.25443172454834,6.254090785980225,6.254138946533203,6.254396438598633,6.254830360412598,6.255256652832031,6.255596160888672,6.255671501159668,6.255460262298584,6.2555317878723145,6.255868911743164,6.256266117095947,6.256660461425781,6.257112979888916,6.2575507164001465,6.2578816413879395,6.2580485343933105,6.258258819580078,6.258467197418213,6.2586588859558105,6.258787155151367,6.259064674377441,6.259435176849365,6.25968599319458,6.259771347045898,6.259783744812012,6.2597150802612305,6.259565353393555,6.259348392486572,6.259101390838623,6.258850574493408,6.258606433868408,6.258395195007324,6.258217811584473,6.258090972900391,6.257862567901611,6.257562637329102,6.257846832275391,6.258675575256348,6.259649276733398,6.260650634765625
6.2435407638549805,6.244502067565918,6.24614953994751,6.2477216720581055,6.248963356018066,6.248920440673828,6.247640609741211,6.246105194091797,6.244592666625977,6.24315881729126,6.2420334815979,6.241237640380859,6.240899562835693,6.2410197257995605,6.241580009460449,6.242258548736572,6.242948055267334,6.243422508239746,6.243618965148926,6.24404764175415,6.244655609130859,6.245214939117432,6.245638847351074,6.24616813659668,6.246711730957031,6.24717378616333,6.247474193572998,6.247912883758545,6.248420715332031,6.248855113983154,6.249152660369873,6.2495574951171875,6.250010013580322,6.250344276428223,6.250507354736328,6.250664234161377,6.250792980194092,6.250922679901123,6.251038551330566,6.251159191131592,6.251272201538086,6.251425743103027,6.251601219177246,6.251772880554199,6.251917839050293,6.251941680908203,6.2518486976623535,6.251969337463379,6.252273082733154,6.252202987670898,6.2517194747924805
6.2355146408081055,6.236198902130127,6.237270355224609,6.238215446472168,6.238870620727539,6.238640308380127,6.237570285797119,6.236180782318115,6.234725475311279,6.233129978179932,6.231679916381836,6.2303595542907715,6.2294182777404785,6.229079723358154,6.229432582855225,6.230001926422119,6.230712413787842,6.231168270111084,6.231321811676025,6.231630325317383,6.232072830200195,6.2324090003967285,6.232600688934326,6.232962608337402,6.233445644378662,6.2338738441467285,6.234183311462402,6.234683036804199,6.235299110412598,6.235724925994873,6.235908031463623,6.2361602783203125,6.236461162567139,6.236692428588867,6.236825942993164,6.237020015716553,6.237247467041016,6.2376227378845215,6.2380805015563965,6.238589763641357,6.239058494567871,6.239667892456055,6.240301132202148,6.2408833503723145,6.241301536560059,6.241591930389404,6.241695404052734,6.241776943206787,6.241805076599121,6.241067886352539,6.2396697998046875
6.22973108291626,6.229955673217773,6.230313777923584,6.230499267578125,6.230452060699463,6.229950904846191,6.229053974151611,6.2280144691467285,6.226990699768066,6.225543022155762,6.223927021026611,6.222017288208008,6.220169544219971,6.218818187713623,6.218242645263672,6.21791934967041,6.217961311340332,6.217602729797363,6.216947555541992,6.21646785736084,6.2162699699401855,6.215975761413574,6.215645790100098,6.215555191040039,6.215728759765625,6.21588134765625,6.215993881225586,6.216252326965332,6.216619491577148,6.2166337966918945,6.216296672821045,6.216078281402588,6.216010570526123,6.215947151184082,6.215897083282471,6.2159810066223145,6.216182708740234,6.216684818267822,6.217398643493652,6.218207836151123,6.218968391418457,6.2199788093566895,6.221063613891602,6.221965312957764,6.222538948059082,6.223003387451172,6.223289966583252,6.223527431488037,6.223680019378662,6.223075866699219,6.221806049346924
6.219813346862793,6.219235420227051,6.21919059753418,6.218664646148682,6.217780113220215,6.217153072357178,6.216925621032715,6.216491222381592,6.215940952301025,6.214838981628418,6.213373184204102,6.211139678955078,6.208479881286621,6.205911636352539,6.203848838806152,6.202197074890137,6.201203346252441,6.199888229370117,6.1984124183654785,6.197166442871094,6.19630765914917,6.195520401000977,6.19489049911499,6.194536209106445,6.194461822509766,6.194457054138184,6.194478511810303,6.1945695877075195,6.194671154022217,6.194461345672607,6.193917751312256,6.193508625030518,6.193252086639404,6.193044662475586,6.192891597747803,6.192931652069092,6.193138599395752,6.1936936378479,6.194498538970947,6.195497035980225,6.196518421173096,6.197782516479492,6.199073314666748,6.200077533721924,6.200622081756592,6.201134204864502,6.201521396636963,6.201903820037842,6.202219486236572,6.202109336853027,6.201599597930908
6.203598976135254,6.202058792114258,6.202112197875977,6.200843811035156,6.198469161987305,6.1975178718566895,6.19817590713501,6.198076248168945,6.197288990020752,6.196653366088867,6.19629430770874,6.194718837738037,6.192162036895752,6.189112663269043,6.186067581176758,6.183661460876465,6.18228006362915,6.18094539642334,6.1798505783081055,6.178810119628906,6.177961826324463,6.177426338195801,6.177274703979492,6.177295207977295,6.1774773597717285,6.1777801513671875,6.178145408630371,6.1785101890563965,6.178802967071533,6.17896842956543,6.178982257843018,6.1789727210998535,6.178951740264893,6.178936958312988,6.17893648147583,6.179073333740234,6.179332256317139,6.179774284362793,6.180337429046631,6.181216239929199,6.182276248931885,6.183408737182617,6.184433937072754,6.185316562652588,6.185893535614014,6.186494827270508,6.186988830566406,6.18746280670166,6.187819480895996,6.18843412399292,6.189168930053711
6.187776565551758,6.185616493225098,6.1858744621276855,6.184011459350586,6.180340766906738,6.178924083709717,6.17998743057251,6.179535388946533,6.1776556968688965,6.177538871765137,6.179193496704102,6.179084777832031,6.177257537841797,6.174520969390869,6.171401023864746,6.1688714027404785,6.1674370765686035,6.166664123535156,6.1667656898498535,6.166708469390869,6.166538715362549,6.166754722595215,6.167340278625488,6.167954921722412,6.168522357940674,6.169266223907471,6.170081615447998,6.17087984085083,6.171543121337891,6.172262191772461,6.172930717468262,6.173434734344482,6.173703670501709,6.173957347869873,6.174160957336426,6.174372673034668,6.174558162689209,6.174715518951416,6.174808979034424,6.175219535827637,6.175870418548584,6.176562309265137,6.177157402038574,6.178263187408447,6.179618835449219,6.180543422698975,6.180869102478027,6.181266784667969,6.181701183319092,6.183253765106201,6.185647964477539
