earth/public/data/ocean/C53/ANN-vosaline-depthz-0m-gfs-1.0.json
{"header": {"discipline": 0, "disciplineName": "Meteorological products", "gribEdition": 2, "gribLength": 131138.0, "center": 0, "centerName": "Kiel Climate Model", "subcenter": 0, "refTime": "1", "significanceOfRT": 1, "significanceOfRTName": "Start of forecast", "productStatus": 0, "productStatusName": "Operational products", "productType": 1, "productTypeName": "Forecast products", "productDefinitionTemplate": 0, "productDefinitionTemplateName": "Analysis/forecast at horizontal level/layer at a point in time", "parameterCategory": 2, "parameterCategoryName": "Momentum", "parameterNumber": 2, "parameterNumberName": "U-component_of_wind", "parameterUnit": "PSU", "genProcessType": 2, "genProcessTypeName": "Forecast", "forecastTime": 0, "surface1Type": 103, "surface1TypeName": "Specified height level above ground", "surface1Value": 10, "surface2Type": 255, "surface2TypeName": "Missing", "surface2Value": 0, "gridDefinitionTemplate": 0, "gridDefinitionTemplateName": "Latitude_Longitude", "numberPoints": 65160, "shape": 6, "shapeName": "Earth spherical with radius of 6,371,229.0 m", "gridUnits": "degrees", "resolution": 48, "winds": "true", "scanMode": 0, "nx": 360.0, "ny": 180.0, "basicAngle": 0, "subDivisions": 0, "lo1": 0.0, "la1": -89.5, "lo2": 359.0, "la2": 89.5, "dx": 1.0, "dy": -1.0}, "data":
[rows 63 to 83 of 180, columns 96 to 143 of 360]
36.47020721435547,36.46316146850586,36.45613098144531,36.45038986206055,36.443851470947266,36.437686920166016,36.43054962158203,36.42366409301758,36.41726303100586,36.41241455078125,36.40733337402344,36.40288543701172,36.39786911010742,36.393192291259766,36.38814926147461,36.383697509765625,36.378753662109375,36.374263763427734,36.36848831176758,36.36245346069336,36.35536575317383,36.348419189453125,36.33955383300781,36.33026123046875,36.31993103027344,36.310359954833984,36.29941177368164,36.28909683227539,36.276981353759766,36.26536560058594,36.25056838989258,36.23539352416992,36.21799850463867,36.201622009277344,36.184364318847656,36.169395446777344,36.15494155883789,36.14366912841797,36.131343841552734,36.12030029296875,36.107017517089844,36.09400177001953,36.07839584350586,36.06309127807617,36.04573059082031,36.02949523925781,36.010902404785156,35.993370056152344
36.32534408569336,36.3184814453125,36.31149673461914,36.305660247802734,36.29926681518555,36.29349136352539,36.28715133666992,36.28146743774414,36.27605438232422,36.27198028564453,36.2674674987793,36.26338577270508,36.2584342956543,36.25352096557617,36.24800109863281,36.242828369140625,36.23736572265625,36.23255157470703,36.22698974609375,36.221702575683594,36.21567153930664,36.210086822509766,36.20258712768555,36.194664001464844,36.18526077270508,36.176177978515625,36.16506576538086,36.1539421081543,36.140785217285156,36.12789535522461,36.11188507080078,36.09556198120117,36.077354431152344,36.06049346923828,36.04286575317383,36.027645111083984,36.01271057128906,36.000736236572266,35.987449645996094,35.97517395019531,35.960872650146484,35.947052001953125,35.93083572387695,35.91511535644531,35.89749526977539,35.88115310668945,35.862239837646484,35.844173431396484
36.18561935424805,36.178428649902344,36.17089080810547,36.16446304321289,36.15766143798828,36.151798248291016,36.145816802978516,36.14082336425781,36.1358642578125,36.131858825683594,36.127342224121094,36.12318420410156,36.118038177490234,36.112876892089844,36.10712432861328,36.10181427001953,36.09639358520508,36.09178924560547,36.0867805480957,36.08220672607422,36.07695770263672,36.07197189331055,36.065067291259766,36.05753707885742,36.04816818237305,36.03874206542969,36.026676177978516,36.01428985595703,35.99941635131836,35.984920501708984,35.967227935791016,35.94969940185547,35.93043899536133,35.91302490234375,35.89482116699219,35.879180908203125,35.86355209350586,35.8508415222168,35.836429595947266,35.823020935058594,35.80763244628906,35.79312515258789,35.77627944946289,35.760196685791016,35.7424201965332,35.7261848449707,35.70735168457031,35.689308166503906
36.076473236083984,36.06843948364258,36.0599365234375,36.05242156982422,36.04479217529297,36.038360595703125,36.03218078613281,36.027366638183594,36.02217483520508,36.01753234863281,36.0124397277832,36.00776672363281,36.00223159790039,35.99680709838867,35.99114227294922,35.98627853393555,35.981449127197266,35.97758865356445,35.97328567504883,35.96938705444336,35.964393615722656,35.9592399597168,35.951961517333984,35.94384765625,35.9336051940918,35.92301940917969,35.909515380859375,35.895423889160156,35.878726959228516,35.86229705810547,35.8430061340332,35.82421875,35.804012298583984,35.78598403930664,35.76717758178711,35.7509651184082,35.734657287597656,35.721168518066406,35.705848693847656,35.691410064697266,35.67522048950195,35.660152435302734,35.64286804199219,35.626468658447266,35.60869598388672,35.5927734375,35.57439422607422,35.55693817138672
35.96746063232422,35.958091735839844,35.94818878173828,35.939674377441406,35.93104553222656,35.9239501953125,35.91720199584961,35.91209411621094,35.9062385559082,35.900779724121094,35.89496612548828,35.88990783691406,35.884212493896484,35.878902435302734,35.87371826171875,35.86954116821289,35.86532974243164,35.8618049621582,35.857669830322266,35.85371398925781,35.8482666015625,35.842411041259766,35.83433532714844,35.82559585571289,35.814388275146484,35.80281448364258,35.788021087646484,35.772762298583984,35.75457000732422,35.73681640625,35.71633529663086,35.6968879699707,35.675968170166016,35.65739440917969,35.6378288269043,35.620887756347656,35.603614807128906,35.58924102783203,35.5728759765625,35.55757522583008,35.54062271118164,35.525146484375,35.50753402709961,35.490997314453125,35.47335433959961,35.457794189453125,35.43996810913086,35.423072814941406
35.84021759033203,35.82784652709961,35.81526565551758,35.804840087890625,35.79425048828125,35.785526275634766,35.77705001831055,35.770442962646484,35.76308822631836,35.7563362121582,35.749717712402344,35.744407653808594,35.738929748535156,35.73427963256836,35.72991943359375,35.726688385009766,35.722808837890625,35.71903610229492,35.71427917480469,35.709388732910156,35.70281219482422,35.69566345214844,35.68666076660156,35.677345275878906,35.66542434692383,35.65298843383789,35.63750457763672,35.62171936035156,35.60295486450195,35.58454132080078,35.563926696777344,35.54478454589844,35.52393341064453,35.505096435546875,35.484962463378906,35.46711730957031,35.44856262207031,35.432640075683594,35.4148063659668,35.398319244384766,35.38029861450195,35.36405944824219,35.345848083496094,35.329036712646484,35.31123352050781,35.29574966430664,35.278038024902344,35.26141357421875
35.72170639038086,35.7060661315918,35.69049072265625,35.677616119384766,35.66465377807617,35.65379333496094,35.64324951171875,35.63479232788086,35.625877380371094,35.61802673339844,35.61073303222656,35.60528564453125,35.60005187988281,35.59598922729492,35.59223937988281,35.58949661254883,35.58570861816406,35.58154296875,35.57620620727539,35.57063674926758,35.563255310058594,35.555381774902344,35.54584503173828,35.53638458251953,35.52405548095703,35.5111083984375,35.4952392578125,35.47934341430664,35.46033477783203,35.441688537597656,35.421260833740234,35.40279769897461,35.38233947753906,35.36366271972656,35.343299865722656,35.32496643066406,35.305267333984375,35.2877311706543,35.26833724975586,35.250526428222656,35.231224060058594,35.21385192871094,35.19475173950195,35.17732238769531,35.15901565551758,35.143096923828125,35.12507629394531,35.10817337036133
35.65304183959961,35.634891510009766,35.6165657043457,35.601619720458984,35.58613967895508,35.573143005371094,35.55999755859375,35.549339294433594,35.53837203979492,35.52931594848633,35.5209846496582,35.5150260925293,35.50956726074219,35.505653381347656,35.50215148925781,35.49968338012695,35.49615478515625,35.49215316772461,35.487342834472656,35.48248291015625,35.476192474365234,35.46943283081055,35.461212158203125,35.45283126831055,35.44124221801758,35.428443908691406,35.41267395019531,35.396785736083984,35.377777099609375,35.35911178588867,35.33907699584961,35.3212890625,35.301658630371094,35.2836799621582,35.26389694213867,35.245826721191406,35.22560119628906,35.20692443847656,35.18602752685547,35.166839599609375,35.145877838134766,35.127113342285156,35.1065673828125,35.08812713623047,35.068599700927734,35.05166244506836,35.032447814941406,35.01457977294922
35.59798049926758,35.5771598815918,35.55642318725586,35.53932571411133,35.52151870727539,35.506019592285156,35.49015426635742,35.47655487060547,35.46320724487305,35.45233154296875,35.44257736206055,35.43560028076172,35.429603576660156,35.425636291503906,35.422367095947266,35.42041778564453,35.4174919128418,35.4141845703125,35.41057205200195,35.407413482666016,35.40314483642578,35.398719787597656,35.39265441894531,35.38624572753906,35.3758430480957,35.36344909667969,35.34779357910156,35.33173751831055,35.31256103515625,35.29373550415039,35.27394104003906,35.25679397583008,35.23799514770508,35.221031188964844,35.2020378112793,35.184539794921875,35.16402053833008,35.144187927246094,35.12183380126953,35.100887298583984,35.07815170288086,35.05759811401367,35.03546905517578,35.01564407348633,34.994720458984375,34.976375579833984,34.95576858520508,34.9365234375
35.53470993041992,35.511436462402344,35.488380432128906,35.46986770629883,35.45032501220703,35.43335723876953,35.41505813598633,35.39887619018555,35.38236618041992,35.36880111694336,35.35602569580078,35.34669876098633,35.338096618652344,35.332130432128906,35.32719421386719,35.324459075927734,35.321170806884766,35.31803512573242,35.31554412841797,35.3140869140625,35.31296920776367,35.31210708618164,35.310909271240234,35.30904769897461,35.3029670715332,35.2932243347168,35.27960968017578,35.2642936706543,35.24553298950195,35.226661682128906,35.20693588256836,35.18995666503906,35.171749114990234,35.15560531616211,35.13779067993164,35.12144088745117,35.101226806640625,35.080753326416016,35.057064056396484,35.034542083740234,35.009925842285156,34.98781204223633,34.96419143676758,34.94343948364258,34.921260833740234,34.90174865722656,34.879520416259766,34.858734130859375
35.47496032714844,35.4494514465332,35.4249382019043,35.405738830566406,35.38563919067383,35.36823272705078,35.348602294921875,35.3301887512207,35.310791015625,35.293670654296875,35.277278900146484,35.26427459716797,35.251861572265625,35.24195861816406,35.2340087890625,35.229183197021484,35.22468185424805,35.22120666503906,35.21938705444336,35.2196159362793,35.22174072265625,35.225669860839844,35.23042678833008,35.23569107055664,35.23562240600586,35.230777740478516,35.22043991088867,35.206787109375,35.18888473510742,35.170074462890625,35.150230407714844,35.1329460144043,35.11489486694336,35.09937286376953,35.08273696899414,35.068111419677734,35.0486946105957,35.0280876159668,35.00364303588867,34.979732513427734,34.95375061035156,34.9302978515625,34.9057731628418,34.88455581665039,34.8616828918457,34.841251373291016,34.817710876464844,34.795223236083984
35.40377426147461,35.37675476074219,35.35061264038086,35.330223083496094,35.30895233154297,35.29078674316406,35.269920349121094,35.250205993652344,35.228797912597656,35.20962905883789,35.190330505371094,35.174530029296875,35.15770721435547,35.143245697021484,35.129905700683594,35.12065887451172,35.11201095581055,35.106048583984375,35.10206985473633,35.10118865966797,35.1032600402832,35.10820770263672,35.11627960205078,35.12604522705078,35.1326789855957,35.13450622558594,35.13165283203125,35.123802185058594,35.11140060424805,35.095943450927734,35.078556060791016,35.06201171875,35.044219970703125,35.028385162353516,35.011993408203125,34.99808883666992,34.98017883300781,34.961360931396484,34.938655853271484,34.915863037109375,34.891319274902344,34.869144439697266,34.846343994140625,34.82672119140625,34.805519104003906,34.78628158569336,34.763671875,34.741546630859375
35.334232330322266,35.306419372558594,35.27903366088867,35.25694274902344,35.234275817871094,35.21503448486328,35.19343566894531,35.173343658447266,35.1514778137207,35.13176727294922,35.11124801635742,35.093536376953125,35.07316970825195,35.05352783203125,35.03422164916992,35.01821517944336,35.003868103027344,34.99327087402344,34.98501968383789,34.98023223876953,34.978973388671875,34.98116683959961,34.98880386352539,35.000457763671875,35.01225280761719,35.022518157958984,35.02885818481445,35.03096008300781,35.02685546875,35.01805114746094,35.0048828125,34.99012756347656,34.97260284423828,34.95552062988281,34.938358306884766,34.924171447753906,34.9079704284668,34.89285659790039,34.873817443847656,34.85464859008789,34.8338623046875,34.81558609008789,34.79656219482422,34.78059387207031,34.762874603271484,34.746944427490234,34.727203369140625,34.70750427246094
35.254451751708984,35.22693634033203,35.19903564453125,35.17578887939453,35.15147018432617,35.13062286376953,35.10728454589844,35.08588409423828,35.062660217285156,35.0419921875,35.02015686035156,35.00120544433594,34.978824615478516,34.95706558227539,34.93345260620117,34.912391662597656,34.892250061035156,34.877044677734375,34.863155364990234,34.85357666015625,34.84682846069336,34.84467697143555,34.84796142578125,34.856712341308594,34.867794036865234,34.87976837158203,34.89069747924805,34.898738861083984,34.90251922607422,34.90091323852539,34.89525604248047,34.885826110839844,34.87288284301758,34.85811233520508,34.843021392822266,34.82997131347656,34.81684494018555,34.80572509765625,34.79210662841797,34.77798080444336,34.76355743408203,34.75083923339844,34.73816680908203,34.72722244262695,34.71519088745117,34.703704833984375,34.68894577026367,34.673099517822266
35.146705627441406,35.12217330932617,35.09579086303711,35.07221984863281,35.04644012451172,35.02303695678711,34.99677276611328,34.97234344482422,34.946781158447266,34.924652099609375,34.9024772644043,34.88410949707031,34.86265182495117,34.8419075012207,34.81631088256836,34.790523529052734,34.767337799072266,34.7504768371582,34.73573303222656,34.72467803955078,34.71534729003906,34.70841598510742,34.70496368408203,34.704986572265625,34.70816421508789,34.71356964111328,34.72087097167969,34.72890853881836,34.73577880859375,34.740936279296875,34.7430305480957,34.742515563964844,34.73896408081055,34.73338317871094,34.72673416137695,34.719974517822266,34.71438217163086,34.710662841796875,34.706329345703125,34.70206069946289,34.69819259643555,34.69548416137695,34.692169189453125,34.689083099365234,34.68429183959961,34.67902374267578,34.67048645019531,34.660614013671875
35.04648971557617,35.025848388671875,35.001583099365234,34.978275299072266,34.95152282714844,34.92617416381836,34.89736557006836,34.8702278137207,34.84269332885742,34.819698333740234,34.79800033569336,34.781639099121094,34.76151657104492,34.741397857666016,34.71377944946289,34.683570861816406,34.659549713134766,34.6462287902832,34.635528564453125,34.63005065917969,34.62260437011719,34.61503982543945,34.607627868652344,34.60173416137695,34.598506927490234,34.598304748535156,34.601200103759766,34.60634994506836,34.61321258544922,34.620277404785156,34.62643051147461,34.630462646484375,34.63469696044922,34.638671875,34.6416015625,34.643592834472656,34.646907806396484,34.65156936645508,34.656978607177734,34.66273880004883,34.669166564941406,34.67565155029297,34.68067169189453,34.68369674682617,34.6845817565918,34.68335723876953,34.679405212402344,34.673553466796875
34.990455627441406,34.97348403930664,34.95246505737305,34.93090057373047,34.906715393066406,34.88390350341797,34.85922622680664,34.8364372253418,34.815589904785156,34.79938507080078,34.78438949584961,34.772403717041016,34.75120162963867,34.724910736083984,34.699462890625,34.67904281616211,34.67633819580078,34.688758850097656,34.69813919067383,34.70037841796875,34.696163177490234,34.68625259399414,34.677581787109375,34.67192459106445,34.66902542114258,34.66912078857422,34.67122268676758,34.674747467041016,34.677825927734375,34.680213928222656,34.67988586425781,34.67780303955078,34.678829193115234,34.68357467651367,34.68892288208008,34.694183349609375,34.700836181640625,34.70779800415039,34.715850830078125,34.72372817993164,34.731529235839844,34.73819351196289,34.743316650390625,34.746334075927734,34.74721145629883,34.74597930908203,34.74274826049805,34.73811721801758
34.938079833984375,34.930606842041016,34.920265197753906,34.908172607421875,34.89752197265625,34.88926315307617,34.882755279541016,34.878387451171875,34.878841400146484,34.88371658325195,34.883907318115234,34.8795280456543,34.86021041870117,34.828453063964844,34.82054138183594,34.83644104003906,34.87607192993164,34.93404769897461,34.96664810180664,34.97080612182617,34.96605682373047,34.95334243774414,34.946556091308594,34.94610595703125,34.949012756347656,34.95463562011719,34.961246490478516,34.96748352050781,34.967159271240234,34.96002197265625,34.94804000854492,34.93276596069336,34.92010498046875,34.91232681274414,34.904335021972656,34.89888381958008,34.89823532104492,34.9033088684082,34.90702819824219,34.90886306762695,34.90851593017578,34.906341552734375,34.90665817260742,34.909149169921875,34.91107177734375,34.911415100097656,34.91291046142578,34.91454315185547
34.89763641357422,34.9029426574707,34.90663528442383,34.90912628173828,34.916297912597656,34.92821502685547,34.94331741333008,34.96036911010742,34.98349380493164,35.00988006591797,35.02459716796875,35.025733947753906,35.01278305053711,34.98883819580078,35.004905700683594,35.05998229980469,35.1339111328125,35.21451187133789,35.25770950317383,35.25517654418945,35.24953842163086,35.241737365722656,35.240474700927734,35.246604919433594,35.255863189697266,35.26697540283203,35.278804779052734,35.28956604003906,35.28718948364258,35.27210235595703,35.251224517822266,35.22808837890625,35.20191192626953,35.17670440673828,35.14969253540039,35.12422180175781,35.11278533935547,35.116554260253906,35.11529541015625,35.10890197753906,35.09913635253906,35.08712387084961,35.083778381347656,35.089595794677734,35.09550094604492,35.100894927978516,35.11038589477539,35.12297821044922
34.884803771972656,34.9007453918457,34.91849899291992,34.93378448486328,34.956241607666016,34.98084259033203,35.0090217590332,35.03519821166992,35.06950378417969,35.10540771484375,35.13031768798828,35.13893127441406,35.139888763427734,35.13165283203125,35.162445068359375,35.226341247558594,35.29778289794922,35.36541748046875,35.399269104003906,35.39411926269531,35.39055633544922,35.388832092285156,35.391326904296875,35.397647857666016,35.40784454345703,35.42033004760742,35.43662643432617,35.453453063964844,35.4550666809082,35.44057083129883,35.42184829711914,35.401710510253906,35.36781692504883,35.32674789428711,35.28738784790039,35.25719451904297,35.25002670288086,35.265628814697266,35.26598358154297,35.25044631958008,35.23624801635742,35.22600173950195,35.229644775390625,35.2453498840332,35.26202392578125,35.27547836303711,35.29704284667969,35.32170867919922
34.869842529296875,34.897544860839844,34.92788314819336,34.95623016357422,34.990234375,35.02446746826172,35.05851745605469,35.08653259277344,35.12400817871094,35.16442108154297,35.198604583740234,35.22100067138672,35.238643646240234,35.24943542480469,35.28157424926758,35.329864501953125,35.378448486328125,35.417579650878906,35.440670013427734,35.4426383972168,35.44535446166992,35.44843673706055,35.45048904418945,35.4510612487793,35.45664596557617,35.466224670410156,35.48898696899414,35.520660400390625,35.53642654418945,35.53289031982422,35.52815628051758,35.52255630493164,35.489715576171875,35.43434143066406,35.4049072265625,35.40443801879883,35.42607879638672,35.46567916870117,35.47035598754883,35.440147399902344,35.430049896240234,35.44120788574219,35.464481353759766,35.495792388916016,35.527408599853516,35.55440139770508,35.5904655456543,35.62977600097656
