earth/public/data/ocean/C53/ANN-ocevel-depthz-2000m-gfs-1.0.json
{"header": {"discipline": 0, "disciplineName": "Meteorological products", "gribEdition": 2, "gribLength": 131138.0, "center": 0, "centerName": "Kiel Climate Model", "subcenter": 0, "refTime": "1", "significanceOfRT": 1, "significanceOfRTName": "Start of forecast", "productStatus": 0, "productStatusName": "Operational products", "productType": 1, "productTypeName": "Forecast products", "productDefinitionTemplate": 0, "productDefinitionTemplateName": "Analysis/forecast at horizontal level/layer at a point in time", "parameterCategory": 2, "parameterCategoryName": "Momentum", "parameterNumber": 2, "parameterNumberName": "V-component_of_wind", "parameterUnit": "m/s", "genProcessType": 2, "genProcessTypeName": "Forecast", "forecastTime": 0, "surface1Type": 103, "surface1TypeName": "Specified height level above ground", "surface1Value": 10, "surface2Type": 255, "surface2TypeName": "Missing", "surface2Value": 0, "gridDefinitionTemplate": 0, "gridDefinitionTemplateName": "Latitude_Longitude", "numberPoints": 65160, "shape": 6, "shapeName": "Earth spherical with radius of 6,371,229.0 m", "gridUnits": "degrees", "resolution": 48, "winds": "true", "scanMode": 0, "nx": 360.0, "ny": 180.0, "basicAngle": 0, "subDivisions": 0, "lo1": 0.0, "la1": -89.5, "lo2": 359.0, "la2": 89.5, "dx": 1.0, "dy": -1.0}, "data":
[rows 126 to 146 of 180, columns 138 to 183 of 360]
null,null,null,0.014357811771333218,0.012631270103156567,0.009487252682447433,0.006438204552978277,0.0040182191878557205,0.0017354434821754694,-2.9942436867713695e-06,-0.0003964518546126783,0.0006742424448020756,0.0003636259352788329,-0.0012412898940965533,-0.0019106086110696197,-0.0014998187543824315,-0.0014286456862464547,-0.0016943211667239666,-0.001615217886865139,-0.00120366585906595,-0.0010238608811050653,-0.0011125439777970314,-0.0010642739944159985,-0.0008926800801418722,-0.0008519568364135921,-0.0009536109282635152,-0.0009545914363116026,-0.0008555707172490656,-0.0008426414569839835,-0.0009210152202285826,-0.000916821591090411,-0.0008344429661519825,-0.0007967949495650828,-0.0008131841896101832,-0.000784631643909961,-0.0007196399965323508,-0.0006790106417611241,-0.0006713549955748022,-0.0006392597570084035,-0.000589057570323348,-0.0005858131917193532,-0.0006304626585915685,-0.000650357105769217,-0.0006404899177141488,-0.0006480846786871552,-0.0006705457926727831
null,null,null,0.011995458044111729,0.01098078116774559,0.009096049703657627,0.007201179396361113,0.005519890692085028,0.003906539641320705,0.002574159763753414,0.002128827618435025,0.0025323485024273396,0.0015492583625018597,-0.0006212376756593585,-0.0016500429483130574,-0.0013564806431531906,-0.0015572343254461884,-0.00221649301238358,-0.0022099297493696213,-0.0015332198236137629,-0.0013088746927678585,-0.0015736352652311325,-0.0014719822211191058,-0.0010175450006499887,-0.000931694929022342,-0.001225938554853201,-0.0012175632873550057,-0.0009072415414266288,-0.0008628432406112552,-0.001089580124244094,-0.001075546839274466,-0.000822400557808578,-0.0007763475296087563,-0.0009435655665583909,-0.0009226014371961355,-0.0007174782804213464,-0.0006672698655165732,-0.0007801015744917095,-0.0007558725192211568,-0.000599248509388417,-0.000580464955419302,-0.0007019242621026933,-0.0007164099370129406,-0.0006215020548552275,-0.0006159430486150086,-0.0007004518411122262
null,null,null,0.00470178434625268,0.005496895872056484,0.0069872671738266945,0.0067781005054712296,0.005048506427556276,0.0044579156674444675,0.005201934836804867,0.0052290502935647964,0.004605861846357584,0.002860269509255886,0.0002586564514786005,-0.0011015693889930844,-0.0009895330294966698,-0.001469078124500811,-0.002466534497216344,-0.0025153884198516607,-0.0016206003492698073,-0.001399252680130303,-0.001887087244540453,-0.0017670002998784184,-0.0010587661527097225,-0.0009364885045215487,-0.0014238166622817516,-0.0014101825654506683,-0.0008980113780125976,-0.0008309587719850242,-0.0012217877665534616,-0.00121701555326581,-0.0008152121445164084,-0.0007559270597994328,-0.00104974873829633,-0.0010395572753623128,-0.0007257849792949855,-0.0006696677301079035,-0.0008813005406409502,-0.0008671599207445979,-0.0006285487907007337,-0.0005962288705632091,-0.0007771147647872567,-0.0007839461322873831,-0.0006168544641695917,-0.0005946781602688134,-0.0007236752426251769
null,null,null,0.0002045774890575558,0.010514053516089916,0.02446991577744484,0.02387191168963909,0.011687024496495724,0.005035439506173134,0.006133093032985926,0.00637787627056241,0.005763832479715347,0.003920873627066612,0.0011478388914838433,-0.00041619534022174776,-0.0004724178579635918,-0.0012071530800312757,-0.0024671663995832205,-0.0025979960337281227,-0.001554276910610497,-0.0014093760401010513,-0.0021900651045143604,-0.0020861774682998657,-0.0011196405394002795,-0.0009666957193985581,-0.001656019245274365,-0.001630389946512878,-0.0008964284788817167,-0.0008048326708376408,-0.001374450628645718,-0.0013774671824648976,-0.0008182810270227492,-0.000749559432733804,-0.0011857354547828436,-0.0011866138083860278,-0.0007541464292444289,-0.0006946955109015107,-0.0010198637610301375,-0.0010148710571229458,-0.0006826207973062992,-0.0006361075793392956,-0.0008831703453324735,-0.0008782498189248145,-0.0006203586235642433,-0.0005783054511994123,-0.0007568121654912829
null,null,null,null,null,0.05903001129627228,0.04712315648794174,0.01819867640733719,0.006276055239140987,0.006128102540969849,0.006323967594653368,0.006732650101184845,0.005397453438490629,0.0025808587670326233,0.0008926228620111942,0.0006200061179697514,-0.0005352039006538689,-0.002357149962335825,-0.0027666492387652397,-0.0016815655399113894,-0.0016112378798425198,-0.0025725304149091244,-0.0024714707396924496,-0.0013254546793177724,-0.0011380224023014307,-0.0019409673986956477,-0.001894715940579772,-0.0010057702893391252,-0.0008799764909781516,-0.0015374403446912766,-0.0015264785615727305,-0.0008464349084533751,-0.0007597486255690455,-0.00128043326549232,-0.0012830902123823762,-0.000766545592341572,-0.0007002700003795326,-0.0010956283658742905,-0.00109100341796875,-0.0006865086033940315,-0.0006285218987613916,-0.0009271661983802915,-0.0009187747491523623,-0.0006053816759958863,-0.000556318205781281,-0.0007812031544744968
null,null,null,null,null,null,null,0.014217857271432877,0.006078703328967094,0.006125372834503651,0.0066920313984155655,0.007732488680630922,0.006818294059485197,0.004132190253585577,0.0024063964374363422,0.001959943911060691,0.0005026814178563654,-0.0017477216897532344,-0.002440182026475668,-0.0014825285179540515,-0.001533083850517869,-0.002568417927250266,-0.0025395823176950216,-0.0014398976927623153,-0.001260463846847415,-0.0020304080098867416,-0.001973249949514866,-0.0010991274612024426,-0.0009653032757341862,-0.0015945598715916276,-0.0015754669439047575,-0.0009100786992348731,-0.0008206863421946764,-0.0013222054112702608,-0.0013162374962121248,-0.0008044835412874818,-0.0007367312791757286,-0.0011248376686125994,-0.0011156240943819284,-0.0007107334677129984,-0.0006499749142676592,-0.0009443953167647123,-0.0009286850108765066,-0.0006073178956285119,-0.0005558083648793399,-0.0007845907239243388
null,null,null,null,null,null,null,0.0034199508372694254,0.0038304708432406187,0.004606483969837427,0.005940419156104326,0.007530327886343002,0.0071120294742286205,0.004702968988567591,0.0032466540578752756,0.002972288755699992,0.0015970106469467282,-0.0006143240607343614,-0.0014721362385898829,-0.0007897434406913817,-0.0010534903267398477,-0.0022210897877812386,-0.002356321783736348,-0.0014415318146348,-0.0013012265553697944,-0.001964312745258212,-0.001916406094096601,-0.0011654935078695416,-0.0010434596333652735,-0.0015748371370136738,-0.0015630031703040004,-0.0010127893183380365,-0.0009351992630399764,-0.0013461188646033406,-0.0013267667964100838,-0.0008810467552393675,-0.0008106020977720618,-0.001129879499785602,-0.001106291078031063,-0.0007463894435204566,-0.0006848625489510596,-0.000933013972826302,-0.000908650632482022,-0.0006132001290097833,-0.0005659240996465087,-0.0007719264249317348
null,null,null,null,null,null,null,0.0008022825350053608,0.0009992396226152778,0.0013177467044442892,0.0030960545409470797,0.006162614561617374,0.006700853351503611,0.004624271299690008,0.003570371773093939,0.003764679189771414,0.002797989873215556,0.0008191911620087922,-7.275533425854519e-05,0.00024697763728909194,-0.0004002997011411935,-0.0018758851801976562,-0.0022630165331065655,-0.001478365040384233,-0.0013622428523376584,-0.001935863052494824,-0.0019003895577043295,-0.0012632496654987335,-0.0011426893761381507,-0.0015598332975059748,-0.0015434668166562915,-0.0010953033342957497,-0.0010216899681836367,-0.0013355700066313148,-0.0013011387782171369,-0.0009236552868969738,-0.0008433076436631382,-0.0010735273826867342,-0.001025603385642171,-0.0007060173666104674,-0.0006432085065171123,-0.0008484799764119089,-0.000828673189971596,-0.0005887741572223604,-0.0005610953667201102,-0.000753092288505286
null,null,null,null,null,null,null,null,null,-0.0017534445505589247,0.00020546941959764808,0.004348205868154764,0.00598894851282239,0.004498598165810108,0.0036979231517761946,0.004182036500424147,0.003608057042583823,0.0021127357613295317,0.0012800636468455195,0.0012788078747689724,0.0003433830279391259,-0.0013999443035572767,-0.001988928532227874,-0.0013386993668973446,-0.001246292027644813,-0.0017250149976462126,-0.0016901905182749033,-0.0011490295873954892,-0.0010551185114309192,-0.0014206989435479045,-0.0014361307257786393,-0.0010925278766080737,-0.00104914465919137,-0.001308847451582551,-0.0012747618602588773,-0.0009520315797999501,-0.0008702134364284575,-0.0010432290146127343,-0.0009846030734479427,-0.0007043845253065228,-0.0006431633955799043,-0.0008117134566418827,-0.0007888986729085445,-0.0005807076813653111,-0.0005590540240518749,-0.0007293847156688571
null,null,null,null,null,null,null,null,null,-0.0022755602840334177,-0.0009161662892438471,0.0022285226732492447,0.004328086972236633,0.0036477537360042334,0.0032017293851822615,0.003765485715121031,0.0035330404061824083,0.002527299802750349,0.0018345662392675877,0.0015769609017297626,0.0006594490259885788,-0.0007455191807821393,-0.0013060320634394884,-0.0009309866582043469,-0.0008339691557921469,-0.0010426320368424058,-0.0009660395444370806,-0.0006221013609319925,-0.0006017466075718403,-0.0009104199125431478,-0.0010176068171858788,-0.0009061309392563999,-0.0009620387572795153,-0.0011735112639144063,-0.0011773897567763925,-0.0009700264199636877,-0.0009093597764149308,-0.0010057603940367699,-0.0009434368694201112,-0.0007359081646427512,-0.000681326724588871,-0.000789562938734889,-0.0007621488766744733,-0.0005998580018058419,-0.0005801884108223021,-0.0007023892248980701
null,null,null,null,null,null,null,null,null,-0.0019048284739255905,-0.0011023359838873148,0.0010091199073940516,0.0020727335941046476,0.0015758705558255315,0.0014667495852336287,0.002206220058724284,0.002417192794382572,0.0020457422360777855,0.0016344150062650442,0.00122557592112571,0.0005818823119625449,-0.00018397622625343502,-0.0005091897328384221,-0.00032573379576206207,-0.00010256343375658616,-1.5349140085163526e-05,-3.696742351166904e-05,-3.374697553226724e-05,-7.927502156235278e-05,-0.0002982369333039969,-0.00048700557090342045,-0.0006150276749394834,-0.0007775036501698196,-0.0009515677229501307,-0.0010063574882224202,-0.0009359074174426496,-0.000899295206181705,-0.0009047917556017637,-0.0008291470585390925,-0.0006845375755801797,-0.0006368314498104155,-0.0006951132090762258,-0.0006816284731030464,-0.0006011996883898973,-0.0006025542970746756,-0.0006882633897475898
null,null,null,null,null,null,null,null,null,null,null,null,null,-0.0006201825453899801,-0.00033501454163342714,0.0006128100794740021,0.0006655413308180869,0.00013756321277469397,0.00014551177446264774,0.0006243532989174128,0.0006631893338635564,0.00019464612705633044,3.729351738002151e-05,0.000225943120312877,0.000621288490947336,0.0009467324707657099,0.0008251636172644794,0.0006439151475206017,0.0005573309026658535,0.000367828382877633,8.26833929750137e-05,-0.00023542530834674835,-0.0005144121241755784,-0.0006925742491148412,-0.0008131556678563356,-0.0008482601842842996,-0.0008521470008417964,-0.0008195873233489692,-0.000761677511036396,-0.0006846823962405324,-0.0006553094135597348,-0.0006765321595594287,-0.0006674348842352629,-0.0006313773919828236,-0.0006367227761074901,-0.000684711616486311
null,null,null,null,null,null,null,null,null,null,null,null,null,null,null,null,null,-0.003373316954821348,-0.0025930965784937143,-0.0008363776723854244,4.3146003008587286e-05,-3.353526335558854e-05,8.745786908548325e-05,0.0003481550666037947,0.0009328389423899353,0.0015883821761235595,0.0017789965495467186,0.00159267068374902,0.001519598881714046,0.0014327956596389413,0.0010562398238107562,0.000443354801973328,-4.716014700534288e-06,-0.00021016095706727356,-0.0004344095941632986,-0.0006369084003381431,-0.0007108580321073532,-0.0006442564772441983,-0.0006267630960792303,-0.0006668059504590929,-0.0006744287675246596,-0.0006489522056654096,-0.0006562157650478184,-0.0006878709536977112,-0.000703567115124315,-0.0006929817609488964
null,null,null,null,null,null,null,null,null,null,null,null,null,null,null,null,-0.0052697849459946156,-0.005502953659743071,-0.004943641368299723,-0.0031855590641498566,-0.0012751072645187378,-0.0003094784333370626,-0.00018946776981465518,-0.0002608495997264981,0.0004793030384462327,0.001918054069392383,0.0025489351246505976,0.002245411742478609,0.0022364752367138863,0.0025302779395133257,0.0021728172432631254,0.0012265767436474562,0.0006034232210367918,0.0003879714640788734,3.806854510912672e-05,-0.00036572417593561113,-0.0005033861962147057,-0.00037767659523524344,-0.00037751064519397914,-0.0005019352538511157,-0.0005434443592093885,-0.0004961512750014663,-0.0005506977904587984,-0.0007024882943369448,-0.0007613975321874022,-0.0007219706894829869
null,null,null,null,null,null,null,null,null,null,null,null,null,null,null,null,null,null,-0.007598625496029854,-0.00602627033367753,-0.0027717482298612595,-0.0009357070666737854,-0.0009968547383323312,-0.0015065863262861967,-0.0004665952583309263,0.001923962845467031,0.0028931046836078167,0.0022781596053391695,0.0023253036197274923,0.0030267031397670507,0.0027708832640200853,0.0016110726865008473,0.0009027862688526511,0.0007302744779735804,0.0003287428990006447,-0.00015821649867575616,-0.00032049420406110585,-0.0001691172074060887,-0.00019154371693730354,-0.00037928979145362973,-0.00045355764450505376,-0.00039754091994836926,-0.0004744213365484029,-0.0006721586687490344,-0.000753042520955205,-0.0007042933721095324
null,null,null,null,null,null,null,null,null,null,null,null,null,null,null,null,null,null,-0.009903577156364918,-0.007915756665170193,-0.004316812381148338,-0.0022722415160387754,-0.0023086373694241047,-0.0021922383457422256,-0.0006461947923526168,0.0018343257252126932,0.002621809486299753,0.0020229308865964413,0.002156376838684082,0.0029475863557308912,0.0027655442245304585,0.0016388862859457731,0.000946706859394908,0.000784360512625426,0.00043794626253657043,-4.597805855155457e-06,-0.00012925172632094473,5.4502896091435105e-05,4.581008033710532e-05,-0.0001675809035077691,-0.0002519444969948381,-0.00019922047795262188,-0.00030036436510272324,-0.0005281419726088643,-0.0006394364172592759,-0.0006042671739123762
null,null,null,null,null,null,null,null,null,null,null,null,null,null,null,null,null,null,-0.009596343152225018,-0.00839077215641737,-0.006144010461866856,-0.0044241431169211864,-0.0035673589445650578,-0.0021796247456222773,-6.119704630691558e-05,0.0015759916277602315,0.0018990985117852688,0.0017178773414343596,0.0018940555164590478,0.002424968406558037,0.0021988374646753073,0.0012769375462085009,0.0006514231790788472,0.0004413541464600712,0.00018423500296194106,-8.071841148193926e-05,-7.725940668024123e-05,0.00019201543182134628,0.00026594538940116763,0.00013929660781286657,0.00010007435048464686,0.00015586857625748962,5.5283369874814525e-05,-0.0001999565283767879,-0.0003412844380363822,-0.0003573768481146544
null,null,null,null,null,null,null,null,null,null,null,null,null,null,null,null,null,null,-0.009750227443873882,-0.008923166431486607,-0.00754304276779294,-0.006028244737535715,-0.00466932961717248,-0.0026080026291310787,-0.0001324104523519054,0.0012673628516495228,0.001327096950262785,0.0014399845385923982,0.0017023554537445307,0.001772349001839757,0.0012269625440239906,0.00042698741890490055,-3.370408740011044e-05,-0.00024082484014797956,-0.00035131126060150564,-0.0003760195686481893,-0.0002314942394150421,0.00010212559573119506,0.000251645571552217,0.00019109711865894496,0.00021679868223145604,0.0003275941126048565,0.00028765591559931636,0.00011390275903977454,-6.935153123777127e-06,-4.6333425416378304e-05
null,null,null,null,null,null,null,null,null,null,null,null,null,null,null,null,null,null,-0.012955713085830212,-0.010992055758833885,-0.008068469353020191,-0.006255179177969694,-0.005909452680498362,-0.0038364387582987547,-0.0004597899387590587,0.0012398064136505127,0.0009615604067221284,0.0011083463905379176,0.0016511334106326103,0.001440797932446003,0.00037493809941224754,-0.0003311114851385355,-0.0005861076642759144,-0.0007666631718166173,-0.0008334300946444273,-0.0008657246362417936,-0.0006660674116574228,-0.00020805152598768473,8.454074122710153e-05,0.00013805004709865898,0.00028206955175846815,0.000476003740914166,0.0004911714349873364,0.00032612262293696404,0.00021535970154218376,0.00018404872389510274
null,null,null,null,null,null,null,null,null,null,null,null,null,null,null,-0.023497415706515312,-0.021299680694937706,-0.016673417761921883,-0.014293454587459564,-0.012019563466310501,-0.008050283417105675,-0.005914084613323212,-0.006007220596075058,-0.004154459107667208,-0.00033740574144758284,0.0013756857952103019,0.0007127307471819222,0.0008001171518117189,0.0016187569126486778,0.001321906689554453,-2.4031396606005728e-05,-0.0007878737524151802,-0.0009169548866339028,-0.001080704852938652,-0.0013270104536786675,-0.001678984146565199,-0.0015579542377963662,-0.0009376934031024575,-0.0005136464023962617,-0.0003282680700067431,-1.6134225006680936e-05,0.0003789585316553712,0.0005526141030713916,0.0004457580216694623,0.0004261053691152483,0.00047001850907690823
null,null,null,null,null,null,null,null,null,null,null,null,null,null,null,-0.014278101734817028,-0.014319464564323425,-0.013899401761591434,-0.01303798146545887,-0.011327563785016537,-0.008524005301296711,-0.005980131682008505,-0.004730932414531708,-0.0027502502780407667,0.00024070258950814605,0.0013455258449539542,0.0007902403594926,0.0009030398214235902,0.0016582401003688574,0.0013415063731372356,-1.1439329909990192e-06,-0.0008291926351375878,-0.0010475199669599533,-0.0013967849081382155,-0.0019833995029330254,-0.002628143411129713,-0.002594562480226159,-0.0020917837973684072,-0.0017032724572345614,-0.0015116456197574735,-0.0010703367879614234,-0.0004608656745404005,-5.040849282522686e-05,0.00011906718282261863,0.00035211865906603634,0.0006222130614332855
