earth/public/data/ocean/C53/ANN-sowaflep-depthz-0m-gfs-1.0.json
{"header": {"discipline": 0, "disciplineName": "Meteorological products", "gribEdition": 2, "gribLength": 131138.0, "center": 0, "centerName": "Kiel Climate Model", "subcenter": 0, "refTime": "1", "significanceOfRT": 1, "significanceOfRTName": "Start of forecast", "productStatus": 0, "productStatusName": "Operational products", "productType": 1, "productTypeName": "Forecast products", "productDefinitionTemplate": 0, "productDefinitionTemplateName": "Analysis/forecast at horizontal level/layer at a point in time", "parameterCategory": 2, "parameterCategoryName": "Momentum", "parameterNumber": 2, "parameterNumberName": "U-component_of_wind", "parameterUnit": "kg/m2/s", "genProcessType": 2, "genProcessTypeName": "Forecast", "forecastTime": 0, "surface1Type": 103, "surface1TypeName": "Specified height level above ground", "surface1Value": 10, "surface2Type": 255, "surface2TypeName": "Missing", "surface2Value": 0, "gridDefinitionTemplate": 0, "gridDefinitionTemplateName": "Latitude_Longitude", "numberPoints": 65160, "shape": 6, "shapeName": "Earth spherical with radius of 6,371,229.0 m", "gridUnits": "degrees", "resolution": 48, "winds": "true", "scanMode": 0, "nx": 360.0, "ny": 180.0, "basicAngle": 0, "subDivisions": 0, "lo1": 0.0, "la1": -89.5, "lo2": 359.0, "la2": 89.5, "dx": 1.0, "dy": -1.0}, "data":
[rows 147 to 167 of 180, columns 235 to 281 of 360]
-2.677827835083008,-2.6668102741241455,-2.6586101055145264,-2.657762289047241,-2.6590023040771484,-2.661982774734497,-2.667328357696533,-2.6772756576538086,-2.681689977645874,-2.678553819656372,-2.6683311462402344,-2.655088186264038,-2.6503350734710693,-2.651697874069214,-2.651482343673706,-2.648036003112793,-2.638882637023926,-2.626182794570923,-2.6080539226531982,-2.5909674167633057,-2.578141689300537,-2.568558931350708,-2.558407783508301,-2.549440622329712,-2.5398099422454834,-2.5270578861236572,-2.514636754989624,-2.5104823112487793,-2.510258436203003,-2.5164592266082764,-2.5317821502685547,-2.5528006553649902,-2.581610918045044,-2.611032247543335,-2.630836009979248,-2.642218828201294,-2.6288833618164062,-2.5969550609588623,-2.5515317916870117,-2.4886527061462402,-2.4242959022521973,-2.372263193130493,-2.326673984527588,-2.2839622497558594,-2.2813265323638916,-2.339099407196045,-2.4430344104766846
-2.671116828918457,-2.6513595581054688,-2.6357648372650146,-2.623955249786377,-2.6155076026916504,-2.6103341579437256,-2.604677200317383,-2.5995700359344482,-2.5896615982055664,-2.575103521347046,-2.565629720687866,-2.5660812854766846,-2.570761203765869,-2.5783894062042236,-2.5818562507629395,-2.5816073417663574,-2.581923246383667,-2.5821049213409424,-2.573632001876831,-2.56156325340271,-2.5529394149780273,-2.5472424030303955,-2.5383825302124023,-2.528327703475952,-2.518613576889038,-2.507676362991333,-2.4974851608276367,-2.4976370334625244,-2.5041041374206543,-2.516043186187744,-2.5429928302764893,-2.5754892826080322,-2.6045944690704346,-2.631852626800537,-2.653137683868408,-2.6606833934783936,-2.6460483074188232,-2.608517646789551,-2.5586445331573486,-2.4717540740966797,-2.376819372177124,-2.301457643508911,-2.2346246242523193,-2.1806585788726807,-2.1488757133483887,-2.1519336700439453,-2.223752021789551
-2.6151905059814453,-2.5996930599212646,-2.5863382816314697,-2.574570417404175,-2.5610876083374023,-2.5431578159332275,-2.5178167819976807,-2.4912757873535156,-2.4773173332214355,-2.4694042205810547,-2.470088243484497,-2.477586030960083,-2.483839750289917,-2.49176025390625,-2.4967358112335205,-2.4969050884246826,-2.504244804382324,-2.5150814056396484,-2.5216269493103027,-2.5202386379241943,-2.5149526596069336,-2.5132761001586914,-2.5139544010162354,-2.5129199028015137,-2.508118152618408,-2.498807668685913,-2.4898247718811035,-2.490628480911255,-2.4984591007232666,-2.5098838806152344,-2.5415403842926025,-2.580608606338501,-2.610710382461548,-2.6358249187469482,-2.6594903469085693,-2.660275459289551,-2.6334972381591797,-2.5870604515075684,-2.5337116718292236,-2.4500014781951904,-2.3366196155548096,-2.2288320064544678,-2.139518976211548,-2.072139024734497,-2.03170108795166,-2.012403726577759,-2.1155080795288086
-2.5170795917510986,-2.5110907554626465,-2.5050253868103027,-2.4888741970062256,-2.466827154159546,-2.4398796558380127,-2.4067347049713135,-2.3862428665161133,-2.3842062950134277,-2.3846170902252197,-2.3865184783935547,-2.3900022506713867,-2.392914295196533,-2.4034502506256104,-2.417855739593506,-2.428765296936035,-2.4390292167663574,-2.4551875591278076,-2.4713873863220215,-2.476651906967163,-2.4739887714385986,-2.4803943634033203,-2.506282091140747,-2.5339579582214355,-2.541017532348633,-2.529669761657715,-2.5163052082061768,-2.50901198387146,-2.5035696029663086,-2.5008227825164795,-2.5200045108795166,-2.555382013320923,-2.5827057361602783,-2.60221266746521,-2.6240618228912354,-2.6201682090759277,-2.5845887660980225,-2.5299253463745117,-2.4741125106811523,-2.4021286964416504,-2.285313367843628,-2.1652379035949707,-2.0750937461853027,-1.9966704845428467,-1.9549001455307007,-1.9568544626235962,-2.095027208328247
-2.3935701847076416,-2.395376443862915,-2.3873400688171387,-2.358755111694336,-2.3240842819213867,-2.30521559715271,-2.295849084854126,-2.2890892028808594,-2.291066884994507,-2.2906405925750732,-2.2927427291870117,-2.3000686168670654,-2.3129913806915283,-2.3287763595581055,-2.3547379970550537,-2.3755123615264893,-2.3896584510803223,-2.4060921669006348,-2.41850209236145,-2.4236669540405273,-2.4255712032318115,-2.44808030128479,-2.5182714462280273,-2.593027353286743,-2.6168878078460693,-2.5984935760498047,-2.575671911239624,-2.5533909797668457,-2.519472122192383,-2.486008405685425,-2.483380079269409,-2.5016849040985107,-2.520231008529663,-2.530940294265747,-2.539735794067383,-2.5356802940368652,-2.4952406883239746,-2.430180549621582,-2.369048595428467,-2.2928390502929688,-2.1996805667877197,-2.1092288494110107,-2.037203550338745,-1.9746994972229004,-1.9440451860427856,-1.9764622449874878,-2.0998942852020264
-2.268608570098877,-2.264787435531616,-2.2409350872039795,-2.2020187377929688,-2.1813442707061768,-2.182631731033325,-2.18510365486145,-2.178920269012451,-2.1726810932159424,-2.1820483207702637,-2.1926543712615967,-2.2086803913116455,-2.2313992977142334,-2.2606070041656494,-2.2883553504943848,-2.3128161430358887,-2.340052366256714,-2.3633689880371094,-2.3759500980377197,-2.387864112854004,-2.401878833770752,-2.4539999961853027,-2.5645124912261963,-2.679941415786743,-2.7289998531341553,-2.7183947563171387,-2.679816961288452,-2.639997959136963,-2.580336570739746,-2.515186309814453,-2.4774258136749268,-2.4636363983154297,-2.4592230319976807,-2.459475517272949,-2.4524965286254883,-2.4365947246551514,-2.4041690826416016,-2.35137939453125,-2.3024070262908936,-2.2458698749542236,-2.173407554626465,-2.126114845275879,-2.1052627563476562,-2.0697450637817383,-2.0459516048431396,-2.0825161933898926,-2.2178120613098145
-2.129781723022461,-2.1082773208618164,-2.070631265640259,-2.0518593788146973,-2.0563950538635254,-2.0636069774627686,-2.058570623397827,-2.0444653034210205,-2.0481066703796387,-2.062791347503662,-2.0827741622924805,-2.1007981300354004,-2.1329851150512695,-2.173102855682373,-2.2022647857666016,-2.2347116470336914,-2.2819344997406006,-2.3238534927368164,-2.3558740615844727,-2.393683433532715,-2.4484059810638428,-2.5342893600463867,-2.6548657417297363,-2.783869981765747,-2.864774227142334,-2.8687994480133057,-2.831063985824585,-2.787848472595215,-2.719101905822754,-2.640625,-2.5555787086486816,-2.4755001068115234,-2.422626256942749,-2.401336908340454,-2.3885297775268555,-2.3724405765533447,-2.3644487857818604,-2.36552357673645,-2.373500347137451,-2.3623921871185303,-2.3326995372772217,-2.3324289321899414,-2.3665852546691895,-2.388820171356201,-2.3662381172180176,-2.3997626304626465,-2.540304183959961
-1.9784833192825317,-1.937787413597107,-1.9107799530029297,-1.915484070777893,-1.924312710762024,-1.9228752851486206,-1.9094897508621216,-1.912590742111206,-1.9225651025772095,-1.939416766166687,-1.959158182144165,-1.9885588884353638,-2.0201804637908936,-2.0636417865753174,-2.106654644012451,-2.1478073596954346,-2.2075154781341553,-2.2840988636016846,-2.3484206199645996,-2.4187798500061035,-2.520810604095459,-2.6472585201263428,-2.777580499649048,-2.938227653503418,-3.040231466293335,-2.8530123233795166,-3.0427913665771484,-2.999094009399414,-2.9101603031158447,-2.807993173599243,-2.6591672897338867,-2.5035452842712402,-2.4046545028686523,-2.3590290546417236,-2.335552930831909,-2.3401784896850586,-2.3864409923553467,-2.4605491161346436,-2.5263895988464355,-2.569114923477173,-2.6265852451324463,-2.6876111030578613,-2.7738542556762695,-2.856912136077881,-2.9136247634887695,-2.915356159210205,-3.0386743545532227
-1.828863263130188,-1.7898399829864502,-1.7778874635696411,-1.7846040725708008,-1.7799633741378784,-1.766823410987854,-1.7658263444900513,-1.774888038635254,-1.787410855293274,-1.8074672222137451,-1.8313989639282227,-1.8603812456130981,-1.9009230136871338,-1.94417405128479,-1.993375301361084,-2.0405752658843994,-2.1003639698028564,-2.205275535583496,-2.321791887283325,-2.409519672393799,-2.518094301223755,-2.655390977859497,-2.808018207550049,-2.9504337310791016,-3.0389347076416016,-2.783719539642334,-3.1754894256591797,-3.099968671798706,-3.020582675933838,-2.9088165760040283,-2.7283105850219727,-2.5499002933502197,-2.431873321533203,-2.3491051197052,-2.3138861656188965,-2.345109462738037,-2.4434847831726074,-2.5662403106689453,-2.6627109050750732,-2.745408296585083,-2.830050230026245,-2.9295270442962646,-3.0152087211608887,-3.1331019401550293,-3.2115554809570312,-3.2118492126464844,-3.266470193862915
-1.689622402191162,-1.6713398694992065,-1.6637518405914307,-1.653249979019165,-1.633937120437622,-1.6273996829986572,-1.6285148859024048,-1.6331018209457397,-1.6447346210479736,-1.6630265712738037,-1.681702971458435,-1.7131894826889038,-1.7625898122787476,-1.8127728700637817,-1.8551677465438843,-1.8962886333465576,-1.9557292461395264,-2.075870990753174,-2.2192461490631104,-2.3243658542633057,-2.4169561862945557,-2.5249757766723633,-2.6024868488311768,-2.6766932010650635,-2.7406466007232666,-2.521411657333374,-2.8456764221191406,-2.8793554306030273,-2.9088733196258545,-2.923440456390381,-2.7915921211242676,-2.620816230773926,-2.461273193359375,-2.3651342391967773,-2.354452133178711,-2.4209277629852295,-2.540159225463867,-2.671929121017456,-2.7774884700775146,-2.829087495803833,-2.848318338394165,-2.8864734172821045,-2.9250566959381104,-2.9634735584259033,-3.0022566318511963,-2.9327375888824463,-2.932999610900879
-1.5741724967956543,-1.5700831413269043,-1.5581475496292114,-1.5282281637191772,-1.5126941204071045,-1.5094945430755615,-1.5004159212112427,-1.5060688257217407,-1.5097049474716187,-1.5114595890045166,-1.5287842750549316,-1.5602095127105713,-1.6061357259750366,-1.6568453311920166,-1.6921758651733398,-1.7299262285232544,-1.7918875217437744,-1.9087152481079102,-2.050201416015625,-2.163210391998291,-2.25701904296875,-2.311119318008423,-2.2542734146118164,null,null,null,null,null,-2.745473861694336,-2.9061758518218994,-2.8396618366241455,-2.6482348442077637,-2.4541592597961426,-2.3800313472747803,-2.4089856147766113,-2.4921281337738037,-2.6660752296447754,-2.827759027481079,-2.8897817134857178,-2.8436384201049805,-2.7512245178222656,-2.6714870929718018,-2.621149778366089,-2.616727113723755,-2.620893716812134,null,null
-1.4846210479736328,-1.479298710823059,-1.4570430517196655,-1.4255925416946411,-1.416876196861267,-1.4092751741409302,-1.3941153287887573,-1.3930003643035889,-1.3893208503723145,-1.3850741386413574,-1.3999509811401367,-1.4256885051727295,-1.4597578048706055,-1.4934828281402588,-1.5222828388214111,-1.5612809658050537,-1.6275501251220703,-1.7186822891235352,-1.8436919450759888,-1.961501121520996,-2.050161600112915,-2.0574257373809814,-1.9525206089019775,null,null,null,null,null,-2.4557178020477295,-2.627629280090332,-2.7332634925842285,-2.5485377311706543,-2.3365657329559326,-2.3018858432769775,-2.3638007640838623,-2.476912260055542,-2.6274163722991943,-2.9858059883117676,-2.9288992881774902,-2.7718138694763184,-2.6326544284820557,-2.5133936405181885,-2.41330623626709,-2.3760619163513184,-2.4921436309814453,null,null
-1.410868763923645,-1.3959934711456299,-1.3643392324447632,-1.3415374755859375,-1.3336743116378784,-1.3178097009658813,-1.2990264892578125,-1.2911313772201538,-1.2808887958526611,-1.282313346862793,-1.2966076135635376,-1.311885952949524,-1.3325707912445068,-1.351541519165039,-1.3671300411224365,-1.4036022424697876,-1.4574356079101562,-1.5251247882843018,-1.6099750995635986,-1.7078619003295898,-1.7815932035446167,-1.7500848770141602,-1.5683144330978394,null,null,null,null,null,-2.212648391723633,-2.4031033515930176,-2.3917288780212402,-2.2670700550079346,-2.083803653717041,-2.0820493698120117,-2.20854115486145,-2.273249387741089,-2.312777280807495,-2.467780351638794,-2.495789051055908,-2.535876989364624,-2.508361339569092,-2.4634382724761963,-2.41084623336792,-2.4052858352661133,-2.5061986446380615,null,null
-1.3377360105514526,-1.3184605836868286,-1.2837618589401245,-1.2647138833999634,-1.252858281135559,-1.2262367010116577,-1.2090790271759033,-1.2001535892486572,-1.188137173652649,-1.1895155906677246,-1.2019625902175903,-1.2072842121124268,-1.2150076627731323,-1.2284225225448608,-1.239086627960205,-1.2613017559051514,-1.3026431798934937,-1.336633324623108,-1.3829697370529175,-1.4426383972167969,-1.4868767261505127,-1.421380639076233,-1.2283697128295898,null,null,null,null,null,-1.8312278985977173,-1.9926512241363525,-1.9650357961654663,-1.8745378255844116,-1.7715483903884888,-1.8216586112976074,-2.0067567825317383,-2.1104278564453125,-2.0969345569610596,-2.076188802719116,-2.113816738128662,-2.2254316806793213,-2.3469955921173096,-2.4039649963378906,-2.433997392654419,-2.5029094219207764,-2.5649826526641846,-2.545152425765991,-2.4652209281921387
-1.2526054382324219,-1.2356981039047241,-1.2047868967056274,-1.1878795623779297,-1.1765207052230835,-1.150481104850769,-1.1315323114395142,-1.119534969329834,-1.107964277267456,-1.1069674491882324,-1.1121705770492554,-1.11215078830719,-1.1150224208831787,-1.1233553886413574,-1.1331603527069092,-1.1498993635177612,-1.1702555418014526,-1.1900944709777832,-1.2177118062973022,-1.245452880859375,-1.2586170434951782,-1.180995225906372,-1.0098782777786255,null,null,null,null,null,-1.5421103239059448,-1.6362825632095337,-1.595983624458313,-1.5413833856582642,-1.5205320119857788,-1.6016566753387451,-1.7605050802230835,-1.8475735187530518,-1.8519479036331177,-1.8433440923690796,-1.8405588865280151,-1.9234148263931274,-2.0858771800994873,-2.166513204574585,-2.2258505821228027,-2.350349187850952,-2.438426971435547,-2.416663646697998,-2.3509867191314697
-1.1541495323181152,-1.145949363708496,-1.1263318061828613,-1.1113590002059937,-1.104179859161377,-1.0892666578292847,-1.0665967464447021,-1.0501258373260498,-1.0392954349517822,-1.0381120443344116,-1.0415456295013428,-1.0395996570587158,-1.039768099784851,-1.045215368270874,-1.0544776916503906,-1.0657118558883667,-1.0796775817871094,-1.0974347591400146,-1.1146053075790405,-1.1262456178665161,-1.128928542137146,-1.0672374963760376,-0.9405419230461121,null,null,null,null,null,-1.2046868801116943,-1.2826346158981323,-1.319830060005188,-1.3077220916748047,-1.3229583501815796,-1.3949065208435059,-1.48100745677948,-1.5270023345947266,-1.5225989818572998,-1.501698613166809,-1.502496361732483,-1.5836677551269531,-1.707062840461731,-1.7512346506118774,-1.7991244792938232,-1.9253430366516113,-2.014475107192993,-2.020010232925415,-1.9643886089324951
-1.0532904863357544,-1.0538591146469116,-1.0485035181045532,-1.0341057777404785,-1.0273698568344116,-1.0160255432128906,-0.9966012835502625,-0.9853144288063049,-0.9802577495574951,-0.9750101566314697,-0.9781373739242554,-0.9796626567840576,-0.9798664450645447,-0.9827057719230652,-0.9882463216781616,-0.998412549495697,-1.0093809366226196,-1.0190272331237793,-1.0317963361740112,-1.043770670890808,-1.0515793561935425,-1.0261602401733398,-0.9699931740760803,-0.9360588788986206,-1.0562593936920166,-0.9044939875602722,null,null,-0.9647552371025085,-1.0004639625549316,-1.1059768199920654,-1.1415196657180786,-1.150000810623169,-1.1741197109222412,-1.2132158279418945,-1.2336112260818481,-1.2183436155319214,-1.2035070657730103,-1.2242034673690796,-1.2874575853347778,-1.3260148763656616,-1.325594186782837,-1.3782495260238647,-1.4458279609680176,-1.4897154569625854,-1.498022437095642,-1.4821438789367676
-0.9643248319625854,-0.9630457162857056,-0.9615265130996704,-0.9536293745040894,-0.9470421671867371,-0.9372589588165283,-0.9211908578872681,-0.9156374931335449,-0.9150868654251099,-0.9122622013092041,-0.9123772382736206,-0.9153903126716614,-0.9191745519638062,-0.9199897050857544,-0.9245631694793701,-0.9342482686042786,-0.9422265887260437,-0.9458010792732239,-0.9549832344055176,-0.9703503847122192,-0.9807988405227661,-0.9807988405227661,-0.979821503162384,-0.9862514734268188,-0.9042730927467346,-0.6216495633125305,null,null,-0.6313870549201965,-0.8520866632461548,-0.973755955696106,-1.0179998874664307,-1.00553297996521,-1.0029916763305664,-1.0168920755386353,-1.0198431015014648,-1.011619210243225,-1.0084768533706665,-1.0354896783828735,-1.0661866664886475,-1.0723934173583984,-1.0802711248397827,-1.1125311851501465,-1.1420872211456299,-1.158821940422058,-1.1799968481063843,-1.1957662105560303
-0.8907835483551025,-0.8791011571884155,-0.8748974800109863,-0.8723737597465515,-0.8688396215438843,-0.8630450963973999,-0.8537551760673523,-0.8428707718849182,-0.8412193655967712,-0.8448383212089539,-0.8475419282913208,-0.8522517085075378,-0.8571177124977112,-0.8575377464294434,-0.8624158501625061,-0.8733046054840088,-0.8792617917060852,-0.8794885873794556,-0.8835167288780212,-0.8889628648757935,-0.8953230977058411,-0.9025512337684631,-0.9136409759521484,-0.9171347618103027,-0.855628490447998,-0.683550238609314,-0.5051636099815369,-0.5128629207611084,-0.6704892516136169,-0.8075412511825562,-0.8792302012443542,-0.9081043004989624,-0.9003928303718567,-0.8980902433395386,-0.902775764465332,-0.9086290001869202,-0.9107139706611633,-0.9178506731987,-0.9354951977729797,-0.9506890177726746,-0.96278315782547,-0.979706883430481,-0.9990622401237488,-1.023283839225769,-1.0546036958694458,-1.0827229022979736,-1.1177363395690918
-0.8416213393211365,-0.8234445452690125,-0.817223310470581,-0.8161799907684326,-0.8142836093902588,-0.8098855018615723,-0.8026067614555359,-0.7930987477302551,-0.7880593538284302,-0.7895522117614746,-0.7962460517883301,-0.8049702048301697,-0.8081934452056885,-0.8077476620674133,-0.812940239906311,-0.8209111094474792,-0.8238013386726379,-0.8215240836143494,-0.8189482688903809,-0.8143268823623657,-0.8140679001808167,-0.8246225714683533,-0.8348146080970764,-0.8280923366546631,-0.793434202671051,-0.742639422416687,-0.6915702819824219,-0.6794829964637756,-0.7304099202156067,-0.7958495616912842,-0.8134840726852417,-0.812859833240509,-0.8135828971862793,-0.817703902721405,-0.8274959921836853,-0.8392353057861328,-0.8496798276901245,-0.8608304262161255,-0.8817541599273682,-0.9044336080551147,-0.9209364652633667,-0.9372265338897705,-0.9586089849472046,-0.9869051575660706,-1.017608880996704,-1.0556849241256714,-1.105661392211914
-0.8295415043830872,-0.813698947429657,-0.804924726486206,-0.802047610282898,-0.8002268075942993,-0.7958512902259827,-0.7869378328323364,-0.778932511806488,-0.7738243937492371,-0.7719364166259766,-0.7749999165534973,-0.7786718010902405,-0.7799569964408875,-0.7807565927505493,-0.7832648158073425,-0.7837265729904175,-0.7819797992706299,-0.7791311144828796,-0.773682713508606,-0.7672324180603027,-0.7665801644325256,-0.7703368067741394,-0.7729414701461792,-0.7662952542304993,-0.7544859051704407,-0.7474521398544312,-0.7406457662582397,-0.7291469573974609,-0.7352957725524902,-0.7540894150733948,-0.7598270177841187,-0.7541933655738831,-0.7565686106681824,-0.7637866139411926,-0.773360013961792,-0.7904316782951355,-0.8067288398742676,-0.8214501738548279,-0.8407596349716187,-0.860519528388977,-0.8829013705253601,-0.9076383113861084,-0.9260361790657043,-0.947737455368042,-0.9852152466773987,-1.0349347591400146,-1.0671402215957642
