earth/public/data/ocean/C53/ANN-ocevel-depthz-1000m-gfs-1.0.json
{"header": {"discipline": 0, "disciplineName": "Meteorological products", "gribEdition": 2, "gribLength": 131138.0, "center": 0, "centerName": "Kiel Climate Model", "subcenter": 0, "refTime": "1", "significanceOfRT": 1, "significanceOfRTName": "Start of forecast", "productStatus": 0, "productStatusName": "Operational products", "productType": 1, "productTypeName": "Forecast products", "productDefinitionTemplate": 0, "productDefinitionTemplateName": "Analysis/forecast at horizontal level/layer at a point in time", "parameterCategory": 2, "parameterCategoryName": "Momentum", "parameterNumber": 2, "parameterNumberName": "U-component_of_wind", "parameterUnit": "m/s", "genProcessType": 2, "genProcessTypeName": "Forecast", "forecastTime": 0, "surface1Type": 103, "surface1TypeName": "Specified height level above ground", "surface1Value": 10, "surface2Type": 255, "surface2TypeName": "Missing", "surface2Value": 0, "gridDefinitionTemplate": 0, "gridDefinitionTemplateName": "Latitude_Longitude", "numberPoints": 65160, "shape": 6, "shapeName": "Earth spherical with radius of 6,371,229.0 m", "gridUnits": "degrees", "resolution": 48, "winds": "true", "scanMode": 0, "nx": 360.0, "ny": 180.0, "basicAngle": 0, "subDivisions": 0, "lo1": 0.0, "la1": -89.5, "lo2": 359.0, "la2": 89.5, "dx": 1.0, "dy": -1.0}, "data":
[rows 21 to 41 of 180, columns 0 to 46 of 360]
null,null,null,null,null,null,null,null,null,null,null,null,null,null,null,null,null,null,null,null,null,null,null,null,null,null,null,null,null,null,null,null,null,null,null,null,null,null,null,null,null,null,null,null,null,null,null
null,null,null,null,null,null,null,null,null,null,null,null,null,null,null,null,null,null,null,null,null,null,null,null,null,null,null,null,null,null,null,null,null,null,null,null,null,null,null,null,null,null,null,null,null,null,null
null,null,null,null,null,null,null,null,null,null,null,null,null,null,null,null,null,null,null,null,null,null,null,null,null,null,null,null,null,null,null,null,null,null,null,null,null,null,null,null,null,null,null,null,null,null,null
null,null,null,null,null,null,null,null,null,null,null,null,null,null,null,null,null,null,null,null,null,null,null,null,null,null,null,null,null,null,null,null,null,null,null,null,null,null,null,null,null,null,null,null,null,null,null
null,null,null,null,null,null,null,null,null,null,null,null,null,null,null,null,null,null,null,null,null,null,null,null,null,null,null,null,null,null,null,null,null,null,null,null,null,null,null,null,null,null,null,null,null,null,null
0.004947842098772526,null,null,null,null,null,null,null,null,null,null,null,null,null,null,null,null,null,null,null,null,null,null,null,null,null,null,null,null,null,null,null,null,null,null,null,null,null,null,null,null,null,null,null,null,null,null
0.002906913636252284,null,null,null,null,null,null,null,null,null,null,null,null,null,null,null,null,null,null,null,null,null,null,null,null,null,null,null,null,null,null,null,null,null,null,null,null,null,null,null,null,null,null,null,null,null,null
0.00136718584690243,0.0014580897986888885,0.003580024465918541,0.007600080221891403,0.009740638546645641,null,null,null,null,null,null,null,null,null,null,null,null,null,null,null,null,null,null,null,null,null,null,null,null,null,null,null,null,null,null,null,null,null,null,null,null,null,null,null,null,null,null
0.0010337403509765863,0.0011975988745689392,0.0024674360174685717,0.004573054611682892,0.007536999881267548,null,null,null,null,null,null,null,null,null,null,null,null,null,null,null,null,null,null,null,null,null,null,null,null,null,null,null,null,null,null,null,null,null,null,null,null,null,null,null,null,null,null
0.001261744531802833,0.002052837051451206,0.0023677179124206305,0.002110477304086089,0.005806736182421446,0.014894887804985046,0.019869761541485786,null,null,null,null,null,null,null,null,null,null,null,null,null,null,null,null,null,null,null,null,null,null,null,null,null,null,null,null,null,null,null,null,null,null,null,null,null,null,null,null
0.002529011806473136,0.0038709030486643314,0.003921656869351864,0.0026711232494562864,0.004913996905088425,0.010158651508390903,0.011731847189366817,0.008961262181401253,0.008000092580914497,0.010091671720147133,0.014647802338004112,0.021368596702814102,0.027835510671138763,0.033682383596897125,0.03377364203333855,null,null,null,null,null,null,null,null,null,null,null,null,null,null,null,null,null,null,null,null,null,null,null,null,null,null,null,null,null,null,null,null
0.0049112155102193356,0.006084630731493235,0.006121107377111912,0.005016353912651539,0.00514498446136713,0.006344098597764969,0.006518017500638962,0.005419500172138214,0.0057923924177885056,0.007555616088211536,0.009856094606220722,0.012295913882553577,0.015585212968289852,0.019077999517321587,0.017782041803002357,0.010828842408955097,0.008011330850422382,0.012081922963261604,0.013284455984830856,0.011361449025571346,0.011063577607274055,0.012328307144343853,0.013561992906033993,null,null,null,null,null,null,null,null,null,null,null,null,null,null,null,null,null,null,null,null,null,null,null,null
0.007186183240264654,0.008015370927751064,0.008031385950744152,0.0072292760014534,0.007087650243192911,0.007669220678508282,0.007483399007469416,0.006624388508498669,0.006614065729081631,0.007437513675540686,0.006966766901314259,0.005122327711433172,0.00476121949031949,0.005759666673839092,0.005162554793059826,0.0030355462804436684,0.00450043473392725,0.009368885308504105,0.011079718358814716,0.009379399940371513,0.009533642791211605,0.011567957699298859,0.013645535334944725,0.01591641455888748,0.025456659495830536,0.040436964482069016,0.04842646047472954,null,null,null,null,null,null,null,null,null,null,null,null,null,null,null,null,null,null,null,null
0.008555758744478226,0.008963686414062977,0.008723852224647999,0.00791658740490675,0.00768181262537837,0.008113290183246136,0.008019794709980488,0.007464752532541752,0.007518724072724581,0.00814536027610302,0.007416483014822006,0.005338636226952076,0.004672684706747532,0.005396467167884111,0.0048110694624483585,0.002978250151500106,0.004072592128068209,0.008029276505112648,0.009062627330422401,0.0071449363604187965,0.007343990728259087,0.009670361876487732,0.010732431896030903,0.010586193762719631,0.017964091151952744,0.0318363755941391,0.03955464065074921,null,null,null,null,null,null,null,null,null,null,null,null,null,null,null,null,null,null,null,null
0.008898821659386158,0.008612715639173985,0.007947620004415512,0.006990960333496332,0.00643034465610981,0.006280871573835611,0.00594281917437911,0.005390895530581474,0.0055924067273736,0.006559120491147041,0.006765052676200867,0.006367063149809837,0.006857020780444145,0.008352688513696194,0.008424418047070503,0.007078744936734438,0.007457472383975983,0.009242427535355091,0.009071112610399723,0.006730070803314447,0.006649915594607592,0.008762819692492485,0.007802190724760294,0.0035848976112902164,0.006708964705467224,0.016419731080532074,0.021571163088083267,null,null,null,null,null,null,null,null,null,null,null,null,null,null,null,null,null,null,null,null
0.008545907214283943,0.007875124923884869,0.007032979279756546,0.00615408830344677,0.005591018125414848,0.005490790121257305,0.0051666307263076305,0.004736483097076416,0.004807926714420319,0.005355892702937126,0.005705756135284901,0.005715875420719385,0.006560924928635359,0.00800709705799818,0.008587907068431377,0.0082322359085083,0.008604774251580238,0.00981166958808899,0.009507554583251476,0.007832824252545834,0.007801301311701536,0.00945961382240057,0.008166366256773472,0.00424784142524004,0.00441622594371438,0.00844360888004303,0.012524230405688286,null,null,null,null,0.06210679933428764,0.06708656251430511,0.07200873643159866,0.08437379449605942,0.09891020506620407,0.10197573155164719,null,null,null,null,null,null,null,null,null,null
0.006793908774852753,0.0066235181875526905,0.0064414869993925095,0.006218401249498129,0.006104846950620413,0.006065412890166044,0.005695284344255924,0.005059241317212582,0.004667376168072224,0.00461315643042326,0.0044685425236821175,0.004292304161936045,0.004647351801395416,0.005523934960365295,0.006237862166017294,0.006639246828854084,0.007354504894465208,0.008160236291587353,0.008457357063889503,0.008183399215340614,0.008400050923228264,0.00905192457139492,0.008959171362221241,0.008112244307994843,0.007640544790774584,0.007794464007019997,0.009822772815823555,0.01495127473026514,0.019328974187374115,0.021984398365020752,0.027348361909389496,0.03213205933570862,0.044252313673496246,0.06047787144780159,0.08476575464010239,0.1178058534860611,0.113017737865448,0.07208571583032608,0.04716229811310768,0.03795903921127319,0.03518709912896156,null,null,null,null,null,null
0.00468860287219286,0.005265050567686558,0.005838414188474417,0.006481928285211325,0.0062082563526928425,0.005441544111818075,0.0048289974220097065,0.004310901742428541,0.003734603524208069,0.003137680236250162,0.0025867412332445383,0.0021925049368292093,0.002143260557204485,0.002423799829557538,0.0029830036219209433,0.003761798143386841,0.004280109889805317,0.004507176578044891,0.005136698484420776,0.006023922003805637,0.006513441447168589,0.006498273462057114,0.006925533059984446,0.007773511577397585,0.00710514560341835,0.004897689912468195,0.004660532809793949,0.005886634811758995,0.006600634660571814,0.00572064146399498,0.004756726324558258,null,null,null,null,null,null,0.05641299858689308,0.04550173133611679,0.0537121407687664,0.05062107369303703,0.03807247057557106,0.037306249141693115,0.04782602936029434,0.04434330016374588,null,null
null,null,null,null,null,0.002889274852350354,0.00275393552146852,0.003224490210413933,0.0028240778483450413,0.0016606958815827966,0.0005929726175963879,-0.0002182782773161307,-0.0006748011219315231,-0.0007076716865412891,-0.0004287217743694782,7.943194214021787e-05,0.0005090560880489647,0.00075319450115785,0.0018528203945606947,0.0036460726987570524,0.004522297531366348,0.004350895062088966,0.0049360753037035465,0.006159423850476742,0.005452271085232496,0.002995085436850786,0.001556203467771411,0.0015352696646004915,-5.197838618187234e-05,null,null,null,null,null,null,null,null,null,null,null,null,0.02140481024980545,0.020487407222390175,0.029590405523777008,0.021743761375546455,-0.00721338577568531,-0.027480626478791237
null,null,null,null,null,0.0010396488942205906,0.0016210253816097975,0.002711106324568391,0.002449414925649762,0.001208822475746274,0.0002913135976996273,-0.00042867282172665,-0.0012774612987414002,-0.002055372577160597,-0.0023403691593557596,-0.002027085516601801,-0.0016933385049924254,-0.0014141252031549811,-0.00041756400605663657,0.001168839051388204,0.0021883759181946516,0.0024626771919429302,0.003039179602637887,0.003802361898124218,0.0031571518629789352,0.0012633707374334335,0.00043105712393298745,0.0008576659602113068,0.0011089993640780449,null,null,null,null,null,null,null,null,null,null,null,null,0.004290606360882521,0.0082014761865139,0.014132182113826275,0.007615006063133478,-0.013290828093886375,-0.027480626478791237
null,null,null,null,null,null,null,null,null,0.0013429028913378716,0.0008882730035111308,0.0005676703294739127,-0.0006496478454209864,-0.0026960072573274374,-0.004327687900513411,-0.005063004791736603,-0.004432228393852711,-0.0026969353202730417,-0.0014467466389760375,-0.0010905629023909569,-0.00030090840300545096,0.000794805760961026,0.0010677403770387173,0.0005428072763606906,-0.00028818650753237307,-0.0013593640178442001,-0.002069897949695587,-0.002517265733331442,-0.002865047426894307,null,null,null,null,null,null,null,null,null,null,null,null,null,null,0.008272087201476097,0.004606176167726517,null,null
