earth/public/data/ocean/C53/ANN-vosaline-depthz-1000m-gfs-1.0.json
{"header": {"discipline": 0, "disciplineName": "Meteorological products", "gribEdition": 2, "gribLength": 131138.0, "center": 0, "centerName": "Kiel Climate Model", "subcenter": 0, "refTime": "1", "significanceOfRT": 1, "significanceOfRTName": "Start of forecast", "productStatus": 0, "productStatusName": "Operational products", "productType": 1, "productTypeName": "Forecast products", "productDefinitionTemplate": 0, "productDefinitionTemplateName": "Analysis/forecast at horizontal level/layer at a point in time", "parameterCategory": 2, "parameterCategoryName": "Momentum", "parameterNumber": 2, "parameterNumberName": "U-component_of_wind", "parameterUnit": "PSU", "genProcessType": 2, "genProcessTypeName": "Forecast", "forecastTime": 0, "surface1Type": 103, "surface1TypeName": "Specified height level above ground", "surface1Value": 10, "surface2Type": 255, "surface2TypeName": "Missing", "surface2Value": 0, "gridDefinitionTemplate": 0, "gridDefinitionTemplateName": "Latitude_Longitude", "numberPoints": 65160, "shape": 6, "shapeName": "Earth spherical with radius of 6,371,229.0 m", "gridUnits": "degrees", "resolution": 48, "winds": "true", "scanMode": 0, "nx": 360.0, "ny": 180.0, "basicAngle": 0, "subDivisions": 0, "lo1": 0.0, "la1": -89.5, "lo2": 359.0, "la2": 89.5, "dx": 1.0, "dy": -1.0}, "data":
[rows 66 to 87 of 180, columns 200 to 249 of 360]
35.108158111572266,35.1068115234375,35.1056022644043,35.10425567626953,35.10303497314453,35.101680755615234,35.1004638671875,35.09912109375,35.09791564941406,35.09658432006836,35.09538269042969,35.09404754638672,35.09283447265625,35.091495513916016,35.09028244018555,35.08893966674805,35.08772659301758,35.086360931396484,35.085105895996094,35.08373260498047,35.08250045776367,35.081172943115234,35.08000183105469,35.07869338989258,35.07749938964844,35.07615280151367,35.07491683959961,35.07353591918945,35.07227325439453,35.07087326049805,35.069602966308594,35.068206787109375,35.066959381103516,35.06557846069336,35.064327239990234,35.062931060791016,35.061649322509766,35.06021499633789,35.058902740478516,35.05744171142578,35.056114196777344,35.05464172363281,35.05330276489258,35.05179977416992,35.050418853759766,35.04886245727539,35.047428131103516,35.04581832885742,35.04434585571289,35.04270935058594
35.08757019042969,35.08645248413086,35.08543395996094,35.08431625366211,35.083290100097656,35.08216094970703,35.08112335205078,35.079994201660156,35.07896041870117,35.07782745361328,35.07678985595703,35.07564163208008,35.074581146240234,35.07341766357422,35.072349548339844,35.071170806884766,35.07008743286133,35.068878173828125,35.067752838134766,35.06653594970703,35.06543731689453,35.064266204833984,35.063232421875,35.062095642089844,35.061058044433594,35.05990219116211,35.058834075927734,35.057655334472656,35.05656051635742,35.055355072021484,35.05424499511719,35.053035736083984,35.05192947387695,35.05072021484375,35.04961013793945,35.04837417602539,35.04722595214844,35.04594802856445,35.044761657714844,35.043453216552734,35.04224395751953,35.04091262817383,35.03968811035156,35.03832244873047,35.037052154541016,35.03563690185547,35.03432083129883,35.03286361694336,35.03152084350586,35.03004455566406
35.062477111816406,35.06153106689453,35.06069564819336,35.05978012084961,35.0589485168457,35.05802917480469,35.05718994140625,35.05625915527344,35.05541229248047,35.05446243286133,35.0535888671875,35.0526123046875,35.05171203613281,35.05071258544922,35.0497932434082,35.04877853393555,35.04784393310547,35.04680252075195,35.045841217041016,35.0447998046875,35.04386901855469,35.04288101196289,35.04201889038086,35.041080474853516,35.04024124145508,35.039302825927734,35.03844451904297,35.03748321533203,35.03659439086914,35.03559875488281,35.0346794128418,35.033660888671875,35.032737731933594,35.03171157836914,35.03076934814453,35.02971649169922,35.028743743896484,35.027645111083984,35.02662658691406,35.02549362182617,35.024452209472656,35.023292541503906,35.02223205566406,35.02104568481445,35.01995086669922,35.01872253417969,35.0175895690918,35.01633071899414,35.01517868041992,35.0139045715332
35.03874206542969,35.03792953491211,35.037235260009766,35.03647994995117,35.03581619262695,35.03507614135742,35.03440475463867,35.033653259277344,35.032958984375,35.03217315673828,35.03144454956055,35.030616760253906,35.029850006103516,35.028995513916016,35.0282096862793,35.02733612060547,35.02654266357422,35.025657653808594,35.02485275268555,35.023983001708984,35.02321243286133,35.02239990234375,35.021697998046875,35.02094650268555,35.02029037475586,35.01955795288086,35.01889419555664,35.01813507080078,35.017433166503906,35.016632080078125,35.01588821411133,35.015052795410156,35.01428985595703,35.01343536376953,35.012657165527344,35.011775970458984,35.01095962524414,35.01003646850586,35.009178161621094,35.008216857910156,35.0073356628418,35.00635528564453,35.00545883178711,35.004451751708984,35.00353240966797,35.002498626708984,35.001556396484375,35.0004997253418,34.99953842163086,34.998470306396484
35.024681091308594,35.023895263671875,35.023231506347656,35.02253341674805,35.02192687988281,35.021263122558594,35.02066421508789,35.01999282836914,35.019371032714844,35.018672943115234,35.018009185791016,35.01726531982422,35.016563415527344,35.015785217285156,35.01506805419922,35.014278411865234,35.0135612487793,35.01277542114258,35.01206588745117,35.01130676269531,35.0106315612793,35.009925842285156,35.009315490722656,35.008670806884766,35.00810241699219,35.00748825073242,35.00692367553711,35.00628662109375,35.00568389892578,35.00499725341797,35.00434875488281,35.003623962402344,35.00294876098633,35.002197265625,35.00150680541992,35.000736236572266,35.00001525878906,34.99920654296875,34.99844741821289,34.99760437011719,34.996826171875,34.995967864990234,34.99517822265625,34.99431228637695,34.99351119995117,34.99263000488281,34.991817474365234,34.99092483520508,34.9901008605957,34.98919677734375
35.01335144042969,35.0125617980957,35.01190185546875,35.01122283935547,35.01064682006836,35.01002502441406,35.00947189331055,35.00885772705078,35.00829315185547,35.00764846801758,35.00704574584961,35.00636291503906,35.00571823120117,35.00499725341797,35.004337310791016,35.00361251831055,35.002960205078125,35.002254486083984,35.00162887573242,35.00095748901367,35.000370025634766,34.9997444152832,34.99920654296875,34.998634338378906,34.998138427734375,34.997596740722656,34.99711608886719,34.99656295776367,34.99604797363281,34.995452880859375,34.99488830566406,34.99424743652344,34.99364471435547,34.99297332763672,34.99235916137695,34.991668701171875,34.99103927612305,34.99032211303711,34.989654541015625,34.98891067504883,34.988224029541016,34.98746871948242,34.986785888671875,34.98603057861328,34.985347747802734,34.984596252441406,34.983917236328125,34.9831657409668,34.982486724853516,34.981727600097656
35.002445220947266,35.00164794921875,35.0009880065918,35.00031661987305,34.999759674072266,34.99917221069336,34.9986572265625,34.99808883666992,34.9975700378418,34.996986389160156,34.996437072753906,34.995819091796875,34.995235443115234,34.99458312988281,34.99397659301758,34.993324279785156,34.99273681640625,34.99211502075195,34.9915657043457,34.990989685058594,34.990478515625,34.98993682861328,34.98945999145508,34.98896026611328,34.988521575927734,34.98805236816406,34.987632751464844,34.98716354370117,34.986724853515625,34.98622512817383,34.985740661621094,34.98518753051758,34.98466110229492,34.984073638916016,34.9835319519043,34.982933044433594,34.98237991333008,34.98176193237305,34.98118591308594,34.98054504394531,34.979949951171875,34.979305267333984,34.978721618652344,34.978092193603516,34.97752380371094,34.97691345214844,34.97636795043945,34.97577667236328,34.97523498535156,34.97465133666992
34.99394989013672,34.99314498901367,34.99247360229492,34.991798400878906,34.99124526977539,34.99066925048828,34.990177154541016,34.98964309692383,34.989158630371094,34.988616943359375,34.98811721801758,34.987552642822266,34.98702621459961,34.98643112182617,34.985877990722656,34.98528289794922,34.9847526550293,34.98419189453125,34.98371505737305,34.98320388793945,34.98276138305664,34.98228454589844,34.98186111450195,34.981407165527344,34.98100662231445,34.9805793762207,34.98020553588867,34.97978973388672,34.97941589355469,34.97898483276367,34.978572845458984,34.97808837890625,34.977630615234375,34.977108001708984,34.97663116455078,34.97610092163086,34.975624084472656,34.97508239746094,34.974586486816406,34.97402572631836,34.973514556884766,34.972957611083984,34.97246551513672,34.97193145751953,34.97146987915039,34.97097396850586,34.970542907714844,34.9700813293457,34.96968078613281,34.96923828125
34.9860954284668,34.98529052734375,34.9846076965332,34.98392868041992,34.983367919921875,34.9827995300293,34.98231887817383,34.98180389404297,34.981346130371094,34.98084259033203,34.980384826660156,34.9798698425293,34.97939682006836,34.97886276245117,34.978363037109375,34.97782897949219,34.97734451293945,34.97684860229492,34.97642517089844,34.975982666015625,34.9755973815918,34.975181579589844,34.97480392456055,34.97439956665039,34.97403335571289,34.97365188598633,34.97331237792969,34.97294998168945,34.972625732421875,34.97225570678711,34.97190856933594,34.971500396728516,34.971099853515625,34.97065353393555,34.97023010253906,34.96977615356445,34.969364166259766,34.96890640258789,34.96847915649414,34.96800994873047,34.96757507324219,34.96710968017578,34.966697692871094,34.96627426147461,34.965904235839844,34.96552658081055,34.965206146240234,34.96487808227539,34.964595794677734,34.96430969238281
34.98031234741211,34.97950744628906,34.97882080078125,34.97813034057617,34.977561950683594,34.976985931396484,34.976505279541016,34.97599792480469,34.975555419921875,34.975074768066406,34.97464370727539,34.97417068481445,34.97373962402344,34.97325134277344,34.972801208496094,34.97230911254883,34.97187042236328,34.971412658691406,34.971031188964844,34.97063446044922,34.97029495239258,34.96992111206055,34.969581604003906,34.96921157836914,34.968875885009766,34.96852111816406,34.96820831298828,34.96787643432617,34.967586517333984,34.967262268066406,34.96696472167969,34.966609954833984,34.96626663208008,34.96586990356445,34.96550369262695,34.9650993347168,34.964744567871094,34.96434783935547,34.963985443115234,34.96358108520508,34.96321105957031,34.96282196044922,34.96248245239258,34.962135314941406,34.961849212646484,34.9615592956543,34.96133041381836,34.96110153198242,34.96092224121094,34.96074676513672
34.9752082824707,34.97441864013672,34.97373580932617,34.97304153442383,34.97246551513672,34.97187805175781,34.97138977050781,34.97087860107422,34.97043991088867,34.969974517822266,34.969566345214844,34.96912384033203,34.96872329711914,34.96828079223633,34.96786880493164,34.96742248535156,34.967010498046875,34.966590881347656,34.96623229980469,34.96586990356445,34.9655647277832,34.965232849121094,34.964927673339844,34.9645881652832,34.96427917480469,34.963951110839844,34.963661193847656,34.96335983276367,34.963096618652344,34.96281051635742,34.962554931640625,34.962249755859375,34.96195602416992,34.96162033081055,34.961299896240234,34.96095657348633,34.96064758300781,34.9603157043457,34.96001434326172,34.95968246459961,34.959381103515625,34.959068298339844,34.95879364013672,34.958526611328125,34.95830535888672,34.958099365234375,34.957942962646484,34.957801818847656,34.957698822021484,34.95762252807617
34.9707145690918,34.9699592590332,34.96931076049805,34.9686393737793,34.96806335449219,34.96745681762695,34.9669303894043,34.96639633178711,34.96595001220703,34.965484619140625,34.965084075927734,34.96465301513672,34.96426773071289,34.96385192871094,34.96348190307617,34.96306228637695,34.962677001953125,34.96227264404297,34.96192169189453,34.96157455444336,34.96129608154297,34.96099090576172,34.960716247558594,34.96040344238281,34.96010971069336,34.959800720214844,34.95953369140625,34.959259033203125,34.95902633666992,34.958778381347656,34.958553314208984,34.95830154418945,34.95806884765625,34.957801818847656,34.95754623413086,34.95726776123047,34.9570198059082,34.956756591796875,34.9565315246582,34.95628356933594,34.9560661315918,34.955833435058594,34.95563507080078,34.9554328918457,34.95527267456055,34.95512390136719,34.955013275146484,34.95492172241211,34.95486831665039,34.95484161376953
34.96697235107422,34.96625900268555,34.965660095214844,34.96501541137695,34.964447021484375,34.96382522583008,34.963253021240234,34.96269226074219,34.96223449707031,34.961761474609375,34.96136474609375,34.9609375,34.96055603027344,34.96015548706055,34.959815979003906,34.95942306518555,34.95905685424805,34.95866012573242,34.95830535888672,34.95796585083008,34.957698822021484,34.95741653442383,34.95716857910156,34.95687484741211,34.95658874511719,34.956295013427734,34.95604705810547,34.95579528808594,34.95559310913086,34.95537567138672,34.95518493652344,34.954978942871094,34.954803466796875,34.95459747314453,34.954410552978516,34.95419692993164,34.95400619506836,34.95381164550781,34.953651428222656,34.9534797668457,34.953338623046875,34.95317840576172,34.95303726196289,34.9528923034668,34.9527702331543,34.952659606933594,34.952579498291016,34.952518463134766,34.95248031616211,34.95248794555664
34.96558380126953,34.964900970458984,34.96434020996094,34.96372604370117,34.96316909790039,34.962528228759766,34.9619255065918,34.961334228515625,34.96086120605469,34.96038055419922,34.95997619628906,34.959537506103516,34.95914077758789,34.958736419677734,34.95840072631836,34.958011627197266,34.957645416259766,34.95724105834961,34.956871032714844,34.95652389526367,34.95626449584961,34.95598602294922,34.95574951171875,34.9554557800293,34.95516586303711,34.954872131347656,34.95463180541992,34.954402923583984,34.9542236328125,34.95403289794922,34.953857421875,34.95368194580078,34.95353317260742,34.953369140625,34.953216552734375,34.95304870605469,34.95288848876953,34.952728271484375,34.95259475708008,34.952457427978516,34.95234298706055,34.95220947265625,34.952083587646484,34.95194625854492,34.95182418823242,34.95170211791992,34.95161056518555,34.95153045654297,34.95147705078125,34.95146560668945
34.96485900878906,34.96419906616211,34.96367263793945,34.96308135986328,34.96253204345703,34.961875915527344,34.96122360229492,34.96058654785156,34.9600830078125,34.95956802368164,34.959136962890625,34.95866394042969,34.95823669433594,34.95781326293945,34.95746612548828,34.957069396972656,34.956695556640625,34.95627212524414,34.95588302612305,34.95552444458008,34.95526123046875,34.95499038696289,34.95475769042969,34.9544677734375,34.95417022705078,34.95388412475586,34.95365905761719,34.95345687866211,34.95331954956055,34.95315933227539,34.95301055908203,34.952857971191406,34.95273208618164,34.95260238647461,34.95249557495117,34.95235824584961,34.95222473144531,34.952083587646484,34.95195770263672,34.95182800292969,34.951717376708984,34.95158004760742,34.951438903808594,34.95127487182617,34.95112228393555,34.950958251953125,34.95082092285156,34.950687408447266,34.950584411621094,34.95052719116211
34.96443176269531,34.963783264160156,34.96327590942383,34.96269607543945,34.962154388427734,34.96147537231445,34.96078109741211,34.96010208129883,34.959556579589844,34.95899963378906,34.95853805541992,34.958030700683594,34.95756912231445,34.95711898803711,34.956756591796875,34.95634460449219,34.955963134765625,34.955528259277344,34.955116271972656,34.95474624633789,34.95448684692383,34.954219818115234,34.95399475097656,34.953704833984375,34.953407287597656,34.953128814697266,34.95292663574219,34.9527587890625,34.95265197753906,34.9525260925293,34.952396392822266,34.952266693115234,34.9521598815918,34.952056884765625,34.95197296142578,34.95186233520508,34.95174026489258,34.95160675048828,34.951480865478516,34.95134735107422,34.95122528076172,34.95106887817383,34.950904846191406,34.95071029663086,34.95051574707031,34.95030975341797,34.95012283325195,34.94993591308594,34.94977951049805,34.949676513671875
34.96455001831055,34.96388244628906,34.96335983276367,34.962772369384766,34.962223052978516,34.9615364074707,34.9608268737793,34.960121154785156,34.95954132080078,34.958946228027344,34.95844268798828,34.9578971862793,34.957420349121094,34.956947326660156,34.956565856933594,34.956138610839844,34.95574951171875,34.95530700683594,34.954891204833984,34.954524993896484,34.95426940917969,34.95400619506836,34.95377731323242,34.95349884033203,34.953208923339844,34.952945709228516,34.9527587890625,34.952606201171875,34.952518463134766,34.952396392822266,34.9522705078125,34.95214080810547,34.952030181884766,34.95192337036133,34.95183563232422,34.951717376708984,34.95158386230469,34.95143508911133,34.951290130615234,34.951133728027344,34.95098876953125,34.950801849365234,34.95061111450195,34.95038604736328,34.950164794921875,34.94992446899414,34.949703216552734,34.94947814941406,34.94929122924805,34.94915771484375
34.96500778198242,34.964298248291016,34.963722229003906,34.963096618652344,34.96253204345703,34.96183776855469,34.96113586425781,34.960411071777344,34.95978546142578,34.959129333496094,34.95855712890625,34.95796585083008,34.95745849609375,34.95695495605469,34.95654296875,34.956092834472656,34.955692291259766,34.95524978637695,34.9548454284668,34.95448684692383,34.95423126220703,34.95396423339844,34.9537353515625,34.95346450805664,34.95319747924805,34.95295333862305,34.95277786254883,34.95262908935547,34.95252990722656,34.952392578125,34.952247619628906,34.95209503173828,34.95195770263672,34.951812744140625,34.951690673828125,34.9515266418457,34.951358795166016,34.95116424560547,34.95098114013672,34.95077896118164,34.950592041015625,34.95036315917969,34.95013427734375,34.949867248535156,34.949615478515625,34.949337005615234,34.94908142089844,34.94882583618164,34.948612213134766,34.948455810546875
34.965789794921875,34.965023040771484,34.96437454223633,34.963687896728516,34.96309280395508,34.9623908996582,34.96171569824219,34.960975646972656,34.96030807495117,34.9595832824707,34.95893478393555,34.958282470703125,34.95774841308594,34.95719909667969,34.956729888916016,34.956241607666016,34.95582962036133,34.955387115478516,34.95500564575195,34.954647064208984,34.954383850097656,34.954097747802734,34.9538459777832,34.953575134277344,34.953330993652344,34.953094482421875,34.95290756225586,34.95272445678711,34.95258331298828,34.95240020751953,34.95220947265625,34.952003479003906,34.95181655883789,34.95161056518555,34.951416015625,34.9511833190918,34.95095443725586,34.9506950378418,34.950462341308594,34.950199127197266,34.949954986572266,34.94967269897461,34.94940185546875,34.9490966796875,34.94881057739258,34.94850158691406,34.948219299316406,34.947940826416016,34.947715759277344,34.947547912597656
34.967308044433594,34.966495513916016,34.96577835083008,34.96502685546875,34.964385986328125,34.96367645263672,34.96302795410156,34.96228790283203,34.96159362792969,34.9608268737793,34.96012496948242,34.95941925048828,34.958839416503906,34.95820999145508,34.95764923095703,34.95709228515625,34.956642150878906,34.956180572509766,34.95579147338867,34.95539855957031,34.955074310302734,34.95471954345703,34.954402923583984,34.95408248901367,34.953819274902344,34.95352554321289,34.95326232910156,34.95298385620117,34.9527473449707,34.95246505737305,34.95219421386719,34.951904296875,34.95164489746094,34.95133972167969,34.9510498046875,34.95071792602539,34.950408935546875,34.9500732421875,34.949771881103516,34.94944381713867,34.94914627075195,34.948814392089844,34.948509216308594,34.948177337646484,34.947872161865234,34.94755172729492,34.94727325439453,34.946998596191406,34.94677734375,34.946598052978516
34.969661712646484,34.968814849853516,34.96805191040039,34.967254638671875,34.9665641784668,34.9658317565918,34.96519088745117,34.96444320678711,34.96372604370117,34.962928771972656,34.962196350097656,34.961429595947266,34.96077346801758,34.96003723144531,34.959354400634766,34.95869445800781,34.958168029785156,34.957637786865234,34.95720291137695,34.95672607421875,34.956295013427734,34.95582962036133,34.95541000366211,34.95498275756836,34.954627990722656,34.9542236328125,34.95383834838867,34.95343017578125,34.95307159423828,34.95267105102539,34.95230484008789,34.951908111572266,34.95155715942383,34.95114517211914,34.950740814208984,34.95029830932617,34.94990158081055,34.9494743347168,34.949100494384766,34.94869613647461,34.94833755493164,34.94795608520508,34.9476203918457,34.94725799560547,34.946937561035156,34.946617126464844,34.946353912353516,34.94607925415039,34.94585037231445,34.94563293457031
34.97296142578125,34.972076416015625,34.97127151489258,34.970420837402344,34.96968078613281,34.96888732910156,34.96818923950195,34.967384338378906,34.96662139892578,34.96576690673828,34.96498107910156,34.96411895751953,34.96335220336914,34.96249008178711,34.96168899536133,34.96089172363281,34.960243225097656,34.9595832824707,34.959041595458984,34.95842742919922,34.957862854003906,34.957244873046875,34.95669174194336,34.956111907958984,34.95561218261719,34.95505142211914,34.954532623291016,34.9539794921875,34.953495025634766,34.952964782714844,34.952491760253906,34.95197296142578,34.95151138305664,34.950965881347656,34.950443267822266,34.94987869262695,34.949378967285156,34.948848724365234,34.948387145996094,34.94789123535156,34.94745635986328,34.94701385498047,34.9466438293457,34.946250915527344,34.94590759277344,34.94557571411133,34.94532012939453,34.94502258300781,34.94474411010742,34.9444580078125
