earth/public/data/ocean/C53/ANN-vosaline-depthz-500m-gfs-1.0.json
{"header": {"discipline": 0, "disciplineName": "Meteorological products", "gribEdition": 2, "gribLength": 131138.0, "center": 0, "centerName": "Kiel Climate Model", "subcenter": 0, "refTime": "1", "significanceOfRT": 1, "significanceOfRTName": "Start of forecast", "productStatus": 0, "productStatusName": "Operational products", "productType": 1, "productTypeName": "Forecast products", "productDefinitionTemplate": 0, "productDefinitionTemplateName": "Analysis/forecast at horizontal level/layer at a point in time", "parameterCategory": 2, "parameterCategoryName": "Momentum", "parameterNumber": 2, "parameterNumberName": "U-component_of_wind", "parameterUnit": "PSU", "genProcessType": 2, "genProcessTypeName": "Forecast", "forecastTime": 0, "surface1Type": 103, "surface1TypeName": "Specified height level above ground", "surface1Value": 10, "surface2Type": 255, "surface2TypeName": "Missing", "surface2Value": 0, "gridDefinitionTemplate": 0, "gridDefinitionTemplateName": "Latitude_Longitude", "numberPoints": 65160, "shape": 6, "shapeName": "Earth spherical with radius of 6,371,229.0 m", "gridUnits": "degrees", "resolution": 48, "winds": "true", "scanMode": 0, "nx": 360.0, "ny": 180.0, "basicAngle": 0, "subDivisions": 0, "lo1": 0.0, "la1": -89.5, "lo2": 359.0, "la2": 89.5, "dx": 1.0, "dy": -1.0}, "data":
[rows 66 to 87 of 180, columns 50 to 99 of 360]
36.329097747802734,36.33612060546875,36.342567443847656,36.36137771606445,36.38685989379883,36.4029541015625,36.40495681762695,36.39857482910156,36.3844108581543,36.372859954833984,36.36604309082031,36.35673522949219,36.34684753417969,36.34061050415039,36.339378356933594,36.336647033691406,36.33310317993164,36.3316650390625,36.33268737792969,36.332862854003906,36.33214569091797,36.3306770324707,36.32861328125,36.32543182373047,36.3216438293457,36.318241119384766,36.315853118896484,36.31352233886719,36.311710357666016,36.31003189086914,36.30792999267578,36.30562210083008,36.30353927612305,36.30137252807617,36.29867935180664,36.29590606689453,36.29290771484375,36.290199279785156,36.28731918334961,36.28477096557617,36.282020568847656,36.279537200927734,36.27649688720703,36.27341079711914,36.26972961425781,36.266082763671875,36.261966705322266,36.258087158203125,36.253883361816406,36.250083923339844
36.32185363769531,36.32151794433594,36.317787170410156,36.31976318359375,36.32735824584961,36.329063415527344,36.3249626159668,36.314334869384766,36.2991943359375,36.28833770751953,36.28364944458008,36.27659606933594,36.26832962036133,36.26376724243164,36.26370620727539,36.26206970214844,36.25918197631836,36.25779342651367,36.25824737548828,36.25739288330078,36.25552749633789,36.25259780883789,36.24925231933594,36.24530792236328,36.24152374267578,36.23821258544922,36.2359733581543,36.23396301269531,36.23253631591797,36.23107147216797,36.228790283203125,36.22621154785156,36.22365951538086,36.220970153808594,36.21770477294922,36.214508056640625,36.2110595703125,36.2080192565918,36.204795837402344,36.20199203491211,36.19887161254883,36.19602966308594,36.192535400390625,36.189056396484375,36.18488311767578,36.18081283569336,36.17619705200195,36.17191696166992,36.167240142822266,36.163055419921875
36.22002029418945,36.216087341308594,36.21122360229492,36.20913314819336,36.21009063720703,36.20817565917969,36.20322799682617,36.193199157714844,36.179603576660156,36.1707878112793,36.16828536987305,36.162925720214844,36.155765533447266,36.15174102783203,36.15159606933594,36.149532318115234,36.14594268798828,36.14306640625,36.14143371582031,36.138427734375,36.13455581665039,36.130027770996094,36.1255989074707,36.121131896972656,36.11740493774414,36.11407470703125,36.11176300048828,36.1096305847168,36.10810089111328,36.1062126159668,36.10283660888672,36.099056243896484,36.09557342529297,36.091976165771484,36.08793640136719,36.08415985107422,36.08024215698242,36.07686996459961,36.07333755493164,36.07027816772461,36.06682586669922,36.063594818115234,36.0596923828125,36.05580520629883,36.051246643066406,36.04680633544922,36.041847229003906,36.0372314453125,36.03223419189453,36.0277214050293
36.111167907714844,36.10067367553711,36.09203338623047,36.08633804321289,36.084449768066406,36.08115768432617,36.07716751098633,36.069091796875,36.05861282348633,36.052162170410156,36.05106735229492,36.04702377319336,36.04081726074219,36.03725814819336,36.037010192871094,36.03446960449219,36.03005599975586,36.02567672729492,36.02203369140625,36.01705551147461,36.01154708862305,36.00572204589844,36.00059127807617,35.99576950073242,35.99213409423828,35.98876190185547,35.98625946044922,35.98387145996094,35.98199462890625,35.97951126098633,35.974830627441406,35.969722747802734,35.965328216552734,35.9609375,35.95621871948242,35.95200729370117,35.94770812988281,35.944095611572266,35.9403190612793,35.93705749511719,35.9333381652832,35.92982482910156,35.92563247680664,35.9215087890625,35.91672134399414,35.912147521972656,35.907039642333984,35.90232849121094,35.89719772338867,35.892581939697266
36.03251647949219,36.01588821411133,36.00188064575195,35.994544982910156,35.995304107666016,35.99436569213867,35.99166488647461,35.98585891723633,35.97788619995117,35.97290802001953,35.97176742553711,35.96796417236328,35.96220397949219,35.95857238769531,35.957767486572266,35.95454788208008,35.94956970214844,35.94434356689453,35.93986129760742,35.93414306640625,35.92824935913086,35.92216873168945,35.91699981689453,35.91215515136719,35.90850830078125,35.90496063232422,35.90217590332031,35.89933776855469,35.897003173828125,35.893890380859375,35.88833999633789,35.88241195678711,35.877586364746094,35.8729362487793,35.86802291870117,35.863739013671875,35.859375,35.85572052001953,35.85187911987305,35.84855270385742,35.84476852416992,35.84121322631836,35.837032318115234,35.832977294921875,35.82834243774414,35.823951721191406,35.819091796875,35.81460952758789,35.809749603271484,35.805362701416016
35.964637756347656,35.944671630859375,35.92420196533203,35.91596603393555,35.92137908935547,35.923133850097656,35.92115783691406,35.916648864746094,35.910552978515625,35.90625762939453,35.90460968017578,35.900733947753906,35.895328521728516,35.891361236572266,35.8895149230957,35.885520935058594,35.88003158569336,35.874351501464844,35.869468688964844,35.863590240478516,35.857765197753906,35.85179138183594,35.84676742553711,35.841941833496094,35.83819580078125,35.834407806396484,35.83124923706055,35.82795715332031,35.825096130371094,35.82146453857422,35.81526184082031,35.80878448486328,35.80378341674805,35.7990837097168,35.79417419433594,35.789947509765625,35.785621643066406,35.781982421875,35.778133392333984,35.77477264404297,35.77098083496094,35.7674560546875,35.76337814331055,35.759498596191406,35.755104064941406,35.75101852416992,35.74648666381836,35.742366790771484,35.73786926269531,35.73384475708008
35.90338134765625,35.88043975830078,35.85398483276367,35.84284210205078,35.849403381347656,35.85236740112305,35.85124969482422,35.848140716552734,35.843509674072266,35.839874267578125,35.837852478027344,35.83394241333008,35.82884979248047,35.82468032836914,35.82218551635742,35.817813873291016,35.81234359741211,35.80664825439453,35.801719665527344,35.79595184326172,35.79035568237305,35.784610748291016,35.77973937988281,35.774932861328125,35.77106475830078,35.76701736450195,35.763545989990234,35.75981903076172,35.75654602050781,35.75249099731445,35.74592971801758,35.73918151855469,35.73417663574219,35.72956848144531,35.72479248046875,35.720699310302734,35.71649169921875,35.71291732788086,35.7091178894043,35.705780029296875,35.702056884765625,35.69861602783203,35.69472122192383,35.69105911254883,35.68696975708008,35.68317794799805,35.679019927978516,35.67522048950195,35.671112060546875,35.66741180419922
35.85997009277344,35.835411071777344,35.803443908691406,35.788368225097656,35.792572021484375,35.79485321044922,35.79473876953125,35.79265594482422,35.78907775878906,35.78585433959961,35.78360366821289,35.77970886230469,35.77488327026367,35.77071762084961,35.767967224121094,35.76374053955078,35.75881576538086,35.753543853759766,35.74892807006836,35.74350357055664,35.73828887939453,35.73282241821289,35.728118896484375,35.723323822021484,35.71930694580078,35.715065002441406,35.71134567260742,35.70735168457031,35.70378112792969,35.69953155517578,35.692935943603516,35.68624496459961,35.68141174316406,35.67704391479492,35.672489166259766,35.66859817504883,35.664546966552734,35.66108703613281,35.65738296508789,35.65412139892578,35.650508880615234,35.647220611572266,35.64352798461914,35.640113830566406,35.63629913330078,35.6328010559082,35.628929138183594,35.62541198730469,35.621585845947266,35.6181755065918
35.80815124511719,35.78227615356445,35.75165939331055,35.73637008666992,35.73885726928711,35.74083709716797,35.74192810058594,35.74119186401367,35.738651275634766,35.7359504699707,35.73353576660156,35.72969436645508,35.725120544433594,35.720977783203125,35.718017578125,35.71393966674805,35.70948028564453,35.70469665527344,35.70042037963867,35.69546127319336,35.6906852722168,35.685646057128906,35.68122482299805,35.676605224609375,35.672603607177734,35.66834259033203,35.66458511352539,35.66051483154297,35.6568603515625,35.65263366699219,35.64631271362305,35.63994216918945,35.635459899902344,35.63142395019531,35.62721633911133,35.62356948852539,35.6197509765625,35.61643981933594,35.612892150878906,35.6097297668457,35.60628128051758,35.603153228759766,35.59969711303711,35.59652328491211,35.593013763427734,35.589786529541016,35.58623123168945,35.58296585083008,35.579429626464844,35.57624053955078
35.75701904296875,35.73058319091797,35.70817565917969,35.69645309448242,35.6978759765625,35.70002746582031,35.70252990722656,35.70301055908203,35.70148849487305,35.699249267578125,35.69674301147461,35.69297409057617,35.68864059448242,35.684532165527344,35.681396484375,35.677425384521484,35.67335510253906,35.66895294189453,35.6650505065918,35.660526275634766,35.65623474121094,35.65163803100586,35.647605895996094,35.64326858520508,35.639442443847656,35.63535690307617,35.63176727294922,35.627838134765625,35.624305725097656,35.62030792236328,35.614524841308594,35.60871887207031,35.604644775390625,35.601036071777344,35.59718704223633,35.59382247924805,35.590240478515625,35.58711624145508,35.58372116088867,35.58069610595703,35.577396392822266,35.574440002441406,35.5711784362793,35.5682258605957,35.56495666503906,35.56198501586914,35.55866622924805,35.555625915527344,35.552284240722656,35.549259185791016
35.72734451293945,35.69877243041992,35.68022155761719,35.669132232666016,35.66775131225586,35.667152404785156,35.667877197265625,35.66808319091797,35.66788864135742,35.66654968261719,35.664215087890625,35.660823822021484,35.656944274902344,35.65311050415039,35.64998245239258,35.64626693725586,35.642608642578125,35.63872528076172,35.63528060913086,35.63132095336914,35.62751770019531,35.62349319458008,35.619930267333984,35.61602020263672,35.61243438720703,35.60865783691406,35.605350494384766,35.601707458496094,35.59836196899414,35.59471893310547,35.58956527709961,35.58439254760742,35.58081817626953,35.57764434814453,35.5742301940918,35.571163177490234,35.56789016723633,35.56498336791992,35.56180953979492,35.55892562866211,35.555809020996094,35.55300521850586,35.54994201660156,35.54715347290039,35.54410171508789,35.54132843017578,35.53823471069336,35.535377502441406,35.5322265625,35.52934265136719
35.72724533081055,35.700660705566406,35.678138732910156,35.660247802734375,35.650665283203125,35.6419563293457,35.63578414916992,35.634212493896484,35.637393951416016,35.63859939575195,35.63747787475586,35.635345458984375,35.63254165649414,35.62955093383789,35.62689971923828,35.62369918823242,35.62053298950195,35.617347717285156,35.61474609375,35.611515045166016,35.6082649230957,35.604976654052734,35.60226821899414,35.5989990234375,35.59577178955078,35.5925178527832,35.5898323059082,35.58668518066406,35.58366012573242,35.58051300048828,35.57624053955078,35.57188415527344,35.56887435913086,35.5662956237793,35.56340408325195,35.560726165771484,35.557861328125,35.555328369140625,35.5524787902832,35.549827575683594,35.54695510864258,35.54438400268555,35.541526794433594,35.538909912109375,35.536048889160156,35.533470153808594,35.53056716918945,35.52788162231445,35.52489471435547,35.52215576171875
35.733985900878906,35.71261978149414,35.68291091918945,35.65637969970703,35.6371955871582,35.62004089355469,35.607521057128906,35.604766845703125,35.61225891113281,35.61660385131836,35.617244720458984,35.61662292480469,35.614959716796875,35.612918853759766,35.61094284057617,35.60826873779297,35.60541915893555,35.602882385253906,35.60115051269531,35.59859848022461,35.59571838378906,35.593109130859375,35.591285705566406,35.5886344909668,35.58567428588867,35.58291244506836,35.58088302612305,35.57822036743164,35.575439453125,35.57273864746094,35.56925582885742,35.565582275390625,35.56306838989258,35.56101989746094,35.55859375,35.556243896484375,35.55375289916992,35.55158996582031,35.5490608215332,35.5466423034668,35.54402160644531,35.54169464111328,35.539058685302734,35.53660583496094,35.533931732177734,35.53152847290039,35.52880096435547,35.5262451171875,35.52339553833008,35.520774841308594
35.73924255371094,35.72126388549805,35.68754959106445,35.65271759033203,35.62833786010742,35.61019515991211,35.59658432006836,35.59475326538086,35.604881286621094,35.61197280883789,35.61454772949219,35.61540985107422,35.614288330078125,35.61310577392578,35.61200714111328,35.6097526550293,35.60671615600586,35.604522705078125,35.603553771972656,35.601375579833984,35.59835433959961,35.59606170654297,35.59490203857422,35.592628479003906,35.589630126953125,35.58715057373047,35.58562088012695,35.583274841308594,35.580509185791016,35.578041076660156,35.5749626159668,35.57158279418945,35.569297790527344,35.56755828857422,35.56538391113281,35.56315231323242,35.560874938964844,35.55895233154297,35.556640625,35.55434799194336,35.55192184448242,35.54978561401367,35.547340393066406,35.545013427734375,35.54249954223633,35.54024887084961,35.53766632080078,35.53520965576172,35.53248977661133,35.52998733520508
null,null,null,null,35.6196403503418,35.60919952392578,35.59872055053711,35.59883117675781,35.60963439941406,35.61849594116211,35.62403869628906,35.62628173828125,35.62492752075195,35.624691009521484,35.625648498535156,35.623992919921875,35.62002182006836,35.61817932128906,35.618804931640625,35.6170539855957,35.61323547363281,35.61114501953125,35.61117172241211,35.609291076660156,35.60585403442383,35.603599548339844,35.60295486450195,35.60096740722656,35.597999572753906,35.595733642578125,35.59321212768555,35.590084075927734,35.58802032470703,35.586769104003906,35.58489227294922,35.58272171020508,35.5806884765625,35.579158782958984,35.57712936401367,35.57497024536133,35.57280349731445,35.57101821899414,35.56886672973633,35.56673812866211,35.56450653076172,35.56257247924805,35.56028747558594,35.558067321777344,35.555667877197266,35.553524017333984
null,null,null,null,35.619178771972656,35.61534881591797,35.60863494873047,35.61013412475586,35.61960983276367,35.62923812866211,35.63722229003906,35.640377044677734,35.63814926147461,35.63871383666992,35.642005920410156,35.64097213745117,35.63582992553711,35.634334564208984,35.636775970458984,35.635467529296875,35.630672454833984,35.628753662109375,35.630062103271484,35.62855529785156,35.6245231628418,35.622467041015625,35.62276077270508,35.62111282348633,35.61784362792969,35.61577606201172,35.61384582519531,35.61093521118164,35.60908508300781,35.60837173461914,35.60679626464844,35.60466003417969,35.60287094116211,35.60177230834961,35.600032806396484,35.59798812866211,35.5960807800293,35.59468078613281,35.592838287353516,35.59090042114258,35.58896255493164,35.58738327026367,35.585426330566406,35.583473205566406,35.58144760131836,35.579750061035156
null,null,null,null,35.629581451416016,35.627593994140625,35.623695373535156,35.625518798828125,35.63271713256836,35.64145278930664,35.650230407714844,35.65324783325195,35.64997863769531,35.65102005004883,35.65613555908203,35.655696868896484,35.649723052978516,35.648597717285156,35.652488708496094,35.65159225463867,35.64604568481445,35.64426803588867,35.646575927734375,35.645347595214844,35.64078140258789,35.63883590698242,35.639854431152344,35.638458251953125,35.63488006591797,35.63294982910156,35.6314697265625,35.62872314453125,35.62702941894531,35.62673568725586,35.625389099121094,35.62321472167969,35.62161636352539,35.62086486816406,35.619361877441406,35.61736297607422,35.61566925048828,35.61457443237305,35.612979888916016,35.61115264892578,35.60944747924805,35.608150482177734,35.606483459472656,35.60472106933594,35.60303497314453,35.60171127319336
null,null,null,null,35.64311599731445,35.64313507080078,35.64326858520508,35.64590835571289,35.65049362182617,35.657859802246094,35.666629791259766,35.669273376464844,35.6652717590332,35.667274475097656,35.67487335205078,35.67543029785156,35.66883087158203,35.66850662231445,35.67448806762695,35.674259185791016,35.66786193847656,35.666465759277344,35.670310974121094,35.66949462890625,35.66415786743164,35.66243362426758,35.66462326049805,35.66358184814453,35.65950012207031,35.65780258178711,35.657108306884766,35.65457534790039,35.653099060058594,35.65349197387695,35.65244674682617,35.650150299072266,35.6487922668457,35.648616790771484,35.647438049316406,35.64546585083008,35.644046783447266,35.6434440612793,35.64216232299805,35.640438079833984,35.63901901245117,35.63816833496094,35.636863708496094,35.63534927368164,35.634071350097656,35.63326644897461
null,null,null,null,35.653564453125,35.656463623046875,35.661800384521484,35.66646957397461,35.669586181640625,35.67555618286133,35.68326950073242,35.68582534790039,35.6827392578125,35.686370849609375,35.69606399536133,35.69797897338867,35.691776275634766,35.69276428222656,35.70076370239258,35.70145034790039,35.694705963134766,35.69404602050781,35.69957733154297,35.6993408203125,35.69338607788086,35.69209289550781,35.69569396972656,35.69514846801758,35.69055938720703,35.689247131347656,35.68959426879883,35.68742370605469,35.686279296875,35.68757629394531,35.686927795410156,35.684452056884766,35.683406829833984,35.683982849121094,35.6832160949707,35.681243896484375,35.68015670776367,35.680152893066406,35.67923355102539,35.67757034301758,35.67647171020508,35.676143646240234,35.675262451171875,35.673988342285156,35.673126220703125,35.672847747802734
null,null,null,null,35.657562255859375,35.66388702392578,35.67525100708008,35.68318176269531,35.686195373535156,35.6912727355957,35.69750213623047,35.70058059692383,35.699928283691406,35.7049560546875,35.71480941772461,35.7178955078125,35.71367263793945,35.716041564941406,35.72459411621094,35.72612762451172,35.72037124633789,35.720741271972656,35.72715759277344,35.72753143310547,35.72178268432617,35.72119903564453,35.72586441040039,35.72585678100586,35.72117614746094,35.720401763916016,35.72176742553711,35.72010040283203,35.719398498535156,35.7215690612793,35.72134017944336,35.71875,35.718017578125,35.719276428222656,35.71887969970703,35.71690368652344,35.71609115600586,35.71658706665039,35.71595001220703,35.71429443359375,35.71342849731445,35.7135124206543,35.71290588378906,35.711734771728516,35.711055755615234,35.71100997924805
null,null,null,null,35.66189956665039,35.671871185302734,35.69010925292969,35.70116424560547,35.70316696166992,35.70756912231445,35.71356201171875,35.71739196777344,35.718387603759766,35.72392654418945,35.7330207824707,35.73680114746094,35.7346076965332,35.73786163330078,35.74601364135742,35.74812698364258,35.74384689331055,35.74509048461914,35.75168991088867,35.752540588378906,35.74751663208008,35.747650146484375,35.75294876098633,35.753421783447266,35.74899673461914,35.748756408691406,35.75094223022461,35.749820709228516,35.749542236328125,35.75238037109375,35.75251770019531,35.74995040893555,35.74947738647461,35.751197814941406,35.75106430053711,35.749122619628906,35.748504638671875,35.749332427978516,35.7489013671875,35.74729919433594,35.746585845947266,35.74690246582031,35.746429443359375,35.74526596069336,35.74458694458008,35.74451446533203
null,null,null,null,35.67451858520508,35.687171936035156,35.71007537841797,35.72154235839844,35.7197151184082,35.72290802001953,35.73063278198242,35.73506164550781,35.735389709472656,35.740657806396484,35.74991989135742,35.753875732421875,35.75181579589844,35.755191802978516,35.76340103149414,35.76575469970703,35.761817932128906,35.76339340209961,35.77019500732422,35.771331787109375,35.76658630371094,35.767120361328125,35.7728385925293,35.77365493774414,35.769412994384766,35.76948165893555,35.7721061706543,35.771339416503906,35.77127456665039,35.774330139160156,35.774662017822266,35.772212982177734,35.7718391418457,35.77362060546875,35.77357482910156,35.7717170715332,35.77116012573242,35.77200698852539,35.77165985107422,35.77018737792969,35.769500732421875,35.769737243652344,35.76921844482422,35.7680549621582,35.7672233581543,35.76688766479492
