earth/public/data/ocean/C53/ANN-votemper-depthz-0m-gfs-1.0.json
{"header": {"discipline": 0, "disciplineName": "Meteorological products", "gribEdition": 2, "gribLength": 131138.0, "center": 0, "centerName": "Kiel Climate Model", "subcenter": 0, "refTime": "1", "significanceOfRT": 1, "significanceOfRTName": "Start of forecast", "productStatus": 0, "productStatusName": "Operational products", "productType": 1, "productTypeName": "Forecast products", "productDefinitionTemplate": 0, "productDefinitionTemplateName": "Analysis/forecast at horizontal level/layer at a point in time", "parameterCategory": 2, "parameterCategoryName": "Momentum", "parameterNumber": 2, "parameterNumberName": "U-component_of_wind", "parameterUnit": "C", "genProcessType": 2, "genProcessTypeName": "Forecast", "forecastTime": 0, "surface1Type": 103, "surface1TypeName": "Specified height level above ground", "surface1Value": 10, "surface2Type": 255, "surface2TypeName": "Missing", "surface2Value": 0, "gridDefinitionTemplate": 0, "gridDefinitionTemplateName": "Latitude_Longitude", "numberPoints": 65160, "shape": 6, "shapeName": "Earth spherical with radius of 6,371,229.0 m", "gridUnits": "degrees", "resolution": 48, "winds": "true", "scanMode": 0, "nx": 360.0, "ny": 180.0, "basicAngle": 0, "subDivisions": 0, "lo1": 0.0, "la1": -89.5, "lo2": 359.0, "la2": 89.5, "dx": 1.0, "dy": -1.0}, "data":
[rows 21 to 41 of 180, columns 94 to 140 of 360]
null,null,null,null,null,null,null,null,null,4.484852313995361,4.474306583404541,4.459494590759277,4.452803134918213,4.4552812576293945,4.450506210327148,4.440079212188721,4.444835186004639,4.464329719543457,4.506350040435791,4.564064025878906,4.635457515716553,4.7090535163879395,4.784313201904297,4.84816312789917,4.915912628173828,4.974930763244629,5.039795875549316,5.097981929779053,5.16209602355957,5.219797611236572,5.287013530731201,5.351195812225342,5.429084777832031,5.50636625289917,5.581060409545898,5.641629695892334,5.642148971557617,5.585014343261719,5.490337371826172,5.345432281494141,null,null,null,null,null,null,null
null,null,null,null,null,null,null,null,null,4.492772102355957,4.476885795593262,4.455493927001953,4.451326370239258,4.464916706085205,4.483389377593994,4.504322528839111,4.530937671661377,4.559424877166748,4.60105562210083,4.648292064666748,4.708130359649658,4.769290447235107,4.838325023651123,4.90269136428833,4.975759506225586,5.044600009918213,5.120632171630859,5.190516948699951,5.262037754058838,5.322559356689453,5.390742778778076,5.454128742218018,5.531735420227051,5.608890533447266,5.673378944396973,5.711036682128906,5.719602108001709,5.696141719818115,5.6472649574279785,5.673089027404785,null,null,null,null,null,null,null
null,null,null,null,null,null,4.439179420471191,4.4916229248046875,4.524609088897705,4.534015655517578,4.53153657913208,4.518399715423584,4.523918628692627,4.546546936035156,4.579681396484375,4.616302013397217,4.656619548797607,4.6924028396606445,4.72774076461792,4.756241798400879,4.795111179351807,4.837869167327881,4.891726016998291,4.9476189613342285,5.017765045166016,5.090378284454346,5.171835422515869,5.248116970062256,5.326653957366943,5.393293857574463,5.467397689819336,5.535170078277588,5.62034797668457,5.707340717315674,5.774672508239746,5.810142517089844,5.826685905456543,5.821106433868408,5.8180975914001465,5.912802219390869,null,null,null,null,null,null,null
null,null,null,null,null,null,4.539679050445557,4.567993640899658,4.593355178833008,4.610481262207031,4.621150016784668,4.623173236846924,4.647531032562256,4.689536094665527,4.747049331665039,4.808862209320068,4.863663196563721,4.9018425941467285,4.92104434967041,4.919183254241943,4.9256591796875,4.9404473304748535,4.9637556076049805,4.99245023727417,5.042117118835449,5.104416847229004,5.185703277587891,5.270240306854248,5.361317157745361,5.440957069396973,5.524890899658203,5.597864627838135,5.692721843719482,5.792629241943359,5.876220703125,5.928634166717529,5.962855339050293,5.972880840301514,5.978453636169434,6.150740146636963,null,null,null,null,null,null,null
null,null,null,null,null,null,4.754629611968994,4.75300407409668,4.75894021987915,4.772388935089111,4.781337738037109,4.786048889160156,4.81237268447876,4.859050750732422,4.933101654052734,5.024497032165527,5.086952209472656,5.110458850860596,5.105834484100342,5.064916610717773,5.032282829284668,5.020654201507568,5.017059803009033,5.017731189727783,5.0471272468566895,5.098569393157959,5.217250823974609,5.347689628601074,5.471885681152344,5.591220855712891,5.695642948150635,5.76486349105835,5.864662170410156,5.977025508880615,6.066685676574707,6.118282318115234,6.161465644836426,6.189528465270996,6.203940391540527,6.423833847045898,null,null,null,null,null,null,null
null,null,null,null,null,null,4.956182479858398,4.931713104248047,4.920950412750244,4.924391746520996,4.924370765686035,4.919087886810303,4.928704261779785,4.948677062988281,5.004358768463135,5.085940361022949,5.131534576416016,5.133968830108643,5.133971691131592,5.3633713722229,null,null,null,null,null,null,5.586114883422852,5.561566352844238,5.699498653411865,5.872797966003418,6.00889778137207,6.083522796630859,6.191196441650391,6.311264514923096,6.390976428985596,6.4163594245910645,6.450605392456055,6.48807430267334,6.508932113647461,6.746492385864258,null,null,null,null,null,null,null
null,null,null,null,null,null,5.020833492279053,4.987947940826416,4.969200134277344,4.96710205078125,4.961694240570068,4.954446315765381,4.951403617858887,4.953652858734131,4.98187780380249,5.028964519500732,5.053189754486084,5.048029899597168,5.043707370758057,5.585186004638672,null,null,null,null,null,null,5.975637435913086,5.953236103057861,5.992188930511475,6.177822113037109,6.338839530944824,6.447509765625,6.570978164672852,6.687259674072266,6.747941017150879,6.741556644439697,6.754726886749268,6.784773826599121,6.8012471199035645,7.043221473693848,null,null,null,null,null,null,null
null,null,null,null,null,null,6.278141975402832,6.2511749267578125,6.234947204589844,6.230464935302734,6.220759391784668,6.20676326751709,6.194839000701904,6.157289981842041,6.161710262298584,6.177087783813477,6.187775135040283,6.212038993835449,6.2034478187561035,6.644967079162598,null,null,null,null,null,null,6.540020942687988,6.338479518890381,6.334547996520996,6.488831520080566,6.647521018981934,6.782848358154297,6.913339614868164,7.016901969909668,7.06046199798584,7.036012172698975,7.030325412750244,7.043984889984131,7.051529884338379,7.347468376159668,null,null,null,null,null,null,null
null,null,null,null,null,null,null,null,null,null,null,null,null,null,null,null,null,null,null,null,6.841383457183838,6.7606706619262695,6.7909626960754395,6.844725608825684,6.865022659301758,6.84903621673584,6.797826766967773,6.722564220428467,6.749812602996826,6.874694347381592,7.010818958282471,7.133150577545166,7.245803356170654,7.32887601852417,7.360988616943359,7.336022853851318,7.320354461669922,7.316522598266602,7.314166069030762,7.629350185394287,null,null,null,null,null,null,8.339661598205566
null,null,null,null,null,null,null,null,null,null,null,null,null,null,null,null,null,null,null,null,7.098819255828857,6.794649600982666,6.8464436531066895,6.942409038543701,7.021622180938721,7.068585395812988,7.102221488952637,7.114626407623291,7.186409950256348,7.304089069366455,7.418598175048828,7.508365631103516,7.591172218322754,7.651179313659668,7.678862571716309,7.668680191040039,7.6476945877075195,7.6199822425842285,7.604450225830078,7.9640374183654785,null,null,null,null,null,null,8.466704368591309
null,null,null,null,null,null,null,null,null,null,null,null,null,null,null,null,null,null,null,null,null,null,null,7.07429313659668,7.209035873413086,7.327218532562256,7.432474136352539,7.508790969848633,7.6127190589904785,7.727880954742432,7.826828956604004,7.892193794250488,7.953854560852051,8.000003814697266,8.032941818237305,8.046338081359863,8.033825874328613,7.99546480178833,7.974662780761719,8.295647621154785,null,null,null,8.688939094543457,8.6715087890625,8.70821762084961,8.737479209899902
null,null,null,null,null,null,null,null,null,null,null,null,null,null,null,null,null,null,null,null,null,null,null,7.332315921783447,7.487218379974365,7.672062873840332,7.834997653961182,7.945088863372803,8.059206008911133,8.156158447265625,8.23892879486084,8.292274475097656,8.344082832336426,8.38499927520752,8.424970626831055,8.457534790039062,8.464096069335938,8.445283889770508,8.43469524383545,8.734171867370605,null,null,null,9.082184791564941,9.075393676757812,9.110696792602539,9.139554023742676
null,null,null,null,null,null,null,null,null,null,null,null,null,null,null,null,null,null,null,null,null,null,null,7.613564968109131,7.741045951843262,7.976691722869873,8.17468547821045,8.30151081085205,8.413678169250488,8.490848541259766,8.560052871704102,8.608009338378906,8.655116081237793,8.692516326904297,8.734246253967285,8.772515296936035,8.792269706726074,8.789984703063965,8.79036808013916,9.02686882019043,null,null,null,9.341686248779297,9.382136344909668,9.41750431060791,9.44652271270752
null,null,null,null,null,null,null,null,null,null,null,null,null,null,null,null,null,null,null,null,8.692911148071289,8.191850662231445,8.109411239624023,7.919435977935791,7.9896674156188965,8.245743751525879,8.459489822387695,8.592138290405273,8.700794219970703,8.766286849975586,8.82559585571289,8.86873722076416,8.910035133361816,8.942571640014648,8.984679222106934,9.028441429138184,9.04684066772461,9.0368013381958,9.090410232543945,9.31877326965332,9.439031600952148,9.494976997375488,9.500333786010742,9.547683715820312,9.59360122680664,9.630208015441895,9.663214683532715
null,null,null,null,null,null,null,null,null,null,null,null,null,null,null,null,null,null,null,null,9.2833833694458,8.812309265136719,8.657962799072266,8.433966636657715,8.468077659606934,8.712902069091797,8.917535781860352,9.045896530151367,9.142447471618652,9.18990421295166,9.227194786071777,9.24874210357666,9.275967597961426,9.304482460021973,9.354601860046387,9.416690826416016,9.443233489990234,9.427447319030762,9.514200210571289,9.725115776062012,9.846497535705566,9.81493091583252,9.817049026489258,9.852812767028809,9.893929481506348,9.932398796081543,9.97412109375
null,null,null,null,null,null,null,null,null,null,null,null,null,null,null,null,null,null,null,null,9.635299682617188,9.053363800048828,9.039965629577637,9.016656875610352,9.126657485961914,9.349456787109375,9.546338081359863,9.679329872131348,9.775580406188965,9.814765930175781,9.816879272460938,9.780726432800293,9.763101577758789,9.770345687866211,9.816869735717773,9.89710521697998,9.944838523864746,9.952406883239746,10.000077247619629,10.078782081604004,10.140177726745605,10.171947479248047,10.21064281463623,10.247489929199219,10.295306205749512,10.344062805175781,10.402198791503906
10.643111228942871,10.605582237243652,10.568636894226074,10.535778999328613,10.50690746307373,10.16944408416748,10.134211540222168,10.09133529663086,10.092229843139648,10.135660171508789,10.14175033569336,10.113216400146484,null,null,null,null,null,null,10.230053901672363,10.305517196655273,10.19300651550293,9.716837882995605,9.641664505004883,9.728137016296387,9.881285667419434,10.077601432800293,10.258532524108887,10.394925117492676,10.49825382232666,10.553051948547363,10.520929336547852,10.407732963562012,10.317163467407227,10.264154434204102,10.273796081542969,10.345086097717285,10.397933006286621,10.425430297851562,10.45671558380127,10.486106872558594,10.517607688903809,10.544025421142578,10.572664260864258,10.601914405822754,10.643335342407227,10.694129943847656,10.774344444274902
10.764237403869629,10.724230766296387,10.685098648071289,10.652098655700684,10.625077247619629,10.60720157623291,10.567216873168945,10.512006759643555,10.551680564880371,10.68326473236084,10.733033180236816,10.70681381225586,null,null,null,null,null,null,11.205738067626953,11.309395790100098,11.103630065917969,10.732305526733398,10.61551570892334,10.711485862731934,10.847929000854492,11.002388000488281,11.137728691101074,11.229768753051758,11.302228927612305,11.34497356414795,11.275044441223145,11.106498718261719,10.959188461303711,10.856863021850586,10.816807746887207,10.84410572052002,10.869702339172363,10.888327598571777,10.908653259277344,10.926551818847656,10.936246871948242,10.93834400177002,10.95389175415039,10.9762601852417,10.995705604553223,11.004493713378906,11.109966278076172
11.152081489562988,11.110660552978516,11.069273948669434,11.03525161743164,11.0087890625,10.994811058044434,10.945613861083984,10.869132995605469,10.900314331054688,11.032425880432129,11.027804374694824,10.880824089050293,null,null,null,null,null,null,11.536981582641602,11.684906005859375,11.69897747039795,11.583125114440918,11.54068374633789,11.580698013305664,11.669600486755371,11.787644386291504,11.869217872619629,11.896273612976074,11.911494255065918,11.90771770477295,11.801941871643066,11.610856056213379,11.448464393615723,11.344571113586426,11.278401374816895,11.261326789855957,11.25794792175293,11.267462730407715,11.282476425170898,11.30012035369873,11.286301612854004,11.241307258605957,11.253630638122559,11.322274208068848,11.329028129577637,11.273518562316895,11.399325370788574
11.58824348449707,11.550271987915039,11.507609367370605,11.468008995056152,11.44992733001709,11.455495834350586,11.400785446166992,11.29556941986084,11.306792259216309,11.434372901916504,11.379069328308105,11.152148246765137,11.032708168029785,11.067804336547852,11.145794868469238,11.253052711486816,11.436506271362305,11.695183753967285,11.863417625427246,12.066754341125488,12.182029724121094,12.179437637329102,12.18529224395752,12.19253921508789,12.244832038879395,12.334626197814941,12.364408493041992,12.333395004272461,12.288473129272461,12.24252986907959,12.109419822692871,11.91494369506836,11.762917518615723,11.679694175720215,11.60319995880127,11.548247337341309,11.495757102966309,11.453189849853516,11.429424285888672,11.446260452270508,11.418179512023926,11.348689079284668,11.368912696838379,11.476319313049316,11.57812213897705,11.629633903503418,11.855884552001953
12.146716117858887,12.120478630065918,12.078195571899414,12.027504920959473,12.023759841918945,12.06855583190918,12.0216703414917,11.890912055969238,11.858654022216797,11.932126998901367,11.847658157348633,11.621790885925293,11.482376098632812,11.433232307434082,11.456355094909668,11.541061401367188,11.791641235351562,12.09335708618164,12.356705665588379,12.608701705932617,12.822639465332031,12.96826171875,13.029626846313477,13.003135681152344,12.997352600097656,13.016888618469238,12.967036247253418,12.856569290161133,12.73924446105957,12.634777069091797,12.49400520324707,12.339415550231934,12.224981307983398,12.1692533493042,12.08078670501709,11.975068092346191,12.00944709777832,12.353391647338867,12.510570526123047,12.566169738769531,12.607438087463379,12.637258529663086,12.724416732788086,12.869970321655273,12.935894012451172,12.819916725158691,12.969747543334961
