earth/public/data/ocean/C53/ANN-votemper-depthz-1000m-gfs-1.0.json
{"header": {"discipline": 0, "disciplineName": "Meteorological products", "gribEdition": 2, "gribLength": 131138.0, "center": 0, "centerName": "Kiel Climate Model", "subcenter": 0, "refTime": "1", "significanceOfRT": 1, "significanceOfRTName": "Start of forecast", "productStatus": 0, "productStatusName": "Operational products", "productType": 1, "productTypeName": "Forecast products", "productDefinitionTemplate": 0, "productDefinitionTemplateName": "Analysis/forecast at horizontal level/layer at a point in time", "parameterCategory": 2, "parameterCategoryName": "Momentum", "parameterNumber": 2, "parameterNumberName": "U-component_of_wind", "parameterUnit": "C", "genProcessType": 2, "genProcessTypeName": "Forecast", "forecastTime": 0, "surface1Type": 103, "surface1TypeName": "Specified height level above ground", "surface1Value": 10, "surface2Type": 255, "surface2TypeName": "Missing", "surface2Value": 0, "gridDefinitionTemplate": 0, "gridDefinitionTemplateName": "Latitude_Longitude", "numberPoints": 65160, "shape": 6, "shapeName": "Earth spherical with radius of 6,371,229.0 m", "gridUnits": "degrees", "resolution": 48, "winds": "true", "scanMode": 0, "nx": 360.0, "ny": 180.0, "basicAngle": 0, "subDivisions": 0, "lo1": 0.0, "la1": -89.5, "lo2": 359.0, "la2": 89.5, "dx": 1.0, "dy": -1.0}, "data":
[rows 154 to 175 of 180, columns 0 to 50 of 360]
null,null,null,null,null,null,null,null,null,null,null,null,null,null,null,null,null,null,null,null,null,null,null,null,null,null,null,null,null,null,null,null,null,null,null,null,null,null,null,null,null,null,null,null,null,null,null,null,null,null,null
null,null,null,null,null,null,null,null,null,null,null,null,null,null,null,null,null,null,null,null,null,null,null,null,null,null,null,null,null,null,null,null,null,null,null,null,null,null,null,null,null,null,null,null,null,null,null,null,null,null,null
null,null,null,null,null,null,null,null,null,null,null,null,null,null,null,null,null,null,null,null,null,null,null,null,null,null,null,null,null,null,null,null,null,null,null,null,null,null,null,null,null,null,null,null,null,null,null,null,null,null,null
null,null,null,null,null,null,null,null,null,null,null,null,null,null,null,null,null,null,null,null,null,null,null,null,null,null,null,null,null,null,null,null,null,null,null,null,null,null,null,null,null,null,null,null,null,null,null,null,null,null,null
null,null,null,null,null,null,null,null,null,null,null,null,null,null,null,null,null,null,null,null,null,null,null,null,null,null,null,6.111819267272949,null,null,null,null,null,null,null,null,null,null,null,null,null,null,null,null,null,null,null,null,null,null,null
null,null,null,null,null,null,null,null,null,null,null,null,null,null,null,null,null,null,null,null,null,5.946937561035156,5.94809103012085,5.957096099853516,null,null,null,6.025363445281982,5.997593879699707,5.977132320404053,null,null,null,null,null,null,null,null,null,null,null,null,null,null,null,null,null,null,null,null,null
null,null,null,null,null,6.039853572845459,null,null,null,null,null,null,null,null,null,5.922895431518555,5.9125871658325195,5.90820837020874,5.913244724273682,5.92071533203125,5.928892135620117,5.933452606201172,5.934259414672852,5.939817905426025,5.953702449798584,5.967260360717773,5.970500469207764,5.9705376625061035,5.973115921020508,null,null,null,null,null,null,null,null,null,null,null,null,null,null,null,null,null,null,null,null,null,null
null,null,null,null,6.019487380981445,6.005292892456055,5.971926689147949,5.911152362823486,5.87661600112915,5.870242118835449,5.870100021362305,5.871771335601807,5.874889850616455,5.883565425872803,5.902022838592529,5.905368804931641,5.893189430236816,5.886175632476807,5.889833927154541,5.897853851318359,5.905547618865967,5.910056114196777,5.913172245025635,5.916815280914307,5.9245829582214355,5.934967041015625,5.946748733520508,5.957595348358154,5.963467121124268,5.974182605743408,5.994022369384766,6.012784481048584,6.019301891326904,6.025125026702881,6.043801784515381,6.064679145812988,6.0730390548706055,6.070912837982178,6.067251205444336,null,null,null,null,null,null,null,null,null,null,null,null
5.8863654136657715,5.874212265014648,null,null,null,5.9113569259643555,5.90218448638916,5.878549098968506,5.847116470336914,5.832803726196289,5.831127643585205,5.835558891296387,5.842451095581055,5.851402759552002,5.861065864562988,5.864938259124756,5.859858989715576,5.850142002105713,5.848231315612793,5.854027271270752,5.8630876541137695,5.873769283294678,5.884660720825195,5.891982078552246,5.896739959716797,5.905640602111816,5.919339179992676,5.933696746826172,5.944972038269043,5.959109783172607,5.97869348526001,5.992469310760498,6.001981735229492,6.016824245452881,6.04110050201416,6.066705226898193,6.090647220611572,6.110879421234131,null,null,6.3026323318481445,6.358567714691162,null,null,6.831813812255859,6.878276824951172,6.909699440002441,null,null,null,null
5.794906139373779,5.785421371459961,5.764738082885742,5.757043838500977,5.776843547821045,5.79769229888916,5.81315279006958,5.81514310836792,5.8008623123168945,5.777829647064209,5.77095890045166,5.775315761566162,5.783714294433594,5.792296409606934,5.800023555755615,5.8069539070129395,5.812020778656006,5.809549808502197,5.8027873039245605,5.801989555358887,5.809895038604736,5.822984218597412,5.8363871574401855,5.850156307220459,5.8623480796813965,5.866708278656006,5.875136852264404,5.894655704498291,5.9156174659729,5.927622318267822,5.942441940307617,5.9632110595703125,5.985016822814941,6.009152889251709,6.026869773864746,6.052122116088867,6.098565578460693,6.153840065002441,6.196959018707275,6.229188442230225,6.27529239654541,6.363656044006348,6.484685897827148,6.604125022888184,6.6711883544921875,6.731462478637695,6.819441318511963,6.915360927581787,6.952450275421143,6.951363563537598,null
5.682361602783203,5.690698146820068,5.695138454437256,5.701148986816406,5.711572170257568,5.720504283905029,5.729516983032227,5.738576889038086,5.739278793334961,5.728785514831543,5.713843822479248,5.709508895874023,5.71451997756958,5.7228922843933105,5.732283592224121,5.741018772125244,5.750552654266357,5.756080627441406,5.756627559661865,5.751957416534424,5.755405902862549,5.764955043792725,5.778853416442871,5.795556545257568,5.811936855316162,5.820266246795654,5.829736232757568,5.850975513458252,5.8682427406311035,5.8798136711120605,5.901750564575195,5.934709548950195,5.960908889770508,5.978475093841553,5.999255180358887,6.036331653594971,6.087528228759766,6.13302755355835,6.1780900955200195,6.2196736335754395,6.279973030090332,6.363954067230225,6.441995143890381,6.503750324249268,6.538730621337891,6.609908103942871,6.749077320098877,6.863131999969482,6.90257453918457,6.909235000610352,6.909572124481201
5.593801975250244,5.608172416687012,5.617649555206299,5.622501373291016,5.62957763671875,5.64186429977417,5.652276039123535,5.658510208129883,5.664439678192139,5.669974327087402,5.666079044342041,5.651184558868408,5.645942687988281,5.652118682861328,5.662755012512207,5.672476768493652,5.683463096618652,5.693770408630371,5.702803134918213,5.704893589019775,5.70689582824707,5.714873790740967,5.723381996154785,5.7334747314453125,5.753662109375,5.773669719696045,5.785419940948486,5.7996296882629395,5.817448139190674,5.837801933288574,5.867562294006348,5.891291618347168,5.9020538330078125,5.919188976287842,5.960495471954346,6.019129276275635,6.056587219238281,6.0784502029418945,6.118271350860596,6.19621467590332,6.287378787994385,6.344160556793213,6.378535270690918,6.4018635749816895,6.450945854187012,6.561925411224365,6.694099426269531,6.760262966156006,6.782494068145752,6.802796363830566,6.8165483474731445
5.516398906707764,5.525876045227051,5.538384437561035,5.54638671875,5.553919315338135,5.565298557281494,5.576389789581299,5.583761215209961,5.590997219085693,5.602203369140625,5.609320163726807,5.604306697845459,5.596705436706543,5.596203804016113,5.600124835968018,5.608243465423584,5.620461940765381,5.631902694702148,5.644713401794434,5.653980731964111,5.659675598144531,5.665806293487549,5.672089576721191,5.681784152984619,5.702730178833008,5.718960762023926,5.729608535766602,5.749166011810303,5.777735710144043,5.800412654876709,5.816775798797607,5.8353705406188965,5.851334571838379,5.876929759979248,5.919900894165039,5.96198844909668,5.994718551635742,6.024481773376465,6.077506065368652,6.156152725219727,6.222916603088379,6.268869876861572,6.29286003112793,6.32059383392334,6.3906049728393555,6.503353118896484,6.589089870452881,6.615564823150635,6.628217697143555,6.6493048667907715,6.667959213256836
5.454662799835205,5.457170486450195,5.462043762207031,5.4701828956604,5.4837727546691895,5.49688720703125,5.504434585571289,5.5120415687561035,5.52199125289917,5.532942771911621,5.542903900146484,5.550451755523682,5.554737567901611,5.551994323730469,5.548699855804443,5.553276062011719,5.5648980140686035,5.577472686767578,5.587327480316162,5.597544193267822,5.608229637145996,5.6181135177612305,5.629465103149414,5.6392903327941895,5.653267860412598,5.668435573577881,5.684269428253174,5.7093658447265625,5.730486869812012,5.739333152770996,5.751670837402344,5.784111022949219,5.825895309448242,5.854360103607178,5.872063636779785,5.885780334472656,5.913185119628906,5.972103595733643,6.049263954162598,6.100680351257324,6.129236221313477,6.14536714553833,6.168144702911377,6.231616497039795,6.339249134063721,6.423919200897217,6.459749221801758,6.46668004989624,6.477616310119629,6.499489784240723,6.522895336151123
5.404335021972656,5.403045177459717,5.405516624450684,5.411297798156738,5.421780109405518,5.435444355010986,5.443934917449951,5.452291011810303,5.460488796234131,5.468981742858887,5.479997634887695,5.492071151733398,5.503013610839844,5.5069899559021,5.5062127113342285,5.51049280166626,5.521659851074219,5.53474235534668,5.542715072631836,5.549832820892334,5.56406831741333,5.575389385223389,5.5869550704956055,5.598758220672607,5.6135945320129395,5.6365065574646,5.656515598297119,5.668542385101318,5.680493354797363,5.690743923187256,5.7103705406188965,5.744800567626953,5.778441905975342,5.804624080657959,5.819493293762207,5.83310079574585,5.868643760681152,5.929981231689453,5.9827961921691895,6.0179290771484375,6.029509544372559,6.037769317626953,6.070309638977051,6.145965576171875,6.24643087387085,6.311250686645508,6.3256072998046875,6.335867404937744,6.359529972076416,6.380727291107178,6.402069568634033
5.364137172698975,5.360600471496582,5.368314743041992,5.377314567565918,5.383223056793213,5.388490676879883,5.397022724151611,5.407764911651611,5.416467666625977,5.425325393676758,5.434165000915527,5.443410396575928,5.455291748046875,5.461232662200928,5.467135429382324,5.476630210876465,5.490517616271973,5.506960391998291,5.515632152557373,5.51990270614624,5.5315070152282715,5.543254852294922,5.555680274963379,5.571557998657227,5.585662841796875,5.599870681762695,5.619065761566162,5.63596773147583,5.658651828765869,5.683513164520264,5.700499534606934,5.711725234985352,5.722331523895264,5.7440409660339355,5.776145935058594,5.805665493011475,5.8513336181640625,5.894168376922607,5.91826057434082,5.929840564727783,5.936789035797119,5.959843158721924,6.021046161651611,6.103760242462158,6.169363975524902,6.206999778747559,6.215613842010498,6.2327141761779785,6.266915798187256,6.284016132354736,6.304073810577393
5.339223861694336,5.337320804595947,5.344629764556885,5.357222557067871,5.364905834197998,5.3700785636901855,5.376404762268066,5.381776332855225,5.390551567077637,5.401656627655029,5.4072089195251465,5.414393901824951,5.426368236541748,5.4335527420043945,5.439853191375732,5.452248573303223,5.465190410614014,5.481579303741455,5.498746871948242,5.508561134338379,5.519512176513672,5.5344672203063965,5.546708106994629,5.554646968841553,5.564274787902832,5.574741840362549,5.5921478271484375,5.618994235992432,5.648289203643799,5.6719279289245605,5.688279151916504,5.694399356842041,5.7007598876953125,5.727811336517334,5.7653889656066895,5.790396213531494,5.8172078132629395,5.850864410400391,5.872555732727051,5.887791633605957,5.896933555603027,5.928990840911865,5.998493671417236,6.066068649291992,6.111636638641357,6.128963947296143,6.1402812004089355,6.169404029846191,6.197822093963623,6.20808219909668,6.226730823516846
5.326955318450928,5.333396911621094,5.344311237335205,5.352516174316406,5.360436916351318,5.370782375335693,5.375955104827881,5.379490375518799,5.388713359832764,5.397800922393799,5.401132583618164,5.407166004180908,5.419233322143555,5.425266742706299,5.433038234710693,5.445990085601807,5.455431938171387,5.464925289154053,5.485803127288818,5.509117603302002,5.527772426605225,5.540277481079102,5.549659252166748,5.55781888961792,5.570822715759277,5.587038993835449,5.60031270980835,5.613283157348633,5.625716209411621,5.640277862548828,5.666114330291748,5.6937432289123535,5.723729133605957,5.760140419006348,5.782141208648682,5.788980960845947,5.796510696411133,5.809060573577881,5.831826210021973,5.862298965454102,5.884667873382568,5.930655479431152,5.999242305755615,6.04373836517334,6.061065196990967,6.0714616775512695,6.0903239250183105,6.128048419952393,6.146911144256592,6.157680988311768,6.186820030212402
5.326498508453369,5.344336986541748,5.364006519317627,5.374465465545654,5.381052494049072,5.38622522354126,5.389328479766846,5.3952202796936035,5.407003879547119,5.412895202636719,5.417008876800537,5.427484512329102,5.437631607055664,5.441251754760742,5.447903156280518,5.461206436157227,5.467857837677002,5.471883296966553,5.4820661544799805,5.5047712326049805,5.532521724700928,5.552275657653809,5.571875095367432,5.595057487487793,5.608081817626953,5.616189956665039,5.621054649353027,5.621054649353027,5.626697063446045,5.642220973968506,5.667122840881348,5.705309867858887,5.748627662658691,5.7731781005859375,5.7892351150512695,5.805395603179932,5.815092086791992,5.815092086791992,5.8242340087890625,5.846385955810547,5.878941059112549,5.9361982345581055,5.998445987701416,6.025012016296387,6.035745620727539,6.053635120391846,6.075685977935791,6.094548225402832,6.105865478515625,6.123815536499023,6.15971565246582
5.362797260284424,5.379909515380859,5.39736795425415,5.411302089691162,5.417107105255127,5.421317100524902,5.428333282470703,5.436078071594238,5.441969871520996,5.445504665374756,5.452360153198242,5.466071605682373,5.472927570343018,5.472927570343018,5.476918697357178,5.4883904457092285,5.500415802001953,5.5052361488342285,5.5052361488342285,5.517782688140869,5.541200160980225,5.565186023712158,5.600790500640869,5.633437633514404,5.646162509918213,5.652410984039307,5.662824630737305,5.669073104858398,5.678476810455322,5.69728422164917,5.712123394012451,5.729551792144775,5.748936176300049,5.757306098937988,5.77346658706665,5.805788040161133,5.832001686096191,5.848756313323975,5.865812301635742,5.889009952545166,5.926197052001953,5.960559844970703,5.985940456390381,5.996889591217041,6.0147786140441895,6.050557613372803,6.068447113037109,6.068447113037109,6.078676700592041,6.1064958572387695,6.1346755027771
5.439812183380127,5.445276737213135,5.452038288116455,5.45784330368042,5.461326599121094,5.4683427810668945,5.482375144958496,5.489391326904297,5.489391326904297,5.489391326904297,5.498629570007324,5.514026165008545,5.523263931274414,5.523263931274414,5.523263931274414,5.5312981605529785,5.547367095947266,5.55540132522583,5.55540132522583,5.55991268157959,5.567431449890137,5.5788068771362305,5.609104156494141,5.651747226715088,5.679802417755127,5.705545902252197,5.73557186126709,5.745985507965088,5.7516279220581055,5.761031627655029,5.766674041748047,5.766674041748047,5.766674041748047,5.766674041748047,5.776370048522949,5.7925310134887695,5.826086044311523,5.871434688568115,5.9069647789001465,5.9372239112854,5.970622539520264,5.994540214538574,6.004741668701172,6.004741668701172,6.015475273132324,6.033364772796631,6.044098377227783,6.044098377227783,6.061147689819336,6.095245838165283,6.112294673919678
5.512667655944824,5.512667655944824,5.517755508422852,5.526235103607178,5.531322956085205,5.535532474517822,5.542548656463623,5.546758651733398,5.546758651733398,5.546758651733398,5.555299282073975,5.572381019592285,5.5809221267700195,5.5809221267700195,5.5809221267700195,5.585742473602295,5.599952697753906,5.615065574645996,5.621241569519043,5.621241569519043,5.621241569519043,5.621241569519043,5.638752460479736,5.6711649894714355,5.704005718231201,5.750116348266602,5.791197776794434,5.806649208068848,5.806649208068848,5.806649208068848,5.806649208068848,5.806649208068848,5.806649208068848,5.81419563293457,5.826772689819336,5.834319114685059,5.856211185455322,5.896644592285156,5.925539970397949,5.937211513519287,5.961216926574707,5.995221138000488,6.012223243713379,6.012223243713379,6.022216796875,6.038872718811035,6.048866271972656,6.048866271972656,6.059095859527588,6.076145172119141,6.086374282836914
