earth/public/data/ocean/C53/ANN-vosaline-depthz-3000m-gfs-1.0.json
{"header": {"discipline": 0, "disciplineName": "Meteorological products", "gribEdition": 2, "gribLength": 131138.0, "center": 0, "centerName": "Kiel Climate Model", "subcenter": 0, "refTime": "1", "significanceOfRT": 1, "significanceOfRTName": "Start of forecast", "productStatus": 0, "productStatusName": "Operational products", "productType": 1, "productTypeName": "Forecast products", "productDefinitionTemplate": 0, "productDefinitionTemplateName": "Analysis/forecast at horizontal level/layer at a point in time", "parameterCategory": 2, "parameterCategoryName": "Momentum", "parameterNumber": 2, "parameterNumberName": "U-component_of_wind", "parameterUnit": "PSU", "genProcessType": 2, "genProcessTypeName": "Forecast", "forecastTime": 0, "surface1Type": 103, "surface1TypeName": "Specified height level above ground", "surface1Value": 10, "surface2Type": 255, "surface2TypeName": "Missing", "surface2Value": 0, "gridDefinitionTemplate": 0, "gridDefinitionTemplateName": "Latitude_Longitude", "numberPoints": 65160, "shape": 6, "shapeName": "Earth spherical with radius of 6,371,229.0 m", "gridUnits": "degrees", "resolution": 48, "winds": "true", "scanMode": 0, "nx": 360.0, "ny": 180.0, "basicAngle": 0, "subDivisions": 0, "lo1": 0.0, "la1": -89.5, "lo2": 359.0, "la2": 89.5, "dx": 1.0, "dy": -1.0}, "data":
[rows 88 to 109 of 180, columns 204 to 254 of 360]
34.73590087890625,34.7355842590332,34.73533630371094,34.735042572021484,34.7347526550293,34.73473358154297,34.73499298095703,34.73524856567383,34.73545455932617,34.7357292175293,34.73601531982422,34.73603439331055,34.735782623291016,34.735595703125,34.735504150390625,34.73543930053711,34.73541259765625,34.73551940917969,34.735748291015625,34.735904693603516,34.735958099365234,34.73613739013672,34.73641586303711,34.73664093017578,34.73677444458008,34.737030029296875,34.737361907958984,34.7376708984375,34.73788833618164,34.738224029541016,34.73861312866211,34.73896408081055,34.73921203613281,34.739479064941406,34.739707946777344,34.74000549316406,34.74031066894531,34.74064254760742,34.740936279296875,34.741336822509766,34.74177169799805,34.74225997924805,34.74271011352539,34.74335479736328,34.744083404541016,34.74477767944336,34.74531173706055,34.7461051940918,34.747005462646484,34.747318267822266,34.747005462646484
34.733646392822266,34.73326110839844,34.73297882080078,34.732540130615234,34.73202133178711,34.731651306152344,34.73149490356445,34.731693267822266,34.73225402832031,34.732933044433594,34.73362731933594,34.733917236328125,34.733726501464844,34.73369598388672,34.73382568359375,34.733917236328125,34.73393630981445,34.734092712402344,34.73434829711914,34.734500885009766,34.734519958496094,34.734710693359375,34.735042572021484,34.73527145385742,34.735355377197266,34.73561096191406,34.735992431640625,34.736297607421875,34.736473083496094,34.736793518066406,34.73720169067383,34.7375373840332,34.737735748291016,34.73801040649414,34.738311767578125,34.738609313964844,34.73885726928711,34.73915481567383,34.739444732666016,34.73978805541992,34.740116119384766,34.740501403808594,34.740867614746094,34.74144744873047,34.74212646484375,34.74277877807617,34.74327850341797,34.74393081665039,34.74461364746094,34.74441146850586,34.74336242675781
34.73134994506836,34.73094177246094,34.73068618774414,34.73019790649414,34.72956085205078,34.72894287109375,34.72844696044922,34.72819900512695,34.72822189331055,34.729183197021484,34.73090362548828,34.73154067993164,34.73100280761719,34.73112869262695,34.73191452026367,34.73237609863281,34.73242950439453,34.732627868652344,34.732933044433594,34.73309326171875,34.73307418823242,34.73328399658203,34.73368453979492,34.733924865722656,34.73395538330078,34.73422622680664,34.73468017578125,34.73500061035156,34.73512268066406,34.735450744628906,34.73591995239258,34.73626708984375,34.736427307128906,34.73673629760742,34.73713684082031,34.7374382019043,34.737586975097656,34.737850189208984,34.73817443847656,34.73845672607422,34.738643646240234,34.738929748535156,34.7392692565918,34.739681243896484,34.7401123046875,34.74068832397461,34.74131774902344,34.74181365966797,34.74209213256836,34.74149703979492,34.7401008605957
34.728946685791016,34.728546142578125,34.72833251953125,34.72785186767578,34.7271842956543,34.726524353027344,34.72599411010742,34.72536087036133,34.72472381591797,34.725425720214844,34.72740936279297,34.728214263916016,34.72770690917969,34.72835159301758,34.729949951171875,34.730831146240234,34.73085021972656,34.73106384277344,34.731441497802734,34.73160171508789,34.73151779174805,34.731719970703125,34.732177734375,34.732418060302734,34.732398986816406,34.73268508911133,34.73322296142578,34.73355484008789,34.73362731933594,34.733978271484375,34.73454666137695,34.734920501708984,34.73503112792969,34.735382080078125,34.735904693603516,34.73622131347656,34.736270904541016,34.73649978637695,34.73686599731445,34.737064361572266,34.73705291748047,34.737186431884766,34.737449645996094,34.73727035522461,34.73671340942383,34.737152099609375,34.73850631713867,34.739097595214844,34.73877716064453,34.73822021484375,34.7375373840332
34.72665786743164,34.72627258300781,34.72610092163086,34.72566223144531,34.72504425048828,34.72444534301758,34.72397232055664,34.723304748535156,34.722564697265625,34.72259521484375,34.72333526611328,34.724124908447266,34.724815368652344,34.72626876831055,34.72829055786133,34.729400634765625,34.72940444946289,34.72962188720703,34.73001480102539,34.730159759521484,34.73002624511719,34.730201721191406,34.73065185546875,34.73086929321289,34.73081970214844,34.731109619140625,34.731689453125,34.73202896118164,34.73206329345703,34.73244094848633,34.733097076416016,34.733497619628906,34.733577728271484,34.733970642089844,34.73460006713867,34.73493194580078,34.73490905761719,34.73508834838867,34.735443115234375,34.735538482666016,34.735355377197266,34.73532485961914,34.73543930053711,34.73462677001953,34.73296356201172,34.733238220214844,34.73539733886719,34.7362060546875,34.73556900024414,34.7352409362793,34.73527908325195
34.72420883178711,34.723838806152344,34.72370147705078,34.72332000732422,34.72276306152344,34.722267150878906,34.72191619873047,34.72138214111328,34.720741271972656,34.7203369140625,34.720218658447266,34.72084426879883,34.722137451171875,34.72401428222656,34.72616958618164,34.72749710083008,34.72772216796875,34.72802734375,34.72834396362305,34.72846221923828,34.728363037109375,34.72850036621094,34.728851318359375,34.729026794433594,34.72898864746094,34.729270935058594,34.729820251464844,34.73015594482422,34.73021697998047,34.73062515258789,34.731300354003906,34.73173141479492,34.731834411621094,34.73225402832031,34.73291015625,34.73324203491211,34.73320007324219,34.73332977294922,34.73361587524414,34.733585357666016,34.73324966430664,34.73303985595703,34.733009338378906,34.73222732543945,34.730812072753906,34.731048583984375,34.732872009277344,34.733577728271484,34.733036041259766,34.73285675048828,34.73306655883789
34.721370697021484,34.72101593017578,34.72087860107422,34.72053909301758,34.720069885253906,34.719696044921875,34.71949005126953,34.7191276550293,34.71868896484375,34.71840286254883,34.718326568603516,34.71876525878906,34.71959686279297,34.72122573852539,34.723350524902344,34.7248649597168,34.72553253173828,34.72600555419922,34.72620391845703,34.7263069152832,34.726295471191406,34.726409912109375,34.72662353515625,34.726749420166016,34.72676467895508,34.727027893066406,34.72749710083008,34.72783660888672,34.72797775268555,34.72840881347656,34.72905731201172,34.72951126098633,34.72969055175781,34.73012161254883,34.73072814941406,34.73106002807617,34.731056213378906,34.73115158081055,34.7313232421875,34.73107147216797,34.73044967651367,34.73001480102539,34.72984313964844,34.72964859008789,34.72947311401367,34.72989273071289,34.73081970214844,34.73117446899414,34.73086929321289,34.730812072753906,34.73101043701172
34.71856689453125,34.71820831298828,34.71802520751953,34.71772003173828,34.71734619140625,34.71706771850586,34.7169303894043,34.71673583984375,34.71651840209961,34.716453552246094,34.716548919677734,34.71699523925781,34.71771240234375,34.71907424926758,34.720821380615234,34.72230529785156,34.72324752807617,34.72383117675781,34.72395706176758,34.724063873291016,34.72413635253906,34.7242431640625,34.724361419677734,34.72446823120117,34.72454071044922,34.72480010986328,34.72519302368164,34.72554397583008,34.72578048706055,34.72623825073242,34.726837158203125,34.72731018066406,34.727577209472656,34.72801971435547,34.72856140136719,34.72888946533203,34.728939056396484,34.728965759277344,34.72896194458008,34.72844314575195,34.72749710083008,34.726985931396484,34.72697067260742,34.727294921875,34.72789764404297,34.72850799560547,34.729042053222656,34.72928237915039,34.72917938232422,34.72922134399414,34.729393005371094
34.71595764160156,34.71556091308594,34.715301513671875,34.71498107910156,34.71466064453125,34.71442794799805,34.714324951171875,34.71422576904297,34.71415710449219,34.71427536010742,34.71456527709961,34.71528244018555,34.716285705566406,34.71753692626953,34.71880340576172,34.72001266479492,34.72095489501953,34.72154235839844,34.72166442871094,34.72182083129883,34.721988677978516,34.72211837768555,34.72218322753906,34.7223014831543,34.722450256347656,34.722721099853516,34.723060607910156,34.723426818847656,34.7237548828125,34.7242317199707,34.724769592285156,34.72526550292969,34.72562026977539,34.72608184814453,34.726566314697266,34.726890563964844,34.72699737548828,34.726985931396484,34.72684860229492,34.726253509521484,34.72528839111328,34.72492599487305,34.72524642944336,34.725799560546875,34.726497650146484,34.72712707519531,34.727561950683594,34.72783660888672,34.7279052734375,34.728031158447266,34.72819137573242
34.71392822265625,34.71349334716797,34.71316146850586,34.712806701660156,34.712486267089844,34.71226501464844,34.712181091308594,34.7121467590332,34.7121696472168,34.71240997314453,34.712833404541016,34.71376419067383,34.715049743652344,34.71624755859375,34.717140197753906,34.718135833740234,34.71902847290039,34.7196044921875,34.719757080078125,34.7199821472168,34.720245361328125,34.72040557861328,34.72043991088867,34.720577239990234,34.72079849243164,34.72108840942383,34.72138977050781,34.72176742553711,34.72215270996094,34.72263717651367,34.72312927246094,34.723636627197266,34.72406768798828,34.72454833984375,34.72499465942383,34.72532653808594,34.725486755371094,34.725502014160156,34.725372314453125,34.724891662597656,34.72415542602539,34.72393798828125,34.724281311035156,34.72484588623047,34.72551727294922,34.72609329223633,34.72646713256836,34.726783752441406,34.72698974609375,34.72719192504883,34.72735595703125
34.71245193481445,34.71198654174805,34.711612701416016,34.71121597290039,34.710872650146484,34.71063232421875,34.710540771484375,34.710533142089844,34.710601806640625,34.71094512939453,34.711490631103516,34.71262741088867,34.71413040161133,34.71522521972656,34.715721130371094,34.71650314331055,34.71743392944336,34.71805191040039,34.718238830566406,34.718528747558594,34.718868255615234,34.71907424926758,34.71910858154297,34.719261169433594,34.71950912475586,34.719810485839844,34.72011184692383,34.72050476074219,34.72091293334961,34.72139358520508,34.72186279296875,34.72237777709961,34.72284698486328,34.72334671020508,34.72378158569336,34.7241325378418,34.724334716796875,34.72441864013672,34.724369049072266,34.72400665283203,34.72339630126953,34.72322082519531,34.72350311279297,34.724037170410156,34.72471618652344,34.725303649902344,34.72569274902344,34.7260627746582,34.726348876953125,34.72660827636719,34.72678756713867
34.710391998291016,34.70988082885742,34.7094612121582,34.709022521972656,34.70864486694336,34.7083625793457,34.70823287963867,34.708221435546875,34.708335876464844,34.70877456665039,34.70945739746094,34.710792541503906,34.712547302246094,34.713470458984375,34.71338653564453,34.713905334472656,34.714927673339844,34.715633392333984,34.71590042114258,34.71629333496094,34.71674728393555,34.71702575683594,34.71708679199219,34.71725082397461,34.71748733520508,34.717803955078125,34.718143463134766,34.718570709228516,34.7190055847168,34.719482421875,34.719913482666016,34.720420837402344,34.72091293334961,34.7214241027832,34.721866607666016,34.72224807739258,34.722496032714844,34.72265625,34.722694396972656,34.72240447998047,34.72183609008789,34.72175216674805,34.722164154052734,34.7227668762207,34.72344207763672,34.72408676147461,34.72458267211914,34.72505569458008,34.725425720214844,34.725746154785156,34.7259635925293
34.708351135253906,34.70780563354492,34.70734405517578,34.706871032714844,34.70647048950195,34.70615005493164,34.705963134765625,34.70594787597656,34.70610046386719,34.70658874511719,34.70731735229492,34.70879364013672,34.71074676513672,34.711524963378906,34.710975646972656,34.71125793457031,34.712303161621094,34.71309280395508,34.7134895324707,34.7140007019043,34.71453857421875,34.71488952636719,34.71498489379883,34.71515655517578,34.71536636352539,34.715702056884766,34.71609115600586,34.7165641784668,34.71703338623047,34.717506408691406,34.717891693115234,34.71837615966797,34.718868255615234,34.71938705444336,34.71984100341797,34.72024917602539,34.720542907714844,34.72076416015625,34.720882415771484,34.72066116333008,34.72014236450195,34.72016906738281,34.720733642578125,34.72142028808594,34.722110748291016,34.72282791137695,34.723453521728516,34.724037170410156,34.72447967529297,34.7248649597168,34.725120544433594
34.706993103027344,34.7064208984375,34.70594024658203,34.705448150634766,34.70503234863281,34.70468521118164,34.704471588134766,34.70442199707031,34.704551696777344,34.704986572265625,34.705657958984375,34.707035064697266,34.70888900756836,34.70956802368164,34.70895767211914,34.70921325683594,34.71028518676758,34.71112060546875,34.711570739746094,34.71215057373047,34.7127571105957,34.713191986083984,34.7133674621582,34.71350860595703,34.71359634399414,34.71390914916992,34.71440124511719,34.7149772644043,34.71552276611328,34.71602249145508,34.71638488769531,34.71681594848633,34.71723937988281,34.71778106689453,34.71834182739258,34.71879577636719,34.719051361083984,34.71937942504883,34.71971130371094,34.719539642333984,34.718894958496094,34.71889877319336,34.71955871582031,34.7203254699707,34.72106170654297,34.72186279296875,34.72258377075195,34.7232551574707,34.723751068115234,34.724185943603516,34.7244758605957
34.70523452758789,34.70465087890625,34.70415115356445,34.70363235473633,34.703189849853516,34.70281219482422,34.70256423950195,34.702449798583984,34.702484130859375,34.70279312133789,34.70331954956055,34.704322814941406,34.705631256103516,34.706302642822266,34.70619583129883,34.70665740966797,34.70759963989258,34.70817565917969,34.708335876464844,34.708824157714844,34.70957565307617,34.71015167236328,34.71045684814453,34.710548400878906,34.71040344238281,34.71071243286133,34.71140670776367,34.71221923828125,34.71300506591797,34.713592529296875,34.7138786315918,34.71417999267578,34.71443557739258,34.715087890625,34.716007232666016,34.71656799316406,34.71666717529297,34.71695327758789,34.717411041259766,34.71736145019531,34.716796875,34.71693420410156,34.71769714355469,34.71859359741211,34.719459533691406,34.720401763916016,34.72125244140625,34.72203826904297,34.72262191772461,34.72312927246094,34.723472595214844
34.70353317260742,34.70294189453125,34.70242691040039,34.7018928527832,34.70142364501953,34.70101547241211,34.700740814208984,34.7005615234375,34.70050811767578,34.70068359375,34.701045989990234,34.701629638671875,34.702293395996094,34.703067779541016,34.703819274902344,34.70452880859375,34.705081939697266,34.705196380615234,34.704803466796875,34.70509719848633,34.70601272583008,34.70671844482422,34.70708465576172,34.70714569091797,34.706886291503906,34.70722198486328,34.708099365234375,34.70915985107422,34.71022415161133,34.710899353027344,34.7110710144043,34.71122360229492,34.71133041381836,34.71211242675781,34.713443756103516,34.71412658691406,34.714054107666016,34.714111328125,34.714256286621094,34.714359283447266,34.71440505981445,34.71488952636719,34.715763092041016,34.716800689697266,34.71782302856445,34.71891403198242,34.71988296508789,34.72078323364258,34.72145462036133,34.72203826904297,34.722434997558594
34.70244598388672,34.70185852050781,34.70134353637695,34.70079803466797,34.700321197509766,34.69989776611328,34.6995964050293,34.699378967285156,34.699283599853516,34.699363708496094,34.69961166381836,34.699947357177734,34.7003173828125,34.70100021362305,34.701900482177734,34.70254135131836,34.70283508300781,34.702877044677734,34.702632904052734,34.702884674072266,34.70357894897461,34.703922271728516,34.703914642333984,34.703941345214844,34.704002380371094,34.704566955566406,34.705509185791016,34.706607818603516,34.707679748535156,34.70832061767578,34.70842742919922,34.708641052246094,34.70890426635742,34.70969009399414,34.71086883544922,34.71158981323242,34.711734771728516,34.71186065673828,34.71190643310547,34.71221160888672,34.71269607543945,34.71348190307617,34.714412689208984,34.715538024902344,34.71664810180664,34.71783447265625,34.718875885009766,34.719844818115234,34.72056198120117,34.72119140625,34.721614837646484
34.70152282714844,34.7009391784668,34.70042419433594,34.69987487792969,34.69939422607422,34.69895553588867,34.698631286621094,34.69839096069336,34.69826889038086,34.69827651977539,34.69840621948242,34.69863510131836,34.69890594482422,34.699283599853516,34.69967269897461,34.700008392333984,34.700199127197266,34.70061111450195,34.701202392578125,34.701595306396484,34.70172882080078,34.701416015625,34.700653076171875,34.70062255859375,34.701324462890625,34.70222091674805,34.703182220458984,34.70418930053711,34.705047607421875,34.7055778503418,34.70567321777344,34.70608139038086,34.70675277709961,34.70743942260742,34.7080078125,34.70870590209961,34.70940399169922,34.709957122802734,34.71031188964844,34.71083068847656,34.71144104003906,34.712303161621094,34.71327209472656,34.714439392089844,34.71560287475586,34.71685028076172,34.71795654296875,34.71897506713867,34.719722747802734,34.72037887573242,34.720821380615234
34.70055389404297,34.69997787475586,34.699466705322266,34.698917388916016,34.69843292236328,34.69797897338867,34.69763946533203,34.697364807128906,34.697208404541016,34.697139739990234,34.69717025756836,34.697269439697266,34.69743347167969,34.697566986083984,34.69765090942383,34.69773483276367,34.697811126708984,34.69828414916992,34.6990966796875,34.699462890625,34.699337005615234,34.69889831542969,34.69818115234375,34.69826126098633,34.69910430908203,34.700103759765625,34.70109939575195,34.70213317871094,34.702999114990234,34.703590393066406,34.70377731323242,34.704307556152344,34.7050895690918,34.70569610595703,34.706024169921875,34.706722259521484,34.70766067504883,34.708457946777344,34.7089729309082,34.70962142944336,34.710289001464844,34.71119689941406,34.71218490600586,34.71338653564453,34.714576721191406,34.715850830078125,34.71697235107422,34.71800231933594,34.718753814697266,34.719425201416016,34.71989059448242
34.699710845947266,34.69915008544922,34.69864273071289,34.698097229003906,34.697608947753906,34.697147369384766,34.69679260253906,34.696495056152344,34.69629669189453,34.696163177490234,34.69611358642578,34.69611358642578,34.69615936279297,34.69618606567383,34.696170806884766,34.69614028930664,34.69609069824219,34.69630432128906,34.696712493896484,34.696903228759766,34.69682312011719,34.69682312011719,34.69694900512695,34.69727325439453,34.69776153564453,34.698604583740234,34.699642181396484,34.70081329345703,34.70191192626953,34.70271682739258,34.703094482421875,34.70362854003906,34.704227447509766,34.704803466796875,34.70525360107422,34.70597839355469,34.70684814453125,34.707618713378906,34.70814895629883,34.70880126953125,34.7094612121582,34.710365295410156,34.71135330200195,34.71255874633789,34.71376037597656,34.71501922607422,34.716102600097656,34.71710205078125,34.71783447265625,34.718505859375,34.718990325927734
34.69880676269531,34.69826126098633,34.6977653503418,34.69722366333008,34.696739196777344,34.69627380371094,34.69591522216797,34.695587158203125,34.69535446166992,34.695152282714844,34.695030212402344,34.69491958618164,34.694854736328125,34.69477844238281,34.694705963134766,34.69459533691406,34.69447326660156,34.694515228271484,34.69471740722656,34.694847106933594,34.69487380981445,34.69517517089844,34.69569396972656,34.6961555480957,34.696475982666016,34.69723129272461,34.69828796386719,34.69961929321289,34.700965881347656,34.701900482177734,34.70225524902344,34.70270538330078,34.70317840576172,34.7037353515625,34.70426940917969,34.70502471923828,34.70585632324219,34.70663070678711,34.70720291137695,34.707908630371094,34.70860290527344,34.709529876708984,34.71051025390625,34.711692810058594,34.71286392211914,34.714073181152344,34.71510696411133,34.716068267822266,34.7167854309082,34.717464447021484,34.71797561645508
34.69800567626953,34.697479248046875,34.69699478149414,34.69646072387695,34.695980072021484,34.695518493652344,34.695159912109375,34.69481658935547,34.694541931152344,34.69429397583008,34.69411087036133,34.69392013549805,34.69374465942383,34.693603515625,34.693519592285156,34.693389892578125,34.6932373046875,34.693260192871094,34.693450927734375,34.693660736083984,34.69385528564453,34.694217681884766,34.694679260253906,34.69512176513672,34.69546127319336,34.696231842041016,34.697288513183594,34.69874572753906,34.70035171508789,34.7012939453125,34.70140838623047,34.70170593261719,34.70212173461914,34.702674865722656,34.703269958496094,34.704044342041016,34.70486068725586,34.70566940307617,34.70631790161133,34.70709991455078,34.707881927490234,34.708839416503906,34.709800720214844,34.710941314697266,34.7120475769043,34.71319580078125,34.714168548583984,34.71509552001953,34.715797424316406,34.716487884521484,34.7170295715332
