earth/public/data/ocean/C53/ANN-ocevel-depthz-1000m-gfs-1.0.json
{"header": {"discipline": 0, "disciplineName": "Meteorological products", "gribEdition": 2, "gribLength": 131138.0, "center": 0, "centerName": "Kiel Climate Model", "subcenter": 0, "refTime": "1", "significanceOfRT": 1, "significanceOfRTName": "Start of forecast", "productStatus": 0, "productStatusName": "Operational products", "productType": 1, "productTypeName": "Forecast products", "productDefinitionTemplate": 0, "productDefinitionTemplateName": "Analysis/forecast at horizontal level/layer at a point in time", "parameterCategory": 2, "parameterCategoryName": "Momentum", "parameterNumber": 2, "parameterNumberName": "U-component_of_wind", "parameterUnit": "m/s", "genProcessType": 2, "genProcessTypeName": "Forecast", "forecastTime": 0, "surface1Type": 103, "surface1TypeName": "Specified height level above ground", "surface1Value": 10, "surface2Type": 255, "surface2TypeName": "Missing", "surface2Value": 0, "gridDefinitionTemplate": 0, "gridDefinitionTemplateName": "Latitude_Longitude", "numberPoints": 65160, "shape": 6, "shapeName": "Earth spherical with radius of 6,371,229.0 m", "gridUnits": "degrees", "resolution": 48, "winds": "true", "scanMode": 0, "nx": 360.0, "ny": 180.0, "basicAngle": 0, "subDivisions": 0, "lo1": 0.0, "la1": -89.5, "lo2": 359.0, "la2": 89.5, "dx": 1.0, "dy": -1.0}, "data":
[rows 84 to 104 of 180, columns 188 to 234 of 360]
-0.0003271250461693853,-0.00031083932844921947,-0.0002740517957136035,-0.0002222282491857186,-0.00017967527674045414,-0.00015368257299996912,-0.0001203455904033035,-8.605095354141667e-05,-7.453953003278002e-05,-8.91888266778551e-05,1.1382837072915208e-07,0.00017738985479809344,0.0003490900853648782,0.0004870127886533737,0.0006251230952329934,0.0007414438878186047,0.000772783241700381,0.0007132569444365799,0.0006655137403868139,0.0006357675301842391,0.0006361400010064244,0.0006657709600403905,0.0007449532276950777,0.0008605303592048585,0.000887148198671639,0.0008208637009374797,0.0008009920129552484,0.0008314934675581753,0.0008852945757098496,0.000954673218075186,0.0009810342453420162,0.0009620743803679943,0.0008980762213468552,0.0008005545241758227,0.0007926606340333819,0.000876127160154283,0.0009232547599822283,0.0009276522905565798,0.0009031473309732974,0.00085529062198475,0.0008200898300856352,0.0008037248626351357,0.0007917709299363196,0.0007863507489673793,0.0007519358769059181,0.0006941580795682967,0.0006419647252187133
0.0015121785691007972,0.0014966538874432445,0.0015442135045304894,0.0016454148571938276,0.001697199186310172,0.0016877822345122695,0.0017090728506445885,0.0017568167531862855,0.0017576130339875817,0.0017111056949943304,0.0017925589345395565,0.0019941257778555155,0.002163246739655733,0.0022799395956099033,0.0024270503781735897,0.0025853051338344812,0.00266192015260458,0.002646335866302252,0.0026119330432265997,0.002565841656178236,0.0025340034626424313,0.0025194084737449884,0.002565707778558135,0.0026655772235244513,0.002666705520823598,0.0025713739451020956,0.002518576569855213,0.0025194447953253984,0.0025171563029289246,0.0025172261521220207,0.002467957790941,0.0023803934454917908,0.0022678349632769823,0.002147488761693239,0.002094137016683817,0.002120821038261056,0.0021008052863180637,0.002045871689915657,0.00195901608094573,0.001857683644630015,0.0017820403445512056,0.0017446782439947128,0.0017007493879646063,0.0016583676915615797,0.0016081808134913445,0.0015599144389852881,0.0015045584877952933
0.005371605511754751,0.00528714107349515,0.005346224643290043,0.005538101773709059,0.005610824096947908,0.0055528972297906876,0.00555547745898366,0.005620069336146116,0.005606472492218018,0.0055193523876369,0.005517823621630669,0.005601685494184494,0.00564899668097496,0.005648257676512003,0.005713151302188635,0.005830110050737858,0.005882377736270428,0.0058655692264437675,0.0058184596709907055,0.005754569079726934,0.00571487145498395,0.005708351731300354,0.005708528682589531,0.00571431266143918,0.005672793369740248,0.005589079577475786,0.005500821862369776,0.005421550013124943,0.005323231220245361,0.005219235550612211,0.005090506747364998,0.004955066833645105,0.004831018391996622,0.004740850068628788,0.0046085454523563385,0.004457368981093168,0.004304531496018171,0.004172022920101881,0.004015676211565733,0.0038611493073403835,0.0037501580081880093,0.003704266157001257,0.00362023850902915,0.0035144230350852013,0.003431669669225812,0.0033891925122588873,0.0033125081099569798
0.010461393743753433,0.010358654893934727,0.010409044101834297,0.010607277043163776,0.010668313130736351,0.010585487820208073,0.010542651638388634,0.010548733174800873,0.010495210066437721,0.010392235592007637,0.010277310386300087,0.010169773362576962,0.010059336200356483,0.009965583682060242,0.009885797277092934,0.00983942300081253,0.009743258357048035,0.009621690027415752,0.009477057494223118,0.009339374490082264,0.009266078472137451,0.009274248965084553,0.00922168605029583,0.009119616821408272,0.00905399676412344,0.00903552956879139,0.00895108561962843,0.008812732063233852,0.008663362823426723,0.008525734767317772,0.00836077332496643,0.008198809809982777,0.00807352177798748,0.008009502664208412,0.007817842066287994,0.007528394926339388,0.007298614364117384,0.0071633318439126015,0.006966940592974424,0.006743648089468479,0.006574747618287802,0.006493221968412399,0.006333783268928528,0.006128859706223011,0.005964429583400488,0.005873614922165871,0.005726433824747801
0.014027387835085392,0.01398104801774025,0.014004711993038654,0.014090359210968018,0.014122703112661839,0.014089323580265045,0.014047111384570599,0.013992891646921635,0.01395522989332676,0.013929623179137707,0.013819138519465923,0.013629083521664143,0.013483160175383091,0.013393096625804901,0.01322992704808712,0.01300757098942995,0.01277231890708208,0.01254891138523817,0.012308627367019653,0.012083720415830612,0.011932305991649628,0.011880639009177685,0.011750107631087303,0.01156653929501772,0.011493751779198647,0.011546898633241653,0.011541077867150307,0.011474008671939373,0.011439257301390171,0.011429885402321815,0.01134294643998146,0.011181757785379887,0.011111208237707615,0.011132688261568546,0.01102361362427473,0.010791422799229622,0.010655381716787815,0.010631738230586052,0.010491468943655491,0.010250776074826717,0.010060524567961693,0.009944592602550983,0.00972986314445734,0.009445525705814362,0.00923311896622181,0.009118610061705112,0.008946427144110203
0.013706058263778687,0.013717026449739933,0.013738715089857578,0.013765753246843815,0.013827061280608177,0.013909222558140755,0.013968215323984623,0.013995015993714333,0.014085820876061916,0.014225556515157223,0.014285228215157986,0.014255070127546787,0.014269741252064705,0.01432203408330679,0.014284884557127953,0.014154631644487381,0.014003586955368519,0.01384853757917881,0.013669528067111969,0.013490667566657066,0.013315638527274132,0.013166380114853382,0.012967257760465145,0.012747892178595066,0.012654053047299385,0.01270292978733778,0.01277194730937481,0.012857980094850063,0.01302880048751831,0.013266066089272499,0.013343008235096931,0.013253110460937023,0.013283622451126575,0.013439229689538479,0.0134762367233634,0.013403944671154022,0.013412987813353539,0.013515031896531582,0.013479042798280716,0.013321269303560257,0.013187801465392113,0.013106645084917545,0.012930097989737988,0.012689076364040375,0.012524610385298729,0.012469928711652756,0.012351765297353268
0.010916837491095066,0.010769504122436047,0.010775643400847912,0.01094229519367218,0.01104784570634365,0.011081111617386341,0.011212804354727268,0.011431313119828701,0.011632821522653103,0.011792341247200966,0.01199273020029068,0.012214988470077515,0.012428134679794312,0.012610046193003654,0.012817065231502056,0.013026761822402477,0.013170918449759483,0.013227183371782303,0.01329506654292345,0.013359596952795982,0.013323000632226467,0.013185128569602966,0.013028251938521862,0.012872977182269096,0.01274220459163189,0.012659981846809387,0.012659513391554356,0.012750382535159588,0.012969676405191422,0.013293390162289143,0.013472084887325764,0.013482720591127872,0.013547487556934357,0.013659117743372917,0.013700466603040695,0.013671169988811016,0.013689814135432243,0.013759838417172432,0.013760864734649658,0.01369602233171463,0.0136462626978755,0.013621030375361443,0.013558092527091503,0.013469288125634193,0.013428856618702412,0.013439727947115898,0.013415438123047352
0.007797826547175646,0.007315444760024548,0.007287995424121618,0.007711035665124655,0.007824108935892582,0.007601143326610327,0.0076585933566093445,0.00798602495342493,0.008153594098985195,0.008131898939609528,0.008265169337391853,0.008530523627996445,0.008746408857405186,0.008880050852894783,0.009159525856375694,0.009545104578137398,0.009876536205410957,0.010114157572388649,0.01042870618402958,0.010775845497846603,0.01098084356635809,0.011012022383511066,0.011061303317546844,0.01111466996371746,0.011037817224860191,0.01083037257194519,0.01069999486207962,0.010654289275407791,0.010673711076378822,0.01075319480150938,0.010871859267354012,0.011009418405592442,0.011077318340539932,0.011050187051296234,0.011025950312614441,0.01099165715277195,0.010911881923675537,0.010792801156640053,0.010724315419793129,0.0107197854667902,0.010681119747459888,0.010621946305036545,0.010617020539939404,0.0106761883944273,0.010739807970821857,0.010803384706377983,0.010884195566177368
0.004335337784141302,0.0037539564073085785,0.003731784410774708,0.004274530336260796,0.0043930052779614925,0.004067169968038797,0.004011997953057289,0.004230985883623362,0.004304652567952871,0.004215267952531576,0.004204995930194855,0.004267603624612093,0.00434314738959074,0.004412146285176277,0.004563020542263985,0.004765118006616831,0.005017927847802639,0.005277584306895733,0.005647740326821804,0.006071251817047596,0.00641669612377882,0.006634073331952095,0.006915592588484287,0.007222462445497513,0.007310627959668636,0.0071708643808960915,0.007061184849590063,0.006996047217398882,0.006824337877333164,0.006562638096511364,0.0065605128183960915,0.006815955508500338,0.006947708316147327,0.006939823739230633,0.006984873209148645,0.007076006382703781,0.006989986635744572,0.006735538132488728,0.006612459197640419,0.006636039819568396,0.006550972815603018,0.006370039656758308,0.006315347272902727,0.006397860124707222,0.006465097889304161,0.006512689404189587,0.006657138001173735
0.0008552425424568355,0.00031730960472486913,0.0003400648129172623,0.0009200019994750619,0.0010529868304729462,0.0007164707058109343,0.000655467389151454,0.0008757665054872632,0.0009220148203894496,0.0007818930898793042,0.0007395791471935809,0.0007980269729159772,0.0007958451169542968,0.0007270447677001357,0.0007384957280009985,0.0008240387542173266,0.0008755995659157634,0.00087828648975119,0.0010473259026184678,0.0013611015165224671,0.0016036912566050887,0.0017409120919182897,0.002046433510258794,0.0024806568399071693,0.0027094283141195774,0.002697855234146118,0.002750786254182458,0.002862336579710245,0.002737673930823803,0.00238930550403893,0.002322703367099166,0.002544143470004201,0.0026971502229571342,0.00276004197075963,0.0029333378188312054,0.0031917195301502943,0.003261657664552331,0.0031257164664566517,0.0031044166535139084,0.0031888459343463182,0.0031419743318110704,0.0029573815409094095,0.002859989181160927,0.002855784259736538,0.002801471156999469,0.002705729566514492,0.0027131487149745226
-0.0017472186591476202,-0.0024309514556080103,-0.0023979870602488518,-0.0016517877811565995,-0.0015362894628196955,-0.002071862341836095,-0.0020673200488090515,-0.001518932869657874,-0.0014457853976637125,-0.001858553965575993,-0.0018530498491600156,-0.001426373957656324,-0.0013974638422951102,-0.0017716746078804135,-0.001807773020118475,-0.0015031001530587673,-0.0015490645309910178,-0.0019459293689578772,-0.002025062683969736,-0.0017903002444654703,-0.0017714629648253322,-0.0019830064848065376,-0.001868177205324173,-0.0014543026918545365,-0.0012511530658230186,-0.0012884545139968395,-0.0011635273694992065,-0.0008861030219122767,-0.0008626613416709006,-0.0010812071850523353,-0.0011359724448993802,-0.001016447669826448,-0.0009359345422126353,-0.0009131041588261724,-0.0007296517724171281,-0.0004126973217353225,-0.00019465966033749282,-9.920802403939888e-05,6.522580224554986e-05,0.0002844217524398118,0.00040094112046062946,0.0004022180801257491,0.0004051050927955657,0.0004059276543557644,0.0003062162140849978,0.00010670055053196847,-6.29849309916608e-05
-0.002600035397335887,-0.003383787116035819,-0.0033716405741870403,-0.002565953182056546,-0.0024929745122790337,-0.0031648597214370966,-0.0031231308821588755,-0.002373369177803397,-0.0022883897181600332,-0.002881821943446994,-0.0028529800474643707,-0.0022051597479730844,-0.002126880921423435,-0.002628595568239689,-0.0026489340234547853,-0.002183206146582961,-0.0022025620564818382,-0.0027024061419069767,-0.00286601553671062,-0.002667191904038191,-0.002789856866002083,-0.003215710399672389,-0.0033010051120072603,-0.0030340049415826797,-0.0029859812930226326,-0.0031647628638893366,-0.0031522370409220457,-0.0029481188394129276,-0.0029166971798986197,-0.0030593913979828358,-0.003080548718571663,-0.002974707866087556,-0.002951728878542781,-0.0030174735002219677,-0.0029228650964796543,-0.002686687745153904,-0.00249031581915915,-0.0023656345438212156,-0.002154627349227667,-0.0018879177514463663,-0.0016670672921463847,-0.001522706006653607,-0.001357048167847097,-0.0011927115265280008,-0.0011466501746326685,-0.0012260094517841935,-0.0013438139576464891
-0.0016165002016350627,-0.0022349313367158175,-0.0022583298850804567,-0.0016824930207803845,-0.0016688533360138535,-0.002219827612861991,-0.0021992973051965237,-0.0016100478824228048,-0.0015585687942802906,-0.0020530102774500847,-0.002050999319180846,-0.001552447909489274,-0.0014850734733045101,-0.0018581962212920189,-0.001860342686995864,-0.001489240792579949,-0.0014517700765281916,-0.0017524948343634605,-0.0018378652166575193,-0.0016928750555962324,-0.001811669790185988,-0.0021769755985587835,-0.002343124942854047,-0.002285243012011051,-0.0024159597232937813,-0.002716644899919629,-0.0029028882272541523,-0.0029449937865138054,-0.0030497289262712,-0.003199625527486205,-0.003225151915103197,-0.0031191559974104166,-0.0031159361824393272,-0.0032149627804756165,-0.0032183886505663395,-0.003127796109765768,-0.0030826653819531202,-0.0030939073767513037,-0.0030310258734971285,-0.002904533641412854,-0.0027816223446279764,-0.0026784869842231274,-0.002480611205101013,-0.0022135451436042786,-0.001995368395000696,-0.0018543899059295654,-0.0017357422038912773
-0.00038162199780344963,-0.000780609785579145,-0.0008288233657367527,-0.0005188873037695885,-0.0005541392602026463,-0.0009309713495895267,-0.0009413588559255004,-0.0005855249473825097,-0.0005746519891545177,-0.0009134776191785932,-0.0009431449580006301,-0.000660229881759733,-0.0006370962946675718,-0.0008815625333227217,-0.0008869094890542328,-0.0006530524115078151,-0.000593359291087836,-0.0007182639674283564,-0.0007265001768246293,-0.0006119942991062999,-0.0006819458794780076,-0.0009192393044941127,-0.0010930112330242991,-0.0011700992472469807,-0.001403293339535594,-0.0017540905391797423,-0.002071357099339366,-0.00230329018086195,-0.002517896005883813,-0.002681807614862919,-0.002733830828219652,-0.0026669534854590893,-0.0026769358664751053,-0.0027631307020783424,-0.0028165841940790415,-0.002829592674970627,-0.002896010410040617,-0.0030090848449617624,-0.00309679564088583,-0.0031520971097052097,-0.0031842803582549095,-0.003198613179847598,-0.003077966161072254,-0.0028525732923299074,-0.002585552167147398,-0.0023269366938620806,-0.002044494729489088
0.0006761201075278223,0.0004085338150616735,0.000352066766936332,0.0005168456700630486,0.00046103319618850946,0.00019509074627421796,0.00016401514585595578,0.0003744792484212667,0.00035383045906201005,0.00010783841571537778,5.5633361625950783e-05,0.00020815202151425183,0.00018636476306710392,-2.5730889774422394e-06,-2.9421960789477453e-05,0.00011307014210615307,0.00015858215920161456,0.00010140724043594673,0.00013150772429071367,0.0002421783283352852,0.0002280632616020739,8.766603423282504e-05,-4.264780000085011e-05,-0.00014420200022868812,-0.00037909747334197164,-0.0007082642987370491,-0.0010384580818936229,-0.001313566928729415,-0.0015566007932648063,-0.0017247166251763701,-0.0018177982419729233,-0.0018151479307562113,-0.0018713247263804078,-0.0019702836871147156,-0.0020547937601804733,-0.0021067990455776453,-0.0022130939178168774,-0.0023536337539553642,-0.0025255538057535887,-0.0026937383227050304,-0.0028601482044905424,-0.0029853093437850475,-0.0030007357709109783,-0.0028913039714097977,-0.002710083033889532,-0.002478506416082382,-0.0021889202762395144
0.0019562586676329374,0.0018107604701071978,0.0017643874743953347,0.0018244149396196008,0.0017744159558787942,0.0016217641532421112,0.0015848648035898805,0.001668581971898675,0.001632530940696597,0.0014802258228883147,0.0014198031276464462,0.0014596408000215888,0.0014038656372576952,0.0012592509156093001,0.001200731610879302,0.0012374253710731864,0.0012403386645019054,0.0012085482012480497,0.001245945575647056,0.0013479122426360846,0.001386899035423994,0.0013586059212684631,0.0013107723789289594,0.001252977759577334,0.0011047907173633575,0.0008897192310541868,0.0006726440624333918,0.0004863562644459307,0.00031514556030742824,0.0001828453823691234,5.192940807319246e-05,-5.8130506658926606e-05,-0.0002106419124174863,-0.0003788283502217382,-0.0005121410940773785,-0.0005861208774149418,-0.0006979216705076396,-0.0008282980998046696,-0.0010458305478096008,-0.001314343186095357,-0.001612977939657867,-0.0018919846042990685,-0.0021047673653811216,-0.002215586369857192,-0.002245852490887046,-0.002188726793974638,-0.002045814646407962
0.0030469209887087345,0.002990907756611705,0.0029597156681120396,0.00296031148172915,0.002923682564869523,0.00285789230838418,0.002823286922648549,0.0028269807808101177,0.002788905519992113,0.0027170085813850164,0.0026598433032631874,0.002628966234624386,0.0025540206115692854,0.0024488067720085382,0.002365316031500697,0.0023178805131465197,0.0022799279540777206,0.0022561841178685427,0.0022912819404155016,0.002377890981733799,0.0024577099829912186,0.0025175006594508886,0.0025482659693807364,0.0025485472287982702,0.0025021841283887625,0.002424679696559906,0.0023501026444137096,0.0023026131093502045,0.002235327148810029,0.0021691187284886837,0.002019425155594945,0.0018140203319489956,0.0015693670138716698,0.0013250696938484907,0.0011419834336265922,0.0010504862293601036,0.0009379407274536788,0.000825173279736191,0.0005768813425675035,0.00023772718850523233,-0.00017312490672338754,-0.0005856453208252788,-0.0009828145848587155,-0.0013017910532653332,-0.0015494220424443483,-0.0016935351304709911,-0.0017274701967835426
0.0033542129676789045,0.0033237256575375795,0.0033069979399442673,0.0033061758149415255,0.003282826626673341,0.0032405871897935867,0.0032149343751370907,0.003209998132660985,0.003187318332493305,0.003149711526930332,0.003115285886451602,0.0030880183912813663,0.003032102482393384,0.00295499456115067,0.00287912436760962,0.0028162836097180843,0.0027651481796056032,0.002734838053584099,0.0027548170182853937,0.002822794718667865,0.002904947381466627,0.002987259067595005,0.0030571366660296917,0.00310008367523551,0.0031378769781440496,0.003157967934384942,0.0032156133092939854,0.0032908993307501078,0.003350632032379508,0.0033733462914824486,0.0032887968700379133,0.003103043185546994,0.002871966687962413,0.002630646340548992,0.0024507082998752594,0.0023614810779690742,0.0022518448531627655,0.0021416558884084225,0.0018874341621994972,0.0015358185628429055,0.0010944411624222994,0.000643506704363972,0.0001699510175967589,-0.00023792224237695336,-0.000616677338257432,-0.0008904336136765778,-0.0010813281405717134
0.0030380962416529655,0.0030279099009931087,0.0030258875340223312,0.0030325569678097963,0.0030174897983670235,0.002983793383464217,0.002964528976008296,0.0029636560939252377,0.0029587142635136843,0.0029514015186578035,0.0029535943176597357,0.0029654318932443857,0.002956905635073781,0.0029296111315488815,0.002893656026571989,0.002854870166629553,0.0028140738140791655,0.002777589252218604,0.0027764958795160055,0.0028106067329645157,0.0028718109242618084,0.00294969929382205,0.0030411232728511095,0.0031309714540839195,0.0032500210218131542,0.003379454370588064,0.0035673161037266254,0.003784874686971307,0.003998009953647852,0.004173006396740675,0.004259650129824877,0.004241085145622492,0.004174247849732637,0.004064899403601885,0.003965199459344149,0.0038901513908058405,0.0037665509153157473,0.0036191921681165695,0.0033735004253685474,0.003071743296459317,0.0027206989470869303,0.002370628761127591,0.001981718698516488,0.0016059804474934936,0.0012086486676707864,0.0008460704702883959,0.0005119481356814504
0.002456552581861615,0.0024672732688486576,0.0024792521726340055,0.0024910473730415106,0.0024826452136039734,0.002455814043059945,0.002440928714349866,0.002440773183479905,0.00245005264878273,0.0024675882887095213,0.0025040321052074432,0.0025545021053403616,0.002593165962025523,0.0026156583335250616,0.0026227321941405535,0.002615811536088586,0.002590171992778778,0.002551746554672718,0.00253128120675683,0.0025315408129245043,0.002568633761256933,0.0026341762859374285,0.0027404960710555315,0.002868541982024908,0.0030564044136554003,0.003272776259109378,0.0035669810604304075,0.0038895346224308014,0.00423391442745924,0.004543074406683445,0.004805766977369785,0.004984646569937468,0.005110169295221567,0.005172839388251305,0.005167118739336729,0.00510055897757411,0.0049527776427567005,0.004748398903757334,0.004521811846643686,0.004316200967878103,0.004115174990147352,0.003968893550336361,0.003746903035789728,0.003506061155349016,0.003160089487209916,0.002780771115794778,0.002338903257623315
0.0015625032829120755,0.0015833855140954256,0.0016028407262638211,0.0016169346636161208,0.001613859087228775,0.0015936070121824741,0.0015828304458409548,0.0015829437179490924,0.0015983026241883636,0.0016257016686722636,0.0016771729569882154,0.0017428254941478372,0.0018052697414532304,0.0018522136379033327,0.0018874573288485408,0.001903034863062203,0.0018961230525746942,0.0018664126982912421,0.0018440966960042715,0.0018325570272281766,0.0018556459108367562,0.0019096477190032601,0.002012728713452816,0.0021469173952937126,0.002347176428884268,0.0025780664291232824,0.0028828768990933895,0.003208588343113661,0.0035627088509500027,0.00388494529761374,0.004190872889012098,0.0044287340715527534,0.0046182656660676,0.004728634841740131,0.004728669300675392,0.004624000750482082,0.0044482070952653885,0.0042352499440312386,0.0041055819019675255,0.004070081748068333,0.004126471001654863,0.004239104688167572,0.0043050553649663925,0.004285200498998165,0.004140273202210665,0.0038750413805246353,0.0034781096037477255
