earth/public/data/ocean/C53/ANN-vosaline-depthz-2000m-gfs-1.0.json
{"header": {"discipline": 0, "disciplineName": "Meteorological products", "gribEdition": 2, "gribLength": 131138.0, "center": 0, "centerName": "Kiel Climate Model", "subcenter": 0, "refTime": "1", "significanceOfRT": 1, "significanceOfRTName": "Start of forecast", "productStatus": 0, "productStatusName": "Operational products", "productType": 1, "productTypeName": "Forecast products", "productDefinitionTemplate": 0, "productDefinitionTemplateName": "Analysis/forecast at horizontal level/layer at a point in time", "parameterCategory": 2, "parameterCategoryName": "Momentum", "parameterNumber": 2, "parameterNumberName": "U-component_of_wind", "parameterUnit": "PSU", "genProcessType": 2, "genProcessTypeName": "Forecast", "forecastTime": 0, "surface1Type": 103, "surface1TypeName": "Specified height level above ground", "surface1Value": 10, "surface2Type": 255, "surface2TypeName": "Missing", "surface2Value": 0, "gridDefinitionTemplate": 0, "gridDefinitionTemplateName": "Latitude_Longitude", "numberPoints": 65160, "shape": 6, "shapeName": "Earth spherical with radius of 6,371,229.0 m", "gridUnits": "degrees", "resolution": 48, "winds": "true", "scanMode": 0, "nx": 360.0, "ny": 180.0, "basicAngle": 0, "subDivisions": 0, "lo1": 0.0, "la1": -89.5, "lo2": 359.0, "la2": 89.5, "dx": 1.0, "dy": -1.0}, "data":
[rows 132 to 153 of 180, columns 204 to 254 of 360]
34.64002227783203,34.64055252075195,34.64040756225586,34.639644622802734,34.63949966430664,34.64012145996094,34.64072036743164,34.641387939453125,34.64200210571289,34.64270782470703,34.64338302612305,34.64414596557617,34.644859313964844,34.64570999145508,34.64653778076172,34.64751434326172,34.648460388183594,34.64958572387695,34.65068435668945,34.651954650878906,34.653167724609375,34.654151916503906,34.65479278564453,34.65584945678711,34.657196044921875,34.658668518066406,34.65999984741211,34.66145706176758,34.66276931762695,34.6641960144043,34.66548156738281,34.66683578491211,34.66801834106445,34.669273376464844,34.670372009277344,34.6715087890625,34.67247772216797,34.673526763916016,34.674461364746094,34.675559997558594,34.67661666870117,34.67784118652344,34.67900466918945,34.680328369140625,34.681575775146484,34.68294143676758,34.68417739868164,34.685508728027344,34.68668746948242,34.68794250488281,34.68904495239258
34.63610076904297,34.63660430908203,34.63669967651367,34.63658142089844,34.636688232421875,34.63728713989258,34.63786697387695,34.638511657714844,34.639102935791016,34.6397819519043,34.64042663574219,34.64115905761719,34.641841888427734,34.64265823364258,34.64345932006836,34.644412994384766,34.645347595214844,34.64646530151367,34.64756774902344,34.64884567260742,34.65007019042969,34.65081787109375,34.650821685791016,34.65165710449219,34.65304946899414,34.654571533203125,34.65595245361328,34.65746307373047,34.65882873535156,34.66032028198242,34.66166687011719,34.6630973815918,34.66435623168945,34.66569137573242,34.66656494140625,34.66730880737305,34.66809844970703,34.66925048828125,34.670257568359375,34.67139434814453,34.672462463378906,34.67369079589844,34.67485427856445,34.67618942260742,34.677452087402344,34.67885971069336,34.6801643371582,34.68157958984375,34.68284606933594,34.68421173095703,34.685428619384766
34.63130569458008,34.63176345825195,34.63221740722656,34.632728576660156,34.633209228515625,34.633766174316406,34.634307861328125,34.634910583496094,34.635467529296875,34.6361083984375,34.63671112060547,34.63739776611328,34.63804244995117,34.63881301879883,34.63956832885742,34.64048385620117,34.641387939453125,34.64248275756836,34.64357376098633,34.64484405517578,34.64607238769531,34.6470947265625,34.647789001464844,34.64891052246094,34.65031814575195,34.6518669128418,34.65327072143555,34.654808044433594,34.65620040893555,34.65773010253906,34.65911102294922,34.66059112548828,34.66189956665039,34.663291931152344,34.66400909423828,34.66432189941406,34.66500473022461,34.66624450683594,34.667320251464844,34.66849899291992,34.66957092285156,34.67080307006836,34.67196273803711,34.67329025268555,34.67454147338867,34.675960540771484,34.67705535888672,34.67811965942383,34.67919921875,34.680641174316406,34.681941986083984
34.628170013427734,34.62859344482422,34.629005432128906,34.62947463989258,34.629920959472656,34.63043975830078,34.63093948364258,34.631500244140625,34.632022857666016,34.63262176513672,34.63318634033203,34.633827209472656,34.634178161621094,34.63447952270508,34.634925842285156,34.63578414916992,34.63664627075195,34.637699127197266,34.63875198364258,34.63999557495117,34.641204833984375,34.64261245727539,34.64397048950195,34.64549255371094,34.64691162109375,34.64847183227539,34.6498908996582,34.65144729614258,34.65286636352539,34.654422760009766,34.65583801269531,34.65737533569336,34.65875244140625,34.660213470458984,34.66118621826172,34.662071228027344,34.66301727294922,34.664329528808594,34.66545867919922,34.66667556762695,34.667755126953125,34.66898727416992,34.67014694213867,34.67146301269531,34.67269515991211,34.674102783203125,34.6750373840332,34.67571258544922,34.67665481567383,34.678131103515625,34.67947769165039
34.62640380859375,34.626792907714844,34.62717819213867,34.62761688232422,34.62803268432617,34.62852096557617,34.628990173339844,34.62952423095703,34.63002014160156,34.63058853149414,34.63113021850586,34.63174057006836,34.631900787353516,34.631744384765625,34.631980895996094,34.63279724121094,34.63362121582031,34.63463592529297,34.63565444946289,34.63685989379883,34.6378288269043,34.63885498046875,34.63996124267578,34.641456604003906,34.642860412597656,34.64441680908203,34.645835876464844,34.64740753173828,34.648841857910156,34.65042495727539,34.65187072753906,34.65345764160156,34.6549072265625,34.65644454956055,34.65779113769531,34.65925979614258,34.66058349609375,34.661983489990234,34.6631965637207,34.66447448730469,34.66557693481445,34.66681671142578,34.667972564697266,34.66926956176758,34.670475006103516,34.67184829711914,34.67290115356445,34.6739501953125,34.675048828125,34.67652893066406,34.677886962890625
34.62458801269531,34.62493896484375,34.625282287597656,34.62567901611328,34.62605667114258,34.626502990722656,34.626930236816406,34.62742233276367,34.62788772583008,34.628421783447266,34.628929138183594,34.62950897216797,34.62980270385742,34.630035400390625,34.63041687011719,34.631202697753906,34.63199996948242,34.63298034667969,34.63396072387695,34.63512420654297,34.635921478271484,34.63655471801758,34.63747024536133,34.63892364501953,34.64030456542969,34.64183807373047,34.64308547973633,34.644378662109375,34.64564895629883,34.64723587036133,34.648681640625,34.650291442871094,34.65176773071289,34.653358459472656,34.6547737121582,34.656307220458984,34.65768051147461,34.65916442871094,34.66049575805664,34.661869049072266,34.66303634643555,34.664306640625,34.66544723510742,34.666717529296875,34.66788864135742,34.66920852661133,34.670433044433594,34.67182540893555,34.67313003540039,34.67458724975586,34.675926208496094
34.62300491333008,34.623313903808594,34.62361526489258,34.6239013671875,34.62413024902344,34.62446212768555,34.624847412109375,34.62529754638672,34.62572479248047,34.626220703125,34.626686096191406,34.627227783203125,34.627742767333984,34.628360748291016,34.62896728515625,34.62971496582031,34.630470275878906,34.63138961791992,34.63230514526367,34.633399963378906,34.63426208496094,34.63517379760742,34.63617706298828,34.63758087158203,34.63893127441406,34.640438079833984,34.64155578613281,34.6425666809082,34.64371871948242,34.645294189453125,34.64662551879883,34.648040771484375,34.64939880371094,34.6510124206543,34.65248107910156,34.6540412902832,34.65541076660156,34.656951904296875,34.658382415771484,34.65987014770508,34.66114044189453,34.662452697753906,34.6635627746582,34.6648063659668,34.665958404541016,34.66721725463867,34.668357849121094,34.66967010498047,34.67091751098633,34.67231369018555,34.673614501953125
34.622344970703125,34.622623443603516,34.622901916503906,34.62311553955078,34.623207092285156,34.623470306396484,34.62382507324219,34.62424850463867,34.62466049194336,34.62512969970703,34.62556838989258,34.626068115234375,34.62655258178711,34.62713623046875,34.627708435058594,34.62840270996094,34.62909698486328,34.62993240356445,34.63076400756836,34.63175582885742,34.632728576660156,34.63388442993164,34.635009765625,34.63633728027344,34.63761901855469,34.639068603515625,34.640254974365234,34.641502380371094,34.64274978637695,34.64430618286133,34.645545959472656,34.64675521850586,34.647953033447266,34.64945983886719,34.6508903503418,34.6524658203125,34.65384292602539,34.655418395996094,34.65691375732422,34.658470153808594,34.659812927246094,34.661163330078125,34.66227722167969,34.663509368896484,34.664634704589844,34.66584014892578,34.666900634765625,34.668121337890625,34.66928482055664,34.67060089111328,34.67182540893555
34.62202835083008,34.62226486206055,34.62250518798828,34.62273025512695,34.6229133605957,34.623199462890625,34.6235466003418,34.62395477294922,34.62435531616211,34.62481689453125,34.62523651123047,34.625709533691406,34.62617492675781,34.62673568725586,34.627315521240234,34.628021240234375,34.628692626953125,34.62945556640625,34.63020324707031,34.631099700927734,34.63198471069336,34.63302993774414,34.63404846191406,34.635257720947266,34.636436462402344,34.63779067993164,34.639076232910156,34.640533447265625,34.641902923583984,34.64341735839844,34.64469528198242,34.64605712890625,34.64726257324219,34.648651123046875,34.65000915527344,34.651554107666016,34.652931213378906,34.65450668334961,34.655967712402344,34.65752410888672,34.65889358520508,34.660301208496094,34.66148376464844,34.662742614746094,34.66384506225586,34.66499710083008,34.665985107421875,34.667118072509766,34.66818618774414,34.66939163208008,34.67052459716797
34.62217712402344,34.622352600097656,34.622535705566406,34.62278366088867,34.623046875,34.62337112426758,34.62369918823242,34.624088287353516,34.62447738647461,34.6248664855957,34.625240325927734,34.62569046020508,34.62616729736328,34.626686096191406,34.627288818359375,34.627986907958984,34.628658294677734,34.629398345947266,34.630218505859375,34.63105773925781,34.63188171386719,34.632781982421875,34.633731842041016,34.634769439697266,34.635868072509766,34.637046813964844,34.638275146484375,34.63956832885742,34.64090347290039,34.64228057861328,34.64366912841797,34.64509582519531,34.64647674560547,34.64807891845703,34.64964294433594,34.65113067626953,34.652496337890625,34.6540412902832,34.655418395996094,34.656951904296875,34.65835952758789,34.65983200073242,34.661102294921875,34.662391662597656,34.66346740722656,34.664573669433594,34.66551208496094,34.66655731201172,34.66751480102539,34.668609619140625,34.66964340209961
34.62282943725586,34.6231575012207,34.623409271240234,34.62357711791992,34.623779296875,34.62403869628906,34.62432861328125,34.62466049194336,34.62502670288086,34.62532424926758,34.62563705444336,34.62607192993164,34.626529693603516,34.62701416015625,34.627559661865234,34.628150939941406,34.628753662109375,34.629486083984375,34.630367279052734,34.63117218017578,34.63199996948242,34.63294982910156,34.633888244628906,34.634803771972656,34.635772705078125,34.636810302734375,34.63789749145508,34.6390495300293,34.64025115966797,34.641517639160156,34.642818450927734,34.64417266845703,34.64554214477539,34.64732360839844,34.64911651611328,34.65057373046875,34.65205001831055,34.65351867675781,34.654937744140625,34.65659713745117,34.65822982788086,34.659732818603516,34.661041259765625,34.66233444213867,34.66338348388672,34.66445541381836,34.66535568237305,34.66632080078125,34.667171478271484,34.668155670166016,34.66908645629883
34.623653411865234,34.62413787841797,34.624420166015625,34.62450408935547,34.6246337890625,34.62498092651367,34.625457763671875,34.62586975097656,34.626163482666016,34.62644577026367,34.626766204833984,34.62713623046875,34.62757110595703,34.62799072265625,34.62847900390625,34.62894058227539,34.629493713378906,34.63010025024414,34.63085174560547,34.631534576416016,34.632408142089844,34.63351058959961,34.634647369384766,34.635536193847656,34.63644790649414,34.6373176574707,34.638328552246094,34.6392936706543,34.64042282104492,34.64151382446289,34.64277648925781,34.643978118896484,34.64533996582031,34.64683151245117,34.64846420288086,34.64999771118164,34.65153884887695,34.65301513671875,34.65443420410156,34.65621566772461,34.65802764892578,34.65945816040039,34.66083526611328,34.66225051879883,34.663482666015625,34.664527893066406,34.6653938293457,34.66628646850586,34.667049407958984,34.667930603027344,34.668766021728516
34.625118255615234,34.62533187866211,34.62547302246094,34.62550354003906,34.625587463378906,34.6259765625,34.62665939331055,34.62709045410156,34.62749481201172,34.62802505493164,34.62849807739258,34.62881088256836,34.629188537597656,34.62956237792969,34.62999725341797,34.63042068481445,34.630924224853516,34.63141632080078,34.63200759887695,34.63258361816406,34.633358001708984,34.63434600830078,34.63564682006836,34.636714935302734,34.63764953613281,34.6384391784668,34.63935089111328,34.64021682739258,34.641239166259766,34.64223098754883,34.64339065551758,34.644508361816406,34.645790100097656,34.647003173828125,34.64848709106445,34.64999008178711,34.65157699584961,34.65293884277344,34.65441131591797,34.65596389770508,34.657588958740234,34.65900421142578,34.660377502441406,34.661949157714844,34.66340255737305,34.66453552246094,34.66551971435547,34.666351318359375,34.66703796386719,34.667823791503906,34.6685676574707
34.62754440307617,34.62746810913086,34.62740707397461,34.627376556396484,34.62739181518555,34.627601623535156,34.627960205078125,34.62825012207031,34.62870407104492,34.62944793701172,34.630123138427734,34.63063430786133,34.631099700927734,34.63141632080078,34.63179397583008,34.63216781616211,34.63256072998047,34.632965087890625,34.63346862792969,34.634010314941406,34.63460159301758,34.635337829589844,34.636451721191406,34.63775634765625,34.63874816894531,34.639488220214844,34.64027404785156,34.641090393066406,34.641971588134766,34.64289855957031,34.64390182495117,34.644962310791016,34.646263122558594,34.64760208129883,34.649078369140625,34.650535583496094,34.65202331542969,34.6533203125,34.65475845336914,34.65607833862305,34.65752410888672,34.658836364746094,34.660255432128906,34.66168212890625,34.66305160522461,34.66429901123047,34.66541290283203,34.666259765625,34.666996002197266,34.6677131652832,34.66838836669922
34.63051986694336,34.630367279052734,34.63021469116211,34.63009262084961,34.6300048828125,34.62996292114258,34.629974365234375,34.63003921508789,34.63030242919922,34.63071823120117,34.631317138671875,34.632171630859375,34.632896423339844,34.63329315185547,34.63359832763672,34.63393020629883,34.63420486450195,34.6345100402832,34.63493728637695,34.63540267944336,34.63591766357422,34.636470794677734,34.63733673095703,34.63853454589844,34.63956832885742,34.64030838012695,34.641014099121094,34.64175033569336,34.64254379272461,34.64337921142578,34.6442756652832,34.645233154296875,34.64657974243164,34.6480712890625,34.649452209472656,34.65078353881836,34.65208053588867,34.65337371826172,34.654884338378906,34.65634536743164,34.65774917602539,34.65901565551758,34.66037368774414,34.66159439086914,34.66279983520508,34.66389083862305,34.6649055480957,34.665802001953125,34.66663360595703,34.66740417480469,34.66816711425781
34.63330841064453,34.63311004638672,34.63290023803711,34.63271713256836,34.6325798034668,34.63248062133789,34.632408142089844,34.632381439208984,34.63239288330078,34.63245391845703,34.63271713256836,34.63334655761719,34.6341438293457,34.634681701660156,34.635101318359375,34.63547897338867,34.635738372802734,34.63604736328125,34.63639831542969,34.6368293762207,34.63725280761719,34.63776397705078,34.63836669921875,34.6392936706543,34.640296936035156,34.64112091064453,34.6417350769043,34.6424560546875,34.64315414428711,34.64397430419922,34.64476776123047,34.64573287963867,34.64691925048828,34.648284912109375,34.64950180053711,34.65066146850586,34.6518440246582,34.65306091308594,34.654632568359375,34.65620803833008,34.65748596191406,34.65874099731445,34.660118103027344,34.66140365600586,34.66252517700195,34.663429260253906,34.6643180847168,34.66511154174805,34.66591262817383,34.6667366027832,34.66758728027344
34.635093688964844,34.63496017456055,34.634830474853516,34.63469314575195,34.63457489013672,34.63448715209961,34.63438415527344,34.63432693481445,34.634300231933594,34.63432693481445,34.634395599365234,34.6346549987793,34.635032653808594,34.63560104370117,34.63625717163086,34.636756896972656,34.63703536987305,34.63732147216797,34.63761901855469,34.63798904418945,34.638389587402344,34.63882827758789,34.63929748535156,34.64000701904297,34.640907287597656,34.64167785644531,34.64228439331055,34.642940521240234,34.64363479614258,34.644386291503906,34.645198822021484,34.64612579345703,34.64718246459961,34.648258209228516,34.64930725097656,34.65052795410156,34.651737213134766,34.65293502807617,34.654232025146484,34.655582427978516,34.656768798828125,34.657936096191406,34.65934753417969,34.66071701049805,34.6617317199707,34.662593841552734,34.663448333740234,34.66423416137695,34.6650276184082,34.66578674316406,34.66658020019531
34.63581848144531,34.635772705078125,34.63571548461914,34.63561248779297,34.63552474975586,34.6355094909668,34.63548278808594,34.63549041748047,34.635520935058594,34.63557052612305,34.635658264160156,34.63579559326172,34.63597106933594,34.63637924194336,34.63700485229492,34.63750457763672,34.637821197509766,34.6380615234375,34.63832473754883,34.638675689697266,34.63905334472656,34.63945388793945,34.639896392822266,34.64048385620117,34.64118957519531,34.64183807373047,34.64242172241211,34.64304733276367,34.643714904785156,34.644432067871094,34.645225524902344,34.64612579345703,34.647071838378906,34.64802551269531,34.64899444580078,34.6502685546875,34.651546478271484,34.65258026123047,34.65361785888672,34.65470504760742,34.65579605102539,34.657039642333984,34.65830993652344,34.659400939941406,34.66032028198242,34.6611442565918,34.66200637817383,34.662940979003906,34.663902282714844,34.664798736572266,34.665611267089844
34.63584518432617,34.63582992553711,34.63575744628906,34.63564682006836,34.635555267333984,34.635475158691406,34.635498046875,34.63564682006836,34.63582229614258,34.63595962524414,34.63612747192383,34.6363410949707,34.63657760620117,34.63688659667969,34.63727569580078,34.63766098022461,34.63800048828125,34.638301849365234,34.638572692871094,34.638885498046875,34.63926696777344,34.63966369628906,34.640079498291016,34.64056396484375,34.64110565185547,34.64167785644531,34.64225387573242,34.64286804199219,34.64352798461914,34.64421081542969,34.64494323730469,34.645751953125,34.64662170410156,34.647518157958984,34.64842224121094,34.64948654174805,34.6505126953125,34.651485443115234,34.65254211425781,34.65370178222656,34.6546630859375,34.655826568603516,34.65690231323242,34.657657623291016,34.65849304199219,34.659488677978516,34.66041564941406,34.6612434387207,34.66227340698242,34.66340255737305,34.66438293457031
34.63505172729492,34.63503646850586,34.63502502441406,34.63504409790039,34.63501739501953,34.634761810302734,34.634666442871094,34.634883880615234,34.63524627685547,34.63555908203125,34.63589859008789,34.63622283935547,34.63651657104492,34.63679122924805,34.63706588745117,34.637306213378906,34.63762283325195,34.638031005859375,34.638336181640625,34.63865280151367,34.63906478881836,34.63949203491211,34.63986587524414,34.640228271484375,34.640689849853516,34.64125061035156,34.641841888427734,34.642372131347656,34.6429328918457,34.64350509643555,34.644187927246094,34.6449089050293,34.645782470703125,34.64669418334961,34.64759063720703,34.64836120605469,34.64922332763672,34.6501350402832,34.6512451171875,34.65233612060547,34.65313720703125,34.65402603149414,34.65489959716797,34.655677795410156,34.65647506713867,34.65764617919922,34.658634185791016,34.65940856933594,34.66031265258789,34.661216735839844,34.66240310668945
34.63335037231445,34.633365631103516,34.63346862792969,34.63365173339844,34.633827209472656,34.63376998901367,34.63347244262695,34.633487701416016,34.633880615234375,34.63442611694336,34.63493728637695,34.63544464111328,34.63580322265625,34.63615417480469,34.63639831542969,34.636505126953125,34.636783599853516,34.63718795776367,34.637542724609375,34.6379508972168,34.63842010498047,34.638824462890625,34.639122009277344,34.6394157409668,34.6399040222168,34.6405029296875,34.6411247253418,34.64155960083008,34.64194107055664,34.642459869384766,34.64311981201172,34.643890380859375,34.644657135009766,34.64555358886719,34.64639663696289,34.64715576171875,34.64801788330078,34.648860931396484,34.64970016479492,34.65043640136719,34.651222229003906,34.651912689208984,34.652671813964844,34.6534309387207,34.65438461303711,34.65538024902344,34.65624237060547,34.65724182128906,34.65811538696289,34.65885543823242,34.6600227355957
34.63126754760742,34.63127136230469,34.631404876708984,34.631649017333984,34.63194274902344,34.63220977783203,34.631996154785156,34.63166427612305,34.63198471069336,34.63270568847656,34.63339614868164,34.63395309448242,34.634429931640625,34.63494873046875,34.635318756103516,34.635398864746094,34.6356086730957,34.63593673706055,34.636356353759766,34.63689041137695,34.6373405456543,34.63762283325195,34.63775634765625,34.638126373291016,34.63868713378906,34.63936233520508,34.639991760253906,34.640464782714844,34.640777587890625,34.641319274902344,34.642059326171875,34.642799377441406,34.643436431884766,34.64412307739258,34.644893646240234,34.645751953125,34.646507263183594,34.6472053527832,34.64768981933594,34.648319244384766,34.64896774291992,34.649688720703125,34.65026092529297,34.65106964111328,34.65204620361328,34.65278244018555,34.65357208251953,34.654605865478516,34.65545654296875,34.656375885009766,34.657432556152344
