earth/public/data/ocean/C53/ANN-sowaflep-depthz-0m-gfs-1.0.json
{"header": {"discipline": 0, "disciplineName": "Meteorological products", "gribEdition": 2, "gribLength": 131138.0, "center": 0, "centerName": "Kiel Climate Model", "subcenter": 0, "refTime": "1", "significanceOfRT": 1, "significanceOfRTName": "Start of forecast", "productStatus": 0, "productStatusName": "Operational products", "productType": 1, "productTypeName": "Forecast products", "productDefinitionTemplate": 0, "productDefinitionTemplateName": "Analysis/forecast at horizontal level/layer at a point in time", "parameterCategory": 2, "parameterCategoryName": "Momentum", "parameterNumber": 2, "parameterNumberName": "U-component_of_wind", "parameterUnit": "kg/m2/s", "genProcessType": 2, "genProcessTypeName": "Forecast", "forecastTime": 0, "surface1Type": 103, "surface1TypeName": "Specified height level above ground", "surface1Value": 10, "surface2Type": 255, "surface2TypeName": "Missing", "surface2Value": 0, "gridDefinitionTemplate": 0, "gridDefinitionTemplateName": "Latitude_Longitude", "numberPoints": 65160, "shape": 6, "shapeName": "Earth spherical with radius of 6,371,229.0 m", "gridUnits": "degrees", "resolution": 48, "winds": "true", "scanMode": 0, "nx": 360.0, "ny": 180.0, "basicAngle": 0, "subDivisions": 0, "lo1": 0.0, "la1": -89.5, "lo2": 359.0, "la2": 89.5, "dx": 1.0, "dy": -1.0}, "data":
[rows 21 to 41 of 180, columns 188 to 234 of 360]
-1.5749648809432983,-1.56034517288208,-1.5436910390853882,-1.5230633020401,-1.502326250076294,-1.4774835109710693,-1.453114628791809,-1.4313236474990845,-1.4161120653152466,-1.4007664918899536,-1.3880854845046997,-1.375739336013794,-1.365885853767395,-1.3583781719207764,-1.354403018951416,-1.3517723083496094,-1.3507298231124878,-1.3503303527832031,-1.350406527519226,-1.350757360458374,-1.3511040210723877,-1.3484476804733276,-1.3431484699249268,-1.336294412612915,-1.3291077613830566,-1.3203309774398804,-1.3115853071212769,-1.3010468482971191,-1.2907211780548096,-1.2805479764938354,-1.272495985031128,-1.265753149986267,-1.2616534233093262,-1.2607851028442383,-1.2634203433990479,-1.2683871984481812,-1.2748432159423828,-1.2824559211730957,-1.2898226976394653,-1.2979114055633545,-1.3052045106887817,-1.3101210594177246,-1.3117245435714722,-1.3105175495147705,-1.3067264556884766,-1.2996095418930054,-1.2905129194259644
-1.6689485311508179,-1.648531198501587,-1.6259362697601318,-1.5991427898406982,-1.5728349685668945,-1.5426113605499268,-1.513792634010315,-1.4878581762313843,-1.469386100769043,-1.451930046081543,-1.438590168952942,-1.4268226623535156,-1.4187613725662231,-1.4144519567489624,-1.4147390127182007,-1.4170193672180176,-1.420984148979187,-1.4259719848632812,-1.431197166442871,-1.4369114637374878,-1.4422037601470947,-1.4429965019226074,-1.439232349395752,-1.4332666397094727,-1.4262086153030396,-1.4169514179229736,-1.4071683883666992,-1.3950704336166382,-1.3828283548355103,-1.3705612421035767,-1.3604602813720703,-1.351913332939148,-1.3464423418045044,-1.3450024127960205,-1.347869634628296,-1.3537254333496094,-1.3615554571151733,-1.3709481954574585,-1.3802543878555298,-1.3905874490737915,-1.4001352787017822,-1.4067803621292114,-1.409363865852356,-1.4083776473999023,-1.4040110111236572,-1.3957581520080566,-1.3850945234298706
-1.7323838472366333,-1.707735300064087,-1.6805983781814575,-1.6489191055297852,-1.618462085723877,-1.5843422412872314,-1.552767038345337,-1.5239216089248657,-1.5030531883239746,-1.4842309951782227,-1.4708781242370605,-1.4603359699249268,-1.4545196294784546,-1.4539436101913452,-1.45870840549469,-1.4663255214691162,-1.4754037857055664,-1.4860708713531494,-1.4963808059692383,-1.5075093507766724,-1.5174270868301392,-1.5215463638305664,-1.519114375114441,-1.5139274597167969,-1.5069278478622437,-1.497120976448059,-1.4862903356552124,-1.4723474979400635,-1.457829475402832,-1.4430960416793823,-1.4308290481567383,-1.4201018810272217,-1.412867546081543,-1.4099297523498535,-1.4118249416351318,-1.4176111221313477,-1.426236867904663,-1.4368971586227417,-1.4476525783538818,-1.4598193168640137,-1.4711835384368896,-1.4793055057525635,-1.4827070236206055,-1.4817862510681152,-1.476710557937622,-1.4672425985336304,-1.4551050662994385
-1.780627965927124,-1.7546190023422241,-1.7255675792694092,-1.6920021772384644,-1.6597504615783691,-1.6241592168807983,-1.5915011167526245,-1.5613521337509155,-1.5390833616256714,-1.5194175243377686,-1.5059226751327515,-1.4958007335662842,-1.4910223484039307,-1.4920088052749634,-1.4988561868667603,-1.50911545753479,-1.521234154701233,-1.535231590270996,-1.548808217048645,-1.5633251667022705,-1.5763322114944458,-1.5828074216842651,-1.5816395282745361,-1.5772029161453247,-1.5702852010726929,-1.559961199760437,-1.5481116771697998,-1.532407283782959,-1.5157160758972168,-1.4987505674362183,-1.4845943450927734,-1.471969485282898,-1.4631565809249878,-1.4587361812591553,-1.4594919681549072,-1.464714765548706,-1.4734784364700317,-1.4845376014709473,-1.4959567785263062,-1.5090007781982422,-1.5213794708251953,-1.5303637981414795,-1.5343666076660156,-1.5337119102478027,-1.5284783840179443,-1.518709659576416,-1.5060662031173706
-1.8548976182937622,-1.8318558931350708,-1.8055446147918701,-1.7746464014053345,-1.7445427179336548,-1.7107360363006592,-1.679207444190979,-1.6494203805923462,-1.6267203092575073,-1.6060951948165894,-1.591323971748352,-1.5793178081512451,-1.5723932981491089,-1.5702846050262451,-1.5736267566680908,-1.5815012454986572,-1.592722773551941,-1.606492280960083,-1.6204426288604736,-1.6358596086502075,-1.6500078439712524,-1.6583278179168701,-1.6592776775360107,-1.6561776399612427,-1.649535059928894,-1.6384702920913696,-1.625022530555725,-1.6067787408828735,-1.5871505737304688,-1.5672870874404907,-1.5508995056152344,-1.5360743999481201,-1.5255753993988037,-1.5195910930633545,-1.5192530155181885,-1.5233010053634644,-1.5310519933700562,-1.541231393814087,-1.5520581007003784,-1.5647293329238892,-1.5769966840744019,-1.5862441062927246,-1.5908052921295166,-1.5912530422210693,-1.5874465703964233,-1.579446792602539,-1.5685864686965942
-1.9445120096206665,-1.9277095794677734,-1.907715916633606,-1.8830934762954712,-1.8584414720535278,-1.8295118808746338,-1.8015708923339844,-1.7741141319274902,-1.7520636320114136,-1.7307958602905273,-1.714088797569275,-1.6987062692642212,-1.6873183250427246,-1.6787893772125244,-1.6744797229766846,-1.6759450435638428,-1.682805061340332,-1.6928365230560303,-1.7042744159698486,-1.7176787853240967,-1.730751395225525,-1.7398254871368408,-1.7433987855911255,-1.74215829372406,-1.7363632917404175,-1.7252525091171265,-1.7106918096542358,-1.6907597780227661,-1.6687813997268677,-1.6467812061309814,-1.6284786462783813,-1.6118170022964478,-1.599671483039856,-1.5920408964157104,-1.590272307395935,-1.5923936367034912,-1.598021388053894,-1.6060374975204468,-1.6149877309799194,-1.6258785724639893,-1.6367692947387695,-1.6454436779022217,-1.65038001537323,-1.6523486375808716,-1.651067852973938,-1.6463236808776855,-1.6390727758407593
-2.0090858936309814,-1.9985361099243164,-1.984597086906433,-1.9666937589645386,-1.9480468034744263,-1.9254860877990723,-1.9030423164367676,-1.8796203136444092,-1.8594073057174683,-1.8385183811187744,-1.8207156658172607,-1.802552580833435,-1.7873189449310303,-1.7727892398834229,-1.7616074085235596,-1.7560160160064697,-1.757073163986206,-1.7612351179122925,-1.7678337097167969,-1.7765722274780273,-1.7859642505645752,-1.793933629989624,-1.7990957498550415,-1.79978609085083,-1.7958687543869019,-1.7867398262023926,-1.7739821672439575,-1.755860447883606,-1.7355437278747559,-1.7145612239837646,-1.6966177225112915,-1.6796987056732178,-1.6668291091918945,-1.6576839685440063,-1.653929591178894,-1.6535556316375732,-1.6566598415374756,-1.6617921590805054,-1.6680536270141602,-1.6760549545288086,-1.684388518333435,-1.6915409564971924,-1.6962487697601318,-1.6991935968399048,-1.6998554468154907,-1.6981542110443115,-1.6943970918655396
-2.0462145805358887,-2.041171073913574,-2.0326552391052246,-2.021099090576172,-2.0085954666137695,-1.9932070970535278,-1.9777222871780396,-1.959627628326416,-1.942205786705017,-1.9226881265640259,-1.9046210050582886,-1.8846367597579956,-1.8663709163665771,-1.8470304012298584,-1.8301376104354858,-1.8177261352539062,-1.8120614290237427,-1.8089276552200317,-1.8089046478271484,-1.8108694553375244,-1.8144739866256714,-1.819625735282898,-1.8253918886184692,-1.8279229402542114,-1.826756238937378,-1.82151460647583,-1.8131451606750488,-1.800244688987732,-1.7851508855819702,-1.7682905197143555,-1.752722978591919,-1.737138032913208,-1.724367380142212,-1.7139248847961426,-1.7077109813690186,-1.7044769525527954,-1.7048145532608032,-1.7066354751586914,-1.7096130847930908,-1.713914155960083,-1.718761682510376,-1.7236014604568481,-1.727556824684143,-1.730809211730957,-1.7327669858932495,-1.7335342168807983,-1.7329683303833008
-2.069650173187256,-2.0679428577423096,-2.0636656284332275,-2.0575790405273438,-2.050971746444702,-2.0430335998535156,-2.0352535247802734,-2.023874282836914,-2.0108377933502197,-1.9945201873779297,-1.97765052318573,-1.9575145244598389,-1.9375293254852295,-1.9148868322372437,-1.8934627771377563,-1.8751662969589233,-1.8631259202957153,-1.8530267477035522,-1.8465499877929688,-1.8420764207839966,-1.8402503728866577,-1.8425445556640625,-1.848476529121399,-1.852744460105896,-1.8546028137207031,-1.8539161682128906,-1.850794792175293,-1.843753695487976,-1.8341152667999268,-1.8218978643417358,-1.8093641996383667,-1.7958730459213257,-1.7838168144226074,-1.7725435495376587,-1.7640260457992554,-1.758014440536499,-1.7555532455444336,-1.754024863243103,-1.7536710500717163,-1.7541980743408203,-1.7554657459259033,-1.757595181465149,-1.7602171897888184,-1.7626363039016724,-1.7645705938339233,-1.7662214040756226,-1.7675361633300781
-2.0683650970458984,-2.065129518508911,-2.0618197917938232,-2.0587992668151855,-2.056687355041504,-2.0556819438934326,-2.055978298187256,-2.0531363487243652,-2.0476160049438477,-2.037792205810547,-2.0253515243530273,-2.0083954334259033,-1.9899070262908936,-1.9672112464904785,-1.9443384408950806,-1.9227832555770874,-1.906388282775879,-1.8913480043411255,-1.8803387880325317,-1.8716511726379395,-1.8668004274368286,-1.8670927286148071,-1.872450351715088,-1.8780654668807983,-1.8829283714294434,-1.8870593309402466,-1.8896976709365845,-1.8880198001861572,-1.8823436498641968,-1.8742629289627075,-1.8652604818344116,-1.8547165393829346,-1.8445216417312622,-1.8334554433822632,-1.8234989643096924,-1.8153353929519653,-1.8104314804077148,-1.8060013055801392,-1.8028384447097778,-1.8001477718353271,-1.798403263092041,-1.7975409030914307,-1.7977267503738403,-1.7971460819244385,-1.7959697246551514,-1.7951362133026123,-1.7948980331420898
-2.048130750656128,-2.0393784046173096,-2.0345163345336914,-2.0325329303741455,-2.0337979793548584,-2.039212465286255,-2.047802448272705,-2.054903745651245,-2.059234380722046,-2.0585720539093018,-2.0530383586883545,-2.0420339107513428,-2.0275509357452393,-2.0075111389160156,-1.985549807548523,-1.9629056453704834,-1.9436930418014526,-1.925383448600769,-1.9113047122955322,-1.9002466201782227,-1.8942168951034546,-1.8932422399520874,-1.897495150566101,-1.9041370153427124,-1.9119601249694824,-1.9210484027862549,-1.9297590255737305,-1.932959794998169,-1.9300788640975952,-1.9256573915481567,-1.920507550239563,-1.9135425090789795,-1.9060370922088623,-1.8960040807724,-1.8852707147598267,-1.8755348920822144,-1.868557333946228,-1.8617342710494995,-1.8562856912612915,-1.850999355316162,-1.846812129020691,-1.8428577184677124,-1.8398364782333374,-1.8345530033111572,-1.8279591798782349,-1.8218990564346313,-1.817474365234375
-2.0373592376708984,-2.022721767425537,-2.0151207447052,-2.0122411251068115,-2.0148143768310547,-2.0237972736358643,-2.037957191467285,-2.0522241592407227,-2.064466953277588,-2.0718564987182617,-2.0733160972595215,-2.0692083835601807,-2.0602521896362305,-2.044285535812378,-2.0241076946258545,-2.0013961791992188,-1.9802067279815674,-1.959673523902893,-1.9434316158294678,-1.93117094039917,-1.9250129461288452,-1.9238561391830444,-1.9277790784835815,-1.9352343082427979,-1.944887638092041,-1.956699013710022,-1.9688531160354614,-1.9744939804077148,-1.9729359149932861,-1.9702192544937134,-1.9671069383621216,-1.961922526359558,-1.9558929204940796,-1.9464138746261597,-1.9353071451187134,-1.9258407354354858,-1.9194906949996948,-1.9139069318771362,-1.909601092338562,-1.9059572219848633,-1.903051495552063,-1.899311900138855,-1.894938588142395,-1.8867404460906982,-1.8758866786956787,-1.8649407625198364,-1.8557407855987549
-2.044015645980835,-2.025667905807495,-2.0152862071990967,-2.010423421859741,-2.0117733478546143,-2.0208139419555664,-2.035754680633545,-2.052320957183838,-2.067457914352417,-2.079044818878174,-2.085113286972046,-2.086238384246826,-2.0825231075286865,-2.070204019546509,-2.051767587661743,-2.0294761657714844,-2.007434606552124,-1.9858988523483276,-1.9687649011611938,-1.956312656402588,-1.9508357048034668,-1.9503859281539917,-1.955134630203247,-1.9630485773086548,-1.9727070331573486,-1.9843932390213013,-1.995850682258606,-2.001110792160034,-1.9990679025650024,-1.9958845376968384,-1.9920120239257812,-1.9863183498382568,-1.9797031879425049,-1.9700027704238892,-1.9589310884475708,-1.9512269496917725,-1.9484829902648926,-1.9470226764678955,-1.9475346803665161,-1.9488372802734375,-1.9511947631835938,-1.9506736993789673,-1.9477314949035645,-1.939449667930603,-1.9274498224258423,-1.9138953685760498,-1.9011597633361816
-2.0583317279815674,-2.03763484954834,-2.0249953269958496,-2.0175797939300537,-2.016932487487793,-2.0240046977996826,-2.0376620292663574,-2.053654909133911,-2.069119930267334,-2.0825605392456055,-2.091391086578369,-2.0966389179229736,-2.0970330238342285,-2.0880117416381836,-2.0709614753723145,-2.0493593215942383,-2.0270798206329346,-2.005275011062622,-1.9879299402236938,-1.9758743047714233,-1.9712696075439453,-1.9720193147659302,-1.977894902229309,-1.9860502481460571,-1.9949839115142822,-2.004905939102173,-2.014148235321045,-2.017411708831787,-2.014256238937378,-2.0093672275543213,-2.0037646293640137,-1.9962559938430786,-1.9883456230163574,-1.9779828786849976,-1.9671026468276978,-1.9619708061218262,-1.9633228778839111,-1.967530369758606,-1.9733929634094238,-1.9814051389694214,-1.9895944595336914,-1.993931531906128,-1.99325430393219,-1.9865236282348633,-1.9748438596725464,-1.960069179534912,-1.9449794292449951
-2.0770909786224365,-2.0543956756591797,-2.0389862060546875,-2.028589963912964,-2.0250258445739746,-2.0292177200317383,-2.0404365062713623,-2.054713726043701,-2.0695960521698,-2.083747625350952,-2.094867706298828,-2.1032443046569824,-2.107724905014038,-2.1017868518829346,-2.0867183208465576,-2.0667428970336914,-2.045387029647827,-2.0247223377227783,-2.008277654647827,-1.9976119995117188,-1.9945354461669922,-1.9967273473739624,-2.0038163661956787,-2.0120351314544678,-2.0199289321899414,-2.0278520584106445,-2.0343050956726074,-2.035478115081787,-2.0310654640197754,-2.0242834091186523,-2.0163023471832275,-2.00653338432312,-1.996722936630249,-1.9854015111923218,-1.9746369123458862,-1.9719078540802002,-1.97787344455719,-1.9879155158996582,-2.00048565864563,-2.0161592960357666,-2.0323009490966797,-2.043137550354004,-2.0467097759246826,-2.0433106422424316,-2.0333714485168457,-2.0187737941741943,-2.0018951892852783
-2.0989699363708496,-2.0760130882263184,-2.058558702468872,-2.045055627822876,-2.0379016399383545,-2.0376667976379395,-2.044422149658203,-2.054351329803467,-2.0657665729522705,-2.077103614807129,-2.086524248123169,-2.094040870666504,-2.0985898971557617,-2.0939905643463135,-2.081249475479126,-2.0649802684783936,-2.0480544567108154,-2.032135248184204,-2.019930362701416,-2.0129809379577637,-2.012444496154785,-2.0162415504455566,-2.0237033367156982,-2.031454086303711,-2.0381171703338623,-2.0441043376922607,-2.0482800006866455,-2.047863483428955,-2.042855739593506,-2.0343406200408936,-2.023815631866455,-2.011345624923706,-1.9991744756698608,-1.9864000082015991,-1.9753531217575073,-1.9736590385437012,-1.9817590713500977,-1.9959675073623657,-2.0139269828796387,-2.037165880203247,-2.0616326332092285,-2.081268072128296,-2.0925092697143555,-2.0963022708892822,-2.091803550720215,-2.0813090801239014,-2.066500186920166
-2.109278678894043,-2.0893187522888184,-2.07216739654541,-2.0574846267700195,-2.047816038131714,-2.0435895919799805,-2.045428514480591,-2.049299478530884,-2.054419994354248,-2.0587868690490723,-2.0615921020507812,-2.0626447200775146,-2.0617265701293945,-2.055255889892578,-2.044403314590454,-2.033215045928955,-2.02376651763916,-2.0157010555267334,-2.010554552078247,-2.008877754211426,-2.011046886444092,-2.0156636238098145,-2.0219433307647705,-2.0284042358398438,-2.033902168273926,-2.038848400115967,-2.042346239089966,-2.042107582092285,-2.038126230239868,-2.0296249389648438,-2.0180323123931885,-2.004218339920044,-1.9905579090118408,-1.9766712188720703,-1.9650084972381592,-1.96159029006958,-1.967071533203125,-1.9803283214569092,-1.9990720748901367,-2.0254180431365967,-2.054748773574829,-2.0821685791015625,-2.1028237342834473,-2.1162891387939453,-2.120184898376465,-2.1177620887756348,-2.10951566696167
-2.07930064201355,-2.065566062927246,-2.0524020195007324,-2.0409562587738037,-2.032904863357544,-2.0292906761169434,-2.030287504196167,-2.029998302459717,-2.0282022953033447,-2.0247280597686768,-2.020139694213867,-2.0137414932250977,-2.0065877437591553,-1.9973551034927368,-1.9876962900161743,-1.9807181358337402,-1.9778387546539307,-1.9764729738235474,-1.9771162271499634,-1.979015588760376,-1.9820711612701416,-1.9855648279190063,-1.9890416860580444,-1.993041753768921,-1.9969319105148315,-2.0010955333709717,-2.0047802925109863,-2.0068256855010986,-2.006699562072754,-2.0023436546325684,-1.9941704273223877,-1.9836246967315674,-1.9721767902374268,-1.959563970565796,-1.9478342533111572,-1.9407789707183838,-1.9397822618484497,-1.9466924667358398,-1.9606417417526245,-1.983320951461792,-2.011171579360962,-2.041940450668335,-2.070479154586792,-2.0922436714172363,-2.103525400161743,-2.108757734298706,-2.107189416885376
-2.0245420932769775,-2.0170657634735107,-2.009768486022949,-2.0037810802459717,-2.0006542205810547,-2.0011775493621826,-2.0056724548339844,-2.00443172454834,-1.9977295398712158,-1.989038348197937,-1.9796675443649292,-1.9686533212661743,-1.9577769041061401,-1.946722388267517,-1.9374059438705444,-1.9323641061782837,-1.9325677156448364,-1.9342111349105835,-1.937074065208435,-1.9397128820419312,-1.9415979385375977,-1.942891001701355,-1.9431639909744263,-1.9446438550949097,-1.9468826055526733,-1.9504368305206299,-1.9546235799789429,-1.9595659971237183,-1.964590072631836,-1.9661659002304077,-1.9644863605499268,-1.959747076034546,-1.9533075094223022,-1.9434998035430908,-1.9323583841323853,-1.9218696355819702,-1.9137074947357178,-1.9130069017410278,-1.9193171262741089,-1.9349955320358276,-1.956581950187683,-1.9863892793655396,-2.0187759399414062,-2.0447070598602295,-2.0596108436584473,-2.068910598754883,-2.0710713863372803
-1.967241883277893,-1.9655237197875977,-1.9633972644805908,-1.9634557962417603,-1.9652345180511475,-1.971171259880066,-1.9797825813293457,-1.979193091392517,-1.969459891319275,-1.9572792053222656,-1.945123314857483,-1.931220531463623,-1.9183149337768555,-1.9060735702514648,-1.8968082666397095,-1.8925416469573975,-1.8939861059188843,-1.8966875076293945,-1.9000729322433472,-1.9020625352859497,-1.9023430347442627,-1.901070237159729,-1.8986716270446777,-1.8977197408676147,-1.8985776901245117,-1.9015382528305054,-1.9061168432235718,-1.9139275550842285,-1.9233404397964478,-1.9312283992767334,-1.9356803894042969,-1.9375848770141602,-1.9360865354537964,-1.9297391176223755,-1.9194238185882568,-1.9060020446777344,-1.8921254873275757,-1.8838797807693481,-1.8833292722702026,-1.890989065170288,-1.9060717821121216,-1.9328685998916626,-1.9667415618896484,-1.9945000410079956,-2.0109636783599854,-2.0223681926727295,-2.026477098464966
-1.8892569541931152,-1.8932900428771973,-1.897248387336731,-1.903207778930664,-1.9104018211364746,-1.9210000038146973,-1.9334461688995361,-1.9337942600250244,-1.9219725131988525,-1.9074516296386719,-1.8925390243530273,-1.876007080078125,-1.8606834411621094,-1.8480281829833984,-1.840175986289978,-1.8378944396972656,-1.8414669036865234,-1.8457920551300049,-1.8500561714172363,-1.8515034914016724,-1.8498239517211914,-1.845274567604065,-1.8386561870574951,-1.8336411714553833,-1.8312504291534424,-1.8315393924713135,-1.8347176313400269,-1.8439902067184448,-1.8580093383789062,-1.8727222681045532,-1.8856918811798096,-1.8964213132858276,-1.9029799699783325,-1.9030749797821045,-1.8964406251907349,-1.8822805881500244,-1.8627177476882935,-1.8475329875946045,-1.8390320539474487,-1.8381987810134888,-1.8448578119277954,-1.8668256998062134,-1.9002156257629395,-1.9288498163223267,-1.9477450847625732,-1.9623116254806519,-1.9698559045791626
