earth/public/data/ocean/C53/ANN-vosaline-depthz-2000m-gfs-1.0.json
{"header": {"discipline": 0, "disciplineName": "Meteorological products", "gribEdition": 2, "gribLength": 131138.0, "center": 0, "centerName": "Kiel Climate Model", "subcenter": 0, "refTime": "1", "significanceOfRT": 1, "significanceOfRTName": "Start of forecast", "productStatus": 0, "productStatusName": "Operational products", "productType": 1, "productTypeName": "Forecast products", "productDefinitionTemplate": 0, "productDefinitionTemplateName": "Analysis/forecast at horizontal level/layer at a point in time", "parameterCategory": 2, "parameterCategoryName": "Momentum", "parameterNumber": 2, "parameterNumberName": "U-component_of_wind", "parameterUnit": "PSU", "genProcessType": 2, "genProcessTypeName": "Forecast", "forecastTime": 0, "surface1Type": 103, "surface1TypeName": "Specified height level above ground", "surface1Value": 10, "surface2Type": 255, "surface2TypeName": "Missing", "surface2Value": 0, "gridDefinitionTemplate": 0, "gridDefinitionTemplateName": "Latitude_Longitude", "numberPoints": 65160, "shape": 6, "shapeName": "Earth spherical with radius of 6,371,229.0 m", "gridUnits": "degrees", "resolution": 48, "winds": "true", "scanMode": 0, "nx": 360.0, "ny": 180.0, "basicAngle": 0, "subDivisions": 0, "lo1": 0.0, "la1": -89.5, "lo2": 359.0, "la2": 89.5, "dx": 1.0, "dy": -1.0}, "data":
[rows 22 to 43 of 180, columns 204 to 254 of 360]
34.76372528076172,34.7642936706543,34.7647819519043,34.765289306640625,34.765724182128906,34.76616668701172,34.76654052734375,34.76692199707031,34.76724624633789,34.76757049560547,34.767845153808594,34.768131256103516,34.76837158203125,34.76862716674805,34.76884841918945,34.76908874511719,34.76930236816406,34.7695426940918,34.76976776123047,34.77002716064453,34.77028274536133,34.77057647705078,34.77085876464844,34.771183013916016,34.771484375,34.77182388305664,34.77212905883789,34.77246856689453,34.77277374267578,34.77311325073242,34.7734260559082,34.77377700805664,34.77409744262695,34.77445602416992,34.7747802734375,34.77513885498047,34.77545928955078,34.77581787109375,34.77614212036133,34.776519775390625,34.77687454223633,34.77729034423828,34.77768325805664,34.77812957763672,34.778541564941406,34.778995513916016,34.7794075012207,34.77986526489258,34.78028869628906,34.78078079223633,34.78125
34.76351547241211,34.76414489746094,34.76469039916992,34.7652473449707,34.76572036743164,34.766197204589844,34.766597747802734,34.76699447631836,34.7673225402832,34.76765060424805,34.76791763305664,34.768184661865234,34.76840591430664,34.76863098144531,34.768821716308594,34.76902389526367,34.769203186035156,34.7693977355957,34.76957321166992,34.76978302001953,34.769989013671875,34.77023696899414,34.770477294921875,34.7707633972168,34.77104187011719,34.7713508605957,34.771644592285156,34.7719612121582,34.772247314453125,34.77256393432617,34.77284622192383,34.773162841796875,34.77345275878906,34.773773193359375,34.77406311035156,34.774383544921875,34.7746696472168,34.77499008178711,34.77528381347656,34.77561950683594,34.775936126708984,34.77629852294922,34.776641845703125,34.77701950073242,34.777366638183594,34.777748107910156,34.7780876159668,34.778480529785156,34.778846740722656,34.7792854309082,34.779720306396484
34.7645378112793,34.765174865722656,34.76572036743164,34.76628112792969,34.766754150390625,34.767234802246094,34.767635345458984,34.768028259277344,34.76834487915039,34.76865005493164,34.768890380859375,34.76912307739258,34.76930236816406,34.76948165893555,34.769622802734375,34.769771575927734,34.7698974609375,34.77003860473633,34.770164489746094,34.770320892333984,34.77047348022461,34.77066421508789,34.770851135253906,34.771080017089844,34.77130889892578,34.771575927734375,34.77183151245117,34.77211380004883,34.77237319946289,34.77265930175781,34.77291488647461,34.7732048034668,34.77346420288086,34.77375793457031,34.774024963378906,34.77432632446289,34.774600982666016,34.77490997314453,34.77519607543945,34.7755241394043,34.77583312988281,34.776180267333984,34.77650451660156,34.77686309814453,34.777191162109375,34.77754592895508,34.777870178222656,34.77824401855469,34.778602600097656,34.77902603149414,34.77944564819336
34.7669792175293,34.76755905151367,34.768062591552734,34.76858901977539,34.76904296875,34.769508361816406,34.769901275634766,34.77028274536133,34.770591735839844,34.77088165283203,34.77109909057617,34.77130126953125,34.771446228027344,34.771583557128906,34.77168273925781,34.771785736083984,34.77186584472656,34.77196502685547,34.772056579589844,34.77217483520508,34.77229309082031,34.77244567871094,34.77259826660156,34.77279281616211,34.77298355102539,34.77321243286133,34.77342987060547,34.77367401123047,34.77389907836914,34.774147033691406,34.774375915527344,34.77462387084961,34.77485275268555,34.775108337402344,34.77534866333008,34.7756233215332,34.77587890625,34.77617263793945,34.776451110839844,34.776763916015625,34.777061462402344,34.77739334106445,34.77770233154297,34.77804183959961,34.77834701538086,34.7786865234375,34.778995513916016,34.77934646606445,34.77967834472656,34.78006362915039,34.78043746948242
34.770606994628906,34.77109146118164,34.77151870727539,34.771976470947266,34.77238082885742,34.77280807495117,34.7731819152832,34.7735481262207,34.77384948730469,34.77412796020508,34.77434158325195,34.77452850341797,34.774662017822266,34.774784088134766,34.77486801147461,34.77495574951172,34.775028228759766,34.77511978149414,34.775211334228516,34.775333404541016,34.77545928955078,34.7756233215332,34.775787353515625,34.7759895324707,34.77618408203125,34.77640914916992,34.7766227722168,34.776851654052734,34.777061462402344,34.777286529541016,34.77748489379883,34.777706146240234,34.77790069580078,34.77812194824219,34.778324127197266,34.778560638427734,34.778785705566406,34.77904510498047,34.779293060302734,34.779571533203125,34.77983474731445,34.78012466430664,34.7803955078125,34.78068542480469,34.780948638916016,34.78123092651367,34.78148651123047,34.78177261352539,34.78203201293945,34.782325744628906,34.7825927734375
34.77419662475586,34.77458190917969,34.77492904663086,34.77531051635742,34.77565383911133,34.776023864746094,34.7763557434082,34.77669143676758,34.77696990966797,34.7772331237793,34.777435302734375,34.77762222290039,34.77775955200195,34.77788543701172,34.77798080444336,34.77808380126953,34.778175354003906,34.77829360961914,34.778419494628906,34.77857971191406,34.77874755859375,34.77895736694336,34.7791633605957,34.77940368652344,34.77963638305664,34.7798957824707,34.78013229370117,34.7803840637207,34.78060531616211,34.78083801269531,34.78103256225586,34.78124237060547,34.78142166137695,34.781620025634766,34.78179931640625,34.78200149536133,34.78219223022461,34.782413482666016,34.78261947631836,34.7828483581543,34.78306198120117,34.78329086303711,34.78349685668945,34.78371810913086,34.78390884399414,34.78411102294922,34.78428649902344,34.78446960449219,34.78463363647461,34.78479766845703,34.78493881225586
34.777488708496094,34.77778625488281,34.778053283691406,34.778350830078125,34.778621673583984,34.7789192199707,34.77919006347656,34.77946472167969,34.779701232910156,34.77992630004883,34.78010177612305,34.780269622802734,34.780399322509766,34.78052520751953,34.7806282043457,34.78074645996094,34.78086471557617,34.7810173034668,34.78117370605469,34.781375885009766,34.78158187866211,34.78182601928711,34.782073974609375,34.782352447509766,34.78261947631836,34.78290939331055,34.783172607421875,34.783447265625,34.783687591552734,34.783931732177734,34.78413772583008,34.78435134887695,34.78452682495117,34.78471755981445,34.78487777709961,34.785057067871094,34.785221099853516,34.785400390625,34.78556442260742,34.78574752807617,34.78590774536133,34.786075592041016,34.78622055053711,34.7863655090332,34.78648376464844,34.786598205566406,34.786685943603516,34.786766052246094,34.78681945800781,34.786861419677734,34.7868766784668
34.781097412109375,34.78129959106445,34.78147888183594,34.78167724609375,34.7818603515625,34.782066345214844,34.782249450683594,34.782440185546875,34.7826042175293,34.78276443481445,34.78289031982422,34.78301239013672,34.78311538696289,34.78321838378906,34.78330612182617,34.783416748046875,34.78353500366211,34.78369140625,34.78386306762695,34.78407287597656,34.7842903137207,34.7845458984375,34.7848014831543,34.78508758544922,34.78535842895508,34.785648345947266,34.78590774536133,34.78617858886719,34.78641128540039,34.78664779663086,34.78684616088867,34.787044525146484,34.78721237182617,34.78738021850586,34.78752136230469,34.78767395019531,34.787803649902344,34.78794479370117,34.78806686401367,34.7881965637207,34.78831100463867,34.788421630859375,34.788509368896484,34.7885856628418,34.788639068603516,34.78866958618164,34.788673400878906,34.78865432739258,34.78860855102539,34.78852844238281,34.788429260253906
34.7850456237793,34.7851448059082,34.78522491455078,34.785316467285156,34.785400390625,34.78548812866211,34.78557205200195,34.7856559753418,34.78572463989258,34.785789489746094,34.78584289550781,34.7859001159668,34.785945892333984,34.78599548339844,34.78604507446289,34.7861213684082,34.78621292114258,34.78634262084961,34.786495208740234,34.78668212890625,34.78688049316406,34.787113189697266,34.7873420715332,34.787593841552734,34.78782653808594,34.7880744934082,34.788291931152344,34.788516998291016,34.78870391845703,34.78889465332031,34.78905487060547,34.78921127319336,34.789337158203125,34.789466857910156,34.78956985473633,34.789676666259766,34.78976821899414,34.789859771728516,34.78993606567383,34.79001235961914,34.790069580078125,34.790122985839844,34.79015350341797,34.790164947509766,34.79015350341797,34.79011154174805,34.79004669189453,34.789939880371094,34.78981018066406,34.789634704589844,34.7894401550293
34.78938674926758,34.78936767578125,34.789344787597656,34.78931427001953,34.78928756713867,34.78925323486328,34.78921890258789,34.78917694091797,34.78913497924805,34.78908920288086,34.7890510559082,34.78900909423828,34.788978576660156,34.7889518737793,34.788936614990234,34.78895568847656,34.788997650146484,34.78908157348633,34.789188385009766,34.78933334350586,34.789485931396484,34.78966522216797,34.78984069824219,34.7900276184082,34.790191650390625,34.79036331176758,34.790504455566406,34.7906379699707,34.790748596191406,34.79085159301758,34.790931701660156,34.79100799560547,34.79106140136719,34.791114807128906,34.79115295410156,34.79118728637695,34.79121398925781,34.79124069213867,34.791255950927734,34.791263580322266,34.79126739501953,34.79125213623047,34.79122543334961,34.791168212890625,34.79109573364258,34.79098129272461,34.79084777832031,34.7906608581543,34.790462493896484,34.79021072387695,34.78995132446289
34.79420471191406,34.79405975341797,34.79391860961914,34.793758392333984,34.79361343383789,34.7934455871582,34.79328918457031,34.79311752319336,34.79296112060547,34.792789459228516,34.792640686035156,34.79248809814453,34.7923583984375,34.792232513427734,34.792137145996094,34.792076110839844,34.79205322265625,34.79206848144531,34.79212188720703,34.79220199584961,34.792293548583984,34.79240417480469,34.79250717163086,34.792606353759766,34.79268264770508,34.792747497558594,34.792789459228516,34.79281997680664,34.792823791503906,34.792816162109375,34.792789459228516,34.79275131225586,34.792701721191406,34.79264450073242,34.79258346557617,34.79251480102539,34.79245376586914,34.792381286621094,34.79231643676758,34.79224395751953,34.79217529296875,34.79208755493164,34.791996002197266,34.7918701171875,34.7917366027832,34.79154968261719,34.79134750366211,34.79109191894531,34.790828704833984,34.7905158996582,34.79021072387695
34.79801559448242,34.79777145385742,34.79753875732422,34.79728317260742,34.79704666137695,34.79677963256836,34.79653549194336,34.796268463134766,34.7960205078125,34.79576110839844,34.795528411865234,34.795284271240234,34.79507064819336,34.794864654541016,34.794700622558594,34.7945671081543,34.794490814208984,34.79444885253906,34.79444885253906,34.79447555541992,34.79452133178711,34.79457092285156,34.79461669921875,34.79464340209961,34.79464340209961,34.79462432861328,34.794586181640625,34.79452896118164,34.794456481933594,34.79435729980469,34.794246673583984,34.79411697387695,34.79397964477539,34.793827056884766,34.793678283691406,34.79351806640625,34.79337692260742,34.7932243347168,34.793087005615234,34.79294204711914,34.79281234741211,34.792667388916016,34.79252624511719,34.79235076904297,34.79216766357422,34.79193115234375,34.79167938232422,34.79137420654297,34.79106521606445,34.790714263916016,34.79037857055664
34.80108642578125,34.800758361816406,34.80046081542969,34.80012512207031,34.79982376098633,34.79948425292969,34.79917907714844,34.7988395690918,34.79853820800781,34.79821014404297,34.79792022705078,34.797607421875,34.797332763671875,34.797054290771484,34.79682922363281,34.79663848876953,34.796512603759766,34.79641342163086,34.79637145996094,34.796348571777344,34.796348571777344,34.79635238647461,34.79635238647461,34.79632568359375,34.79627990722656,34.796199798583984,34.796112060546875,34.795989990234375,34.795860290527344,34.795692443847656,34.79552459716797,34.795318603515625,34.79511260986328,34.79487991333008,34.79466247558594,34.794429779052734,34.794227600097656,34.794010162353516,34.7938232421875,34.79362106323242,34.7934455871582,34.793251037597656,34.79307174682617,34.79285430908203,34.79263687133789,34.7923583984375,34.79207229614258,34.791725158691406,34.791385650634766,34.7910041809082,34.7906494140625
34.80607604980469,34.80562973022461,34.805213928222656,34.80476379394531,34.804359436035156,34.80391311645508,34.80350875854492,34.803070068359375,34.80268096923828,34.8022575378418,34.80187225341797,34.80145263671875,34.80106735229492,34.80068588256836,34.80036544799805,34.80007553100586,34.79985809326172,34.79966735839844,34.799537658691406,34.7994270324707,34.79935073852539,34.79927444458008,34.79920959472656,34.79912185668945,34.79902267456055,34.79888916015625,34.79874038696289,34.79854965209961,34.798343658447266,34.79808807373047,34.79783248901367,34.797523498535156,34.79722213745117,34.796878814697266,34.79655838012695,34.79621505737305,34.79591751098633,34.79560470581055,34.79533004760742,34.795047760009766,34.79480743408203,34.7945442199707,34.79430389404297,34.79402542114258,34.79375457763672,34.793418884277344,34.7930793762207,34.79267501831055,34.79228210449219,34.79185104370117,34.79145812988281
34.813636779785156,34.813011169433594,34.812435150146484,34.81181335449219,34.811256408691406,34.81064987182617,34.81010437011719,34.80951690673828,34.808990478515625,34.80841827392578,34.807899475097656,34.80732727050781,34.80679702758789,34.80625915527344,34.80580520629883,34.80535888671875,34.80500030517578,34.804656982421875,34.80439376831055,34.80413818359375,34.80393981933594,34.80373764038086,34.80357360839844,34.80339431762695,34.803226470947266,34.80302429199219,34.802818298339844,34.802547454833984,34.80226516723633,34.801918029785156,34.80156707763672,34.80115509033203,34.800750732421875,34.80029296875,34.79985809326172,34.79939270019531,34.798973083496094,34.798526763916016,34.79813003540039,34.797725677490234,34.79738235473633,34.79701614379883,34.796695709228516,34.79632568359375,34.79597854614258,34.79555892944336,34.79515075683594,34.79467010498047,34.79420852661133,34.793701171875,34.79323959350586
34.822509765625,34.821685791015625,34.82093811035156,34.820133209228516,34.81941604614258,34.81863784790039,34.81793212890625,34.81717300415039,34.81649398803711,34.815757751464844,34.81509780883789,34.814353942871094,34.813663482666016,34.812950134277344,34.812339782714844,34.81171798706055,34.81119918823242,34.8106689453125,34.81022644042969,34.809791564941406,34.8094367980957,34.80908203125,34.80879592895508,34.808502197265625,34.80825424194336,34.8079719543457,34.807708740234375,34.80738830566406,34.80706787109375,34.80666732788086,34.806270599365234,34.8057975769043,34.80533981323242,34.8048210144043,34.804325103759766,34.80378341674805,34.80329132080078,34.80275344848633,34.80226135253906,34.80175018310547,34.801307678222656,34.80083084106445,34.800411224365234,34.79993438720703,34.79949188232422,34.79898452758789,34.79850387573242,34.79793930053711,34.79739761352539,34.79679870605469,34.79624557495117
34.83274459838867,34.83171463012695,34.83079147338867,34.829803466796875,34.82892608642578,34.82796859741211,34.82710266113281,34.82616424560547,34.825321197509766,34.82441711425781,34.823612213134766,34.822696685791016,34.82182693481445,34.8209114074707,34.82011413574219,34.819297790527344,34.81861114501953,34.817893981933594,34.81726837158203,34.816619873046875,34.81606674194336,34.81550979614258,34.81505584716797,34.814598083496094,34.81422805786133,34.8138427734375,34.813514709472656,34.81313705444336,34.81277847290039,34.812347412109375,34.811927795410156,34.811439514160156,34.81097412109375,34.810447692871094,34.8099479675293,34.80938720703125,34.808868408203125,34.80828857421875,34.80775451660156,34.80717468261719,34.80665588378906,34.806095123291016,34.80559539794922,34.80503463745117,34.80451202392578,34.803916931152344,34.8033561706543,34.80270004272461,34.80207061767578,34.801353454589844,34.80067443847656
34.84092712402344,34.839752197265625,34.838706970214844,34.83758544921875,34.83659362792969,34.83551025390625,34.83452606201172,34.833457946777344,34.83249282836914,34.83146667480469,34.8305549621582,34.82950973510742,34.828514099121094,34.82743835449219,34.82647705078125,34.82551193237305,34.824710845947266,34.8238639831543,34.823116302490234,34.82230758666992,34.82157897949219,34.82084274291992,34.82021713256836,34.81961441040039,34.81912612915039,34.81864929199219,34.818260192871094,34.81782913208008,34.81742477416992,34.81696701049805,34.816532135009766,34.81604766845703,34.81560134887695,34.81509780883789,34.81462478637695,34.81407165527344,34.813541412353516,34.81294631958008,34.81239700317383,34.81178665161133,34.811222076416016,34.81062316894531,34.81009292602539,34.80949783325195,34.8089485168457,34.80830383300781,34.80768585205078,34.80696487426758,34.8062744140625,34.80546188354492,34.80467987060547
34.84727096557617,34.84600067138672,34.844879150390625,34.843666076660156,34.842594146728516,34.8414192199707,34.840362548828125,34.83919906616211,34.83815383911133,34.83702850341797,34.836036682128906,34.834903717041016,34.833839416503906,34.832664489746094,34.831600189208984,34.83051300048828,34.82961654663086,34.82865524291992,34.827816009521484,34.82688903808594,34.826045989990234,34.825172424316406,34.82443618774414,34.823699951171875,34.823116302490234,34.82253646850586,34.82207489013672,34.821571350097656,34.82111740112305,34.82061004638672,34.820152282714844,34.81964874267578,34.819190979003906,34.818687438964844,34.818233489990234,34.81770706176758,34.817203521728516,34.81663131713867,34.816097259521484,34.815486907958984,34.814918518066406,34.81429672241211,34.81374740600586,34.81312942504883,34.81256103515625,34.811893463134766,34.811248779296875,34.81050109863281,34.809783935546875,34.80892562866211,34.808082580566406
34.85667037963867,34.85527801513672,34.854042053222656,34.85270690917969,34.85151290893555,34.8502082824707,34.84903335571289,34.84773635864258,34.8465576171875,34.84528350830078,34.84415054321289,34.84288787841797,34.84171676635742,34.840423583984375,34.8392333984375,34.83799362182617,34.83692932128906,34.83578872680664,34.834774017333984,34.83367156982422,34.832679748535156,34.83164978027344,34.83076858520508,34.829891204833984,34.829166412353516,34.828426361083984,34.827796936035156,34.82713317871094,34.82655715942383,34.825950622558594,34.82543182373047,34.82487106323242,34.82437515258789,34.82387161254883,34.82345199584961,34.82297134399414,34.82251739501953,34.821990966796875,34.82149124145508,34.8209114074707,34.82035446166992,34.81975555419922,34.8192138671875,34.818599700927734,34.818016052246094,34.817325592041016,34.816646575927734,34.81584930419922,34.81508255004883,34.81414794921875,34.8132209777832
34.869117736816406,34.867557525634766,34.86616516113281,34.864646911621094,34.863277435302734,34.86178207397461,34.860435485839844,34.858943939208984,34.85757827758789,34.85609817504883,34.854766845703125,34.853302001953125,34.851966857910156,34.850494384765625,34.849151611328125,34.84772491455078,34.84647750854492,34.84511947631836,34.843894958496094,34.842559814453125,34.84135818481445,34.84012222290039,34.83906555175781,34.83798599243164,34.83707046508789,34.83606719970703,34.83516311645508,34.83423614501953,34.83345413208008,34.83270263671875,34.83210754394531,34.83154296875,34.83110046386719,34.83069610595703,34.83039855957031,34.82999038696289,34.829551696777344,34.829002380371094,34.82844924926758,34.827850341796875,34.82731246948242,34.82676315307617,34.82630157470703,34.82573318481445,34.825164794921875,34.8244514465332,34.823726654052734,34.822845458984375,34.821964263916016,34.82088851928711,34.81981658935547
34.877967834472656,34.87628173828125,34.8747673034668,34.873104095458984,34.8715934753418,34.86994934082031,34.868465423583984,34.86682891845703,34.865325927734375,34.86368942260742,34.86220932006836,34.860591888427734,34.8591194152832,34.857513427734375,34.856056213378906,34.85451889038086,34.853172302246094,34.851680755615234,34.850311279296875,34.84881591796875,34.84746551513672,34.8460807800293,34.84490966796875,34.84367370605469,34.84259033203125,34.84136199951172,34.84020233154297,34.83905792236328,34.83811569213867,34.837257385253906,34.83663558959961,34.83612060546875,34.835811614990234,34.835548400878906,34.83538818359375,34.835044860839844,34.83458709716797,34.8339729309082,34.83330154418945,34.832637786865234,34.83209228515625,34.83157730102539,34.8311882019043,34.83066940307617,34.830108642578125,34.829383850097656,34.82862854003906,34.827674865722656,34.82669448852539,34.82550811767578,34.82432174682617
