earth/public/data/ocean/C53/ANN-votemper-depthz-2000m-gfs-1.0.json
{"header": {"discipline": 0, "disciplineName": "Meteorological products", "gribEdition": 2, "gribLength": 131138.0, "center": 0, "centerName": "Kiel Climate Model", "subcenter": 0, "refTime": "1", "significanceOfRT": 1, "significanceOfRTName": "Start of forecast", "productStatus": 0, "productStatusName": "Operational products", "productType": 1, "productTypeName": "Forecast products", "productDefinitionTemplate": 0, "productDefinitionTemplateName": "Analysis/forecast at horizontal level/layer at a point in time", "parameterCategory": 2, "parameterCategoryName": "Momentum", "parameterNumber": 2, "parameterNumberName": "U-component_of_wind", "parameterUnit": "C", "genProcessType": 2, "genProcessTypeName": "Forecast", "forecastTime": 0, "surface1Type": 103, "surface1TypeName": "Specified height level above ground", "surface1Value": 10, "surface2Type": 255, "surface2TypeName": "Missing", "surface2Value": 0, "gridDefinitionTemplate": 0, "gridDefinitionTemplateName": "Latitude_Longitude", "numberPoints": 65160, "shape": 6, "shapeName": "Earth spherical with radius of 6,371,229.0 m", "gridUnits": "degrees", "resolution": 48, "winds": "true", "scanMode": 0, "nx": 360.0, "ny": 180.0, "basicAngle": 0, "subDivisions": 0, "lo1": 0.0, "la1": -89.5, "lo2": 359.0, "la2": 89.5, "dx": 1.0, "dy": -1.0}, "data":
[rows 46 to 68 of 180, columns 255 to 305 of 360]
6.723711967468262,6.718959331512451,6.713295936584473,6.707742214202881,6.701528549194336,6.692371368408203,6.683017253875732,6.676173210144043,6.669982433319092,6.66337251663208,6.657576084136963,6.651491165161133,6.646225452423096,6.6401824951171875,6.634466171264648,6.627630710601807,6.6209187507629395,6.613212585449219,6.605897426605225,6.597809314727783,6.59040641784668,6.582630157470703,6.575878143310547,6.569495677947998,6.564611911773682,6.560329914093018,6.557381629943848,6.554315090179443,6.551629066467285,6.548615455627441,6.545773029327393,6.542929172515869,6.540574073791504,6.538262844085693,6.536401271820068,6.534612655639648,6.533209800720215,6.531671524047852,6.5302534103393555,6.528563499450684,6.526859283447266,6.525064945220947,6.523446559906006,6.521751403808594,6.520233631134033,6.518357753753662,6.51641321182251,6.5137200355529785,6.510713577270508,6.506556510925293,6.501955509185791
6.726573467254639,6.721689701080322,6.715612411499023,6.709500789642334,6.7032599449157715,6.695221900939941,6.687186241149902,6.6813788414001465,6.675905704498291,6.669854164123535,6.664271354675293,6.6582932472229,6.652992248535156,6.647047519683838,6.641530990600586,6.634840965270996,6.628172397613525,6.620449066162109,6.613061428070068,6.604924201965332,6.597511291503906,6.589664459228516,6.582804203033447,6.576175212860107,6.570988655090332,6.566180229187012,6.562657356262207,6.558928489685059,6.555712699890137,6.552239418029785,6.549161434173584,6.5460944175720215,6.54360294342041,6.54114294052124,6.5391693115234375,6.537210941314697,6.535637378692627,6.533722877502441,6.5318474769592285,6.52951717376709,6.527202606201172,6.5246758460998535,6.5224456787109375,6.520024299621582,6.51790714263916,6.515296936035156,6.512728214263916,6.509343147277832,6.5058088302612305,6.50113582611084,6.4962029457092285
6.720795631408691,6.714957237243652,6.708222389221191,6.701771259307861,6.6958770751953125,6.689431190490723,6.68327522277832,6.678836345672607,6.674566268920898,6.66949462890625,6.664536952972412,6.658993244171143,6.653844833374023,6.648148536682129,6.642927169799805,6.636610984802246,6.6303510665893555,6.622972011566162,6.615801811218262,6.607837677001953,6.600516319274902,6.592789173126221,6.586058139801025,6.579422473907471,6.574075222015381,6.568901538848877,6.564809799194336,6.560606479644775,6.557015895843506,6.553304672241211,6.550126552581787,6.546945571899414,6.544335842132568,6.541743755340576,6.539637088775635,6.537370681762695,6.535365104675293,6.532770156860352,6.5300750732421875,6.526946544647217,6.523950099945068,6.520668029785156,6.517678260803223,6.514420032501221,6.511465072631836,6.507956504821777,6.504508972167969,6.500403881072998,6.496361255645752,6.491298198699951,6.486117362976074
6.711177349090576,6.7040581703186035,6.696859836578369,6.69088077545166,6.685732841491699,6.680943489074707,6.676429748535156,6.673223495483398,6.6701273918151855,6.666064739227295,6.661833763122559,6.656843185424805,6.652042388916016,6.646651268005371,6.641671657562256,6.6357197761535645,6.629897594451904,6.6229248046875,6.6160969734191895,6.608354091644287,6.601121425628662,6.593524932861328,6.586954593658447,6.580376625061035,6.5749945640563965,6.56960391998291,6.565184116363525,6.560680866241455,6.556910991668701,6.553049087524414,6.5497965812683105,6.546517848968506,6.543804168701172,6.541091442108154,6.538867473602295,6.536254405975342,6.53370475769043,6.530353546142578,6.526760578155518,6.522846698760986,6.5192790031433105,6.515323162078857,6.511667251586914,6.507663249969482,6.504004955291748,6.499701499938965,6.495499610900879,6.490791320800781,6.486408710479736,6.4810380935668945,6.475645065307617
6.695769786834717,6.687746047973633,6.6805877685546875,6.675580024719238,6.671591281890869,6.66799783706665,6.664451599121094,6.662043571472168,6.659887313842773,6.656868934631348,6.653438568115234,6.6493330001831055,6.645206451416016,6.6404032707214355,6.635730266571045,6.630131721496582,6.624591827392578,6.617969989776611,6.611444473266602,6.603969573974609,6.596880912780762,6.589433670043945,6.582967758178711,6.5764923095703125,6.571177005767822,6.565877914428711,6.561544895172119,6.557139873504639,6.553447246551514,6.549615383148193,6.5463361740112305,6.5430521965026855,6.5403571128845215,6.537603855133057,6.535293102264404,6.532360076904297,6.52936315536499,6.525388240814209,6.521203994750977,6.516783714294434,6.512964248657227,6.508657455444336,6.504668235778809,6.500358581542969,6.496523857116699,6.492001533508301,6.487610816955566,6.482847690582275,6.4785614013671875,6.473197937011719,6.4677205085754395
6.660651683807373,6.651940822601318,6.645249366760254,6.641765594482422,6.639641284942627,6.638498306274414,6.636892795562744,6.635846138000488,6.635305881500244,6.634198188781738,6.632697105407715,6.6306047439575195,6.628243446350098,6.624929428100586,6.621217250823975,6.616408348083496,6.61134672164917,6.605146884918213,6.598938941955566,6.591822624206543,6.5851006507873535,6.577972412109375,6.571722507476807,6.565484523773193,6.560375213623047,6.55543327331543,6.551540374755859,6.547484397888184,6.5439958572387695,6.540270805358887,6.536984920501709,6.533780097961426,6.531235218048096,6.528411388397217,6.5258307456970215,6.522424221038818,6.518815040588379,6.514200210571289,6.509395122528076,6.504540920257568,6.500497341156006,6.495950698852539,6.491705894470215,6.4873576164245605,6.483670711517334,6.479315280914307,6.4750657081604,6.470593452453613,6.466710567474365,6.461630821228027,6.456264972686768
6.620483875274658,6.6115031242370605,6.605403423309326,6.60333776473999,6.603157043457031,6.604964733123779,6.605915069580078,6.606403350830078,6.607419967651367,6.608340740203857,6.609124183654785,6.609302043914795,6.608992576599121,6.60737419128418,6.604855060577393,6.600966930389404,6.596479892730713,6.590693473815918,6.584681510925293,6.577881813049316,6.571545124053955,6.5647807121276855,6.55884313583374,6.552921772003174,6.548117160797119,6.543609142303467,6.540247917175293,6.536573886871338,6.5332794189453125,6.529666900634766,6.5263991355896,6.523284912109375,6.520895957946777,6.51795768737793,6.514993667602539,6.511099338531494,6.506953239440918,6.501798629760742,6.496551036834717,6.491362571716309,6.487165927886963,6.482476234436035,6.478146076202393,6.473870754241943,6.470440864562988,6.466325759887695,6.462292671203613,6.4581193923950195,6.454582214355469,6.449838638305664,6.444775104522705
6.5850138664245605,6.576685905456543,6.571174144744873,6.5694355964660645,6.569879055023193,6.57338285446167,6.576398849487305,6.57871675491333,6.581145286560059,6.584049701690674,6.586726665496826,6.589183330535889,6.5907793045043945,6.591065883636475,6.589817047119141,6.587007522583008,6.5830488204956055,6.5776262283325195,6.571692943572998,6.565064430236816,6.558934688568115,6.552487850189209,6.546873092651367,6.541395664215088,6.537008762359619,6.533028602600098,6.530130863189697,6.526830673217773,6.523695468902588,6.52021598815918,6.5170111656188965,6.513970375061035,6.511641979217529,6.508603096008301,6.505410671234131,6.501221179962158,6.496811389923096,6.491490364074707,6.486229419708252,6.481000900268555,6.47675085067749,6.472082138061523,6.467841148376465,6.463831424713135,6.460755348205566,6.457077503204346,6.453420162200928,6.449540615081787,6.446117401123047,6.4417572021484375,6.437218189239502
6.534733772277832,6.527987480163574,6.522831439971924,6.520269393920898,6.519512176513672,6.522705554962158,6.526913166046143,6.531613349914551,6.536734580993652,6.542717933654785,6.548475742340088,6.5544257164001465,6.559475898742676,6.563098907470703,6.564597129821777,6.563846588134766,6.560938835144043,6.556300163269043,6.550741672515869,6.544460296630859,6.538576126098633,6.53257417678833,6.5275421142578125,6.522918701171875,6.519529342651367,6.516498565673828,6.5143632888793945,6.511650085449219,6.508849143981934,6.505679607391357,6.5027055740356445,6.49977970123291,6.4974284172058105,6.494304180145264,6.490973472595215,6.486612796783447,6.481999397277832,6.47675085067749,6.471802234649658,6.4668965339660645,6.462888717651367,6.458561897277832,6.454659461975098,6.451067924499512,6.4484477043151855,6.445371150970459,6.44243049621582,6.439008712768555,6.435730457305908,6.432023525238037,6.428555488586426
6.4872965812683105,6.481901168823242,6.476812839508057,6.472934722900391,6.47044038772583,6.4720258712768555,6.475964546203613,6.482579708099365,6.490346431732178,6.499405860900879,6.508285999298096,6.5177764892578125,6.5263566970825195,6.533491611480713,6.538098335266113,6.53960657119751,6.5378875732421875,6.534173965454102,6.529206275939941,6.5233683586120605,6.517756462097168,6.5122199058532715,6.507793426513672,6.504093647003174,6.5018510818481445,6.4998273849487305,6.498452186584473,6.496341228485107,6.4939141273498535,6.491104602813721,6.488448619842529,6.485654354095459,6.483238697052002,6.480031490325928,6.476611137390137,6.47214937210083,6.467458724975586,6.462367534637451,6.457818508148193,6.453399181365967,6.449955463409424,6.44616174697876,6.442754745483398,6.439548492431641,6.4371442794799805,6.434525966644287,6.432183265686035,6.429207801818848,6.426165580749512,6.423145294189453,6.420737266540527
6.460142135620117,6.455041408538818,6.449804782867432,6.445385932922363,6.441630840301514,6.4410529136657715,6.443051338195801,6.449118137359619,6.456974983215332,6.466905117034912,6.477145195007324,6.488974094390869,6.500091552734375,6.510245323181152,6.517345428466797,6.521003723144531,6.520374774932861,6.51771879196167,6.513423919677734,6.508169174194336,6.502856254577637,6.497785568237305,6.493836879730225,6.4909539222717285,6.48959493637085,6.488432884216309,6.487610340118408,6.486057281494141,6.484006881713867,6.481575965881348,6.479173183441162,6.476455211639404,6.473912715911865,6.47058629989624,6.4670939445495605,6.462595462799072,6.45791482925415,6.452950477600098,6.448601722717285,6.444701194763184,6.441920757293701,6.438961029052734,6.436280727386475,6.433530807495117,6.431160926818848,6.428648471832275,6.426447868347168,6.423702716827393,6.420901775360107,6.418336391448975,6.416445732116699
6.439135551452637,6.433876991271973,6.428622722625732,6.4243268966674805,6.420057773590088,6.417433738708496,6.4170637130737305,6.421458721160889,6.427764415740967,6.4372239112854,6.448074817657471,6.461544513702393,6.475332260131836,6.488158226013184,6.4979329109191895,6.503575801849365,6.504241466522217,6.50263786315918,6.499151706695557,6.494501113891602,6.489586353302002,6.484982490539551,6.481569290161133,6.479405403137207,6.478949546813965,6.47853946685791,6.478318214416504,6.477304458618164,6.475732326507568,6.473659038543701,6.471494197845459,6.468803405761719,6.466078758239746,6.4626030921936035,6.4589948654174805,6.454432487487793,6.449739456176758,6.444807529449463,6.440535545349121,6.437041759490967,6.43499755859375,6.432915687561035,6.4312543869018555,6.429055213928223,6.4267683029174805,6.424280166625977,6.4220452308654785,6.419415473937988,6.416878700256348,6.414612293243408,6.41305685043335
6.420788288116455,6.4157395362854,6.410822868347168,6.4068803787231445,6.402726173400879,6.399144172668457,6.397352695465088,6.399972915649414,6.40464448928833,6.412611484527588,6.422608852386475,6.436199188232422,6.4510416984558105,6.465727806091309,6.4775471687316895,6.485217094421387,6.487215042114258,6.486855983734131,6.48411226272583,6.480195045471191,6.475760459899902,6.471774578094482,6.4689106941223145,6.467547416687012,6.46787691116333,6.46829891204834,6.468679428100586,6.468183517456055,6.466872215270996,6.4650139808654785,6.462947368621826,6.460268974304199,6.457467555999756,6.45397424697876,6.450414657592773,6.446037292480469,6.4416046142578125,6.436993598937988,6.43299674987793,6.4298858642578125,6.428204536437988,6.42673397064209,6.425727844238281,6.424035549163818,6.421937942504883,6.419612884521484,6.417460918426514,6.415082931518555,6.412883281707764,6.4109625816345215,6.409645080566406
6.404802322387695,6.401291370391846,6.3979597091674805,6.395312786102295,6.392632007598877,6.390242576599121,6.388724327087402,6.390216827392578,6.393061637878418,6.398377895355225,6.405111789703369,6.415668964385986,6.428241729736328,6.441739082336426,6.453990459442139,6.462514877319336,6.465969562530518,6.466756343841553,6.46480655670166,6.461732864379883,6.45811653137207,6.455051898956299,6.453092575073242,6.4527435302734375,6.4540629386901855,6.455440521240234,6.456634998321533,6.456552505493164,6.45522403717041,6.453361511230469,6.451304912567139,6.448790550231934,6.446249008178711,6.44309139251709,6.439870357513428,6.436051845550537,6.43233585357666,6.428516864776611,6.425291538238525,6.422605037689209,6.420937538146973,6.419557571411133,6.418736457824707,6.417354106903076,6.415686130523682,6.413763999938965,6.411935806274414,6.410029888153076,6.408395290374756,6.4069037437438965,6.40582799911499
6.391352653503418,6.390052795410156,6.388742446899414,6.387811660766602,6.386835098266602,6.386116027832031,6.385736465454102,6.386722087860107,6.38848876953125,6.391539096832275,6.39522123336792,6.402259826660156,6.411133289337158,6.42219352722168,6.43318510055542,6.441647529602051,6.445960521697998,6.447566032409668,6.44619083404541,6.443863868713379,6.441041946411133,6.4389119148254395,6.437915325164795,6.438599586486816,6.440901756286621,6.44319486618042,6.44511079788208,6.445372104644775,6.443944931030273,6.442074775695801,6.440100193023682,6.437865257263184,6.435802459716797,6.433075428009033,6.430212497711182,6.4269280433654785,6.423847198486328,6.420812606811523,6.418420314788818,6.416194438934326,6.41456937789917,6.4131903648376465,6.412300109863281,6.411120414733887,6.409869194030762,6.408353805541992,6.406874656677246,6.405430316925049,6.4043097496032715,6.403238296508789,6.4024338722229
6.384199142456055,6.384736061096191,6.385524749755859,6.386256694793701,6.387061595916748,6.3881144523620605,6.38929557800293,6.390761375427246,6.392551898956299,6.39497709274292,6.3975958824157715,6.402342319488525,6.408459663391113,6.416232109069824,6.424499988555908,6.430989742279053,6.4347381591796875,6.436037540435791,6.434717178344727,6.4326863288879395,6.430304050445557,6.42887020111084,6.42859411239624,6.430027961730957,6.432857990264893,6.435575485229492,6.437671184539795,6.438109874725342,6.4367995262146,6.43513822555542,6.4333953857421875,6.431469440460205,6.429688453674316,6.427345275878906,6.424840927124023,6.421986103057861,6.41926383972168,6.4166460037231445,6.414588928222656,6.412628173828125,6.411109447479248,6.409690856933594,6.408629417419434,6.407491683959961,6.406480312347412,6.405270576477051,6.404060363769531,6.402921199798584,6.402040481567383,6.401196479797363,6.400532245635986
6.377685546875,6.3799729347229,6.382587909698486,6.385221481323242,6.3877129554748535,6.390639781951904,6.393362045288086,6.395363807678223,6.397420406341553,6.3998613357543945,6.402244567871094,6.405826091766357,6.409849166870117,6.414835453033447,6.419625282287598,6.423724174499512,6.426170825958252,6.426754951477051,6.425305366516113,6.423393726348877,6.421378135681152,6.420507431030273,6.420991897583008,6.423009395599365,6.426246643066406,6.429137706756592,6.431172847747803,6.43175745010376,6.43079948425293,6.429494857788086,6.42811393737793,6.426418304443359,6.424736976623535,6.422675609588623,6.420635223388672,6.418187141418457,6.415812969207764,6.413406848907471,6.4114251136779785,6.409584045410156,6.408228874206543,6.406829357147217,6.405641078948975,6.404545307159424,6.403745651245117,6.402786731719971,6.401865005493164,6.400956153869629,6.4002461433410645,6.399527549743652,6.398942470550537
6.3695969581604,6.373106956481934,6.377337455749512,6.381440162658691,6.3856706619262695,6.390621662139893,6.395192623138428,6.398006439208984,6.400424957275391,6.40300989151001,6.405270576477051,6.4079670906066895,6.410637855529785,6.413362503051758,6.415734767913818,6.417546272277832,6.418596267700195,6.418214321136475,6.416551113128662,6.414638042449951,6.4128336906433105,6.412466049194336,6.413577556610107,6.416170120239258,6.419739246368408,6.422763824462891,6.424689292907715,6.425412654876709,6.424793720245361,6.423868656158447,6.4227800369262695,6.421353340148926,6.419827938079834,6.418070316314697,6.416379451751709,6.414358615875244,6.412346839904785,6.410235404968262,6.408381462097168,6.406676769256592,6.405420780181885,6.404082775115967,6.40289831161499,6.401899814605713,6.401257038116455,6.40050745010376,6.399777412414551,6.399048805236816,6.3984479904174805,6.397753715515137,6.39709997177124
6.361292839050293,6.3654985427856445,6.3705949783325195,6.375733852386475,6.381175994873047,6.388102054595947,6.39454460144043,6.398176193237305,6.401052474975586,6.4038615226745605,6.4061126708984375,6.408499240875244,6.410558223724365,6.412299633026123,6.4133172035217285,6.413705348968506,6.413264751434326,6.411987781524658,6.410025596618652,6.4079909324646,6.406243324279785,6.406151294708252,6.407756328582764,6.41072416305542,6.414548873901367,6.4176225662231445,6.4193902015686035,6.420197486877441,6.419905662536621,6.419255256652832,6.41839075088501,6.417181491851807,6.415868282318115,6.414334297180176,6.412878036499023,6.411163330078125,6.409528732299805,6.40769624710083,6.4060235023498535,6.404426097869873,6.403203964233398,6.401950836181641,6.4009013175964355,6.400021553039551,6.399481296539307,6.398829936981201,6.398193836212158,6.397536277770996,6.396982669830322,6.396203517913818,6.3953328132629395
6.351144313812256,6.355774879455566,6.361503601074219,6.367271423339844,6.373641014099121,6.3820648193359375,6.390024185180664,6.39459753036499,6.398077011108398,6.401362895965576,6.403805732727051,6.406145095825195,6.40793514251709,6.4091949462890625,6.409679412841797,6.409359455108643,6.408271312713623,6.4065351486206055,6.404454231262207,6.4024200439453125,6.400791168212891,6.400895118713379,6.402708530426025,6.4058518409729,6.409761428833008,6.41276216506958,6.414324760437012,6.4151082038879395,6.414982318878174,6.414506435394287,6.413765907287598,6.412769794464111,6.41168737411499,6.410450458526611,6.409259796142578,6.407876968383789,6.406530857086182,6.404935836791992,6.403371334075928,6.401866436004639,6.40069055557251,6.399523735046387,6.3985724449157715,6.397789001464844,6.397311687469482,6.396733283996582,6.396157264709473,6.395501136779785,6.394890308380127,6.393930435180664,6.392815589904785
6.340957164764404,6.345742702484131,6.351659297943115,6.357648849487305,6.364352703094482,6.373602390289307,6.382540702819824,6.387866497039795,6.39209508895874,6.395951747894287,6.398786544799805,6.401358604431152,6.4032206535339355,6.404661178588867,6.405434608459473,6.4053568840026855,6.404465198516846,6.402858257293701,6.400839805603027,6.398927211761475,6.397479057312012,6.397634506225586,6.3993706703186035,6.402431964874268,6.406254291534424,6.409085750579834,6.41039514541626,6.411055564880371,6.410934925079346,6.410473823547363,6.4097580909729,6.408898830413818,6.408065319061279,6.407101154327393,6.4062066078186035,6.405071258544922,6.403923511505127,6.4024457931518555,6.400917053222656,6.399458885192871,6.398340702056885,6.397233486175537,6.396344184875488,6.395602703094482,6.395147800445557,6.394593715667725,6.394042491912842,6.393318176269531,6.392546653747559,6.39137077331543,6.389983654022217
6.329597473144531,6.334325313568115,6.340235233306885,6.346270561218262,6.353155612945557,6.362978935241699,6.372601509094238,6.378593444824219,6.383402347564697,6.387866497039795,6.391134262084961,6.394107818603516,6.396206378936768,6.398058891296387,6.399281978607178,6.399812698364258,6.399484157562256,6.398500442504883,6.396958351135254,6.39559268951416,6.394579887390137,6.394988059997559,6.396709442138672,6.399581432342529,6.403103828430176,6.405517578125,6.406432151794434,6.406789302825928,6.406557559967041,6.406052112579346,6.405372142791748,6.404651641845703,6.404013156890869,6.4033098220825195,6.402654647827148,6.401757717132568,6.400767803192139,6.39938497543335,6.397855758666992,6.396405220031738,6.395298957824707,6.394225597381592,6.393380165100098,6.392642498016357,6.392149925231934,6.391550064086914,6.390961170196533,6.390113830566406,6.389174938201904,6.387763023376465,6.386150360107422
6.314500331878662,6.318788528442383,6.324295997619629,6.330033302307129,6.336721897125244,6.346686363220215,6.356632232666016,6.363073348999023,6.368395805358887,6.373423099517822,6.377262592315674,6.380809307098389,6.3834381103515625,6.385991096496582,6.388021945953369,6.389646530151367,6.390591144561768,6.391045093536377,6.390928745269775,6.39097785949707,6.391160011291504,6.392252445220947,6.394042491912842,6.396529674530029,6.399263858795166,6.400877475738525,6.401070594787598,6.400853157043457,6.400259017944336,6.399593353271484,6.398979663848877,6.398359298706055,6.397852897644043,6.397261142730713,6.396713733673096,6.395922660827637,6.3950514793396,6.3937506675720215,6.3922529220581055,6.390774250030518,6.389578342437744,6.388437271118164,6.387567520141602,6.386720180511475,6.386056900024414,6.385277271270752,6.384525775909424,6.383447170257568,6.382238864898682,6.380544662475586,6.378672122955322
