earth/public/data/ocean/C53/ANN-votemper-depthz-1000m-gfs-1.0.json
{"header": {"discipline": 0, "disciplineName": "Meteorological products", "gribEdition": 2, "gribLength": 131138.0, "center": 0, "centerName": "Kiel Climate Model", "subcenter": 0, "refTime": "1", "significanceOfRT": 1, "significanceOfRTName": "Start of forecast", "productStatus": 0, "productStatusName": "Operational products", "productType": 1, "productTypeName": "Forecast products", "productDefinitionTemplate": 0, "productDefinitionTemplateName": "Analysis/forecast at horizontal level/layer at a point in time", "parameterCategory": 2, "parameterCategoryName": "Momentum", "parameterNumber": 2, "parameterNumberName": "U-component_of_wind", "parameterUnit": "C", "genProcessType": 2, "genProcessTypeName": "Forecast", "forecastTime": 0, "surface1Type": 103, "surface1TypeName": "Specified height level above ground", "surface1Value": 10, "surface2Type": 255, "surface2TypeName": "Missing", "surface2Value": 0, "gridDefinitionTemplate": 0, "gridDefinitionTemplateName": "Latitude_Longitude", "numberPoints": 65160, "shape": 6, "shapeName": "Earth spherical with radius of 6,371,229.0 m", "gridUnits": "degrees", "resolution": 48, "winds": "true", "scanMode": 0, "nx": 360.0, "ny": 180.0, "basicAngle": 0, "subDivisions": 0, "lo1": 0.0, "la1": -89.5, "lo2": 359.0, "la2": 89.5, "dx": 1.0, "dy": -1.0}, "data":
[rows 66 to 87 of 180, columns 255 to 305 of 360]
8.942893981933594,8.928621292114258,8.912436485290527,8.897380828857422,8.880430221557617,8.855850219726562,8.831048011779785,8.812950134277344,8.796309471130371,8.77777099609375,8.760812759399414,8.74213981628418,8.725274085998535,8.70674991607666,8.690091133117676,8.671833992004395,8.655451774597168,8.637978553771973,8.622703552246094,8.607928276062012,8.596423149108887,8.586446762084961,8.579907417297363,8.571720123291016,8.563494682312012,8.550872802734375,8.536294937133789,8.51977252960205,8.504483222961426,8.489375114440918,8.477391242980957,8.465086936950684,8.45491886138916,8.444067001342773,8.434757232666016,8.424254417419434,8.414729118347168,8.404367446899414,8.395299911499023,8.3864164352417,8.379595756530762,8.373461723327637,8.36943531036377,8.365827560424805,8.363611221313477,8.361525535583496,8.360238075256348,8.358622550964355,8.357219696044922,8.35729694366455,8.359042167663574
8.8323974609375,8.819282531738281,8.804445266723633,8.790478706359863,8.774895668029785,8.752305030822754,8.729549407958984,8.713099479675293,8.697875022888184,8.681109428405762,8.665691375732422,8.649103164672852,8.634172439575195,8.618247032165527,8.603984832763672,8.588562965393066,8.574511528015137,8.559576034545898,8.54620361328125,8.533452033996582,8.523419380187988,8.514963150024414,8.509486198425293,8.502570152282715,8.495400428771973,8.484293937683105,8.471184730529785,8.456689834594727,8.44330883026123,8.43072509765625,8.421038627624512,8.411737442016602,8.404276847839355,8.396782875061035,8.390363693237305,8.383237838745117,8.376450538635254,8.369263648986816,8.362750053405762,8.357077598571777,8.353055000305176,8.350384712219238,8.349333763122559,8.349183082580566,8.349754333496094,8.350787162780762,8.351908683776855,8.352977752685547,8.35364055633545,8.355835914611816,8.359046936035156
8.694262504577637,8.682977676391602,8.670088768005371,8.657926559448242,8.644448280334473,8.62531852722168,8.606217384338379,8.59266185760498,8.580265045166016,8.566707611083984,8.554396629333496,8.54145336151123,8.530181884765625,8.518606185913086,8.508805274963379,8.498326301574707,8.489060401916504,8.479040145874023,8.470062255859375,8.461297988891602,8.454326629638672,8.448084831237793,8.443730354309082,8.4378023147583,8.431417465209961,8.421720504760742,8.410483360290527,8.398455619812012,8.387810707092285,8.378551483154297,8.372360229492188,8.367013931274414,8.36351203918457,8.360182762145996,8.357684135437012,8.354677200317383,8.35175609588623,8.348502159118652,8.345537185668945,8.343423843383789,8.342602729797363,8.343140602111816,8.345035552978516,8.34781265258789,8.35107135772705,8.354728698730469,8.358209609985352,8.361565589904785,8.364265441894531,8.368059158325195,8.372331619262695
8.56376838684082,8.554339408874512,8.54345703125,8.533218383789062,8.521986961364746,8.50667953491211,8.491636276245117,8.48122501373291,8.471972465515137,8.46187973022461,8.452999114990234,8.443922996520996,8.436539649963379,8.42943286895752,8.424158096313477,8.418684959411621,8.41429615020752,8.409295082092285,8.40488338470459,8.400175094604492,8.396262168884277,8.392131805419922,8.388646125793457,8.383535385131836,8.377760887145996,8.369429588317871,8.360130310058594,8.350624084472656,8.342787742614746,8.336861610412598,8.334114074707031,8.332610130310059,8.332829475402832,8.333436012268066,8.334524154663086,8.335431098937988,8.336197853088379,8.336742401123047,8.337170600891113,8.338376998901367,8.340310096740723,8.343629837036133,8.347853660583496,8.353089332580566,8.358484268188477,8.364361763000488,8.369745254516602,8.375040054321289,8.379363059997559,8.384420394897461,8.389335632324219
8.490147590637207,8.482104301452637,8.47299575805664,8.464327812194824,8.455215454101562,8.443251609802246,8.431686401367188,8.424126625061035,8.41732406616211,8.410276412963867,8.404022216796875,8.398195266723633,8.39360237121582,8.389877319335938,8.387449264526367,8.385388374328613,8.383840560913086,8.382025718688965,8.380084991455078,8.377639770507812,8.375025749206543,8.371688842773438,8.3682279586792,8.363336563110352,8.357903480529785,8.350761413574219,8.343103408813477,8.335874557495117,8.330192565917969,8.326875686645508,8.326323509216309,8.327393531799316,8.329710960388184,8.332718849182129,8.335712432861328,8.338968276977539,8.34174633026123,8.344585418701172,8.346826553344727,8.349835395812988,8.352959632873535,8.357454299926758,8.362446784973145,8.368553161621094,8.374631881713867,8.381292343139648,8.387296676635742,8.393293380737305,8.39816665649414,8.403603553771973,8.408601760864258
8.434347152709961,8.427824020385742,8.420364379882812,8.413473129272461,8.406355857849121,8.397857666015625,8.389908790588379,8.384899139404297,8.380690574645996,8.376314163208008,8.372806549072266,8.369771957397461,8.368013381958008,8.367021560668945,8.367225646972656,8.367664337158203,8.368484497070312,8.368745803833008,8.368589401245117,8.367315292358398,8.365262985229492,8.362028121948242,8.358206748962402,8.353330612182617,8.348288536071777,8.342316627502441,8.3366060256958,8.331544876098633,8.328250885009766,8.327191352844238,8.328763008117676,8.331832885742188,8.33602237701416,8.340786933898926,8.345420837402344,8.35033893585205,8.354799270629883,8.359213829040527,8.362923622131348,8.367088317871094,8.371055603027344,8.376169204711914,8.381556510925293,8.388017654418945,8.394410133361816,8.401366233825684,8.407648086547852,8.41392993927002,8.41909408569336,8.424686431884766,8.429704666137695
8.385505676269531,8.380655288696289,8.375378608703613,8.370454788208008,8.365876197814941,8.361048698425293,8.356799125671387,8.35455322265625,8.352609634399414,8.350979804992676,8.349784851074219,8.349503517150879,8.350022315979004,8.351601600646973,8.353812217712402,8.356492042541504,8.359042167663574,8.36108112335205,8.362157821655273,8.361824035644531,8.360102653503418,8.35698127746582,8.353017807006836,8.348512649536133,8.344230651855469,8.340044975280762,8.336553573608398,8.334333419799805,8.3335542678833,8.335182189941406,8.338717460632324,8.343903541564941,8.349658966064453,8.356167793273926,8.362140655517578,8.368636131286621,8.374384880065918,8.380247116088867,8.385082244873047,8.390335083007812,8.394989967346191,8.400699615478516,8.406393051147461,8.413162231445312,8.419761657714844,8.426989555358887,8.433516502380371,8.44021987915039,8.445840835571289,8.45199203491211,8.45748519897461
8.352351188659668,8.349326133728027,8.346040725708008,8.34327220916748,8.34093189239502,8.339509963989258,8.338590621948242,8.338398933410645,8.338393211364746,8.338668823242188,8.339350700378418,8.34086799621582,8.343108177185059,8.346238136291504,8.34982967376709,8.353745460510254,8.357385635375977,8.360311508178711,8.362072944641113,8.36213207244873,8.360512733459473,8.3574800491333,8.353592872619629,8.349690437316895,8.346536636352539,8.344160079956055,8.343156814575195,8.34350299835205,8.345369338989258,8.349218368530273,8.35455322265625,8.361268997192383,8.368285179138184,8.37594223022461,8.382953643798828,8.39041519165039,8.397058486938477,8.403759956359863,8.409378051757812,8.415287017822266,8.4204740524292,8.426558494567871,8.43246841430664,8.439395904541016,8.446097373962402,8.453482627868652,8.460222244262695,8.467341423034668,8.473586082458496,8.480513572692871,8.48693561553955
8.325196266174316,8.323854446411133,8.322811126708984,8.322096824645996,8.322212219238281,8.32380199432373,8.325729370117188,8.327291488647461,8.328585624694824,8.330364227294922,8.332250595092773,8.335122108459473,8.338414192199707,8.342683792114258,8.347124099731445,8.351984024047852,8.356348991394043,8.360067367553711,8.362422943115234,8.363147735595703,8.362045288085938,8.359822273254395,8.356768608093262,8.354379653930664,8.35291576385498,8.353093147277832,8.354658126831055,8.357978820800781,8.36223316192627,8.368375778198242,8.375143051147461,8.383261680603027,8.391181945800781,8.399832725524902,8.40759563446045,8.415904998779297,8.423211097717285,8.430700302124023,8.436966896057129,8.443581581115723,8.449295043945312,8.455867767333984,8.462064743041992,8.469306945800781,8.47624397277832,8.48404312133789,8.49123764038086,8.499234199523926,8.506485939025879,8.514906883239746,8.522809028625488
8.30882740020752,8.3090238571167,8.309725761413574,8.310965538024902,8.312936782836914,8.31682014465332,8.320700645446777,8.323131561279297,8.325088500976562,8.327466011047363,8.329885482788086,8.33321475982666,8.33689022064209,8.341509819030762,8.346264839172363,8.351462364196777,8.35618782043457,8.36033821105957,8.363197326660156,8.364640235900879,8.36446762084961,8.363506317138672,8.362043380737305,8.361576080322266,8.3623628616333,8.364988327026367,8.3691987991333,8.374909400939941,8.381299018859863,8.389041900634766,8.396873474121094,8.40579891204834,8.414268493652344,8.423426628112793,8.431653022766113,8.440410614013672,8.448147773742676,8.456110000610352,8.462892532348633,8.470026016235352,8.476261138916016,8.48327350616455,8.489828109741211,8.49743366241455,8.504740715026855,8.513072967529297,8.520965576171875,8.530007362365723,8.538651466369629,8.548783302307129,8.55871868133545
8.296143531799316,8.297503471374512,8.299839973449707,8.302638053894043,8.306264877319336,8.311628341674805,8.316693305969238,8.319550514221191,8.321752548217773,8.324474334716797,8.32722282409668,8.330928802490234,8.334904670715332,8.339822769165039,8.34477424621582,8.350238800048828,8.35521411895752,8.359886169433594,8.363364219665527,8.365987777709961,8.367164611816406,8.368250846862793,8.368852615356445,8.371047973632812,8.3742094039917,8.379610061645508,8.386069297790527,8.394067764282227,8.402019500732422,8.411123275756836,8.419662475585938,8.429231643676758,8.438068389892578,8.44765853881836,8.456238746643066,8.465446472167969,8.473580360412598,8.482102394104004,8.489419937133789,8.497234344482422,8.504069328308105,8.511746406555176,8.51880931854248,8.527064323425293,8.534944534301758,8.544178009033203,8.552998542785645,8.563562393188477,8.57381534576416,8.58627986907959,8.598492622375488
8.288497924804688,8.290703773498535,8.294065475463867,8.298051834106445,8.302477836608887,8.30807876586914,8.31297492980957,8.315530776977539,8.317549705505371,8.320350646972656,8.323405265808105,8.327489852905273,8.3318452835083,8.3370361328125,8.342111587524414,8.347777366638184,8.35300064086914,8.358454704284668,8.363136291503906,8.367839813232422,8.371697425842285,8.376127243041992,8.380337715148926,8.386140823364258,8.39254379272461,8.400714874267578,8.409274101257324,8.418875694274902,8.427874565124512,8.437725067138672,8.446685791015625,8.456625938415527,8.465746879577637,8.475707054138184,8.484691619873047,8.494446754455566,8.503190994262695,8.512531280517578,8.520757675170898,8.529657363891602,8.537598609924316,8.546479225158691,8.554666519165039,8.564225196838379,8.573394775390625,8.584296226501465,8.594929695129395,8.607902526855469,8.620851516723633,8.636714935302734,8.652619361877441
8.28322982788086,8.2859468460083,8.2899751663208,8.29458999633789,8.299384117126465,8.304642677307129,8.309008598327637,8.311230659484863,8.313139915466309,8.316097259521484,8.319580078125,8.324111938476562,8.328901290893555,8.334389686584473,8.33959674835205,8.345483779907227,8.350994110107422,8.35728645324707,8.363269805908203,8.37010669708252,8.376678466796875,8.384385108947754,8.392005920410156,8.40113353729248,8.410273551940918,8.420741081237793,8.430721282958984,8.44147777557373,8.451085090637207,8.461466789245605,8.470748901367188,8.481021881103516,8.490434646606445,8.500783920288086,8.510210990905762,8.520557403564453,8.529977798461914,8.540193557739258,8.549403190612793,8.559453964233398,8.56859016418457,8.578764915466309,8.588210105895996,8.599176406860352,8.609760284423828,8.62240982055664,8.634932518005371,8.6503267288208,8.665931701660156,8.685138702392578,8.70464038848877
8.283119201660156,8.285704612731934,8.289451599121094,8.293728828430176,8.298007011413574,8.302606582641602,8.306435585021973,8.308629989624023,8.310714721679688,8.31396484375,8.317760467529297,8.322632789611816,8.327676773071289,8.333413124084473,8.33877944946289,8.344958305358887,8.350796699523926,8.357795715332031,8.364628791809082,8.372815132141113,8.38078784942627,8.390216827392578,8.399306297302246,8.409815788269043,8.41978931427002,8.430826187133789,8.440922737121582,8.4517822265625,8.461442947387695,8.471988677978516,8.481490135192871,8.492067337036133,8.501766204833984,8.512533187866211,8.522369384765625,8.533302307128906,8.543292999267578,8.554305076599121,8.564270973205566,8.575308799743652,8.585333824157715,8.59661865234375,8.607024192810059,8.619179725646973,8.630784034729004,8.644775390625,8.658512115478516,8.67552661895752,8.692618370056152,8.71380615234375,8.73512077331543
8.285658836364746,8.287602424621582,8.290458679199219,8.293710708618164,8.297045707702637,8.300958633422852,8.304537773132324,8.307103157043457,8.309721946716309,8.313393592834473,8.317463874816895,8.322578430175781,8.327824592590332,8.333844184875488,8.33955192565918,8.346224784851074,8.352656364440918,8.360406875610352,8.368097305297852,8.37718391418457,8.386089324951172,8.39627456665039,8.405986785888672,8.416775703430176,8.426756858825684,8.437620162963867,8.447405815124512,8.458161354064941,8.467912673950195,8.478776931762695,8.488765716552734,8.499943733215332,8.510268211364746,8.521799087524414,8.532428741455078,8.544312477111816,8.55528450012207,8.56745719909668,8.57861614227295,8.5910062789917,8.602376937866211,8.615144729614258,8.626993179321289,8.640681266784668,8.653731346130371,8.669276237487793,8.684514999389648,8.70309829711914,8.721695899963379,8.744301795959473,8.76689624786377
8.288565635681152,8.289795875549316,8.291755676269531,8.294038772583008,8.29653263092041,8.300019264221191,8.303570747375488,8.306551933288574,8.309672355651855,8.313706398010254,8.317937850952148,8.32321834564209,8.328593254089355,8.334869384765625,8.340917587280273,8.348061561584473,8.355026245117188,8.363386154174805,8.37164306640625,8.381305694580078,8.390621185302734,8.401124000549316,8.410883903503418,8.42162036895752,8.431346893310547,8.441964149475098,8.451519966125488,8.462241172790527,8.472182273864746,8.48342514038086,8.493951797485352,8.505776405334473,8.516790390014648,8.529130935668945,8.54060173034668,8.553462028503418,8.565431594848633,8.578763008117676,8.59109878540039,8.604818344116211,8.617501258850098,8.631717681884766,8.644962310791016,8.66013240814209,8.67455005645752,8.691548347473145,8.708109855651855,8.728055953979492,8.747819900512695,8.771444320678711,8.794658660888672
8.29075813293457,8.291532516479492,8.292954444885254,8.29479694366455,8.296965599060059,8.300501823425293,8.30424690246582,8.307511329650879,8.310847282409668,8.315011024475098,8.319241523742676,8.32451057434082,8.329864501953125,8.336177825927734,8.342308044433594,8.349563598632812,8.356633186340332,8.365008354187012,8.373188018798828,8.382596969604492,8.391568183898926,8.401594161987305,8.410906791687012,8.421243667602539,8.430754661560059,8.441253662109375,8.450827598571777,8.461679458618164,8.471820831298828,8.483412742614746,8.494319915771484,8.506674766540527,8.518190383911133,8.53117847442627,8.543229103088379,8.55682373046875,8.569437026977539,8.583592414855957,8.596657752990723,8.611303329467773,8.624799728393555,8.640020370483398,8.654125213623047,8.670297622680664,8.685523986816406,8.703398704528809,8.720611572265625,8.741153717041016,8.761259078979492,8.784906387329102,8.807815551757812
8.293440818786621,8.293691635131836,8.29464054107666,8.296107292175293,8.298107147216797,8.30184268951416,8.305891036987305,8.309368133544922,8.312841415405273,8.317031860351562,8.321183204650879,8.326285362243652,8.331422805786133,8.337465286254883,8.343338012695312,8.350262641906738,8.357009887695312,8.364862442016602,8.372417449951172,8.380993843078613,8.389041900634766,8.398258209228516,8.406947135925293,8.416963577270508,8.426456451416016,8.437042236328125,8.446788787841797,8.45787525177002,8.468292236328125,8.480301856994629,8.491726875305176,8.504730224609375,8.51695442199707,8.530745506286621,8.543601989746094,8.55809211730957,8.571586608886719,8.586743354797363,8.600811958312988,8.616606712341309,8.631258010864258,8.647754669189453,8.663097381591797,8.680543899536133,8.696918487548828,8.715834617614746,8.733851432800293,8.754912376403809,8.775190353393555,8.79849624633789,8.820589065551758
8.29660701751709,8.296296119689941,8.296683311462402,8.29769515991211,8.29947280883789,8.303384780883789,8.307683944702148,8.311309814453125,8.31483268737793,8.318915367126465,8.32282829284668,8.327494621276855,8.332080841064453,8.337457656860352,8.342658996582031,8.348814010620117,8.354812622070312,8.361706733703613,8.368247032165527,8.37565803527832,8.382583618164062,8.390961647033691,8.399250984191895,8.409071922302246,8.4186372756958,8.42931079864502,8.439166069030762,8.45048999786377,8.461227416992188,8.473752975463867,8.485788345336914,8.499592781066895,8.512660026550293,8.527445793151855,8.541268348693848,8.556882858276367,8.571459770202637,8.587915420532227,8.603262901306152,8.62059497833252,8.636762619018555,8.655008316040039,8.672014236450195,8.691235542297363,8.709175109863281,8.729557037353516,8.748671531677246,8.770480155944824,8.791008949279785,8.813973426818848,8.835183143615723
8.299263954162598,8.298571586608887,8.298542022705078,8.299173355102539,8.30074691772461,8.304567337036133,8.308712005615234,8.312004089355469,8.315117835998535,8.318553924560547,8.32174015045166,8.32538890838623,8.328886985778809,8.33301830291748,8.33707332611084,8.34191608428955,8.346702575683594,8.352265357971191,8.357619285583496,8.363858222961426,8.369855880737305,8.377519607543945,8.38548755645752,8.394920349121094,8.40416145324707,8.414660453796387,8.424530982971191,8.436149597167969,8.447381019592285,8.460559844970703,8.473260879516602,8.487896919250488,8.501787185668945,8.517557144165039,8.532320976257324,8.549093246459961,8.564800262451172,8.582682609558105,8.599458694458008,8.618563652038574,8.636481285095215,8.6567964553833,8.675764083862305,8.697135925292969,8.716973304748535,8.739202499389648,8.759730339050293,8.782610893249512,8.803646087646484,8.826577186584473,8.847216606140137
8.300933837890625,8.300032615661621,8.299764633178711,8.300168991088867,8.301566123962402,8.30495548248291,8.308404922485352,8.31088638305664,8.313103675842285,8.315460205078125,8.317492485046387,8.319791793823242,8.321892738342285,8.324594497680664,8.327353477478027,8.330774307250977,8.33418083190918,8.338446617126465,8.342745780944824,8.348006248474121,8.353239059448242,8.36007308959961,8.367249488830566,8.37586784362793,8.384328842163086,8.394519805908203,8.404556274414062,8.416651725769043,8.428611755371094,8.442562103271484,8.455992698669434,8.471427917480469,8.486093521118164,8.502752304077148,8.518411636352539,8.536269187927246,8.553118705749512,8.572408676147461,8.59068489074707,8.611574172973633,8.631345748901367,8.653753280639648,8.674802780151367,8.698369979858398,8.720252990722656,8.74442195892334,8.766555786132812,8.790670394897461,8.812429428100586,8.835578918457031,8.855916976928711
8.298750877380371,8.297650337219238,8.297224044799805,8.297563552856445,8.29873275756836,8.301283836364746,8.30363941192627,8.305100440979004,8.306397438049316,8.307680130004883,8.308720588684082,8.309861183166504,8.310895919799805,8.31250286102295,8.3143892288208,8.316766738891602,8.319198608398438,8.322595596313477,8.326334953308105,8.330971717834473,8.335655212402344,8.341785430908203,8.348224639892578,8.356318473815918,8.364544868469238,8.37485408782959,8.38533878326416,8.398001670837402,8.410540580749512,8.425071716308594,8.43896484375,8.454902648925781,8.469998359680176,8.487215042114258,8.503429412841797,8.522043228149414,8.53967571258545,8.560014724731445,8.579362869262695,8.601613998413086,8.622718811035156,8.646734237670898,8.669286727905273,8.69455623626709,8.717936515808105,8.743650436401367,8.767011642456055,8.79218864440918,8.814589500427246,8.838106155395508,8.858445167541504
