earth/public/data/ocean/C53/ANN-vosaline-depthz-500m-gfs-1.0.json
{"header": {"discipline": 0, "disciplineName": "Meteorological products", "gribEdition": 2, "gribLength": 131138.0, "center": 0, "centerName": "Kiel Climate Model", "subcenter": 0, "refTime": "1", "significanceOfRT": 1, "significanceOfRTName": "Start of forecast", "productStatus": 0, "productStatusName": "Operational products", "productType": 1, "productTypeName": "Forecast products", "productDefinitionTemplate": 0, "productDefinitionTemplateName": "Analysis/forecast at horizontal level/layer at a point in time", "parameterCategory": 2, "parameterCategoryName": "Momentum", "parameterNumber": 2, "parameterNumberName": "U-component_of_wind", "parameterUnit": "PSU", "genProcessType": 2, "genProcessTypeName": "Forecast", "forecastTime": 0, "surface1Type": 103, "surface1TypeName": "Specified height level above ground", "surface1Value": 10, "surface2Type": 255, "surface2TypeName": "Missing", "surface2Value": 0, "gridDefinitionTemplate": 0, "gridDefinitionTemplateName": "Latitude_Longitude", "numberPoints": 65160, "shape": 6, "shapeName": "Earth spherical with radius of 6,371,229.0 m", "gridUnits": "degrees", "resolution": 48, "winds": "true", "scanMode": 0, "nx": 360.0, "ny": 180.0, "basicAngle": 0, "subDivisions": 0, "lo1": 0.0, "la1": -89.5, "lo2": 359.0, "la2": 89.5, "dx": 1.0, "dy": -1.0}, "data":
[rows 66 to 87 of 180, columns 100 to 149 of 360]
36.24580383300781,36.241783142089844,36.237220764160156,36.23291015625,36.228023529052734,36.22340774536133,36.21833419799805,36.21367645263672,36.20845413208008,36.20355224609375,36.1978645324707,36.19234085083008,36.18602752685547,36.17997360229492,36.173492431640625,36.16766357421875,36.16135787963867,36.1556510925293,36.14890670776367,36.142311096191406,36.13451385498047,36.12691116333008,36.11857223510742,36.11099624633789,36.10295867919922,36.095882415771484,36.08793258666992,36.080509185791016,36.07202911376953,36.06399917602539,36.055171966552734,36.04714584350586,36.0384635925293,36.030731201171875,36.022117614746094,36.01420974731445,36.00510787963867,35.9964714050293,35.9865837097168,35.97725296020508,35.96696853637695,35.9576416015625,35.947509765625,35.93849182128906,35.92860794067383,35.919742584228516,35.91001892089844,35.90129089355469,35.89173126220703,35.8831672668457
36.15833282470703,36.153961181640625,36.14900207519531,36.14439010620117,36.139122009277344,36.13417434692383,36.12860870361328,36.12346649169922,36.117557525634766,36.111995697021484,36.105506896972656,36.099308013916016,36.09229278564453,36.085750579833984,36.07877731323242,36.0726203918457,36.06600570678711,36.060115814208984,36.053218841552734,36.04655456542969,36.038719177246094,36.0311279296875,36.022804260253906,36.01523208618164,36.007164001464844,36.00003433227539,35.99204635620117,35.98461151123047,35.97623825073242,35.96840286254883,35.959896087646484,35.952213287353516,35.943939208984375,35.9365348815918,35.92826843261719,35.920616149902344,35.911865234375,35.903560638427734,35.89425277709961,35.885555267333984,35.87617492675781,35.86771774291992,35.858680725097656,35.85060501098633,35.84184265136719,35.83389663696289,35.82527542114258,35.817466735839844,35.80902862548828,35.801414489746094
36.0227165222168,36.01809310913086,36.01298141479492,36.008270263671875,36.00297927856445,35.998023986816406,35.992435455322266,35.98717498779297,35.98112487792969,35.97531509399414,35.968692779541016,35.9623908996582,35.95552444458008,35.94929122924805,35.942718505859375,35.936981201171875,35.930816650390625,35.925331115722656,35.9189453125,35.91279602050781,35.90564727783203,35.89874267578125,35.891204833984375,35.88434600830078,35.87702560424805,35.87053298950195,35.86330032348633,35.856632232666016,35.849185943603516,35.842323303222656,35.83481979370117,35.828041076660156,35.820621490478516,35.81388473510742,35.8063850402832,35.799442291259766,35.79166793823242,35.78444290161133,35.77647399902344,35.76919937133789,35.76134490966797,35.754356384277344,35.7468147277832,35.7401123046875,35.732784271240234,35.72616958618164,35.718955993652344,35.71246337890625,35.7054328918457,35.69915008544922
35.887489318847656,35.88284683227539,35.87776565551758,35.87318420410156,35.8680534362793,35.86333084106445,35.85794448852539,35.85289764404297,35.84701156616211,35.84138488769531,35.83494567871094,35.82890319824219,35.8223991394043,35.816650390625,35.810569763183594,35.805294036865234,35.79962921142578,35.79463577270508,35.78889846801758,35.783512115478516,35.777278900146484,35.77139663696289,35.764892578125,35.7590217590332,35.752620697021484,35.74691390991211,35.74051284790039,35.734642028808594,35.72812271118164,35.722190856933594,35.715694427490234,35.709861755371094,35.70340347290039,35.69755554199219,35.691009521484375,35.68501663208008,35.6783447265625,35.672279357910156,35.66564178466797,35.65971374511719,35.65331268310547,35.64767074584961,35.64155197143555,35.636138916015625,35.630184173583984,35.624839782714844,35.61898422241211,35.61375427246094,35.608070373535156,35.6030387878418
35.80057144165039,35.79621124267578,35.79149627685547,35.78725051879883,35.78254699707031,35.77820587158203,35.77329635620117,35.76866149902344,35.76331329345703,35.75817108154297,35.75236129760742,35.74687576293945,35.74108123779297,35.735965728759766,35.73061752319336,35.725929260253906,35.720943450927734,35.71649169921875,35.71147918701172,35.70676040649414,35.70139694213867,35.69630432128906,35.69070816040039,35.685569763183594,35.679962158203125,35.67485046386719,35.66917419433594,35.663909912109375,35.65814971923828,35.65287399291992,35.64715576171875,35.64197540283203,35.63630294799805,35.63111877441406,35.625396728515625,35.620121002197266,35.61434555053711,35.60905456542969,35.603355407714844,35.59822082519531,35.592742919921875,35.587852478027344,35.582603454589844,35.5778923034668,35.57278060913086,35.568145751953125,35.563133239746094,35.55860137939453,35.55373764038086,35.54936981201172
35.72944259643555,35.72549819946289,35.7212028503418,35.717384338378906,35.7131233215332,35.709232330322266,35.70477294921875,35.70060348510742,35.69576644897461,35.691184997558594,35.68600082397461,35.68121337890625,35.676185607910156,35.67189407348633,35.66737365722656,35.66352462768555,35.659305572509766,35.65555191040039,35.65121841430664,35.64715576171875,35.6424560546875,35.638038635253906,35.63308334350586,35.62855911254883,35.623538970947266,35.618995666503906,35.61393737792969,35.609336853027344,35.60426330566406,35.59969711303711,35.59465408325195,35.59011459350586,35.58505630493164,35.58045196533203,35.575340270996094,35.570701599121094,35.56560516357422,35.56104278564453,35.55607986450195,35.55168533325195,35.546913146972656,35.542694091796875,35.538082122802734,35.53397750854492,35.52947235107422,35.52543640136719,35.521026611328125,35.517093658447266,35.51280212402344,35.50899124145508
35.663429260253906,35.65985870361328,35.656028747558594,35.652610778808594,35.64885330200195,35.6453971862793,35.64149856567383,35.6378173828125,35.63362503051758,35.629634857177734,35.625213623046875,35.62111282348633,35.61689758300781,35.613277435302734,35.60953140258789,35.60629653930664,35.602787017822266,35.59960174560547,35.59598922729492,35.59256362915039,35.58867645263672,35.58497619628906,35.58086013793945,35.57701110839844,35.572757720947266,35.568809509277344,35.564456939697266,35.56044387817383,35.556060791015625,35.55206298828125,35.54767990112305,35.54367446899414,35.539268493652344,35.53521728515625,35.530799865722656,35.52676773071289,35.52241516113281,35.51848220825195,35.51425552368164,35.51045608520508,35.5063591003418,35.5026741027832,35.49867630004883,35.49506378173828,35.49114990234375,35.48760986328125,35.48377990722656,35.48033142089844,35.47659683227539,35.473228454589844
35.614501953125,35.611263275146484,35.6077880859375,35.604740142822266,35.60137939453125,35.59835433959961,35.59492492675781,35.59175491333008,35.588134765625,35.58476638793945,35.580997467041016,35.57756423950195,35.57394027709961,35.570831298828125,35.567543029785156,35.5647087097168,35.56161880493164,35.55886459350586,35.55577850341797,35.5529670715332,35.54977035522461,35.54683303833008,35.54347229003906,35.54036331176758,35.53679275512695,35.533470153808594,35.529685974121094,35.526180267333984,35.52225875854492,35.518680572509766,35.51472473144531,35.511146545410156,35.50721740722656,35.503692626953125,35.49982452392578,35.496368408203125,35.49256896972656,35.48917007446289,35.48543167114258,35.48208236694336,35.47840881347656,35.47511672973633,35.47150802612305,35.46827697753906,35.46474075317383,35.46158218383789,35.458126068115234,35.455039978027344,35.45166015625,35.44862747192383
35.57283401489258,35.56980895996094,35.56660079956055,35.563777923583984,35.56071853637695,35.55796813964844,35.5549201965332,35.552120208740234,35.54899978637695,35.54609680175781,35.54290771484375,35.53998565673828,35.53689956665039,35.53418731689453,35.53132247924805,35.52880096435547,35.52610397338867,35.52369689941406,35.521114349365234,35.518798828125,35.51628875732422,35.513999938964844,35.51144027709961,35.5090217590332,35.506248474121094,35.50356674194336,35.500484466552734,35.49751663208008,35.494163513183594,35.490997314453125,35.48749923706055,35.48427200317383,35.480777740478516,35.477630615234375,35.47423553466797,35.47118377685547,35.46786117553711,35.46484375,35.461544036865234,35.458534240722656,35.45524597167969,35.45225524902344,35.449005126953125,35.44606018066406,35.44286346435547,35.43997573852539,35.43684005737305,35.43400955200195,35.43092346191406,35.428131103515625
35.545982360839844,35.543060302734375,35.539939880371094,35.537193298339844,35.53423309326172,35.5316047668457,35.52873229980469,35.526153564453125,35.523292541503906,35.520694732666016,35.5178337097168,35.51525115966797,35.51247787475586,35.51004409790039,35.50743103027344,35.50513458251953,35.5026741027832,35.500518798828125,35.49825668334961,35.49631881713867,35.494266510009766,35.49250411987305,35.49052810668945,35.488746643066406,35.48661804199219,35.48459243774414,35.48212432861328,35.479713439941406,35.476844787597656,35.474082946777344,35.47092056274414,35.46796417236328,35.4647216796875,35.46181106567383,35.458648681640625,35.45583724975586,35.45275115966797,35.44997024536133,35.4468994140625,35.44411849975586,35.4410514831543,35.43827438354492,35.43522644042969,35.43247604370117,35.42946243286133,35.42674255371094,35.42376708984375,35.42108154296875,35.41813659667969,35.41548156738281
35.52619171142578,35.523338317871094,35.520263671875,35.51752853393555,35.51457977294922,35.511966705322266,35.50914764404297,35.506649017333984,35.50392532348633,35.50147247314453,35.49878692626953,35.49635696411133,35.49373245239258,35.49139404296875,35.4888801574707,35.48665237426758,35.48427963256836,35.48219680786133,35.480072021484375,35.47829818725586,35.47654342651367,35.47512435913086,35.47366714477539,35.472412109375,35.47098922729492,35.469608306884766,35.46788787841797,35.46607971191406,35.46382522583008,35.461490631103516,35.458709716796875,35.45596694946289,35.45294952392578,35.450191497802734,35.447227478027344,35.44458770751953,35.44170379638672,35.4390869140625,35.43619918823242,35.43355178833008,35.430641174316406,35.42798614501953,35.42507553100586,35.42243576049805,35.41953659057617,35.41691207885742,35.414024353027344,35.41140365600586,35.408531188964844,35.40592575073242
35.519100189208984,35.51629638671875,35.513206481933594,35.510398864746094,35.50734329223633,35.50458908081055,35.50163650512695,35.4990234375,35.49618148803711,35.49363708496094,35.490753173828125,35.488075256347656,35.48509216308594,35.48238754272461,35.479515075683594,35.47703170776367,35.47437286376953,35.472042083740234,35.46958923339844,35.46748733520508,35.46544647216797,35.46388626098633,35.46244812011719,35.461448669433594,35.46051025390625,35.45985794067383,35.459007263183594,35.45813751220703,35.45683670043945,35.4553337097168,35.45319747924805,35.450801849365234,35.4480094909668,35.4453239440918,35.442447662353516,35.43991470336914,35.437137603759766,35.434635162353516,35.43183135986328,35.429237365722656,35.426361083984375,35.42372131347656,35.420814514160156,35.418182373046875,35.41527557373047,35.412635803222656,35.409698486328125,35.407005310058594,35.404029846191406,35.40131759643555
35.51780700683594,35.51503372192383,35.51193618774414,35.509071350097656,35.50590896606445,35.503021240234375,35.49992752075195,35.49717330932617,35.494178771972656,35.49147415161133,35.48828887939453,35.48517608642578,35.481666564941406,35.478355407714844,35.47498321533203,35.47212219238281,35.469093322753906,35.4664192199707,35.4635009765625,35.460838317871094,35.45826721191406,35.45621109008789,35.454490661621094,35.4533805847168,35.45269012451172,35.45253372192383,35.452457427978516,35.4525032043457,35.452213287353516,35.45170211791992,35.450321197509766,35.44837188720703,35.44583511352539,35.44318771362305,35.44036102294922,35.4378662109375,35.43516540527344,35.43274688720703,35.43001174926758,35.42745590209961,35.424591064453125,35.42194366455078,35.41902542114258,35.41636657714844,35.413429260253906,35.410736083984375,35.407718658447266,35.404911041259766,35.40179443359375,35.39891815185547
35.527137756347656,35.52444076538086,35.52140808105469,35.518577575683594,35.51540756225586,35.512474060058594,35.509300231933594,35.506465911865234,35.503440856933594,35.50077438354492,35.497528076171875,35.49427795410156,35.4903564453125,35.48649215698242,35.48247146606445,35.47908401489258,35.47542190551758,35.47222137451172,35.468482971191406,35.46497344970703,35.4612922668457,35.458229064941406,35.45536804199219,35.453369140625,35.451927185058594,35.451412200927734,35.45124435424805,35.451507568359375,35.45179748535156,35.45204162597656,35.451454162597656,35.450069427490234,35.44792175292969,35.445350646972656,35.442569732666016,35.440067291259766,35.43739700317383,35.43504333496094,35.43238067626953,35.42987823486328,35.42704772949219,35.42439270019531,35.42144775390625,35.41875076293945,35.41575622558594,35.41300964355469,35.40989303588867,35.406982421875,35.4036979675293,35.40065383911133
35.55104064941406,35.548648834228516,35.54597854614258,35.54349136352539,35.54066467285156,35.53797912597656,35.53496170043945,35.532135009765625,35.52923583984375,35.526790618896484,35.52378845214844,35.52077865600586,35.516700744628906,35.51227569580078,35.50750732421875,35.50321960449219,35.498531341552734,35.494266510009766,35.48909378051758,35.48392868041992,35.478179931640625,35.4728889465332,35.4674072265625,35.46277618408203,35.45875549316406,35.456180572509766,35.45423889160156,35.45341873168945,35.45338439941406,35.454261779785156,35.4546012878418,35.45438003540039,35.45302963256836,35.45077896118164,35.448150634765625,35.445621490478516,35.44300079345703,35.44076919555664,35.43826675415039,35.43594741821289,35.433250427246094,35.43065643310547,35.4277229309082,35.42497634887695,35.42190933227539,35.4190788269043,35.41582489013672,35.412742614746094,35.409217834472656,35.40589141845703
35.57770919799805,35.57572555541992,35.57353973388672,35.571590423583984,35.56929397583008,35.56711196899414,35.564395904541016,35.56167221069336,35.55889129638672,35.55656051635742,35.55376434326172,35.551025390625,35.546905517578125,35.54216384887695,35.536808013916016,35.53179931640625,35.526187896728516,35.520957946777344,35.51441192626953,35.50767135620117,35.499855041503906,35.49227523803711,35.48396301269531,35.47624969482422,35.46919250488281,35.46385955810547,35.459529876708984,35.4567985534668,35.45591354370117,35.456947326660156,35.458030700683594,35.45900344848633,35.45848846435547,35.456634521484375,35.454193115234375,35.45161056518555,35.44902420043945,35.446895599365234,35.44456481933594,35.44246292114258,35.43993377685547,35.43743896484375,35.434539794921875,35.431758880615234,35.42862319946289,35.42570114135742,35.422306060791016,35.4190559387207,35.415287017822266,35.41167068481445
35.60009002685547,35.59843444824219,35.59672927856445,35.595252990722656,35.59357833862305,35.59196853637695,35.589744567871094,35.58726501464844,35.58460235595703,35.58222579956055,35.57944107055664,35.576759338378906,35.57275390625,35.568145751953125,35.56285858154297,35.557830810546875,35.55213165283203,35.54676055908203,35.53984832763672,35.53263854980469,35.523983001708984,35.515472412109375,35.50533676147461,35.495506286621094,35.485626220703125,35.477699279785156,35.47016143798828,35.46467590332031,35.46152114868164,35.461524963378906,35.46228790283203,35.4637451171875,35.46368408203125,35.462100982666016,35.45975112915039,35.457061767578125,35.45439910888672,35.45225524902344,35.450008392333984,35.44805908203125,35.4456787109375,35.44328689575195,35.440425872802734,35.437618255615234,35.43440246582031,35.43138122558594,35.42783737182617,35.42443084716797,35.420433044433594,35.416587829589844
35.632144927978516,35.630916595458984,35.62971115112305,35.62876510620117,35.62773513793945,35.62684631347656,35.625244140625,35.62324142456055,35.62084197998047,35.61847686767578,35.61573028564453,35.613067626953125,35.609413146972656,35.60540008544922,35.600791931152344,35.596405029296875,35.59145736694336,35.586814880371094,35.58057403564453,35.57381820678711,35.565704345703125,35.55760192871094,35.54674530029297,35.534950256347656,35.52214431762695,35.510520935058594,35.49775314331055,35.48615646362305,35.47779083251953,35.47430419921875,35.47303009033203,35.474308013916016,35.47420883178711,35.47279739379883,35.4703369140625,35.46729278564453,35.46429443359375,35.46190643310547,35.4595832824707,35.457759857177734,35.455509185791016,35.4532470703125,35.45039749145508,35.447486877441406,35.444068908691406,35.44078063964844,35.43690490722656,35.43315124511719,35.428733825683594,35.424468994140625
35.6722526550293,35.671470642089844,35.67074966430664,35.67023849487305,35.66973114013672,35.669334411621094,35.66826248168945,35.66673278808594,35.66474914550781,35.66268539428711,35.66026306152344,35.65792465209961,35.654972076416016,35.651939392089844,35.6484375,35.64511489868164,35.64151382446289,35.63828659057617,35.633514404296875,35.62805938720703,35.6219482421875,35.61624526977539,35.6063117980957,35.59385681152344,35.579261779785156,35.56501770019531,35.54595947265625,35.52542495727539,35.508827209472656,35.49919509887695,35.49382019042969,35.493743896484375,35.4927864074707,35.49117660522461,35.48821258544922,35.484458923339844,35.48074722290039,35.47776412963867,35.4750862121582,35.47321701049805,35.470977783203125,35.46879577636719,35.46585464477539,35.46269226074219,35.4588737487793,35.45509338378906,35.45061492919922,35.44625473022461,35.4411735534668,35.43629455566406
35.71068572998047,35.71015548706055,35.70964813232422,35.70927047729492,35.708839416503906,35.70844650268555,35.70754623413086,35.706302642822266,35.70476531982422,35.70321273803711,35.70139694213867,35.69964599609375,35.69759750366211,35.69562530517578,35.6933708190918,35.69123458862305,35.68922424316406,35.687705993652344,35.68502426147461,35.68164825439453,35.679229736328125,35.67815017700195,35.67162322998047,35.660770416259766,35.64890670776367,35.63792037963867,35.61579513549805,35.58628463745117,35.56032943725586,35.54267883300781,35.530906677246094,35.52729415893555,35.52354431152344,35.5204963684082,35.51605987548828,35.51113510131836,35.50618362426758,35.50214767456055,35.49858474731445,35.49618148803711,35.493507385253906,35.49108123779297,35.487606048583984,35.48374938964844,35.47911834716797,35.474586486816406,35.469051361083984,35.463565826416016,35.45743942260742,35.45182800292969
35.74420166015625,35.743717193603516,35.743186950683594,35.74271011352539,35.74211502075195,35.741512298583984,35.74058532714844,35.739501953125,35.73826599121094,35.737117767333984,35.73579406738281,35.73456573486328,35.73322677612305,35.732059478759766,35.730751037597656,35.729591369628906,35.728797912597656,35.728580474853516,35.72771072387695,35.72643280029297,35.727474212646484,35.730838775634766,35.72784423828125,35.71922302246094,35.712623596191406,35.70948028564453,35.68815994262695,35.65251922607422,35.619415283203125,35.59445571899414,35.57627868652344,35.567893981933594,35.56022644042969,35.554534912109375,35.548004150390625,35.541748046875,35.53554153442383,35.530433654785156,35.525882720947266,35.52265548706055,35.51924514770508,35.516239166259766,35.51174545288086,35.50657272338867,35.500823974609375,35.495513916015625,35.48867416381836,35.481502532958984,35.47407913208008,35.46772003173828
35.766300201416016,35.76559066772461,35.764747619628906,35.76393508911133,35.76297378540039,35.762046813964844,35.76089859008789,35.75974655151367,35.75849151611328,35.75737380981445,35.75616455078125,35.755096435546875,35.75402069091797,35.753143310546875,35.75228500366211,35.75161361694336,35.7513427734375,35.75153732299805,35.751564025878906,35.75143051147461,35.75387954711914,35.75851821899414,35.75713348388672,35.74834060668945,35.7430534362793,35.7448616027832,35.72304916381836,35.68967819213867,35.659156799316406,35.629844665527344,35.60699462890625,35.594852447509766,35.5836181640625,35.57535934448242,35.56724548339844,35.560707092285156,35.554569244384766,35.54982376098633,35.545440673828125,35.54210662841797,35.53834533691406,35.5348014831543,35.52882385253906,35.521549224853516,35.514549255371094,35.50912857055664,35.50102233886719,35.491722106933594,35.48292541503906,35.47625732421875
