earth/public/data/ocean/C53/ANN-ocevel-depthz-500m-gfs-1.0.json
{"header": {"discipline": 0, "disciplineName": "Meteorological products", "gribEdition": 2, "gribLength": 131138.0, "center": 0, "centerName": "Kiel Climate Model", "subcenter": 0, "refTime": "1", "significanceOfRT": 1, "significanceOfRTName": "Start of forecast", "productStatus": 0, "productStatusName": "Operational products", "productType": 1, "productTypeName": "Forecast products", "productDefinitionTemplate": 0, "productDefinitionTemplateName": "Analysis/forecast at horizontal level/layer at a point in time", "parameterCategory": 2, "parameterCategoryName": "Momentum", "parameterNumber": 2, "parameterNumberName": "V-component_of_wind", "parameterUnit": "m/s", "genProcessType": 2, "genProcessTypeName": "Forecast", "forecastTime": 0, "surface1Type": 103, "surface1TypeName": "Specified height level above ground", "surface1Value": 10, "surface2Type": 255, "surface2TypeName": "Missing", "surface2Value": 0, "gridDefinitionTemplate": 0, "gridDefinitionTemplateName": "Latitude_Longitude", "numberPoints": 65160, "shape": 6, "shapeName": "Earth spherical with radius of 6,371,229.0 m", "gridUnits": "degrees", "resolution": 48, "winds": "true", "scanMode": 0, "nx": 360.0, "ny": 180.0, "basicAngle": 0, "subDivisions": 0, "lo1": 0.0, "la1": -89.5, "lo2": 359.0, "la2": 89.5, "dx": 1.0, "dy": -1.0}, "data":
[rows 120 to 139 of 180, columns 276 to 321 of 360]
-0.004932122305035591,-0.005000205710530281,-0.005051030311733484,-0.005079015623778105,-0.005071048624813557,-0.005030063912272453,-0.004878664389252663,-0.004645221866667271,-0.004376696888357401,-0.004123072139918804,-0.003867629449814558,-0.0036592644173651934,-0.003426281036809087,-0.0032118596136569977,-0.002922998508438468,-0.0026111577171832323,-0.0020317668095231056,-0.0012838025577366352,-0.0008466162253171206,-0.0007990752928890288,-0.0003779679536819458,0.0003409045166336,4.5726574171567336e-05,-0.0012166115920990705,-0.0006826304015703499,0.0015642031794413924,0.0027893262449651957,null,null,null,null,null,null,null,null,null,null,null,null,null,null,null,null,null,null,null
-0.005064522847533226,-0.005171652417629957,-0.005261428654193878,-0.005315286573022604,-0.005331748630851507,-0.005305606871843338,-0.005179057363420725,-0.004972189199179411,-0.004740734118968248,-0.004522318486124277,-0.00430510425940156,-0.004125244449824095,-0.003902498399838805,-0.0036766345147043467,-0.003337182803079486,-0.0029524664860218763,-0.002310031559318304,-0.0015298696234822273,-0.0010376988211646676,-0.0009307147702202201,-0.000446181686129421,0.0003189572016708553,3.1006824428914115e-05,-0.0012655517784878612,-0.0009398824186064303,0.001449013128876686,0.0030797740910202265,null,null,null,null,null,null,null,null,null,null,null,null,null,null,null,null,null,null,null
-0.005147829186171293,-0.005285901483148336,-0.005400330759584904,-0.0054725538939237595,-0.005513380281627178,-0.0055176024325191975,-0.005423175636678934,-0.005250188056379557,-0.005067757330834866,-0.004913508426398039,-0.004733046982437372,-0.0045625255443155766,-0.004347825422883034,-0.004128715023398399,-0.0037166106048971415,-0.0031798353884369135,-0.0025023624766618013,-0.0018041831208392978,-0.001227200380526483,-0.0008686100482009351,-0.00028676731744781137,0.0004213845240883529,0.00022004371567163616,-0.0008463087142445147,-0.00103595235850662,null,null,null,null,null,null,null,null,null,null,null,null,null,null,null,null,null,null,null,null,null
-0.005223289132118225,-0.00538378581404686,-0.005522090010344982,-0.005611680448055267,-0.005687345750629902,-0.005732264369726181,-0.005689501762390137,-0.005561925005167723,-0.005450822878628969,-0.005370046012103558,-0.0052329059690237045,-0.005061114206910133,-0.004844926297664642,-0.004624606110155582,-0.0041206516325473785,-0.0034320037811994553,-0.002708128420636058,-0.0020844845566898584,-0.0013288621557876468,-0.0005980036221444607,-6.42538088868605e-06,0.000345684151398018,6.832987128291279e-05,-0.0007686694152653217,-0.00122215342707932,null,null,null,null,null,null,null,null,null,null,null,null,null,null,null,null,null,null,null,null,null
-0.005304357036948204,-0.005481277126818895,-0.005645320750772953,-0.0057664308696985245,-0.005901934579014778,-0.0060262978076934814,-0.006078805308789015,-0.006048562005162239,-0.006044767796993256,-0.006068789400160313,-0.005973366089165211,-0.005778120830655098,-0.005513024982064962,-0.005231136456131935,-0.004592208657413721,-0.0037133628502488136,-0.0029057031497359276,-0.0023185170721262693,-0.0014277385780587792,-0.00036418886156752706,0.00018110006931237876,7.639841351192445e-05,-0.00032064600964076817,-0.0009776572696864605,-0.0013404882047325373,null,null,null,null,null,null,null,null,null,null,null,null,null,null,null,null,null,null,null,null,null
-0.005386109929531813,-0.005575018934905529,-0.00576581247150898,-0.005925407167524099,-0.006124695297330618,-0.006331403274089098,-0.006485110614448786,-0.006564125884324312,-0.006664662156254053,-0.006774114910513163,-0.006710407789796591,-0.0064860740676522255,-0.006150692235678434,-0.0057594263926148415,-0.004981334786862135,-0.003949624020606279,-0.0030474436935037374,-0.0024325402919203043,-0.0015436175744980574,-0.0005540802958421409,-4.193338827462867e-05,null,null,null,null,null,null,null,null,null,null,null,null,null,null,null,null,null,null,null,null,null,null,null,null,null
-0.0054453336633741856,-0.005632925312966108,-0.00584360770881176,-0.006037667393684387,-0.006292370613664389,-0.006556970998644829,-0.006799036171287298,-0.006967421621084213,-0.007144670933485031,-0.007292607799172401,-0.007234730292111635,-0.0069816275499761105,-0.006545540411025286,-0.006015200633555651,-0.005115731619298458,-0.004020798951387405,-0.003032972803339362,-0.0023385481908917427,-0.0016219198005273938,-0.0008525059674866498,-0.0003279009251855314,null,null,null,null,null,null,null,null,null,null,null,null,null,null,null,null,null,null,null,null,null,null,null,null,null
-0.0055023315362632275,-0.005668770056217909,-0.005898645147681236,-0.00615100609138608,-0.00648270221427083,-0.00683358870446682,-0.007206497248262167,-0.007532820105552673,-0.007821237668395042,-0.008018329739570618,-0.00796059612184763,-0.007658332586288452,-0.0070659806951880455,-0.006289734970778227,-0.00515170581638813,-0.0038679493591189384,-0.002770568011328578,-0.0020578422117978334,-0.0015530678210780025,null,null,null,null,null,null,null,null,null,null,null,null,null,null,null,null,null,null,null,null,null,null,null,null,null,null,null
-0.005537356249988079,-0.005672994535416365,-0.00591834494844079,-0.0062293605878949165,-0.006637332495301962,-0.007072357926517725,-0.007579654920846224,-0.008074925281107426,-0.008478821255266666,-0.008724834769964218,-0.008668119087815285,-0.008319118060171604,-0.00757712172344327,-0.006569101009517908,-0.0051522874273359776,-0.003565015736967325,-0.0023635514080524445,-0.0017608950147405267,-0.0014243990881368518,null,null,null,null,null,null,null,null,null,null,null,null,null,null,null,null,null,null,null,null,null,null,null,null,null,null,null
-0.005486961454153061,-0.005584033206105232,-0.0058267987333238125,-0.006172073073685169,-0.006628978997468948,-0.007111301179975271,-0.007726649288088083,-0.00835470948368311,-0.008861730806529522,-0.009146831929683685,-0.009133839048445225,-0.00881862174719572,-0.007994125597178936,-0.006814819760620594,-0.005178522784262896,-0.003396730637177825,-0.002137838862836361,-0.0016339907888323069,-0.0013577713398262858,null,null,null,null,null,null,null,null,null,null,null,null,null,null,null,null,null,null,null,null,null,null,null,null,null,null,null
-0.005283753853291273,-0.005311204120516777,-0.005534908268600702,-0.0059145367704331875,-0.006422145292162895,-0.006966136861592531,-0.007718187291175127,-0.008543336763978004,-0.009193724021315575,-0.009552563540637493,-0.009661437012255192,-0.00949939712882042,-0.008626529946923256,-0.007196701131761074,-0.005410550627857447,-0.0035782395862042904,-0.0023245015181601048,-0.001760379527695477,-0.0013648886233568192,null,null,null,null,null,null,null,null,null,null,null,null,null,null,null,null,null,null,null,null,null,null,null,null,null,null,null
-0.004901209846138954,-0.0048620253801345825,-0.005065538454800844,-0.005508492700755596,-0.006124220788478851,-0.006766753736883402,-0.007647686172276735,-0.00864860787987709,-0.009435896761715412,-0.009873638860881329,-0.010109447874128819,-0.010108094662427902,-0.009208133444190025,-0.007573469076305628,-0.005701674148440361,-0.003933681640774012,-0.002821346279233694,null,null,null,null,null,null,null,null,null,null,null,null,null,null,null,null,null,null,null,null,null,null,null,null,null,null,null,null,null
-0.004551921971142292,-0.004487995523959398,-0.004683581180870533,-0.005161679349839687,-0.005869343411177397,-0.006580352317541838,-0.007518076337873936,-0.008568576537072659,-0.00941948127001524,-0.009913671761751175,-0.010222017765045166,-0.010285109281539917,-0.009424533694982529,-0.007791066076606512,-0.005879249423742294,-0.0040433574467897415,-0.0030296114273369312,null,null,null,null,null,null,null,null,null,null,null,null,null,null,null,null,null,null,null,null,null,null,null,null,null,null,null,null,null
-0.004317592829465866,-0.004277679603546858,-0.004502990283071995,-0.004983216058462858,-0.0056768846698105335,-0.006420921068638563,-0.007355328183621168,-0.00835101306438446,-0.009156133979558945,-0.00963767059147358,-0.009907460771501064,-0.009931216016411781,-0.009119286201894283,-0.007627107203006744,-0.00576777383685112,-0.0038536079227924347,-0.002812448190525174,null,null,null,null,null,null,null,null,null,null,null,null,null,null,null,null,null,null,null,null,null,null,null,null,null,null,null,null,null
-0.00410608621314168,-0.004173018038272858,-0.0045028990134596825,-0.005031762178987265,-0.0057322364300489426,-0.0064769466407597065,-0.007310713175684214,-0.008089140057563782,-0.008642451837658882,-0.008881396614015102,-0.008942949585616589,-0.0088203651830554,-0.00801340863108635,-0.006668088957667351,-0.0050848135724663734,-0.003553805174306035,-0.0027133580297231674,null,null,null,null,null,null,null,null,null,null,null,null,null,null,null,null,null,null,null,null,null,null,null,null,null,null,null,null,null
-0.0040276856161653996,-0.004309326875954866,-0.004840485751628876,-0.0055210283026099205,-0.006280503701418638,-0.006982595194131136,-0.007552295923233032,-0.00789309199899435,-0.00791518297046423,-0.007776119280606508,-0.007722700480371714,-0.007610487286001444,-0.006774046458303928,-0.005515562370419502,-0.0042420136742293835,-0.0032016707118600607,-0.0026202485896646976,null,null,null,null,null,null,null,null,null,null,null,null,null,null,null,null,null,null,null,null,null,null,null,null,null,null,null,null,null
-0.004272422753274441,-0.004852854646742344,-0.005639467388391495,-0.0063965339213609695,-0.007048549130558968,-0.0075726886279881,-0.00787197332829237,-0.007779552601277828,-0.007298493292182684,-0.0067364247515797615,-0.0065327840857207775,-0.006309017539024353,-0.005538471043109894,-0.004602373111993074,-0.003782369662076235,-0.0030327672138810158,-0.0025267875753343105,null,null,null,null,null,null,null,null,null,null,null,null,null,null,null,null,null,null,null,null,null,null,null,null,null,null,null,null,null
-0.004602747969329357,-0.0054307240061461926,-0.0064095910638570786,-0.007214290089905262,-0.007678505498915911,-0.007988336496055126,-0.007997865788638592,-0.007573883049190044,-0.006651944946497679,-0.005585632286965847,-0.00475345179438591,-0.004148536361753941,-0.0035494533367455006,-0.00322104268707335,-0.0029862436931580305,null,null,null,null,null,null,null,null,null,null,null,null,null,null,null,null,null,null,null,null,null,null,null,null,null,null,null,null,null,null,null
-0.0049209450371563435,-0.005925043486058712,-0.007008991204202175,-0.007875648327171803,-0.008201351389288902,-0.008044279180467129,-0.007527882698923349,-0.006662287749350071,-0.005690078251063824,-0.004471723921597004,-0.0032233153469860554,-0.002383415587246418,-0.001925929100252688,-0.0019210641039535403,-0.0019017561571672559,null,null,null,null,null,null,null,null,null,null,null,null,null,null,null,null,null,null,null,null,null,null,null,null,null,null,null,null,null,null,null
-0.005327530205249786,-0.0065893144346773624,-0.0076889400370419025,-0.00843913946300745,-0.00831010565161705,-0.007326691411435604,-0.006431816145777702,-0.005555232986807823,-0.004702913574874401,null,null,null,null,null,null,null,null,null,null,null,null,null,null,null,null,null,null,null,null,null,null,null,null,null,null,null,null,null,null,null,null,null,null,null,null,null
