earth/public/data/ocean/C53/ANN-votemper-depthz-3000m-gfs-1.0.json
{"header": {"discipline": 0, "disciplineName": "Meteorological products", "gribEdition": 2, "gribLength": 131138.0, "center": 0, "centerName": "Kiel Climate Model", "subcenter": 0, "refTime": "1", "significanceOfRT": 1, "significanceOfRTName": "Start of forecast", "productStatus": 0, "productStatusName": "Operational products", "productType": 1, "productTypeName": "Forecast products", "productDefinitionTemplate": 0, "productDefinitionTemplateName": "Analysis/forecast at horizontal level/layer at a point in time", "parameterCategory": 2, "parameterCategoryName": "Momentum", "parameterNumber": 2, "parameterNumberName": "U-component_of_wind", "parameterUnit": "C", "genProcessType": 2, "genProcessTypeName": "Forecast", "forecastTime": 0, "surface1Type": 103, "surface1TypeName": "Specified height level above ground", "surface1Value": 10, "surface2Type": 255, "surface2TypeName": "Missing", "surface2Value": 0, "gridDefinitionTemplate": 0, "gridDefinitionTemplateName": "Latitude_Longitude", "numberPoints": 65160, "shape": 6, "shapeName": "Earth spherical with radius of 6,371,229.0 m", "gridUnits": "degrees", "resolution": 48, "winds": "true", "scanMode": 0, "nx": 360.0, "ny": 180.0, "basicAngle": 0, "subDivisions": 0, "lo1": 0.0, "la1": -89.5, "lo2": 359.0, "la2": 89.5, "dx": 1.0, "dy": -1.0}, "data":
[rows 69 to 91 of 180, columns 102 to 152 of 360]
6.230463981628418,6.224540710449219,6.216566562652588,6.207939147949219,6.202676773071289,6.201858997344971,6.215453147888184,6.242093563079834,6.242639064788818,6.2166290283203125,6.217391490936279,6.243373870849609,6.271207332611084,6.295980930328369,6.321817398071289,6.344593524932861,6.363123416900635,6.374404430389404,6.381263256072998,6.382340908050537,6.381364345550537,6.3782548904418945,6.373414516448975,6.367509841918945,6.360129356384277,6.352439880371094,6.343742370605469,6.3354949951171875,6.326582431793213,6.31855583190918,6.30995512008667,6.302310466766357,6.294261455535889,6.287258625030518,6.279901027679443,6.2735276222229,6.266789436340332,6.26092529296875,6.254693984985352,6.249244689941406,6.2433905601501465,6.238209247589111,6.232632637023926,6.2276835441589355,6.222262382507324,6.21735954284668,6.212321758270264,6.208067417144775,6.204204559326172,6.201430320739746,6.199325084686279
6.242346286773682,6.236423492431641,6.228520393371582,6.220009803771973,6.214950084686279,6.214353561401367,6.232572078704834,6.266698360443115,6.264164924621582,6.225537300109863,6.216280937194824,6.238183975219727,6.264978408813477,6.292099475860596,6.323208332061768,6.352424144744873,6.375055313110352,6.386732578277588,6.392263889312744,6.390732765197754,6.386768817901611,6.381287574768066,6.37392520904541,6.3661885261535645,6.356942653656006,6.347975730895996,6.338144779205322,6.329285144805908,6.319863319396973,6.3115997314453125,6.302891731262207,6.295306205749512,6.287374019622803,6.280508041381836,6.273334503173828,6.2671308517456055,6.260599136352539,6.254908561706543,6.248847007751465,6.243507385253906,6.237795352935791,6.232741355895996,6.227301597595215,6.2224531173706055,6.2171807289123535,6.212423801422119,6.207533359527588,6.203377723693848,6.199528217315674,6.196677207946777,6.194420337677002
6.258557319641113,6.253383636474609,6.246173858642578,6.238302230834961,6.232231140136719,6.228972434997559,6.242731094360352,6.270599842071533,6.266905307769775,6.232214450836182,6.221811771392822,6.237483978271484,6.260910987854004,6.287526607513428,6.321107864379883,6.355772972106934,6.3812103271484375,6.393050670623779,6.397605895996094,6.393959045410156,6.387845039367676,6.380179405212402,6.370966911315918,6.3617143630981445,6.351285457611084,6.3414692878723145,6.3311052322387695,6.3220295906066895,6.312522888183594,6.3043060302734375,6.295782089233398,6.288517951965332,6.280911445617676,6.274376392364502,6.2674946784973145,6.2615437507629395,6.255209922790527,6.249662399291992,6.243701457977295,6.238420009613037,6.232788562774658,6.227838039398193,6.222522258758545,6.217818260192871,6.212747573852539,6.208250522613525,6.203578472137451,6.1996002197265625,6.195827960968018,6.1929545402526855,6.190558433532715
6.276697158813477,6.2720465660095215,6.265572547912598,6.2584028244018555,6.252227783203125,6.2480926513671875,6.254909992218018,6.272086143493652,6.267579078674316,6.242225646972656,6.2335524559021,6.242770195007324,6.2623138427734375,6.288911819458008,6.323706150054932,6.360411167144775,6.386092662811279,6.396299362182617,6.398650646209717,6.392964839935303,6.3846235275268555,6.3752851486206055,6.364487171173096,6.354264736175537,6.342991352081299,6.332737445831299,6.322121620178223,6.313064098358154,6.303666114807129,6.29561185836792,6.287365913391113,6.280402183532715,6.273143768310547,6.2668867111206055,6.260324954986572,6.254628658294678,6.2485785484313965,6.243249416351318,6.237529277801514,6.232431888580322,6.227029800415039,6.222278118133545,6.217202663421631,6.212701320648193,6.207912445068359,6.203682899475098,6.199294090270996,6.195521831512451,6.191873073577881,6.188999176025391,6.186446189880371
6.293420314788818,6.289068222045898,6.283125877380371,6.276721954345703,6.271384239196777,6.268158435821533,6.267867088317871,6.26991605758667,6.265214443206787,6.254599094390869,6.249955654144287,6.252495288848877,6.26893424987793,6.29600191116333,6.33034610748291,6.365681171417236,6.388962745666504,6.3957390785217285,6.3953938484191895,6.387745380401611,6.377842426300049,6.367343425750732,6.355752468109131,6.3451056480407715,6.333607196807861,6.323328018188477,6.312825679779053,6.304020881652832,6.294888496398926,6.287113189697266,6.279146671295166,6.272462844848633,6.2654571533203125,6.259426593780518,6.253106117248535,6.247665882110596,6.241890907287598,6.2368550300598145,6.231436729431152,6.226648330688477,6.221548080444336,6.217090129852295,6.212292194366455,6.208050727844238,6.2035298347473145,6.199575424194336,6.195441722869873,6.191903114318848,6.188381671905518,6.185530185699463,6.182855129241943
6.312838554382324,6.308794021606445,6.303561210632324,6.298032283782959,6.293607711791992,6.291029930114746,6.287015438079834,6.282212257385254,6.278090953826904,6.275295734405518,6.273232460021973,6.272251605987549,6.286180019378662,6.312583923339844,6.343143463134766,6.372835636138916,6.389849662780762,6.3918232917785645,6.387609481811523,6.378315448760986,6.367074489593506,6.355991840362549,6.344030857086182,6.333349704742432,6.321948528289795,6.31186580657959,6.301670551300049,6.293180465698242,6.284449100494385,6.277027130126953,6.2694902420043945,6.263169288635254,6.256574630737305,6.250866413116455,6.2449116706848145,6.239760398864746,6.234317302703857,6.229547500610352,6.224453449249268,6.219940662384033,6.215169429779053,6.2109856605529785,6.206507682800293,6.202527046203613,6.198314666748047,6.194615364074707,6.190764427185059,6.187442779541016,6.184074401855469,6.181259632110596,6.17849063873291
6.331392765045166,6.327666282653809,6.323084354400635,6.318539142608643,6.3147993087768555,6.312607288360596,6.3094964027404785,6.30611515045166,6.303156852722168,6.301263809204102,6.2994704246521,6.298127174377441,6.310976028442383,6.335582733154297,6.36028528213501,6.380060195922852,6.389028072357178,6.384827613830566,6.376862049102783,6.366239070892334,6.354330539703369,6.3432416915893555,6.331455230712891,6.321130275726318,6.310116767883301,6.300453186035156,6.290656089782715,6.282543659210205,6.274214744567871,6.267219543457031,6.2601189613342285,6.254244327545166,6.248081684112549,6.242791652679443,6.23720645904541,6.232375621795654,6.227211952209473,6.222679615020752,6.217824935913086,6.213552951812744,6.209029674530029,6.205099105834961,6.200878143310547,6.197157859802246,6.193192958831787,6.189727306365967,6.186093807220459,6.1829729080200195,6.17972993850708,6.176967144012451,6.174163341522217
6.350518226623535,6.346907615661621,6.342926025390625,6.339265823364258,6.3361101150512695,6.334007263183594,6.331409931182861,6.328794956207275,6.326615810394287,6.325256824493408,6.324191093444824,6.3235273361206055,6.334449768066406,6.355165958404541,6.371703624725342,6.3817596435546875,6.382093906402588,6.373221397399902,6.362132549285889,6.350975513458252,6.33898401260376,6.3282904624938965,6.317063808441162,6.307276248931885,6.296901702880859,6.2877655029296875,6.278532028198242,6.270831108093262,6.262978553771973,6.256367206573486,6.249707221984863,6.24418306350708,6.238429069519043,6.2334699630737305,6.228248596191406,6.22369384765625,6.218843936920166,6.2145586013793945,6.210014343261719,6.20601224899292,6.201813697814941,6.198154926300049,6.19425630569458,6.190800666809082,6.187135696411133,6.183903694152832,6.180530071258545,6.177607536315918,6.1745429039001465,6.171877384185791,6.169121265411377
6.373502254486084,6.369786739349365,6.366067409515381,6.363064765930176,6.359776973724365,6.356891632080078,6.353621959686279,6.350652694702148,6.347978115081787,6.346193313598633,6.345513820648193,6.346232891082764,6.352834224700928,6.364256381988525,6.369609355926514,6.367735862731934,6.360445022583008,6.3486809730529785,6.336613178253174,6.326231956481934,6.3153533935546875,6.305915832519531,6.2959489822387695,6.287257194519043,6.277985572814941,6.2698163986206055,6.261449337005615,6.254405975341797,6.2471466064453125,6.24099588394165,6.234771728515625,6.229611396789551,6.224249839782715,6.219663619995117,6.214824676513672,6.210612773895264,6.206131458282471,6.202198028564453,6.198049545288086,6.1944475173950195,6.190669536590576,6.187410354614258,6.183928489685059,6.180861473083496,6.177586555480957,6.17470121383667,6.1716628074646,6.169025421142578,6.166232109069824,6.163791179656982,6.1612372398376465
6.394733905792236,6.390938758850098,6.387282848358154,6.38441801071167,6.380600929260254,6.376461982727051,6.372124195098877,6.36828088760376,6.364634037017822,6.361751556396484,6.360708713531494,6.3616108894348145,6.363284587860107,6.365093231201172,6.360074043273926,6.3486199378967285,6.335389137268066,6.322593688964844,6.310445785522461,6.301225662231445,6.291638374328613,6.283515453338623,6.274838924407959,6.2672624588012695,6.259105205535889,6.251915454864502,6.244416236877441,6.238021373748779,6.231330871582031,6.225591659545898,6.219775676727295,6.214961051940918,6.209987640380859,6.205781936645508,6.201326370239258,6.19745397567749,6.193326473236084,6.189713001251221,6.1859283447265625,6.182678699493408,6.179287910461426,6.176392078399658,6.173305988311768,6.17061185836792,6.167719841003418,6.1651763916015625,6.162467956542969,6.160104751586914,6.157581329345703,6.155371189117432,6.153034210205078
6.4039692878723145,6.399904251098633,6.395715236663818,6.392231464385986,6.387453556060791,6.3823323249816895,6.376827716827393,6.372023105621338,6.367062091827393,6.362950325012207,6.3600969314575195,6.359210968017578,6.3564653396606445,6.352697372436523,6.3429484367370605,6.329187870025635,6.315158843994141,6.303339004516602,6.292293071746826,6.283934116363525,6.275297164916992,6.267897605895996,6.260066509246826,6.253175735473633,6.245844841003418,6.239346504211426,6.232555866241455,6.226650714874268,6.220379829406738,6.214849472045898,6.209247589111328,6.204580307006836,6.199819564819336,6.195821285247803,6.191612720489502,6.187944412231445,6.184053421020508,6.180631160736084,6.177082538604736,6.174034595489502,6.17089319229126,6.168210029602051,6.165386199951172,6.162916660308838,6.160283088684082,6.1579461097717285,6.155454635620117,6.153246879577637,6.150895118713379,6.148816108703613,6.14662504196167
6.407478332519531,6.402507305145264,6.397000312805176,6.391977787017822,6.385732173919678,6.379404067993164,6.3725385665893555,6.3663716316223145,6.35966157913208,6.353618144989014,6.347623825073242,6.342739105224609,6.335423469543457,6.326798439025879,6.315062522888184,6.302126407623291,6.289429664611816,6.279273986816406,6.269410610198975,6.261707305908203,6.253671169281006,6.246820449829102,6.239683151245117,6.233590126037598,6.227236747741699,6.221791744232178,6.2160563468933105,6.2110676765441895,6.205448150634766,6.2002081871032715,6.194825649261475,6.190276145935059,6.185711860656738,6.181961536407471,6.178044319152832,6.17466926574707,6.171088218688965,6.1679511070251465,6.164702892303467,6.161935806274414,6.159090518951416,6.156689643859863,6.154165744781494,6.151983737945557,6.149637222290039,6.147557258605957,6.145293712615967,6.1432623863220215,6.1410698890686035,6.1391191482543945,6.1370463371276855
6.40817928314209,6.402150630950928,6.395238876342773,6.388612747192383,6.380879878997803,6.3733601570129395,6.36519193649292,6.357791423797607,6.349377155303955,6.341386795043945,6.3323869705200195,6.323853969573975,6.312884330749512,6.301342964172363,6.288601398468018,6.277002811431885,6.265670299530029,6.256744861602783,6.247738361358643,6.240310192108154,6.232623100280762,6.22607421875,6.219480514526367,6.214059829711914,6.208621978759766,6.204202651977539,6.199545383453369,6.195559501647949,6.1906352043151855,6.185710906982422,6.1805596351623535,6.176130771636963,6.171769618988037,6.168281078338623,6.164667129516602,6.161602973937988,6.15833854675293,6.155486106872559,6.152529716491699,6.150023460388184,6.147455215454102,6.14530611038208,6.143058776855469,6.1411356925964355,6.139054298400879,6.13720703125,6.1351518630981445,6.133272647857666,6.131218433380127,6.129369735717773,6.127391815185547
6.404087066650391,6.39731502532959,6.389465808868408,6.382021427154541,6.3734450340271,6.36533784866333,6.356461524963379,6.348468780517578,6.339155673980713,6.330258846282959,6.319916248321533,6.310052394866943,6.298237323760986,6.286617755889893,6.27432918548584,6.263564109802246,6.25280237197876,6.24399471282959,6.23488187789917,6.2271575927734375,6.219200611114502,6.212497234344482,6.20593786239624,6.200728893280029,6.195751667022705,6.191888809204102,6.188039779663086,6.184845447540283,6.180562973022461,6.175917148590088,6.170995235443115,6.166670799255371,6.162483215332031,6.1591796875,6.155808448791504,6.1529645919799805,6.149946212768555,6.147284030914307,6.144533157348633,6.142179012298584,6.139777183532715,6.137753486633301,6.135653495788574,6.133850574493408,6.13191032409668,6.1301774978637695,6.128225326538086,6.126404285430908,6.124399662017822,6.122574806213379,6.1206135749816895
6.395295143127441,6.387719631195068,6.379167079925537,6.371152400970459,6.362059116363525,6.3535075187683105,6.344125270843506,6.335592746734619,6.325730323791504,6.316299915313721,6.30551290512085,6.295281410217285,6.283638000488281,6.272677421569824,6.260931968688965,6.25056791305542,6.239731788635254,6.230422019958496,6.220607757568359,6.212080955505371,6.2033467292785645,6.196005821228027,6.189049243927002,6.183766841888428,6.178982257843018,6.175597190856934,6.172646522521973,6.170687675476074,6.167342662811279,6.1632208824157715,6.158706188201904,6.154612064361572,6.150700092315674,6.147676944732666,6.144622802734375,6.142094612121582,6.1393866539001465,6.136994361877441,6.134494304656982,6.13234281539917,6.130116939544678,6.128223896026611,6.12624454498291,6.124542236328125,6.122715950012207,6.1211018562316895,6.119226932525635,6.117435455322266,6.115438461303711,6.113600730895996,6.11160945892334
6.383828639984131,6.3756794929504395,6.366649150848389,6.358355522155762,6.348952293395996,6.34013032913208,6.330371379852295,6.321434020996094,6.311207294464111,6.3015336990356445,6.29063606262207,6.280484676361084,6.269211769104004,6.258875846862793,6.24755334854126,6.237313270568848,6.226212501525879,6.2162580490112305,6.205554962158203,6.196028709411621,6.18613862991333,6.177680492401123,6.16983699798584,6.164052486419678,6.159058094024658,6.155792713165283,6.153677940368652,6.153130054473877,6.150962829589844,6.147585391998291,6.143688678741455,6.139981269836426,6.136474609375,6.133808135986328,6.131141662597656,6.128966331481934,6.1266188621521,6.124532699584961,6.1223273277282715,6.120408058166504,6.118379592895508,6.116613864898682,6.114737033843994,6.113094329833984,6.1113715171813965,6.109884738922119,6.108084201812744,6.106298446655273,6.1042914390563965,6.102428436279297,6.100386142730713
6.373318672180176,6.365175724029541,6.356242656707764,6.348134517669678,6.338871479034424,6.330132961273193,6.320398807525635,6.31143045425415,6.301299095153809,6.291839122772217,6.281299114227295,6.271594047546387,6.260765075683594,6.2507781982421875,6.239725112915039,6.22959041595459,6.21851110458374,6.208448886871338,6.197455883026123,6.187467098236084,6.176337242126465,6.16609525680542,6.156529426574707,6.149448871612549,6.143064498901367,6.138632774353027,6.136328220367432,6.1366496086120605,6.135464191436768,6.13299036026001,6.129845142364502,6.1265869140625,6.1234636306762695,6.121048927307129,6.118618011474609,6.1166253089904785,6.114475250244141,6.112569808959961,6.110553741455078,6.108800411224365,6.106904983520508,6.105215072631836,6.103321075439453,6.10157585144043,6.099872589111328,6.098525047302246,6.0967841148376465,6.094964027404785,6.092957496643066,6.091126441955566,6.089078426361084
6.3654375076293945,6.357566833496094,6.348915100097656,6.341066360473633,6.332048416137695,6.323510646820068,6.313942909240723,6.305094242095947,6.295178413391113,6.2860107421875,6.275827407836914,6.266495227813721,6.256026268005371,6.246333122253418,6.235708713531494,6.226091384887695,6.215628147125244,6.206230163574219,6.195821285247803,6.1862874031066895,6.17568302154541,6.163304805755615,6.1503424644470215,6.141810417175293,6.132315158843994,6.125043869018555,6.122163772583008,6.122706413269043,6.122158050537109,6.120649337768555,6.1181960105896,6.115274429321289,6.112359523773193,6.109997272491455,6.107582092285156,6.105560779571533,6.103404998779297,6.101511478424072,6.099534511566162,6.097840785980225,6.0959930419921875,6.094334125518799,6.092300891876221,6.090264797210693,6.088504314422607,6.087341785430908,6.08566951751709,6.083792686462402,6.081830024719238,6.080138683319092,6.078179836273193
6.3615498542785645,6.353964805603027,6.3455610275268555,6.337863922119141,6.329014301300049,6.320620059967041,6.311168670654297,6.302380084991455,6.292566299438477,6.283515930175781,6.273528099060059,6.264420032501221,6.254237651824951,6.244831085205078,6.234804630279541,6.225971221923828,6.216575622558594,6.208297252655029,6.198829174041748,6.18991231918335,6.182133674621582,null,null,null,null,6.115607738494873,6.113917350769043,6.113967418670654,6.113495826721191,6.112617015838623,6.110515594482422,6.10758638381958,6.104589939117432,6.102082252502441,6.099508762359619,6.097340106964111,6.095034599304199,6.09301233291626,6.0908894538879395,6.089058876037598,6.087111473083496,6.085409164428711,6.083044052124023,6.080463886260986,6.078507900238037,6.077545642852783,6.075943946838379,6.07399320602417,6.07211971282959,6.070661544799805,6.068915367126465
6.360535621643066,6.35322904586792,6.345043182373047,6.337466239929199,6.328751087188721,6.320478439331055,6.311101913452148,6.3023223876953125,6.2925004959106445,6.283420085906982,6.273513317108154,6.26458215713501,6.254515171051025,6.245161533355713,6.23563289642334,6.227689743041992,6.219581127166748,6.2127885818481445,6.204790115356445,6.195085525512695,6.1884074211120605,null,null,null,null,6.111352920532227,6.110434055328369,6.10908317565918,6.1080474853515625,6.107275485992432,6.104946136474609,6.101518154144287,6.098143577575684,6.095445156097412,6.092774391174316,6.090596675872803,6.088262557983398,6.086170673370361,6.083852767944336,6.0817155838012695,6.079525470733643,6.07767915725708,6.074747562408447,6.071267604827881,6.068850517272949,6.067951202392578,6.066380023956299,6.064428329467773,6.062704086303711,6.061516284942627,6.060077667236328
6.360450267791748,6.353442192077637,6.345531463623047,6.338151454925537,6.329672813415527,6.321628093719482,6.312453269958496,6.303804397583008,6.294046401977539,6.284943103790283,6.275206565856934,6.2665910720825195,6.256326675415039,6.2462968826293945,6.236746311187744,6.229455471038818,6.222494125366211,6.217164516448975,6.212116718292236,null,null,null,null,null,null,null,null,6.104820728302002,6.103633880615234,6.102406978607178,6.099255084991455,6.094769477844238,6.090795516967773,6.088062286376953,6.085595607757568,6.083829879760742,6.0818867683410645,6.080098628997803,6.077815532684326,6.075434684753418,6.073051452636719,6.071083068847656,6.067645072937012,6.063329696655273,6.06031608581543,6.0591325759887695,6.057553291320801,6.0558624267578125,6.054553985595703,6.053834438323975,6.052829742431641
6.360545635223389,6.353846073150635,6.346278190612793,6.339216232299805,6.331147193908691,6.3235297203063965,6.314821243286133,6.306590557098389,6.297062397003174,6.2879638671875,6.278664588928223,6.270838260650635,6.261363983154297,6.249508857727051,6.237502098083496,6.23030424118042,6.223958492279053,6.219292163848877,null,null,null,null,null,null,null,null,null,6.101993083953857,6.100987911224365,6.099290370941162,6.096148490905762,6.090953350067139,6.085988521575928,6.083284378051758,6.081124305725098,6.079823970794678,6.078350067138672,6.07696008682251,6.074256896972656,6.0714640617370605,6.069243907928467,6.067440509796143,6.064044952392578,6.059642791748047,6.056262016296387,6.054499626159668,6.052713394165039,6.051257133483887,6.05039119720459,6.050325393676758,6.049742221832275
6.360191345214844,6.353776454925537,6.346595764160156,6.3399553298950195,6.332477569580078,6.325516223907471,6.317626953125,6.310227394104004,6.300939083099365,6.291468620300293,6.282548904418945,6.275852203369141,6.269481182098389,null,null,null,null,null,null,null,null,null,null,null,null,null,6.10210657119751,6.101109027862549,6.099850177764893,6.098334789276123,6.096373081207275,null,null,null,null,null,null,null,null,6.0697503089904785,6.068305015563965,6.066587448120117,6.0637335777282715,6.060272216796875,6.056530952453613,6.053238391876221,6.050611972808838,6.049180030822754,6.048394680023193,6.048399448394775,6.0480217933654785
