earth/public/data/ocean/C53/ANN-somxl010-depthz-0m-gfs-1.0.json
{"header": {"discipline": 0, "disciplineName": "Meteorological products", "gribEdition": 2, "gribLength": 131138.0, "center": 0, "centerName": "Kiel Climate Model", "subcenter": 0, "refTime": "1", "significanceOfRT": 1, "significanceOfRTName": "Start of forecast", "productStatus": 0, "productStatusName": "Operational products", "productType": 1, "productTypeName": "Forecast products", "productDefinitionTemplate": 0, "productDefinitionTemplateName": "Analysis/forecast at horizontal level/layer at a point in time", "parameterCategory": 2, "parameterCategoryName": "Momentum", "parameterNumber": 2, "parameterNumberName": "U-component_of_wind", "parameterUnit": "m", "genProcessType": 2, "genProcessTypeName": "Forecast", "forecastTime": 0, "surface1Type": 103, "surface1TypeName": "Specified height level above ground", "surface1Value": 10, "surface2Type": 255, "surface2TypeName": "Missing", "surface2Value": 0, "gridDefinitionTemplate": 0, "gridDefinitionTemplateName": "Latitude_Longitude", "numberPoints": 65160, "shape": 6, "shapeName": "Earth spherical with radius of 6,371,229.0 m", "gridUnits": "degrees", "resolution": 48, "winds": "true", "scanMode": 0, "nx": 360.0, "ny": 180.0, "basicAngle": 0, "subDivisions": 0, "lo1": 0.0, "la1": -89.5, "lo2": 359.0, "la2": 89.5, "dx": 1.0, "dy": -1.0}, "data":
[rows 126 to 146 of 180, columns 0 to 46 of 360]
75.51056671142578,73.13153076171875,71.90992736816406,72.15730285644531,75.17434692382812,80.47618103027344,78.08660888671875,68.63330078125,60.342777252197266,52.95912170410156,48.07957458496094,46.82646942138672,48.721248626708984,52.3573112487793,50.2669792175293,42.25992965698242,35.4327507019043,30.900867462158203,32.096229553222656,38.70043182373047,43.19581604003906,44.7558479309082,44.53676986694336,42.498085021972656,38.75176239013672,34.22414779663086,31.766908645629883,null,null,null,null,null,null,29.699670791625977,28.4783992767334,28.185333251953125,29.613609313964844,33.992000579833984,39.318851470947266,44.266624450683594,48.75119400024414,52.521846771240234,54.755210876464844,56.208648681640625,56.78163528442383,59.65562438964844,64.24140167236328
74.31993865966797,67.33763885498047,68.37826538085938,75.66932678222656,82.98882293701172,88.41771697998047,86.88926696777344,78.74411010742188,72.03296661376953,65.80641174316406,57.9991569519043,53.643096923828125,53.019386291503906,56.00252151489258,49.80946350097656,34.332969665527344,26.487497329711914,27.688844680786133,33.2792854309082,42.529998779296875,47.62089920043945,47.66365432739258,46.81195831298828,45.35190963745117,41.11499786376953,32.75602722167969,27.382596969604492,null,null,null,null,null,null,33.13066482543945,31.057634353637695,29.227006912231445,29.17319679260254,31.97623062133789,36.9037971496582,43.30677795410156,50.265403747558594,57.60055923461914,63.97081756591797,72.78958129882812,80.86039733886719,79.17865753173828,67.55322265625
49.445106506347656,44.322811126708984,53.96458053588867,73.46516418457031,87.28450775146484,93.4937515258789,92.58586120605469,84.46461486816406,79.41923522949219,76.54939270019531,72.02529907226562,67.00119018554688,66.57614135742188,69.40109252929688,60.822532653808594,37.07948684692383,23.052806854248047,26.92188262939453,33.756431579589844,43.14989471435547,48.957618713378906,50.05232238769531,49.487701416015625,47.54555130004883,44.56886672973633,40.89482116699219,38.386714935302734,null,null,null,null,null,null,38.65803527832031,37.03911209106445,33.77460479736328,31.51188850402832,32.266929626464844,36.033164978027344,41.38261795043945,47.267433166503906,58.04807662963867,68.06243133544922,77.7121810913086,94.57183074951172,110.12242126464844,113.99607849121094
22.076379776000977,28.19358253479004,41.978851318359375,64.8578109741211,84.9120101928711,96.58243560791016,97.44483947753906,90.99626922607422,87.4948959350586,87.78282928466797,86.81942749023438,87.26695251464844,91.60380554199219,null,null,null,null,null,null,42.24556350708008,48.98625946044922,52.46894073486328,52.54015350341797,49.35920333862305,46.960845947265625,44.44980239868164,42.246917724609375,41.37409591674805,40.35685729980469,39.28764343261719,38.30217361450195,37.51530838012695,36.93429183959961,37.4182243347168,37.09302520751953,34.986358642578125,32.908050537109375,33.08169174194336,35.35924530029297,37.759857177734375,39.844200134277344,48.262142181396484,56.578399658203125,50.843055725097656,58.77287292480469,91.70414733886719,139.6970672607422
19.464523315429688,24.686094284057617,35.953712463378906,53.49190139770508,76.14468383789062,93.44361114501953,98.67916107177734,97.58739471435547,97.22930908203125,99.12100982666016,99.85680389404297,104.17269134521484,113.3475341796875,null,null,null,null,null,null,39.79324722290039,48.087921142578125,54.49552536010742,55.04777145385742,51.75214385986328,49.802337646484375,48.12055969238281,45.789058685302734,44.46118927001953,42.820743560791016,41.11652374267578,39.4644889831543,38.126708984375,36.9387321472168,36.17509841918945,35.41246795654297,34.63795471191406,33.9468879699707,34.48710632324219,35.27109909057617,35.64328384399414,35.595333099365234,40.352577209472656,46.87678146362305,26.986230850219727,30.41515350341797,55.0322265625,89.73027801513672
17.605180740356445,22.260122299194336,31.00109100341797,45.082427978515625,63.51266098022461,82.11003875732422,95.32950592041016,106.67889404296875,116.22732543945312,121.00558471679688,118.90570831298828,114.46053314208984,109.69774627685547,null,null,null,null,null,null,36.049034118652344,45.53703308105469,53.65115737915039,55.45576095581055,54.6546745300293,55.29397201538086,55.473819732666016,54.079254150390625,52.95243453979492,50.977210998535156,48.05202102661133,45.22520446777344,43.35890579223633,41.68047332763672,39.9410400390625,38.342342376708984,36.92523956298828,36.03220748901367,35.59926223754883,35.09248352050781,34.56597137451172,34.29087829589844,38.817806243896484,48.45254135131836,35.48933792114258,39.68168258666992,48.216819763183594,54.59189987182617
17.31549072265625,20.614704132080078,26.42947006225586,37.468597412109375,51.48652267456055,69.9263687133789,89.5308837890625,113.31871032714844,144.927734375,160.7808074951172,151.68287658691406,124.93821716308594,92.41993713378906,null,null,null,null,null,null,35.229766845703125,43.84437942504883,51.34843826293945,55.02445983886719,57.2028923034668,58.98942947387695,60.001163482666016,59.227020263671875,58.10248947143555,55.919612884521484,52.01443099975586,47.74091720581055,45.0366096496582,43.395301818847656,41.81695556640625,40.337345123291016,39.39942932128906,37.83639144897461,35.697792053222656,33.892127990722656,33.04705047607422,32.57149124145508,null,null,null,46.575584411621094,58.065128326416016,65.47501373291016
18.531978607177734,19.48493766784668,22.152591705322266,30.920982360839844,44.301456451416016,67.8298110961914,96.55262756347656,132.95285034179688,181.27658081054688,206.03070068359375,181.75621032714844,135.25384521484375,85.96482849121094,null,null,null,null,null,null,37.6700439453125,45.74860763549805,51.807743072509766,54.76184844970703,56.80689239501953,57.654903411865234,57.311988830566406,55.89107894897461,54.073760986328125,51.81548309326172,48.558937072753906,45.012264251708984,42.7464714050293,41.51890563964844,40.416019439697266,39.44624710083008,39.38142013549805,38.7869758605957,36.08345031738281,33.35940933227539,31.76133918762207,30.674373626708984,null,null,null,48.42023468017578,62.634159088134766,71.59867858886719
20.08745765686035,19.147537231445312,19.10809326171875,25.466840744018555,37.1511344909668,69.57604217529297,117.29960632324219,157.1948699951172,191.80784606933594,197.637451171875,167.75119018554688,126.51014709472656,86.78945922851562,null,null,null,null,null,null,40.007774353027344,49.19777297973633,54.64761734008789,54.960811614990234,54.3648681640625,53.384620666503906,51.5638542175293,49.23065948486328,46.510414123535156,43.86555480957031,41.81483840942383,40.739383697509766,39.5517463684082,38.50862503051758,38.05705642700195,37.92721176147461,36.907806396484375,35.28642272949219,33.44086456298828,31.70943832397461,30.405353546142578,28.83014488220215,null,null,null,47.043540954589844,58.09302520751953,63.34709548950195
20.484102249145508,18.127765655517578,16.08055877685547,19.039403915405273,28.09683609008789,80.8047866821289,148.23013305664062,166.4759063720703,145.74192810058594,127.80757904052734,115.3304672241211,99.81816864013672,85.10413360595703,72.65937042236328,63.846435546875,57.930599212646484,null,null,null,41.84030532836914,51.997642517089844,57.22117614746094,55.32150650024414,52.58714294433594,50.04231643676758,46.60624694824219,42.87883377075195,39.28718948364258,36.52241897583008,35.050636291503906,35.18730163574219,34.911922454833984,33.9846076965332,null,null,null,28.762432098388672,27.79262351989746,29.383914947509766,28.657325744628906,27.08404541015625,null,null,null,null,null,null
19.3475341796875,16.894086837768555,15.079109191894531,15.311891555786133,50.4373664855957,104.53076934814453,188.5407257080078,166.79278564453125,97.99633026123047,67.63261413574219,80.76839447021484,86.46553802490234,84.52629852294922,77.08575439453125,65.40792846679688,59.02132034301758,null,null,null,44.748558044433594,56.071834564208984,60.57289123535156,57.03367614746094,53.100318908691406,50.030426025390625,45.919281005859375,39.7598991394043,33.646827697753906,30.17558479309082,29.152259826660156,29.32088851928711,29.25164031982422,28.98853302001953,null,null,null,23.890602111816406,25.809886932373047,26.783477783203125,26.6778507232666,25.516643524169922,null,null,null,null,null,null
18.035354614257812,16.114707946777344,null,null,null,null,null,null,77.38591766357422,53.605674743652344,75.4664535522461,86.6123046875,84.9948501586914,79.36248016357422,69.52792358398438,63.614601135253906,58.38908386230469,52.63672637939453,42.668724060058594,46.86258316040039,58.100379943847656,64.68445587158203,62.234413146972656,57.33619689941406,52.47684097290039,47.56224822998047,40.64591979980469,null,null,null,null,null,null,null,null,null,null,null,null,null,null,null,null,null,null,null,null
18.39486312866211,16.80243682861328,null,null,null,null,null,null,58.55099868774414,49.20191192626953,65.22789764404297,74.4625244140625,76.63003540039062,78.49636840820312,74.95381164550781,68.14224243164062,64.26693725585938,59.4581184387207,55.63698196411133,55.82408142089844,62.034873962402344,69.92071533203125,69.59127044677734,63.82321548461914,55.68549728393555,46.039825439453125,39.15532302856445,null,null,null,null,null,null,null,null,null,null,null,null,null,null,null,null,null,null,null,null
19.86112403869629,18.660924911499023,null,null,null,null,null,null,47.94450759887695,42.537052154541016,50.216617584228516,57.36357498168945,63.3761100769043,71.15564727783203,72.99900817871094,70.59297180175781,70.39414978027344,72.30490112304688,72.72846221923828,72.12006378173828,73.17833709716797,75.35772705078125,73.71241760253906,68.26968383789062,56.364097595214844,40.031314849853516,31.12755584716797,null,null,null,null,null,null,null,null,null,null,null,null,null,null,null,null,null,null,null,null
21.55866813659668,20.516338348388672,null,null,null,null,null,null,null,null,null,null,null,51.63998794555664,55.54652786254883,61.87494659423828,69.26976776123047,76.3935775756836,80.9988784790039,81.42630767822266,80.6459732055664,78.59121704101562,74.96762084960938,69.91276550292969,59.1859130859375,42.198726654052734,29.745616912841797,null,null,null,null,null,null,null,null,null,null,null,null,null,null,null,null,null,null,null,null
23.94389533996582,23.02065658569336,null,null,null,null,null,null,null,null,null,null,null,32.65945816040039,37.915401458740234,44.895294189453125,51.15745162963867,61.96390914916992,72.99226379394531,78.24043273925781,79.48731994628906,78.83180236816406,76.13992309570312,73.25518798828125,68.29483795166016,58.74321365356445,52.80018615722656,null,null,null,null,null,null,null,null,null,null,null,null,null,null,null,null,null,null,null,null
25.15163803100586,24.812206268310547,null,null,null,null,null,null,null,null,null,null,null,30.69049644470215,33.16073989868164,36.44157028198242,30.97311019897461,42.45512771606445,61.31941223144531,72.67650604248047,77.7029037475586,79.60929107666016,78.24913024902344,77.49071502685547,77.74008178710938,73.6700439453125,63.17259216308594,null,null,null,null,null,null,null,null,null,null,null,null,null,null,null,null,null,null,null,null
24.357807159423828,23.936655044555664,null,null,null,null,null,null,null,null,null,null,null,null,null,null,23.010772705078125,33.42026138305664,52.40528106689453,67.4404525756836,75.85311126708984,80.25483703613281,80.22290802001953,81.21923828125,81.49063110351562,77.57330322265625,72.20852661132812,71.57473754882812,74.90239715576172,51.916568756103516,null,null,null,null,null,null,null,null,null,null,null,null,null,null,null,null,null
23.043352127075195,21.943470001220703,null,null,null,null,null,null,null,null,null,null,null,null,null,null,21.777454376220703,31.186304092407227,46.870399475097656,56.49483871459961,66.89230346679688,78.30532836914062,83.9969482421875,86.81629180908203,85.49217987060547,80.12604522705078,73.32810974121094,66.570556640625,59.68537902832031,45.1963005065918,null,null,null,null,null,null,null,null,null,null,null,null,null,null,null,null,null
21.741432189941406,20.849529266357422,null,null,null,null,null,null,null,null,null,null,null,null,null,null,29.701751708984375,34.62398910522461,42.408451080322266,42.327884674072266,59.76869201660156,84.9237289428711,96.02269744873047,97.03916931152344,92.65522766113281,84.08539581298828,72.614013671875,54.81895446777344,40.03192901611328,32.355613708496094,null,null,null,null,null,null,null,null,null,null,null,null,null,null,null,null,null
20.9544677734375,20.844633102416992,null,null,null,null,null,null,null,null,null,null,null,null,null,null,null,null,null,null,null,null,98.0893783569336,97.9066162109375,90.26844024658203,83.22715759277344,75.22885131835938,61.1325569152832,43.089900970458984,33.7360954284668,null,null,null,null,null,null,null,null,null,null,null,null,null,null,null,null,null
