earth/public/data/ocean/C53/ANN-votemper-depthz-500m-gfs-1.0.json
{"header": {"discipline": 0, "disciplineName": "Meteorological products", "gribEdition": 2, "gribLength": 131138.0, "center": 0, "centerName": "Kiel Climate Model", "subcenter": 0, "refTime": "1", "significanceOfRT": 1, "significanceOfRTName": "Start of forecast", "productStatus": 0, "productStatusName": "Operational products", "productType": 1, "productTypeName": "Forecast products", "productDefinitionTemplate": 0, "productDefinitionTemplateName": "Analysis/forecast at horizontal level/layer at a point in time", "parameterCategory": 2, "parameterCategoryName": "Momentum", "parameterNumber": 2, "parameterNumberName": "U-component_of_wind", "parameterUnit": "C", "genProcessType": 2, "genProcessTypeName": "Forecast", "forecastTime": 0, "surface1Type": 103, "surface1TypeName": "Specified height level above ground", "surface1Value": 10, "surface2Type": 255, "surface2TypeName": "Missing", "surface2Value": 0, "gridDefinitionTemplate": 0, "gridDefinitionTemplateName": "Latitude_Longitude", "numberPoints": 65160, "shape": 6, "shapeName": "Earth spherical with radius of 6,371,229.0 m", "gridUnits": "degrees", "resolution": 48, "winds": "true", "scanMode": 0, "nx": 360.0, "ny": 180.0, "basicAngle": 0, "subDivisions": 0, "lo1": 0.0, "la1": -89.5, "lo2": 359.0, "la2": 89.5, "dx": 1.0, "dy": -1.0}, "data":
[rows 110 to 131 of 180, columns 98 to 146 of 360]
null,null,null,null,null,null,null,null,null,null,null,null,null,null,null,null,null,null,null,null,null,null,null,null,null,null,null,null,null,null,null,13.157069206237793,13.129611015319824,13.073724746704102,12.99948501586914,12.907674789428711,12.843046188354492,12.809792518615723,12.755803108215332,12.692066192626953,12.655296325683594,12.658106803894043,12.735339164733887,12.877195358276367,12.99060344696045,13.054192543029785,13.028682708740234,12.915902137756348,12.741846084594727
null,null,null,null,null,null,null,null,null,null,null,null,null,null,null,null,null,null,null,null,null,null,null,null,null,null,null,null,null,null,null,13.149392127990723,13.173768997192383,13.226224899291992,13.247215270996094,13.325636863708496,13.427144050598145,13.521077156066895,13.549500465393066,13.50363826751709,13.416790008544922,13.30418586730957,13.253695487976074,13.30947494506836,13.402374267578125,13.441095352172852,13.380772590637207,13.344722747802734,13.346747398376465
null,null,null,null,null,null,null,null,null,null,null,null,null,null,null,null,null,null,null,null,null,null,null,null,null,null,null,null,null,null,null,null,null,null,13.35128116607666,13.56598949432373,13.893901824951172,14.144876480102539,14.305368423461914,14.300244331359863,14.15280818939209,13.937945365905762,13.733173370361328,13.69628620147705,13.73841667175293,13.748220443725586,null,null,14.025847434997559
null,null,null,null,null,null,null,null,null,null,null,null,null,null,null,null,null,null,null,null,null,null,null,null,null,null,null,null,null,null,null,null,null,13.181231498718262,13.315403938293457,13.567804336547852,13.926300048828125,14.366277694702148,14.659492492675781,14.737396240234375,14.611855506896973,14.297798156738281,14.060908317565918,13.982219696044922,13.990826606750488,null,null,14.453324317932129,14.419665336608887
null,null,null,null,null,null,null,null,null,null,null,null,null,null,null,null,null,null,null,null,null,null,null,null,null,null,null,null,null,null,null,null,null,null,null,13.357328414916992,13.717370986938477,14.344718933105469,14.82017993927002,15.077874183654785,15.019762992858887,14.6660737991333,14.402820587158203,14.272234916687012,14.24974536895752,14.350577354431152,14.502080917358398,14.622077941894531,14.660810470581055
null,null,null,null,null,null,null,null,null,null,null,null,null,null,null,null,null,null,null,null,null,null,null,null,null,null,null,null,null,null,null,null,null,null,null,null,13.602459907531738,14.275195121765137,14.86305046081543,15.39082145690918,15.520804405212402,15.210531234741211,14.929168701171875,14.724985122680664,14.622861862182617,14.645363807678223,14.745854377746582,14.909518241882324,15.003499031066895
null,null,null,null,null,null,null,null,null,null,null,null,null,null,null,null,null,null,null,null,null,null,null,null,null,null,null,null,null,null,null,null,null,null,null,null,null,14.228961944580078,14.786705017089844,15.620524406433105,15.95770263671875,15.755769729614258,15.506185531616211,15.257218360900879,15.111133575439453,15.090494155883789,15.152959823608398,15.283716201782227,15.360387802124023
null,null,null,null,null,null,null,null,null,null,null,null,null,null,null,null,null,null,null,null,null,null,null,null,null,null,null,null,null,null,null,null,null,null,null,null,null,14.061461448669434,14.650464057922363,15.718046188354492,16.29685401916504,16.263874053955078,16.116579055786133,15.869140625,15.694151878356934,15.623811721801758,15.629033088684082,15.714082717895508,15.761405944824219
null,null,null,null,null,null,null,null,null,null,null,null,null,null,null,null,null,null,null,null,null,null,null,null,null,null,null,null,null,null,null,null,null,null,null,null,null,13.549124717712402,14.353965759277344,15.686906814575195,16.46123695373535,16.65782356262207,16.64923095703125,16.449630737304688,16.270431518554688,16.143829345703125,16.0916690826416,16.118215560913086,16.13393211364746
null,null,null,null,null,null,null,null,null,null,null,null,null,null,null,null,null,null,null,null,null,null,null,null,null,null,null,null,null,null,null,null,null,null,null,null,null,12.791092872619629,13.831547737121582,15.363884925842285,16.40105628967285,16.90557289123535,17.122690200805664,16.99134635925293,16.83266830444336,16.672016143798828,16.572433471679688,16.553993225097656,16.538633346557617
null,null,null,null,null,null,null,null,null,null,null,null,null,null,null,null,null,null,null,null,null,null,null,null,null,null,null,null,null,null,null,null,null,null,null,null,null,12.37090015411377,13.40827751159668,14.783829689025879,15.862412452697754,16.866336822509766,17.418346405029297,17.42490577697754,17.347150802612305,17.19626808166504,17.096996307373047,17.062088012695312,17.036144256591797
null,null,null,null,null,null,null,null,null,null,null,null,null,null,null,null,null,null,null,null,null,null,null,null,null,null,null,null,null,null,null,null,null,null,null,null,null,null,null,14.280386924743652,15.265162467956543,16.688465118408203,17.545312881469727,17.694677352905273,17.7108154296875,17.597238540649414,17.521581649780273,17.500932693481445,17.478885650634766
null,null,null,null,null,null,null,null,null,null,null,null,null,null,null,null,null,null,null,null,null,null,null,null,null,null,null,null,null,null,null,null,null,null,null,null,null,null,null,13.78547191619873,14.631091117858887,16.17835807800293,17.200523376464844,17.501449584960938,17.657787322998047,17.626304626464844,17.621356964111328,17.636459350585938,17.639739990234375
null,null,null,null,null,null,null,null,null,null,null,null,null,null,null,null,null,null,null,null,null,null,null,null,null,null,null,null,null,null,null,null,null,null,null,null,null,null,null,13.065607070922852,13.890525817871094,15.313502311706543,16.386585235595703,16.934389114379883,17.29323959350586,17.406675338745117,17.5179386138916,17.608888626098633,17.658349990844727
null,null,null,null,null,null,null,null,null,null,null,null,null,null,null,null,null,null,null,null,null,null,null,null,null,null,null,null,null,null,null,null,null,null,null,null,null,null,null,12.795339584350586,13.47501277923584,14.616868019104004,15.654088973999023,16.388656616210938,16.911359786987305,17.133176803588867,17.351472854614258,17.531856536865234,17.630332946777344
null,null,null,null,null,null,null,null,null,null,null,null,null,null,null,null,null,null,null,null,null,null,null,null,null,null,null,null,null,null,null,null,null,null,null,null,null,null,null,12.624422073364258,13.305802345275879,14.382295608520508,15.372854232788086,16.095012664794922,16.63791847229004,16.90581512451172,17.185617446899414,17.42243194580078,17.554101943969727
null,null,null,null,null,null,null,null,null,null,null,null,null,null,null,null,null,null,null,null,null,null,null,null,null,null,null,null,null,null,null,null,null,null,null,null,null,null,null,12.320954322814941,13.198112487792969,14.351625442504883,15.19154167175293,15.813994407653809,16.349185943603516,16.69310188293457,17.03618049621582,17.317174911499023,17.470874786376953
null,null,null,null,null,null,null,null,null,null,null,null,null,null,null,null,null,null,null,null,null,null,null,null,null,null,null,null,null,null,null,null,null,null,null,null,null,null,null,null,null,14.435026168823242,14.98025894165039,15.56717586517334,16.109535217285156,16.514698028564453,16.889968872070312,17.17395782470703,17.34316062927246
null,null,null,null,null,null,null,null,null,null,null,null,null,null,null,null,null,null,null,null,null,null,null,null,null,null,null,null,null,null,null,null,null,null,null,null,null,null,null,null,null,14.567073822021484,14.816174507141113,15.199708938598633,15.624011039733887,16.100719451904297,16.53269386291504,16.82514762878418,17.040605545043945
null,null,null,null,null,null,null,null,null,null,null,null,null,null,null,null,null,null,null,null,null,null,null,null,null,null,null,null,null,null,null,null,null,null,null,null,null,null,null,null,null,null,null,14.434062957763672,14.679816246032715,15.161489486694336,15.654953956604004,16.161325454711914,16.609704971313477
null,null,null,null,null,null,null,null,null,null,null,null,null,null,null,null,null,null,null,null,null,null,null,null,null,null,null,null,null,null,null,null,null,null,null,null,null,null,null,null,null,null,null,13.804173469543457,13.963899612426758,14.23855972290039,14.733744621276855,15.471071243286133,16.161575317382812
null,null,null,null,null,null,null,null,null,null,null,null,null,null,null,null,null,null,null,null,null,null,null,null,null,null,null,null,null,null,null,null,null,null,null,null,null,null,null,null,null,null,null,13.718656539916992,13.646921157836914,13.563271522521973,13.918495178222656,14.71738052368164,15.414164543151855
