earth/public/data/ocean/C53/ANN-votemper-depthz-1000m-gfs-1.0.json
{"header": {"discipline": 0, "disciplineName": "Meteorological products", "gribEdition": 2, "gribLength": 131138.0, "center": 0, "centerName": "Kiel Climate Model", "subcenter": 0, "refTime": "1", "significanceOfRT": 1, "significanceOfRTName": "Start of forecast", "productStatus": 0, "productStatusName": "Operational products", "productType": 1, "productTypeName": "Forecast products", "productDefinitionTemplate": 0, "productDefinitionTemplateName": "Analysis/forecast at horizontal level/layer at a point in time", "parameterCategory": 2, "parameterCategoryName": "Momentum", "parameterNumber": 2, "parameterNumberName": "U-component_of_wind", "parameterUnit": "C", "genProcessType": 2, "genProcessTypeName": "Forecast", "forecastTime": 0, "surface1Type": 103, "surface1TypeName": "Specified height level above ground", "surface1Value": 10, "surface2Type": 255, "surface2TypeName": "Missing", "surface2Value": 0, "gridDefinitionTemplate": 0, "gridDefinitionTemplateName": "Latitude_Longitude", "numberPoints": 65160, "shape": 6, "shapeName": "Earth spherical with radius of 6,371,229.0 m", "gridUnits": "degrees", "resolution": 48, "winds": "true", "scanMode": 0, "nx": 360.0, "ny": 180.0, "basicAngle": 0, "subDivisions": 0, "lo1": 0.0, "la1": -89.5, "lo2": 359.0, "la2": 89.5, "dx": 1.0, "dy": -1.0}, "data":
[rows 132 to 153 of 180, columns 204 to 254 of 360]
8.182880401611328,8.176424980163574,8.143410682678223,8.083974838256836,8.052751541137695,8.047646522521973,8.043076515197754,8.037904739379883,8.03336238861084,8.028648376464844,8.024931907653809,8.020898818969727,8.017618179321289,8.013739585876465,8.010330200195312,8.005587577819824,8.000751495361328,7.994102954864502,7.987224102020264,7.9782280921936035,7.969098091125488,7.948127746582031,7.920888423919678,7.898723602294922,7.887210369110107,7.873739242553711,7.860671520233154,7.845531463623047,7.830987453460693,7.814400672912598,7.798710823059082,7.781208515167236,7.765023708343506,7.74735164642334,7.731368541717529,7.715450286865234,7.702460765838623,7.691008567810059,7.683164596557617,7.676286220550537,7.671627044677734,7.666714668273926,7.662425518035889,7.656880855560303,7.651034355163574,7.643469333648682,7.635473728179932,7.625795841217041,7.616095066070557,7.604783535003662,7.593829154968262
7.987441539764404,7.985172271728516,7.9669952392578125,7.93829345703125,7.920701503753662,7.919257164001465,7.9178690910339355,7.916595458984375,7.91536808013916,7.914762020111084,7.914577007293701,7.9149250984191895,7.915414810180664,7.916289329528809,7.917028903961182,7.917387008666992,7.9169020652771,7.915472030639648,7.912938594818115,7.908980846405029,7.903903484344482,7.881076812744141,7.84135627746582,7.8172760009765625,7.810274124145508,7.801098823547363,7.791695594787598,7.780028343200684,7.7684478759765625,7.754613399505615,7.741225242614746,7.725942611694336,7.711690902709961,7.695883274078369,7.673005104064941,7.644474983215332,7.624289512634277,7.6141791343688965,7.60746431350708,7.602665901184082,7.600667476654053,7.599626541137695,7.599737167358398,7.599485397338867,7.598892688751221,7.596843242645264,7.593644618988037,7.588512420654297,7.582287311553955,7.573955535888672,7.564934253692627
7.684321880340576,7.687404632568359,7.690524578094482,7.693716049194336,7.696453094482422,7.699703693389893,7.7029290199279785,7.706589221954346,7.710073947906494,7.714548110961914,7.719256401062012,7.724989891052246,7.730762958526611,7.737654685974121,7.7444586753845215,7.751603126525879,7.757819175720215,7.763715744018555,7.768226146697998,7.77172327041626,7.773550987243652,7.7642059326171875,7.746796131134033,7.734724521636963,7.7314276695251465,7.726350784301758,7.7200727462768555,7.711885929107666,7.702979564666748,7.6920390129089355,7.680799961090088,7.667813301086426,7.655237197875977,7.641286373138428,7.614153861999512,7.572961330413818,7.548372745513916,7.53934907913208,7.533414840698242,7.530052185058594,7.529949188232422,7.531774520874023,7.53535795211792,7.539364337921143,7.543316841125488,7.546098709106445,7.540274143218994,7.528578281402588,7.520698547363281,7.517594814300537,7.512515068054199
7.435168266296387,7.441775321960449,7.448440074920654,7.455686092376709,7.462405681610107,7.470118999481201,7.477658748626709,7.48600959777832,7.493899345397949,7.503198623657227,7.512469291687012,7.523338317871094,7.5118408203125,7.488278388977051,7.4800543785095215,7.495719909667969,7.510253429412842,7.525698661804199,7.5393195152282715,7.552925109863281,7.564088344573975,7.574344158172607,7.581845760345459,7.587576866149902,7.590487957000732,7.591630935668945,7.5907721519470215,7.58806037902832,7.583954334259033,7.5777587890625,7.570557594299316,7.561426639556885,7.551980495452881,7.541089057922363,7.522191524505615,7.497190475463867,7.47933292388916,7.471277713775635,7.465899467468262,7.463536262512207,7.464544773101807,7.46834135055542,7.474098205566406,7.481306552886963,7.488421440124512,7.495282173156738,7.488273620605469,7.4694318771362305,7.461890697479248,7.463602542877197,7.462514400482178
7.2500104904174805,7.258484840393066,7.266836643218994,7.276272773742676,7.284955024719238,7.295126438140869,7.304798603057861,7.315756320953369,7.325857162475586,7.337886333465576,7.349494934082031,7.363365173339844,7.339693546295166,7.283143520355225,7.264729976654053,7.285924434661865,7.306057929992676,7.32797384262085,7.348028182983398,7.36878776550293,7.3677873611450195,7.354746341705322,7.351934432983398,7.366971969604492,7.3781046867370605,7.387828826904297,7.39440393447876,7.399442195892334,7.40203857421875,7.402763843536377,7.401482105255127,7.39818811416626,7.393460273742676,7.3872175216674805,7.380570888519287,7.372918128967285,7.3656134605407715,7.35923433303833,7.354902744293213,7.353784561157227,7.356090068817139,7.362002849578857,7.370493412017822,7.381491184234619,7.393046855926514,7.405330181121826,7.408908843994141,7.407559871673584,7.4087934494018555,7.414902210235596,7.417187213897705
6.995924949645996,7.0058417320251465,7.015651226043701,7.026713848114014,7.0370965003967285,7.049091339111328,7.060609817504883,7.073549270629883,7.085654258728027,7.099896430969238,7.1137800216674805,7.130263805389404,7.124186992645264,7.107447624206543,7.10600471496582,7.130122661590576,7.152997016906738,7.178596019744873,7.202048301696777,7.227193355560303,7.217386245727539,7.178143501281738,7.168651103973389,7.190131664276123,7.207226753234863,7.223139762878418,7.2191362380981445,7.203817844390869,7.196829795837402,7.204619884490967,7.209618091583252,7.212681293487549,7.213254451751709,7.212273120880127,7.209897041320801,7.206479549407959,7.202606201171875,7.199011325836182,7.196323394775391,7.196727752685547,7.200169086456299,7.208286285400391,7.219650745391846,7.2350382804870605,7.251710891723633,7.270766258239746,7.288804531097412,7.306741714477539,7.321356773376465,7.333823204040527,7.341870307922363
6.74821662902832,6.759317874908447,6.770207405090332,6.762974262237549,6.741943836212158,6.735705852508545,6.748416900634766,6.762788772583008,6.776277542114258,6.792251110076904,6.807880878448486,6.826568126678467,6.845002174377441,6.867413520812988,6.889831066131592,6.915956020355225,6.941162586212158,6.969647407531738,6.996373176574707,7.0253753662109375,7.032452583312988,7.028992652893066,7.035252094268799,7.060548305511475,7.080969333648682,7.1008830070495605,7.089433670043945,7.051634311676025,7.038488388061523,7.0512590408325195,7.046831130981445,7.031909942626953,7.023875713348389,7.028443813323975,7.030702114105225,7.0320024490356445,7.032132148742676,7.031764030456543,7.030977725982666,7.032766342163086,7.036787986755371,7.046240329742432,7.059411525726318,7.077832221984863,7.098209857940674,7.122600555419922,7.146648406982422,7.172102928161621,7.194408893585205,7.215396404266357,7.231287479400635
6.59141731262207,6.6028666496276855,6.613988399505615,6.5939459800720215,6.540457248687744,6.521308898925781,6.534046173095703,6.548556804656982,6.5621843338012695,6.578487873077393,6.578412055969238,6.57069730758667,6.5733466148376465,6.596257209777832,6.619262218475342,6.646404266357422,6.672850608825684,6.70324182510376,6.732180595397949,6.764227867126465,6.793703556060791,6.825243949890137,6.8532633781433105,6.881814002990723,6.905834197998047,6.929744243621826,6.933115482330322,6.925980091094971,6.926244735717773,6.942290306091309,6.931300640106201,6.896764755249023,6.871023654937744,6.859543323516846,6.853820323944092,6.85953950881958,6.863320827484131,6.866238117218018,6.867757320404053,6.871282577514648,6.876129150390625,6.886459827423096,6.900407314300537,6.920375347137451,6.942804336547852,6.970680236816406,6.999016761779785,7.030384540557861,7.0591607093811035,7.0878520011901855,7.111305236816406
6.40514612197876,6.4165191650390625,6.427469253540039,6.420159816741943,6.398915767669678,6.392354488372803,6.404677391052246,6.418703079223633,6.431936264038086,6.44779634475708,6.436655044555664,6.401614665985107,6.392902851104736,6.4151811599731445,6.424448490142822,6.428826808929443,6.441002368927002,6.47038459777832,6.498634338378906,6.530435085296631,6.560107707977295,6.592641353607178,6.622236728668213,6.653371334075928,6.680501937866211,6.7083916664123535,6.7320685386657715,6.755833148956299,6.775436878204346,6.795037746429443,6.797036647796631,6.789340972900391,6.7671661376953125,6.738089561462402,6.716493606567383,6.707843780517578,6.704043865203857,6.710189342498779,6.714604377746582,6.720404624938965,6.7265424728393555,6.737390518188477,6.751007080078125,6.771049499511719,6.79392147064209,6.823431491851807,6.85427713394165,6.889677047729492,6.9232707023620605,6.9582295417785645,6.988269329071045
6.19069242477417,6.201516151428223,6.211831092834473,6.223280429840088,6.233801364898682,6.245827674865723,6.257185459136963,6.270150184631348,6.282378673553467,6.295170783996582,6.292354106903076,6.281926155090332,6.283405303955078,6.303169250488281,6.303044319152832,6.282520771026611,6.284706115722656,6.3001322746276855,6.309396743774414,6.32662296295166,6.35500431060791,6.384345531463623,6.413980960845947,6.4435715675354,6.472681522369385,6.500936031341553,6.528297424316406,6.554089546203613,6.578563690185547,6.60124397277832,6.622734069824219,6.641661643981934,6.646316051483154,6.642280578613281,6.617300033569336,6.57828950881958,6.560866355895996,6.569892406463623,6.577133655548096,6.585096836090088,6.592382431030273,6.6033244132995605,6.615936279296875,6.635106563568115,6.657344341278076,6.687033176422119,6.718808650970459,6.756457328796387,6.79319429397583,6.832747936248779,6.8679938316345215
6.05225133895874,6.0490031242370605,6.050308704376221,6.059279918670654,6.06779146194458,6.077908992767334,6.088210582733154,6.099067687988281,6.11016321182251,6.1191887855529785,6.129059314727783,6.143034934997559,6.158127307891846,6.175094127655029,6.180530071258545,6.179006099700928,6.187262058258057,6.193084716796875,6.181817054748535,6.188759803771973,6.2051825523376465,6.216953277587891,6.234920978546143,6.262331008911133,6.289922714233398,6.317945957183838,6.345796585083008,6.373373031616211,6.4001264572143555,6.42579460144043,6.450386047363281,6.473207473754883,6.494269371032715,6.516140937805176,6.509911060333252,6.467584133148193,6.441473484039307,6.44467306137085,6.454569339752197,6.464934825897217,6.474427223205566,6.485305309295654,6.497073650360107,6.51518440246582,6.536337852478027,6.565291404724121,6.596802711486816,6.635251998901367,6.673690319061279,6.716214656829834,6.755153656005859
5.975574493408203,5.957794189453125,5.9530816078186035,5.95975923538208,5.966443061828613,5.969496726989746,5.968674659729004,5.97199010848999,5.9813079833984375,5.9894232749938965,5.998838901519775,6.009692192077637,6.022847652435303,6.035905361175537,6.051921367645264,6.067973613739014,6.087244987487793,6.095743656158447,6.100161075592041,6.110569000244141,6.119860649108887,6.106724262237549,6.106205940246582,6.12257194519043,6.148916721343994,6.17384147644043,6.201923370361328,6.228081703186035,6.256519317626953,6.282114505767822,6.309173583984375,6.3328328132629395,6.3569440841674805,6.3791823387146,6.3847270011901855,6.362273693084717,6.33595609664917,6.33569860458374,6.346987247467041,6.359257221221924,6.370907306671143,6.3810858726501465,6.3926849365234375,6.410966873168945,6.4325056076049805,6.46022891998291,6.4907684326171875,6.529016017913818,6.568039417266846,6.612117767333984,6.65328311920166
5.906082630157471,5.90023946762085,5.899746417999268,5.90636682510376,5.913427352905273,5.911370277404785,5.900302410125732,5.898078918457031,5.902298450469971,5.9031081199646,5.90818977355957,5.917239665985107,5.928161144256592,5.938952445983887,5.952133655548096,5.965288162231445,5.981122970581055,5.996733665466309,6.015355110168457,6.033571243286133,6.046019554138184,6.040752410888672,6.0274977684021,6.0287251472473145,6.047518253326416,6.0701494216918945,6.096170902252197,6.120858669281006,6.148209571838379,6.173277854919434,6.200074195861816,6.223764419555664,6.248154163360596,6.268849849700928,6.273952960968018,6.253910064697266,6.241920471191406,6.2468461990356445,6.259300231933594,6.2707648277282715,6.282188892364502,6.29207706451416,6.30300760269165,6.320579528808594,6.341797351837158,6.369887828826904,6.401851654052734,6.435431957244873,6.467719554901123,6.508158206939697,6.550044059753418
5.836177825927734,5.841635704040527,5.848109245300293,5.854413032531738,5.861546993255615,5.862398624420166,5.860116481781006,5.86112642288208,5.861654758453369,5.854531288146973,5.852469444274902,5.8549981117248535,5.861027240753174,5.86989688873291,5.880685329437256,5.891407489776611,5.9027838706970215,5.914527416229248,5.9290618896484375,5.944502353668213,5.9615092277526855,5.972847938537598,5.969266891479492,5.9598798751831055,5.968534469604492,5.989439487457275,6.0118937492370605,6.035314083099365,6.059634685516357,6.084259510040283,6.108833312988281,6.132833480834961,6.158690929412842,6.178456783294678,6.177992820739746,6.163940906524658,6.165454387664795,6.178012371063232,6.190609455108643,6.200956344604492,6.211852073669434,6.221317291259766,6.232529163360596,6.246218204498291,6.261154651641846,6.284019470214844,6.314053058624268,6.347036361694336,6.376338005065918,6.41335391998291,6.454448223114014
5.785689830780029,5.7898454666137695,5.794890403747559,5.799889087677002,5.805659770965576,5.811140060424805,5.817440986633301,5.8234076499938965,5.825107097625732,5.823816776275635,5.821268081665039,5.815871238708496,5.814678192138672,5.820217132568359,5.828648567199707,5.837680816650391,5.845184803009033,5.853410243988037,5.865022659301758,5.877496242523193,5.891352653503418,5.906178951263428,5.91202974319458,5.907231330871582,5.9104485511779785,5.926397323608398,5.9461188316345215,5.9668097496032715,5.988785266876221,6.011194229125977,6.034201145172119,6.056814670562744,6.081249237060547,6.096296310424805,6.094812393188477,6.097092628479004,6.10727596282959,6.120785236358643,6.134732246398926,6.147152423858643,6.158370494842529,6.166260719299316,6.174775123596191,6.184316635131836,6.196257591247559,6.209799289703369,6.233997344970703,6.270932197570801,6.309475898742676,6.351099967956543,6.395633220672607
5.752215385437012,5.755492210388184,5.759512901306152,5.763524532318115,5.767660140991211,5.771799564361572,5.776778221130371,5.781900405883789,5.7860260009765625,5.790311336517334,5.793080806732178,5.790478229522705,5.786812782287598,5.788377285003662,5.792896747589111,5.798862934112549,5.805485248565674,5.813297271728516,5.822363376617432,5.83340311050415,5.844388008117676,5.8577094078063965,5.867664813995361,5.872188568115234,5.873352527618408,5.885129928588867,5.901660442352295,5.921043872833252,5.9397454261779785,5.961045265197754,5.981064319610596,6.0010480880737305,6.016125202178955,6.023956298828125,6.0309858322143555,6.04361629486084,6.058826923370361,6.072849750518799,6.088435173034668,6.101830959320068,6.110697269439697,6.117304801940918,6.125475883483887,6.137618064880371,6.153502941131592,6.169322490692139,6.194145202636719,6.2294182777404785,6.269295692443848,6.317113876342773,6.364673137664795
5.733242988586426,5.7347517013549805,5.736221790313721,5.738666534423828,5.741540908813477,5.7445807456970215,5.748720645904541,5.75300407409668,5.7567572593688965,5.7609405517578125,5.765628337860107,5.7690205574035645,5.770809650421143,5.771464824676514,5.7708892822265625,5.774360656738281,5.780945777893066,5.7878851890563965,5.795139789581299,5.804281711578369,5.814192295074463,5.82529354095459,5.837306022644043,5.844657897949219,5.847952842712402,5.856873035430908,5.87221622467041,5.8888139724731445,5.906232833862305,5.924595832824707,5.942206859588623,5.956092357635498,5.964510440826416,5.974678993225098,5.988737106323242,6.006906032562256,6.023542404174805,6.037545204162598,6.050364971160889,6.061784744262695,6.069510459899902,6.078309059143066,6.092972755432129,6.110867977142334,6.130528926849365,6.155245304107666,6.189777374267578,6.22596549987793,6.2617974281311035,6.302301406860352,6.343256950378418
5.7225775718688965,5.722936630249023,5.721522331237793,5.721600532531738,5.723698616027832,5.726922512054443,5.730434417724609,5.734471797943115,5.738286018371582,5.742107391357422,5.745903015136719,5.750554084777832,5.755442142486572,5.7577104568481445,5.757175445556641,5.759159564971924,5.76480770111084,5.769890308380127,5.775532245635986,5.783440589904785,5.792051792144775,5.801632881164551,5.811538219451904,5.819149017333984,5.825089931488037,5.834821701049805,5.848329067230225,5.862992763519287,5.878391265869141,5.894186973571777,5.907837867736816,5.91840934753418,5.929867267608643,5.944281101226807,5.960127830505371,5.979220867156982,5.997386932373047,6.009483337402344,6.020023822784424,6.0311598777771,6.04326868057251,6.0596184730529785,6.081230640411377,6.104557037353516,6.127718448638916,6.155264854431152,6.196155548095703,6.237697124481201,6.275517463684082,6.312239646911621,6.346526622772217
5.711140155792236,5.712619304656982,5.712339401245117,5.711933612823486,5.713237285614014,5.715380668640137,5.717874050140381,5.721607208251953,5.7254486083984375,5.728463172912598,5.731624603271484,5.735889434814453,5.740381717681885,5.744241714477539,5.746479511260986,5.748507022857666,5.752988338470459,5.758184432983398,5.763248443603516,5.7694220542907715,5.77717924118042,5.785566329956055,5.793811321258545,5.800887107849121,5.809019088745117,5.819280624389648,5.8314290046691895,5.844346046447754,5.858214855194092,5.871497631072998,5.882887363433838,5.894657135009766,5.908613681793213,5.923698425292969,5.938906192779541,5.9561944007873535,5.971951961517334,5.9851226806640625,5.999587059020996,6.016458988189697,6.034292221069336,6.058304309844971,6.085295677185059,6.111730575561523,6.139179229736328,6.172403335571289,6.214628219604492,6.2557244300842285,6.297508716583252,6.335562229156494,6.368808269500732
5.6985344886779785,5.701144218444824,5.703076362609863,5.705068588256836,5.706737518310547,5.706876754760742,5.707833766937256,5.711121559143066,5.715038776397705,5.7184529304504395,5.72221040725708,5.726242542266846,5.730216026306152,5.734193801879883,5.737694263458252,5.740405559539795,5.744640350341797,5.750633239746094,5.75541877746582,5.76064395904541,5.7678375244140625,5.775588035583496,5.783192157745361,5.790693283081055,5.799505233764648,5.809752941131592,5.820833683013916,5.83091926574707,5.842537879943848,5.854205131530762,5.866695404052734,5.878762245178223,5.893405437469482,5.909614086151123,5.927164077758789,5.942779064178467,5.957634925842285,5.972528457641602,5.993627071380615,6.017157554626465,6.039333343505859,6.06655216217041,6.0935845375061035,6.1243696212768555,6.160189151763916,6.203383922576904,6.245137691497803,6.287907600402832,6.331291198730469,6.367035388946533,6.4027228355407715
5.687899589538574,5.690164566040039,5.692721843719482,5.696211338043213,5.699216365814209,5.700502872467041,5.70058536529541,5.702341079711914,5.705957889556885,5.710194110870361,5.714537620544434,5.719046115875244,5.72255277633667,5.726266860961914,5.730309009552002,5.734006404876709,5.738839626312256,5.743969440460205,5.748714447021484,5.754395008087158,5.761318683624268,5.768836498260498,5.776731967926025,5.784994125366211,5.793832778930664,5.8035430908203125,5.81386137008667,5.822489261627197,5.832234859466553,5.8448991775512695,5.857292175292969,5.870102882385254,5.884467124938965,5.904243469238281,5.9248199462890625,5.9409685134887695,5.9568586349487305,5.9750752449035645,6.000367164611816,6.027390003204346,6.052609920501709,6.0785112380981445,6.109431266784668,6.145253658294678,6.192544460296631,6.240150451660156,6.283702850341797,6.330366611480713,6.370641708374023,6.405205726623535,6.4400105476379395
5.677974700927734,5.680614948272705,5.683721542358398,5.687204360961914,5.690579891204834,5.693375110626221,5.69424295425415,5.694589614868164,5.697687149047852,5.702244281768799,5.7069525718688965,5.711061477661133,5.714873313903809,5.719339847564697,5.724120616912842,5.728672504425049,5.734041213989258,5.738683223724365,5.743666648864746,5.750324726104736,5.756243705749512,5.763267517089844,5.771348476409912,5.780435085296631,5.788846492767334,5.79866361618042,5.808106422424316,5.818760871887207,5.830809593200684,5.844047546386719,5.8564887046813965,5.870646953582764,5.887745380401611,5.908830165863037,5.9274749755859375,5.944508075714111,5.962371826171875,5.987297058105469,6.014923095703125,6.0446929931640625,6.0717668533325195,6.103399753570557,6.136024475097656,6.180792331695557,6.231555938720703,6.277050018310547,6.322149753570557,6.368178367614746,6.404966831207275,6.437554836273193,6.4673638343811035
