earth/public/data/ocean/C53/ANN-votemper-depthz-0m-gfs-1.0.json
{"header": {"discipline": 0, "disciplineName": "Meteorological products", "gribEdition": 2, "gribLength": 131138.0, "center": 0, "centerName": "Kiel Climate Model", "subcenter": 0, "refTime": "1", "significanceOfRT": 1, "significanceOfRTName": "Start of forecast", "productStatus": 0, "productStatusName": "Operational products", "productType": 1, "productTypeName": "Forecast products", "productDefinitionTemplate": 0, "productDefinitionTemplateName": "Analysis/forecast at horizontal level/layer at a point in time", "parameterCategory": 2, "parameterCategoryName": "Momentum", "parameterNumber": 2, "parameterNumberName": "U-component_of_wind", "parameterUnit": "C", "genProcessType": 2, "genProcessTypeName": "Forecast", "forecastTime": 0, "surface1Type": 103, "surface1TypeName": "Specified height level above ground", "surface1Value": 10, "surface2Type": 255, "surface2TypeName": "Missing", "surface2Value": 0, "gridDefinitionTemplate": 0, "gridDefinitionTemplateName": "Latitude_Longitude", "numberPoints": 65160, "shape": 6, "shapeName": "Earth spherical with radius of 6,371,229.0 m", "gridUnits": "degrees", "resolution": 48, "winds": "true", "scanMode": 0, "nx": 360.0, "ny": 180.0, "basicAngle": 0, "subDivisions": 0, "lo1": 0.0, "la1": -89.5, "lo2": 359.0, "la2": 89.5, "dx": 1.0, "dy": -1.0}, "data":
[rows 0 to 20 of 180, columns 235 to 281 of 360]
null,null,null,null,null,null,null,null,null,null,null,null,null,null,null,null,null,null,null,null,null,null,null,null,null,null,null,null,null,null,null,null,null,null,null,null,null,null,null,null,null,null,null,null,null,null,null
null,null,null,null,null,null,null,null,null,null,null,null,null,null,null,null,null,null,null,null,null,null,null,null,null,null,null,null,null,null,null,null,null,null,null,null,null,null,null,null,null,null,null,null,null,null,null
null,null,null,null,null,null,null,null,null,null,null,null,null,null,null,null,null,null,null,null,null,null,null,null,null,null,null,null,null,null,null,null,null,null,null,null,null,null,null,null,null,null,null,null,null,null,null
null,null,null,null,null,null,null,null,null,null,null,null,null,null,null,null,null,null,null,null,null,null,null,null,null,null,null,null,null,null,null,null,null,null,null,null,null,null,null,null,null,null,null,null,null,null,null
null,null,null,null,null,null,null,null,null,null,null,null,null,null,null,null,null,null,null,null,null,null,null,null,null,null,null,null,null,null,null,null,null,null,null,null,null,null,null,null,null,null,null,null,null,null,null
null,null,null,null,null,null,null,null,null,null,null,null,null,null,null,null,null,null,null,null,null,null,null,null,null,null,null,null,null,null,null,null,null,null,null,null,null,null,null,null,null,null,null,null,null,null,null
null,null,null,null,null,null,null,null,null,null,null,null,null,null,null,null,null,null,null,null,null,null,null,null,null,null,null,null,null,null,null,null,null,null,null,null,null,null,null,null,null,null,null,null,null,null,null
null,null,null,null,null,null,null,null,null,null,null,null,null,null,null,null,null,null,null,null,null,null,null,null,null,null,null,null,null,null,null,null,null,null,null,null,null,null,null,null,null,null,null,null,null,null,null
null,null,null,null,null,null,null,null,null,null,null,null,null,null,null,null,null,null,null,null,null,null,null,null,null,null,null,null,null,null,null,null,null,null,null,null,null,null,null,null,null,null,null,null,null,null,null
null,null,null,null,null,null,null,null,null,null,null,null,null,null,null,null,null,null,null,null,null,null,null,null,null,null,null,null,null,null,null,null,null,null,null,null,null,null,null,null,null,null,null,null,null,null,null
null,null,null,null,null,null,null,null,null,null,null,null,null,null,null,null,null,null,null,null,null,null,null,null,null,null,null,null,null,null,null,null,null,null,null,null,null,null,null,null,null,null,null,null,null,null,null
null,null,null,null,null,null,null,null,null,null,null,null,null,null,null,null,null,null,null,null,null,null,null,null,null,null,null,null,null,null,null,null,null,null,null,null,null,null,null,null,null,null,null,null,null,null,null
null,null,null,null,null,null,null,null,null,null,null,null,null,null,null,null,null,null,null,null,null,null,null,null,null,null,null,null,null,null,null,null,null,null,null,null,null,null,null,null,null,null,null,null,null,null,null
null,null,null,null,null,null,null,null,null,null,null,null,null,null,null,null,null,null,null,null,null,null,null,null,null,null,null,null,null,null,null,null,null,null,null,null,null,null,null,null,null,null,null,null,null,null,null
null,null,null,null,null,null,null,null,null,null,null,null,null,null,null,null,null,null,null,null,null,null,null,null,null,null,null,null,null,null,null,null,null,null,null,null,null,null,null,null,null,null,null,null,null,null,null
8.566923141479492,8.57459831237793,8.582777976989746,8.590327262878418,8.598272323608398,8.605445861816406,8.612979888916016,8.619722366333008,8.626572608947754,8.632457733154297,8.638386726379395,8.643401145935059,8.648149490356445,8.651816368103027,8.65515422821045,8.65754222869873,8.65970516204834,8.661187171936035,8.662346839904785,8.662863731384277,8.663240432739258,8.663276672363281,8.663429260253906,8.663546562194824,8.663607597351074,8.662983894348145,8.661961555480957,8.660555839538574,8.658809661865234,8.65687084197998,8.654913902282715,8.65318775177002,8.65188217163086,8.651302337646484,8.651535034179688,8.652643203735352,8.65453052520752,8.657746315002441,8.661935806274414,8.667430877685547,8.673528671264648,8.68064022064209,8.687723159790039,8.69499683380127,8.701233863830566,8.707352638244629,8.712095260620117
8.566923141479492,8.57459831237793,8.582777976989746,8.590327262878418,8.598272323608398,8.605445861816406,8.612979888916016,8.619722366333008,8.626572608947754,8.632457733154297,8.638386726379395,8.643401145935059,8.648149490356445,8.651816368103027,8.65515422821045,8.65754222869873,8.65970516204834,8.661187171936035,8.662346839904785,8.662863731384277,8.663240432739258,8.663276672363281,8.663429260253906,8.663546562194824,8.663607597351074,8.662983894348145,8.661961555480957,8.660555839538574,8.658809661865234,8.65687084197998,8.654913902282715,8.65318775177002,8.65188217163086,8.651302337646484,8.651535034179688,8.652643203735352,8.65453052520752,8.657746315002441,8.661935806274414,8.667430877685547,8.673528671264648,8.68064022064209,8.687723159790039,8.69499683380127,8.701233863830566,8.707352638244629,8.712095260620117
8.445380210876465,8.453801155090332,8.463639259338379,8.47300910949707,8.48361873626709,8.493367195129395,8.504191398620605,8.51390266418457,8.524275779724121,8.533171653747559,8.542641639709473,8.550708770751953,8.558876037597656,8.565423965454102,8.571809768676758,8.576668739318848,8.58143138885498,8.585070610046387,8.588557243347168,8.591119766235352,8.593719482421875,8.595734596252441,8.598031044006348,8.600030899047852,8.602232933044434,8.604619026184082,8.606593132019043,8.607110977172852,8.606961250305176,8.60645866394043,8.605554580688477,8.604592323303223,8.603658676147461,8.603029251098633,8.602806091308594,8.603150367736816,8.6040620803833,8.606229782104492,8.609368324279785,8.614238739013672,8.620083808898926,8.627827644348145,8.6361722946167,8.645997047424316,8.655534744262695,8.666496276855469,8.676774024963379
8.27182674407959,8.281571388244629,8.293968200683594,8.30684757232666,8.322001457214355,8.336784362792969,8.353442192077637,8.369070053100586,8.385814666748047,8.400766372680664,8.41650104522705,8.430318832397461,8.444191932678223,8.455796241760254,8.467037200927734,8.476081848144531,8.484816551208496,8.491847038269043,8.498819351196289,8.504644393920898,8.510830879211426,8.516406059265137,8.52271556854248,8.528694152832031,8.535562515258789,8.545442581176758,8.555096626281738,8.561171531677246,8.565964698791504,8.570451736450195,8.573564529418945,8.576247215270996,8.57774543762207,8.578754425048828,8.578847885131836,8.578569412231445,8.577807426452637,8.577479362487793,8.577638626098633,8.57914924621582,8.581933975219727,8.587002754211426,8.59384822845459,8.60324478149414,8.614120483398438,8.628081321716309,8.643407821655273
8.187043190002441,8.19741439819336,8.211609840393066,8.227115631103516,8.245983123779297,8.264892578125,8.28652286529541,8.307087898254395,8.329265594482422,8.34919548034668,8.370000839233398,8.388067245483398,8.406089782714844,8.420930862426758,8.435287475585938,8.44666576385498,8.457598686218262,8.466207504272461,8.47496509552002,8.482377052307129,8.490760803222656,8.498698234558105,8.508333206176758,8.518041610717773,8.529763221740723,8.548467636108398,8.567620277404785,8.581183433532715,8.593297958374023,8.605286598205566,8.615147590637207,8.624160766601562,8.630816459655762,8.63599967956543,8.638806343078613,8.63969612121582,8.638443946838379,8.635948181152344,8.632509231567383,8.629039764404297,8.625954627990723,8.624512672424316,8.624756813049316,8.627703666687012,8.632651329040527,8.6417818069458,8.653369903564453
8.20002269744873,8.210113525390625,8.224691390991211,8.241124153137207,8.261574745178223,8.28235149383545,8.306364059448242,8.32927131652832,8.354087829589844,8.376304626464844,8.399324417114258,8.418951034545898,8.4382963180542,8.453840255737305,8.468628883361816,8.479973793029785,8.490625381469727,8.498647689819336,8.50680923461914,8.51364517211914,8.52184009552002,8.529937744140625,8.540658950805664,8.552099227905273,8.566686630249023,8.59158992767334,8.61768913269043,8.637554168701172,8.655930519104004,8.67485237121582,8.690919876098633,8.706411361694336,8.718544006347656,8.729032516479492,8.735982894897461,8.739986419677734,8.740287780761719,8.737763404846191,8.732806205749512,8.725991249084473,8.718469619750977,8.710748672485352,8.704148292541504,8.698734283447266,8.695425033569336,8.695293426513672,8.698324203491211
