earth/public/data/ocean/C53/ANN-ocevel-depthz-500m-gfs-1.0.json
{"header": {"discipline": 0, "disciplineName": "Meteorological products", "gribEdition": 2, "gribLength": 131138.0, "center": 0, "centerName": "Kiel Climate Model", "subcenter": 0, "refTime": "1", "significanceOfRT": 1, "significanceOfRTName": "Start of forecast", "productStatus": 0, "productStatusName": "Operational products", "productType": 1, "productTypeName": "Forecast products", "productDefinitionTemplate": 0, "productDefinitionTemplateName": "Analysis/forecast at horizontal level/layer at a point in time", "parameterCategory": 2, "parameterCategoryName": "Momentum", "parameterNumber": 2, "parameterNumberName": "V-component_of_wind", "parameterUnit": "m/s", "genProcessType": 2, "genProcessTypeName": "Forecast", "forecastTime": 0, "surface1Type": 103, "surface1TypeName": "Specified height level above ground", "surface1Value": 10, "surface2Type": 255, "surface2TypeName": "Missing", "surface2Value": 0, "gridDefinitionTemplate": 0, "gridDefinitionTemplateName": "Latitude_Longitude", "numberPoints": 65160, "shape": 6, "shapeName": "Earth spherical with radius of 6,371,229.0 m", "gridUnits": "degrees", "resolution": 48, "winds": "true", "scanMode": 0, "nx": 360.0, "ny": 180.0, "basicAngle": 0, "subDivisions": 0, "lo1": 0.0, "la1": -89.5, "lo2": 359.0, "la2": 89.5, "dx": 1.0, "dy": -1.0}, "data":
[rows 20 to 39 of 180, columns 230 to 275 of 360]
-0.0010007228702306747,-0.0010263147996738553,-0.00105015910230577,-0.0010776713024824858,-0.0011008399305865169,-0.0011454243212938309,-0.001200987258926034,-0.0012976446887478232,-0.0014162323204800487,-0.0015882723964750767,-0.0017792932922020555,-0.002023795386776328,-0.002272695302963257,-0.0025635967031121254,-0.0028405687771737576,-0.003140673041343689,-0.0034087146632373333,-0.0036835046485066414,-0.003916168585419655,-0.004140601959079504,-0.004316739737987518,-0.004471434745937586,-0.004578626248985529,-0.0046564373187720776,-0.004692116752266884,-0.0047010802663862705,-0.004683449398726225,-0.004648040048778057,-0.004603555891662836,-0.00455348938703537,-0.004497182555496693,-0.004449387080967426,-0.00443402910605073,-0.0044300854206085205,-0.004432093817740679,-0.004441188648343086,-0.0044523002579808235,-0.004464494064450264,-0.004474865738302469,-0.004479418974369764,-0.004476711619645357,-0.0044662198051810265,-0.0044456906616687775,-0.0044161248952150345,-0.004377007018774748,-0.004332688171416521
-0.0003735380305442959,-0.00036154716508463025,-0.0003686445706989616,-0.0003579171316232532,-0.0003777494712267071,-0.0003994848520960659,-0.0004681709688156843,-0.0005582636804319918,-0.0007026888197287917,-0.0008870838792063296,-0.001124136266298592,-0.0014086018782109022,-0.0017290241084992886,-0.002089916728436947,-0.002457652473822236,-0.0028502540662884712,-0.003217146033421159,-0.003596381051465869,-0.003926889970898628,-0.00425873976200819,-0.004525671247392893,-0.0047824145294725895,-0.004964564461261034,-0.005129863508045673,-0.005219933111220598,-0.005295680370181799,-0.005307647865265608,-0.005315727088600397,-0.0052777910605072975,-0.005249474663287401,-0.005174469668418169,-0.005127005744725466,-0.005087986122816801,-0.005082218442112207,-0.005063666962087154,-0.0050770072266459465,-0.0050737690180540085,-0.0050948383286595345,-0.005092290695756674,-0.005104523617774248,-0.005085665266960859,-0.0050756558775901794,-0.005028727930039167,-0.00498568220064044,-0.004904723260551691,-0.004827891476452351
0.0001747774367686361,0.00017862928507383913,0.00019837295985780656,0.00021163947531022131,0.0002167653728974983,0.00018935193656943738,0.00013486816897056997,2.4846227461239323e-05,-0.00011999846174148843,-0.0003361626004334539,-0.0005836915806867182,-0.0009102239273488522,-0.0012562713818624616,-0.0016731093637645245,-0.002085314830765128,-0.002547836396843195,-0.002976876450702548,-0.0034365421161055565,-0.0038432038854807615,-0.0042603956535458565,-0.004612073767930269,-0.004951657727360725,-0.005217333324253559,-0.005452129058539867,-0.005613443907350302,-0.005736472085118294,-0.005798934958875179,-0.005828810855746269,-0.005820978432893753,-0.0057929749600589275,-0.005725845694541931,-0.005658073350787163,-0.005618980620056391,-0.005592567380517721,-0.005576946772634983,-0.005575029645115137,-0.005584826692938805,-0.005603846628218889,-0.005628316663205624,-0.005651627667248249,-0.0056710210628807545,-0.005679523106664419,-0.005669828969985247,-0.0056395139545202255,-0.005578553304076195,-0.005494093056768179
0.0005876831128261983,0.0005741946515627205,0.0005896938964724541,0.000602638116106391,0.0006109748501330614,0.0005831972230225801,0.0005244770436547697,0.0004041386710014194,0.00024355218920391053,9.84037706075469e-06,-0.00025537831243127584,-0.0006001119036227465,-0.0009627287508919835,-0.0013998899376019835,-0.001833825372159481,-0.002325598383322358,-0.0027884715236723423,-0.003289842512458563,-0.003741966327652335,-0.00421032914891839,-0.004613513592630625,-0.005005985498428345,-0.005320168100297451,-0.005600767210125923,-0.005800181534141302,-0.005955966655164957,-0.0060423268005251884,-0.0060876295901834965,-0.006085209082812071,-0.0060565960593521595,-0.00597554724663496,-0.005889272317290306,-0.005836792290210724,-0.005800736602395773,-0.005780790466815233,-0.005780272651463747,-0.005805369466543198,-0.005851027090102434,-0.0059192306362092495,-0.005997618194669485,-0.00608616229146719,-0.006169287953525782,-0.006237998604774475,-0.006280699744820595,-0.006282213609665632,-0.006243002135306597
0.0007328691426664591,0.0007018877658993006,0.0007072260486893356,0.0007137707434594631,0.0007200022810138762,0.0006887546624056995,0.0006254927138797939,0.000498201756272465,0.00032965384889394045,8.759684715187177e-05,-0.0001845475344453007,-0.000531214231159538,-0.0008902112022042274,-0.001318889670073986,-0.0017404505051672459,-0.0022204110864549875,-0.0026729698292911053,-0.0031683645211160183,-0.0036181132309138775,-0.004087293054908514,-0.004492186009883881,-0.004887980874627829,-0.005203993059694767,-0.005485823843628168,-0.005683200433850288,-0.005835337098687887,-0.005915783811360598,-0.005950008984655142,-0.005932877771556377,-0.005885999649763107,-0.005775980651378632,-0.005661978852003813,-0.00559573620557785,-0.005551597569137812,-0.005534740164875984,-0.005547549109905958,-0.0056023672223091125,-0.005688571371138096,-0.0058183735236525536,-0.00596756162121892,-0.0061447168700397015,-0.00631725462153554,-0.006482996046543121,-0.0066116745583713055,-0.00669252872467041,-0.006711011286824942
0.000557821593247354,0.0005306139937601984,0.0005382184754125774,0.0005478100501932204,0.0005564618040807545,0.0005283981445245445,0.000467952893814072,0.0003457315033301711,0.0001832638226915151,-4.917708793072961e-05,-0.00031019485322758555,-0.0006362535059452057,-0.0009690406732261181,-0.0013589545851573348,-0.0017360721249133348,-0.0021627158857882023,-0.002562487032264471,-0.0030017627868801355,-0.003402210306376219,-0.0038189725019037724,-0.004177955910563469,-0.004527693148702383,-0.004806166514754295,-0.005048052873462439,-0.005210579372942448,-0.005326015874743462,-0.005373835097998381,-0.0053744325414299965,-0.0053277346305549145,-0.005252845119684935,-0.00511486642062664,-0.004977291449904442,-0.004908019211143255,-0.004869522526860237,-0.00487086595967412,-0.0049109566025435925,-0.0050092120654881,-0.00514727458357811,-0.005345978308469057,-0.005569069646298885,-0.005833723582327366,-0.006092089228332043,-0.006346261594444513,-0.006550651974976063,-0.006700166501104832,-0.006768245715647936
0.00013656840019393712,0.00013878218305762857,0.00017193995881825686,0.00020668871002271771,0.0002356617187615484,0.00022901884221937507,0.0001867023966042325,8.66203336045146e-05,-5.4091360652819276e-05,-0.00025789847131818533,-0.0004885952221229672,-0.0007735686958767474,-0.001061651622876525,-0.0013917175820097327,-0.0017041894607245922,-0.0020514167845249176,-0.002370803151279688,-0.0027197604067623615,-0.003035875502973795,-0.00336267938837409,-0.0036420526448637247,-0.0039118388667702675,-0.00412422651425004,-0.004299923777580261,-0.004407980944961309,-0.004469097126275301,-0.004472851287573576,-0.004431213717907667,-0.004351914394646883,-0.004251604434102774,-0.004101891070604324,-0.0039606159552931786,-0.003907470032572746,-0.0038944361731410027,-0.003931762650609016,-0.00401206174865365,-0.004164404235780239,-0.00436095567420125,-0.004631951451301575,-0.00492842635139823,-0.005276430863887072,-0.0056132483296096325,-0.005946251098066568,-0.006215439643710852,-0.00642483402043581,-0.006536499131470919
-0.00047898857155814767,-0.0004323250032030046,-0.0003583295037969947,-0.00027964229229837656,-0.00021048485359642655,-0.00017360316996928304,-0.0001761742605594918,-0.0002308859402546659,-0.0003288503212388605,-0.0004817470908164978,-0.0006628696573898196,-0.0008881081594154239,-0.0011172881349921227,-0.0013738091802224517,-0.0016114111058413982,-0.0018650497077032924,-0.0020886899437755346,-0.0023255490232259035,-0.002532603917643428,-0.0027423915453255177,-0.0029170222114771605,-0.0030792714096605778,-0.003200180595740676,-0.0032863065134733915,-0.0033226660452783108,-0.0033165737986564636,-0.0032694770488888025,-0.0031852496322244406,-0.0030789589509367943,-0.0029628470074385405,-0.002823398681357503,-0.0027035027742385864,-0.0026841622311621904,-0.0027108637150377035,-0.00279452046379447,-0.0029202045407146215,-0.0031257951632142067,-0.0033747591078281403,-0.0037086191587150097,-0.004067715257406235,-0.004486760590225458,-0.004890234209597111,-0.005290807690471411,-0.005615822039544582,-0.0058817570097744465,-0.006039916537702084
-0.00115889310836792,-0.0010738612618297338,-0.0009640591451898217,-0.0008430408197455108,-0.0007316594710573554,-0.0006432360387407243,-0.0005930114421062171,-0.0005854378687217832,-0.0006216283072717488,-0.0007035566959530115,-0.0008166946936398745,-0.000963947328273207,-0.0011193639365956187,-0.0012895625550299883,-0.0014444653643295169,-0.0015980274183675647,-0.001722640125080943,-0.0018432466313242912,-0.0019374440889805555,-0.0020229043439030647,-0.0020834754686802626,-0.0021266525145620108,-0.0021441890858113766,-0.002129487693309784,-0.002084803767502308,-0.0020060499664396048,-0.0019071135902777314,-0.0017842042725533247,-0.0016593285836279392,-0.0015374853974208236,-0.0014232080429792404,-0.0013383470941334963,-0.0013578407233580947,-0.0014254589332267642,-0.001550148706883192,-0.0017101723933592439,-0.0019512001890689135,-0.002230832353234291,-0.0026042235549539328,-0.00300497654825449,-0.0034783687442541122,-0.003939185757189989,-0.004402326885610819,-0.004783509764820337,-0.0051162829622626305,-0.005339022260159254
-0.00173645606264472,-0.0016318510752171278,-0.0015061298618093133,-0.001363358460366726,-0.001228379551321268,-0.001103572198189795,-0.0010102544911205769,-0.0009449786157347262,-0.0009182987851090729,-0.0009239803184755147,-0.0009600844932720065,-0.001018086913973093,-0.0010869995458051562,-0.0011596778640523553,-0.0012227784609422088,-0.0012729242444038391,-0.001300903270021081,-0.001312246429733932,-0.0013045803643763065,-0.001275766990147531,-0.0012302914401516318,-0.0011627644998952746,-0.0010843140771612525,-0.0009772843914106488,-0.0008598669082857668,-0.0007192401099018753,-0.0005797175108455122,-0.00042967050103470683,-0.00029544546850956976,-0.00017395328904967755,-8.14215891296044e-05,-2.378721910645254e-05,-6.893000681884587e-05,-0.00016211805632337928,-0.00030409186729229987,-0.00047079837531782687,-0.000711185741238296,-0.0009837938705459237,-0.0013616334181278944,-0.0017777931643649936,-0.0022890956606715918,-0.0028029698878526688,-0.0033314754255115986,-0.0037780480924993753,-0.004195636138319969,-0.004507805220782757
-0.00206729955971241,-0.001958829117938876,-0.0018353488994762301,-0.00169359368737787,-0.001558896852657199,-0.001424863119609654,-0.0013148740399628878,-0.0012177580501884222,-0.0011497080558910966,-0.001097815576940775,-0.0010698282858356833,-0.0010493362788110971,-0.0010383500484749675,-0.0010198971722275019,-0.0009957129368558526,-0.0009507989161647856,-0.0008919013198465109,-0.0008081348496489227,-0.0007135774940252304,-0.0005894600762985647,-0.000457345275208354,-0.00030144225456751883,-0.00014902633847668767,2.5747403924469836e-05,0.00019229519239161164,0.0003703866677824408,0.0005288164829835296,0.0006873742677271366,0.000818154716398567,0.000934880692511797,0.0010221474803984165,0.0010766270570456982,0.0010343894828110933,0.000946547428611666,0.0008281768532469869,0.0006984720239415765,0.0005090958438813686,0.00029201648430898786,-4.8743611841928214e-05,-0.00045304966624826193,-0.0009866339387372136,-0.0015533373225480318,-0.0021522697061300278,-0.0026746285147964954,-0.0031906585209071636,-0.0036064430605620146
-0.0020944750867784023,-0.001982772024348378,-0.0018652137368917465,-0.0017338020261377096,-0.0016128659481182694,-0.0014901779359206557,-0.001387949101626873,-0.0012889845529571176,-0.0012104883790016174,-0.0011353861773386598,-0.0010758440475910902,-0.0010121730156242847,-0.0009538999292999506,-0.0008790597203187644,-0.0007988249999471009,-0.0006916774436831474,-0.0005745862727053463,-0.00042558537097647786,-0.00026947076548822224,-7.837936573196203e-05,0.00011481002002255991,0.00033179164165630937,0.0005343158845789731,0.0007512674783356488,0.0009438169654458761,0.001135299215093255,0.0012913335813209414,0.0014395981561392546,0.0015535108977928758,0.0016597082139924169,0.0017561557469889522,0.0018305254634469748,0.001826149644330144,0.0017860933439806104,0.0017454776680096984,0.0017091225599870086,0.0016285385936498642,0.0015159756876528263,0.0012519011506810784,0.0008831504383124411,0.00034211581805720925,-0.0002732601133175194,-0.0009416847606189549,-0.0015420833369717002,-0.00215697567909956,-0.0026751647237688303
-0.0018644612282514572,-0.0017390215070918202,-0.0016176998615264893,-0.001490312977693975,-0.0013806928182020783,-0.0012734816409647465,-0.001188694266602397,-0.001105993869714439,-0.001040452509187162,-0.0009746343130245805,-0.0009197515319101512,-0.0008573494851589203,-0.000797171494923532,-0.0007173791527748108,-0.0006303650443442166,-0.0005122267175465822,-0.0003822868748102337,-0.0002141400909749791,-3.6352976167108864e-05,0.00018288526916876435,0.0004054833552800119,0.0006541888578794897,0.0008851567981764674,0.0011235473211854696,0.0013269387418404222,0.0015168245881795883,0.001659052330069244,0.0017873254837468266,0.0018782424740493298,0.0019711055792868137,0.0020870252046734095,0.0021988805383443832,0.0022665802389383316,0.0023192602675408125,0.002408362226560712,0.0025164152029901743,0.0025880138855427504,0.002610032446682453,0.0024469480849802494,0.0021285146940499544,0.0015992769040167332,0.0009541114559397101,0.00023538712412118912,-0.00042827127617783844,-0.0011273970594629645,-0.0017361831851303577
-0.0015073806280270219,-0.0013609639136120677,-0.0012242374941706657,-0.0010870180558413267,-0.0009748003212735057,-0.0008715519797988236,-0.0007970159058459103,-0.0007301722653210163,-0.0006839659181423485,-0.0006434047827497125,-0.0006161899073049426,-0.0005873679765500128,-0.0005620048614218831,-0.0005212718970142305,-0.00047186671872623265,-0.0003913663967978209,-0.0002931465278379619,-0.000153299915837124,4.297885425330605e-06,0.00021008886687923223,0.00042814313201233745,0.0006769889150746167,0.0009126747609116137,0.0011520031839609146,0.0013524133246392012,0.001529940403997898,0.0016528833657503128,0.001758247846737504,0.0018270756117999554,0.0019107800908386707,0.0020649416837841272,0.002239575609564781,0.0024102176539599895,0.00259062135592103,0.002837755251675844,0.0031070788390934467,0.003336686408147216,0.0034865299239754677,0.003428082447499037,0.0031724260188639164,0.002687864238396287,0.0020601912401616573,0.0013370736269280314,0.0006469091749750078,-0.00010670274059521034,-0.0007884695078246295
-0.0011719438480213284,-0.00101209688000381,-0.0008574883104301989,-0.0007009198307059705,-0.0005707201198674738,-0.00045416265493258834,-0.00037291727494448423,-0.00030779102235101163,-0.00027141248574480414,-0.0002516540698707104,-0.0002529938064981252,-0.0002651159593369812,-0.0002865942660719156,-0.0003040107840206474,-0.000314602191792801,-0.00029997166711837053,-0.0002627601206768304,-0.00018360672402195632,-7.658571121282876e-05,8.309338591061532e-05,0.00026709921075962484,0.0004858250031247735,0.0007005575462244451,0.0009174236329272389,0.0010980274528265,0.0012500601587817073,0.0013465369120240211,0.0014264778001233935,0.0014754770090803504,0.0015595208387821913,0.0017803990049287677,0.002050825161859393,0.0023443184327334166,0.0026646791957318783,0.0030632142443209887,0.0034690836910158396,0.003828201210126281,0.004076867830008268,0.004123758524656296,0.003959380555897951,0.003574111731722951,0.003034919500350952,0.002371011069044471,0.001700642635114491,0.0009265539702028036,0.00018852144421543926
-0.0009327080333605409,-0.0007836351869627833,-0.0006254732143133879,-0.00045630449312739074,-0.0003055493871215731,-0.00016646353469695896,-6.396565004251897e-05,1.681492904026527e-05,6.0662569012492895e-05,7.643964636372402e-05,6.053121614968404e-05,1.8763503248919733e-05,-4.1859439079416916e-05,-0.00011339399497956038,-0.0001834809227148071,-0.00023807825346011668,-0.000268043193500489,-0.00025935532175935805,-0.0002141934965038672,-0.00011621836165431887,1.646355121920351e-05,0.00018531175737734884,0.0003595683956518769,0.0005359834176488221,0.0006825293530710042,0.0007988371071405709,0.0008636373677290976,0.000918265781365335,0.0009523595217615366,0.0010470730485394597,0.0013532632729038596,0.0017358844634145498,0.0021464244928210974,0.0025878027081489563,0.0031039477325975895,0.0036030402407050133,0.004061958286911249,0.004397407174110413,0.004571124911308289,0.0045494274236261845,0.0043248385190963745,0.003936334978789091,0.0033805889543145895,0.002758397487923503,0.001985447481274605,0.0012023396557196975
-0.0007525553810410202,-0.0006516376743093133,-0.0005243215127848089,-0.000372914073523134,-0.00022271163470577449,-7.312615343835205e-05,5.032914486946538e-05,0.00015275513578671962,0.0002162890014005825,0.00024205123190768063,0.00022537120094057173,0.00016941188368946314,8.376747427973896e-05,-2.423791738692671e-05,-0.00013615904026664793,-0.0002411885216133669,-0.0003217904013581574,-0.00036882542190141976,-0.000375293951947242,-0.00033190500107593834,-0.0002478390233591199,-0.00012990839604754,-3.556183969521953e-07,0.00013079936616122723,0.00023932437761686742,0.000319930404657498,0.00035750475944951177,0.000395198876503855,0.00042547829798422754,0.0005401172675192356,0.0009282564278692007,0.0014091931516304612,0.0019054333679378033,0.002426246413961053,0.0030192139092832804,0.003577706404030323,0.004125105682760477,0.004561764188110828,0.004890771582722664,0.005052461288869381,0.005018646828830242,0.004797094501554966,0.004359107464551926,0.003785734297707677,0.003023377154022455,0.0022100743371993303
-0.000622523482888937,-0.000576538615860045,-0.0004952715244144201,-0.0003770426847040653,-0.000246070499997586,-0.00010106460831593722,3.0718518246430904e-05,0.00014670977543573827,0.00022630556486546993,0.0002628290676511824,0.0002502460265532136,0.00019039522157981992,9.41550824791193e-05,-2.9877664928790182e-05,-0.00015961521421559155,-0.0002878853410948068,-0.0003921015886589885,-0.0004671620554290712,-0.0005004297127015889,-0.0004873265861533582,-0.00043147156247869134,-0.00034532934660091996,-0.0002460680843796581,-0.0001456676982343197,-6.398552068276331e-05,-5.922639047639677e-06,1.6854590285220183e-05,4.852060374105349e-05,8.323079237015918e-05,0.00021621669293381274,0.000657996628433466,0.0011976670939475298,0.0017372064758092165,0.0022943716030567884,0.0029261524323374033,0.0035194414667785168,0.0041312468238174915,0.0046540359035134315,0.0051051052287220955,0.005409319885075092,0.005513135809451342,0.005404890049248934,0.005044967867434025,0.004502715542912483,0.0037513026036322117,0.002928186673671007
-0.0004680069105233997,-0.0004817692388314754,-0.00045137846609577537,-0.00038606527959927917,-0.0002924095606431365,-0.00017665515770204365,-5.630803934764117e-05,5.566150139202364e-05,0.0001399904431309551,0.00018264231039211154,0.00017554007354192436,0.00011989602353423834,2.518634937587194e-05,-9.812287316890433e-05,-0.00022818501747678965,-0.00035803081118501723,-0.0004645485896617174,-0.0005434839986264706,-0.0005809083813801408,-0.0005758893094025552,-0.0005293510039336979,-0.00045806102571077645,-0.0003742368135135621,-0.00029099825769662857,-0.00022248210734687746,-0.00017386955732945353,-0.00015367685409728438,-0.00011871785682160407,-7.593484042445198e-05,7.305396138690412e-05,0.000545602582860738,0.001116715488024056,0.001678554923273623,0.0022526036482304335,0.0029079290106892586,0.0035235753748565912,0.0041780308820307255,0.004749545361846685,0.005267771426588297,0.005635187961161137,0.005804175045341253,0.0057413456961512566,0.005422008689492941,0.0049019805155694485,0.004173312336206436,0.003365879412740469
-9.435932588530704e-05,-0.0001947929704328999,-0.0002602346066851169,-0.00029789662221446633,-0.0002994497772306204,-0.0002651708491612226,-0.0001983883121283725,-0.00012346453149802983,-5.132923251949251e-05,-1.2716875971818808e-05,-1.3176793800084852e-05,-6.034794932929799e-05,-0.0001452284341212362,-0.0002587648341432214,-0.0003802663122769445,-0.0005000103847123682,-0.0005964316660538316,-0.0006640241481363773,-0.0006910886149853468,-0.0006805130979046226,-0.0006350314361043274,-0.0005691542173735797,-0.0004960241494700313,-0.0004197255475446582,-0.00035573955392464995,-0.0003039341827388853,-0.00027507211780175567,-0.0002271982084494084,-0.00016941070498432964,-6.298890866673901e-07,0.0005091534112580121,0.0011194782564416528,0.0017114636721089482,0.002314104698598385,0.0029996871016919613,0.0036437902599573135,0.004328690003603697,0.0049325996078550816,0.005476959981024265,0.005867629777640104,0.0060588461346924305,0.0060195703990757465,0.005737206432968378,0.005263475235551596,0.004593400750309229,0.0038468963466584682
