earth/public/data/ocean/C53/ANN-somxl010-depthz-0m-gfs-1.0.json
{"header": {"discipline": 0, "disciplineName": "Meteorological products", "gribEdition": 2, "gribLength": 131138.0, "center": 0, "centerName": "Kiel Climate Model", "subcenter": 0, "refTime": "1", "significanceOfRT": 1, "significanceOfRTName": "Start of forecast", "productStatus": 0, "productStatusName": "Operational products", "productType": 1, "productTypeName": "Forecast products", "productDefinitionTemplate": 0, "productDefinitionTemplateName": "Analysis/forecast at horizontal level/layer at a point in time", "parameterCategory": 2, "parameterCategoryName": "Momentum", "parameterNumber": 2, "parameterNumberName": "U-component_of_wind", "parameterUnit": "m", "genProcessType": 2, "genProcessTypeName": "Forecast", "forecastTime": 0, "surface1Type": 103, "surface1TypeName": "Specified height level above ground", "surface1Value": 10, "surface2Type": 255, "surface2TypeName": "Missing", "surface2Value": 0, "gridDefinitionTemplate": 0, "gridDefinitionTemplateName": "Latitude_Longitude", "numberPoints": 65160, "shape": 6, "shapeName": "Earth spherical with radius of 6,371,229.0 m", "gridUnits": "degrees", "resolution": 48, "winds": "true", "scanMode": 0, "nx": 360.0, "ny": 180.0, "basicAngle": 0, "subDivisions": 0, "lo1": 0.0, "la1": -89.5, "lo2": 359.0, "la2": 89.5, "dx": 1.0, "dy": -1.0}, "data":
[rows 42 to 62 of 180, columns 47 to 93 of 360]
118.05121612548828,107.94183349609375,98.82819366455078,91.97846221923828,80.6131591796875,65.96265411376953,57.28862380981445,55.20482635498047,65.34095001220703,86.33147430419922,93.65501403808594,86.60649108886719,76.04962921142578,67.10045623779297,65.20061492919922,69.42399597167969,82.78864288330078,103.80614471435547,113.70561218261719,111.87504577636719,107.1003646850586,100.30535125732422,93.19895935058594,86.4428939819336,80.12889099121094,74.9561538696289,70.07461547851562,66.26492309570312,61.486881256103516,56.62303161621094,51.988059997558594,48.390899658203125,45.97598648071289,44.49600601196289,42.93560791015625,42.422794342041016,42.55677795410156,42.73138427734375,42.893455505371094,42.975162506103516,43.03689193725586,42.9447135925293,42.80263137817383,42.54949951171875,42.257232666015625,41.84099578857422,41.38279724121094
null,null,null,null,null,null,null,null,null,null,null,62.1192741394043,57.63802719116211,46.02183532714844,47.61226272583008,52.56346130371094,61.5399284362793,72.30718231201172,80.12825012207031,83.017578125,83.46399688720703,81.66213989257812,78.02100372314453,73.63589477539062,68.37838745117188,63.43270492553711,59.685279846191406,57.921993255615234,54.55924987792969,50.2837028503418,46.726314544677734,44.60778045654297,42.72513961791992,40.96226119995117,39.33864212036133,38.804931640625,38.78500747680664,38.837947845458984,38.95524597167969,39.27458953857422,39.72319793701172,40.06498336791992,40.22974395751953,40.334205627441406,40.3699836730957,40.21969223022461,39.92339324951172
null,null,null,null,null,null,null,null,null,null,null,51.66542053222656,50.51405334472656,43.63470458984375,47.80778503417969,51.63423156738281,54.99095153808594,57.516700744628906,60.04484176635742,62.3541145324707,63.94960403442383,64.64289855957031,63.946380615234375,61.973819732666016,59.12493133544922,55.78108215332031,53.31949234008789,52.0974235534668,50.127586364746094,47.63232421875,45.48698425292969,43.94158172607422,42.46467208862305,40.76995086669922,39.14997863769531,38.59663391113281,38.6021842956543,38.60293960571289,38.60778045654297,38.79640197753906,39.13960266113281,39.407169342041016,39.55363845825195,39.710716247558594,39.85247802734375,39.76289749145508,39.46179962158203
null,null,null,null,null,null,null,null,null,null,null,33.22667694091797,41.55813980102539,53.64418411254883,60.68242263793945,63.956302642822266,66.59605407714844,67.56614685058594,65.77228546142578,61.55973815917969,58.49674606323242,57.574913024902344,55.10611343383789,51.84209442138672,49.88359451293945,49.81611251831055,49.067138671875,47.75414276123047,47.952354431152344,49.65939712524414,49.57547378540039,47.776981353759766,46.21455764770508,44.23714828491211,41.97030258178711,40.93039321899414,40.76934051513672,40.60221862792969,40.46078109741211,40.5506477355957,40.85685348510742,41.067718505859375,41.14499282836914,41.26665496826172,41.40891647338867,41.248374938964844,40.81553649902344
null,null,null,null,null,null,null,null,null,null,null,45.73252487182617,53.570369720458984,68.02700805664062,78.68846130371094,83.7242660522461,88.09156799316406,91.30281066894531,85.1028823852539,70.36152648925781,60.72744369506836,57.415916442871094,51.842193603515625,44.72969436645508,42.652191162109375,45.894630432128906,46.94058609008789,45.708885192871094,47.927066802978516,53.29397201538086,55.002471923828125,52.82084274291992,51.10205841064453,48.66548538208008,45.40940475463867,43.752742767333984,43.42313003540039,43.082130432128906,42.78135681152344,42.76640701293945,43.03352737426758,43.18730163574219,43.19649124145508,43.290103912353516,43.450157165527344,43.212867736816406,42.61652755737305
null,null,null,null,null,null,null,null,null,null,null,56.0345344543457,62.59980773925781,72.11795806884766,82.58372497558594,92.23185729980469,99.78218078613281,103.68611907958984,95.10066223144531,75.69073486328125,63.69660949707031,61.12024688720703,55.2711067199707,46.96440124511719,44.7078742980957,48.84613800048828,50.69634246826172,49.90922546386719,53.23963165283203,60.01565933227539,62.470829010009766,60.12453079223633,58.36277389526367,55.505332946777344,51.44854736328125,49.09067153930664,48.44890213012695,47.76030349731445,47.192352294921875,46.95705795288086,47.124114990234375,47.125362396240234,46.980403900146484,46.950828552246094,47.05971145629883,46.696468353271484,45.94137191772461
null,null,null,null,null,null,55.726654052734375,58.00166702270508,57.303524017333984,48.772682189941406,51.72343063354492,60.02617645263672,64.29209899902344,65.37709045410156,75.2401123046875,91.81218719482422,104.83635711669922,111.58396911621094,106.57129669189453,89.8912582397461,80.88037872314453,81.20174407958984,76.45687866210938,68.00318908691406,65.10273742675781,68.55553436279297,70.05162048339844,69.40692138671875,72.5938491821289,79.231689453125,81.56720733642578,79.28514862060547,77.42736053466797,73.66108703613281,68.1434326171875,64.4549560546875,62.70270919799805,60.98853302001953,59.666751861572266,58.680599212646484,58.25136947631836,57.58341979980469,56.8466911315918,56.293704986572266,56.05710220336914,55.30318832397461,54.19028854370117
null,null,null,null,null,null,55.451560974121094,63.816463470458984,63.20735549926758,56.01629638671875,56.16265869140625,62.08039855957031,64.58705139160156,63.10812759399414,73.58143615722656,94.24078369140625,114.3255615234375,130.72039794921875,132.88186645507812,121.13153076171875,114.99501037597656,115.7420654296875,109.92469787597656,98.3541488647461,93.61003112792969,96.34790802001953,97.10296630859375,95.66284942626953,97.83191680908203,103.08344268798828,104.8180923461914,102.64532470703125,100.52879333496094,95.35783386230469,88.0885009765625,82.88758850097656,79.68035888671875,76.75292205810547,74.5526123046875,72.63081359863281,71.26803588867188,69.71746063232422,68.19266510009766,66.97498321533203,66.23600769042969,64.99796295166016,63.45045852661133
null,null,null,null,null,null,59.62651824951172,65.00275421142578,64.83784484863281,59.4327278137207,58.42107009887695,61.992557525634766,66.20780181884766,69.92279815673828,82.93299102783203,102.62657928466797,123.6944580078125,142.6935577392578,149.602294921875,143.15982055664062,139.72894287109375,139.67758178710938,133.28076171875,121.54290008544922,115.89140319824219,117.28429412841797,116.71334075927734,114.40818786621094,114.9625015258789,118.38780212402344,119.2775650024414,117.52288055419922,115.53974914550781,110.12278747558594,102.65223693847656,96.93649291992188,92.95498657226562,89.22166442871094,86.45247650146484,83.7364501953125,81.61883544921875,79.29371643066406,77.23286437988281,75.43305969238281,74.25992584228516,72.64331817626953,70.8990478515625
59.62879943847656,39.759544372558594,43.051082611083984,44.34706497192383,53.10002136230469,62.49127197265625,66.7175521850586,67.20184326171875,65.53231811523438,61.51789093017578,60.220054626464844,61.902793884277344,67.4544677734375,76.67015075683594,91.63439178466797,109.98721313476562,126.47126770019531,137.75076293945312,143.96731567382812,144.10812377929688,144.53076171875,145.25698852539062,142.38833618164062,136.33489990234375,132.70787048339844,132.04534912109375,130.3588104248047,127.78839874267578,126.9846420288086,127.99996948242188,128.18527221679688,127.47264862060547,126.36576080322266,122.288330078125,116.52338409423828,111.5531997680664,107.51890563964844,103.61848449707031,100.48728942871094,97.21269226074219,94.33755493164062,91.39720153808594,88.88875579833984,86.59673309326172,84.9100570678711,83.05620574951172,81.34983825683594
46.6893424987793,24.46803092956543,34.10441207885742,48.368064880371094,58.6070556640625,65.88858032226562,69.59028625488281,68.85835266113281,67.8605728149414,67.00199890136719,65.29472351074219,63.0153923034668,66.36387634277344,74.30451202392578,89.6353759765625,109.45457458496094,122.8449935913086,127.32324981689453,132.33065795898438,136.8440399169922,140.6865234375,143.3168182373047,144.46678161621094,144.19744873046875,143.12879943847656,141.64599609375,139.5765838623047,137.33750915527344,135.58802795410156,134.6276397705078,134.25906372070312,134.53067016601562,134.3118133544922,131.69520568847656,127.75564575195312,123.753173828125,120.13663482666016,116.39389038085938,113.24207305908203,109.63993072509766,106.24347686767578,102.85285949707031,100.0730209350586,97.41112518310547,95.340576171875,93.34807586669922,91.79642486572266
46.02023696899414,28.887744903564453,36.93467712402344,51.62715530395508,61.67280960083008,65.48638916015625,67.7060546875,67.97201538085938,68.94812774658203,70.3814926147461,68.60347747802734,63.91431427001953,66.19891357421875,74.77622985839844,88.42123413085938,104.79398345947266,114.98950958251953,117.58939361572266,122.45045471191406,128.59828186035156,133.77996826171875,137.00782775878906,139.49388122558594,140.8538360595703,140.87173461914062,139.57057189941406,137.93612670898438,136.24037170410156,134.72579956054688,133.61361694335938,133.54132080078125,134.4585418701172,134.8929443359375,133.26019287109375,130.4877166748047,127.52652740478516,124.74427032470703,121.7015609741211,118.8822021484375,115.54253387451172,112.25108337402344,108.87831115722656,106.02322387695312,103.25802612304688,101.09053039550781,99.16897583007812,97.83250427246094
47.002986907958984,39.12275695800781,44.56411361694336,54.420223236083984,60.8243408203125,62.52054214477539,63.509769439697266,63.68186569213867,64.1752700805664,65.1745376586914,63.597103118896484,59.760860443115234,65.4239501953125,79.75325775146484,90.52471160888672,95.83932495117188,100.74915313720703,104.00154876708984,110.71807861328125,119.63798522949219,126.15866088867188,129.01316833496094,130.7266845703125,130.92420959472656,130.42788696289062,129.33590698242188,128.37054443359375,127.67317199707031,127.5065689086914,127.84129333496094,128.85977172851562,130.38096618652344,131.235595703125,130.33956909179688,128.59722900390625,126.82837677001953,125.43588256835938,123.51513671875,121.43051147460938,118.86759948730469,116.27784729003906,113.33063507080078,110.53527069091797,107.87349700927734,105.80007934570312,104.14588165283203,103.19841766357422
48.56657791137695,47.1950569152832,50.59941482543945,56.76474380493164,59.930091857910156,59.37025451660156,58.822364807128906,58.27257537841797,57.07651138305664,55.25279998779297,53.739200592041016,52.80289077758789,60.9797477722168,76.8521957397461,84.48846435546875,82.2996826171875,83.50760650634766,87.81725311279297,96.56336975097656,108.2859115600586,116.50363159179688,119.84933471679688,121.06953430175781,119.93814086914062,118.89266967773438,118.08901977539062,117.94293212890625,118.54029846191406,119.98455047607422,122.12703704833984,124.2180404663086,125.936767578125,126.93426513671875,126.38896179199219,125.31430053710938,124.5488052368164,124.3212890625,123.45584869384766,122.16413116455078,120.44185638427734,118.65538024902344,116.25045013427734,113.70509338378906,111.2751235961914,109.42646026611328,108.097900390625,107.5544662475586
46.98503494262695,48.85367202758789,52.34752655029297,56.276451110839844,57.99148941040039,57.25086975097656,55.804073333740234,53.93688201904297,51.85361099243164,49.86862564086914,50.50703430175781,53.31868362426758,61.269596099853516,73.01751708984375,77.12803649902344,73.18754577636719,74.05827331542969,79.55764770507812,88.90503692626953,100.43997955322266,107.99396514892578,110.4210433959961,110.39452362060547,108.10389709472656,106.71466827392578,106.497314453125,107.28811645507812,108.86067962646484,111.4107666015625,114.42109680175781,116.8765640258789,118.33486938476562,118.9848403930664,118.12501525878906,116.86619567871094,116.2376480102539,116.23123931884766,115.68126678466797,114.69420623779297,113.3779067993164,111.96337890625,109.88793182373047,107.51976013183594,105.42302703857422,103.95257568359375,102.9786148071289,102.64797973632812
40.258544921875,48.65183639526367,52.983009338378906,54.13593292236328,55.080421447753906,55.574703216552734,53.8779296875,50.27587890625,48.901187896728516,50.068214416503906,54.381614685058594,61.39121627807617,68.20513916015625,73.48113250732422,73.92018127441406,69.10869598388672,70.24633026123047,77.15050506591797,86.06829071044922,95.33921813964844,100.39065551757812,100.07665252685547,98.01882934570312,94.40667724609375,92.82048034667969,93.53073120117188,95.23017120361328,97.69239807128906,100.83229064941406,104.132568359375,106.54222869873047,107.6189956665039,107.86048126220703,106.43584442138672,104.70050811767578,103.85025787353516,103.6592788696289,103.03800201416016,102.09290313720703,100.86791229248047,99.59405517578125,97.61936950683594,95.31204223632812,93.5054702758789,92.55448150634766,91.91336822509766,91.72896575927734
36.98728561401367,44.47117614746094,48.91800308227539,49.57435607910156,50.902774810791016,52.533504486083984,51.43449401855469,47.692264556884766,47.115455627441406,49.75247573852539,55.32283401489258,62.95738220214844,67.90454864501953,69.44432067871094,67.55970001220703,62.611637115478516,63.92171096801758,71.24986267089844,79.24702453613281,86.55960083007812,89.374267578125,87.2906494140625,83.78840637207031,79.53849029541016,77.83354949951172,78.98365020751953,81.0839614868164,83.77447509765625,86.8890380859375,89.91883087158203,91.79753112792969,92.25984191894531,91.85002136230469,89.789306640625,87.49633026123047,86.26615142822266,85.7169418334961,84.7861557006836,83.68344116210938,82.39948272705078,81.18496704101562,79.43446350097656,77.44145202636719,76.0523452758789,75.48284149169922,75.11976623535156,75.01728057861328
32.515045166015625,37.45844268798828,41.52109909057617,43.8756217956543,46.358367919921875,48.68495178222656,48.883365631103516,47.02307891845703,47.4726676940918,50.14547348022461,53.42547607421875,56.68029022216797,59.0010986328125,59.885257720947266,58.202571868896484,54.17958068847656,54.48081588745117,59.209327697753906,63.872066497802734,67.85865783691406,68.89588928222656,66.76741027832031,63.95201110839844,60.76633834838867,59.53969955444336,60.422420501708984,61.7897834777832,63.445919036865234,65.18986511230469,66.75900268554688,67.41114044189453,67.01012420654297,66.13609313964844,64.08810424804688,61.963584899902344,60.822750091552734,60.085872650146484,59.12908935546875,58.02253723144531,56.89704513549805,55.88727951049805,54.6734733581543,53.461158752441406,52.63523864746094,52.35887908935547,52.16378402709961,52.09162521362305
29.822174072265625,34.177242279052734,38.24614334106445,41.32270812988281,44.22487258911133,46.386165618896484,47.417633056640625,47.13949203491211,48.637088775634766,51.699520111083984,52.84764862060547,51.76509094238281,51.81454849243164,52.88822555541992,51.75684356689453,48.68721389770508,47.28518295288086,47.64970779418945,47.93349838256836,47.74712371826172,47.12907791137695,46.10810089111328,44.83857345581055,43.71236038208008,43.283912658691406,43.703739166259766,44.10605239868164,44.34309005737305,44.4768180847168,44.37101745605469,43.87397003173828,43.01734161376953,42.091819763183594,40.93508529663086,39.86479568481445,39.31183624267578,38.997459411621094,38.47153091430664,37.893096923828125,37.233943939208984,36.666664123535156,36.05626678466797,35.55370330810547,35.23374557495117,35.178436279296875,35.12405776977539,35.08616638183594
31.28459930419922,36.03105926513672,40.53495407104492,43.94511413574219,46.53335189819336,47.83784103393555,48.920291900634766,49.58393478393555,51.120582580566406,53.30632400512695,52.891944885253906,50.081912994384766,48.6682243347168,49.03080368041992,47.703189849853516,45.017601013183594,42.818626403808594,41.47087478637695,40.02771759033203,38.67538070678711,37.92777633666992,37.8568229675293,37.83140182495117,37.82868576049805,37.91234588623047,38.062198638916016,37.89714813232422,37.45855712890625,36.80280685424805,36.05683898925781,35.21495056152344,34.42375946044922,33.81842041015625,33.4597282409668,33.220088958740234,33.20726013183594,33.24337387084961,33.14326095581055,32.924015045166016,32.63071060180664,32.31398010253906,32.01004409790039,31.767696380615234,31.663127899169922,31.706584930419922,31.72395896911621,31.706892013549805
34.11695098876953,38.73696517944336,43.59593200683594,47.842674255371094,50.33454513549805,50.609710693359375,51.691837310791016,53.3841438293457,54.310611724853516,54.247318267822266,52.41261672973633,49.01096725463867,46.2454833984375,44.496097564697266,42.16933059692383,39.59739685058594,37.78574752807617,37.0989875793457,36.493682861328125,36.15605545043945,36.11254119873047,36.435054779052734,36.711639404296875,36.919456481933594,37.05787658691406,37.106712341308594,36.816802978515625,36.2295036315918,35.48896789550781,34.72213363647461,33.95121383666992,33.32283401489258,32.896400451660156,32.791873931884766,32.76805877685547,32.82065963745117,32.86930465698242,32.78129196166992,32.5737190246582,32.310062408447266,32.04095458984375,31.80811309814453,31.660327911376953,31.65215492248535,31.79384422302246,31.868425369262695,31.867536544799805
