earth/public/data/ocean/C53/ANN-votemper-depthz-500m-gfs-1.0.json
{"header": {"discipline": 0, "disciplineName": "Meteorological products", "gribEdition": 2, "gribLength": 131138.0, "center": 0, "centerName": "Kiel Climate Model", "subcenter": 0, "refTime": "1", "significanceOfRT": 1, "significanceOfRTName": "Start of forecast", "productStatus": 0, "productStatusName": "Operational products", "productType": 1, "productTypeName": "Forecast products", "productDefinitionTemplate": 0, "productDefinitionTemplateName": "Analysis/forecast at horizontal level/layer at a point in time", "parameterCategory": 2, "parameterCategoryName": "Momentum", "parameterNumber": 2, "parameterNumberName": "U-component_of_wind", "parameterUnit": "C", "genProcessType": 2, "genProcessTypeName": "Forecast", "forecastTime": 0, "surface1Type": 103, "surface1TypeName": "Specified height level above ground", "surface1Value": 10, "surface2Type": 255, "surface2TypeName": "Missing", "surface2Value": 0, "gridDefinitionTemplate": 0, "gridDefinitionTemplateName": "Latitude_Longitude", "numberPoints": 65160, "shape": 6, "shapeName": "Earth spherical with radius of 6,371,229.0 m", "gridUnits": "degrees", "resolution": 48, "winds": "true", "scanMode": 0, "nx": 360.0, "ny": 180.0, "basicAngle": 0, "subDivisions": 0, "lo1": 0.0, "la1": -89.5, "lo2": 359.0, "la2": 89.5, "dx": 1.0, "dy": -1.0}, "data":
[rows 66 to 87 of 180, columns 98 to 146 of 360]
18.080930709838867,18.05916404724121,18.034683227539062,18.011878967285156,17.986068725585938,17.961870193481445,17.93456268310547,17.90899085998535,17.881135940551758,17.855871200561523,17.82788848876953,17.802001953125,17.772165298461914,17.743438720703125,17.710439682006836,17.678735733032227,17.644546508789062,17.613676071166992,17.580659866333008,17.551206588745117,17.517642974853516,17.48590660095215,17.448694229125977,17.412668228149414,17.372760772705078,17.33611297607422,17.297208786010742,17.26296043395996,17.22515869140625,17.19046974182129,17.151330947875977,17.114673614501953,17.074594497680664,17.03831672668457,16.999221801757812,16.964475631713867,16.926101684570312,16.89112663269043,16.851287841796875,16.813777923583984,16.771240234375,16.73133087158203,16.687604904174805,16.64804458618164,16.60519790649414,16.567005157470703,16.525108337402344,16.487306594848633,16.445817947387695
17.658597946166992,17.635494232177734,17.609403610229492,17.585256576538086,17.557857513427734,17.532352447509766,17.503337860107422,17.476226806640625,17.446067810058594,17.41850471496582,17.387279510498047,17.358287811279297,17.32465171813965,17.292699813842773,17.256351470947266,17.222291946411133,17.1857967376709,17.153438568115234,17.11903953552246,17.08877182006836,17.054340362548828,17.02197265625,16.98400115966797,16.947341918945312,16.906681060791016,16.869407653808594,16.82972526550293,16.794803619384766,16.756227493286133,16.720924377441406,16.681488037109375,16.64495277404785,16.60540771484375,16.569896697998047,16.53166389465332,16.49758529663086,16.45968246459961,16.424827575683594,16.385154724121094,16.347797393798828,16.306028366088867,16.267248153686523,16.225404739379883,16.18785858154297,16.147571563720703,16.11163330078125,16.072338104248047,16.036617279052734,15.997615814208984
16.92039680480957,16.895225524902344,16.867198944091797,16.841209411621094,16.812374114990234,16.78571319580078,16.755876541137695,16.728052139282227,16.696992874145508,16.668066024780273,16.635202407836914,16.604034423828125,16.5687198638916,16.535364151000977,16.498916625976562,16.465818405151367,16.430818557739258,16.400218963623047,16.367597579956055,16.338842391967773,16.306015014648438,16.274925231933594,16.238750457763672,16.203765869140625,16.16541290283203,16.130321502685547,16.09309196472168,16.060243606567383,16.024059295654297,15.990996360778809,15.954273223876953,15.920528411865234,15.883777618408203,15.850666999816895,15.81452465057373,15.7818021774292,15.745484352111816,15.71198844909668,15.674581527709961,15.639927864074707,15.601758003234863,15.566975593566895,15.529458999633789,15.496037483215332,15.459975242614746,15.427820205688477,15.39254093170166,15.360512733459473,15.325551986694336
16.147172927856445,16.120956420898438,16.091873168945312,16.065229415893555,16.035940170288086,16.009389877319336,15.97978687286377,15.952618598937988,15.921903610229492,15.893350601196289,15.860342025756836,15.828999519348145,15.793391227722168,15.760091781616211,15.72436237335205,15.69281005859375,15.659575462341309,15.630824089050293,15.600171089172363,15.57331657409668,15.542776107788086,15.514291763305664,15.481230735778809,15.449895858764648,15.415339469909668,15.384187698364258,15.350505828857422,15.320713996887207,15.287461280822754,15.25700569152832,15.223159790039062,15.192254066467285,15.15844440460205,15.128057479858398,15.094527244567871,15.064144134521484,15.030227661132812,14.999151229858398,14.964618682861328,14.933123588562012,14.898722648620605,14.867899894714355,14.834684371948242,14.805356979370117,14.773564338684082,14.745333671569824,14.714248657226562,14.686216354370117,14.655537605285645
15.57367992401123,15.548380851745605,15.520622253417969,15.495265007019043,15.467761993408203,15.442899703979492,15.415488243103027,15.39028263092041,15.361926078796387,15.335342407226562,15.3047456741333,15.275452613830566,15.242478370666504,15.211520195007324,15.179038047790527,15.150556564331055,15.121034622192383,15.0954008102417,15.068268775939941,15.04416561126709,15.017069816589355,14.99157428741455,14.962441444396973,14.934662818908691,14.904269218444824,14.876500129699707,14.846437454223633,14.819293975830078,14.789146423339844,14.761219024658203,14.730466842651367,14.702189445495605,14.671440124511719,14.643525123596191,14.612924575805664,14.584952354431152,14.554054260253906,14.525599479675293,14.494405746459961,14.465853691101074,14.435081481933594,14.407362937927246,14.377792358398438,14.351434707641602,14.323116302490234,14.29770565032959,14.270074844360352,14.244976997375488,14.217844009399414
15.057279586791992,15.033833503723145,15.008110046386719,14.984973907470703,14.959810256958008,14.937408447265625,14.912513732910156,14.889881134033203,14.864075660705566,14.840022087097168,14.812132835388184,14.785724639892578,14.756027221679688,14.728736877441406,14.700450897216797,14.6766939163208,14.65200424194336,14.631311416625977,14.608638763427734,14.58851432800293,14.56508731842041,14.542949676513672,14.517178535461426,14.492765426635742,14.465539932250977,14.440740585327148,14.413464546203613,14.388925552368164,14.361616134643555,14.336758613586426,14.309207916259766,14.284265518188477,14.25663948059082,14.231637954711914,14.203797340393066,14.178431510925293,14.150299072265625,14.124765396118164,14.096770286560059,14.071693420410156,14.044456481933594,14.020333290100098,13.994174003601074,13.97104549407959,13.945806503295898,13.92332649230957,13.898663520812988,13.876570701599121,13.852442741394043
14.534374237060547,14.512679100036621,14.489339828491211,14.468423843383789,14.446133613586426,14.426299095153809,14.404618263244629,14.384774208068848,14.362419128417969,14.341326713562012,14.317251205444336,14.294238090515137,14.268881797790527,14.245430946350098,14.221803665161133,14.201970100402832,14.181931495666504,14.165063858032227,14.146854400634766,14.130341529846191,14.111467361450195,14.093308448791504,14.0726318359375,14.052730560302734,14.030734062194824,14.010136604309082,13.987483978271484,13.966447830200195,13.94318675994873,13.921575546264648,13.897787094116211,13.875866889953613,13.851726531982422,13.829509735107422,13.805100440979004,13.782666206359863,13.758289337158203,13.736084938049316,13.71219539642334,13.690632820129395,13.667497634887695,13.64669418334961,13.62431812286377,13.604174613952637,13.582428932189941,13.562786102294922,13.541579246520996,13.52241039276123,13.501777648925781
14.09987735748291,14.079833030700684,14.058429718017578,14.0397367477417,14.01989459991455,14.002734184265137,13.983892440795898,13.967053413391113,13.947896957397461,13.930198669433594,13.909771919250488,13.890664100646973,13.869264602661133,13.849824905395508,13.829765319824219,13.813055992126465,13.795934677124023,13.781778335571289,13.766546249389648,13.753278732299805,13.738326072692871,13.724764823913574,13.709216117858887,13.694974899291992,13.6785249710083,13.663362503051758,13.645627975463867,13.628993034362793,13.60964298248291,13.591452598571777,13.570731163024902,13.551525115966797,13.530069351196289,13.510509490966797,13.489056587219238,13.469880104064941,13.448999404907227,13.43052864074707,13.410283088684082,13.3922758102417,13.372440338134766,13.354681968688965,13.335199356079102,13.31779670715332,13.29879379272461,13.28189468383789,13.263482093811035,13.247156143188477,13.229342460632324
13.690345764160156,13.671289443969727,13.651166915893555,13.63361930847168,13.615317344665527,13.599578857421875,13.582717895507812,13.567758560180664,13.551216125488281,13.535994529724121,13.518840789794922,13.502710342407227,13.484931945800781,13.468549728393555,13.451749801635742,13.437418937683105,13.423007011413574,13.410988807678223,13.398702621459961,13.388206481933594,13.377337455749512,13.367810249328613,13.357762336730957,13.348654747009277,13.338583946228027,13.328917503356934,13.317595481872559,13.306150436401367,13.292567253112793,13.27879524230957,13.262764930725098,13.24695873260498,13.229172706604004,13.212328910827637,13.194165229797363,13.177753448486328,13.160355567932129,13.144925117492676,13.128304481506348,13.113298416137695,13.09688663482666,13.081835746765137,13.065464973449707,13.050541877746582,13.034493446350098,13.020038604736328,13.00457763671875,12.990727424621582,12.975852966308594
13.380149841308594,13.361419677734375,13.3414945602417,13.324015617370605,13.30583381652832,13.290264129638672,13.273865699768066,13.259659767150879,13.244275093078613,13.230612754821777,13.215265274047852,13.201184272766113,13.1854829788208,13.171204566955566,13.156272888183594,13.143571853637695,13.130758285522461,13.120306968688965,13.109952926635742,13.101753234863281,13.093768119812012,13.087711334228516,13.081704139709473,13.077205657958984,13.072216987609863,13.068108558654785,13.062555313110352,13.05709171295166,13.04920768737793,13.040852546691895,13.029573440551758,13.017853736877441,13.003498077392578,12.98943042755127,12.973791122436523,12.959651947021484,12.944563865661621,12.931478500366211,12.917254447937012,12.904695510864258,12.890692710876465,12.878008842468262,12.863931655883789,12.851226806640625,12.837360382080078,12.825050354003906,12.811715126037598,12.79997444152832,12.78718090057373
13.113290786743164,13.094685554504395,13.07465934753418,13.056888580322266,13.038190841674805,13.022055625915527,13.005096435546875,12.990522384643555,12.975080490112305,12.961690902709961,12.946919441223145,12.933528900146484,12.918519020080566,12.904703140258789,12.890005111694336,12.87723159790039,12.864365577697754,12.853899955749512,12.843881607055664,12.836256980895996,12.829476356506348,12.824851036071777,12.821306228637695,12.819479942321777,12.818671226501465,12.818857192993164,12.819372177124023,12.819727897644043,12.819029808044434,12.816832542419434,12.812273025512695,12.805593490600586,12.796183586120605,12.78531551361084,12.772900581359863,12.760936737060547,12.748373985290527,12.737321853637695,12.725512504577637,12.714946746826172,12.703221321105957,12.692343711853027,12.680335998535156,12.66927719116211,12.65735149383545,12.646631240844727,12.635184288024902,12.624998092651367,12.614023208618164
12.909629821777344,12.89091968536377,12.87037467956543,12.851720809936523,12.831558227539062,12.81353759765625,12.79428482055664,12.777311325073242,12.75949478149414,12.744131088256836,12.727334022521973,12.712261199951172,12.694584846496582,12.677699089050293,12.658893585205078,12.641850471496582,12.624720573425293,12.610855102539062,12.597527503967285,12.587329864501953,12.577499389648438,12.570072174072266,12.563633918762207,12.559809684753418,12.557940483093262,12.558984756469727,12.562430381774902,12.568260192871094,12.575005531311035,12.581832885742188,12.587117195129395,12.589967727661133,12.589139938354492,12.584650039672852,12.577472686767578,12.568808555603027,12.559280395507812,12.550619125366211,12.541219711303711,12.532819747924805,12.52316665649414,12.514039039611816,12.50369930267334,12.494054794311523,12.483514785766602,12.474041938781738,12.463798522949219,12.454712867736816,12.444701194763184
12.761287689208984,12.742481231689453,12.721461296081543,12.702024459838867,12.680462837219238,12.660621643066406,12.639037132263184,12.61949634552002,12.59906005859375,12.581274032592773,12.56200122833252,12.544567108154297,12.523433685302734,12.502178192138672,12.47810173034668,12.455183982849121,12.432744026184082,12.414472579956055,12.397092819213867,12.383471488952637,12.36949348449707,12.35737133026123,12.346043586730957,12.337120056152344,12.331476211547852,12.329689979553223,12.33338451385498,12.341673851013184,12.35412883758545,12.368660926818848,12.38347339630127,12.396388053894043,12.404733657836914,12.407565116882324,12.406074523925781,12.400897026062012,12.394400596618652,12.387938499450684,12.380815505981445,12.374444007873535,12.3667631149292,12.359273910522461,12.350478172302246,12.342053413391113,12.332698822021484,12.324165344238281,12.31484317779541,12.306456565856934,12.297035217285156
12.757386207580566,12.739161491394043,12.718704223632812,12.699625015258789,12.67807674407959,12.657899856567383,12.635375022888184,12.614602088928223,12.592501640319824,12.573174476623535,12.552661895751953,12.534703254699707,12.512475967407227,12.489921569824219,12.46262264251709,12.435632705688477,12.407987594604492,12.385109901428223,12.362085342407227,12.34366226196289,12.322636604309082,12.303570747375488,12.282893180847168,12.265331268310547,12.249388694763184,12.2390775680542,12.234617233276367,12.237838745117188,12.247233390808105,12.261734008789062,12.279641151428223,12.297743797302246,12.312750816345215,12.32149600982666,12.32531452178955,12.32306957244873,12.319233894348145,12.314274787902832,12.308937072753906,12.30403995513916,12.298013687133789,12.291805267333984,12.284248352050781,12.276606559753418,12.267930030822754,12.259745597839355,12.25066089630127,12.24232006072998,12.23269271850586
12.862245559692383,12.846574783325195,12.829009056091309,12.812594413757324,12.793926239013672,12.776165008544922,12.755993843078613,12.73670482635498,12.715475082397461,12.695812225341797,12.67585563659668,12.659127235412598,12.63865852355957,12.618165969848633,12.590514183044434,12.56054401397705,12.52790641784668,12.498229026794434,12.466775894165039,12.439046859741211,12.405716896057129,12.372740745544434,12.334843635559082,12.298942565917969,12.261308670043945,12.22909927368164,12.202244758605957,12.186294555664062,12.178083419799805,12.180062294006348,12.19076919555664,12.20922565460205,12.228415489196777,12.245384216308594,12.256199836730957,12.259015083312988,12.259085655212402,12.256423950195312,12.253583908081055,12.251112937927246,12.2477445602417,12.244080543518066,12.238749504089355,12.23267650604248,12.22512435913086,12.217434883117676,12.208516120910645,12.199983596801758,12.18970775604248
12.99582290649414,12.983428001403809,12.969407081604004,12.956563949584961,12.941807746887207,12.928131103515625,12.911959648132324,12.896600723266602,12.877786636352539,12.859206199645996,12.840279579162598,12.824546813964844,12.805858612060547,12.787715911865234,12.760526657104492,12.729331016540527,12.69304370880127,12.658170700073242,12.619261741638184,12.583050727844238,12.53787899017334,12.491327285766602,12.436095237731934,12.381231307983398,12.320520401000977,12.263571739196777,12.211377143859863,12.171735763549805,12.141690254211426,12.125103950500488,12.124347686767578,12.138543128967285,12.15956974029541,12.183506965637207,12.200790405273438,12.208598136901855,12.212467193603516,12.211899757385254,12.211435317993164,12.211280822753906,12.210617065429688,12.209723472595215,12.206806182861328,12.202548027038574,12.196250915527344,12.189141273498535,12.180407524108887,12.171649932861328,12.160679817199707
13.130688667297363,13.121085166931152,13.110516548156738,13.100638389587402,13.089957237243652,13.080107688903809,13.069133758544922,13.058611869812012,13.044207572937012,13.028141021728516,13.01089859008789,12.995457649230957,12.977334976196289,12.959840774536133,12.933767318725586,12.903780937194824,12.868339538574219,12.833666801452637,12.794054985046387,12.756473541259766,12.707952499389648,12.657188415527344,12.594593048095703,12.531669616699219,12.456277847290039,12.38292121887207,12.30832290649414,12.247749328613281,12.191630363464355,12.152520179748535,12.131246566772461,12.133771896362305,12.148332595825195,12.173165321350098,12.192340850830078,12.202407836914062,12.207958221435547,12.20793342590332,12.20829963684082,12.208988189697266,12.209884643554688,12.210745811462402,12.209670066833496,12.206725120544434,12.201400756835938,12.194600105285645,12.18582534790039,12.176688194274902,12.16489028930664
13.340408325195312,13.334805488586426,13.328472137451172,13.32262897491455,13.316483497619629,13.311285972595215,13.305914878845215,13.301618576049805,13.292651176452637,13.280884742736816,13.266507148742676,13.252116203308105,13.234996795654297,13.218062400817871,13.194620132446289,13.168728828430176,13.138434410095215,13.109053611755371,13.07540225982666,13.04332160949707,13.000099182128906,12.953125953674316,12.894025802612305,12.83269214630127,12.751179695129395,12.663114547729492,12.565814018249512,12.47586441040039,12.37906551361084,12.292914390563965,12.229230880737305,12.200434684753418,12.194315910339355,12.212761878967285,12.228408813476562,12.238850593566895,12.24371337890625,12.242344856262207,12.241527557373047,12.241594314575195,12.242908477783203,12.245379447937012,12.245894432067871,12.244454383850098,12.239816665649414,12.232893943786621,12.22329044342041,12.212827682495117,12.199089050292969
13.611807823181152,13.61042308807373,13.608814239501953,13.60735034942627,13.605842590332031,13.604636192321777,13.603983879089355,13.604104042053223,13.599888801574707,13.592206954956055,13.581722259521484,13.570372581481934,13.556557655334473,13.542754173278809,13.524860382080078,13.50610065460205,13.484444618225098,13.463837623596191,13.44075870513916,13.419402122497559,13.388089179992676,13.352416038513184,13.308028221130371,13.262594223022461,13.187543869018555,13.095808982849121,12.984299659729004,12.872140884399414,12.726781845092773,12.573667526245117,12.445390701293945,12.365137100219727,12.321794509887695,12.323573112487793,12.328124046325684,12.33499813079834,12.33535385131836,12.329367637634277,12.324236869812012,12.321064949035645,12.320723533630371,12.323424339294434,12.324565887451172,12.324056625366211,12.319254875183105,12.311111450195312,12.299227714538574,12.285839080810547,12.268338203430176
13.886286735534668,13.887414932250977,13.888733863830566,13.89007568359375,13.891005516052246,13.891434669494629,13.89212417602539,13.893017768859863,13.8907470703125,13.88573932647705,13.879149436950684,13.872140884399414,13.863672256469727,13.855230331420898,13.844969749450684,13.834692001342773,13.82332706451416,13.812864303588867,13.802876472473145,13.795077323913574,13.781675338745117,13.764825820922852,13.749319076538086,13.737346649169922,13.690520286560059,13.616437911987305,13.523941993713379,13.427839279174805,13.254539489746094,13.034173965454102,12.83466911315918,12.692687034606934,12.598735809326172,12.570602416992188,12.551313400268555,12.545238494873047,12.532546043395996,12.51620864868164,12.500617980957031,12.48907470703125,12.481538772583008,12.47982406616211,12.4772367477417,12.474620819091797,12.465999603271484,12.453292846679688,12.435717582702637,12.416786193847656,12.391972541809082
14.134895324707031,14.136932373046875,14.13923168182373,14.141469955444336,14.142895698547363,14.143335342407227,14.143708229064941,14.143978118896484,14.142411231994629,14.139351844787598,14.135778427124023,14.132497787475586,14.128707885742188,14.125319480895996,14.121630668640137,14.118608474731445,14.115845680236816,14.114218711853027,14.115142822265625,14.118952751159668,14.121777534484863,14.123922348022461,14.136507987976074,14.158811569213867,14.14357852935791,14.095308303833008,14.040414810180664,13.99056625366211,13.814420700073242,13.543485641479492,13.289680480957031,13.09607219696045,12.957100868225098,12.895685195922852,12.848237991333008,12.822225570678711,12.792057037353516,12.762542724609375,12.734085083007812,12.711278915405273,12.693528175354004,12.68362808227539,12.673824310302734,12.665689468383789,12.649554252624512,12.62824535369873,12.602405548095703,12.576521873474121,12.542154312133789
14.306449890136719,14.307699203491211,14.308758735656738,14.309538841247559,14.30932903289795,14.30826473236084,14.307037353515625,14.305940628051758,14.303901672363281,14.301353454589844,14.298896789550781,14.297036170959473,14.295504570007324,14.29462718963623,14.294495582580566,14.295162200927734,14.297309875488281,14.30056095123291,14.307007789611816,14.315561294555664,14.325652122497559,14.335718154907227,14.358559608459473,14.390743255615234,14.386907577514648,14.339892387390137,14.295543670654297,14.276143074035645,14.088915824890137,13.829506874084473,13.602436065673828,13.39204216003418,13.2324800491333,13.152270317077637,13.084659576416016,13.041799545288086,12.998132705688477,12.961453437805176,12.926045417785645,12.897950172424316,12.874094009399414,12.858468055725098,12.841873168945312,12.827239036560059,12.800713539123535,12.767382621765137,12.732203483581543,12.70177173614502,12.658066749572754
