earth/public/data/ocean/C53/ANN-ocevel-depthz-2000m-gfs-1.0.json
{"header": {"discipline": 0, "disciplineName": "Meteorological products", "gribEdition": 2, "gribLength": 131138.0, "center": 0, "centerName": "Kiel Climate Model", "subcenter": 0, "refTime": "1", "significanceOfRT": 1, "significanceOfRTName": "Start of forecast", "productStatus": 0, "productStatusName": "Operational products", "productType": 1, "productTypeName": "Forecast products", "productDefinitionTemplate": 0, "productDefinitionTemplateName": "Analysis/forecast at horizontal level/layer at a point in time", "parameterCategory": 2, "parameterCategoryName": "Momentum", "parameterNumber": 2, "parameterNumberName": "U-component_of_wind", "parameterUnit": "m/s", "genProcessType": 2, "genProcessTypeName": "Forecast", "forecastTime": 0, "surface1Type": 103, "surface1TypeName": "Specified height level above ground", "surface1Value": 10, "surface2Type": 255, "surface2TypeName": "Missing", "surface2Value": 0, "gridDefinitionTemplate": 0, "gridDefinitionTemplateName": "Latitude_Longitude", "numberPoints": 65160, "shape": 6, "shapeName": "Earth spherical with radius of 6,371,229.0 m", "gridUnits": "degrees", "resolution": 48, "winds": "true", "scanMode": 0, "nx": 360.0, "ny": 180.0, "basicAngle": 0, "subDivisions": 0, "lo1": 0.0, "la1": -89.5, "lo2": 359.0, "la2": 89.5, "dx": 1.0, "dy": -1.0}, "data":
[rows 105 to 125 of 180, columns 0 to 46 of 360]
null,null,null,null,null,null,null,null,null,null,null,null,null,null,null,null,null,null,null,null,null,null,null,null,null,null,null,null,null,null,null,null,null,null,null,null,null,null,null,null,null,null,-0.001496469252742827,-0.001259544980712235,-0.0008260883623734117,-0.0007118579815141857,-0.0007872841670177877
null,null,null,null,null,null,null,null,null,null,null,null,null,null,null,null,null,null,null,null,null,null,null,null,null,null,null,null,null,null,null,null,null,null,null,null,null,null,null,null,null,null,-0.0016778880963101983,-0.0014067188603803515,-0.0009116878500208259,-0.0007502996013499796,-0.0008049338939599693
null,null,null,null,null,null,null,null,null,null,null,null,null,null,null,null,null,null,null,null,null,null,null,null,null,null,null,null,null,null,null,null,null,null,null,null,null,null,null,null,null,null,-0.0005205001798458397,-0.0004733710375148803,-0.0003896777634508908,-0.00044216192327439785,-0.0005691005499102175
null,null,null,null,null,null,null,null,null,null,null,null,null,null,null,null,null,null,null,null,null,null,null,null,null,null,null,null,null,null,null,null,null,null,null,null,null,null,null,null,null,null,-0.00010423438652651384,-0.00011402914969949052,-0.00021298287902027369,-0.00032380837365053594,-0.0004152596229687333
null,null,null,null,null,null,null,null,null,null,null,null,null,null,null,null,null,null,null,null,null,null,null,null,null,null,null,null,null,null,null,null,null,null,null,null,null,null,-0.001664642128162086,-0.0013840589672327042,-0.0008579654386267066,-0.0005007965373806655,-0.0003962307528126985,-0.0003774237702600658,-0.00043033380643464625,-0.00042452244088053703,-0.00035605329321697354
null,null,null,null,null,null,null,null,null,null,null,null,null,null,null,null,null,null,null,null,null,null,null,null,null,null,null,null,null,null,null,null,null,null,null,null,null,null,-0.0002909960167016834,-0.0005293613066896796,-0.00043402391020208597,-0.0003805223968811333,-0.00034066123771481216,-0.00033208884997293353,-0.0003572692221496254,-0.000289704097667709,-0.00017351303540635854
null,null,null,null,null,null,null,null,null,null,null,null,null,null,null,null,null,null,null,null,null,null,null,null,null,null,null,null,null,null,0.000717619841452688,0.0008576642139814794,0.0011336624156683683,0.0012335345381870866,0.0011741096386685967,0.0011420258088037372,0.0011947640450671315,0.0009418335976079106,0.0005710807163268328,0.0002582476590760052,-6.512719119200483e-05,-0.0001645447191549465,-9.988773672375828e-05,-2.6503570552449673e-05,3.485954584903084e-05,0.00011957307287957519,0.00018128336523659527
null,null,null,null,null,null,null,null,null,null,null,null,null,null,null,null,null,null,null,null,null,null,null,null,null,null,null,null,null,null,-0.00013727053010370582,9.775664511835203e-05,0.0005180422449484468,0.0004852580022998154,-1.037049605656648e-05,-0.00028762200963683426,-0.00032478987122885883,-0.0003621087525971234,-0.000397088733734563,-0.00037941301707178354,-0.00027299619978293777,-0.00018231419380754232,-8.381902443943545e-05,8.696187433088198e-05,0.00030728845740668476,0.00043521085171960294,0.00046024814946576953
null,null,null,null,null,null,null,null,null,null,null,null,null,null,null,null,null,null,null,null,null,null,null,null,null,null,null,null,null,null,-0.0004063324595335871,-0.0005107041797600687,-0.00016743436572141945,-0.0003135708102490753,-0.0009211038704961538,-0.0012184985680505633,-0.0011773338774219155,-0.001147343427874148,-0.0011484735878184438,-0.0008815518813207746,-0.0003935748536605388,-6.659852806478739e-05,4.4160347897559404e-05,0.0002359658246859908,0.0004790696839336306,0.0005880296812392771,0.0005757701583206654
null,null,null,null,null,null,null,null,null,null,null,null,null,null,null,null,null,null,null,null,null,null,null,null,null,null,null,null,0.002538102213293314,0.0014967020833864808,-2.0228373614372686e-05,-0.0006662579253315926,-0.000655421637929976,-0.0008173912647180259,-0.001124157221056521,-0.001139394473284483,-0.0008346820250153542,-0.0006452604429796338,-0.0005910763866268098,-0.00034103592042811215,5.7864403061103076e-05,0.0003382725699339062,0.0004449717525858432,0.0005803968524560332,0.0007147996802814305,0.0007407183875329792,0.0006553361308760941
null,null,null,null,null,null,null,null,null,null,null,null,null,null,null,null,null,null,null,null,null,null,null,null,null,null,null,null,0.0016157716745510697,0.001160194049589336,8.36902927403571e-06,-0.0006569373654201627,-0.0007543954416178167,-0.0009055365808308125,-0.0010859606554731727,-0.0009563824278302491,-0.0005177634884603322,-0.00022353159147314727,-0.00013817951548844576,4.4771913962904364e-05,0.0003105742216575891,0.0004857680178247392,0.0005673767300322652,0.0006548619130626321,0.0007098633795976639,0.0006704843835905194,0.0005644644261337817
null,null,null,null,null,null,null,null,null,null,null,null,null,null,null,null,null,null,null,null,null,null,null,null,0.0001197909441543743,5.1943628932349384e-05,-7.527008710894734e-05,3.858370109810494e-05,0.00026933185290545225,0.00015042567974887788,-0.0002452719199936837,-0.0004745922051370144,-0.00045620548189617693,-0.0005734659498557448,-0.0008019734523259103,-0.0007131933816708624,-0.00027660568594001234,4.337298742029816e-05,0.00012775641516782343,0.00021859738626517355,0.00030727009288966656,0.00035086850402876735,0.00038532030885107815,0.00045381824020296335,0.0004603973065968603,0.0003878990828525275,0.0003213354211766273
null,null,null,null,null,null,null,null,null,null,null,null,null,null,null,null,null,null,null,null,null,null,null,null,-0.000490645004902035,-0.00036628212546929717,-0.00015430376515723765,-0.00019498671463225037,-0.0004944578977301717,-0.0006359807448461652,-0.0005831054877489805,-0.0005760783096775413,-0.000612352043390274,-0.0005964533775113523,-0.0005483685526996851,-0.0004411425325088203,-0.00018517552234698087,8.373138552997261e-05,0.00022628453734796494,0.0002740312193054706,0.0002836383646354079,0.00025192071916535497,0.0002490378974471241,0.0002776767942123115,0.0002207208308391273,9.435660467715934e-05,-8.570928184781224e-05
null,null,null,null,null,null,null,null,null,null,null,null,null,null,null,null,null,null,null,null,null,null,null,null,-0.0015698084607720375,-0.0010367943905293941,-0.00018950899539049715,-0.0002052483760053292,-0.000801132177002728,-0.0009387070313096046,-0.0006221396033652127,-0.0006000692374072969,-0.0009569684625603259,-0.0009305876446887851,-0.00037258907104842365,-0.00010024772200267762,-0.0001391788973705843,-8.693915151525289e-05,-4.836156585952267e-05,1.1558347978279926e-05,4.9921669415198267e-05,5.9232239436823875e-05,8.816723857307807e-05,0.00012087761570001021,6.618577026529238e-05,-8.18565531517379e-05,-0.00035671022487804294
null,null,null,null,null,null,null,null,null,null,null,null,null,null,null,null,null,null,null,null,null,null,null,null,-0.0022456482984125614,null,-0.00014163905871100724,-0.0002836037892848253,-0.0009070815867744386,-0.0009123151539824903,-0.0002798908681143075,-9.088185470318422e-05,null,null,null,null,0.0002170332008972764,-0.0001987196592381224,-0.00043060595635324717,-0.0003879377036355436,-0.00031852576648816466,-0.00023303097987081856,-0.00012569036334753036,-7.594975159008754e-06,9.903078534989618e-06,-6.63163882563822e-05,-0.00026626064209267497
0.0017351655988022685,0.0023976981174200773,null,null,null,null,null,null,null,null,null,null,null,null,null,null,null,null,null,null,null,null,null,null,null,null,-2.90583775495179e-05,-0.00032336704316549003,-0.0008751958375796676,-0.0007602900150232017,6.987082542764256e-06,0.00041620153933763504,null,null,null,null,0.0005067935562692583,6.2398271438723896e-06,-0.00034053035778924823,-0.0004730339569505304,-0.0004819034074898809,-0.0003517057339195162,-0.00018273742171004415,-6.6321040321781766e-06,9.330242028227076e-05,9.646714170230553e-05,2.5920089683495462e-05
-0.0009479565196670592,-8.41043970467581e-07,0.001226360909640789,0.0016579742077738047,0.0010007976088672876,0.0009040837758220732,0.0013799219159409404,0.0021330327726900578,0.0030692776199430227,0.0035686080809682608,null,null,null,null,null,null,null,null,null,null,null,null,null,null,null,null,null,null,null,null,null,null,null,null,null,null,null,0.0004745523619931191,0.00017222936730831861,-0.0002795002073980868,-0.0004403931670822203,-0.00029501650715246797,-0.0001160149768111296,6.49778448860161e-05,0.00019163236720487475,0.00024334958288818598,0.00018255501345265657
-0.002523281378671527,-0.0017052084440365434,-0.00015153904678300023,0.0004634348733816296,5.825496555189602e-05,-0.00014179522986523807,-8.490398613503203e-05,0.0008046008879318833,0.002346023451536894,0.0031268249731510878,null,null,null,null,null,null,null,null,null,null,null,null,null,null,null,null,null,null,null,null,null,null,null,null,null,null,null,0.0007825049688108265,0.000508069817442447,8.963776053860784e-05,-0.0001946984848473221,-0.0003680595546029508,-0.00029439604259096086,2.977108488266822e-05,0.00019460800103843212,0.00016678824613336474,0.00013038197357673198
-0.0018103198381140828,-0.0024047275073826313,-0.002002000343054533,-0.001720932312309742,-0.001642981544137001,-0.0020128602627664804,-0.0027787568978965282,-0.0016806069761514664,0.0011008934816345572,0.0024854587391018867,0.002240727888420224,0.002062243176624179,null,null,null,null,null,null,null,null,null,null,null,null,null,null,null,null,null,null,null,null,null,null,null,null,null,null,null,0.0005682065384462476,0.00016983196837827563,-0.0005589761422015727,-0.0005536589305847883,-3.7401723602670245e-06,5.507825699169189e-05,-0.00025813840329647064,-0.0003107069933321327
0.0013237434905022383,0.0012189829722046852,0.0014078922104090452,0.0018705809488892555,0.0024650506675243378,0.001249569235369563,-0.0014421838568523526,-0.001861663768067956,0.000316310120979324,0.001373683218844235,0.0012337738880887628,0.0011677504517138004,null,null,null,null,null,null,null,null,null,null,null,null,null,null,null,null,null,null,null,null,null,null,null,null,null,null,null,null,null,null,null,8.635503763798624e-05,-8.806351979728788e-05,-0.0005236734286881983,-0.0005564835155382752
0.0062853433191776276,0.007083669770509005,0.007888102903962135,0.008830144070088863,0.009899849072098732,0.007286444306373596,0.0024520321749150753,0.0005004206905141473,0.0004339846782386303,0.0005320269265212119,0.000613893149420619,0.0006466466002166271,null,null,null,null,null,null,null,null,null,null,null,null,null,null,null,null,null,null,null,null,null,null,null,null,null,null,null,null,null,null,null,3.30177390424069e-05,-0.00012609342229552567,-0.0004364173219073564,-0.0006047621718607843
