earth/public/data/ocean/C53/ANN-vosaline-depthz-0m-gfs-1.0.json
{"header": {"discipline": 0, "disciplineName": "Meteorological products", "gribEdition": 2, "gribLength": 131138.0, "center": 0, "centerName": "Kiel Climate Model", "subcenter": 0, "refTime": "1", "significanceOfRT": 1, "significanceOfRTName": "Start of forecast", "productStatus": 0, "productStatusName": "Operational products", "productType": 1, "productTypeName": "Forecast products", "productDefinitionTemplate": 0, "productDefinitionTemplateName": "Analysis/forecast at horizontal level/layer at a point in time", "parameterCategory": 2, "parameterCategoryName": "Momentum", "parameterNumber": 2, "parameterNumberName": "U-component_of_wind", "parameterUnit": "PSU", "genProcessType": 2, "genProcessTypeName": "Forecast", "forecastTime": 0, "surface1Type": 103, "surface1TypeName": "Specified height level above ground", "surface1Value": 10, "surface2Type": 255, "surface2TypeName": "Missing", "surface2Value": 0, "gridDefinitionTemplate": 0, "gridDefinitionTemplateName": "Latitude_Longitude", "numberPoints": 65160, "shape": 6, "shapeName": "Earth spherical with radius of 6,371,229.0 m", "gridUnits": "degrees", "resolution": 48, "winds": "true", "scanMode": 0, "nx": 360.0, "ny": 180.0, "basicAngle": 0, "subDivisions": 0, "lo1": 0.0, "la1": -89.5, "lo2": 359.0, "la2": 89.5, "dx": 1.0, "dy": -1.0}, "data":
[rows 21 to 41 of 180, columns 144 to 191 of 360]
null,null,null,null,32.60027313232422,32.81064224243164,32.96247482299805,33.17963409423828,33.38606262207031,33.54496383666992,33.69903564453125,33.82065963745117,33.93761444091797,34.02863693237305,34.1130485534668,34.17534255981445,34.229347229003906,34.265098571777344,34.29507827758789,34.31373596191406,34.32946014404297,34.339290618896484,34.346961975097656,34.350975036621094,34.354129791259766,34.355751037597656,34.35777282714844,34.35972595214844,34.36282730102539,34.36640548706055,34.3714485168457,34.37693786621094,34.3839111328125,34.3910026550293,34.39958190917969,34.40800094604492,34.41788864135742,34.42737579345703,34.438255310058594,34.448486328125,34.460025787353516,34.47071075439453,34.47660827636719,34.482669830322266,34.493656158447266,34.505859375,34.516990661621094,34.5291862487793
null,null,null,null,32.575618743896484,32.6697883605957,32.828365325927734,33.041656494140625,33.24836730957031,33.41238784790039,33.572418212890625,33.70050811767578,33.824554443359375,33.92274856567383,34.01359558105469,34.08099365234375,34.13966369628906,34.179141998291016,34.21150588989258,34.23093795776367,34.246131896972656,34.25425338745117,34.26033401489258,34.26314163208008,34.265625,34.26722717285156,34.26969528198242,34.272518157958984,34.27688217163086,34.28196716308594,34.28882598876953,34.29621887207031,34.30534744262695,34.31459045410156,34.3255729675293,34.336341857910156,34.34880447387695,34.36075210571289,34.37431716918945,34.387115478515625,34.4014892578125,34.4149284362793,34.42229080200195,34.42992401123047,34.44386291503906,34.45930862426758,34.47356414794922,34.48918533325195
null,null,null,null,32.63100814819336,32.6884880065918,32.82145309448242,33.00593566894531,33.18855667114258,33.33660888671875,33.484825134277344,33.606651306152344,33.727508544921875,33.82575607299805,33.91801452636719,33.987735748291016,34.049007415771484,34.0908203125,34.12515640258789,34.14582443237305,34.16189193725586,34.17042541503906,34.17717361450195,34.18087387084961,34.184715270996094,34.187957763671875,34.192440032958984,34.19731140136719,34.204036712646484,34.211360931396484,34.220703125,34.23033905029297,34.241939544677734,34.253387451171875,34.26677322387695,34.27967071533203,34.29442596435547,34.30836868286133,34.324092864990234,34.338748931884766,34.35525894165039,34.37063217163086,34.379085540771484,34.387901306152344,34.403934478759766,34.42185592651367,34.438411712646484,34.45671081542969
null,null,null,null,32.7819709777832,32.82075119018555,32.921226501464844,33.06460952758789,33.20992660522461,33.330448150634766,33.454833984375,33.56049346923828,33.668479919433594,33.75934982299805,33.846370697021484,33.913936614990234,33.974021911621094,34.0158576965332,34.05070495605469,34.07229995727539,34.089691162109375,34.09971618652344,34.10844421386719,34.11425018310547,34.120689392089844,34.126556396484375,34.13398742675781,34.14161682128906,34.15128707885742,34.161231994628906,34.173282623291016,34.18524169921875,34.19922637939453,34.21268844604492,34.2281379699707,34.242759704589844,34.25926971435547,34.27466583251953,34.291908264160156,34.30786895751953,34.3258056640625,34.34246826171875,34.35163116455078,34.36119079589844,34.37857437133789,34.39809799194336,34.416221618652344,34.43628692626953
null,null,null,null,32.99824142456055,33.02486038208008,33.09305953979492,33.191062927246094,33.29197692871094,33.37853240966797,33.46999740600586,33.55067443847656,33.63548278808594,33.709930419921875,33.782806396484375,33.84162139892578,33.89492416381836,33.9334716796875,33.96660232543945,33.98844909667969,34.00739288330078,34.01995086669922,34.032135009765625,34.041587829589844,34.0523567199707,34.06230926513672,34.07435989379883,34.08612823486328,34.1002311706543,34.11393356323242,34.12989044189453,34.14505386352539,34.16232681274414,34.17844772338867,34.19660186767578,34.213382720947266,34.23210906982422,34.24928665161133,34.26841735839844,34.285953521728516,34.305599212646484,34.32372283935547,34.333702087402344,34.34400939941406,34.36273193359375,34.38370132446289,34.40309524536133,34.42454528808594
null,33.38530349731445,33.33355712890625,33.261348724365234,33.2401123046875,33.261878967285156,33.303768157958984,33.356746673583984,33.41490936279297,33.465919494628906,33.52244186401367,33.57292175292969,33.62929916381836,33.68039321899414,33.73330307006836,33.77779769897461,33.820335388183594,33.85287094116211,33.882686614990234,33.904258728027344,33.924869537353516,33.9408073425293,33.95738983154297,33.97173309326172,33.98799514770508,34.00336837768555,34.021202087402344,34.038394927978516,34.05802917480469,34.076663970947266,34.09745788574219,34.116737365722656,34.13798522949219,34.15743637084961,34.17878341674805,34.1982421875,34.21953201293945,34.23887634277344,34.26012420654297,34.27949523925781,34.300907135009766,34.320533752441406,34.3313102722168,34.34220504760742,34.362056732177734,34.383968353271484,34.404029846191406,34.42607879638672
null,33.50609588623047,33.455623626708984,33.430049896240234,33.42601776123047,33.44593811035156,33.470062255859375,33.49443817138672,33.52301025390625,33.55042266845703,33.58100509643555,33.609031677246094,33.64223861694336,33.67441940307617,33.70976257324219,33.741729736328125,33.77434539794922,33.801612854003906,33.828365325927734,33.84971237182617,33.87181091308594,33.89064025878906,33.911293029785156,33.92998504638672,33.951560974121094,33.97205352783203,33.99565887451172,34.01803207397461,34.043155670166016,34.06642532348633,34.091796875,34.11465072631836,34.139366149902344,34.161476135253906,34.185386657714844,34.206787109375,34.2299690246582,34.250762939453125,34.27345657348633,34.29396438598633,34.31637954711914,34.336673736572266,34.34782409667969,34.35885238647461,34.37892150878906,34.40085220336914,34.42068862915039,34.44233703613281
null,33.68092727661133,33.60771942138672,33.57110595703125,33.55677032470703,33.56676483154297,33.577354431152344,33.586647033691406,33.599552154541016,33.61362838745117,33.629581451416016,33.64433670043945,33.66371536254883,33.68398666381836,33.708099365234375,33.731510162353516,33.757591247558594,33.7815055847168,33.80659484863281,33.82823944091797,33.851966857910156,33.873416900634766,33.897891998291016,33.92089080810547,33.94775390625,33.973541259765625,34.00288391113281,34.03041076660156,34.06056594848633,34.08787155151367,34.116851806640625,34.142269134521484,34.16914749145508,34.19264602661133,34.21764373779297,34.239654541015625,34.26329040527344,34.2843017578125,34.30707550048828,34.32752227783203,34.349666595458984,34.36952590942383,34.38043975830078,34.39109420776367,34.410484313964844,34.43153381347656,34.450439453125,34.470890045166016
33.870967864990234,33.80849838256836,33.74927520751953,33.70477294921875,33.67723083496094,33.671348571777344,33.66648483276367,33.6633186340332,33.66340255737305,33.6666145324707,33.671512603759766,33.6771125793457,33.68695831298828,33.69912338256836,33.71549606323242,33.73295211791992,33.754756927490234,33.77683639526367,33.801612854003906,33.82450866699219,33.85080337524414,33.87566375732422,33.90494918823242,33.93330001831055,33.966552734375,33.998653411865234,34.03445816040039,34.06747817993164,34.102596282958984,34.13346862792969,34.165313720703125,34.19240188598633,34.22035217285156,34.24413299560547,34.26902389526367,34.29053497314453,34.313453674316406,34.333648681640625,34.35538864135742,34.37476348876953,34.395694732666016,34.41440200805664,34.424686431884766,34.43472671508789,34.45298385620117,34.472686767578125,34.490264892578125,34.509071350097656
33.93193435668945,33.89594650268555,33.85310363769531,33.811492919921875,33.77845764160156,33.75991439819336,33.74257278442383,33.72944259643555,33.719017028808594,33.71312713623047,33.70957946777344,33.70896911621094,33.71273422241211,33.7201042175293,33.732154846191406,33.746585845947266,33.76653289794922,33.788291931152344,33.81405258178711,33.839115142822266,33.86879348754883,33.8976936340332,33.932281494140625,33.96630096435547,34.00605392456055,34.044368743896484,34.0862922668457,34.124271392822266,34.163570404052734,34.19710159301758,34.230770111083984,34.25849151611328,34.28649139404297,34.309688568115234,34.33356475830078,34.35378646850586,34.3751335144043,34.393733978271484,34.41368103027344,34.431358337402344,34.45050811767578,34.467655181884766,34.47708511352539,34.48638916015625,34.5033073425293,34.52143478393555,34.53746795654297,34.554412841796875
34.00504684448242,33.97798156738281,33.94234085083008,33.904808044433594,33.86951446533203,33.842857360839844,33.816810607910156,33.79596710205078,33.7770881652832,33.763511657714844,33.75313186645508,33.74778366088867,33.74744415283203,33.75215530395508,33.762325286865234,33.77606201171875,33.79585266113281,33.81808853149414,33.84518051147461,33.87225341796875,33.904823303222656,33.93707275390625,33.975860595703125,34.014278411865234,34.05894088745117,34.10187911987305,34.14833068847656,34.189964294433594,34.232261657714844,34.26758575439453,34.30233383178711,34.33018493652344,34.35782241821289,34.38019943237305,34.40279769897461,34.421485900878906,34.44101333618164,34.45780944824219,34.47576904296875,34.49161148071289,34.50885009765625,34.52433776855469,34.532859802246094,34.54142379760742,34.55698776245117,34.57359313964844,34.58820724487305,34.60344314575195
34.085411071777344,34.06254196166992,34.031856536865234,33.9986457824707,33.963905334472656,33.93366241455078,33.90286636352539,33.87687301635742,33.85207748413086,33.83282470703125,33.817291259765625,33.808189392089844,33.80495071411133,33.808101654052734,33.81751251220703,33.83146286010742,33.851348876953125,33.873619079589844,33.9007453918457,33.92792892456055,33.96070861816406,33.99334716796875,34.03278732299805,34.07212829589844,34.11802291870117,34.162376403808594,34.21041488647461,34.25358200073242,34.29742431640625,34.33403778076172,34.36970520019531,34.397926330566406,34.42552185058594,34.44743347167969,34.46910858154297,34.486576080322266,34.504608154296875,34.519893646240234,34.536170959472656,34.550453186035156,34.56603240966797,34.580055236816406,34.587772369384766,34.59567642211914,34.61003875732422,34.62539291381836,34.63893127441406,34.652854919433594
34.14471435546875,34.12571716308594,34.09941482543945,34.070945739746094,34.03853225708008,34.0083122253418,33.97617721557617,33.94799041748047,33.92036437988281,33.89822006225586,33.87990188598633,33.868621826171875,33.86375045776367,33.866092681884766,33.8751106262207,33.889137268066406,33.908748626708984,33.93033218383789,33.95640182495117,33.98210906982422,34.0131721496582,34.04376220703125,34.08134841918945,34.1188850402832,34.16341018676758,34.20664978027344,34.254119873046875,34.297088623046875,34.341331481933594,34.37879180908203,34.41520309448242,34.44398498535156,34.47184371948242,34.493743896484375,34.51506423950195,34.531917572021484,34.54913330078125,34.56354904174805,34.578853607177734,34.59221649169922,34.60679626464844,34.61989212036133,34.62710952758789,34.63460159301758,34.648197174072266,34.66278839111328,34.675682067871094,34.688865661621094
34.1733283996582,34.1590576171875,34.13955307006836,34.11769104003906,34.09165573120117,34.065452575683594,34.0365104675293,34.009620666503906,33.98286819458008,33.96088409423828,33.94253158569336,33.931034088134766,33.92585754394531,33.92792510986328,33.936405181884766,33.94982147216797,33.968109130859375,33.98811340332031,34.011573791503906,34.034515380859375,34.06178283691406,34.08881759643555,34.12214660644531,34.1561393737793,34.196868896484375,34.23732376098633,34.28234100341797,34.323997497558594,34.3676643371582,34.405479431152344,34.44245147705078,34.471824645996094,34.50020217895508,34.522369384765625,34.543766021728516,34.56047439575195,34.57740783691406,34.591487884521484,34.606388092041016,34.619407653808594,34.6335334777832,34.646209716796875,34.65317916870117,34.6604118347168,34.673580169677734,34.687740325927734,34.70034408569336,34.71319580078125
34.17683410644531,34.16920852661133,34.160560607910156,34.15261459350586,34.14125061035156,34.128238677978516,34.11125946044922,34.092838287353516,34.0737190246582,34.05683898925781,34.0428352355957,34.03388595581055,34.030418395996094,34.03287124633789,34.040679931640625,34.052364349365234,34.06779479980469,34.08417510986328,34.102725982666016,34.12006759643555,34.140628814697266,34.16063690185547,34.18621063232422,34.21269226074219,34.24604034423828,34.28022766113281,34.320064544677734,34.35837173461914,34.400169372558594,34.43791580200195,34.47539138793945,34.50580596923828,34.53505325317383,34.55781173706055,34.57953643798828,34.59627151489258,34.6130485534668,34.62681198120117,34.64134979248047,34.654022216796875,34.667747497558594,34.68002700805664,34.68678283691406,34.693721771240234,34.706329345703125,34.7200813293457,34.73246383666992,34.74516677856445
34.12063980102539,34.12040710449219,34.126441955566406,34.13748550415039,34.148555755615234,34.15768051147461,34.16242980957031,34.161865234375,34.15925979614258,34.154876708984375,34.15180206298828,34.15031433105469,34.152610778808594,34.15800476074219,34.166996002197266,34.177703857421875,34.19080352783203,34.20366287231445,34.21744918823242,34.229373931884766,34.24298095703125,34.2555046081543,34.27214813232422,34.28962707519531,34.31362533569336,34.339603424072266,34.37235641479492,34.40584182739258,34.44465637207031,34.481727600097656,34.51953125,34.551212310791016,34.58155822753906,34.60505676269531,34.627174377441406,34.643898010253906,34.660343170166016,34.67353820800781,34.68737030029297,34.699344635009766,34.712276458740234,34.723846435546875,34.73019790649414,34.73666000366211,34.74842834472656,34.761558532714844,34.773677825927734,34.78627395629883
33.99537658691406,34.00579833984375,34.026004791259766,34.052528381347656,34.082977294921875,34.11252212524414,34.13917922973633,34.15876007080078,34.1762580871582,34.18885040283203,34.20146942138672,34.21192169189453,34.224586486816406,34.23711013793945,34.251564025878906,34.265140533447266,34.280147552490234,34.29362487792969,34.307315826416016,34.31850814819336,34.330081939697266,34.3397216796875,34.35175704956055,34.36378860473633,34.38139343261719,34.401187896728516,34.42831802368164,34.45771408081055,34.493743896484375,34.529788970947266,34.56753158569336,34.6001091003418,34.63123321533203,34.655269622802734,34.67754364013672,34.694026947021484,34.70989227294922,34.722259521484375,34.73505401611328,34.745948791503906,34.757598876953125,34.76789474487305,34.77355194091797,34.77926254272461,34.78966522216797,34.80162811279297,34.81303024291992,34.82510757446289
33.857398986816406,33.89036560058594,33.930015563964844,33.96818161010742,34.011016845703125,34.05059051513672,34.08970642089844,34.12166976928711,34.15410232543945,34.181514739990234,34.20895004272461,34.231651306152344,34.256263732910156,34.27842712402344,34.301536560058594,34.321441650390625,34.34221267700195,34.3601188659668,34.37769317626953,34.391788482666016,34.40533447265625,34.415916442871094,34.42744445800781,34.43783187866211,34.45272445678711,34.4693717956543,34.493404388427734,34.520389556884766,34.55458450317383,34.589744567871094,34.627132415771484,34.65997314453125,34.69107437133789,34.714847564697266,34.736454010009766,34.75204849243164,34.76666259765625,34.777706146240234,34.7889289855957,34.7983283996582,34.80817413330078,34.81669998168945,34.821388244628906,34.82598876953125,34.83435821533203,34.84428024291992,34.85396957397461,34.864479064941406
33.764495849609375,33.82452392578125,33.88334274291992,33.93171691894531,33.98106384277344,34.02283477783203,34.06532287597656,34.1008415222168,34.13990783691406,34.17565155029297,34.21190643310547,34.24249267578125,34.275291442871094,34.30475616455078,34.334632873535156,34.35985565185547,34.385623931884766,34.40752410888672,34.428672790527344,34.44541931152344,34.46113967895508,34.47308349609375,34.48528289794922,34.49555206298828,34.50974655151367,34.52526092529297,34.54810333251953,34.57406997680664,34.60737228393555,34.641910552978516,34.678871154785156,34.71150207519531,34.7420539855957,34.764915466308594,34.785430908203125,34.79977798461914,34.81301498413086,34.8226318359375,34.8323860168457,34.84040832519531,34.84876251220703,34.85584259033203,34.85976028442383,34.863433837890625,34.87006378173828,34.87812042236328,34.88603210449219,34.894832611083984
33.76289367675781,33.83483123779297,33.90446090698242,33.958927154541016,34.01191329956055,34.053653717041016,34.095375061035156,34.12964630126953,34.16965866088867,34.20821762084961,34.24801254272461,34.28169250488281,34.318180084228516,34.350704193115234,34.383602142333984,34.410804748535156,34.43849182128906,34.46160888671875,34.48379898071289,34.50105667114258,34.517147064208984,34.52919387817383,34.54117965698242,34.551002502441406,34.564456939697266,34.57918930053711,34.60108947753906,34.62627410888672,34.6584358215332,34.691864013671875,34.72739028930664,34.75874328613281,34.78749084472656,34.80862045288086,34.82705307006836,34.83964920043945,34.85088348388672,34.85891342163086,34.86692428588867,34.87363052368164,34.88048553466797,34.88637924194336,34.88958740234375,34.89252471923828,34.897918701171875,34.90438461303711,34.91086959838867,34.91799545288086
33.93658447265625,34.00193405151367,34.066009521484375,34.11849594116211,34.16743469238281,34.20488357543945,34.240638732910156,34.26869201660156,34.304229736328125,34.341243743896484,34.37950134277344,34.41261291503906,34.448184967041016,34.480255126953125,34.511993408203125,34.53805160522461,34.56403350830078,34.58552551269531,34.605587005615234,34.62082290649414,34.63468551635742,34.64486312866211,34.65467834472656,34.66249084472656,34.67361831665039,34.6861457824707,34.70528793334961,34.727725982666016,34.756160736083984,34.785640716552734,34.81640625,34.84309387207031,34.866703033447266,34.88313293457031,34.89670944213867,34.90509796142578,34.91225814819336,34.916969299316406,34.92178726196289,34.925880432128906,34.93009948730469,34.933712005615234,34.93568801879883,34.93742752075195,34.940608978271484,34.944454193115234,34.94831466674805,34.952667236328125
