earth/public/data/ocean/C53/ANN-vosaline-depthz-2000m-gfs-1.0.json
{"header": {"discipline": 0, "disciplineName": "Meteorological products", "gribEdition": 2, "gribLength": 131138.0, "center": 0, "centerName": "Kiel Climate Model", "subcenter": 0, "refTime": "1", "significanceOfRT": 1, "significanceOfRTName": "Start of forecast", "productStatus": 0, "productStatusName": "Operational products", "productType": 1, "productTypeName": "Forecast products", "productDefinitionTemplate": 0, "productDefinitionTemplateName": "Analysis/forecast at horizontal level/layer at a point in time", "parameterCategory": 2, "parameterCategoryName": "Momentum", "parameterNumber": 2, "parameterNumberName": "U-component_of_wind", "parameterUnit": "PSU", "genProcessType": 2, "genProcessTypeName": "Forecast", "forecastTime": 0, "surface1Type": 103, "surface1TypeName": "Specified height level above ground", "surface1Value": 10, "surface2Type": 255, "surface2TypeName": "Missing", "surface2Value": 0, "gridDefinitionTemplate": 0, "gridDefinitionTemplateName": "Latitude_Longitude", "numberPoints": 65160, "shape": 6, "shapeName": "Earth spherical with radius of 6,371,229.0 m", "gridUnits": "degrees", "resolution": 48, "winds": "true", "scanMode": 0, "nx": 360.0, "ny": 180.0, "basicAngle": 0, "subDivisions": 0, "lo1": 0.0, "la1": -89.5, "lo2": 359.0, "la2": 89.5, "dx": 1.0, "dy": -1.0}, "data":
[rows 110 to 131 of 180, columns 102 to 152 of 360]
null,null,null,null,null,null,null,null,null,null,null,null,null,null,null,null,null,null,null,null,null,null,null,null,null,null,null,34.7241096496582,34.72346496582031,34.72246170043945,34.72084045410156,34.718685150146484,34.71685028076172,34.71573257446289,34.71467208862305,34.7138671875,34.71311569213867,34.712554931640625,34.71228790283203,34.71234893798828,34.71217727661133,34.711708068847656,34.71119689941406,34.710960388183594,34.710960388183594,34.71117401123047,34.711517333984375,34.71194076538086,34.712276458740234,34.71247482299805,34.71236038208008
null,null,null,null,null,null,null,null,null,null,null,null,null,null,null,null,null,null,null,null,null,null,null,null,null,null,null,null,null,34.72425842285156,34.72254943847656,34.71925354003906,34.71738052368164,34.71648406982422,34.7154541015625,34.71439743041992,34.71342849731445,34.71276092529297,34.71253967285156,34.71262741088867,34.712528228759766,null,null,34.71017074584961,34.7098388671875,34.709716796875,34.70985794067383,34.71007537841797,34.710227966308594,34.71025466918945,34.71009063720703
null,null,null,null,null,null,null,null,null,null,null,null,null,null,null,null,null,null,null,null,null,null,null,null,null,null,null,null,null,null,null,null,34.71830368041992,34.717655181884766,34.71649932861328,34.71513748168945,34.713680267333984,34.71284866333008,34.71245193481445,34.71233367919922,34.71223449707031,34.71205520629883,null,null,34.70838165283203,34.70826721191406,34.70824432373047,34.70824432373047,34.708194732666016,34.70807647705078,34.70783233642578
null,null,null,null,null,null,null,null,null,null,null,null,null,null,null,null,null,null,null,null,null,null,null,null,null,null,null,null,null,null,null,34.71897888183594,34.718650817871094,34.717960357666016,34.71674728393555,34.71504592895508,34.71358108520508,34.7126350402832,34.7120246887207,34.71166229248047,34.71120834350586,null,null,34.707454681396484,34.70737838745117,34.707252502441406,34.70709991455078,34.70697784423828,34.706787109375,34.706546783447266,34.70620346069336
null,null,null,null,null,null,null,null,null,null,null,null,null,null,null,null,null,null,null,null,null,null,null,null,null,null,null,null,null,null,null,34.71884536743164,34.71846389770508,34.71776580810547,34.71649169921875,34.714881896972656,34.71345901489258,34.71248245239258,34.71165466308594,34.71111297607422,34.71015548706055,34.70864486694336,34.70738983154297,34.70707321166992,34.70673751831055,34.70635986328125,34.706050872802734,34.70586013793945,34.7055549621582,34.7051887512207,34.70472717285156
null,null,null,null,null,null,null,null,null,null,null,null,null,null,null,null,null,null,null,null,null,null,null,null,null,null,null,null,null,null,null,null,34.71855926513672,34.71822738647461,34.71717834472656,34.71552658081055,34.71390914916992,34.712650299072266,34.711517333984375,34.71073913574219,34.70954513549805,34.708168029785156,34.7071533203125,34.70669174194336,34.70612335205078,34.70555877685547,34.705078125,34.70478439331055,34.7043342590332,34.70382308959961,34.703250885009766
null,null,null,null,null,null,null,null,null,null,null,null,null,null,null,null,null,null,null,null,null,null,null,null,null,null,null,null,null,null,null,null,null,34.71928024291992,34.71828842163086,34.71639633178711,34.714508056640625,34.71293640136719,34.71154022216797,34.71055603027344,34.70924377441406,34.70783615112305,34.70680618286133,34.70633316040039,34.705684661865234,34.70497131347656,34.704349517822266,34.70391845703125,34.70331954956055,34.70264434814453,34.70195007324219
null,null,null,null,null,null,null,null,null,null,null,null,null,null,null,null,null,null,null,null,null,null,null,null,null,null,null,null,null,null,null,null,null,34.720359802246094,34.72117614746094,34.72236633300781,34.721397399902344,34.718284606933594,34.714717864990234,34.71165466308594,34.709136962890625,34.70779800415039,34.70671844482422,34.70609664916992,34.70527648925781,34.70442199707031,34.70361328125,34.70301055908203,34.70222854614258,34.70142364501953,34.700599670410156
null,null,null,null,null,null,null,null,null,null,null,null,null,null,null,null,null,null,null,null,null,null,null,null,null,null,null,null,null,null,null,null,null,34.72042465209961,34.72477340698242,34.732627868652344,34.73347091674805,34.72758483886719,34.72066116333008,34.713653564453125,34.70924377441406,34.708065032958984,34.7069206237793,34.706016540527344,34.704986572265625,34.70399856567383,34.70301818847656,34.70220184326172,34.70126724243164,34.70037078857422,34.6994514465332
null,null,null,null,null,null,null,null,null,null,null,null,null,null,null,null,null,null,null,null,null,null,null,null,null,null,null,null,null,null,null,null,null,34.71918487548828,34.724430084228516,34.73324966430664,34.73473358154297,34.7291374206543,34.72206497192383,34.71451950073242,34.7097053527832,34.708377838134766,34.707027435302734,34.70591735839844,34.70467758178711,34.70355224609375,34.70237731933594,34.70138168334961,34.70027542114258,34.69926834106445,34.69820785522461
null,null,null,null,null,null,null,null,null,null,null,null,null,null,null,null,null,null,null,null,null,null,null,null,null,null,null,null,null,null,null,null,null,34.71807861328125,34.7205696105957,34.72361755371094,34.72373580932617,34.72178649902344,34.71836471557617,34.71429443359375,34.71104049682617,34.70924758911133,34.707435607910156,34.70594024658203,34.70437240600586,34.703033447265625,34.701595306396484,34.7003173828125,34.69898223876953,34.697837829589844,34.69657516479492
null,null,null,null,null,null,null,null,null,null,null,null,null,null,null,null,null,null,null,null,null,null,null,null,null,null,null,null,null,null,null,null,null,null,null,34.7161865234375,34.71623229980469,34.716548919677734,34.71589279174805,34.71446228027344,34.7125129699707,34.710453033447266,34.708194732666016,34.70611572265625,34.70414352416992,34.70261001586914,34.70088577270508,34.69926071166992,34.697696685791016,34.69646072387695,34.695011138916016
null,null,null,null,null,null,null,null,null,null,null,null,null,null,null,null,null,null,null,null,null,null,null,null,null,null,null,null,null,null,null,null,null,null,null,34.714202880859375,34.715187072753906,34.716888427734375,34.71723175048828,34.71607971191406,34.71432876586914,34.712318420410156,34.709659576416016,34.706871032714844,34.7043571472168,34.7026252746582,34.70061111450195,34.69870376586914,34.69690704345703,34.69557189941406,34.6939582824707
null,null,null,null,null,null,null,null,null,null,null,null,null,null,null,null,null,null,null,null,null,null,null,null,null,null,null,null,null,null,null,null,null,null,null,34.71244430541992,34.71427536010742,34.717750549316406,34.718955993652344,34.71772766113281,34.716094970703125,34.71427536010742,34.7115592956543,34.70834732055664,34.705318450927734,34.702980041503906,34.70051193237305,34.69833755493164,34.69630813598633,34.694801330566406,34.69300842285156
null,null,null,null,null,null,null,null,null,null,null,null,null,null,null,null,null,null,null,null,null,null,null,null,null,null,null,null,null,null,null,null,null,null,null,34.71039962768555,34.712493896484375,34.71624755859375,34.718074798583984,34.7176513671875,34.71648406982422,34.71484375,34.71242904663086,34.70973587036133,34.706478118896484,34.70330810546875,34.70037078857422,34.69809341430664,34.69584274291992,34.69407653808594,34.69205856323242
null,null,null,null,null,null,null,null,null,null,null,null,null,null,null,null,null,null,null,null,null,null,null,null,null,null,null,null,null,null,null,null,null,null,null,34.709571838378906,34.711387634277344,34.71479034423828,34.71598434448242,34.715171813964844,34.7140998840332,34.71284866333008,34.71141815185547,34.7099609375,34.70726013183594,34.70375442504883,34.7005500793457,34.69821548461914,34.69565200805664,34.693363189697266,34.69099807739258
null,null,null,null,null,null,null,null,null,null,null,null,null,null,null,null,null,null,null,null,null,null,null,null,null,null,null,null,null,null,null,null,null,null,null,null,null,null,null,34.7103157043457,34.710018157958984,34.70978927612305,34.70965576171875,34.709712982177734,34.70780563354492,34.70435333251953,34.70106506347656,34.69853973388672,34.69561004638672,34.692779541015625,34.69004440307617
null,null,null,null,null,null,null,null,null,null,null,null,null,null,null,null,null,null,null,null,null,null,null,null,null,null,null,null,null,null,null,null,null,null,null,null,null,34.705997467041016,34.70622253417969,34.706520080566406,34.707210540771484,34.70820999145508,34.70918655395508,34.70998001098633,34.70853042602539,34.705108642578125,34.7017822265625,34.69915771484375,34.695945739746094,34.692745208740234,34.689727783203125
null,null,null,null,null,null,null,null,null,null,null,null,null,null,null,null,null,null,null,null,null,null,null,null,null,null,null,null,null,null,null,null,null,null,null,null,null,34.705997467041016,34.70604705810547,34.70610427856445,34.706886291503906,34.70829772949219,34.70966720581055,34.710758209228516,34.70952606201172,34.706153869628906,34.70286178588867,34.70024108886719,34.69681167602539,34.69318389892578,34.689849853515625
null,null,null,null,null,null,null,null,null,null,null,null,null,null,null,null,null,null,null,null,null,null,null,null,null,null,null,null,null,null,null,null,null,null,null,null,null,null,null,34.706398010253906,34.70625686645508,34.706050872802734,34.7072868347168,34.71002197265625,34.7100715637207,34.70711135864258,34.70388412475586,34.70126724243164,34.69767379760742,34.693748474121094,34.69012451171875
null,null,null,null,null,null,null,null,null,null,null,null,null,null,null,null,null,null,null,null,null,null,null,null,null,null,null,null,null,null,null,null,null,null,null,null,null,null,null,null,null,34.701202392578125,34.70296096801758,34.70759963989258,34.709354400634766,34.70714569091797,34.704280853271484,34.70170974731445,34.69818115234375,34.69432067871094,34.69061279296875
null,null,null,null,null,null,null,null,null,null,null,null,null,null,null,null,null,null,null,null,null,null,null,null,null,null,null,null,null,null,null,null,null,null,null,null,null,null,null,null,null,34.698150634765625,34.70120620727539,34.70599365234375,34.70735549926758,34.7058219909668,34.703582763671875,34.70137023925781,34.698265075683594,34.6948127746582,34.69123458862305
