earth/public/data/ocean/C53/ANN-ocevel-depthz-3000m-gfs-1.0.json
{"header": {"discipline": 0, "disciplineName": "Meteorological products", "gribEdition": 2, "gribLength": 131138.0, "center": 0, "centerName": "Kiel Climate Model", "subcenter": 0, "refTime": "1", "significanceOfRT": 1, "significanceOfRTName": "Start of forecast", "productStatus": 0, "productStatusName": "Operational products", "productType": 1, "productTypeName": "Forecast products", "productDefinitionTemplate": 0, "productDefinitionTemplateName": "Analysis/forecast at horizontal level/layer at a point in time", "parameterCategory": 2, "parameterCategoryName": "Momentum", "parameterNumber": 2, "parameterNumberName": "V-component_of_wind", "parameterUnit": "m/s", "genProcessType": 2, "genProcessTypeName": "Forecast", "forecastTime": 0, "surface1Type": 103, "surface1TypeName": "Specified height level above ground", "surface1Value": 10, "surface2Type": 255, "surface2TypeName": "Missing", "surface2Value": 0, "gridDefinitionTemplate": 0, "gridDefinitionTemplateName": "Latitude_Longitude", "numberPoints": 65160, "shape": 6, "shapeName": "Earth spherical with radius of 6,371,229.0 m", "gridUnits": "degrees", "resolution": 48, "winds": "true", "scanMode": 0, "nx": 360.0, "ny": 180.0, "basicAngle": 0, "subDivisions": 0, "lo1": 0.0, "la1": -89.5, "lo2": 359.0, "la2": 89.5, "dx": 1.0, "dy": -1.0}, "data":
[rows 84 to 104 of 180, columns 276 to 321 of 360]
-0.0012994467979297042,-0.00045305147068575025,-8.495525980833918e-05,-0.00026282359613105655,-0.00030620029428973794,-0.0002103625884046778,-0.0002002365654334426,-0.0002779793576337397,-0.00030125159537419677,-0.00026519992388784885,-0.0002773917221929878,-0.00033524847822263837,-0.0003304721903987229,-0.00026419147616252303,-0.0002503613941371441,-0.00029134147916920483,-0.00030398674425669014,-0.0002849699230864644,-0.00026894279289990664,-0.00025853278930298984,-0.00023651288938708603,-0.00020794828014913946,-0.00017864663095679134,-0.00015568848175462335,-8.614646503701806e-05,1.9192943000234663e-05,0.0001113846738007851,0.0001761608582455665,0.00022701341367792338,0.0002509023470338434,0.00013827493239659816,-9.378192044096068e-05,0.00012730862363241613,0.0007818188169039786,0.0009909624932333827,0.0006502920878119767,0.00030075543327257037,5.9449383115861565e-05,-6.764571298845112e-05,null,null,null,null,null,null,null
-0.0012149517424404621,-0.0004671781789511442,-0.0001490733411628753,-0.00031298515386879444,-0.0003550223191268742,-0.00026806534151546657,-0.00025586437550373375,-0.00032139502582140267,-0.00035678199492394924,-0.00035625119926407933,-0.0003697100910358131,-0.0003976744774263352,-0.0003780629485845566,-0.000313981669023633,-0.00032451379229314625,-0.0004057312908116728,-0.0004434575093910098,-0.00043127633398398757,-0.00040760281262919307,-0.0003767422749660909,-0.0003289857995696366,-0.00027275242609903216,-0.00019428775704000145,-0.00010676625242922455,-2.6779507606988773e-06,0.00010052567085949704,0.00013363517064135522,9.026098996400833e-05,6.828967161709443e-05,7.237745012389496e-05,2.730243249970954e-05,-5.249103196547367e-05,0.00018786732107400894,0.0007019579061307013,0.0008250197861343622,0.0005285438382998109,0.00024242357176262885,2.1903439119341783e-05,-0.00010039172047981992,null,null,null,null,null,null,null
-0.0009723890689201653,-0.00038358091842383146,-0.00015578680904582143,-0.0003327247395645827,-0.00036291044671088457,-0.00023841159418225288,-0.00020451673481147736,-0.0002687830419745296,-0.00030801197863183916,-0.0003158467006869614,-0.000299344421364367,-0.0002616608398966491,-0.00023328948009293526,-0.0002189739898312837,-0.00027170326211489737,-0.00038269799551926553,-0.00045187940122559667,-0.00046599257620982826,-0.00044825393706560135,-0.00040011576493270695,-0.0003246150736231357,-0.00023516180226579309,-0.00010750245564850047,3.5080556699540466e-05,0.000145854995935224,0.00020458763174246997,0.0001664708397584036,3.8396796298911795e-05,-6.524166383314878e-05,-0.00012156966840848327,-0.00016010698163881898,-0.00017162626318167895,1.6533080270164646e-05,0.00036504812305793166,0.00048364527174271643,0.0003501510072965175,0.00013890836271457374,-0.00010728430788731202,-0.00024233695876318961,null,null,null,null,null,null,null
-0.0006731923203915358,-0.00043919074232690036,-0.00039456525701098144,-0.0005350146093405783,-0.0004964519175700843,-0.00029805899248458445,-0.00022987448028288782,-0.0003031226515304297,-0.0003380479756742716,-0.00032758183078840375,-0.00027794725610874593,-0.00019542747759260237,-0.00017518839740660042,-0.00021950127847958356,-0.00031253992347046733,-0.00043834082316607237,-0.0005435417406260967,-0.0006090077222324908,-0.0006224862299859524,-0.0005806497647427022,-0.0004928315174765885,-0.00037345426972024143,-0.00021329746232368052,-3.9923183067003265e-05,6.672905146842822e-05,8.758591138757765e-05,1.9852479454129934e-05,-0.00013002731429878622,-0.0002803801035042852,-0.00041654554661363363,-0.00045464065624400973,-0.0003967653610743582,-0.00020388570555951446,9.1543399321381e-05,0.00022151763550937176,0.0001671567588346079,2.9278560759848915e-05,-0.00017735909204930067,-0.0002887289447244257,null,null,null,null,null,null,null
-0.0009485791088081896,-0.0008428697474300861,-0.0007514936150982976,-0.0007442915812134743,-0.0006054454715922475,-0.0003471382078714669,-0.00026040530065074563,-0.0003591917920857668,-0.00040350641938857734,-0.0003836392133962363,-0.0003470261872280389,-0.00029774464201182127,-0.0003175764577463269,-0.00040083908243104815,-0.0005104788579046726,-0.0006277578067965806,-0.0007464704103767872,-0.0008491314947605133,-0.0008928106399253011,-0.0008729544933885336,-0.000792536826338619,-0.0006660828366875648,-0.0005129868513904512,-0.0003576149174477905,-0.0002780891372822225,-0.000285820773569867,-0.00033461820567026734,-0.0004131420864723623,-0.0004856569867115468,-0.0005407538847066462,-0.0004989338922314346,-0.0003670186852104962,-0.0002129792992491275,-5.7467528677079827e-05,-2.7165820029040333e-06,-5.286854866426438e-05,-3.799116166192107e-05,3.997587919002399e-05,8.350370626430959e-05,null,null,null,null,null,null,null
-0.0013285139575600624,-0.0006944586057215929,-0.0003933529369533062,-0.00042834063060581684,-0.00030255300225690007,-3.128693424514495e-05,4.685866952058859e-05,-8.242698095273226e-05,-0.00014905209536664188,-0.00014241844473872334,-0.00015256607730407268,-0.00017957852105610073,-0.0002579286810941994,-0.00037544596125371754,-0.00047780442400835454,-0.0005470651085488498,-0.0006306361756287515,-0.0007138701039366424,-0.000755058485083282,-0.0007468953845091164,-0.0006929935188964009,-0.0006019616848789155,-0.0005079409456811845,-0.0004274852108210325,-0.00040711663314141333,-0.00045108332415111363,-0.0004798932059202343,-0.00048670804244466126,-0.0004201855044811964,-0.00028605753323063254,-0.0001441122149117291,-1.5496803825953975e-05,1.967352000065148e-05,-4.77432731713634e-05,-0.00015249835269059986,-0.00027721436345018446,-9.518402657704428e-05,0.00036735026515088975,0.0006206636317074299,null,null,null,null,null,null,null
-0.0005327102262526751,0.0002720035845413804,0.0006230644066818058,0.00044807340600527823,0.00047121188254095614,0.0006761627155356109,0.0006906294147484004,0.000518675078637898,0.00042084194137714803,0.000417138944612816,0.0003726963186636567,0.0002943404542747885,0.00018513985560275614,6.213832239154726e-05,-1.1461181657068664e-06,4.2916967686323915e-06,1.0257349458697718e-05,1.2435818462108728e-05,1.2359575521259103e-05,7.883866601332556e-06,9.127155863097869e-06,1.7742275304044597e-05,8.383999556826893e-06,-1.490451268182369e-05,-7.859482866479084e-05,-0.00016947396215982735,-0.00021968061628285795,-0.0002189498918596655,-7.520407962147146e-05,0.00018595739675220102,0.0003654475149232894,0.00043156344327144325,0.0003161672211717814,4.2266394302714616e-05,-0.0002517131215427071,-0.000510848592966795,-0.0002579907886683941,0.0004632923228200525,0.0008599072461947799,null,null,null,null,null,null,null
0.00038335780845955014,0.0010156392818316817,0.0011739842593669891,0.0008290508994832635,0.0008559924899600446,0.0012463914463296533,0.0012749102897942066,0.0009135331492871046,0.000719885400030762,0.0007367781945504248,0.0007064772653393447,0.0006311716861091554,0.0005449495511129498,0.00046209138236008584,0.00043995262240059674,0.0004870847915299237,0.0005807930720038712,0.0007102426025085151,0.0007649611798115075,0.0007367072976194322,0.0006741347024217248,0.0005859876982867718,0.0004828029195778072,0.00037745031295344234,0.00024917887640185654,0.00011618268035817891,4.207184611004777e-05,3.7206802517175674e-05,0.00019932762370444834,0.0005006174906156957,0.0006645495304837823,0.0006631501019001007,0.00045219046296551824,6.106329965405166e-05,-0.00037368922494351864,-0.0007811464020051062,-0.000565822992939502,0.00023868560674600303,0.000680021767038852,null,null,null,null,null,null,null
0.00015416888345498592,0.0009949555387720466,0.0011056950315833092,0.0004537558415904641,0.0005836066557094455,0.001474597491323948,0.0015642625512555242,0.000860521337017417,0.0005259211757220328,0.0006132454727776349,0.0006368057220242918,0.0005930879269726574,0.0005505246808752418,0.00051885936409235,0.000506693497300148,0.0005159195861779153,0.0006103061605244875,0.000778775371145457,0.0008464242564514279,0.000806608994025737,0.000711211294401437,0.0005753891891799867,0.0004465781676117331,0.00034534159931354225,0.00020080887770745903,3.885123078362085e-05,-4.477807306102477e-05,-3.299935633549467e-05,0.00013748282799497247,0.00043388662743382156,0.0005688386736437678,0.0005158507847227156,0.00030663603683933616,-2.2597065253648907e-05,-0.0005044247373007238,-0.0010533684398978949,-0.0009274232434108853,-0.0001532962778583169,0.00027283094823360443,null,null,null,null,null,null,null
-0.00019779133435804397,0.0007138705695979297,0.0008582828450016677,0.0002182540629291907,0.00044147137668915093,0.0014873826876282692,0.0015632223803550005,0.0006490212981589139,0.00023850864090491086,0.0004022876382805407,0.0004693582304753363,0.00043113151332363486,0.0004111408779863268,0.000414271024055779,0.0003962715854868293,0.00035881641088053584,0.0003770236799027771,0.00044288599747233093,0.00046522714546881616,0.0004376749857328832,0.00034638834767974913,0.00020864578254986554,0.00011217997234780341,7.63988500693813e-05,-6.041363303666003e-05,-0.00027120899176225066,-0.00037976333987899125,-0.0003640148206613958,-0.00015962633187882602,0.00019368570065125823,0.0003277160576544702,0.0002152648230548948,5.1827293646056205e-05,-0.0001275374524993822,-0.0005947096506133676,-0.001262432662770152,-0.0011920128017663956,-0.00040059039019979537,3.475703488220461e-05,null,null,null,null,-4.462548531591892e-06,-4.462548531591892e-06,null
-0.00011143195297336206,0.0005016892682760954,0.0006614210433326662,0.0003388901532161981,0.000618756515905261,0.0014526845188811421,0.0014374015154317021,0.0005734764854423702,0.00019253924256190658,0.0003626470279414207,0.0004222186398692429,0.0003613723674789071,0.0003356437955517322,0.0003499121521599591,0.0003368231118656695,0.0003001127624884248,0.0002641170285642147,0.00023379578487947583,0.0002139739372069016,0.00020597326511051506,0.00012295591295696795,-1.956206324393861e-05,-8.802062802715227e-05,-6.957323057577014e-05,-0.00023443702957592905,-0.0005504319560714066,-0.0007270594360306859,-0.0007314166869036853,-0.00042098580161109567,0.00014290487160906196,0.00032943731639534235,0.00010327151539968327,-9.900543227558956e-05,-0.00023486980353482068,-0.0007082702941261232,-0.0014317036839202046,-0.0013476929161697626,-0.0004709488130174577,1.0828280210262164e-05,null,null,null,null,-6.328978633973747e-05,-6.328978633973747e-05,null
4.644126238417812e-05,0.0003302184632048011,0.00044397724559530616,0.00036697403993457556,0.0006586855743080378,0.0012685803230851889,0.0012347910087555647,0.0005623223842121661,0.00025480627664364874,0.00036755402106791735,0.0003880924778059125,0.000312277115881443,0.00027440080884844065,0.0002807356941048056,0.00027181775658391416,0.0002487187448423356,0.00020956086518708616,0.00016106863040477037,0.00013612415932584554,0.00013976448099128902,5.3515646868618205e-05,-0.0001065824253601022,-0.00016371662786696106,-0.00010750582441687584,-0.0003549059038050473,-0.0008585280156694353,-0.0011121550342068076,-0.0010719599667936563,-0.0005844872212037444,0.0002615731209516525,0.0004993733018636703,9.106969082495198e-05,-0.0002674905117601156,-0.000508239958435297,-0.0009586850646883249,-0.0015460484428331256,-0.0016871930565685034,-0.0013168853474780917,-0.0012741215759888291,null,null,null,null,null,null,null
0.000142572884215042,0.00023404962848871946,0.0003077481233049184,0.0003493040276225656,0.0005881638498976827,0.0009839736158028245,0.0009642320801503956,0.0005317045142874122,0.0003135619917884469,0.00034925524960272014,0.0003300610987935215,0.00025930965784937143,0.0002158394199796021,0.00020738379680551589,0.00020065683929715306,0.00019674153008963913,0.0001663833245402202,0.0001155328718596138,9.116416185861453e-05,9.829058399191126e-05,8.697879820829257e-06,-0.00016232651250902563,-0.00021982879843562841,-0.00015197048196569085,-0.0005445374408736825,-0.0013228809693828225,-0.0016734403325244784,-0.0015264346729964018,-0.0007979848887771368,0.0003747606242541224,0.0007916987524367869,0.0003500852035358548,-1.9609293303801678e-05,-0.0002826968557201326,-0.0007068644626997411,-0.0013181581161916256,-0.0020135226659476757,-0.0025687278248369694,-0.002838883316144347,-0.0027828477323055267,-0.0028117068577557802,null,null,null,null,null
0.00018530309898778796,0.00022343067394103855,0.00027166950167156756,0.0003207044501323253,0.00046716700308024883,0.0006827872712165117,0.0006879083812236786,0.0004824733186978847,0.0003485605411697179,0.0003122505731880665,0.00026347883976995945,0.00021025077148806304,0.00016562725068069994,0.00013794703409075737,0.0001372500555589795,0.00016386457718908787,0.00014550593914464116,8.470408647553995e-05,5.779971615993418e-05,6.868311174912378e-05,-1.1720038855855819e-05,-0.00016937806503847241,-0.0002717494498938322,-0.00029577763052657247,-0.0008484710124321282,-0.0018349351594224572,-0.002247161464765668,-0.00202332716435194,-0.0012981015024706721,-0.00015844611334614456,0.00029310648096725345,3.5856042813975364e-05,-0.001243187696672976,-0.00312403729185462,-0.003949811682105064,null,null,null,null,null,null,null,null,null,null,null
0.00020624430908355862,0.0002527168544474989,0.000285472342511639,0.0002989156637340784,0.00035740056773647666,0.0004492825537454337,0.0004749784420710057,0.00042983333696611226,0.0003585135855246335,0.0002745883248280734,0.00021072517847642303,0.00017793741426430643,0.0001270562643185258,6.790085171815008e-05,6.78758296999149e-05,0.00012760175741277635,0.00011282674677204341,2.8427970391931012e-05,9.609166227164678e-06,5.9268979384796694e-05,7.1686008595861495e-06,-0.00013813450641464442,-0.00032783739152364433,-0.0005298043834045529,-0.0012095514684915543,-0.002242446644231677,-0.0025625131092965603,-0.0021190280094742775,-0.001444270950742066,-0.0007238927646540105,-0.00044435643940232694,-0.0007608621963299811,-0.003402699250727892,-0.008235972374677658,-0.01078045554459095,null,null,null,null,null,null,null,null,null,null,null
0.00022065933444537222,0.0002754961606115103,0.00029736984288319945,0.0002815498737618327,0.0002901916450355202,0.0003192709118593484,0.0003556286683306098,0.00039325375109910965,0.0003554069553501904,0.00025064562214538455,0.00018365411960985512,0.0001666592579567805,0.00010662358545232564,1.3729541933571454e-05,9.406475328432862e-06,9.396519453730434e-05,7.209175964817405e-05,-5.346169928088784e-05,-5.835096453665756e-05,5.93004806432873e-05,3.6276967875892296e-05,-0.00012124006752856076,-0.0003811799397226423,-0.0006993881543166935,-0.0014511380577459931,-0.0025042295455932617,-0.0026479416992515326,-0.0018433235818520188,-0.0010303801391273737,-0.0003254553012084216,-0.00013310745998751372,null,null,null,null,null,null,null,null,null,null,null,null,null,null,null
0.00023987257736735046,0.00028912912239320576,0.00029830154380761087,0.0002668931847438216,0.00025088604888878763,0.0002544722519814968,0.00029734804411418736,0.00037132963188923895,0.0003494905249681324,0.00023505219724029303,0.00017275457503274083,0.00017325984663330019,0.00010355984704801813,-2.294154000992421e-05,-3.0397339287446812e-05,8.254749263869599e-05,4.694367089541629e-05,-0.00012987990339752287,-0.00012075183622073382,7.153194746933877e-05,4.754011024488136e-05,-0.00018622312927618623,-0.00047182448906823993,-0.0007565556443296373,-0.001657797722145915,-0.002993519650772214,-0.002911904128268361,-0.0014491089386865497,-0.002361952792853117,-0.005191517062485218,-0.006821575108915567,null,null,null,null,null,null,null,null,null,null,null,null,null,null,null
0.00027599939494393766,0.0002951660135295242,0.0002868483425118029,0.00025208605802617967,0.00022086106764618307,0.00019773842359427363,0.00024470375501550734,0.00035363357164897025,0.00034421353484503925,0.0002182727330364287,0.00017280405154451728,0.0002152969827875495,0.0001316552807111293,-6.275081250350922e-05,-7.884079968789592e-05,8.762044308241457e-05,2.1960771846352145e-05,-0.00026160909328609705,-0.00024734417092986405,6.4413710788358e-05,-2.086366293951869e-05,-0.00048409777809865773,-0.000817278225440532,-0.0009546998771838844,-0.0018424466252326965,-0.0033696044702082872,-0.0033095034305006266,-0.0012137745507061481,-0.005039351526647806,-0.013193386606872082,-0.01663108542561531,null,null,null,null,null,null,null,null,null,null,null,null,null,null,null
0.000311520037939772,0.00029305194038897753,0.0002693236747290939,0.00024395115906372666,0.00020240218145772815,0.00015206163516268134,0.00020128785399720073,0.0003411032084841281,0.000343590130796656,0.00020892935572192073,0.00018371065380051732,0.0002739613992162049,0.00017566228052601218,-9.42079204833135e-05,-0.0001246947213076055,8.84358087205328e-05,-1.72792006196687e-05,-0.0004257469263393432,-0.0004162529075983912,8.361196705664042e-06,-0.00015392522618640214,-0.0008793211309239268,-0.0012826387537643313,-0.0012964552734047174,-0.0019485309021547437,-0.0030879804398864508,-0.0033149104565382004,null,null,-0.014607876539230347,-0.01610863022506237,null,null,null,null,null,null,null,null,null,null,null,null,null,null,null
0.0003142140049021691,0.00027315126499161124,0.00024491033400408924,0.0002346112742088735,0.00019433352281339467,0.00013103817764203995,0.00017786213720683008,0.00032662853482179344,0.0003358155663590878,0.0002033705823123455,0.00019714386144187301,0.0003168320981785655,0.00021610435214824975,-8.72510572662577e-05,-0.000126210245070979,0.00010628484596963972,-2.8284390282351524e-05,-0.0005042070988565683,-0.0005203315522521734,-7.095999899320304e-05,-0.00031211378518491983,-0.0011937128147110343,-0.0016313539817929268,-0.001546173240058124,-0.0019449512474238873,-0.0027612352278083563,-0.003209785558283329,null,null,-0.011819791048765182,-0.011819791048765182,null,null,null,null,null,null,null,null,null,null,null,null,null,null,null
0.0002987826883327216,0.0002426503924652934,0.00021457034745253623,0.00021966261556372046,0.00018336804350838065,0.00011264772183494642,0.00015576928853988647,0.00030455586966127157,0.00031794796814210713,0.00019389290537219495,0.0002034559875028208,0.00034633392351679504,0.000251390301855281,-6.358652899507433e-05,-0.00010226590529782698,0.00014241023745853454,-5.840287940372946e-06,-0.0005213065887801349,-0.0005678582238033414,-0.0001397973537677899,-0.0004495253087952733,-0.0014469618909060955,-0.001876825001090765,-0.0016602505929768085,-0.0019924500957131386,-0.002806970849633217,-0.0032553633209317923,null,null,null,null,null,null,null,null,null,null,null,null,null,null,null,null,null,null,null
