earth/public/data/ocean/C53/ANN-ocevel-depthz-2000m-gfs-1.0.json
{"header": {"discipline": 0, "disciplineName": "Meteorological products", "gribEdition": 2, "gribLength": 131138.0, "center": 0, "centerName": "Kiel Climate Model", "subcenter": 0, "refTime": "1", "significanceOfRT": 1, "significanceOfRTName": "Start of forecast", "productStatus": 0, "productStatusName": "Operational products", "productType": 1, "productTypeName": "Forecast products", "productDefinitionTemplate": 0, "productDefinitionTemplateName": "Analysis/forecast at horizontal level/layer at a point in time", "parameterCategory": 2, "parameterCategoryName": "Momentum", "parameterNumber": 2, "parameterNumberName": "V-component_of_wind", "parameterUnit": "m/s", "genProcessType": 2, "genProcessTypeName": "Forecast", "forecastTime": 0, "surface1Type": 103, "surface1TypeName": "Specified height level above ground", "surface1Value": 10, "surface2Type": 255, "surface2TypeName": "Missing", "surface2Value": 0, "gridDefinitionTemplate": 0, "gridDefinitionTemplateName": "Latitude_Longitude", "numberPoints": 65160, "shape": 6, "shapeName": "Earth spherical with radius of 6,371,229.0 m", "gridUnits": "degrees", "resolution": 48, "winds": "true", "scanMode": 0, "nx": 360.0, "ny": 180.0, "basicAngle": 0, "subDivisions": 0, "lo1": 0.0, "la1": -89.5, "lo2": 359.0, "la2": 89.5, "dx": 1.0, "dy": -1.0}, "data":
[rows 84 to 104 of 180, columns 46 to 91 of 360]
null,null,null,null,null,null,null,null,null,null,-0.03221180662512779,-0.019394569098949432,0.0039113592356443405,0.007733466103672981,-0.008601346984505653,-0.009259038604795933,0.005868091713637114,0.007051003165543079,-0.0059296078979969025,-0.007097403518855572,0.0037637532223016024,0.004841760266572237,-0.004061016254127026,-0.004995320457965136,0.002209533704444766,0.0029779861215502024,-0.0028299670666456223,-0.0034421468153595924,0.001254375441931188,0.0017895589116960764,-0.001933667459525168,-0.0022851768881082535,0.0008007104624994099,0.0011499347165226936,-0.00020106784359086305,0.0004377148288767785,0.0006497694412246346,-0.0009583602659404278,-0.001123004942201078,0.0001867098908405751,0.0003179858613293618,-0.0007539867656305432,-0.0008475504000671208,5.593632522504777e-05,0.00016607386351097375,-0.000537114858161658
null,null,null,null,null,null,null,null,null,null,-0.036951448768377304,-0.01969853974878788,0.011698916554450989,0.014112915843725204,-0.012879838235676289,-0.01457974873483181,0.009315821342170238,0.011490844190120697,-0.00844730343669653,-0.010361099615693092,0.006093032192438841,0.0077606262639164925,-0.005656322930008173,-0.007047789171338081,0.0038339965976774693,0.004962237551808357,-0.0038640531711280346,-0.004762731026858091,0.0024267970584332943,0.0031773073133081198,-0.002646304201334715,-0.0031959381885826588,0.0016274263616651297,0.0021405427251011133,1.1054264177801087e-05,0.0010675317607820034,0.0013869238318875432,-0.001229834626428783,-0.0014826400438323617,0.0006743660778738558,0.000886784226167947,-0.0008855402702465653,-0.001039773691445589,0.0004515440668910742,0.0006138526950962842,-0.0005823643878102303
null,null,null,null,null,null,null,null,null,null,-0.039868347346782684,-0.019006889313459396,0.01895172894001007,0.019761469215154648,-0.016743026673793793,-0.019281679764389992,0.012598862871527672,0.01566493511199951,-0.010626113042235374,-0.01318386197090149,0.008444773964583874,0.010577825829386711,-0.007160749286413193,-0.008928650990128517,0.005591220688074827,0.006999883335083723,-0.004953385796397924,-0.006106398068368435,0.003748660907149315,0.00468659121543169,-0.003461400279775262,-0.004201818257570267,0.002598598599433899,0.0032713129185140133,0.00024435794330202043,0.0018037629779428244,0.002231437945738435,-0.0016205074498429894,-0.001974955666810274,0.001233818824402988,0.001552876434288919,-0.0010761597659438848,-0.001302793389186263,0.0009153000428341329,0.0011219121515750885,-0.0007193689234554768
null,null,null,null,null,null,null,null,null,null,-0.03873831033706665,-0.016984740272164345,0.022800978273153305,0.022620851173996925,-0.01757085509598255,-0.020480044186115265,0.01437142863869667,0.01760636270046234,-0.011281515471637249,-0.013986325822770596,0.009932750836014748,0.012091122567653656,-0.0078617874532938,-0.009724750183522701,0.006810774561017752,0.008265090174973011,-0.005603798199445009,-0.006856371182948351,0.0047175041399896145,0.005720200948417187,-0.004016256425529718,-0.0048468406312167645,0.0033673986326903105,0.004117854405194521,0.00042182693141512573,0.002447032369673252,0.00294076232239604,-0.001913017244078219,-0.002340229693800211,0.0017303968779742718,0.002114078961312771,-0.001250433619134128,-0.0015384787693619728,0.0012993690324947238,0.0015221165958791971,-0.0009083850891329348
null,null,null,null,null,null,null,null,null,null,-0.02921868860721588,-0.011947629041969776,0.019633764401078224,0.01902257464826107,-0.013605808839201927,-0.01577453315258026,0.012835266999900341,0.015032323077321053,-0.009551296010613441,-0.01159337256103754,0.009251587092876434,0.010850092396140099,-0.007081368938088417,-0.008622749708592892,0.006497711408883333,0.007676006760448217,-0.005296137183904648,-0.006399032659828663,0.00456125196069479,0.005435434635728598,-0.003931771032512188,-0.004677631892263889,0.003328432561829686,0.004019041545689106,0.00045794303878210485,0.002571223769336939,0.0030576959252357483,-0.0018692781450226903,-0.0022777810227125883,0.0019019929459318519,0.002236920176073909,-0.001330533646978438,-0.0016390285454690456,0.0013651112094521523,0.001564469188451767,-0.0010762844467535615
null,null,null,null,null,null,null,null,null,null,-0.014587459154427052,-0.004902574699372053,0.012507894076406956,0.011265525594353676,-0.008402105420827866,-0.009174401871860027,0.009166207164525986,0.009923286736011505,-0.007114340551197529,-0.0081121064722538,0.007147539872676134,0.008040097542107105,-0.0056283120065927505,-0.00662601925432682,0.005239057820290327,0.006047035101801157,-0.004367067012935877,-0.00518039520829916,0.003762332256883383,0.004409240558743477,-0.0033627545926719904,-0.003934682346880436,0.0028043752536177635,0.0033387572038918734,0.0003716084756888449,0.0022742622531950474,0.0026873897295445204,-0.001643038005568087,-0.0019649965688586235,0.0017836233600974083,0.002019867766648531,-0.0013057650066912174,-0.001578382682055235,0.0012500170851126313,0.0014292264822870493,-0.001077708206139505
null,null,null,null,null,null,null,null,null,null,-0.0030652626883238554,0.00021073011157568544,0.006946730427443981,0.004988719709217548,-0.005361585877835751,-0.005107812117785215,0.00570687185972929,0.005645078141242266,-0.005285054445266724,-0.005499748513102531,0.005045173689723015,0.005479989107698202,-0.004266433417797089,-0.004778395872563124,0.00403665192425251,0.004573581274598837,-0.003256106749176979,-0.003773699514567852,0.0031082334462553263,0.003549041924998164,-0.0025291775818914175,-0.002944272244349122,0.002375299111008644,0.002716007176786661,0.00028730108169838786,0.0018549772212281823,0.0021566208451986313,-0.0014344695955514908,-0.0016536698676645756,0.0015349334571510553,0.0017223310424014926,-0.0011255481513217092,-0.0013291591312736273,0.00114852050319314,0.0013215122744441032,-0.0008373813470825553
null,null,null,null,null,null,null,null,0.0016106199473142624,0.0013994256732985377,0.0011945024598389864,0.0018091278616338968,0.003029217943549156,0.001328729558736086,-0.003041820367798209,-0.002543272450566292,0.0027700006030499935,0.0025064952205866575,-0.0033007001038640738,-0.0031602822709828615,0.0029223510064184666,0.00308512756600976,-0.002711299806833267,-0.0028577595949172974,0.002680805278941989,0.0029648998752236366,-0.0020570193883031607,-0.0022863096091896296,0.0023235706612467766,0.002574584446847439,-0.0015796506777405739,-0.0018379924586042762,0.0018461629515513778,0.0020131408236920834,0.00023916414647828788,0.0013099496718496084,0.0014863281976431608,-0.0011294439900666475,-0.0012544295750558376,0.001138388179242611,0.0012915022671222687,-0.0008185863844119012,-0.0009406096651218832,0.0009472733363509178,0.0011039875680580735,-0.0005001590470783412
null,null,null,null,null,null,null,null,0.001916293054819107,0.001857923693023622,0.0015694339526817203,0.0010956375626847148,0.0004956384655088186,-0.00032736643333919346,-0.0011656159767881036,-0.0007930289721116424,0.0007153977639973164,0.0004911169526167214,-0.0014337990432977676,-0.001224535284563899,0.0010855377186089754,0.0010877542663365602,-0.0012268518330529332,-0.0011479249224066734,0.0013179017696529627,0.0013692270731553435,-0.0010156282223761082,-0.0010192315094172955,0.0013671499909833074,0.0014340444467961788,-0.0008325740345753729,-0.0009406882454641163,0.0011348905973136425,0.0012093334225937724,0.000192673658602871,0.0007950139697641134,0.000884076755028218,-0.0006315765785984695,-0.000688925851136446,0.0007232709904201329,0.0007891253917478025,-0.0005025436403229833,-0.0005684112547896802,0.0006079250597395003,0.0007179804379120469,-0.00025591012672521174
null,null,null,null,null,null,0.0012668080162256956,0.0015418377006426454,0.0019602570682764053,0.001730597228743136,0.0009911676170304418,0.0002627227222546935,-0.0003402529691811651,-0.0005942377028986812,-0.0004445258527994156,-0.00029077156796120107,-0.00017104197468142956,-0.00022297856048680842,-0.0004279764834791422,-0.00030768377473577857,0.0001120113956858404,0.00010505390673642978,-0.00032620446290820837,-0.00018154851568397135,0.0005156214465387166,0.00048576141125522554,-0.00026819799677468836,-0.00019462367345113307,0.0006972939590923488,0.0006428433698602021,-0.00035373770515434444,-0.00038029722054488957,0.0005695465952157974,0.0006188827683217824,0.00019599554070737213,0.000490371894557029,0.0005453736521303654,-0.00013299132115207613,-0.00015584826178383082,0.000480330316349864,0.0004694219387602061,-0.00019384102779440582,-0.0002539538836572319,0.00030061707366257906,0.00033788656583055854,-0.00014767299580853432
null,null,null,null,null,null,0.001783254207111895,0.001744528068229556,0.0016722196014598012,0.001294767833314836,0.0006827065953984857,6.223443779163063e-05,-0.00045180378947407007,-0.0006129085086286068,-0.0003919805458281189,-0.00030436343513429165,-0.00036501677823252976,-0.0003131117264274508,-0.0001542700920253992,-0.00010745895997388288,-0.00018151926633436233,-0.0001566360442666337,-3.6796016502194107e-05,9.664006211096421e-05,0.00021851828205399215,0.00021553430997300893,8.83690663613379e-05,0.0001468039263272658,0.0003791463968809694,0.000292738142888993,-9.895354742184281e-05,-9.711005986901e-05,0.0002978669945150614,0.00032733139232732356,0.00017596237012185156,0.00032930367160588503,0.00037458408041857183,0.00011357128096278757,0.0001190457769553177,0.0003911781241185963,0.0003700668748933822,6.07582442171406e-05,-1.1891469512192998e-05,0.00016266482998616993,0.00012111557589378208,-0.0001324969925917685
null,null,null,null,null,null,0.0024360998068004847,0.0020820442587137222,0.0014296505833044648,0.0008394034812226892,0.0004084378306288272,-4.169159728917293e-05,-0.0004240194393787533,-0.0005483544082380831,-0.0003917943104170263,-0.0003039224829990417,-0.00030228125979192555,-0.0002440373064018786,-0.0001405282091582194,-0.00013491031131707132,-0.00022853072732686996,-0.00018883791926782578,-2.2450974938692525e-05,9.509950177744031e-05,0.00014173485396895558,0.00016511889407411218,0.0001633447827771306,0.00017494766507297754,0.00020021300588268787,0.00013989067520014942,5.555084953812184e-06,3.0486145988106728e-05,0.00020951432816218585,0.0002222289185738191,0.00015598678146488965,0.00023072022304404527,0.0002646146749611944,0.0001644158473936841,0.0001877624890767038,0.0003306797007098794,0.00033429297036491334,0.00019789134967140853,0.00013811103417538106,0.00016580418741796166,8.439156226813793e-05,-9.262197272619233e-05
null,null,null,null,null,null,0.0026174350641667843,0.0021659815683960915,0.0013407771475613117,0.0006867079646326602,0.00031518860487267375,-5.0853566790465266e-05,-0.00034236774081364274,-0.00044625578448176384,-0.0003414563834667206,-0.00025619150255806744,-0.00020389165729284286,-0.00016520674398634583,-0.00014581558934878558,-0.0001734621328068897,-0.00024344841949641705,-0.00019834007252939045,-4.6449109504465014e-05,7.420278416248038e-05,0.00014087128511164337,0.00017008555005304515,0.00015559933672193438,0.00010870987898670137,3.67854445357807e-05,3.330971139803296e-06,1.554275513626635e-05,6.760426185792312e-05,0.00015056467964313924,0.000157528294948861,0.00012230743595864624,0.000146624181070365,0.00017075952200684696,0.00015037886623758823,0.00018238609482068568,0.0002607416536193341,0.00028216029750183225,0.00024267830303870142,0.00020963697170373052,0.0001896325557027012,0.00010775493137771264,-2.1403993741841987e-05
null,null,null,null,null,null,0.002285662805661559,0.0019393194233998656,0.0013080405769869685,0.0007541930535808206,0.00037631590384989977,2.9973094569868408e-05,-0.00022139468637760729,-0.00032239709980785847,-0.0002559261629357934,-0.00017327906971331686,-9.136887092608958e-05,-7.147471478674561e-05,-0.00011884028208442032,-0.0001762054889695719,-0.0002328039990970865,-0.00019046480883844197,-5.6059452617773786e-05,8.310293924296275e-05,0.00020143725851085037,0.0002309571427758783,0.00016634518397040665,5.0377300794934854e-05,-9.472404781263322e-05,-0.00013196055078879,-5.238083758740686e-05,2.9140544938854873e-05,9.720699745230377e-05,0.00011991945211775601,9.859358397079632e-05,9.587012027623132e-05,0.00010636931983754039,0.00011373854795238003,0.00014124925655778497,0.00018598989117890596,0.00021763205586466938,0.0002317410835530609,0.00021966041822452098,0.00018349775928072631,0.00013475061859935522,7.898089097579941e-05
null,null,null,null,null,null,0.001614293665625155,0.0015288733411580324,0.0012314162449911237,0.0008503239951096475,0.0004550043377093971,0.00011479736713226885,-0.00010966582340188324,-0.00021407051826827228,-0.00017856049817055464,-0.00010836253204615787,-1.3678572031494696e-05,-3.5140576528647216e-06,-7.973378524184227e-05,-0.00015115612768568099,-0.00020739992032758892,-0.00016892448184080422,-4.382645420264453e-05,0.0001159295643446967,0.0002822604146786034,0.00031792023219168186,0.00021639284386765212,4.731492663268e-05,-0.00016173007315956056,-0.0002287363022333011,-0.00014233212277758867,-5.2562736527761444e-05,2.7906695322599262e-05,6.517662404803559e-05,4.971367889083922e-05,3.1415194825967774e-05,3.659951107692905e-05,5.583043457590975e-05,9.02563042473048e-05,0.00012862491712439805,0.00017150575877167284,0.0002088204346364364,0.00021212371939327568,0.0001812192058423534,0.00017879462393466383,0.00020908904843963683
null,null,null,null,null,0.000947114429436624,0.0011052143527194858,0.0011620057048276067,0.001122094807215035,0.0008762813522480428,0.0004769005754496902,0.00014649661898147315,-5.3840805776417255e-05,-0.00016010687977541238,-0.0001534138573333621,-9.909559594234452e-05,-8.890908247849438e-06,2.108685521307052e-06,-6.804303120588884e-05,-0.0001351536193396896,-0.0001857993920566514,-0.00014727404050063342,-2.6166399038629606e-05,0.00014395141624845564,0.0003323763667140156,0.0003724639827851206,0.00025718938559293747,6.360609404509887e-05,-0.0001732969976728782,-0.0002673930721357465,-0.00020280868920963258,-0.00012695365876425058,-5.578156924457289e-05,-2.3114907889976166e-05,-4.835257277591154e-05,-7.685793389100581e-05,-6.393032526830211e-05,-1.7494752682978287e-05,4.288270429242402e-05,0.00010957119957311079,0.00016844442870933563,0.00021056251716800034,0.00022297432587947696,0.0002037891244981438,0.000227350668865256,0.00028942720382474363
null,null,null,null,0.0005410662852227688,0.0007022023783065379,0.0008747178362682462,0.0009803620632737875,0.001002076081931591,0.0008137990953400731,0.00044868767145089805,0.00015197850007098168,-2.6470308512216434e-05,-0.00012297503417357802,-0.00012190169945824891,-7.500559877371415e-05,8.448510925518349e-06,1.9134278772980906e-05,-4.478990376810543e-05,-0.00010479510092409328,-0.00014982608263380826,-0.00010768214997369796,1.3841670806868933e-05,0.0001804158091545105,0.00036251841811463237,0.0003919120063073933,0.0002651363320183009,6.22730003669858e-05,-0.00017859578656498343,-0.00027959977160207927,-0.00022256285592447966,-0.00014606741024181247,-6.628048868151382e-05,-1.985919152502902e-05,-3.993778591393493e-05,-7.510823343181983e-05,-7.40086761652492e-05,-3.203571031917818e-05,1.855894697655458e-05,7.340538286371157e-05,0.0001351567916572094,0.00019391393288969994,0.0002544378221500665,0.00029880041256546974,0.00031926779774948955,0.00031263966229744256
0.0006810864433646202,0.00028931861743330956,9.813148790271953e-05,0.00017773604486137629,0.0002647828951012343,0.00044125947169959545,0.0006998596945777535,0.000823593873064965,0.0007991865277290344,0.0006364799337461591,0.0003640512004494667,0.0001361892936984077,-5.203649379836861e-06,-7.786289643263444e-05,-6.709103763569146e-05,-2.1218767869868316e-05,5.353711821953766e-05,6.567544187419116e-05,1.249911747436272e-05,-3.377222310518846e-05,-6.719365774188191e-05,-2.5522487703710794e-05,8.408968278672546e-05,0.00021753637702204287,0.00035353549174033105,0.00034830515505746007,0.000203018105821684,1.0557962013990618e-05,-0.0001988533476833254,-0.0002765105455182493,-0.0002113294176524505,-0.00012959037849213928,-4.092601011507213e-05,1.2045820767525584e-05,7.006393616393325e-07,-4.60045448562596e-05,-4.960929072694853e-05,-1.0683354048524052e-05,6.326268248812994e-06,-9.462094567425083e-06,7.661598647246137e-05,0.0002416820643702522,0.0003640518116299063,0.00044622007408179343,0.0004366817302070558,0.0003197308978997171
0.0003785149601753801,0.00014816025213804096,2.8689180908259004e-05,7.532078598160297e-05,0.00013476479216478765,0.0002918311220128089,0.0005282508209347725,0.0006294993218034506,0.0005724321235902607,0.00043972214916720986,0.00025758016272448003,9.648587001720443e-05,-1.0654505786078516e-05,-6.60094156046398e-05,-5.908860839554109e-05,-2.3584025257150643e-05,3.2663530873833224e-05,4.841092595597729e-05,2.1183846911299042e-05,-4.942178293276811e-07,-1.0358940016885754e-05,2.896954902098514e-05,0.00011004813859472051,0.00019725125457625836,0.0002709784603212029,0.00023014824546407908,8.007836004253477e-05,-8.098698890535161e-05,-0.0002201903407694772,-0.000261145643889904,-0.0001931829028762877,-0.00012920812878292054,-8.382331725442782e-05,-6.444229802582413e-05,-0.00010469486733200029,-0.00015582446940243244,-0.0001287600171053782,-3.0836177757009864e-05,-1.3139938346284907e-05,-7.592891051899642e-05,6.627859693253413e-05,0.00039352630847133696,0.0005786000983789563,null,null,null
0.00011150879436172545,3.170800846419297e-05,-1.3133429092704318e-05,3.989716788055375e-05,0.00013792215031571686,0.0002777469635475427,0.0004311470838729292,0.0004875654703937471,0.00043880095472559333,0.00033361322130076587,0.00018903891032095999,6.98520234436728e-05,-5.010329914512113e-06,-3.828017725027166e-05,-2.6828962290892377e-05,6.229234713828191e-06,5.386907287174836e-05,6.497542199213058e-05,3.862099765683524e-05,1.7959293472813442e-05,8.91585568751907e-06,2.929257789219264e-05,7.796360296197236e-05,0.00012550345854833722,0.00016553279419895262,0.00011558248661458492,-1.5989638995961286e-05,-0.00013407287769950926,-0.00022013713896740228,-0.0002248529199277982,-0.00014963008288759738,-7.60837210691534e-05,-2.2006361177773215e-05,-3.0293890631583054e-06,-6.319604290183634e-05,-0.00013752543600276113,-0.00012768870510626584,-4.0897546568885446e-05,-4.158841329626739e-05,-0.000123889883980155,1.5027293557068333e-05,0.0003563036152627319,0.0005435197963379323,null,null,null
-1.886312929855194e-05,1.6210475223488174e-05,-4.561283901693969e-07,2.0144459995208308e-05,0.0001410965051036328,0.0002696900919545442,0.00034843836328946054,0.00038223297451622784,0.0003628727572504431,0.00028065789956599474,0.00015262504166457802,6.35038159089163e-05,3.223131352569908e-05,3.108700911980122e-05,6.319945532595739e-05,0.00010742002632468939,0.00015672337030991912,0.00015581725165247917,0.00010377437865827233,5.925511140958406e-05,2.8184993425384164e-05,2.019265048147645e-05,3.415222454350442e-05,5.6785251217661425e-05,8.171238005161285e-05,3.97268267988693e-05,-6.0813603340648115e-05,-0.00014656137500423938,-0.0001989864103961736,-0.0001787621295079589,-8.729840919841081e-05,3.4873144613811746e-05,0.00016995998157653958,0.0002468902966938913,0.0001920573558891192,7.604954589623958e-05,4.8424722081108484e-06,-1.1326961612212472e-05,-7.522181113017723e-05,-0.00018097064457833767,-0.00011243335029575974,0.00011153059313073754,0.00023519656679127365,null,null,null
