earth/public/data/ocean/C53/ANN-vosaline-depthz-3000m-gfs-1.0.json
{"header": {"discipline": 0, "disciplineName": "Meteorological products", "gribEdition": 2, "gribLength": 131138.0, "center": 0, "centerName": "Kiel Climate Model", "subcenter": 0, "refTime": "1", "significanceOfRT": 1, "significanceOfRTName": "Start of forecast", "productStatus": 0, "productStatusName": "Operational products", "productType": 1, "productTypeName": "Forecast products", "productDefinitionTemplate": 0, "productDefinitionTemplateName": "Analysis/forecast at horizontal level/layer at a point in time", "parameterCategory": 2, "parameterCategoryName": "Momentum", "parameterNumber": 2, "parameterNumberName": "U-component_of_wind", "parameterUnit": "PSU", "genProcessType": 2, "genProcessTypeName": "Forecast", "forecastTime": 0, "surface1Type": 103, "surface1TypeName": "Specified height level above ground", "surface1Value": 10, "surface2Type": 255, "surface2TypeName": "Missing", "surface2Value": 0, "gridDefinitionTemplate": 0, "gridDefinitionTemplateName": "Latitude_Longitude", "numberPoints": 65160, "shape": 6, "shapeName": "Earth spherical with radius of 6,371,229.0 m", "gridUnits": "degrees", "resolution": 48, "winds": "true", "scanMode": 0, "nx": 360.0, "ny": 180.0, "basicAngle": 0, "subDivisions": 0, "lo1": 0.0, "la1": -89.5, "lo2": 359.0, "la2": 89.5, "dx": 1.0, "dy": -1.0}, "data":
[rows 88 to 109 of 180, columns 102 to 152 of 360]
34.822471618652344,34.82071304321289,34.818817138671875,34.8171272277832,34.81521987915039,34.813438415527344,34.81144332885742,34.809600830078125,34.807525634765625,34.80559158325195,34.80344772338867,34.80147933959961,34.79920196533203,34.79704284667969,34.794898986816406,34.79317092895508,34.79142761230469,34.78998565673828,34.788272857666016,34.78618240356445,34.78474807739258,null,null,null,null,34.7559700012207,34.75436782836914,34.75202941894531,34.750572204589844,34.749759674072266,34.749122619628906,34.7487678527832,34.74832534790039,34.74788284301758,34.7473258972168,34.74675369262695,34.74618911743164,34.745731353759766,34.74538040161133,34.74520492553711,34.74519348144531,34.745357513427734,34.74514389038086,34.744598388671875,34.744136810302734,34.743839263916016,34.743289947509766,34.742576599121094,34.7419319152832,34.7414665222168,34.74091720581055
34.822383880615234,34.820682525634766,34.818824768066406,34.81715393066406,34.81527328491211,34.81352615356445,34.81156921386719,34.80975341796875,34.80770492553711,34.80579376220703,34.80373764038086,34.80190658569336,34.79957580566406,34.79718017578125,34.79502868652344,34.79352569580078,34.79214096069336,34.791141510009766,34.79012680053711,null,null,null,null,null,null,null,null,34.75114822387695,34.75032424926758,34.749664306640625,34.74900436401367,34.74845504760742,34.747825622558594,34.74723815917969,34.74651336669922,34.74578857421875,34.74503707885742,34.74439239501953,34.74386978149414,34.743568420410156,34.7435302734375,34.7437744140625,34.74357986450195,34.74300003051758,34.74258041381836,34.74240493774414,34.74188995361328,34.74112319946289,34.74042892456055,34.73992156982422,34.73930740356445
34.822689056396484,34.8210563659668,34.81927490234375,34.81766891479492,34.815887451171875,34.814247131347656,34.812416076660156,34.81072235107422,34.80876159667969,34.80689239501953,34.804988861083984,34.803401947021484,34.801170349121094,34.79806137084961,34.795127868652344,34.793643951416016,34.79241943359375,34.791622161865234,null,null,null,null,null,null,null,null,null,34.750308990478516,34.750274658203125,34.75,34.749507904052734,34.748741149902344,34.747840881347656,34.74713897705078,34.7463264465332,34.74549865722656,34.7446403503418,34.74384689331055,34.743038177490234,34.74247741699219,34.74230194091797,34.742431640625,34.742122650146484,34.74142837524414,34.7409782409668,34.74085998535156,34.74037551879883,34.7396240234375,34.73896789550781,34.738525390625,34.73795700073242
34.823360443115234,34.82181167602539,34.82014083862305,34.81865692138672,34.817039489746094,34.81558609008789,34.81399154663086,34.81254196166992,34.81064987182617,34.80866241455078,34.80681610107422,34.80546188354492,34.803951263427734,null,null,null,null,null,null,null,null,null,null,null,null,null,34.74955368041992,34.750125885009766,34.7503547668457,34.75032424926758,34.75012969970703,null,null,null,null,null,null,null,null,34.741363525390625,34.74111557006836,34.74100112915039,34.740509033203125,34.73973846435547,34.73926544189453,34.73917007446289,34.73878860473633,34.73816680908203,34.73762893676758,34.737266540527344,34.736812591552734
34.824119567871094,34.8226432800293,34.82107925415039,34.8197135925293,34.81826400756836,34.81700134277344,34.81566619873047,34.814510345458984,34.81280517578125,34.81036376953125,34.807987213134766,34.80668258666992,34.805999755859375,null,null,null,null,null,null,null,null,null,null,null,null,null,34.74961471557617,34.750205993652344,34.75054168701172,34.75056457519531,34.75057601928711,null,null,null,null,null,null,null,null,34.74043655395508,34.74026870727539,34.73991775512695,34.739322662353516,34.73854064941406,34.73796844482422,34.737770080566406,34.73748016357422,34.737144470214844,34.73676300048828,34.73641586303711,34.736026763916016
34.82484436035156,34.82339859008789,34.8218994140625,34.82061767578125,34.819297790527344,34.818172454833984,34.81705856323242,34.81615447998047,34.815086364746094,null,null,null,null,null,null,null,null,null,null,null,null,null,null,null,null,34.74924850463867,34.749595642089844,34.75023651123047,34.75062942504883,34.750694274902344,34.750732421875,null,null,null,null,null,null,null,null,null,null,null,null,null,null,null,34.73635482788086,34.736305236816406,34.73610305786133,34.73579406738281,34.73541259765625
34.8255500793457,34.8240966796875,34.82262420654297,34.8213996887207,34.82017135620117,34.81916046142578,34.81819534301758,34.81746292114258,34.81706237792969,null,null,null,null,null,null,null,null,null,null,null,null,null,null,null,null,34.748779296875,34.749149322509766,34.749820709228516,34.75033950805664,34.75060272216797,34.750667572021484,null,null,null,null,null,null,null,null,null,null,null,null,null,null,null,34.7352294921875,34.7353401184082,34.735267639160156,34.73503112792969,34.73463821411133
34.8261604309082,34.82465744018555,34.823177337646484,34.82199478149414,34.82084274291992,34.81993103027344,34.819053649902344,34.81837463378906,34.8180046081543,null,null,null,null,null,null,null,null,null,null,null,null,null,null,null,null,34.74768829345703,34.74809265136719,34.74882888793945,34.74958801269531,34.750221252441406,34.75040054321289,34.750003814697266,null,null,null,null,null,null,null,null,null,null,null,null,null,null,34.73423767089844,34.73439025878906,34.73435592651367,34.73414611816406,34.73373794555664
34.826690673828125,34.82505798339844,34.82352066040039,34.82236099243164,34.8212890625,34.82050323486328,34.81972122192383,34.818931579589844,34.81838607788086,null,null,null,null,null,null,null,null,null,null,null,null,null,null,null,null,34.74663543701172,34.747074127197266,34.747718811035156,34.74855041503906,34.74958038330078,34.75001525878906,34.74977111816406,34.749637603759766,null,null,null,null,null,null,null,null,null,null,null,null,null,34.733306884765625,34.733428955078125,34.73337173461914,34.73314666748047,34.732730865478516
34.82711410522461,34.82532501220703,34.8237190246582,34.82257843017578,34.82158279418945,34.820919036865234,34.82038116455078,null,null,null,null,null,null,null,null,null,null,null,null,null,null,null,null,null,null,null,null,34.746944427490234,34.74774932861328,34.749019622802734,34.749656677246094,34.74955749511719,34.74949645996094,null,null,null,null,null,null,null,null,null,null,null,null,null,34.732540130615234,34.73262405395508,34.732540130615234,34.7322998046875,34.73188400268555
34.8277702331543,34.82577896118164,34.823787689208984,34.8226318359375,34.821685791015625,34.8210563659668,34.82072448730469,null,null,null,null,null,null,null,null,null,null,null,null,null,null,null,null,null,null,null,null,34.746395111083984,34.74715805053711,34.74855041503906,34.74932861328125,34.74934005737305,34.749351501464844,null,null,null,null,null,null,null,null,null,null,null,null,34.73187255859375,34.73189926147461,34.73196029663086,34.73185729980469,34.73161697387695,34.73120880126953
34.8286247253418,null,null,null,null,null,null,null,null,null,null,null,null,null,null,null,null,null,null,null,null,null,null,null,null,null,null,34.745269775390625,34.746150970458984,34.74774932861328,34.74875259399414,34.74897766113281,34.74909973144531,null,null,null,null,null,null,null,null,null,null,null,null,34.730812072753906,34.7308349609375,34.73087692260742,34.730777740478516,34.73054885864258,34.73016357421875
null,null,null,null,null,null,null,null,null,null,null,null,null,null,null,null,null,null,null,null,null,null,null,null,null,null,null,34.74403762817383,34.74504852294922,34.74687957763672,34.748130798339844,34.74858856201172,34.748836517333984,null,null,null,null,null,null,null,null,null,null,null,null,34.72967529296875,34.729705810546875,34.7297477722168,34.72965621948242,34.72945022583008,34.729095458984375
null,null,null,null,null,null,null,null,null,null,null,null,null,null,null,null,null,null,null,null,null,null,null,null,null,null,null,34.74299240112305,34.74409484863281,34.74610900878906,34.74758529663086,34.74823760986328,34.748600006103516,null,null,null,null,null,null,null,null,null,null,null,null,34.72880172729492,34.72881317138672,34.728851318359375,34.72877502441406,34.728599548339844,34.728271484375
null,null,null,null,null,null,null,null,null,null,null,null,null,null,null,null,null,null,null,null,null,null,null,null,null,null,null,34.74113464355469,34.74238204956055,34.74465560913086,34.7464485168457,34.747432708740234,34.74797821044922,null,null,null,null,null,null,null,null,null,null,null,null,34.72752380371094,34.72752380371094,34.72752380371094,34.727447509765625,34.72731399536133,34.72700881958008
null,null,null,null,null,null,null,null,null,null,null,null,null,null,null,null,null,null,null,null,null,null,null,null,null,null,null,34.73910140991211,34.74048614501953,34.74298858642578,34.745094299316406,34.74643325805664,34.74715805053711,null,null,null,null,null,null,null,null,null,null,null,null,34.72626495361328,34.72624588012695,34.726200103759766,34.72611618041992,34.72600173950195,34.72571563720703
null,null,null,null,null,null,null,null,null,null,null,null,null,null,null,null,null,null,null,null,null,null,null,null,null,null,null,34.738075256347656,34.739410400390625,34.741859436035156,34.74397659301758,34.745391845703125,34.746177673339844,null,null,null,null,null,null,null,null,null,null,null,null,34.725433349609375,34.725364685058594,34.72525405883789,34.725120544433594,34.724998474121094,34.72470474243164
null,null,null,null,null,null,null,null,null,null,null,null,null,null,null,null,null,null,null,null,null,null,null,null,null,null,null,34.737606048583984,34.73883056640625,34.74103927612305,34.742984771728516,34.744300842285156,34.745018005371094,null,null,null,null,null,null,null,null,null,null,null,null,34.72468566894531,34.72458267211914,34.72438049316406,34.72418975830078,34.72403335571289,34.72372817993164
null,null,null,null,null,null,null,null,null,null,null,null,null,null,null,null,null,null,null,null,null,null,null,null,null,null,null,34.7365608215332,34.73756790161133,34.73943328857422,34.741024017333984,34.74208450317383,34.742218017578125,null,null,null,null,null,null,null,null,null,null,null,null,34.72381591796875,34.72365951538086,34.723388671875,34.7231330871582,34.72293472290039,34.72260665893555
null,null,null,null,null,null,null,null,null,null,null,null,null,null,null,null,null,null,null,null,null,null,null,null,null,null,null,34.73507308959961,34.735877990722656,34.737308502197266,34.73847198486328,34.73912048339844,34.739044189453125,34.73810958862305,34.7374153137207,34.7374153137207,34.7374153137207,null,null,null,null,null,null,null,null,34.722938537597656,34.722774505615234,34.72245788574219,34.72214889526367,34.72189712524414,34.7215461730957
null,null,null,null,null,null,null,null,null,null,null,null,null,null,null,null,null,null,null,null,null,null,null,null,null,null,null,34.73236846923828,34.733280181884766,34.7353401184082,34.73647689819336,34.7360725402832,34.73585510253906,34.73583984375,34.73588562011719,34.73596954345703,34.735572814941406,null,null,null,null,null,null,null,null,34.721561431884766,34.72160339355469,34.72132110595703,34.721004486083984,34.72071075439453,34.720340728759766
null,null,null,null,null,null,null,null,null,null,null,null,null,null,null,null,null,null,null,null,null,null,null,null,null,null,null,34.72878646850586,34.729496002197266,null,null,34.7327766418457,34.7325553894043,34.732826232910156,34.73310089111328,34.73334884643555,34.732906341552734,34.731651306152344,34.72948455810547,34.72710418701172,34.72455978393555,34.7221565246582,34.720497131347656,34.71978759765625,34.719757080078125,34.720237731933594,34.72036361694336,34.72018814086914,34.71990966796875,34.719581604003906,34.71921157836914
