earth/public/data/ocean/C53/ANN-vosaline-depthz-3000m-gfs-1.0.json
{"header": {"discipline": 0, "disciplineName": "Meteorological products", "gribEdition": 2, "gribLength": 131138.0, "center": 0, "centerName": "Kiel Climate Model", "subcenter": 0, "refTime": "1", "significanceOfRT": 1, "significanceOfRTName": "Start of forecast", "productStatus": 0, "productStatusName": "Operational products", "productType": 1, "productTypeName": "Forecast products", "productDefinitionTemplate": 0, "productDefinitionTemplateName": "Analysis/forecast at horizontal level/layer at a point in time", "parameterCategory": 2, "parameterCategoryName": "Momentum", "parameterNumber": 2, "parameterNumberName": "U-component_of_wind", "parameterUnit": "PSU", "genProcessType": 2, "genProcessTypeName": "Forecast", "forecastTime": 0, "surface1Type": 103, "surface1TypeName": "Specified height level above ground", "surface1Value": 10, "surface2Type": 255, "surface2TypeName": "Missing", "surface2Value": 0, "gridDefinitionTemplate": 0, "gridDefinitionTemplateName": "Latitude_Longitude", "numberPoints": 65160, "shape": 6, "shapeName": "Earth spherical with radius of 6,371,229.0 m", "gridUnits": "degrees", "resolution": 48, "winds": "true", "scanMode": 0, "nx": 360.0, "ny": 180.0, "basicAngle": 0, "subDivisions": 0, "lo1": 0.0, "la1": -89.5, "lo2": 359.0, "la2": 89.5, "dx": 1.0, "dy": -1.0}, "data":
[rows 88 to 109 of 180, columns 153 to 203 of 360]
34.740386962890625,34.73992919921875,34.739627838134766,34.73928451538086,34.73896026611328,34.73861312866211,34.73830795288086,34.73805618286133,34.7379035949707,34.737735748291016,34.73759078979492,34.737457275390625,34.73736572265625,34.737274169921875,34.73720932006836,34.73712921142578,34.73705291748047,34.737022399902344,34.7370491027832,34.7370491027832,34.73702621459961,34.73704528808594,34.737098693847656,34.737098693847656,34.7370491027832,34.7370491027832,34.73710250854492,34.737125396728516,34.73711395263672,34.73714065551758,34.737205505371094,34.73724365234375,34.73725128173828,34.73725509643555,34.73728561401367,34.737342834472656,34.73737335205078,34.73737716674805,34.737335205078125,34.73725891113281,34.737205505371094,34.737186431884766,34.73712921142578,34.73704147338867,34.73694610595703,34.73686599731445,34.73674774169922,34.736610412597656,34.73649978637695,34.7364387512207,34.73622512817383
34.73869705200195,34.73822021484375,34.73796844482422,34.737586975097656,34.737144470214844,34.736732482910156,34.736427307128906,34.73612594604492,34.73588562011719,34.73564529418945,34.73544692993164,34.735252380371094,34.73509979248047,34.734954833984375,34.734840393066406,34.734710693359375,34.73459243774414,34.734519958496094,34.73450469970703,34.734474182128906,34.73443603515625,34.73441696166992,34.73442459106445,34.734397888183594,34.73434066772461,34.734310150146484,34.73431396484375,34.73431396484375,34.734310150146484,34.73431396484375,34.73432540893555,34.734352111816406,34.7343864440918,34.734405517578125,34.734413146972656,34.734432220458984,34.7344856262207,34.73457336425781,34.734596252441406,34.73455810546875,34.73458480834961,34.73468017578125,34.73469161987305,34.734619140625,34.734596252441406,34.734622955322266,34.734561920166016,34.734432220458984,34.734336853027344,34.73430252075195,34.73405838012695
34.73736572265625,34.7369384765625,34.736751556396484,34.73638916015625,34.73591232299805,34.735511779785156,34.73526382446289,34.73497009277344,34.73468017578125,34.73440170288086,34.73418426513672,34.73396301269531,34.73378372192383,34.73359298706055,34.73342514038086,34.7332649230957,34.7331428527832,34.733028411865234,34.73293685913086,34.73287582397461,34.73284912109375,34.73279571533203,34.73271942138672,34.732662200927734,34.732643127441406,34.73258590698242,34.73249816894531,34.73247146606445,34.732513427734375,34.73248291015625,34.732391357421875,34.73238754272461,34.73247146606445,34.732521057128906,34.73246765136719,34.73237609863281,34.7324104309082,34.73255920410156,34.73257827758789,34.73247146606445,34.73250198364258,34.732662200927734,34.732662200927734,34.73250961303711,34.73247528076172,34.73257064819336,34.73249435424805,34.732269287109375,34.73213195800781,34.732112884521484,34.731834411621094
34.73635482788086,34.73600387573242,34.7358283996582,34.73552703857422,34.73515701293945,34.734825134277344,34.73460006713867,34.734344482421875,34.73411178588867,34.73385238647461,34.733619689941406,34.7334098815918,34.73326110839844,34.733055114746094,34.73283004760742,34.732662200927734,34.73258972167969,34.732444763183594,34.732261657714844,34.73216247558594,34.732173919677734,34.732078552246094,34.73189926147461,34.73181915283203,34.73185729980469,34.73176956176758,34.731571197509766,34.731510162353516,34.731597900390625,34.73152542114258,34.73130798339844,34.73125457763672,34.73136901855469,34.7314338684082,34.73130798339844,34.731075286865234,34.73103332519531,34.7311897277832,34.731136322021484,34.73088455200195,34.730831146240234,34.73098373413086,34.73090362548828,34.7306022644043,34.73048782348633,34.73057556152344,34.73041915893555,34.730037689208984,34.72980499267578,34.72977066040039,34.729461669921875
34.73567581176758,34.7353630065918,34.73515319824219,34.734886169433594,34.73461151123047,34.73433303833008,34.73410415649414,34.73387908935547,34.733707427978516,34.73347854614258,34.733238220214844,34.733036041259766,34.73291015625,34.73270034790039,34.73244857788086,34.73227310180664,34.73221206665039,34.732051849365234,34.73181915283203,34.731693267822266,34.731693267822266,34.731563568115234,34.7313232421875,34.73120880126953,34.731239318847656,34.731117248535156,34.730857849121094,34.730751037597656,34.730812072753906,34.73068618774414,34.73038864135742,34.73026657104492,34.730342864990234,34.730384826660156,34.73020935058594,34.72988510131836,34.729759216308594,34.729854583740234,34.72971725463867,34.729373931884766,34.72922897338867,34.729312896728516,34.729148864746094,34.72876739501953,34.728580474853516,34.72862243652344,34.72838592529297,34.72792053222656,34.72761535644531,34.72752380371094,34.7271842956543
34.73503112792969,34.73468780517578,34.73445510864258,34.73416519165039,34.73387908935547,34.733604431152344,34.7333869934082,34.73316192626953,34.73297119140625,34.73274230957031,34.732521057128906,34.73230743408203,34.732139587402344,34.73191452026367,34.73167037963867,34.731475830078125,34.73135757446289,34.731170654296875,34.73094940185547,34.73078536987305,34.730709075927734,34.730533599853516,34.730289459228516,34.73012924194336,34.73008728027344,34.729915618896484,34.729652404785156,34.7294921875,34.729469299316406,34.729286193847656,34.72897720336914,34.72879409790039,34.72876739501953,34.72875213623047,34.72856521606445,34.72822189331055,34.72802734375,34.7280158996582,34.727806091308594,34.727447509765625,34.727237701416016,34.72721481323242,34.72698974609375,34.72659683227539,34.72636032104492,34.726322174072266,34.72604751586914,34.725589752197266,34.72525405883789,34.7251091003418,34.72473907470703
34.73416519165039,34.73375701904297,34.733497619628906,34.7331657409668,34.732826232910156,34.73252487182617,34.73231506347656,34.73206329345703,34.73181915283203,34.731571197509766,34.731361389160156,34.73112487792969,34.73090362548828,34.73065185546875,34.73041915893555,34.730186462402344,34.72999954223633,34.729774475097656,34.729557037353516,34.72934341430664,34.72917938232422,34.72895431518555,34.72871017456055,34.72850036621094,34.72836685180664,34.7281494140625,34.72789001464844,34.72768020629883,34.72755813598633,34.72732925415039,34.72703170776367,34.72679901123047,34.72666931152344,34.72659683227539,34.72641372680664,34.72607421875,34.72582244873047,34.7256965637207,34.72542953491211,34.725067138671875,34.72480010986328,34.72467041015625,34.72438430786133,34.723995208740234,34.72370529174805,34.72356414794922,34.72324752807617,34.722808837890625,34.72246170043945,34.722267150878906,34.72187805175781
34.73320770263672,34.73274612426758,34.73244094848633,34.73207092285156,34.73170852661133,34.73138427734375,34.73115158081055,34.730873107910156,34.7306022644043,34.730323791503906,34.73009490966797,34.72983169555664,34.72957992553711,34.72930145263672,34.72905349731445,34.72878646850586,34.72854995727539,34.72829055786133,34.728050231933594,34.7277946472168,34.727569580078125,34.727298736572266,34.7270393371582,34.726783752441406,34.726585388183594,34.72632598876953,34.726051330566406,34.725799560546875,34.725608825683594,34.725341796875,34.72504806518555,34.72477340698242,34.724571228027344,34.72446060180664,34.72427749633789,34.72394561767578,34.7236442565918,34.72343063354492,34.723114013671875,34.72275161743164,34.72243118286133,34.722206115722656,34.721866607666016,34.72147750854492,34.72113037109375,34.72089385986328,34.720523834228516,34.7200927734375,34.71970748901367,34.719444274902344,34.71903991699219
34.732200622558594,34.73171615600586,34.73136901855469,34.730979919433594,34.730621337890625,34.73027801513672,34.73001480102539,34.729713439941406,34.729427337646484,34.7291259765625,34.72886276245117,34.72856903076172,34.728302001953125,34.728004455566406,34.72773361206055,34.727439880371094,34.7271728515625,34.72687530517578,34.72660446166992,34.726314544677734,34.726051330566406,34.72575378417969,34.7254638671875,34.72517395019531,34.72492599487305,34.72462844848633,34.72433853149414,34.72404479980469,34.72380447387695,34.72350311279297,34.72319793701172,34.72289276123047,34.72264099121094,34.722503662109375,34.722320556640625,34.721988677978516,34.721656799316406,34.72138595581055,34.721031188964844,34.720664978027344,34.720298767089844,34.71999740600586,34.71961212158203,34.71921157836914,34.718814849853516,34.7184944152832,34.718074798583984,34.71763229370117,34.71719741821289,34.716854095458984,34.71641540527344
34.73136901855469,34.73088455200195,34.73051452636719,34.7301139831543,34.72975540161133,34.72940444946289,34.729122161865234,34.72880172729492,34.7285041809082,34.72818374633789,34.72789764404297,34.72758483886719,34.727298736572266,34.726985931396484,34.72670364379883,34.72638702392578,34.726097106933594,34.72578048706055,34.725486755371094,34.72516632080078,34.72488021850586,34.72455596923828,34.72425079345703,34.72393035888672,34.72364807128906,34.723323822021484,34.72301483154297,34.722694396972656,34.722415924072266,34.72208786010742,34.721763610839844,34.72142791748047,34.72114181518555,34.720985412597656,34.720802307128906,34.720462799072266,34.72010803222656,34.71980285644531,34.719425201416016,34.719051361083984,34.71865463256836,34.71830368041992,34.71788024902344,34.71746063232422,34.71702575683594,34.716651916503906,34.71619415283203,34.71573257446289,34.71525955200195,34.71485900878906,34.71438980102539
34.730709075927734,34.73023223876953,34.729854583740234,34.72945022583008,34.729095458984375,34.728736877441406,34.72844314575195,34.728111267089844,34.72780990600586,34.72747802734375,34.72718048095703,34.72685241699219,34.726558685302734,34.726234436035156,34.7259407043457,34.72561264038086,34.72530746459961,34.724971771240234,34.72466278076172,34.724327087402344,34.72402572631836,34.72368240356445,34.723365783691406,34.7230224609375,34.722721099853516,34.722381591796875,34.72206115722656,34.721717834472656,34.72141647338867,34.721065521240234,34.72072982788086,34.72037124633789,34.720062255859375,34.71989059448242,34.719696044921875,34.7193489074707,34.718971252441406,34.7186393737793,34.71824645996094,34.71786880493164,34.71744918823242,34.71707534790039,34.71662521362305,34.716190338134766,34.715728759765625,34.7153205871582,34.7148323059082,34.71435546875,34.71385192871094,34.71342468261719,34.71292495727539
34.72969436645508,34.72922897338867,34.728851318359375,34.72844696044922,34.728092193603516,34.727725982666016,34.727413177490234,34.72706985473633,34.72676086425781,34.72642135620117,34.72610855102539,34.725772857666016,34.7254638671875,34.725128173828125,34.72481918334961,34.72447204589844,34.72414779663086,34.723793029785156,34.72346878051758,34.72311019897461,34.7227897644043,34.72242736816406,34.72209167480469,34.72172927856445,34.721405029296875,34.72104263305664,34.720706939697266,34.720340728759766,34.72001266479492,34.71963882446289,34.71928405761719,34.71889877319336,34.71855926513672,34.7183723449707,34.718162536621094,34.7177848815918,34.71737289428711,34.71700668334961,34.716583251953125,34.716182708740234,34.71574020385742,34.715335845947266,34.71486282348633,34.71440505981445,34.71390914916992,34.71346664428711,34.71294403076172,34.71243667602539,34.71189880371094,34.711429595947266,34.71089553833008
34.72865295410156,34.72819900512695,34.727821350097656,34.7274169921875,34.7270622253418,34.7266845703125,34.726356506347656,34.72600173950195,34.725685119628906,34.72533416748047,34.725013732910156,34.72466278076172,34.72434997558594,34.7239990234375,34.72367477416992,34.72330856323242,34.72296905517578,34.72259521484375,34.72225570678711,34.72188186645508,34.7215461730957,34.72116470336914,34.7208137512207,34.720428466796875,34.72008514404297,34.71969985961914,34.7193489074707,34.71895980834961,34.71861267089844,34.71821594238281,34.71784210205078,34.717437744140625,34.71706771850586,34.71686553955078,34.716644287109375,34.71623992919922,34.71579360961914,34.71538543701172,34.714927673339844,34.71450424194336,34.71403884887695,34.71360397338867,34.713104248046875,34.71262741088867,34.71210479736328,34.711631774902344,34.71107482910156,34.710540771484375,34.70996856689453,34.7094612121582,34.70888900756836
34.72784423828125,34.72740173339844,34.72702407836914,34.72661590576172,34.72625732421875,34.72587585449219,34.72553634643555,34.72517013549805,34.72484588623047,34.7244873046875,34.72416305541992,34.72380828857422,34.723487854003906,34.72312927246094,34.72279739379883,34.7224235534668,34.72208023071289,34.72169876098633,34.721351623535156,34.720970153808594,34.72062301635742,34.72023391723633,34.719871520996094,34.71947479248047,34.719120025634766,34.71872329711914,34.718360900878906,34.717960357666016,34.71760177612305,34.717193603515625,34.71681213378906,34.71639633178711,34.71601486206055,34.71580505371094,34.715576171875,34.71516036987305,34.71469497680664,34.71426773071289,34.71379089355469,34.713348388671875,34.712860107421875,34.71240997314453,34.711891174316406,34.71139907836914,34.71085739135742,34.71036911010742,34.709800720214844,34.70925521850586,34.70866394042969,34.70813751220703,34.707542419433594
34.72659683227539,34.726158142089844,34.72578048706055,34.725372314453125,34.725006103515625,34.724613189697266,34.72426223754883,34.72388458251953,34.72354507446289,34.723175048828125,34.72283935546875,34.722476959228516,34.72215270996094,34.72178649902344,34.7214469909668,34.7210693359375,34.720726013183594,34.720340728759766,34.71998977661133,34.71959686279297,34.719242095947266,34.718841552734375,34.71847152709961,34.71806335449219,34.71769714355469,34.71728515625,34.71691131591797,34.716495513916016,34.716121673583984,34.715702056884766,34.71531295776367,34.71488571166992,34.71449661254883,34.71427917480469,34.71405029296875,34.713626861572266,34.71315383911133,34.71271514892578,34.712223052978516,34.711761474609375,34.71125030517578,34.710777282714844,34.710235595703125,34.7097282409668,34.70917510986328,34.70867156982422,34.708091735839844,34.70753860473633,34.706939697265625,34.70640182495117,34.70579528808594
34.72530746459961,34.72487258911133,34.724491119384766,34.72407913208008,34.72370910644531,34.72330856323242,34.72294235229492,34.72255325317383,34.72220230102539,34.72182083129883,34.721473693847656,34.721099853515625,34.720767974853516,34.72039794921875,34.720054626464844,34.71967697143555,34.71933364868164,34.71894454956055,34.718589782714844,34.71819305419922,34.71782684326172,34.71741485595703,34.717037200927734,34.71662139892578,34.716243743896484,34.7158203125,34.71543502807617,34.71500778198242,34.714622497558594,34.71419143676758,34.71379470825195,34.713356018066406,34.712955474853516,34.712738037109375,34.71250534057617,34.71208190917969,34.71160125732422,34.71115493774414,34.71065139770508,34.710182189941406,34.709651947021484,34.70915985107422,34.7086067199707,34.70808792114258,34.707523345947266,34.707008361816406,34.7064208984375,34.70586395263672,34.70526123046875,34.7047119140625,34.7041015625
34.724300384521484,34.7238655090332,34.723480224609375,34.72306442260742,34.722694396972656,34.722286224365234,34.72191619873047,34.721519470214844,34.721160888671875,34.720767974853516,34.72041702270508,34.72003936767578,34.719703674316406,34.719329833984375,34.718990325927734,34.71861267089844,34.718265533447266,34.71787643432617,34.7175178527832,34.71711349487305,34.71674346923828,34.716331481933594,34.71595001220703,34.71552658081055,34.715145111083984,34.714717864990234,34.714324951171875,34.71389389038086,34.713504791259766,34.71306610107422,34.712669372558594,34.71222686767578,34.71182632446289,34.711605072021484,34.71137237548828,34.7109489440918,34.710472106933594,34.71002960205078,34.70952606201172,34.70905303955078,34.70852279663086,34.708030700683594,34.70747756958008,34.70696258544922,34.706398010253906,34.70588302612305,34.705299377441406,34.704750061035156,34.70415496826172,34.70361328125,34.703006744384766
34.723323822021484,34.72289276123047,34.72250747680664,34.72209167480469,34.721717834472656,34.721309661865234,34.7209358215332,34.72053146362305,34.72016906738281,34.71977233886719,34.71941375732422,34.71902847290039,34.718692779541016,34.718318939208984,34.717979431152344,34.71760177612305,34.717254638671875,34.716861724853516,34.71649932861328,34.71609115600586,34.715721130371094,34.71530532836914,34.71492004394531,34.71449661254883,34.714111328125,34.713680267333984,34.713287353515625,34.712852478027344,34.712459564208984,34.71202087402344,34.71162033081055,34.711177825927734,34.71077346801758,34.71055221557617,34.710323333740234,34.70990753173828,34.70943069458008,34.708988189697266,34.70848846435547,34.7080192565918,34.70749282836914,34.707008361816406,34.706459045410156,34.705955505371094,34.70539474487305,34.70488739013672,34.70431137084961,34.70377731323242,34.70319366455078,34.70266342163086,34.70207214355469
34.72220993041992,34.721778869628906,34.72139358520508,34.720977783203125,34.720603942871094,34.72019577026367,34.719818115234375,34.71940994262695,34.71904373168945,34.7186393737793,34.71828079223633,34.7178955078125,34.71755599975586,34.71718215942383,34.71684265136719,34.716461181640625,34.71611022949219,34.71571350097656,34.71534729003906,34.71493911743164,34.714561462402344,34.71414566040039,34.71376037597656,34.71333694458008,34.712947845458984,34.71251678466797,34.71212387084961,34.71168899536133,34.7112922668457,34.710853576660156,34.710453033447266,34.71001434326172,34.70961380004883,34.70939254760742,34.709163665771484,34.7087516784668,34.708282470703125,34.70784378051758,34.70735168457031,34.706886291503906,34.70636749267578,34.70589065551758,34.705352783203125,34.704856872558594,34.70431137084961,34.70381164550781,34.70325469970703,34.702735900878906,34.702171325683594,34.701656341552734,34.70108413696289
34.72115707397461,34.720726013183594,34.720340728759766,34.71992492675781,34.71955490112305,34.71914291381836,34.71876525878906,34.71835708618164,34.717987060546875,34.71758270263672,34.71722412109375,34.71683883666992,34.71649932861328,34.71612548828125,34.715782165527344,34.71540069580078,34.71504211425781,34.71464157104492,34.714271545410156,34.71385955810547,34.71348190307617,34.71306228637695,34.71268081665039,34.712257385253906,34.71186828613281,34.71144104003906,34.7110481262207,34.71061325073242,34.71022033691406,34.709781646728516,34.70938491821289,34.708946228027344,34.70854949951172,34.70833206176758,34.708106994628906,34.707698822021484,34.70723342895508,34.70680236816406,34.70631408691406,34.70586013793945,34.705352783203125,34.70488357543945,34.70436096191406,34.70387649536133,34.70334243774414,34.70285415649414,34.70231246948242,34.701820373535156,34.701271057128906,34.700775146484375,34.70022201538086
34.719966888427734,34.719547271728516,34.71915817260742,34.71874237060547,34.71837615966797,34.71796798706055,34.71759033203125,34.71717834472656,34.71681213378906,34.71641159057617,34.71604919433594,34.715667724609375,34.715328216552734,34.71495056152344,34.714603424072266,34.71421432495117,34.7138557434082,34.71345138549805,34.713077545166016,34.71266555786133,34.71228790283203,34.71186828613281,34.71148681640625,34.71106719970703,34.7106819152832,34.71025466918945,34.70986557006836,34.70943832397461,34.70904541015625,34.708614349365234,34.70821762084961,34.70778274536133,34.707393646240234,34.707176208496094,34.70695495605469,34.70655059814453,34.70609664916992,34.70566940307617,34.70519256591797,34.70474624633789,34.70425033569336,34.70379638671875,34.703285217285156,34.702816009521484,34.70229721069336,34.70182800292969,34.7013053894043,34.700828552246094,34.7003059387207,34.6998291015625,34.69929885864258
34.71885681152344,34.718448638916016,34.71805953979492,34.717647552490234,34.717288970947266,34.716880798339844,34.71650314331055,34.716094970703125,34.715728759765625,34.71533203125,34.7149772644043,34.714595794677734,34.714256286621094,34.71387481689453,34.71352005004883,34.71312713623047,34.712764739990234,34.71235656738281,34.71198272705078,34.71156692504883,34.71118927001953,34.71077346801758,34.71039581298828,34.70997619628906,34.709598541259766,34.70917892456055,34.70879364013672,34.708370208740234,34.707984924316406,34.707557678222656,34.70716857910156,34.70673751831055,34.70635223388672,34.706138610839844,34.70591735839844,34.70552062988281,34.705074310302734,34.704654693603516,34.704185485839844,34.70375061035156,34.703269958496094,34.702823638916016,34.702327728271484,34.701873779296875,34.70137405395508,34.7009162902832,34.70041275024414,34.699951171875,34.69944763183594,34.69898986816406,34.69847869873047
