earth/public/data/ocean/C53/ANN-votemper-depthz-3000m-gfs-1.0.json
{"header": {"discipline": 0, "disciplineName": "Meteorological products", "gribEdition": 2, "gribLength": 131138.0, "center": 0, "centerName": "Kiel Climate Model", "subcenter": 0, "refTime": "1", "significanceOfRT": 1, "significanceOfRTName": "Start of forecast", "productStatus": 0, "productStatusName": "Operational products", "productType": 1, "productTypeName": "Forecast products", "productDefinitionTemplate": 0, "productDefinitionTemplateName": "Analysis/forecast at horizontal level/layer at a point in time", "parameterCategory": 2, "parameterCategoryName": "Momentum", "parameterNumber": 2, "parameterNumberName": "U-component_of_wind", "parameterUnit": "C", "genProcessType": 2, "genProcessTypeName": "Forecast", "forecastTime": 0, "surface1Type": 103, "surface1TypeName": "Specified height level above ground", "surface1Value": 10, "surface2Type": 255, "surface2TypeName": "Missing", "surface2Value": 0, "gridDefinitionTemplate": 0, "gridDefinitionTemplateName": "Latitude_Longitude", "numberPoints": 65160, "shape": 6, "shapeName": "Earth spherical with radius of 6,371,229.0 m", "gridUnits": "degrees", "resolution": 48, "winds": "true", "scanMode": 0, "nx": 360.0, "ny": 180.0, "basicAngle": 0, "subDivisions": 0, "lo1": 0.0, "la1": -89.5, "lo2": 359.0, "la2": 89.5, "dx": 1.0, "dy": -1.0}, "data":
[rows 69 to 91 of 180, columns 51 to 101 of 360]
6.4524641036987305,6.444786071777344,6.440857410430908,6.441693305969238,6.441769599914551,6.441460132598877,6.441403388977051,6.441888332366943,6.44149112701416,6.440402984619141,6.437828063964844,6.434215545654297,6.428438663482666,6.42142915725708,6.414887428283691,6.40991735458374,6.405703544616699,6.402946949005127,6.399977684020996,6.397264003753662,6.3934125900268555,6.389062404632568,6.383578777313232,6.377908706665039,6.370875835418701,6.363720893859863,6.355218410491943,6.346890449523926,6.3375630378723145,6.324263095855713,6.31110143661499,6.302304744720459,6.294785976409912,6.285866737365723,6.277289390563965,6.26867151260376,6.261707782745361,6.253900527954102,6.246894359588623,6.241132736206055,6.237776756286621,6.234563827514648,6.232015132904053,6.230586051940918,6.230489730834961,6.230992317199707,6.231873035430908,6.2332563400268555,6.234816551208496,6.235184192657471,6.234185695648193
6.443169116973877,6.43947172164917,6.439872741699219,6.443943977355957,6.4484543800354,6.452299118041992,6.455617904663086,6.457573890686035,6.458580017089844,6.4583587646484375,6.45582389831543,6.45141077041626,6.444967269897461,6.437647342681885,6.430400848388672,6.424566268920898,6.419131278991699,6.4152045249938965,6.411060810089111,6.407558441162109,6.40296745300293,6.3981733322143555,6.392172813415527,6.3860859870910645,6.378716945648193,6.371417999267578,6.36275053024292,6.354290962219238,6.344729900360107,6.331218719482422,6.3179779052734375,6.309469223022461,6.302354335784912,6.294363021850586,6.286929130554199,6.2794508934021,6.273241996765137,6.267126083374023,6.262184143066406,6.257403373718262,6.2536187171936035,6.2501373291015625,6.247570514678955,6.245974540710449,6.245619297027588,6.245628356933594,6.245946884155273,6.2471232414245605,6.248899936676025,6.2487616539001465,6.246703147888184
6.435291290283203,6.436951637268066,6.4412522315979,6.447766304016113,6.455402374267578,6.4630560874938965,6.468942165374756,6.47222375869751,6.474262237548828,6.474781513214111,6.472528457641602,6.4679388999938965,6.4616899490356445,6.454934597015381,6.447457790374756,6.440598011016846,6.433849334716797,6.428318977355957,6.423013687133789,6.418792724609375,6.413647174835205,6.408461570739746,6.4021453857421875,6.395817756652832,6.388306617736816,6.380964279174805,6.372292518615723,6.363867282867432,6.354290962219238,6.340581893920898,6.327043056488037,6.318270206451416,6.310892581939697,6.3031206130981445,6.296386241912842,6.289405822753906,6.283493518829346,6.2777204513549805,6.273166179656982,6.268763542175293,6.265347003936768,6.2621049880981445,6.259648323059082,6.258278846740723,6.258265972137451,6.258865833282471,6.2600226402282715,6.26168155670166,6.263584136962891,6.263781547546387,6.26226806640625
6.431905269622803,6.436533451080322,6.444159030914307,6.4532470703125,6.464860439300537,6.476568222045898,6.485991477966309,6.491113662719727,6.494637489318848,6.495790958404541,6.493844032287598,6.489129543304443,6.482694625854492,6.475755214691162,6.467330455780029,6.4590744972229,6.45066499710083,6.443762302398682,6.437321186065674,6.432579040527344,6.42697811126709,6.421555519104004,6.415055274963379,6.408658504486084,6.401167392730713,6.393928050994873,6.385415077209473,6.377151966094971,6.367750644683838,6.35420560836792,6.340802192687988,6.332013130187988,6.324551105499268,6.316993713378906,6.310701370239258,6.304312705993652,6.298944473266602,6.293910980224609,6.290046691894531,6.2862749099731445,6.283220291137695,6.280176162719727,6.277688503265381,6.276215076446533,6.276059627532959,6.276638031005859,6.2779011726379395,6.279460906982422,6.281092643737793,6.281258583068848,6.27996301651001
6.433357238769531,6.438562870025635,6.447830677032471,6.459624767303467,6.474740505218506,6.490746974945068,6.503498077392578,6.510977745056152,6.515944480895996,6.51762580871582,6.515905857086182,6.511117935180664,6.50417947769165,6.496306896209717,6.486532211303711,6.4765095710754395,6.466646194458008,6.458602428436279,6.45142936706543,6.446363925933838,6.440558910369873,6.435051918029785,6.428560733795166,6.422266960144043,6.414952278137207,6.407962322235107,6.399718284606934,6.391744613647461,6.382650375366211,6.369619846343994,6.356759071350098,6.348206520080566,6.340838432312012,6.3334197998046875,6.327311992645264,6.3214111328125,6.316834926605225,6.312692165374756,6.309818267822266,6.3067193031311035,6.304020881652832,6.3010687828063965,6.298408508300781,6.296535015106201,6.29575252532959,6.295703887939453,6.2963409423828125,6.2972540855407715,6.2982177734375,6.297995567321777,6.296591281890869
6.437247276306152,6.441808223724365,6.451628684997559,6.464988708496094,6.483602046966553,6.503873348236084,6.520832061767578,6.531060218811035,6.538088321685791,6.540457725524902,6.539107799530029,6.534249305725098,6.52659273147583,6.5175933837890625,6.506298542022705,6.494869232177734,6.483728885650635,6.4749650955200195,6.467245101928711,6.461988925933838,6.456088066101074,6.450611591339111,6.44425106048584,6.438143730163574,6.431149482727051,6.4245076179504395,6.416735649108887,6.409199237823486,6.400619029998779,6.388297080993652,6.376169681549072,6.368161201477051,6.3612165451049805,6.35432243347168,6.3486647605896,6.343228340148926,6.338974952697754,6.335203647613525,6.332624912261963,6.329840183258057,6.32736873626709,6.324517250061035,6.321796417236328,6.319634437561035,6.318431377410889,6.317770957946777,6.317809581756592,6.317967414855957,6.318271160125732,6.3175368309021,6.315939903259277
6.44292688369751,6.445620536804199,6.4547200202941895,6.468505382537842,6.489446640014648,6.5139479637146,6.5345916748046875,6.547959327697754,6.556981086730957,6.560197353363037,6.559237957000732,6.554311752319336,6.545961380004883,6.535641670227051,6.523162841796875,6.51068639755249,6.498873233795166,6.489809989929199,6.481910705566406,6.476595401763916,6.470738410949707,6.4654083251953125,6.459256172180176,6.453418254852295,6.44678258895874,6.440587997436523,6.433332920074463,6.426383018493652,6.4183526039123535,6.406835556030273,6.395549297332764,6.388209819793701,6.382019519805908,6.375860214233398,6.3709187507629395,6.365767478942871,6.3613691329956055,6.357325553894043,6.354347229003906,6.351411819458008,6.349039077758789,6.3462629318237305,6.343594074249268,6.341351509094238,6.339934825897217,6.3388824462890625,6.338349342346191,6.337894916534424,6.337546348571777,6.3363471031188965,6.334473609924316
6.445989608764648,6.447778224945068,6.463858127593994,6.485153675079346,6.507505893707275,6.530905723571777,6.551959991455078,6.567113399505615,6.577284812927246,6.580630779266357,6.579419136047363,6.5739426612854,6.564748764038086,6.553574085235596,6.540452480316162,6.527759552001953,6.515800952911377,6.506711959838867,6.498737335205078,6.493322849273682,6.487475872039795,6.482261657714844,6.476353645324707,6.4708075523376465,6.464600086212158,6.458827972412109,6.452144622802734,6.44572639465332,6.438294410705566,6.427551746368408,6.417057991027832,6.410386562347412,6.404797554016113,6.399331569671631,6.394944190979004,6.390124797821045,6.385725498199463,6.381505489349365,6.378234386444092,6.37507438659668,6.372620105743408,6.369726181030273,6.366943359375,6.3644304275512695,6.362677574157715,6.361053466796875,6.359903812408447,6.358670711517334,6.357640266418457,6.355860710144043,6.353701114654541
null,null,null,6.511454105377197,6.536019325256348,6.559549808502197,6.578463077545166,6.593399524688721,6.602733135223389,6.604875087738037,6.6023736000061035,6.595683574676514,6.585916042327881,6.574761867523193,6.562367916107178,6.550904273986816,6.539856910705566,6.531200408935547,6.523360729217529,6.517756462097168,6.511826515197754,6.506654739379883,6.500965118408203,6.49580717086792,6.490052223205566,6.4847636222839355,6.478647232055664,6.472834587097168,6.46599817276001,6.456088542938232,6.446443557739258,6.4403395652771,6.435273170471191,6.430229187011719,6.4261627197265625,6.421526908874512,6.417202472686768,6.412871360778809,6.409332275390625,6.405780792236328,6.402867317199707,6.399482250213623,6.396249771118164,6.393136501312256,6.39070987701416,6.388268947601318,6.3862457275390625,6.384039878845215,6.382034778594971,6.3795247077941895,6.376955509185791
null,null,null,null,null,6.591955661773682,6.6043291091918945,6.61818265914917,6.626203536987305,6.626817226409912,6.623032093048096,6.615463733673096,6.605499267578125,6.594971179962158,6.583670139312744,6.573744773864746,6.563755989074707,6.5555925369262695,6.547919750213623,6.542145252227783,6.536106109619141,6.530892372131348,6.525354385375977,6.520501613616943,6.5151214599609375,6.510205268859863,6.504567623138428,6.499252796173096,6.492928981781006,6.483719825744629,6.474795818328857,6.469162940979004,6.464469909667969,6.459680557250977,6.455667018890381,6.451052188873291,6.446662902832031,6.442168712615967,6.43837308883667,6.434408664703369,6.430971145629883,6.427057266235352,6.42334508895874,6.4196248054504395,6.416538238525391,6.413334369659424,6.410555839538574,6.407462120056152,6.404572486877441,6.401381492614746,6.398435115814209
null,null,null,null,null,6.613562107086182,6.620700836181641,6.633509159088135,6.640270233154297,6.639829635620117,6.635256767272949,6.627429962158203,6.61776876449585,6.608004570007324,6.597804546356201,6.588949203491211,6.579815864562988,6.5720086097717285,6.564465522766113,6.55855131149292,6.552322864532471,6.546932697296143,6.541303634643555,6.536476135253906,6.531116485595703,6.526211261749268,6.520636081695557,6.515414714813232,6.509228706359863,6.500251770019531,6.491568565368652,6.486063480377197,6.481424808502197,6.4765777587890625,6.472413539886475,6.4676408767700195,6.463139533996582,6.458444595336914,6.4544267654418945,6.450047492980957,6.446141719818115,6.441704273223877,6.437588214874268,6.4333038330078125,6.429680824279785,6.425832748413086,6.422517776489258,6.418750286102295,6.415274620056152,6.411472320556641,6.408092498779297
null,null,null,null,null,6.63283109664917,6.639411449432373,6.65141487121582,6.65731143951416,6.6559576988220215,6.650810241699219,6.642766952514648,6.6334357261657715,6.6245293617248535,6.6154046058654785,6.607754230499268,6.599493503570557,6.592143535614014,6.584710121154785,6.57854700088501,6.571944713592529,6.566106796264648,6.560107231140137,6.555048942565918,6.549355983734131,6.544084072113037,6.53817081451416,6.532715320587158,6.5263671875,6.517343044281006,6.508630275726318,6.5030317306518555,6.498239517211914,6.493146896362305,6.4886932373046875,6.48362922668457,6.478890895843506,6.473817348480225,6.469343662261963,6.4643025398254395,6.459610939025879,6.454400062561035,6.449611663818359,6.444483757019043,6.439942359924316,6.435125350952148,6.430898189544678,6.426158428192139,6.421758651733398,6.416951656341553,6.412609100341797
null,null,null,null,null,6.649717330932617,6.656014919281006,6.667596817016602,6.6729416847229,6.671072959899902,6.665517330169678,6.657276153564453,6.648200035095215,6.639947414398193,6.631752967834473,6.625146865844727,6.617672443389893,6.6107258796691895,6.603386878967285,6.596993446350098,6.590006351470947,6.58367395401001,6.5772528648376465,6.571882724761963,6.565768718719482,6.559991359710693,6.553635120391846,6.547821044921875,6.5412163734436035,6.532001972198486,6.523131370544434,6.517367362976074,6.512326717376709,6.506929874420166,6.502135753631592,6.496718406677246,6.491636753082275,6.486128807067871,6.481165409088135,6.475461006164551,6.470013618469238,6.464053630828857,6.45862340927124,6.4526824951171875,6.447266578674316,6.44152307510376,6.436448097229004,6.430777549743652,6.425493240356445,6.419694900512695,6.41438102722168
null,null,null,null,null,6.658997058868408,6.66538143157959,6.676877498626709,6.6819868087768555,6.679811000823975,6.673986434936523,6.665604591369629,6.656540870666504,6.648449897766113,6.640618324279785,6.634456157684326,6.627301216125488,6.620443344116211,6.613102912902832,6.606618881225586,6.5993428230285645,6.5926194190979,6.585788249969482,6.58012580871582,6.573530673980713,6.567243576049805,6.560371398925781,6.554206848144531,6.547224044799805,6.537622451782227,6.528405666351318,6.522369861602783,6.517055988311768,6.511388778686523,6.506417274475098,6.500759601593018,6.495455741882324,6.489628314971924,6.484355926513672,6.478174209594727,6.472241401672363,6.46575403213501,6.45993185043335,6.453442573547363,6.447504997253418,6.441165447235107,6.435616970062256,6.429327964782715,6.42348575592041,6.416996479034424,6.41109037399292
null,null,null,null,null,6.671985149383545,6.6777729988098145,6.688347816467285,6.692416191101074,6.6893134117126465,6.682828903198242,6.67415714263916,6.6649298667907715,6.656832695007324,6.649145603179932,6.643283843994141,6.636221408843994,6.62925910949707,6.621824264526367,6.61527156829834,6.6076483726501465,6.600337028503418,6.592923641204834,6.586754322052002,6.579460620880127,6.57236385345459,6.564784526824951,6.558090686798096,6.55053186416626,6.54018497467041,6.530318260192871,6.5238237380981445,6.518004894256592,6.511981964111328,6.50685453414917,6.500944137573242,6.495335578918457,6.489150047302246,6.483515739440918,6.476799011230469,6.470210552215576,6.463157653808594,6.45690393447876,6.449860572814941,6.443286895751953,6.436336517333984,6.430254936218262,6.423311710357666,6.416749477386475,6.409563064575195,6.403033256530762
null,null,null,null,null,6.689499378204346,6.693812370300293,6.7016987800598145,6.703581809997559,6.6991353034973145,6.691664695739746,6.682519435882568,6.673020362854004,6.664892196655273,6.657189846038818,6.651324272155762,6.644219398498535,6.637172698974609,6.629569053649902,6.622792720794678,6.614720344543457,6.606819152832031,6.598665237426758,6.591734409332275,6.583578109741211,6.575671195983887,6.567328929901123,6.5600504875183105,6.551820278167725,6.540589332580566,6.529932022094727,6.522825241088867,6.5163254737854,6.50981330871582,6.504467964172363,6.4981536865234375,6.492015838623047,6.485341548919678,6.479339122772217,6.472029209136963,6.464733600616455,6.4571309089660645,6.450594902038574,6.443039417266846,6.43582820892334,6.428277492523193,6.421746730804443,6.414168834686279,6.4069061279296875,6.399090766906738,6.392127990722656
null,null,null,null,null,6.707947731018066,6.70932149887085,6.711893081665039,6.709867477416992,6.703768730163574,6.69515323638916,6.685609817504883,6.675946235656738,6.667900085449219,6.659873962402344,6.653339862823486,6.646010875701904,6.639221668243408,6.631379127502441,6.623913764953613,6.615418434143066,6.607437610626221,6.598685264587402,6.590743541717529,6.581894874572754,6.5737409591674805,6.56500244140625,6.557253837585449,6.548466205596924,6.536474704742432,6.525100231170654,6.517398834228516,6.510249137878418,6.503303050994873,6.497818946838379,6.4910407066345215,6.484205722808838,6.477067947387695,6.470926284790039,6.463270664215088,6.455479145050049,6.4476728439331055,6.44125509262085,6.433560848236084,6.425971508026123,6.418206691741943,6.41165828704834,6.4038987159729,6.39631462097168,6.388393402099609,6.381548881530762
null,null,null,null,null,6.724997043609619,6.722651481628418,6.7183661460876465,6.711704730987549,6.703708648681641,6.693963527679443,6.684210300445557,6.674570560455322,6.666802883148193,6.658403396606445,6.650876522064209,6.64330530166626,6.637059211730957,6.628993988037109,6.620565414428711,6.611771583557129,6.604194164276123,6.595137119293213,6.586223602294922,6.576929569244385,6.568925857543945,6.560031414031982,6.5518693923950195,6.542619228363037,6.530013561248779,6.518082618713379,6.509951114654541,6.5023040771484375,6.495090961456299,6.489609718322754,6.482464790344238,6.474935054779053,6.467472553253174,6.461415767669678,6.453673362731934,6.445644855499268,6.4378886222839355,6.431813716888428,6.424225807189941,6.416506290435791,6.408824920654297,6.402576446533203,6.394985675811768,6.387434482574463,6.3797407150268555,6.373311519622803
null,null,null,null,null,6.736737251281738,6.731358528137207,6.7215800285339355,6.711135387420654,6.701918601989746,6.6912407875061035,6.681042671203613,6.671384334564209,6.664037704467773,6.655395030975342,6.647033214569092,6.639174938201904,6.633264541625977,6.625094890594482,6.616147518157959,6.6071367263793945,6.5997185707092285,6.590514183044434,6.581221580505371,6.5716233253479,6.563479423522949,6.554385185241699,6.546003818511963,6.5365142822265625,6.523693561553955,6.511656284332275,6.503462791442871,6.49570369720459,6.488421440124512,6.482936859130859,6.47564697265625,6.467872142791748,6.460323333740234,6.454366207122803,6.446750164031982,6.438855171203613,6.431281089782715,6.425403118133545,6.418006420135498,6.410436630249023,6.40301513671875,6.397084712982178,6.389829158782959,6.382562637329102,6.375203609466553,6.36908483505249
null,null,null,null,null,6.744861602783203,6.737491607666016,6.7240400314331055,6.711567401885986,6.7022528648376465,6.691081523895264,6.680049419403076,6.670050621032715,6.6629204750061035,6.654051303863525,6.645064830780029,6.636723518371582,6.630552768707275,6.62218713760376,6.613177299499512,6.603696823120117,6.595495700836182,6.585995674133301,6.576930046081543,6.567189693450928,6.55851411819458,6.549211502075195,6.540950775146484,6.531619071960449,6.519019603729248,6.507194995880127,6.499251842498779,6.49184513092041,6.4846649169921875,6.47900915145874,6.471747875213623,6.464202404022217,6.456688404083252,6.450582981109619,6.443063735961914,6.435517311096191,6.428031921386719,6.4219865798950195,6.414693832397461,6.407489776611328,6.4003753662109375,6.394649028778076,6.387734889984131,6.380895137786865,6.373837471008301,6.367850303649902
null,null,null,null,null,6.752952575683594,6.744045257568359,6.727868556976318,6.714080810546875,6.705235004425049,6.693814277648926,6.681917190551758,6.671400547027588,6.664159774780273,6.65505313873291,6.645715713500977,6.636806964874268,6.629926681518555,6.62122917175293,6.612269878387451,6.602074146270752,6.592470645904541,6.58254337310791,6.574082851409912,6.564394950866699,6.555249214172363,6.54591178894043,6.538082599639893,6.529123306274414,6.5167555809021,6.504970550537109,6.497267246246338,6.4904022216796875,6.483348846435547,6.477400302886963,6.470123291015625,6.462847709655762,6.455327987670898,6.448923587799072,6.4414238929748535,6.434174537658691,6.426666736602783,6.420252323150635,6.412960529327393,6.406113624572754,6.399201393127441,6.393495082855225,6.38682222366333,6.380407333374023,6.37358283996582,6.367597579956055
null,null,null,null,null,6.7625412940979,6.752043724060059,6.7329487800598145,6.717635154724121,6.708931922912598,6.697289943695068,6.684820652008057,6.674007892608643,6.66679573059082,6.6576642990112305,6.648265838623047,6.639026641845703,6.631613731384277,6.6227874755859375,6.614135265350342,6.603410720825195,6.5925493240356445,6.581979274749756,6.573672294616699,6.563765525817871,6.554119110107422,6.544724941253662,6.5373148918151855,6.528610706329346,6.5162553787231445,6.504435062408447,6.49681282043457,6.490157127380371,6.48305606842041,6.4768147468566895,6.4694294929504395,6.462242603302002,6.454730033874512,6.448256015777588,6.440888404846191,6.433959007263184,6.426550388336182,6.419992446899414,6.412711143493652,6.406021595001221,6.399092197418213,6.393187046051025,6.386532783508301,6.3803486824035645,6.373614311218262,6.367559432983398
null,null,null,null,null,6.780940532684326,6.764030933380127,6.742068290710449,6.72476053237915,6.715205192565918,6.703192234039307,6.690916538238525,6.680144786834717,6.672837734222412,6.663645267486572,6.654277801513672,6.644799709320068,6.636961460113525,6.628035545349121,6.619694709777832,6.608684539794922,6.597017288208008,6.585481643676758,6.576155185699463,6.565353870391846,6.555037498474121,6.545206069946289,6.537663459777832,6.528841495513916,6.516468524932861,6.504731178283691,6.497048854827881,6.490164279937744,6.4828104972839355,6.476319313049316,6.468813896179199,6.4616546630859375,6.454162120819092,6.447708606719971,6.440531253814697,6.433956623077393,6.426774501800537,6.420311450958252,6.413042068481445,6.406303405761719,6.399179935455322,6.392972469329834,6.386143207550049,6.379936218261719,6.373168468475342,6.367074012756348
