earth/public/data/ocean/C53/ANN-vosaline-depthz-500m-gfs-1.0.json
{"header": {"discipline": 0, "disciplineName": "Meteorological products", "gribEdition": 2, "gribLength": 131138.0, "center": 0, "centerName": "Kiel Climate Model", "subcenter": 0, "refTime": "1", "significanceOfRT": 1, "significanceOfRTName": "Start of forecast", "productStatus": 0, "productStatusName": "Operational products", "productType": 1, "productTypeName": "Forecast products", "productDefinitionTemplate": 0, "productDefinitionTemplateName": "Analysis/forecast at horizontal level/layer at a point in time", "parameterCategory": 2, "parameterCategoryName": "Momentum", "parameterNumber": 2, "parameterNumberName": "U-component_of_wind", "parameterUnit": "PSU", "genProcessType": 2, "genProcessTypeName": "Forecast", "forecastTime": 0, "surface1Type": 103, "surface1TypeName": "Specified height level above ground", "surface1Value": 10, "surface2Type": 255, "surface2TypeName": "Missing", "surface2Value": 0, "gridDefinitionTemplate": 0, "gridDefinitionTemplateName": "Latitude_Longitude", "numberPoints": 65160, "shape": 6, "shapeName": "Earth spherical with radius of 6,371,229.0 m", "gridUnits": "degrees", "resolution": 48, "winds": "true", "scanMode": 0, "nx": 360.0, "ny": 180.0, "basicAngle": 0, "subDivisions": 0, "lo1": 0.0, "la1": -89.5, "lo2": 359.0, "la2": 89.5, "dx": 1.0, "dy": -1.0}, "data":
[rows 110 to 131 of 180, columns 50 to 99 of 360]
36.80181884765625,36.7791633605957,36.75830078125,36.73320388793945,36.708595275878906,36.67919158935547,36.65050506591797,36.615535736083984,36.57380294799805,36.52833557128906,36.49409866333008,36.4567985534668,36.415401458740234,36.37115478515625,36.33222961425781,36.29289627075195,36.26025390625,36.228050231933594,36.201969146728516,36.17610168457031,36.15485382080078,36.133460998535156,36.11550521850586,36.09580612182617,36.0777587890625,36.05714416503906,36.033546447753906,36.00883483886719,35.99143981933594,35.97514724731445,35.95302200317383,35.932186126708984,35.91974639892578,35.907466888427734,35.89591979980469,35.886322021484375,35.87755584716797,35.86885452270508,35.858734130859375,35.84861755371094,35.84029006958008,35.83340072631836,35.82474899291992,35.816429138183594,35.81206130981445,35.81048583984375,35.80964660644531,null,null,null
36.84744644165039,36.82050323486328,36.79071044921875,36.75822830200195,36.7270393371582,36.69361877441406,36.655338287353516,36.61337661743164,36.554656982421875,36.494667053222656,36.45633316040039,36.420196533203125,36.3741340637207,36.33240509033203,36.294464111328125,36.26033020019531,36.230953216552734,36.20513153076172,36.18397903442383,36.16510009765625,36.14837646484375,36.13121795654297,36.11478042602539,36.097225189208984,36.077110290527344,36.054222106933594,36.02129364013672,35.9868278503418,35.96961212158203,35.95548629760742,35.93500900268555,35.92134094238281,35.91482162475586,35.905372619628906,35.89436340332031,35.88475036621094,35.87575912475586,35.86790466308594,35.858821868896484,35.84954071044922,35.842620849609375,35.837684631347656,null,null,null,null,null,null,null,null
36.898475646972656,36.86670684814453,36.828956604003906,36.78667068481445,36.75178527832031,36.70921325683594,36.66446304321289,36.6085090637207,36.545860290527344,36.47806167602539,36.426151275634766,36.375274658203125,36.328495025634766,36.28505325317383,36.25194549560547,36.22096252441406,36.197994232177734,36.17744064331055,36.162967681884766,36.15015411376953,36.138851165771484,36.12409591674805,36.10917282104492,36.09113311767578,36.07041931152344,36.041656494140625,36.006595611572266,35.96627426147461,35.942535400390625,35.92204284667969,35.90109634399414,35.89600372314453,35.89902114868164,35.894065856933594,35.88734817504883,35.87859344482422,35.86991882324219,35.86351776123047,35.858333587646484,35.85307312011719,null,null,null,null,null,null,null,null,null,null
36.94914245605469,36.91062927246094,36.86826705932617,36.82769775390625,36.78927993774414,36.74454879760742,36.69300842285156,36.631805419921875,36.56359100341797,36.49288558959961,36.423561096191406,36.361995697021484,36.31052780151367,36.26765441894531,36.23289108276367,36.20430374145508,36.18192672729492,36.16458511352539,36.151859283447266,36.1419677734375,36.13307189941406,36.123016357421875,36.10835266113281,36.090206146240234,36.06830596923828,36.040992736816406,36.00527572631836,35.96807098388672,35.9335823059082,35.89598083496094,35.86861038208008,35.865478515625,35.87436294555664,35.876956939697266,35.87555694580078,35.868534088134766,35.86238479614258,35.8582649230957,35.85535430908203,null,null,null,null,null,null,null,null,null,null,null
37.00541687011719,36.95634078979492,36.90825653076172,36.86897659301758,36.831787109375,36.782310485839844,36.72917175292969,36.65874099731445,36.583045959472656,36.49958801269531,36.422611236572266,36.35392379760742,36.30574417114258,36.260372161865234,36.22624588012695,36.19591522216797,36.17500686645508,36.157447814941406,36.14661407470703,36.136817932128906,36.12997817993164,36.12434387207031,null,null,null,null,null,null,null,null,35.83772659301758,35.83731460571289,35.848793029785156,35.86069869995117,35.864654541015625,35.86052703857422,35.85702896118164,35.855003356933594,35.8515739440918,35.846370697021484,35.84276580810547,null,null,null,null,null,null,null,null,null
37.031959533691406,36.982391357421875,36.933837890625,36.891014099121094,36.8484001159668,36.788047790527344,36.70697021484375,36.61238479614258,36.52799987792969,36.44914245605469,36.38670349121094,36.33784103393555,36.29536819458008,36.25183868408203,36.217472076416016,36.18827819824219,36.167903900146484,36.1517333984375,36.141788482666016,36.13296890258789,36.126380920410156,36.12286376953125,null,null,null,null,null,null,null,null,null,35.823333740234375,35.83230209350586,35.84681701660156,35.85654067993164,35.858341217041016,35.8587760925293,35.85772705078125,35.852298736572266,35.84537124633789,35.84276580810547,null,null,null,null,null,null,null,null,null
37.02391815185547,36.98409652709961,36.945457458496094,36.89887237548828,36.84733963012695,36.77288055419922,36.64707946777344,36.512298583984375,36.42937469482422,36.36378860473633,36.32920455932617,null,null,null,null,null,null,null,null,null,null,null,null,null,null,null,null,null,null,null,null,35.825801849365234,35.82740783691406,35.836917877197266,35.851078033447266,35.860076904296875,35.86547088623047,35.867069244384766,null,null,null,null,null,null,null,null,null,null,null,null
37.048954010009766,37.017459869384766,36.988773345947266,36.94392013549805,36.89044189453125,36.810707092285156,36.667720794677734,36.489925384521484,36.37387466430664,36.31810760498047,36.28836441040039,null,null,null,null,null,null,null,null,null,null,null,null,null,null,null,null,null,null,null,null,35.82724380493164,35.824520111083984,35.83175277709961,35.8480339050293,35.86103820800781,35.869136810302734,35.87345886230469,null,null,null,null,null,null,null,null,null,null,null,null
37.1308708190918,37.11175537109375,37.09434509277344,37.05862808227539,37.011322021484375,36.93760299682617,36.829566955566406,null,null,null,null,null,null,null,null,null,null,null,null,null,null,null,null,null,null,null,null,null,null,null,null,null,null,null,null,null,null,null,null,null,null,null,null,null,null,null,null,null,null,null
37.213871002197266,37.20793914794922,37.20065689086914,37.173072814941406,37.13058090209961,37.06121826171875,36.97521209716797,36.89706039428711,36.84406280517578,36.78959655761719,36.76667022705078,null,null,null,null,null,null,null,null,null,null,null,null,null,null,null,null,null,null,null,null,null,null,null,null,null,null,null,null,null,null,null,null,null,null,null,null,null,null,null
37.24378967285156,37.2501335144043,37.25615692138672,37.239418029785156,37.202842712402344,37.13859939575195,37.03487014770508,36.93832778930664,36.8537712097168,36.78031921386719,36.74713134765625,null,null,null,null,null,null,null,null,null,null,null,null,null,null,null,null,null,null,null,null,null,null,null,null,null,null,null,null,null,null,null,null,null,null,null,null,null,null,null
null,null,37.2964973449707,37.286006927490234,37.258968353271484,37.202091217041016,37.08809280395508,36.9660530090332,36.863136291503906,36.76129150390625,36.71049499511719,null,null,null,null,null,null,null,null,null,null,null,null,null,null,null,null,null,null,null,null,null,null,null,null,null,null,null,null,null,null,null,null,null,null,null,null,null,null,null
null,null,37.32429122924805,37.316959381103516,37.3003044128418,37.25836944580078,37.14469528198242,37.01619338989258,36.907283782958984,36.779747009277344,36.690956115722656,null,null,36.91035079956055,36.91035079956055,null,null,null,null,null,null,null,null,null,null,null,null,null,null,null,null,null,null,null,null,null,null,null,null,null,null,null,null,null,null,null,null,null,null,null
37.28240966796875,37.30892562866211,37.318870544433594,37.32014083862305,37.31510543823242,37.293785095214844,37.21177291870117,37.103248596191406,37.0169677734375,null,null,null,null,36.92744827270508,null,null,null,null,null,null,null,null,null,null,null,null,null,null,null,null,null,null,null,null,null,null,null,null,null,null,null,null,null,null,null,null,null,null,null,null
37.279476165771484,37.29773712158203,37.305545806884766,37.31035614013672,37.311431884765625,37.305137634277344,37.254783630371094,37.1776008605957,37.11405944824219,37.05342102050781,37.0064697265625,36.99448776245117,36.98125457763672,36.973628997802734,null,null,null,null,null,null,null,null,null,null,null,null,null,null,null,null,null,null,null,null,null,null,null,null,null,null,null,null,null,null,null,null,null,null,null,null
37.27758026123047,37.28936004638672,37.29330062866211,37.29697036743164,37.297630310058594,37.294090270996094,37.25520324707031,37.19517517089844,37.142215728759766,37.10434341430664,37.0711784362793,37.0478630065918,37.03240966796875,37.026763916015625,null,null,null,null,null,null,null,null,null,null,null,null,null,null,null,null,null,null,null,null,null,null,null,null,null,null,null,null,null,null,null,null,null,null,null,null
37.28589630126953,37.29091262817383,null,37.291358947753906,null,37.289424896240234,37.24949264526367,37.18838882446289,37.15977096557617,37.15849304199219,37.1355094909668,37.1005744934082,37.070194244384766,37.05863571166992,37.05278778076172,null,null,null,null,null,null,null,null,null,null,null,null,null,null,null,null,null,null,null,null,null,null,null,null,null,null,null,null,null,null,null,null,null,null,null
37.2996826171875,37.302330017089844,null,null,null,37.290321350097656,37.25272750854492,37.20743942260742,37.193870544433594,37.18718719482422,37.16769790649414,null,null,null,null,null,null,null,null,null,null,null,null,null,null,null,null,null,null,null,null,null,null,null,null,null,null,null,null,null,null,null,null,null,null,null,null,null,null,null
37.32068634033203,37.31947708129883,null,null,null,null,37.264102935791016,37.2468376159668,37.235355377197266,37.2166862487793,37.19296646118164,null,null,null,null,null,null,null,null,null,null,null,null,null,null,null,null,null,null,null,null,null,null,null,null,null,null,null,null,null,null,null,null,null,null,null,null,null,null,null
37.34230041503906,37.338294982910156,null,null,null,null,null,null,37.25792694091797,37.243247985839844,null,null,null,null,null,null,null,null,null,null,null,null,null,null,null,null,null,null,null,null,null,null,null,null,null,null,null,null,null,null,null,null,null,null,null,null,null,null,null,null
37.35384750366211,37.34885787963867,null,null,null,null,null,null,null,null,null,null,null,null,null,null,null,null,null,null,null,null,null,null,null,null,null,null,null,null,null,null,null,null,null,null,null,null,null,null,null,null,null,null,null,null,null,null,null,null
null,null,null,null,null,null,null,null,null,null,null,null,null,null,null,null,null,null,null,null,null,null,null,null,null,null,null,null,null,null,null,null,null,null,null,null,null,null,null,null,null,null,null,null,null,null,null,null,null,null
