earth/public/data/ocean/C53/ANN-votemper-depthz-0m-gfs-1.0.json
{"header": {"discipline": 0, "disciplineName": "Meteorological products", "gribEdition": 2, "gribLength": 131138.0, "center": 0, "centerName": "Kiel Climate Model", "subcenter": 0, "refTime": "1", "significanceOfRT": 1, "significanceOfRTName": "Start of forecast", "productStatus": 0, "productStatusName": "Operational products", "productType": 1, "productTypeName": "Forecast products", "productDefinitionTemplate": 0, "productDefinitionTemplateName": "Analysis/forecast at horizontal level/layer at a point in time", "parameterCategory": 2, "parameterCategoryName": "Momentum", "parameterNumber": 2, "parameterNumberName": "U-component_of_wind", "parameterUnit": "C", "genProcessType": 2, "genProcessTypeName": "Forecast", "forecastTime": 0, "surface1Type": 103, "surface1TypeName": "Specified height level above ground", "surface1Value": 10, "surface2Type": 255, "surface2TypeName": "Missing", "surface2Value": 0, "gridDefinitionTemplate": 0, "gridDefinitionTemplateName": "Latitude_Longitude", "numberPoints": 65160, "shape": 6, "shapeName": "Earth spherical with radius of 6,371,229.0 m", "gridUnits": "degrees", "resolution": 48, "winds": "true", "scanMode": 0, "nx": 360.0, "ny": 180.0, "basicAngle": 0, "subDivisions": 0, "lo1": 0.0, "la1": -89.5, "lo2": 359.0, "la2": 89.5, "dx": 1.0, "dy": -1.0}, "data":
[rows 21 to 41 of 180, columns 282 to 328 of 360]
8.798168182373047,8.799725532531738,8.805774688720703,8.815476417541504,8.83072566986084,8.84921646118164,8.873669624328613,8.900236129760742,8.932037353515625,8.963947296142578,8.998882293701172,9.031103134155273,9.063409805297852,9.090389251708984,9.113178253173828,9.127885818481445,9.133852005004883,9.130051612854004,9.11213207244873,9.08317756652832,9.032556533813477,8.9688138961792,8.866806030273438,8.743582725524902,8.599888801574707,8.463293075561523,null,null,null,null,null,null,null,null,null,null,null,null,6.5792741775512695,6.5081586837768555,6.4635329246521,6.445662498474121,6.438538074493408,6.443761348724365,6.4647016525268555,6.497269153594971,6.548460006713867
8.952549934387207,8.945080757141113,8.939815521240234,8.937234878540039,8.938586235046387,8.943135261535645,8.953031539916992,8.966047286987305,8.984930038452148,9.005938529968262,9.031782150268555,9.05763053894043,9.086313247680664,9.112689971923828,9.137962341308594,9.157814025878906,9.17179012298584,9.17778205871582,9.174004554748535,9.161745071411133,9.135449409484863,9.100643157958984,9.037910461425781,8.958145141601562,8.816067695617676,8.589836120605469,null,null,null,null,null,null,null,null,null,null,null,null,6.888124465942383,6.814427852630615,6.760092735290527,6.7307233810424805,6.718803405761719,6.72504186630249,6.749312877655029,6.787153720855713,6.844058036804199
9.110636711120605,9.09904956817627,9.086868286132812,9.076175689697266,9.066768646240234,9.060230255126953,9.056989669799805,9.057540893554688,9.062936782836914,9.07214069366455,9.086438179016113,9.1032075881958,9.124383926391602,9.146119117736816,9.168983459472656,9.188838958740234,9.205496788024902,9.21595573425293,9.220037460327148,9.217123985290527,9.209051132202148,9.197630882263184,9.177591323852539,9.154412269592285,9.08049201965332,8.894000053405762,null,null,null,null,null,null,8.395325660705566,7.687680244445801,7.637573719024658,7.545544624328613,7.424539566040039,7.295551776885986,7.18358039855957,7.108774662017822,7.059264183044434,7.043275833129883,7.040955543518066,7.052668571472168,7.079642295837402,7.117433547973633,7.171313762664795
9.240382194519043,9.229692459106445,9.216586112976074,9.203230857849121,9.189046859741211,9.17640495300293,9.165124893188477,9.157073020935059,9.152562141418457,9.152266502380371,9.156709671020508,9.164995193481445,9.178328514099121,9.194257736206055,9.212587356567383,9.229995727539062,9.245833396911621,9.257271766662598,9.262588500976562,9.26101016998291,9.260141372680664,9.260494232177734,9.261387825012207,9.263409614562988,9.276891708374023,9.124757766723633,null,null,null,null,null,null,8.441286087036133,7.818248748779297,7.755011558532715,7.639670372009277,7.534762859344482,7.458992958068848,7.402156352996826,7.374363899230957,7.3664469718933105,7.379840850830078,7.395192623138428,7.4100422859191895,7.432772159576416,7.4595842361450195,7.4979634284973145
9.386189460754395,9.381882667541504,9.37376594543457,9.362903594970703,9.349170684814453,9.334742546081543,9.31934928894043,9.305595397949219,9.29344367980957,9.285054206848145,9.280402183532715,9.280389785766602,9.285748481750488,9.295570373535156,9.30899715423584,9.32360553741455,9.338525772094727,9.350942611694336,9.355748176574707,9.351883888244629,9.350163459777832,9.351186752319336,9.349298477172852,9.345348358154297,9.362546920776367,9.407123565673828,null,null,null,null,null,null,8.542539596557617,8.091902732849121,7.973278045654297,7.876067161560059,7.818999290466309,7.809265613555908,7.826220989227295,7.864535808563232,7.907989501953125,7.947982311248779,7.971720218658447,7.975800514221191,7.974351406097412,7.969638824462891,7.9706621170043945
9.549275398254395,9.555155754089355,9.55592155456543,9.551740646362305,9.54280948638916,9.530832290649414,9.515737533569336,9.500105857849121,9.484275817871094,9.470752716064453,9.46011734008789,9.45383071899414,9.453577995300293,9.458966255187988,9.469475746154785,9.482852935791016,9.49901294708252,9.51480770111084,9.522027015686035,9.519027709960938,9.514508247375488,9.508749961853027,9.493191719055176,9.470717430114746,9.456849098205566,9.45609188079834,9.435047149658203,9.374490737915039,9.225906372070312,8.978554725646973,8.914937019348145,8.854488372802734,8.671770095825195,8.455277442932129,8.337766647338867,8.298593521118164,8.313613891601562,8.382098197937012,8.478351593017578,8.588004112243652,8.680275917053223,8.739949226379395,8.762999534606934,8.744758605957031,8.70415210723877,8.647163391113281,8.592364311218262
9.693374633789062,9.706964492797852,9.715677261352539,9.71796703338623,9.715130805969238,9.707671165466309,9.696379661560059,9.683244705200195,9.668951034545898,9.65598201751709,9.645265579223633,9.638591766357422,9.63817310333252,9.64392375946045,9.656078338623047,9.67228889465332,9.69340705871582,9.715482711791992,9.731171607971191,9.737438201904297,9.737663269042969,9.73127269744873,9.70872688293457,9.672514915466309,9.625699043273926,9.572906494140625,9.507705688476562,9.420294761657715,9.273500442504883,9.147848129272461,9.058756828308105,8.998448371887207,8.906720161437988,8.803142547607422,8.751029968261719,8.763742446899414,8.83150577545166,8.944775581359863,9.094369888305664,9.254047393798828,9.387430191040039,9.469539642333984,9.502708435058594,9.479151725769043,9.415380477905273,9.320900917053223,9.217399597167969
9.818957328796387,9.837063789367676,9.851043701171875,9.85838794708252,9.861183166503906,9.858930587768555,9.853240966796875,9.845151901245117,9.836014747619629,9.827513694763184,9.821512222290039,9.819113731384277,9.823273658752441,9.833224296569824,9.850934982299805,9.87316608428955,9.902058601379395,9.932328224182129,9.961060523986816,9.982975006103516,9.99903678894043,10.006071090698242,9.99661922454834,9.971986770629883,9.927681922912598,9.87087631225586,9.794938087463379,9.711881637573242,9.623883247375488,9.545854568481445,9.470270156860352,9.409647941589355,9.335586547851562,9.261030197143555,9.217533111572266,9.215906143188477,9.272408485412598,9.379834175109863,9.545252799987793,9.739542007446289,9.906299591064453,10.016032218933105,10.073949813842773,10.070706367492676,10.015042304992676,9.91722297668457,9.793848991394043
9.961536407470703,9.982088088989258,9.999480247497559,10.010741233825684,10.018521308898926,10.021502494812012,10.021684646606445,10.019057273864746,10.015777587890625,10.012417793273926,10.012118339538574,10.014923095703125,10.024704933166504,10.039709091186523,10.063761711120605,10.092540740966797,10.129888534545898,10.169074058532715,10.211773872375488,10.250362396240234,10.287384986877441,10.316290855407715,10.335280418395996,10.340874671936035,10.33460807800293,10.31759262084961,10.284815788269043,10.242064476013184,10.19914722442627,10.162782669067383,10.124258995056152,10.08910083770752,10.03261947631836,9.963077545166016,9.884086608886719,9.807969093322754,9.798727035522461,9.858407020568848,10.004387855529785,10.212922096252441,10.389434814453125,10.504759788513184,10.578544616699219,10.598499298095703,10.568081855773926,10.492073059082031,10.38250732421875
10.128318786621094,10.147274017333984,10.16462516784668,10.177396774291992,10.188343048095703,10.19558048248291,10.201018333435059,10.203720092773438,10.206419944763184,10.208626747131348,10.214198112487793,10.2221040725708,10.237346649169922,10.257153511047363,10.286890983581543,10.321184158325195,10.365867614746094,10.412915229797363,10.46712875366211,10.51884651184082,10.57433032989502,10.623826026916504,10.670382499694824,10.706123352050781,10.738981246948242,10.76374626159668,10.781145095825195,10.78903579711914,10.80138874053955,10.81731128692627,10.828985214233398,10.835989952087402,10.81416130065918,10.768749237060547,10.674351692199707,10.545585632324219,10.480690002441406,10.486257553100586,10.582127571105957,10.749906539916992,10.87819766998291,10.946754455566406,10.993425369262695,11.013177871704102,10.995767593383789,10.947317123413086,10.870824813842773
10.322182655334473,10.335606575012207,10.349380493164062,10.36104965209961,10.372991561889648,10.383089065551758,10.392813682556152,10.400433540344238,10.409049034118652,10.417126655578613,10.428466796875,10.44106388092041,10.461039543151855,10.484850883483887,10.518686294555664,10.556527137756348,10.605707168579102,10.657487869262695,10.718267440795898,10.777278900146484,10.844156265258789,10.907076835632324,10.972100257873535,11.027825355529785,11.08753776550293,11.140990257263184,11.192011833190918,11.232307434082031,11.28125,11.331602096557617,11.370098114013672,11.391922950744629,11.39141845703125,11.370567321777344,11.29762077331543,11.186542510986328,11.121564865112305,11.114394187927246,11.169570922851562,11.274444580078125,11.32886791229248,11.318774223327637,11.319741249084473,11.327533721923828,11.314173698425293,11.279266357421875,11.237548828125
10.5436372756958,10.55070686340332,10.559867858886719,10.569350242614746,10.581181526184082,10.593178749084473,10.606325149536133,10.61824893951416,10.63199234008789,10.645121574401855,10.660929679870605,10.676661491394043,10.699058532714844,10.724246978759766,10.758484840393066,10.795852661132812,10.844328880310059,10.8954496383667,10.95637321472168,11.016328811645508,11.086812973022461,11.15529727935791,11.22846508026123,11.293281555175781,11.365898132324219,11.433440208435059,11.497896194458008,11.547948837280273,11.603758811950684,11.655561447143555,11.687525749206543,11.693550109863281,11.688831329345703,11.673663139343262,11.638989448547363,11.589944839477539,11.554443359375,11.539848327636719,11.54676628112793,11.588322639465332,11.58415412902832,11.526185989379883,11.502572059631348,11.516494750976562,11.506049156188965,11.475177764892578,11.452701568603516
10.720274925231934,10.723422050476074,10.729643821716309,10.737680435180664,10.749358177185059,10.762554168701172,10.777898788452148,10.792719841003418,10.809638977050781,10.825737953186035,10.843783378601074,10.860578536987305,10.883057594299316,10.907061576843262,10.939064025878906,10.973005294799805,11.017822265625,11.065027236938477,11.122802734375,11.180351257324219,11.2500638961792,11.319112777709961,11.394500732421875,11.462545394897461,11.539567947387695,11.611693382263184,11.678714752197266,11.72844123840332,11.778901100158691,11.820472717285156,11.838995933532715,11.830448150634766,11.817079544067383,11.801041603088379,11.798089027404785,11.810998916625977,11.79182243347168,11.744630813598633,11.722343444824219,11.851826667785645,11.846443176269531,11.782882690429688,11.7664213180542,11.766687393188477,11.755685806274414,11.735329627990723,11.723481178283691
10.864489555358887,10.865341186523438,10.869479179382324,10.876338005065918,10.887381553649902,10.900701522827148,10.916863441467285,10.932921409606934,10.951351165771484,10.968728065490723,10.987393379211426,11.003941535949707,11.024993896484375,11.046867370605469,11.075095176696777,11.104875564575195,11.144370079040527,11.186864852905273,11.239551544189453,11.293329238891602,11.35921573638916,11.425660133361816,11.499202728271484,11.56677532196045,11.642961502075195,11.714162826538086,11.779736518859863,11.82797622680664,11.8746919631958,11.911510467529297,11.929435729980469,11.924642562866211,11.916024208068848,11.904149055480957,11.907876014709473,11.92775821685791,11.90369701385498,11.826732635498047,null,null,null,null,null,null,null,null,null
11.101678848266602,11.098867416381836,11.099531173706055,11.1035737991333,11.112213134765625,11.123980522155762,11.13911247253418,11.155030250549316,11.173469543457031,11.191267013549805,11.209333419799805,11.224502563476562,11.242945671081543,11.26131534576416,11.284395217895508,11.307886123657227,11.340285301208496,11.375531196594238,11.420613288879395,11.467212677001953,11.52556324005127,11.585055351257324,11.65196704864502,11.714324951171875,11.784236907958984,11.849264144897461,11.909585952758789,11.95445728302002,12.000164985656738,12.038229942321777,12.065545082092285,12.077225685119629,12.085579872131348,12.08918285369873,12.067546844482422,12.0152006149292,11.954946517944336,12.046931266784668,null,null,null,null,null,null,null,null,null
11.457322120666504,11.45087718963623,11.447467803955078,11.447577476501465,11.452123641967773,11.460269927978516,11.47188663482666,11.484956741333008,11.500761985778809,11.516583442687988,11.531645774841309,11.54338550567627,11.557353019714355,11.571133613586426,11.587910652160645,11.604646682739258,11.629486083984375,11.65779972076416,11.694474220275879,11.732685089111328,11.781612396240234,11.8322172164917,11.888710975646973,11.940771102905273,11.999771118164062,12.054973602294922,12.106569290161133,12.145112991333008,12.19168472290039,12.237689018249512,12.27707290649414,12.302698135375977,12.32547378540039,12.342489242553711,12.321736335754395,12.292834281921387,12.244470596313477,12.347848892211914,null,null,null,null,null,null,null,null,null
11.866920471191406,11.859309196472168,11.85330581665039,11.849983215332031,11.849759101867676,11.85269546508789,11.858283042907715,11.865554809570312,11.875218391418457,11.885600090026855,11.894392013549805,11.900078773498535,11.907858848571777,11.916362762451172,11.92714786529541,11.938286781311035,11.957934379577637,11.982519149780273,12.013511657714844,12.045242309570312,12.086540222167969,12.129864692687988,12.175317764282227,12.21462345123291,12.260812759399414,12.305517196655273,12.348444938659668,12.38166332244873,12.432337760925293,12.491142272949219,12.550909042358398,12.599393844604492,12.623929023742676,12.619831085205078,12.616616249084473,null,null,null,null,null,null,null,null,null,null,null,null
12.333288192749023,12.324758529663086,12.316012382507324,12.308833122253418,12.302746772766113,12.299004554748535,12.29679012298584,12.296599388122559,12.297837257385254,12.30033016204834,12.300641059875488,12.298733711242676,12.299098014831543,12.301656723022461,12.306851387023926,12.31361198425293,12.33031940460205,12.353710174560547,12.382282257080078,12.410560607910156,12.446817398071289,12.484268188476562,12.519428253173828,12.545863151550293,12.577688217163086,12.609314918518066,12.644613265991211,12.677285194396973,12.734496116638184,12.805792808532715,12.891460418701172,12.977361679077148,13.018775939941406,13.005026817321777,12.998618125915527,null,null,null,null,null,null,null,null,null,null,null,null
12.70557975769043,12.694958686828613,12.683120727539062,12.671969413757324,12.660639762878418,12.650839805603027,12.642152786254883,12.635756492614746,12.63013744354248,12.625909805297852,12.61952018737793,12.611741065979004,12.606573104858398,12.604644775390625,12.606410026550293,12.61139965057373,12.627381324768066,12.651494979858398,12.680219650268555,12.708447456359863,12.742395401000977,12.775832176208496,12.803820610046387,12.820879936218262,12.840892791748047,12.859474182128906,12.889095306396484,12.92400074005127,12.986837387084961,13.066518783569336,13.168717384338379,13.275250434875488,13.349523544311523,13.381081581115723,13.399393081665039,null,null,null,null,null,null,null,null,null,null,null,null
13.00031852722168,12.987370491027832,12.972084999084473,12.957515716552734,12.941338539123535,12.926878929138184,12.912999153137207,12.902606964111328,12.891715049743652,12.882691383361816,12.871062278747559,12.859346389770508,12.849479675292969,12.843656539916992,12.842913627624512,12.847616195678711,12.863929748535156,12.888882637023926,12.919902801513672,12.951119422912598,12.985319137573242,13.016188621520996,13.040166854858398,13.053108215332031,13.063028335571289,13.068904876708984,13.09247875213623,13.130012512207031,13.193194389343262,13.270822525024414,13.369986534118652,13.473515510559082,13.547148704528809,13.580642700195312,13.597172737121582,null,null,null,null,null,null,null,null,null,null,null,13.581328392028809
13.45151424407959,13.434642791748047,13.414770126342773,13.39547348022461,13.374037742614746,13.354137420654297,13.33617877960205,13.323020935058594,13.307968139648438,13.293347358703613,13.275984764099121,13.25882625579834,13.241259574890137,13.226572036743164,13.219603538513184,13.221942901611328,13.235640525817871,13.25861930847168,13.291666030883789,13.32909107208252,13.363081932067871,13.387750625610352,13.40660572052002,13.416420936584473,13.411935806274414,13.394058227539062,13.40941333770752,13.454994201660156,13.518004417419434,13.586248397827148,13.697211265563965,13.82663631439209,13.872668266296387,13.822733879089355,13.793798446655273,null,null,null,null,null,null,null,null,null,null,null,14.159439086914062
