earth/public/data/ocean/C53/ANN-ocevel-depthz-3000m-gfs-1.0.json
{"header": {"discipline": 0, "disciplineName": "Meteorological products", "gribEdition": 2, "gribLength": 131138.0, "center": 0, "centerName": "Kiel Climate Model", "subcenter": 0, "refTime": "1", "significanceOfRT": 1, "significanceOfRTName": "Start of forecast", "productStatus": 0, "productStatusName": "Operational products", "productType": 1, "productTypeName": "Forecast products", "productDefinitionTemplate": 0, "productDefinitionTemplateName": "Analysis/forecast at horizontal level/layer at a point in time", "parameterCategory": 2, "parameterCategoryName": "Momentum", "parameterNumber": 2, "parameterNumberName": "U-component_of_wind", "parameterUnit": "m/s", "genProcessType": 2, "genProcessTypeName": "Forecast", "forecastTime": 0, "surface1Type": 103, "surface1TypeName": "Specified height level above ground", "surface1Value": 10, "surface2Type": 255, "surface2TypeName": "Missing", "surface2Value": 0, "gridDefinitionTemplate": 0, "gridDefinitionTemplateName": "Latitude_Longitude", "numberPoints": 65160, "shape": 6, "shapeName": "Earth spherical with radius of 6,371,229.0 m", "gridUnits": "degrees", "resolution": 48, "winds": "true", "scanMode": 0, "nx": 360.0, "ny": 180.0, "basicAngle": 0, "subDivisions": 0, "lo1": 0.0, "la1": -89.5, "lo2": 359.0, "la2": 89.5, "dx": 1.0, "dy": -1.0}, "data":
[rows 147 to 167 of 180, columns 282 to 328 of 360]
null,null,null,null,null,null,null,null,null,null,null,null,null,null,null,null,null,null,null,null,null,null,null,null,null,null,null,null,null,null,null,null,null,null,null,null,null,null,null,null,null,null,null,null,null,null,null
null,null,null,null,null,null,null,null,null,null,null,null,null,null,null,null,null,null,null,null,null,null,null,null,null,null,null,null,null,null,null,null,null,null,null,null,null,null,null,null,null,null,null,null,null,null,null
null,null,null,null,null,null,null,null,null,null,null,null,null,null,null,null,null,null,null,null,null,null,null,null,null,null,null,null,null,null,null,null,null,null,null,null,null,null,null,null,null,null,null,null,null,null,null
null,null,null,null,null,null,null,null,null,null,null,null,null,null,null,null,null,null,null,null,null,null,null,null,null,null,null,null,null,null,null,null,null,null,null,null,null,null,null,null,null,null,null,null,null,null,null
null,null,null,null,null,null,null,null,null,null,null,null,null,null,null,null,null,null,null,null,null,null,null,null,null,null,null,null,null,null,null,null,null,null,null,null,null,null,null,null,null,null,null,null,null,null,null
null,null,null,null,null,null,null,null,null,null,null,null,null,null,null,null,null,null,null,null,null,null,null,null,null,null,null,null,null,null,null,null,null,null,null,null,null,null,null,null,null,null,null,null,null,null,null
null,null,null,null,null,null,null,null,null,null,null,null,null,null,null,null,null,null,null,null,null,null,null,null,null,null,null,null,null,null,null,null,null,null,null,null,null,null,null,null,null,null,null,null,null,null,null
null,null,null,null,null,null,null,null,null,null,null,null,null,null,null,null,null,null,null,null,null,null,null,null,null,null,null,null,null,null,null,null,null,null,null,null,null,null,null,null,null,null,null,null,null,null,null
null,null,null,null,null,null,null,null,null,null,null,null,null,null,null,null,null,null,null,null,null,null,null,null,null,null,null,null,null,null,null,null,null,null,null,null,null,null,null,null,null,null,null,null,null,null,null
null,null,null,null,null,null,null,null,null,null,null,null,null,null,null,null,null,null,null,null,null,null,null,null,null,null,null,null,null,null,null,null,null,null,null,null,null,null,null,null,null,null,null,null,null,null,null
null,null,null,null,null,null,null,null,null,null,null,null,null,null,null,null,null,null,null,null,null,null,null,null,null,null,null,null,null,null,null,null,null,null,null,null,null,null,null,null,null,null,null,null,null,null,null
null,null,null,null,null,null,null,null,null,null,null,null,null,null,null,null,null,null,null,null,null,null,null,null,null,null,null,null,null,null,null,null,null,null,null,null,null,null,null,null,null,null,null,null,null,null,null
null,null,null,null,null,null,null,null,null,null,null,null,null,null,null,null,null,null,null,null,null,0.001199898892082274,0.0012456203112378716,0.001285245642066002,null,null,null,null,null,null,null,null,null,null,null,null,null,null,null,null,null,null,null,null,null,null,null
null,null,null,null,null,null,null,null,null,null,null,null,0.0023299693129956722,0.006219486240297556,null,null,null,null,null,null,-0.00019288493786007166,0.0004639518156182021,0.0006552389822900295,null,null,null,null,null,null,null,null,null,null,null,null,null,null,null,null,null,null,null,null,null,null,null,null
null,null,null,null,null,null,0.0033415108919143677,0.003724245587363839,0.0031609602738171816,null,null,null,-0.0003380475100129843,0.004879333078861237,0.018956148996949196,0.030659977346658707,0.03890591487288475,0.03286227583885193,0.008339237421751022,-0.0011737779714167118,-0.0004393097769934684,0.00010679798288038,0.00011749430268537253,-0.0004456771130207926,-0.0011928767198696733,-0.0015177695313468575,null,null,null,null,-0.0003242054663132876,-0.0003269464068580419,-0.000685993698425591,-0.0008788654813542962,-0.0006125321378931403,null,0.0006746656727045774,0.0005734763690270483,-0.00015348258602898568,-0.0012600112240761518,-0.001535232411697507,-0.0009781260741874576,-0.00033898602123372257,-0.0003090208047069609,-0.0006169959087856114,null,null
-5.549472916754894e-05,-0.0002922870626207441,null,null,0.0002835533523466438,0.00042237568413838744,0.0008407972054556012,0.001052390318363905,0.0005568361957557499,0.00015070538211148232,0.0003824426094070077,0.00033146070200018585,-0.0005606019403785467,null,0.010939802043139935,0.0185856930911541,null,null,null,-5.3960844525136054e-05,0.0004256240790709853,0.0005262811318971217,0.0001881510397652164,-0.00027846937882713974,-0.0005817363271489739,-0.0008592860540375113,-0.0009715179330669343,-0.0008381462539546192,-0.0006761809927411377,-0.0005789575516246259,-0.0004957615747116506,-0.0006254863692447543,-0.0010074361925944686,-0.001073981635272503,-0.0006477657589130104,-0.0001323278120253235,8.727590466151014e-05,-8.539211557945237e-05,-0.000695296039339155,-0.0012045077746734023,-0.0011205062037333846,-0.000495785556267947,-0.0002697336603887379,-0.0007128973957151175,-0.0014148617628961802,-0.0018256721086800098,-0.001475746277719736
-0.00039541651494801044,-0.0004808810481335968,-0.0006015105755068362,-0.00044807288213633,-0.00027155588031746447,-0.0002558405976742506,-0.0004202420241199434,-0.0004841045883949846,-0.0004722589219454676,-0.00025562336668372154,8.312427235068753e-05,0.0003065173514187336,0.00019792649254668504,0.00015994168643373996,null,null,null,null,null,null,null,null,null,null,null,null,0.00014059446402825415,0.0002728346735239029,0.0003380284470040351,0.00010027924145106226,-0.00013301585568115115,-0.00034406065242365,-0.0005878905649296939,-0.0006683132378384471,-0.0005508900503627956,-0.0004638546088244766,-0.0005698827444575727,-0.0008469601743854582,-0.001148646348156035,-0.0013228479074314237,-0.0011473335325717926,-0.0008783449302427471,-0.0010817486327141523,-0.0018645810196176171,-0.0024041852448135614,-0.002561038825660944,-0.0023814416490495205
-0.0007742742891423404,-0.000567845010664314,-0.00045829397276975214,-0.00040712402551434934,-0.0003245288971811533,-0.0003297413932159543,-0.0003263944818172604,-0.000321094470564276,-0.00022589709260500968,1.095973675546702e-05,9.416228567715734e-05,null,null,null,null,null,null,null,null,null,null,null,null,null,null,0.0011000444646924734,0.0010277720866724849,0.001074515632353723,0.0009803170105442405,0.0005316661554388702,0.00022993376478552818,7.90001213317737e-05,-0.00014371389988809824,-0.00035695539554581046,-0.00046067251241765916,-0.0006034112884663045,-0.00084161531412974,-0.0010229608742520213,-0.0012067966163158417,-0.0014246721984818578,-0.0014718675520271063,-0.0014610906364396214,-0.0017193300882354379,-0.002073011826723814,-0.00225190375931561,-0.0022536322940140963,-0.002384493127465248
-0.0007125535048544407,-0.0006427897023968399,-0.0005324987578205764,-0.0003879068826790899,-0.00023461961245629936,-0.00025134431780315936,-0.00026548406458459795,-0.00021372525952756405,-0.00011727387027349323,4.6210487198550254e-05,0.00016139188664965332,null,null,null,null,null,null,null,null,null,null,null,null,null,null,0.0007722607115283608,0.0007675769738852978,0.0007628181483596563,0.0006574813742190599,0.0004305528709664941,0.0002241932088509202,0.0001069797363015823,-0.0001323046744801104,-0.0004225392476655543,-0.0005293237045407295,-0.0006148647516965866,-0.0007764726760797203,-0.0009158127941191196,-0.0010665045119822025,-0.0010627275332808495,-0.0008400490041822195,-0.0006539992755278945,-0.0006705755367875099,-0.0005783423548564315,-0.0003690917801577598,-0.00023008314019534737,-0.0006821713177487254
-0.0005810165894217789,-0.0006460485747084022,-0.0006312758196145296,-0.0005199617589823902,-0.0003918035654351115,-0.000335317337885499,-0.00019193904881831259,4.977174467057921e-05,0.00015456395340152085,0.00013141230738256127,0.00014996311801951379,0.00017795281019061804,null,null,null,null,null,null,null,null,null,null,null,null,null,0.00036268652183935046,0.0003919509763363749,0.00042158039286732674,0.0004506591067183763,0.0005747689283452928,0.0007536823977716267,0.0008266503573395312,0.00047165993601083755,-3.8588132156291977e-05,-0.0002940709237009287,-0.0003339076938573271,-0.0004504782264120877,-0.0006082229665480554,-0.0008129923953674734,-0.0006151802372187376,0.00011277170415269211,0.0005038047675043344,0.0005269965040497482,0.0007963760290294886,0.0013436077861115336,0.0016271085478365421,0.000982898287475109
-0.0007811081013642251,-0.0007118973298929632,-0.0005848372238688171,-0.0005535458913072944,-0.0005086863529868424,-0.00043927336810156703,-0.00026069258456118405,6.25458123977296e-05,0.00027934907120652497,0.00027934907120652497,0.00027934907120652497,0.00028085545636713505,null,null,null,null,null,null,null,null,null,null,null,null,null,null,0.0005783410160802305,0.000693378271535039,0.0007661660201847553,0.0010009710676968098,0.0014504670398309827,0.0016604667762294412,0.0014418696518987417,0.0010505282552912831,0.0009510337258689106,0.0009633235749788582,0.0008599117281846702,0.0007931719301268458,null,null,null,null,null,null,null,null,null
