earth/public/data/ocean/C53/ANN-somxl010-depthz-0m-gfs-1.0.json
{"header": {"discipline": 0, "disciplineName": "Meteorological products", "gribEdition": 2, "gribLength": 131138.0, "center": 0, "centerName": "Kiel Climate Model", "subcenter": 0, "refTime": "1", "significanceOfRT": 1, "significanceOfRTName": "Start of forecast", "productStatus": 0, "productStatusName": "Operational products", "productType": 1, "productTypeName": "Forecast products", "productDefinitionTemplate": 0, "productDefinitionTemplateName": "Analysis/forecast at horizontal level/layer at a point in time", "parameterCategory": 2, "parameterCategoryName": "Momentum", "parameterNumber": 2, "parameterNumberName": "U-component_of_wind", "parameterUnit": "m", "genProcessType": 2, "genProcessTypeName": "Forecast", "forecastTime": 0, "surface1Type": 103, "surface1TypeName": "Specified height level above ground", "surface1Value": 10, "surface2Type": 255, "surface2TypeName": "Missing", "surface2Value": 0, "gridDefinitionTemplate": 0, "gridDefinitionTemplateName": "Latitude_Longitude", "numberPoints": 65160, "shape": 6, "shapeName": "Earth spherical with radius of 6,371,229.0 m", "gridUnits": "degrees", "resolution": 48, "winds": "true", "scanMode": 0, "nx": 360.0, "ny": 180.0, "basicAngle": 0, "subDivisions": 0, "lo1": 0.0, "la1": -89.5, "lo2": 359.0, "la2": 89.5, "dx": 1.0, "dy": -1.0}, "data":
[rows 0 to 20 of 180, columns 141 to 187 of 360]
null,null,null,null,null,null,null,null,null,null,null,null,null,null,null,null,null,null,null,null,null,null,null,null,null,null,null,null,null,null,null,null,null,null,null,null,null,null,null,null,null,null,null,null,null,null,null
null,null,null,null,null,null,null,null,null,null,null,null,null,null,null,null,null,null,null,null,null,null,null,null,null,null,null,null,null,null,null,null,null,null,null,null,null,null,null,null,null,null,null,null,null,null,null
null,null,null,null,null,null,null,null,null,null,null,null,null,null,null,null,null,null,null,null,null,null,null,null,null,null,null,null,null,null,null,null,null,null,null,null,null,null,null,null,null,null,null,null,null,null,null
null,null,null,null,null,null,null,null,null,null,null,null,null,null,null,null,null,null,null,null,null,null,null,null,null,null,null,null,null,null,null,null,null,null,null,null,null,null,null,null,null,null,null,null,null,null,null
null,null,null,null,null,null,null,null,null,null,null,null,null,null,null,null,null,null,null,null,null,null,null,null,null,null,null,null,null,null,null,null,null,null,null,null,null,null,null,null,null,null,null,null,null,null,null
null,null,null,null,null,null,null,null,null,null,null,null,null,null,null,null,null,null,null,null,null,null,null,null,null,null,null,null,null,null,null,null,null,null,null,null,null,null,null,null,null,null,null,null,null,null,null
null,null,null,null,null,null,null,null,null,null,null,null,null,null,null,null,null,null,null,null,null,null,null,null,null,null,null,null,null,null,null,null,null,null,null,null,null,null,null,null,null,null,null,null,null,null,null
null,null,null,null,null,null,null,null,null,null,null,null,null,null,null,null,null,null,null,null,null,null,null,null,null,null,null,null,null,null,null,null,null,null,null,null,null,null,null,null,null,null,null,null,null,null,null
null,null,null,null,null,null,null,null,null,null,null,null,null,null,null,null,null,null,null,null,null,null,null,null,null,null,null,null,null,null,null,null,null,null,null,null,null,null,null,null,null,null,null,null,null,null,null
null,null,null,null,null,null,null,null,null,null,null,null,null,null,null,null,null,null,null,null,null,null,null,null,null,null,null,null,null,null,null,null,null,null,null,null,null,null,null,null,null,null,null,null,null,null,null
null,null,null,null,null,null,null,null,null,null,null,null,null,null,null,null,null,null,null,null,null,null,null,null,null,null,null,null,null,null,null,null,null,null,null,null,null,null,null,null,null,null,null,null,null,null,null
null,null,null,null,null,null,null,null,null,null,null,null,null,null,null,null,null,null,null,null,null,null,null,null,null,null,null,null,null,null,null,null,null,null,null,null,null,null,null,null,null,null,null,null,null,null,null
null,null,null,null,null,null,null,null,null,null,null,null,null,null,null,null,null,null,null,null,null,null,null,null,null,null,null,null,null,null,null,null,null,null,null,null,null,null,null,null,null,null,null,null,null,null,null
null,null,null,null,null,null,null,null,null,null,null,null,null,null,null,null,null,null,null,null,null,null,null,null,null,null,null,null,null,null,null,null,null,null,null,null,null,null,null,null,null,null,null,null,null,null,null
null,null,null,null,null,null,null,null,null,null,null,null,null,null,null,null,null,null,null,null,null,null,null,null,null,null,null,null,null,null,null,null,null,null,null,null,null,null,null,null,null,null,null,null,null,null,null
null,null,null,null,null,null,null,null,null,null,null,null,null,65.68585968017578,63.933868408203125,66.77439880371094,73.76224517822266,63.249088287353516,36.87552261352539,68.46619415283203,152.32357788085938,202.8578643798828,211.34243774414062,229.76502990722656,254.5452117919922,281.5826110839844,305.7895812988281,330.26947021484375,350.81829833984375,371.2694396972656,388.3931579589844,406.5705871582031,423.0671081542969,436.0999755859375,443.5977478027344,447.96124267578125,448.48046875,446.7127685546875,443.04266357421875,438.7913513183594,434.712890625,429.9737548828125,425.345703125,418.0387268066406,409.2725830078125,404.472900390625,395.9202575683594
null,null,null,null,null,null,null,null,null,null,null,null,null,65.68585968017578,63.933868408203125,66.77439880371094,73.76224517822266,63.249088287353516,36.87552261352539,68.46619415283203,152.32357788085938,202.8578643798828,211.34243774414062,229.76502990722656,254.5452117919922,281.5826110839844,305.7895812988281,330.26947021484375,350.81829833984375,371.2694396972656,388.3931579589844,406.5705871582031,423.0671081542969,436.0999755859375,443.5977478027344,447.96124267578125,448.48046875,446.7127685546875,443.04266357421875,438.7913513183594,434.712890625,429.9737548828125,425.345703125,418.0387268066406,409.2725830078125,404.472900390625,395.9202575683594
null,null,null,null,null,null,null,null,null,null,63.16600799560547,69.8452377319336,74.79621887207031,76.70452880859375,76.39390563964844,82.68807983398438,94.03668212890625,86.35921478271484,60.19664001464844,104.7678451538086,212.224609375,279.8373718261719,295.80364990234375,328.9091491699219,372.523193359375,416.009033203125,451.1299743652344,483.54119873046875,507.61041259765625,529.0096435546875,544.578857421875,560.166259765625,573.9401245117188,584.194091796875,590.0584716796875,592.2060546875,590.79443359375,587.580322265625,583.1621704101562,578.5069580078125,574.2388916015625,569.6223754882812,565.2470703125,558.2545776367188,549.4752197265625,544.8225708007812,536.7294921875
null,null,null,null,null,null,null,null,null,null,57.77762222290039,67.5831069946289,82.16229248046875,91.90635681152344,98.1890640258789,116.61955261230469,143.26805114746094,157.61273193359375,155.34609985351562,211.79403686523438,317.6539306640625,389.3104553222656,416.556884765625,462.2819519042969,520.4052124023438,571.5674438476562,609.5455322265625,639.58447265625,658.1384887695312,670.1590576171875,674.2581176757812,677.3348999023438,678.963134765625,678.7138671875,676.4423217773438,672.4017944335938,667.1270141601562,661.4430541992188,656.3984985351562,651.8193359375,648.6812133789062,645.33642578125,642.5137939453125,638.1447143554688,633.1991577148438,630.418212890625,625.7525024414062
null,null,null,null,null,null,null,null,null,null,51.03961944580078,62.67938995361328,78.15620422363281,97.10786437988281,115.90182495117188,151.25506591796875,197.38511657714844,243.72862243652344,284.03515625,340.6225891113281,403.1239318847656,454.5822448730469,484.1208190917969,522.6294555664062,563.0014038085938,595.3447875976562,612.99169921875,623.28076171875,623.5205078125,618.0065307617188,606.9171142578125,595.1220092773438,583.8995971679688,572.3632202148438,562.0515747070312,551.9373779296875,543.6273193359375,535.8582153320312,529.9452514648438,525.6378173828125,523.67333984375,521.8302612304688,520.4576416015625,519.2103881835938,518.3882446289062,517.8963012695312,517.2159423828125
null,null,null,null,null,null,null,17.23372459411621,18.35250473022461,25.64967155456543,35.9849853515625,49.17793273925781,64.94003295898438,89.56476593017578,119.0533218383789,165.82701110839844,221.7183074951172,283.4748229980469,340.45440673828125,390.78082275390625,425.4435119628906,456.9013671875,479.11749267578125,498.6045837402344,511.5500793457031,516.52978515625,512.1658325195312,502.0955505371094,487.6943054199219,470.4334411621094,453.15069580078125,435.4236755371094,420.4316101074219,405.3554382324219,392.884033203125,380.4897766113281,370.4382629394531,360.73187255859375,353.2601623535156,347.5303649902344,344.77410888671875,342.57269287109375,341.46441650390625,340.8677062988281,340.9684143066406,341.0041809082031,341.29949951171875
