earth/public/data/ocean/C53/ANN-ocevel-depthz-500m-gfs-1.0.json
{"header": {"discipline": 0, "disciplineName": "Meteorological products", "gribEdition": 2, "gribLength": 131138.0, "center": 0, "centerName": "Kiel Climate Model", "subcenter": 0, "refTime": "1", "significanceOfRT": 1, "significanceOfRTName": "Start of forecast", "productStatus": 0, "productStatusName": "Operational products", "productType": 1, "productTypeName": "Forecast products", "productDefinitionTemplate": 0, "productDefinitionTemplateName": "Analysis/forecast at horizontal level/layer at a point in time", "parameterCategory": 2, "parameterCategoryName": "Momentum", "parameterNumber": 2, "parameterNumberName": "U-component_of_wind", "parameterUnit": "m/s", "genProcessType": 2, "genProcessTypeName": "Forecast", "forecastTime": 0, "surface1Type": 103, "surface1TypeName": "Specified height level above ground", "surface1Value": 10, "surface2Type": 255, "surface2TypeName": "Missing", "surface2Value": 0, "gridDefinitionTemplate": 0, "gridDefinitionTemplateName": "Latitude_Longitude", "numberPoints": 65160, "shape": 6, "shapeName": "Earth spherical with radius of 6,371,229.0 m", "gridUnits": "degrees", "resolution": 48, "winds": "true", "scanMode": 0, "nx": 360.0, "ny": 180.0, "basicAngle": 0, "subDivisions": 0, "lo1": 0.0, "la1": -89.5, "lo2": 359.0, "la2": 89.5, "dx": 1.0, "dy": -1.0}, "data":
[rows 21 to 41 of 180, columns 188 to 234 of 360]
-0.0010436661541461945,-0.0007602855330333114,-0.0004239316622260958,-9.217372280545533e-05,0.00028463127091526985,0.0006422715960070491,0.0010347887873649597,0.0013956711627542973,0.0017799523193389177,0.002122718608006835,0.0024725873954594135,0.0027700059581547976,0.003060297342017293,0.0032923740800470114,0.003503730520606041,0.0036547670606523752,0.0037704557180404663,0.0038258482236415148,0.003840353339910507,0.003805081360042095,0.003727683564648032,0.003615116933360696,0.0034610149450600147,0.003287404077127576,0.003076107008382678,0.0028619219083338976,0.0026141181588172913,0.0023769710678607225,0.0021131103858351707,0.0018727213609963655,0.001602871809154749,0.001356629771180451,0.0010852479608729482,0.000842246285174042,0.0005681054317392409,0.0003151520504616201,5.315760427038185e-05,-0.00016928119293879718,-0.00041302453610114753,-0.0006346649606712162,-0.0008662123000249267,-0.0010676857782527804,-0.001296313013881445,-0.0015125980135053396,-0.001757389516569674,-0.0019891741685569286,-0.002250401768833399
0.0028823537286370993,0.0031507837120443583,0.0034790788777172565,0.0038080604281276464,0.004184058401733637,0.004541815258562565,0.004934324882924557,0.005295228213071823,0.005678910296410322,0.006021853070706129,0.006375479977577925,0.006682367529720068,0.006987848784774542,0.007243353873491287,0.007486596237868071,0.0076795658096671104,0.007848221808671951,0.007966616190969944,0.008050605654716492,0.008087496273219585,0.00808236189186573,0.008035899139940739,0.007941041141748428,0.007811650168150663,0.007631220854818821,0.007426526863127947,0.007170249707996845,0.006901372689753771,0.006588732823729515,0.006280913483351469,0.005936599802225828,0.005610683932900429,0.005259533878415823,0.004940480925142765,0.004608195275068283,0.0043179551139473915,0.0040232460014522076,0.0037733265198767185,0.003526166779920459,0.0033248350955545902,0.003115215804427862,0.002935257274657488,0.002745433244854212,0.0025801323354244232,0.0023950962349772453,0.0022247424349188805,0.002031557261943817
0.005779640283435583,0.006027467083185911,0.006317808758467436,0.0065979668870568275,0.006906494032591581,0.007187920156866312,0.0074869366362690926,0.007750142831355333,0.008023981936275959,0.008259858004748821,0.008504797704517841,0.008715790696442127,0.008935246616601944,0.009125287644565105,0.009322617202997208,0.009493956342339516,0.009669103659689426,0.00981930736452341,0.00996454618871212,0.010081622749567032,0.010180918499827385,0.010247019119560719,0.010278870351612568,0.010272089391946793,0.010215455666184425,0.01011885516345501,0.00995990727096796,0.00976494699716568,0.009509042836725712,0.009234290570020676,0.00891178660094738,0.008594424463808537,0.008248756639659405,0.007931390777230263,0.007614365313202143,0.007350278086960316,0.007085970602929592,0.00686618173494935,0.006658412516117096,0.0064979782328009605,0.006336598191410303,0.006202019285410643,0.006071331910789013,0.005967497825622559,0.005857151001691818,0.005759796127676964,0.005651805084198713
0.007675980683416128,0.007904446683824062,0.008146184496581554,0.008358193561434746,0.008570028468966484,0.008743452839553356,0.008908298797905445,0.009034142829477787,0.009149990044534206,0.009233846329152584,0.00931444764137268,0.00937616266310215,0.009444895200431347,0.009507608599960804,0.009587503969669342,0.009670345112681389,0.00977799016982317,0.009892205707728863,0.010030803270637989,0.010170947760343552,0.010326487943530083,0.010472284629940987,0.01061567384749651,0.010733917355537415,0.01082677859812975,0.010880193673074245,0.010887080803513527,0.01084769144654274,0.010755128227174282,0.01062571071088314,0.010454165749251842,0.010269394144415855,0.010063107125461102,0.009869437664747238,0.009682506322860718,0.009532446973025799,0.009388570673763752,0.009273247793316841,0.009168978780508041,0.009090978652238846,0.009018613025546074,0.008961682207882404,0.00891380850225687,0.008881566114723682,0.008852609433233738,0.008831345476210117,0.008809496648609638
0.009806164540350437,0.009974860586225986,0.010127058252692223,0.010239613242447376,0.010325717739760876,0.010373025201261044,0.01038873940706253,0.010372059419751167,0.01032643485814333,0.0102610532194376,0.010177203454077244,0.010090254247188568,0.010000836104154587,0.00992521084845066,0.009863846935331821,0.009828428737819195,0.009822631254792213,0.009849147871136665,0.009914452210068703,0.010009621270000935,0.010143165476620197,0.010294784791767597,0.010474799200892448,0.010654864832758904,0.01084635965526104,0.011017882265150547,0.01118286419659853,0.011312535963952541,0.011426801793277264,0.011503576301038265,0.011570935137569904,0.011612862348556519,0.01166080217808485,0.011700502596795559,0.011763270013034344,0.011831040494143963,0.011919860728085041,0.012006201781332493,0.01211201399564743,0.012210608460009098,0.01232161931693554,0.012417754158377647,0.012525050900876522,0.012617385946214199,0.012718587182462215,0.012804856523871422,0.012896338477730751
0.012090681120753288,0.012154844589531422,0.01218879222869873,0.01218220591545105,0.012139844708144665,0.012064029462635517,0.011950557120144367,0.011814063414931297,0.011644482612609863,0.01146641094237566,0.011265003122389317,0.01107054390013218,0.010868724435567856,0.010689839720726013,0.010521424002945423,0.010387742891907692,0.010281430557370186,0.010215789079666138,0.010192100889980793,0.010209769941866398,0.010275667533278465,0.010374954901635647,0.010521355085074902,0.010688251815736294,0.010897067375481129,0.011113638989627361,0.011362174525856972,0.01160522922873497,0.011872315779328346,0.012125751934945583,0.012402129359543324,0.012664295732975006,0.012954593636095524,0.013234639540314674,0.013548610731959343,0.013854133896529675,0.014188049361109734,0.014503857120871544,0.014840158633887768,0.015148877166211605,0.015468613244593143,0.015752596780657768,0.016041623428463936,0.01629227213561535,0.016545476391911507,0.016761746257543564,0.016976630315184593
0.013865499757230282,0.013835853897035122,0.013771120458841324,0.013682485558092594,0.01355493813753128,0.01341076847165823,0.013228252530097961,0.013039398938417435,0.01281802635639906,0.012602951377630234,0.012363843619823456,0.012142510153353214,0.011909968219697475,0.011706781573593616,0.011507232673466206,0.011346160434186459,0.011201674118638039,0.011099004186689854,0.011025062762200832,0.010992643423378468,0.010997002013027668,0.011037204414606094,0.011118665337562561,0.01122693344950676,0.011382991448044777,0.011559322476387024,0.01178738847374916,0.012027349323034286,0.012319161556661129,0.012612359598279,0.012955942191183567,0.013290866278111935,0.013675355352461338,0.014043488539755344,0.014461231417953968,0.014857097528874874,0.015295403078198433,0.015701472759246826,0.016138412058353424,0.01653212495148182,0.016947578638792038,0.017314527183771133,0.017696354538202286,0.018028507009148598,0.018370719626545906,0.018664799630641937,0.018960922956466675
0.015150085091590881,0.01505008339881897,0.014921396970748901,0.014787278138101101,0.014622178860008717,0.014455779455602169,0.014260920695960522,0.014072396792471409,0.013861626386642456,0.01366609986871481,0.01345478929579258,0.01326530147343874,0.013067548163235188,0.012896819040179253,0.012726666405797005,0.012587611563503742,0.012456660158932209,0.01235754694789648,0.012272600084543228,0.01221730001270771,0.012181699275970459,0.012172095477581024,0.012187302112579346,0.012224151752889156,0.012295517139136791,0.012388024479150772,0.01252671517431736,0.012686354108154774,0.01289813220500946,0.013124221935868263,0.013401707634329796,0.01368152815848589,0.014008264988660812,0.014324492774903774,0.014683768153190613,0.015023190528154373,0.015398507006466389,0.015744268894195557,0.016116425395011902,0.01645039953291416,0.016805831342935562,0.017121506854891777,0.017456617206335068,0.017754118889570236,0.018069520592689514,0.01834976114332676,0.01864088699221611
0.016475370153784752,0.01630862057209015,0.01612096093595028,0.015946581959724426,0.01575189270079136,0.015572549775242805,0.015377214178442955,0.015201839618384838,0.015016304329037666,0.014854943379759789,0.014686865732073784,0.01454331073909998,0.014394964091479778,0.014269409701228142,0.014140207320451736,0.014031228609383106,0.013920671306550503,0.013828760012984276,0.013737456873059273,0.013663244433701038,0.013593547977507114,0.013540584594011307,0.013497056439518929,0.013470049016177654,0.013462364673614502,0.013474350795149803,0.013519594445824623,0.013588887639343739,0.013700292445719242,0.013832916505634785,0.014007714577019215,0.014192706905305386,0.014413069933652878,0.0146288201212883,0.014872310683131218,0.015099450945854187,0.015346786938607693,0.015569530427455902,0.015805549919605255,0.01601225510239601,0.01623029075562954,0.01642075926065445,0.01662522368133068,0.016807876527309418,0.017008544877171516,0.0171928983181715,0.017393557354807854
0.01795363798737526,0.017722679302096367,0.017474951222538948,0.017255686223506927,0.01702416129410267,0.016823479905724525,0.016617197543382645,0.016444310545921326,0.016272330656647682,0.016134124249219894,0.015997637063264847,0.01588912308216095,0.015780022367835045,0.015691354870796204,0.015595842152833939,0.015511726029217243,0.01541737001389265,0.015330432914197445,0.015233127400279045,0.015143251977860928,0.015047173947095871,0.01496212463825941,0.014875680208206177,0.014802947640419006,0.014737498946487904,0.014690159820020199,0.014661995694041252,0.014656745828688145,0.014679008163511753,0.014723416417837143,0.014795702882111073,0.014881636016070843,0.01498861238360405,0.015096127055585384,0.015214537270367146,0.015320999547839165,0.015430152416229248,0.015520605258643627,0.015607491135597229,0.015673363581299782,0.015733899548649788,0.015776487067341805,0.015817616134881973,0.015848595649003983,0.015886083245277405,0.015922730788588524,0.01597014255821705
0.019660305231809616,0.01937192864716053,0.019062282517552376,0.018787549808621407,0.018502019345760345,0.018258268013596535,0.01801423914730549,0.01781543716788292,0.01762581802904606,0.017481312155723572,0.017345109954476357,0.017243634909391403,0.01714523509144783,0.017069539055228233,0.01698516681790352,0.016909029334783554,0.016817135736346245,0.01672731526196003,0.01661974936723709,0.016514578834176064,0.016396539285779,0.016287269070744514,0.016170697286725044,0.016067929565906525,0.015965670347213745,0.015882177278399467,0.015806499868631363,0.015751760452985764,0.01570975035429001,0.01568717323243618,0.01567738875746727,0.015681087970733643,0.01569289341568947,0.015709571540355682,0.01572415977716446,0.015732793137431145,0.01573053002357483,0.015716124325990677,0.01568465866148472,0.015639623627066612,0.015574139542877674,0.01549727376550436,0.015401468612253666,0.015300792641937733,0.01518932729959488,0.015083914622664452,0.014975271187722683
0.02159176394343376,0.02126193605363369,0.020896954461932182,0.020562181249260902,0.020210761576890945,0.01990627869963646,0.019599957391619682,0.01934782974421978,0.01910732500255108,0.01892317645251751,0.01874920353293419,0.018618594855070114,0.018492387607693672,0.018395280465483665,0.018288949504494667,0.01819424517452717,0.01808249205350876,0.01797502115368843,0.017846906557679176,0.01772191934287548,0.01758088916540146,0.017449555918574333,0.017308227717876434,0.017182543873786926,0.017054414376616478,0.016947103664278984,0.016839955002069473,0.016752462834119797,0.0166655071079731,0.016594843938946724,0.01652359962463379,0.016464505344629288,0.01640234887599945,0.016348080709576607,0.016283541917800903,0.016220062971115112,0.01613921858370304,0.016055047512054443,0.01594926044344902,0.015839790925383568,0.015705648809671402,0.015568865463137627,0.015405080281198025,0.015240419656038284,0.015051471069455147,0.014867996796965599,0.014665989205241203
0.02310917153954506,0.022760262712836266,0.022361796349287033,0.021984698250889778,0.021584125235676765,0.021230235695838928,0.020871087908744812,0.020568855106830597,0.020278101786971092,0.020048461854457855,0.019829390570521355,0.019657572731375694,0.019491925835609436,0.019359668716788292,0.019220411777496338,0.019097033888101578,0.018959177657961845,0.01883004792034626,0.018681231886148453,0.01853843219578266,0.018379244953393936,0.018231546506285667,0.018072975799441338,0.01793140359222889,0.017786238342523575,0.01766291819512844,0.017535848543047905,0.0174269936978817,0.017312152311205864,0.017210640013217926,0.01710130274295807,0.017001938074827194,0.016893373802304268,0.016792846843600273,0.01667911559343338,0.016570216044783592,0.016444290056824684,0.016321919858455658,0.0161808542907238,0.01604522578418255,0.015889381989836693,0.01574130542576313,0.015566816553473473,0.015398399904370308,0.015198002569377422,0.015003129839897156,0.014777439646422863
0.024221815168857574,0.023874249309301376,0.02346574328839779,0.0230705626308918,0.022642482072114944,0.02226082794368267,0.021864885464310646,0.021529095247387886,0.021196795627474785,0.020931469276547432,0.02066935785114765,0.020461492240428925,0.020254990085959435,0.02009069174528122,0.01991715468466282,0.019768688827753067,0.019605513662099838,0.01945926994085312,0.019293328747153282,0.01913909986615181,0.01896771602332592,0.018811123445630074,0.01864153891801834,0.018490510061383247,0.01833253912627697,0.018197333440184593,0.01805289089679718,0.017926964908838272,0.01778792217373848,0.017663145437836647,0.017522765323519707,0.017394930124282837,0.017250511795282364,0.017118696123361588,0.016968796029686928,0.01683090254664421,0.016675399616360664,0.01653272844851017,0.01637546345591545,0.016233135014772415,0.016079343855381012,0.01594138890504837,0.015787141397595406,0.01564234308898449,0.01547163724899292,0.015302635729312897,0.015103728510439396
0.02574925869703293,0.025427276268601418,0.02503247745335102,0.024634579196572304,0.02419539913535118,0.023792490363121033,0.023368224501609802,0.022997504100203514,0.02262377180159092,0.022313090041279793,0.021999940276145935,0.02173999324440956,0.021479804068803787,0.021266037598252296,0.021045595407485962,0.020858323201537132,0.020661069080233574,0.02048959769308567,0.020302578806877136,0.02013390325009823,0.019949855282902718,0.019783735275268555,0.0196025762706995,0.019439179450273514,0.01926404796540737,0.019109003245830536,0.01893802359700203,0.0187822338193655,0.018605735152959824,0.018440689891576767,0.018252626061439514,0.0180759709328413,0.017877653241157532,0.01769409328699112,0.01749182678759098,0.01730799674987793,0.01711144670844078,0.016938351094722748,0.016760356724262238,0.016610464081168175,0.016462307423353195,0.016343731433153152,0.016223497688770294,0.016124458983540535,0.01601135917007923,0.015905175358057022,0.015774589031934738
0.02770296111702919,0.027439458295702934,0.02709238976240158,0.026723148301243782,0.026302140206098557,0.025903817266225815,0.025474026799201965,0.025088734924793243,0.024687783792614937,0.02434200793504715,0.023981040343642235,0.023668760433793068,0.023348713293671608,0.02307780273258686,0.022800005972385406,0.022565051913261414,0.022324297577142715,0.022121135145425797,0.021906694397330284,0.021719874814152718,0.021519050002098083,0.02134084515273571,0.0211441982537508,0.02096497267484665,0.020767316222190857,0.020587032660841942,0.020382920280098915,0.020191535353660583,0.019968973472714424,0.019754784181714058,0.019505009055137634,0.019264180213212967,0.018991876393556595,0.018737128004431725,0.01845981553196907,0.01821034587919712,0.017949579283595085,0.017725538462400436,0.017503436654806137,0.01732519082725048,0.017161374911665916,0.017044145613908768,0.01694432459771633,0.016882767900824547,0.01682964712381363,0.016797002404928207,0.016757667064666748
0.02949075773358345,0.029302824288606644,0.029029548168182373,0.028721587732434273,0.028357014060020447,0.028002114966511726,0.027611300349235535,0.027254750952124596,0.02687184140086174,0.026530670002102852,0.026162363588809967,0.02583194151520729,0.025484390556812286,0.025180788710713387,0.024868126958608627,0.02460137940943241,0.024330489337444305,0.02410341426730156,0.02386804297566414,0.023666447028517723,0.02345147542655468,0.023261787369847298,0.023051664233207703,0.022858958691358566,0.022643551230430603,0.02244413271546364,0.022217735648155212,0.02200477011501789,0.02175477147102356,0.021511828526854515,0.021222863346338272,0.020938241854310036,0.020610176026821136,0.02029600366950035,0.01995042897760868,0.019634908065199852,0.01930111274123192,0.019009605050086975,0.018715830519795418,0.018474172800779343,0.018248653039336205,0.018082385882735252,0.017945462837815285,0.0178659837692976,0.017818985506892204,0.01781679503619671,0.017835797742009163
0.031102998182177544,0.030961541458964348,0.03074387088418007,0.030492419376969337,0.030189165845513344,0.02989061176776886,0.029563378542661667,0.029266877099871635,0.02894163690507412,0.028645392507314682,0.028318097814917564,0.02801693230867386,0.027691315859556198,0.027397779747843742,0.027092305943369865,0.026827970519661903,0.02655685506761074,0.02632625214755535,0.026087792590260506,0.025883421301841736,0.02566465362906456,0.025470292195677757,0.025255147367715836,0.025057535618543625,0.024835290387272835,0.02462809905409813,0.024396279826760292,0.024181244894862175,0.023933520540595055,0.023696837946772575,0.02341555990278721,0.023138228803873062,0.022807171568274498,0.022478928789496422,0.022101901471614838,0.021741367876529694,0.021344177424907684,0.020980680361390114,0.020598281174898148,0.020265914499759674,0.01993480883538723,0.019665921106934547,0.01942046731710434,0.019245849922299385,0.01911626197397709,0.019060028716921806,0.01905348151922226
0.03219664469361305,0.03205851465463638,0.031858935952186584,0.031634148210287094,0.03136705607175827,0.031107766553759575,0.03083151951432228,0.03059147484600544,0.030324161052703857,0.03008199669420719,0.02980831451714039,0.029556792229413986,0.029273882508277893,0.029014453291893005,0.028738511726260185,0.028498832136392593,0.02824614942073822,0.028028203174471855,0.027799708768725395,0.027603305876255035,0.027389854192733765,0.027198828756809235,0.02698669582605362,0.02679249830543995,0.026572050526738167,0.02636580727994442,0.026138268411159515,0.02593132294714451,0.025699924677610397,0.025487562641501427,0.025238417088985443,0.02500058524310589,0.024701114743947983,0.024397622793912888,0.024024616926908493,0.023651374503970146,0.023220244795084,0.022808389738202095,0.022360537201166153,0.021954618394374847,0.021531904116272926,0.021163761615753174,0.0208068136125803,0.0205185879021883,0.020281268283724785,0.02013009786605835,0.02005373127758503
0.032780721783638,0.032618679106235504,0.03240688145160675,0.03218564763665199,0.031932733952999115,0.03169352188706398,0.03145424649119377,0.03125574067234993,0.031042899936437607,0.030849987640976906,0.030636971816420555,0.03043731302022934,0.030209898948669434,0.02999110147356987,0.029758092015981674,0.029549337923526764,0.029326504096388817,0.02912737987935543,0.02891811728477478,0.02873494289815426,0.02853398770093918,0.02835056185722351,0.028147298842668533,0.027960283681750298,0.027746152132749557,0.02754325419664383,0.02732197754085064,0.027122125029563904,0.02690795436501503,0.026717212051153183,0.026506109163165092,0.026310063898563385,0.0260612815618515,0.02580048143863678,0.025466591119766235,0.025115851312875748,0.02469649165868759,0.02428174577653408,0.023817716166377068,0.02338772639632225,0.022918909788131714,0.022498002275824547,0.022058481350541115,0.021685397252440453,0.02133786305785179,0.021087858825922012,0.020905237644910812
0.03316904604434967,0.03294958174228668,0.03270367905497551,0.03247639164328575,0.0322335921227932,0.03201950341463089,0.03182618319988251,0.03168893977999687,0.0315491259098053,0.03143293410539627,0.03130558133125305,0.03119131177663803,0.031046053394675255,0.030897045508027077,0.030729303136467934,0.03057383932173252,0.030396411195397377,0.03022966906428337,0.030050503090023994,0.029891783371567726,0.02971169538795948,0.029543090611696243,0.029354771599173546,0.029181044548749924,0.02897600084543228,0.028777102008461952,0.028558501973748207,0.028360679745674133,0.028155861422419548,0.02798304706811905,0.027807604521512985,0.027663931250572205,0.02748282253742218,0.02729899063706398,0.0270489901304245,0.026777483522892,0.026436978951096535,0.026085468009114265,0.025679253041744232,0.025286218151450157,0.024835877120494843,0.024403318762779236,0.023921512067317963,0.023470766842365265,0.02301669493317604,0.022634554654359818,0.0223110169172287
