earth/public/data/ocean/C53/ANN-votemper-depthz-1000m-gfs-1.0.json
{"header": {"discipline": 0, "disciplineName": "Meteorological products", "gribEdition": 2, "gribLength": 131138.0, "center": 0, "centerName": "Kiel Climate Model", "subcenter": 0, "refTime": "1", "significanceOfRT": 1, "significanceOfRTName": "Start of forecast", "productStatus": 0, "productStatusName": "Operational products", "productType": 1, "productTypeName": "Forecast products", "productDefinitionTemplate": 0, "productDefinitionTemplateName": "Analysis/forecast at horizontal level/layer at a point in time", "parameterCategory": 2, "parameterCategoryName": "Momentum", "parameterNumber": 2, "parameterNumberName": "U-component_of_wind", "parameterUnit": "C", "genProcessType": 2, "genProcessTypeName": "Forecast", "forecastTime": 0, "surface1Type": 103, "surface1TypeName": "Specified height level above ground", "surface1Value": 10, "surface2Type": 255, "surface2TypeName": "Missing", "surface2Value": 0, "gridDefinitionTemplate": 0, "gridDefinitionTemplateName": "Latitude_Longitude", "numberPoints": 65160, "shape": 6, "shapeName": "Earth spherical with radius of 6,371,229.0 m", "gridUnits": "degrees", "resolution": 48, "winds": "true", "scanMode": 0, "nx": 360.0, "ny": 180.0, "basicAngle": 0, "subDivisions": 0, "lo1": 0.0, "la1": -89.5, "lo2": 359.0, "la2": 89.5, "dx": 1.0, "dy": -1.0}, "data":
[rows 154 to 175 of 180, columns 204 to 254 of 360]
5.669149875640869,5.671919345855713,5.675376892089844,5.679110527038574,5.682032108306885,5.6850762367248535,5.687319755554199,5.687957763671875,5.6900715827941895,5.694489479064941,5.699558734893799,5.703506946563721,5.707705974578857,5.713304042816162,5.718000411987305,5.722898960113525,5.728385925292969,5.734227657318115,5.7401347160339355,5.747132778167725,5.752552032470703,5.7579264640808105,5.766420841217041,5.775134086608887,5.784381866455078,5.793190002441406,5.804265975952148,5.816999435424805,5.832242012023926,5.844960689544678,5.8580322265625,5.874192237854004,5.896542072296143,5.915904521942139,5.9332661628723145,5.951386451721191,5.977371692657471,6.006791114807129,6.037827968597412,6.070505142211914,6.107330799102783,6.141376495361328,6.178255081176758,6.219179630279541,6.267124652862549,6.3147358894348145,6.356061935424805,6.398402214050293,6.435134410858154,6.461315631866455,6.481490612030029
5.661240100860596,5.663780689239502,5.667236804962158,5.670379161834717,5.673355579376221,5.676795959472656,5.680459499359131,5.682159900665283,5.683769702911377,5.687864303588867,5.69229793548584,5.696543216705322,5.701541423797607,5.707595348358154,5.712360382080078,5.716279983520508,5.722119331359863,5.728628158569336,5.736186504364014,5.743215084075928,5.75058650970459,5.756990909576416,5.763942241668701,5.772513389587402,5.781164169311523,5.791086673736572,5.803024768829346,5.8194169998168945,5.8339104652404785,5.847395420074463,5.8614277839660645,5.880333423614502,5.902075290679932,5.9216203689575195,5.940769195556641,5.966500759124756,5.9982008934021,6.02930212020874,6.0638747215271,6.103574752807617,6.141170978546143,6.181030750274658,6.222244739532471,6.263661861419678,6.305613040924072,6.35054349899292,6.3904266357421875,6.422369956970215,6.448676586151123,6.466123580932617,6.472971439361572
5.6556243896484375,5.657486438751221,5.660311698913574,5.662806034088135,5.665670394897461,5.669724941253662,5.673276424407959,5.675759792327881,5.678319454193115,5.682541370391846,5.686568260192871,5.690100193023682,5.695460319519043,5.701375484466553,5.7077202796936035,5.712643623352051,5.717367172241211,5.7239580154418945,5.731142044067383,5.739239692687988,5.748260498046875,5.757437705993652,5.763976097106934,5.770907402038574,5.780892372131348,5.791476249694824,5.807037830352783,5.824044704437256,5.837637424468994,5.850580215454102,5.870078086853027,5.8903279304504395,5.908076286315918,5.929067611694336,5.955432891845703,5.9879913330078125,6.019741058349609,6.054864406585693,6.0952839851379395,6.130079746246338,6.167544364929199,6.2112507820129395,6.2526984214782715,6.298511028289795,6.344295024871826,6.377411365509033,6.407006740570068,6.427599906921387,6.434301376342773,6.427506923675537,6.409641265869141
5.652897834777832,5.653588771820068,5.654813289642334,5.656843662261963,5.659521579742432,5.6634416580200195,5.666744709014893,5.669046401977539,5.672674179077148,5.677408695220947,5.682670593261719,5.68638277053833,5.690175533294678,5.69584846496582,5.703237533569336,5.7114787101745605,5.717012405395508,5.72165584564209,5.728671073913574,5.736241817474365,5.747215747833252,5.757508277893066,5.764583110809326,5.772027015686035,5.781594753265381,5.795846939086914,5.81372594833374,5.829756259918213,5.8389177322387695,5.8543620109558105,5.879965782165527,5.901538848876953,5.916397571563721,5.9389328956604,5.9738240242004395,6.005600929260254,6.0386199951171875,6.081767559051514,6.120419025421143,6.148467063903809,6.186814308166504,6.229470729827881,6.268372535705566,6.314732074737549,6.355475902557373,6.379290580749512,6.396766185760498,6.4037065505981445,6.394514560699463,6.36883020401001,6.329592704772949
null,5.650818347930908,5.650495529174805,5.651622295379639,5.654191970825195,5.657175064086914,5.660810947418213,5.663631439208984,5.666792869567871,5.672698497772217,5.679368495941162,5.68543815612793,5.6895246505737305,5.693569183349609,5.701709270477295,5.712141513824463,5.719670295715332,5.723337173461914,5.728498935699463,5.736520767211914,5.747265338897705,5.7591328620910645,5.766898155212402,5.773906707763672,5.783132553100586,5.797247409820557,5.817431926727295,5.831724166870117,5.840597152709961,5.858251571655273,5.884056568145752,5.908259868621826,5.924936771392822,5.951281547546387,5.984331130981445,6.011147499084473,6.0452680587768555,6.092737197875977,6.132431507110596,6.160710334777832,6.194882869720459,6.235872745513916,6.277402400970459,6.314464092254639,6.341050148010254,6.359910488128662,6.37122106552124,6.370738506317139,6.358503818511963,6.332517147064209,6.307531356811523
null,null,5.639902114868164,5.643799781799316,5.6478962898254395,5.651072978973389,5.654468536376953,5.658844947814941,5.664445877075195,5.671827793121338,5.680629253387451,5.688101291656494,5.693723201751709,5.697206974029541,5.703985691070557,5.715974807739258,5.72479248046875,5.7295732498168945,5.734367847442627,5.740364074707031,5.7507758140563965,5.762388229370117,5.7709059715271,5.777534484863281,5.783531665802002,5.796389579772949,5.814657211303711,5.829294204711914,5.841599464416504,5.859287738800049,5.8840813636779785,5.906272888183594,5.928142070770264,5.961309909820557,5.985264778137207,6.0067524909973145,6.043788433074951,6.08570671081543,6.1257500648498535,6.162043571472168,6.193843841552734,6.231571197509766,6.2705793380737305,6.301246643066406,6.323500633239746,6.338099956512451,6.347188472747803,6.348414897918701,6.341048717498779,6.330490589141846,6.330473899841309
5.6123480796813965,5.618239402770996,5.6253228187561035,5.633098125457764,5.6398539543151855,5.644733905792236,5.648678779602051,5.654557704925537,5.666849136352539,5.680732727050781,5.691054344177246,5.699126243591309,5.705269813537598,5.70904541015625,5.714502334594727,5.725114345550537,5.737387657165527,5.744309425354004,5.747324466705322,5.751143932342529,5.758908748626709,5.7704176902771,5.779181957244873,5.783169746398926,5.787623405456543,5.799026012420654,5.814055919647217,5.8279500007629395,5.838998317718506,5.856668949127197,5.882427215576172,5.899386405944824,5.922029495239258,5.958279132843018,5.978200435638428,5.999738693237305,6.042482852935791,6.073072910308838,6.105241298675537,6.150790214538574,6.183302402496338,6.215114116668701,6.2513628005981445,6.279695987701416,6.302025318145752,6.31804084777832,6.329151630401611,6.336619853973389,6.337359428405762,6.3383684158325195,6.347949028015137
5.6084160804748535,5.615171909332275,5.62114143371582,5.627000331878662,5.63557767868042,5.642383098602295,5.647742748260498,5.656167507171631,5.6737823486328125,5.695215225219727,5.708122253417969,5.715729236602783,5.723370552062988,5.7276692390441895,5.732198715209961,5.742527961730957,5.755890846252441,5.7639546394348145,5.765909671783447,5.767248153686523,5.7736430168151855,5.7846503257751465,5.791689872741699,5.794076919555664,5.7977614402771,5.805714130401611,5.818867206573486,5.831345558166504,5.837514400482178,5.853000640869141,5.87778377532959,5.891398906707764,5.910404682159424,5.944988250732422,5.963994026184082,5.985611915588379,6.0284810066223145,6.055224895477295,6.081164836883545,6.127606391906738,6.161245346069336,6.187955379486084,6.222350120544434,6.251861095428467,6.275122165679932,6.294384002685547,6.308384418487549,6.321401119232178,6.331677436828613,6.342064380645752,6.355041980743408
5.60822057723999,5.617179870605469,5.626722812652588,5.63339900970459,5.640501976013184,5.65000581741333,5.658177852630615,5.666355609893799,5.683376789093018,5.7044572830200195,5.7197394371032715,5.7294230461120605,5.73654842376709,5.742908000946045,5.7494096755981445,5.7581939697265625,5.770182132720947,5.778356552124023,5.7806549072265625,5.782730579376221,5.788567066192627,5.796424865722656,5.802107334136963,5.805593967437744,5.80819034576416,5.813913345336914,5.825922012329102,5.836298942565918,5.839136123657227,5.851006984710693,5.872537612915039,5.884407997131348,5.899765968322754,5.930314064025879,5.949479579925537,5.964537143707275,5.999375820159912,6.033109188079834,6.0576252937316895,6.091336250305176,6.127938747406006,6.156705379486084,6.18452262878418,6.2120280265808105,6.239007949829102,6.260612487792969,6.2779669761657715,6.296446323394775,6.312417507171631,6.327477931976318,6.3425397872924805
5.6131086349487305,5.623610019683838,5.633293151855469,5.640878677368164,5.64858341217041,5.6598124504089355,5.671591758728027,5.67918586730957,5.690147876739502,5.705719470977783,5.721490859985352,5.73213529586792,5.739323139190674,5.74654483795166,5.75357723236084,5.763203144073486,5.775363922119141,5.781613826751709,5.784633636474609,5.789257526397705,5.7938714027404785,5.798760890960693,5.804678440093994,5.809678554534912,5.811616897583008,5.817701816558838,5.8297905921936035,5.837449550628662,5.8383941650390625,5.849335670471191,5.869163513183594,5.880105018615723,5.88844633102417,5.9117326736450195,5.9350175857543945,5.9468207359313965,5.969140529632568,6.0069899559021,6.0324482917785645,6.053707599639893,6.086208820343018,6.115522861480713,6.13837194442749,6.1664299964904785,6.189929962158203,6.209911346435547,6.231892108917236,6.250336170196533,6.263558387756348,6.282496452331543,6.304745197296143
5.616409778594971,5.6240458488464355,5.628655910491943,5.631365776062012,5.638275623321533,5.65304708480835,5.670135021209717,5.683674335479736,5.694270610809326,5.704858303070068,5.7173075675964355,5.730942249298096,5.738601207733154,5.7426629066467285,5.749597549438477,5.762960910797119,5.774860858917236,5.778265953063965,5.780826568603516,5.785544395446777,5.788210868835449,5.79209566116333,5.7993998527526855,5.8040771484375,5.804996490478516,5.811397075653076,5.82392692565918,5.831639289855957,5.83242654800415,5.8421735763549805,5.861714839935303,5.874157905578613,5.877900123596191,5.891052722930908,5.915994167327881,5.932863712310791,5.947873592376709,5.974942684173584,6.000695705413818,6.019436359405518,6.044844150543213,6.065465450286865,6.084347724914551,6.1102213859558105,6.1265692710876465,6.141186714172363,6.163787364959717,6.180431842803955,6.189345836639404,6.2070112228393555,6.235593795776367
5.612685680389404,5.611082553863525,5.605428695678711,5.602331161499023,5.609052658081055,5.624162673950195,null,null,null,null,null,null,null,null,null,null,null,5.772825241088867,5.7747416496276855,5.777009010314941,5.77841854095459,5.782472610473633,5.788749694824219,5.7918500900268555,5.793490409851074,5.800346374511719,5.81102991104126,5.819095611572266,5.82244873046875,5.831698417663574,5.848795413970947,5.864106178283691,5.869956970214844,5.876245498657227,5.890830039978027,5.913638591766357,5.929929256439209,5.945041179656982,5.961760520935059,5.97905158996582,5.998339653015137,6.01462984085083,6.0286993980407715,6.043917179107666,6.053163051605225,6.063442707061768,6.08223819732666,6.095381736755371,6.099854469299316,6.110166072845459,6.122377872467041
5.600339889526367,5.592342853546143,5.5774407386779785,5.568915843963623,5.569061279296875,null,null,null,null,null,null,null,null,null,null,null,null,5.769084930419922,5.770137786865234,5.770431995391846,5.770909309387207,5.773658275604248,5.776895999908447,5.778711795806885,5.783088684082031,5.791895866394043,5.798899173736572,5.8052659034729,5.8128767013549805,5.821621417999268,5.834922790527344,5.849466800689697,5.861453056335449,5.867740631103516,5.873974800109863,5.887727737426758,5.908255100250244,5.922158241271973,5.9311347007751465,5.941038131713867,5.9506683349609375,5.96176290512085,5.9738383293151855,5.981222152709961,5.9859795570373535,5.99555778503418,6.007053375244141,6.01338529586792,6.014645099639893,6.014442443847656,6.012052059173584
5.5853400230407715,5.57098388671875,5.547964096069336,5.533908843994141,5.533491611480713,5.536600112915039,5.539957046508789,null,null,null,null,null,null,null,null,null,null,null,null,null,5.767171382904053,5.768298149108887,5.770010471343994,5.770679473876953,5.775581359863281,5.783824920654297,5.789002895355225,5.79296875,5.800491809844971,5.807559013366699,5.816361427307129,5.831553936004639,5.846360683441162,5.858736991882324,5.864014148712158,5.869197368621826,5.8809967041015625,5.896354675292969,5.906407833099365,5.912806510925293,5.9166579246521,5.920891284942627,5.927281856536865,5.93169641494751,5.936630725860596,5.944615364074707,5.948777198791504,5.949192047119141,5.94761323928833,5.943215847015381,5.93984842300415
5.565890312194824,5.5493855476379395,5.5253071784973145,5.509731769561768,5.509666442871094,null,null,null,null,null,null,null,null,null,null,null,null,null,null,null,null,null,null,null,5.77031946182251,5.776625633239746,5.778679370880127,5.779110431671143,5.781851291656494,5.785449981689453,5.791891098022461,5.802951335906982,5.820111274719238,5.835236549377441,5.844382286071777,5.847175598144531,5.851441383361816,5.8588175773620605,5.868101119995117,5.877268314361572,5.882891654968262,5.888463973999023,5.89538049697876,5.8989577293396,5.900824069976807,5.904002666473389,5.905651092529297,5.90347957611084,5.89750862121582,5.889040470123291,5.8884148597717285
5.5480217933654785,5.5372395515441895,5.522018909454346,null,null,null,null,null,null,null,null,null,null,null,null,null,null,null,null,null,null,null,null,null,null,null,5.764445781707764,5.762821197509766,5.762726783752441,5.763899326324463,5.766440391540527,5.771717548370361,5.782652854919434,5.79893159866333,5.808708190917969,5.812379360198975,5.81454610824585,5.817760944366455,5.823267459869385,5.830707550048828,5.836764812469482,5.8452911376953125,5.857802391052246,5.863577842712402,5.862178325653076,5.861263275146484,5.861965179443359,5.860217094421387,5.853014945983887,5.846943378448486,5.846331596374512
null,null,null,null,null,null,null,null,null,null,null,null,null,null,null,null,null,null,null,null,null,null,null,null,null,null,5.748424530029297,5.748168468475342,5.748947620391846,5.750874996185303,5.752807140350342,5.753602027893066,5.759243488311768,5.771166801452637,5.781278610229492,5.7829484939575195,5.783019542694092,5.785675525665283,5.789936065673828,5.794256687164307,5.79790735244751,5.804663181304932,5.812762260437012,5.81690788269043,5.816658020019531,5.816987991333008,5.819205284118652,5.820760250091553,5.819227695465088,5.8172125816345215,5.815183162689209
null,null,null,null,null,null,null,null,null,null,null,null,null,null,null,null,null,null,null,null,null,null,null,null,null,null,5.740072727203369,5.739993095397949,5.740639686584473,null,null,null,null,null,null,5.771647930145264,5.772841453552246,5.7763142585754395,5.779488563537598,5.781713962554932,5.783825874328613,5.785654544830322,5.787634372711182,5.78936767578125,5.790628433227539,5.792128086090088,5.793938159942627,5.795705795288086,5.796693325042725,5.796512603759766,5.795139312744141
null,null,null,null,null,null,null,null,null,null,null,null,null,null,null,null,null,null,null,null,null,null,null,null,null,null,null,null,null,null,null,null,null,null,null,null,null,5.782046794891357,5.783479690551758,5.783308029174805,5.786266803741455,5.791079044342041,5.794343948364258,5.796047687530518,5.795433521270752,5.792989730834961,5.790801048278809,5.789596080780029,5.788751602172852,5.788472652435303,5.788291931152344
null,null,null,null,null,null,null,null,null,null,null,null,null,null,null,null,null,null,null,null,null,null,null,null,null,null,null,null,null,null,null,null,null,null,null,null,null,null,null,null,null,5.820876598358154,5.821862697601318,5.822714328765869,5.815919399261475,5.802678108215332,5.7941670417785645,5.791757583618164,5.79047966003418,5.790358066558838,5.790285110473633
null,null,null,null,null,6.0509114265441895,6.047003269195557,6.047003269195557,6.047003269195557,6.047003269195557,6.047003269195557,6.047003269195557,6.047003269195557,6.042224407196045,6.03425931930542,6.027690410614014,null,null,5.998496055603027,5.996832847595215,5.99263858795166,5.985647678375244,5.9814534187316895,5.9814534187316895,5.9814534187316895,5.9814534187316895,5.9814534187316895,5.9814534187316895,5.980158805847168,null,null,null,null,null,null,null,null,5.867660045623779,5.865538597106934,5.865538597106934,5.861949443817139,5.857194900512695,5.849038600921631,5.839293956756592,5.824676036834717,5.807772636413574,5.79827880859375,5.797074317932129,5.796351432800293,5.796351432800293,5.796351432800293
6.144113540649414,6.11570930480957,6.101507186889648,6.101507186889648,6.093005657196045,6.075796127319336,6.062882423400879,6.058161735534668,6.058161735534668,6.058161735534668,6.058161735534668,6.0534796714782715,6.045676231384277,6.035114765167236,6.023357391357422,6.015839099884033,6.0124640464782715,6.007999420166016,6.005458831787109,6.004225254058838,5.999065399169922,5.98874568939209,5.983585834503174,5.977482795715332,5.967310905456543,5.961207866668701,5.961207866668701,5.961207866668701,5.959132671356201,5.954860210418701,5.949409008026123,5.933696269989014,5.90894889831543,5.897688388824463,5.895405292510986,5.891600131988525,5.8862457275390625,5.875195503234863,5.862913608551025,5.856431007385254,5.856431007385254,5.856431007385254,5.846686363220215,5.8271965980529785,5.813338279724121,5.806483268737793,5.802370548248291,5.802370548248291,5.802370548248291,5.802370548248291,5.795768737792969
