earth/public/data/ocean/C53/ANN-votemper-depthz-3000m-gfs-1.0.json
{"header": {"discipline": 0, "disciplineName": "Meteorological products", "gribEdition": 2, "gribLength": 131138.0, "center": 0, "centerName": "Kiel Climate Model", "subcenter": 0, "refTime": "1", "significanceOfRT": 1, "significanceOfRTName": "Start of forecast", "productStatus": 0, "productStatusName": "Operational products", "productType": 1, "productTypeName": "Forecast products", "productDefinitionTemplate": 0, "productDefinitionTemplateName": "Analysis/forecast at horizontal level/layer at a point in time", "parameterCategory": 2, "parameterCategoryName": "Momentum", "parameterNumber": 2, "parameterNumberName": "U-component_of_wind", "parameterUnit": "C", "genProcessType": 2, "genProcessTypeName": "Forecast", "forecastTime": 0, "surface1Type": 103, "surface1TypeName": "Specified height level above ground", "surface1Value": 10, "surface2Type": 255, "surface2TypeName": "Missing", "surface2Value": 0, "gridDefinitionTemplate": 0, "gridDefinitionTemplateName": "Latitude_Longitude", "numberPoints": 65160, "shape": 6, "shapeName": "Earth spherical with radius of 6,371,229.0 m", "gridUnits": "degrees", "resolution": 48, "winds": "true", "scanMode": 0, "nx": 360.0, "ny": 180.0, "basicAngle": 0, "subDivisions": 0, "lo1": 0.0, "la1": -89.5, "lo2": 359.0, "la2": 89.5, "dx": 1.0, "dy": -1.0}, "data":
[rows 115 to 137 of 180, columns 0 to 50 of 360]
null,null,null,null,null,null,null,null,null,null,null,null,null,null,null,null,null,null,null,null,null,null,null,null,null,null,null,null,null,7.15342903137207,7.15230131149292,7.150475978851318,7.150090217590332,7.151189804077148,7.152707576751709,7.154465198516846,7.15521240234375,7.154562950134277,7.1536455154418945,7.1528167724609375,7.152066230773926,7.150847434997559,7.149571418762207,7.148769378662109,7.147599220275879,7.144974231719971,7.141808986663818,7.137753009796143,7.131984233856201,7.125313758850098,7.117528915405273
null,null,null,null,null,null,null,null,null,null,null,null,null,null,null,null,null,null,null,null,null,null,null,null,null,7.177274227142334,7.171541690826416,7.160793781280518,7.155185699462891,7.155420780181885,7.1548333168029785,7.153658390045166,7.153535842895508,7.154511451721191,7.154943943023682,7.154656887054443,7.154390811920166,7.153189659118652,7.151251792907715,7.1498212814331055,7.1488728523254395,7.147014141082764,7.144478797912598,7.143101215362549,7.142637252807617,7.139954090118408,7.135401725769043,7.128507137298584,7.119317531585693,7.111134052276611,7.104066848754883
null,null,null,null,null,null,null,null,null,null,null,null,null,null,null,null,null,null,null,null,null,null,null,null,null,7.179152488708496,7.172413349151611,7.163570404052734,7.158905982971191,7.159158706665039,7.158233642578125,7.156434535980225,7.155611515045166,7.156044960021973,7.155099868774414,7.1530585289001465,7.151297092437744,7.149137020111084,7.14645528793335,7.144679546356201,7.143525123596191,7.141328811645508,7.138476371765137,7.13694429397583,7.136978626251221,7.135012626647949,7.131270408630371,7.124640464782715,7.113983154296875,7.1022491455078125,7.095832824707031
null,null,null,null,null,null,null,null,null,null,null,null,null,null,null,null,null,null,null,null,null,null,null,7.19941520690918,7.193649768829346,7.182833194732666,7.173685550689697,7.167637348175049,7.170361518859863,7.178330898284912,7.176706790924072,7.1647772789001465,7.155932426452637,7.15556001663208,7.153703689575195,7.150389671325684,7.145620346069336,7.1405558586120605,7.137437343597412,7.135319232940674,7.132750988006592,7.129779815673828,7.1270976066589355,7.12584924697876,7.126304626464844,7.126585006713867,7.126652717590332,7.123649597167969,null,null,7.095944881439209
null,null,null,null,null,null,null,null,null,null,null,null,null,null,null,null,null,null,null,null,null,null,null,7.19941520690918,7.196823596954346,null,null,null,null,7.214108943939209,7.212998390197754,null,null,null,null,null,null,7.130631446838379,7.129152297973633,7.126394748687744,7.1214141845703125,7.116998672485352,7.11381196975708,7.112658500671387,7.113737106323242,7.116205215454102,7.119733810424805,7.11898946762085,7.113086700439453,7.10463285446167,7.098403453826904
10.61145305633545,null,null,null,null,null,null,null,null,null,null,null,null,null,null,null,null,null,null,null,null,null,null,null,null,null,null,null,null,7.236514568328857,7.236514568328857,null,null,null,null,null,null,7.126434326171875,7.12446403503418,7.1194000244140625,7.112356662750244,7.106309413909912,7.102465629577637,7.100391864776611,7.100593566894531,7.103808879852295,7.109458923339844,7.111745357513428,7.109896659851074,7.1065449714660645,7.10085916519165
10.603265762329102,10.593679428100586,10.582234382629395,10.573383331298828,10.567869186401367,10.566380500793457,10.56558609008789,null,null,null,null,null,null,null,null,null,null,null,null,null,null,null,null,null,null,null,null,null,null,null,null,null,null,null,null,null,7.13115119934082,7.126978874206543,7.120548725128174,7.112318992614746,7.103424549102783,7.096187591552734,7.091815948486328,7.088325500488281,7.0862226486206055,7.089370250701904,7.0971903800964355,7.103390693664551,7.1072001457214355,7.108078479766846,null
10.594013214111328,10.586586952209473,10.576931953430176,10.566911697387695,10.558449745178223,10.553518295288086,10.545448303222656,null,null,null,null,null,null,null,null,null,null,null,null,null,null,null,null,null,null,null,null,null,null,null,null,null,null,null,null,null,7.13183069229126,7.127172470092773,7.118437767028809,7.108457565307617,7.0984787940979,7.087662220001221,7.079967498779297,7.074402809143066,7.070700645446777,7.07420015335083,7.086559772491455,7.1005353927612305,7.1080851554870605,7.111923694610596,null
10.585600852966309,10.578394889831543,10.567538261413574,10.554898262023926,10.541659355163574,10.529796600341797,10.51633071899414,10.50075626373291,10.498125076293945,10.514090538024902,10.522605895996094,null,null,null,null,null,null,null,null,null,null,null,null,null,null,null,null,null,null,null,null,null,null,null,null,null,null,null,null,null,null,null,7.061461925506592,7.055761814117432,7.0509161949157715,7.051492214202881,null,null,7.1133036613464355,7.12282133102417,7.124358177185059
10.581037521362305,10.57382583618164,10.562418937683105,10.548243522644043,10.528498649597168,10.510982513427734,10.497541427612305,10.48729419708252,10.488524436950684,10.501382827758789,10.508522033691406,null,null,null,null,null,null,null,null,null,null,null,null,null,null,null,null,null,null,null,null,null,null,null,null,null,null,null,null,null,null,null,7.041580677032471,7.038486003875732,7.032692909240723,7.031886577606201,7.035080909729004,7.060500144958496,7.107447147369385,7.133542060852051,7.13259744644165
null,null,null,null,null,10.500638008117676,10.484455108642578,10.468491554260254,10.466813087463379,10.476126670837402,10.481303215026855,null,null,null,null,null,null,null,null,null,null,null,null,null,null,null,null,null,null,null,null,null,null,null,null,null,null,null,null,null,null,null,7.024784564971924,7.023317813873291,7.020654201507568,7.023109436035156,7.0266242027282715,7.0350494384765625,null,null,null
null,null,null,null,null,null,null,10.447184562683105,10.44909954071045,10.45988655090332,10.4656982421875,null,null,null,null,null,null,null,null,null,null,null,null,null,null,null,null,null,null,null,null,null,null,null,null,null,null,null,null,null,null,null,7.007242679595947,7.007684707641602,7.008527755737305,7.010199546813965,7.011058807373047,7.010061264038086,null,null,null
null,null,null,null,null,null,null,10.434480667114258,10.442448616027832,10.45688533782959,10.464895248413086,null,null,null,null,null,null,null,null,null,null,null,null,null,null,null,null,null,null,null,null,null,null,null,null,null,null,null,null,null,null,null,null,null,6.994087219238281,6.993316650390625,6.99155855178833,6.9876556396484375,null,null,null
null,null,null,null,null,null,null,10.42957878112793,10.43869686126709,10.455877304077148,10.46490478515625,null,null,null,null,null,null,null,null,null,null,null,null,null,null,null,null,null,null,null,null,null,null,null,null,null,null,null,null,null,null,null,null,null,6.984652042388916,6.982314586639404,6.97750997543335,6.971705913543701,6.963573455810547,6.996701240539551,7.075778484344482
null,null,null,null,null,null,null,null,null,null,null,null,null,null,null,null,null,null,null,null,null,null,null,null,null,null,null,null,null,null,null,null,null,null,null,null,null,null,null,null,null,null,null,null,null,null,null,null,null,null,null
null,null,null,null,null,null,null,null,null,null,null,null,null,null,null,null,null,null,null,null,null,null,null,null,null,null,null,null,null,null,null,null,null,null,null,null,null,null,null,null,null,null,null,null,null,null,null,null,null,null,null
null,null,null,null,null,null,null,null,null,null,null,null,null,null,null,null,null,null,null,null,null,null,null,null,null,null,null,null,null,null,null,null,null,null,null,null,null,null,null,null,null,null,null,null,null,null,null,null,null,null,null
null,null,null,null,null,null,null,null,null,null,null,null,null,null,null,null,null,null,null,null,null,null,null,null,null,null,null,null,null,null,null,null,null,null,null,null,null,null,null,null,null,null,null,null,null,null,null,null,null,null,null
null,null,null,null,null,null,null,null,null,null,null,null,null,null,null,null,null,null,null,null,null,null,null,null,null,null,null,null,null,null,null,null,null,null,null,null,null,null,null,null,null,null,null,null,null,null,null,null,null,null,null
null,null,null,null,null,null,null,null,null,null,null,null,null,null,null,null,null,null,null,null,null,null,null,null,null,null,null,null,null,null,null,null,null,null,null,null,null,null,null,null,null,null,null,null,null,null,null,null,null,null,null
null,null,null,null,null,null,null,null,null,null,null,null,null,null,null,null,null,null,null,null,null,null,null,null,null,null,null,null,null,null,null,null,null,null,null,null,null,null,null,null,null,null,null,null,null,null,null,null,null,null,null
null,null,null,null,null,null,null,null,null,null,null,null,null,null,null,null,null,null,null,null,null,null,null,null,null,null,null,null,null,null,null,null,null,null,null,null,null,null,null,null,null,null,null,null,null,null,null,null,null,null,null
null,null,null,null,null,null,null,null,null,null,null,null,null,null,null,null,null,null,null,null,null,null,null,null,null,null,null,null,null,null,null,null,null,null,null,null,null,null,null,null,null,null,null,null,null,null,null,null,null,null,null
