earth/public/data/ocean/C53/ANN-ocevel-depthz-3000m-gfs-1.0.json
{"header": {"discipline": 0, "disciplineName": "Meteorological products", "gribEdition": 2, "gribLength": 131138.0, "center": 0, "centerName": "Kiel Climate Model", "subcenter": 0, "refTime": "1", "significanceOfRT": 1, "significanceOfRTName": "Start of forecast", "productStatus": 0, "productStatusName": "Operational products", "productType": 1, "productTypeName": "Forecast products", "productDefinitionTemplate": 0, "productDefinitionTemplateName": "Analysis/forecast at horizontal level/layer at a point in time", "parameterCategory": 2, "parameterCategoryName": "Momentum", "parameterNumber": 2, "parameterNumberName": "U-component_of_wind", "parameterUnit": "m/s", "genProcessType": 2, "genProcessTypeName": "Forecast", "forecastTime": 0, "surface1Type": 103, "surface1TypeName": "Specified height level above ground", "surface1Value": 10, "surface2Type": 255, "surface2TypeName": "Missing", "surface2Value": 0, "gridDefinitionTemplate": 0, "gridDefinitionTemplateName": "Latitude_Longitude", "numberPoints": 65160, "shape": 6, "shapeName": "Earth spherical with radius of 6,371,229.0 m", "gridUnits": "degrees", "resolution": 48, "winds": "true", "scanMode": 0, "nx": 360.0, "ny": 180.0, "basicAngle": 0, "subDivisions": 0, "lo1": 0.0, "la1": -89.5, "lo2": 359.0, "la2": 89.5, "dx": 1.0, "dy": -1.0}, "data":
[rows 63 to 83 of 180, columns 188 to 234 of 360]
0.002129355212673545,0.0021083257161080837,0.002085763728246093,0.0020587940234690905,0.0020624196622520685,0.0020991195924580097,0.00213551870547235,0.0021589535754173994,0.0022355453111231327,0.002348552690818906,0.002440396463498473,0.0024948231875896454,0.0025071967393159866,0.00247390428557992,0.002390942070633173,0.002272780751809478,0.00215681130066514,0.0020646865013986826,0.0019489533733576536,0.0018309259321540594,0.001693903235718608,0.0015638862969353795,0.0014285133220255375,0.0013143288670107722,0.001225869171321392,0.0011813387973234057,0.0011517354287207127,0.001142233144491911,0.0011036250507459044,0.001038536662235856,0.0009789186296984553,0.0009314797352999449,0.0008775619789958,0.0008267220691777766,0.0007610967149958014,0.0006926208734512329,0.000733997265342623,0.0008786464459262788,0.0009985044598579407,0.0010743103921413422,0.0011362701188772917,0.001173459691926837,0.0012026268523186445,0.0012173672439530492,0.0012302371906116605,0.0012387491296976805,0.0012524098856374621
0.0016028961399570107,0.001864793710410595,0.001918976427987218,0.001762569765560329,0.0017316779121756554,0.001828779699280858,0.0019316808320581913,0.0020277174189686775,0.0021352795884013176,0.00223762565292418,0.002324564615264535,0.002379843033850193,0.0024072115775197744,0.0024030571803450584,0.002326847519725561,0.002193052787333727,0.0020708462689071894,0.001981880748644471,0.0018631626153364778,0.001736005418933928,0.0015870160423219204,0.0014421953819692135,0.0012855796376243234,0.0011437134817242622,0.0010319248540326953,0.0009684182005003095,0.0009411065839231014,0.0009551641414873302,0.0009648911072872579,0.0009729130542837083,0.0009587335516698658,0.0009290615562349558,0.0008778543560765684,0.0008146687177941203,0.0007490085554309189,0.0006928088841959834,0.0007238066755235195,0.0008354224264621735,0.0009274365729652345,0.0009805881418287754,0.0010387947550043464,0.0010911322897300124,0.0011324122315272689,0.0011562302242964506,0.001170724630355835,0.0011734077706933022,0.0011793565936386585
0.0015097479335963726,0.0015860635321587324,0.0015543687622994184,0.0014404148096218705,0.0014303956413641572,0.0015198324108496308,0.0016388832591474056,0.0017695011338219047,0.0019207955338060856,0.0020614478271454573,0.002167176455259323,0.0022154655307531357,0.0022527885157614946,0.0022722147405147552,0.002221765462309122,0.002107324544340372,0.001993520651012659,0.001899205381050706,0.0017830515280365944,0.0016655180370435119,0.001531217247247696,0.0014012540923431516,0.0012620132183656096,0.0011342474026605487,0.0010212708730250597,0.0009416841203346848,0.0009051415254361928,0.0009198942570947111,0.0009532480034977198,0.0009999527828767896,0.0010154523188248277,0.0009965625358745456,0.0009652134613133967,0.0009243424283340573,0.0008678598678670824,0.0008046415750868618,0.0008084725122898817,0.0008818288333714008,0.0009315026109106839,0.0009523461922071874,0.0009828833863139153,0.0010214131325483322,0.0010523106902837753,0.0010726324981078506,0.0010820620227605104,0.0010797999566420913,0.0010826375801116228
0.001883717835880816,0.0013059425400570035,0.0010543735697865486,0.0011547621106728911,0.0012140482431277633,0.0012277530040591955,0.001307218219153583,0.0014343967195600271,0.0016276080859825015,0.0018555335700511932,0.0019974836613982916,0.00203094189055264,0.002069860929623246,0.002107309876009822,0.0020930427126586437,0.002032942371442914,0.0019393794937059283,0.0018312057945877314,0.0017223110189661384,0.0016331543447449803,0.0015353013295680285,0.0014498570235446095,0.0013608168810606003,0.0012889336794614792,0.00119730643928051,0.001104535534977913,0.0010503161465749145,0.0010428994428366423,0.0010672961361706257,0.0011182562448084354,0.0011377822374925017,0.001122690038755536,0.0011217271676287055,0.001137831131927669,0.0010966792469844222,0.0010071477154269814,0.0009760792017914355,0.001005950034596026,0.0010129003785550594,0.0009917825227603316,0.0009799572871997952,0.0009757233201526105,0.0009772040648385882,0.0009814559016376734,0.0009808196919038892,0.0009744958369992673,0.0009798600804060698
0.0028045354411005974,0.0018727101851254702,0.00124384555965662,0.0010694580851122737,0.0009610828710719943,0.0009701281669549644,0.0010512069566175342,0.0011857342906296253,0.0013562309322878718,0.0015389497857540846,0.001693824422545731,0.0017940303077921271,0.0018810093170031905,0.0019318104023113847,0.001968072960153222,0.0019788367208093405,0.0019334964454174042,0.0018348294543102384,0.0017527053132653236,0.0016986593836918473,0.001637770445086062,0.0015788220334798098,0.0015358489472419024,0.001514248549938202,0.0014561028219759464,0.0013688516337424517,0.001310671796090901,0.0012911343947052956,0.0013012950075790286,0.0013406489742919803,0.0013411908876150846,0.0013060645433142781,0.0013061834033578634,0.0013441243208944798,0.0013182200491428375,0.0012322637485340238,0.0011759280459955335,0.0011601111618801951,0.001136212726123631,0.0011093678185716271,0.0010830244282260537,0.0010603207629173994,0.001044434611685574,0.0010382116306573153,0.0010240403935313225,0.001005633152090013,0.0009989439276978374
0.004286141600459814,0.0035798458848148584,0.0027699058409780264,0.0019318790873512626,0.0013231264892965555,0.0010456020245328546,0.0009624427766539156,0.0011239019222557545,0.0012135020224377513,0.0012078700819984078,0.0012976680882275105,0.0014728704700246453,0.0016054284060373902,0.0016833656700327992,0.0017805874813348055,0.0018818257376551628,0.001918934634886682,0.001887251972220838,0.0018778088269755244,0.0018903666641563177,0.00187709741294384,0.0018392978236079216,0.001829266082495451,0.001850278116762638,0.0018338024383410811,0.001784873427823186,0.0017461609095335007,0.001724438974633813,0.0017176722176373005,0.0017260751919820905,0.001689524156972766,0.0016116384649649262,0.001571508590131998,0.0015755998902022839,0.001550818677060306,0.001503944513387978,0.0014481168473139405,0.0013916606549173594,0.0013544786488637328,0.0013432372361421585,0.0013259263942018151,0.001308729057200253,0.0012955096317455173,0.0012883821036666632,0.001276263501495123,0.0012580177281051874,0.001249363413080573
0.005263444501906633,0.0050892215222120285,0.0044137039221823215,0.0033942407462745905,0.0023235161788761616,0.001373232458718121,0.0009712501196190715,0.0011593669187277555,0.0011992325307801366,0.0010834288550540805,0.001080425106920302,0.0011831317096948624,0.0013079170603305101,0.0014271042309701443,0.001574688358232379,0.0017257941653952003,0.0018361801048740745,0.001889157691039145,0.001961000496521592,0.0020439981017261744,0.002083259169012308,0.0020750481635332108,0.002091568661853671,0.0021307815331965685,0.002147005870938301,0.0021383853163570166,0.0021203039214015007,0.0020973209757357836,0.002078096382319927,0.00206579826772213,0.0020054704509675503,0.0019078650511801243,0.0018311429303139448,0.0017874859040603042,0.0017538226675242186,0.0017349165864288807,0.0016876294976100326,0.0016217287629842758,0.0015716784400865436,0.0015458827838301659,0.0015242497902363539,0.0015093289548531175,0.0015000503044575453,0.001498433412052691,0.0015030612703412771,0.0015152964042499661,0.0015274900943040848
0.004818895366042852,0.005183391738682985,0.00511257816106081,0.004562234506011009,0.0036582453176379204,0.0025167344138026237,0.0018085817573592067,0.0016776422271504998,0.00152037781663239,0.0013950802385807037,0.0012994178105145693,0.0012571871047839522,0.0012901566224172711,0.0014012547908350825,0.0015249013667926192,0.0016442002961412072,0.0017589154886081815,0.001850915257818997,0.001957995118573308,0.0020606990437954664,0.0021333463955670595,0.002161073498427868,0.0021859232801944017,0.002203079406172037,0.00221842504106462,0.0022303962614387274,0.002218665089458227,0.002185673685744405,0.0021523938048630953,0.0021266788244247437,0.0020540342666208744,0.0019493182189762592,0.0018538912991061807,0.0017861704109236598,0.001742781139910221,0.0017317287856712937,0.0017177214613184333,0.0016994334291666746,0.001676499960012734,0.0016482864739373326,0.0016251716297119856,0.001610199105925858,0.0016035794978961349,0.0016064462251961231,0.0016237219097092748,0.0016525533283129334,0.0016786674968898296
0.003715833881869912,0.004598692059516907,0.005155923310667276,0.0053433082066476345,0.00496993912383914,0.0041519394144415855,0.003277691313996911,0.0024910499341785908,0.0020071049220860004,0.0018841482233256102,0.0017180482391268015,0.0015326016582548618,0.0014674195554107428,0.0015254303580150008,0.0015876395627856255,0.001637150882743299,0.0017218822613358498,0.0018237022450193763,0.001930639729835093,0.002023238455876708,0.0021140954922884703,0.002188346581533551,0.0022164720576256514,0.0021936562843620777,0.002195509383454919,0.002220467897132039,0.002205334370955825,0.0021525509655475616,0.0020994418300688267,0.0020538598764687777,0.0019630647730082273,0.0018419140251353383,0.001734754885546863,0.0016600039089098573,0.0016153354663401842,0.0016087545081973076,0.0016373454127460718,0.00169978232588619,0.0017296973383054137,0.0017264557536691427,0.0017160929273813963,0.0017016521887853742,0.0016958069754764438,0.0016996904741972685,0.0017138042021542788,0.001735294470563531,0.001750192022882402
0.0027484316378831863,0.0035687978379428387,0.004396358970552683,0.005096786189824343,0.005305334459990263,0.00494415545836091,0.004372729919850826,0.0036339713260531425,0.002989507745951414,0.0025511367712169886,0.0021060288418084383,0.001770983450114727,0.0016021026531234384,0.001636881148442626,0.0016424688510596752,0.001620843424461782,0.0016624535201117396,0.001763541135005653,0.0018454404780641198,0.001897041336633265,0.001995818456634879,0.002124267863109708,0.0021744868718087673,0.0021342954132705927,0.002125953556969762,0.002151296241208911,0.002129077212885022,0.0020641006994992495,0.00200062757357955,0.0019499664194881916,0.001851347042247653,0.0017222358146682382,0.0016062372596934438,0.0015247146366164088,0.0014627837808802724,0.0014342039357870817,0.0014655112754553556,0.0015544744674116373,0.0016151700401678681,0.001636702916584909,0.0016418242594227195,0.0016284160083159804,0.0016174035845324397,0.0016116427723318338,0.0016205348074436188,0.0016429668758064508,0.0016515079187229276
0.0020982609130442142,0.0022752820514142513,0.002925348235294223,0.003914129454642534,0.004561921115964651,0.004790872801095247,0.004890246782451868,0.004902955610305071,0.004317641258239746,0.0032461010850965977,0.0024064178578555584,0.0019153904868289828,0.00167183019220829,0.0017132313223555684,0.0016858873423188925,0.00159177603200078,0.0015915008261799812,0.0016813037218526006,0.0017216154374182224,0.0017013256438076496,0.0017950936453416944,0.0019854153506457806,0.0020691808313131332,0.002034209668636322,0.002022368600592017,0.0020354927983134985,0.002004867186769843,0.001935295877046883,0.0018743794644251466,0.0018334259511902928,0.0017399173229932785,0.0016113194869831204,0.001492320909164846,0.0014042849652469158,0.0013148627476766706,0.0012378136161714792,0.001231050118803978,0.0012923410395160317,0.0013514889869838953,0.0013975988840684295,0.0014157752739265561,0.0014038999797776341,0.0013835013378411531,0.001357434899546206,0.0013607864966616035,0.0013924429658800364,0.0014016063651069999
0.0016353902174159884,0.001555941067636013,0.001975506078451872,0.0028365894686430693,0.00354749639518559,0.004009339492768049,0.004488558974117041,0.004901453386992216,0.004531933926045895,0.003419866319745779,0.0025065273512154818,0.0019332680385559797,0.0016202200204133987,0.0016280405689030886,0.0015812477795407176,0.0014883022522553802,0.0014738318277522922,0.0015388105530291796,0.0015495643019676208,0.0015048355562612414,0.0015863184817135334,0.001780604012310505,0.0018712428864091635,0.0018437635153532028,0.001825160114094615,0.0018195214215666056,0.0017726576188579202,0.0016947851981967688,0.001627799472771585,0.0015850315103307366,0.0014949017204344273,0.0013737499248236418,0.0012577740708366036,0.0011673299595713615,0.001057840883731842,0.0009497554274275899,0.000895850476808846,0.0009096087887883186,0.0009425637545064092,0.0009925516787916422,0.001024880912154913,0.0010327160125598311,0.0010115893092006445,0.0009645990212447941,0.0009484911570325494,0.000968639156781137,0.0009712475002743304
0.001467293594032526,0.0015182490460574627,0.0017311407718807459,0.0020484726410359144,0.0024253297597169876,0.0027628245297819376,0.0032043210230767727,0.0036661182530224323,0.0035971072502434254,0.0030371546745300293,0.0023956317454576492,0.0018138898303732276,0.001459708670154214,0.0013937456533312798,0.0013474696315824986,0.0013293414376676083,0.001333097810856998,0.0013597126817330718,0.0013627908192574978,0.0013410750543698668,0.001407091855071485,0.0015474322717636824,0.0016159804072231054,0.0015982647892087698,0.0015718896174803376,0.0015409437473863363,0.001475422759540379,0.0013855432625859976,0.0013058854965493083,0.001249780529178679,0.0011601715814322233,0.0010533987078815699,0.0009454606333747506,0.0008567132172174752,0.0007412709528580308,0.0006195821915753186,0.000525179086253047,0.0004715442191809416,0.0004623920249287039,0.0004955586045980453,0.000538421212695539,0.0005841441452503204,0.000571190204937011,0.0005026576691307127,0.00045965792378410697,0.00044756443821825087,0.0004386254004202783
0.0013434176798909903,0.001445678761228919,0.0015204941155388951,0.0015563932247459888,0.0016585092525929213,0.0018195348093286157,0.0021286129485815763,0.0025461814366281033,0.002734981244429946,0.0026489421725273132,0.0023407642729580402,0.001840683864429593,0.0014940006658434868,0.001358872395940125,0.0012398746330291033,0.0011697086738422513,0.0011209675576537848,0.001112124533392489,0.0010839465539902449,0.0010455948067829013,0.0010835450375452638,0.0011937434319406748,0.0012569454265758395,0.0012604612857103348,0.0012347428128123283,0.0011836601188406348,0.001101067871786654,0.0010028734104707837,0.0008985659223981202,0.0008096931269392371,0.0007113526808097959,0.0006227949634194374,0.0005209817318245769,0.00042422718252055347,0.0003037966671399772,0.00018180125334765762,5.513903670362197e-05,-5.195437915972434e-05,-0.00010923205263679847,-0.00010281605500495061,-7.174349593697116e-05,-1.8920001821243204e-05,-3.1387058697873726e-05,-0.00010620871762512252,-0.0001765245251590386,-0.00022785569308325648,-0.0002659534802660346
0.0013164863921701908,0.0014067325973883271,0.001492894720286131,0.0015519018052145839,0.0015874216333031654,0.0015730615705251694,0.001655972097069025,0.0018109888769686222,0.0020011032465845346,0.0022228648886084557,0.002194671193137765,0.001948016113601625,0.001664904528297484,0.001400180160999298,0.0011646802304312587,0.000989366788417101,0.0008809089194983244,0.0008424445404671133,0.0007851793779991567,0.0007131643360480666,0.0006322804838418961,0.0005676484433934093,0.0005500828847289085,0.0005982103757560253,0.0005719147739000618,0.0004782139149028808,0.0003876156115438789,0.00031543077784590423,0.0001914285821840167,3.425146860536188e-05,-8.033120684558526e-05,-0.00013267948816064745,-0.00022929388796910644,-0.0003528697125148028,-0.00047303357860073447,-0.0005685501964762807,-0.0006921681924723089,-0.0008250890532508492,-0.0009170150733552873,-0.0009552195551805198,-0.0009883405873551965,-0.0010079469066113234,-0.001058731460943818,-0.0011274394346401095,-0.00122801901306957,-0.0013421149924397469,-0.0014366203686222434
0.001343760173767805,0.0014516666997224092,0.001581757445819676,0.0017156521789729595,0.0017722871853038669,0.0017500401008874178,0.0016511778812855482,0.0014871309977024794,0.0015416481764987111,0.0017854440957307816,0.001921214279718697,0.001923701143823564,0.0016893373103812337,0.0012622406939044595,0.0009624049416743219,0.0008451361209154129,0.0007499209023080766,0.0007010417175479233,0.0006426773616112769,0.0005877624498680234,0.00034222108661197126,-6.256374763324857e-05,-0.00022880075266584754,-0.00014049954188521951,-0.0001772145478753373,-0.00033370114397257566,-0.00042719522025436163,-0.00044042678200639784,-0.0005669486126862466,-0.000782436050940305,-0.0009080105810426176,-0.0009210175485350192,-0.0010112823219969869,-0.0011619341094046831,-0.001279135700315237,-0.0013411795953288674,-0.0014455723576247692,-0.001570862252265215,-0.001679893466643989,-0.0017523190472275019,-0.001860233722254634,-0.001989169744774699,-0.002095964504405856,-0.0021658914629369974,-0.002297033090144396,-0.002467307960614562,-0.0026163056027144194
0.0013989825965836644,0.0015436253743246198,0.001695446902886033,0.0018288233550265431,0.0019413558766245842,0.0020127897150814533,0.0019439739407971501,0.0017363236984238029,0.0016603838885203004,0.001730354968458414,0.0017703750636428595,0.0017871031304821372,0.0015070459339767694,0.0009895524708554149,0.0004676892713177949,7.077148620737717e-05,-0.0001237132091773674,-5.839259392814711e-05,0.00010163946717511863,0.0002965187595691532,0.00010223087156191468,-0.0004669257323257625,-0.0007325684418901801,-0.0006455716793425381,-0.0007291620713658631,-0.0009624699014239013,-0.001067808480001986,-0.0010239596012979746,-0.001133290003053844,-0.0013772055972367525,-0.001514072297140956,-0.0015174715081229806,-0.001605401048436761,-0.0017617684789001942,-0.0018671751022338867,-0.0019038449972867966,-0.001986564602702856,-0.002101106336340308,-0.0022121041547507048,-0.002298555104061961,-0.0024665931705385447,-0.0026817091275006533,-0.0028341582510620356,-0.0028939954936504364,-0.003033033339306712,-0.003226557746529579,-0.0034016685094684362
0.0013776165433228016,0.0015440811403095722,0.0016648373566567898,0.0017173555679619312,0.0018231243593618274,0.001963389106094837,0.00203360291197896,0.0020295260474085808,0.0020088094752281904,0.0019658037927001715,0.0018779945094138384,0.0017435530899092555,0.0014191839145496488,0.0009480980806984007,0.0005444741109386086,0.00017196687986142933,-2.5174740585498512e-05,-6.940126331755891e-05,-0.00021838259999640286,-0.0003161644272040576,-0.0007181269465945661,-0.0012636492028832436,-0.001521262456662953,-0.0014475499046966434,-0.0015636516036465764,-0.0018586560618132353,-0.0019597928039729595,-0.001854817965067923,-0.0019190630409866571,-0.0021442535798996687,-0.0022721425630152225,-0.002284927759319544,-0.0023620836436748505,-0.002491494407877326,-0.0025684358552098274,-0.0025795274414122105,-0.0026714515406638384,-0.0028239332605153322,-0.0029873158782720566,-0.0031261462718248367,-0.0033546919003129005,-0.0036327820271253586,-0.0037788294721394777,-0.0037731884513050318,-0.0038629332557320595,-0.004037707112729549,-0.004189835395663977
0.0012971204705536366,0.001444355584681034,0.0015365711878985167,0.001555594615638256,0.0016525053652003407,0.0018090012017637491,0.001980727771297097,0.0021390325855463743,0.002214968204498291,0.002203751355409622,0.0020664045587182045,0.0018317584181204438,0.0015324432170018554,0.0012302151881158352,0.0014276481233537197,0.002164145465940237,0.002220842521637678,0.0016237141098827124,0.0005987053737044334,-0.0007659178227186203,-0.001760717248544097,-0.002271330449730158,-0.002505858428776264,-0.0024190652184188366,-0.0025228066369891167,-0.002793694380670786,-0.002863591071218252,-0.002715709153562784,-0.0027198789175599813,-0.0028706516604870558,-0.002965579740703106,-0.0029834872111678123,-0.003041454590857029,-0.003127135569229722,-0.003172933589667082,-0.0031685244757682085,-0.003285321407020092,-0.003504837164655328,-0.0037458923179656267,-0.00397122697904706,-0.004254195373505354,-0.004545922856777906,-0.0046551707200706005,-0.004557393491268158,-0.004571619443595409,-0.004688735585659742,-0.004790548700839281
0.0010785693302750587,0.0011696744477376342,0.0012114276178181171,0.0012024769093841314,0.00128581328317523,0.0014476595679298043,0.0016387056093662977,0.0018238589400425553,0.002019776264205575,0.0021816797088831663,0.002166739199310541,0.001962982816621661,0.001790525740943849,0.0016688383184373379,0.002058609388768673,0.002935129450634122,0.0027689184062182903,0.001660252921283245,0.00019817503925878555,-0.0013833597768098116,-0.002376449992880225,-0.0026673029642552137,-0.002879240084439516,-0.0029745555948466063,-0.003117330837994814,-0.0032711660023778677,-0.0033068975899368525,-0.003219126258045435,-0.003193616634234786,-0.0032348129898309708,-0.0032646760810166597,-0.0032837174367159605,-0.003316575661301613,-0.0033592733088880777,-0.003384936600923538,-0.003389952704310417,-0.0035472875460982323,-0.003824941348284483,-0.004132742993533611,-0.004411183297634125,-0.004679027944803238,-0.004892443306744099,-0.004950483795255423,-0.004845673218369484,-0.004822518210858107,-0.004884365946054459,-0.004900854546576738
0.00041455196333117783,0.00045161330490373075,0.0004561755631584674,0.0004164057900197804,0.00047744036419317126,0.000627894711215049,0.0008244160562753677,0.0010313952807337046,0.0012993697309866548,0.0015931164380162954,0.001812850357964635,0.0019222322152927518,0.0020778225734829903,0.002233322709798813,0.0022392231039702892,0.002029524650424719,0.0013098850613459945,0.00010818186274264008,-0.0012424085289239883,-0.002428211737424135,-0.0031366408802568913,-0.0031039700843393803,-0.003198484657332301,-0.00341858365572989,-0.0035513383336365223,-0.0036019720137119293,-0.0036074260715395212,-0.0035683708265423775,-0.003493387019261718,-0.0034041216131299734,-0.0033483211882412434,-0.003333265893161297,-0.003333680797368288,-0.0033490804489701986,-0.003377852262929082,-0.003411486279219389,-0.0036245204973965883,-0.003978831693530083,-0.004306131973862648,-0.0045534102246165276,-0.004729078151285648,-0.004802187904715538,-0.0048200590535998344,-0.004777321591973305,-0.00471722986549139,-0.004658604506403208,-0.004551528953015804
