earth/public/data/ocean/C53/ANN-vosaline-depthz-0m-gfs-1.0.json
{"header": {"discipline": 0, "disciplineName": "Meteorological products", "gribEdition": 2, "gribLength": 131138.0, "center": 0, "centerName": "Kiel Climate Model", "subcenter": 0, "refTime": "1", "significanceOfRT": 1, "significanceOfRTName": "Start of forecast", "productStatus": 0, "productStatusName": "Operational products", "productType": 1, "productTypeName": "Forecast products", "productDefinitionTemplate": 0, "productDefinitionTemplateName": "Analysis/forecast at horizontal level/layer at a point in time", "parameterCategory": 2, "parameterCategoryName": "Momentum", "parameterNumber": 2, "parameterNumberName": "U-component_of_wind", "parameterUnit": "PSU", "genProcessType": 2, "genProcessTypeName": "Forecast", "forecastTime": 0, "surface1Type": 103, "surface1TypeName": "Specified height level above ground", "surface1Value": 10, "surface2Type": 255, "surface2TypeName": "Missing", "surface2Value": 0, "gridDefinitionTemplate": 0, "gridDefinitionTemplateName": "Latitude_Longitude", "numberPoints": 65160, "shape": 6, "shapeName": "Earth spherical with radius of 6,371,229.0 m", "gridUnits": "degrees", "resolution": 48, "winds": "true", "scanMode": 0, "nx": 360.0, "ny": 180.0, "basicAngle": 0, "subDivisions": 0, "lo1": 0.0, "la1": -89.5, "lo2": 359.0, "la2": 89.5, "dx": 1.0, "dy": -1.0}, "data":
[rows 126 to 146 of 180, columns 144 to 191 of 360]
35.6176872253418,35.60368728637695,35.58754348754883,35.57192611694336,35.5564079284668,35.54370880126953,35.530029296875,35.51781463623047,35.507083892822266,35.49972152709961,35.492637634277344,35.48699951171875,35.482486724853516,35.47968673706055,35.47819900512695,35.47797775268555,35.478782653808594,35.48012161254883,35.482364654541016,35.48479080200195,35.488677978515625,35.493064880371094,35.50015640258789,35.50844955444336,35.51897430419922,35.52959442138672,35.541439056396484,35.55214309692383,35.56245803833008,35.57035446166992,35.57816696166992,35.584381103515625,35.59145736694336,35.59808349609375,35.60554122924805,35.61251449584961,35.61912536621094,35.62425231933594,35.626827239990234,35.62644958496094,35.62396240234375,35.61983108520508,35.6175651550293,35.614830017089844,35.60981750488281,35.60570526123047,35.60316467285156,35.60022735595703
35.6070556640625,35.5965461730957,35.58235549926758,35.566497802734375,35.55071258544922,35.537803649902344,35.523902893066406,35.51152038574219,35.5009765625,35.49408721923828,35.486873626708984,35.48054885864258,35.47462844848633,35.47016525268555,35.46611404418945,35.46328353881836,35.4608268737793,35.45933532714844,35.458351135253906,35.458221435546875,35.4592399597168,35.46140670776367,35.4658088684082,35.47183609008789,35.47945785522461,35.487510681152344,35.49639892578125,35.50474166870117,35.5125732421875,35.51869201660156,35.524723052978516,35.529747009277344,35.53567886352539,35.54159164428711,35.548622131347656,35.555606842041016,35.562416076660156,35.56786346435547,35.570945739746094,35.57109069824219,35.56901550292969,35.56504821777344,35.5628776550293,35.559879302978516,35.55442810058594,35.54945373535156,35.54590606689453,35.54167175292969
35.57395935058594,35.57010269165039,35.559349060058594,35.544620513916016,35.52947235107422,35.5167236328125,35.50406265258789,35.49363327026367,35.485782623291016,35.481781005859375,35.47719192504883,35.47273254394531,35.46835708618164,35.464683532714844,35.46080017089844,35.45719909667969,35.45347213745117,35.45008850097656,35.44698715209961,35.444576263427734,35.44310760498047,35.4427375793457,35.44425964355469,35.44731140136719,35.45146942138672,35.45743179321289,35.46564865112305,35.472904205322266,35.47832107543945,35.48222732543945,35.48629379272461,35.489593505859375,35.493873596191406,35.49820327758789,35.504024505615234,35.51016616821289,35.516395568847656,35.521522521972656,35.52469253540039,35.525333404541016,35.52375030517578,35.5202751159668,35.51835250854492,35.51530838012695,35.50977325439453,35.50419235229492,35.49953079223633,35.49406433105469
35.4815559387207,35.49910354614258,35.51691436767578,35.516014099121094,35.50120162963867,35.489158630371094,35.47844696044922,35.471187591552734,35.466712951660156,35.46609115600586,35.464664459228516,35.462913513183594,35.46086502075195,35.459083557128906,35.456302642822266,35.45317077636719,35.44907760620117,35.44481658935547,35.44029235839844,35.43629837036133,35.432823181152344,35.430423736572266,35.429439544677734,35.429931640625,35.430938720703125,35.43466567993164,35.44227600097656,35.448219299316406,35.45098114013672,35.452796936035156,35.454620361328125,35.45628356933594,35.45856475830078,35.46119689941406,35.46519088745117,35.4699821472168,35.47481155395508,35.47895812988281,35.48145294189453,35.48194885253906,35.48036575317383,35.47703552246094,35.475196838378906,35.4720573425293,35.466365814208984,35.45999526977539,35.45416259765625,35.4470100402832
35.35216522216797,35.39522933959961,35.450496673583984,35.46965789794922,35.464569091796875,35.4579963684082,35.453121185302734,35.45010757446289,35.44935989379883,35.45069885253906,35.45181655883789,35.45235061645508,35.45281219482422,35.45293426513672,35.45210266113281,35.45030975341797,35.447296142578125,35.44349670410156,35.43910217285156,35.43486404418945,35.43069839477539,35.42738723754883,35.425010681152344,35.42409896850586,35.423133850097656,35.42395782470703,35.42629623413086,35.42822265625,35.4278678894043,35.42681121826172,35.42586135864258,35.42517852783203,35.424774169921875,35.42471694946289,35.425724029541016,35.4276237487793,35.4294319152832,35.430850982666016,35.43096923828125,35.429832458496094,35.42679214477539,35.42250061035156,35.420108795166016,35.41630935668945,35.40947723388672,35.401145935058594,35.392948150634766,35.38270950317383
35.28756332397461,35.32612609863281,35.370513916015625,35.39999008178711,35.4094123840332,35.41280746459961,35.41617202758789,35.419551849365234,35.42279815673828,35.42555618286133,35.42889404296875,35.43229675292969,35.43552017211914,35.43803787231445,35.43975830078125,35.44038772583008,35.43941879272461,35.43701171875,35.43352508544922,35.429569244384766,35.424800872802734,35.42146301269531,35.419921875,35.419002532958984,35.416419982910156,35.413875579833984,35.41117477416992,35.40864562988281,35.40523147583008,35.401390075683594,35.39769744873047,35.39467239379883,35.39158630371094,35.388851165771484,35.3868408203125,35.385746002197266,35.38439178466797,35.38282775878906,35.380279541015625,35.37703323364258,35.37208557128906,35.3661994934082,35.362998962402344,35.358211517333984,35.349430084228516,35.338600158691406,35.327510833740234,35.31380844116211
35.29368209838867,35.30757522583008,35.32612609863281,35.34540557861328,35.36036682128906,35.368221282958984,35.37800216674805,35.38783645629883,35.39527893066406,35.39887619018555,35.404029846191406,35.409881591796875,35.415565490722656,35.420162200927734,35.42435073852539,35.42750549316406,35.42868423461914,35.42781066894531,35.42534637451172,35.42180252075195,35.41640853881836,35.41239929199219,35.41114807128906,35.40919876098633,35.40386962890625,35.398685455322266,35.39275360107422,35.38747024536133,35.3808708190918,35.374473571777344,35.36789321899414,35.36261749267578,35.356788635253906,35.35173034667969,35.34678268432617,35.34311294555664,35.338584899902344,35.33430862426758,35.3286247253418,35.322872161865234,35.314937591552734,35.30657196044922,35.30188751220703,35.29542541503906,35.283851623535156,35.269493103027344,35.255313873291016,35.237762451171875
35.30052185058594,35.305694580078125,35.31743240356445,35.33025360107422,35.3413200378418,35.34842300415039,35.35891342163086,35.37125778198242,35.37974166870117,35.383235931396484,35.38888168334961,35.39564514160156,35.402130126953125,35.40715026855469,35.4121208190918,35.41615295410156,35.41811752319336,35.41767501831055,35.41524124145508,35.41132736206055,35.40439987182617,35.39728546142578,35.38947677612305,35.38127136230469,35.36903381347656,35.35668182373047,35.34270095825195,35.32999801635742,35.3155632019043,35.30237579345703,35.288700103759766,35.27733612060547,35.264892578125,35.253929138183594,35.24231719970703,35.232452392578125,35.2209587097168,35.2102165222168,35.19742202758789,35.185184478759766,35.17399215698242,35.16172790527344,35.15095520019531,35.13716506958008,35.11913299560547,35.097957611083984,35.07760238647461,35.053531646728516
35.31148147583008,35.309051513671875,35.3170280456543,35.32907485961914,35.339534759521484,35.346405029296875,35.3535041809082,35.3596305847168,35.36441421508789,35.36711502075195,35.37257385253906,35.37984085083008,35.385520935058594,35.38872146606445,35.3917121887207,35.39421844482422,35.39448547363281,35.3926887512207,35.38762664794922,35.38045120239258,35.36773681640625,35.352149963378906,35.33076858520508,35.308006286621094,35.29522705078125,35.292972564697266,35.28089141845703,35.25873565673828,35.23493576049805,35.21315002441406,35.190975189208984,35.17184066772461,35.151466369628906,35.13298797607422,35.11344528198242,35.0958251953125,35.07611846923828,35.057342529296875,35.036190032958984,35.015933990478516,35.0029182434082,34.989315032958984,34.96812438964844,34.94410705566406,34.918766021728516,34.89030456542969,34.86344909667969,34.832672119140625
null,35.31293869018555,35.312103271484375,35.316070556640625,35.3296012878418,35.350799560546875,35.30680847167969,35.21232223510742,35.15726089477539,35.15951156616211,35.17830276489258,35.208106994628906,35.26436233520508,35.32883071899414,35.36735534667969,35.36679458618164,35.36436462402344,35.36027145385742,35.35155487060547,35.339508056640625,35.31943893432617,35.29444885253906,35.2602424621582,35.22211456298828,35.2022590637207,35.20792007446289,35.18989944458008,35.15636444091797,35.120079040527344,35.0888671875,35.05625915527344,35.02916717529297,34.999752044677734,34.97416305541992,34.94595718383789,34.921016693115234,34.89251708984375,34.86640167236328,34.836673736572266,34.80946350097656,34.794307708740234,34.77864074707031,34.75040054321289,34.71832275390625,34.688629150390625,34.6556510925293,34.625614166259766,34.591552734375
null,34.985111236572266,34.9803352355957,35.26166915893555,35.28173828125,35.33921813964844,35.19442367553711,34.91749572753906,34.80319595336914,34.80620193481445,34.84758377075195,34.92189025878906,35.03392791748047,35.17574691772461,35.25008773803711,35.253353118896484,35.25737762451172,35.26020812988281,35.254852294921875,35.24148178100586,35.21538162231445,35.18165588378906,35.132503509521484,35.07819747924805,35.02652359008789,34.98634719848633,34.93258285522461,34.873817443847656,34.81418991088867,34.764801025390625,34.715518951416016,34.67522048950195,34.63349151611328,34.59762954711914,34.55862045288086,34.52317428588867,34.48418426513672,34.448299407958984,34.40951156616211,34.374332427978516,34.35514831542969,34.33721160888672,34.30429458618164,34.26935958862305,34.23814010620117,34.205299377441406,34.176170349121094,34.144596099853516
null,null,null,null,null,null,null,34.020999908447266,33.78665542602539,33.635101318359375,33.65742111206055,33.85452651977539,34.0789680480957,34.26866149902344,34.42233657836914,34.49506759643555,34.58393096923828,34.66315460205078,34.72785568237305,34.75779724121094,34.76677703857422,34.74687957763672,34.70144271850586,34.63459777832031,34.54965591430664,34.45952224731445,34.36233139038086,34.274017333984375,34.189598083496094,34.12297439575195,34.059932708740234,34.076786041259766,34.13604736328125,34.15800857543945,34.10982131958008,34.066017150878906,34.018455505371094,33.975460052490234,33.93000793457031,33.89018630981445,33.86830520629883,33.84947204589844,33.81529235839844,33.780216217041016,33.75083923339844,33.72093200683594,33.69633865356445,33.67008590698242
null,null,null,null,null,null,null,32.402854919433594,31.95392608642578,31.512178421020508,31.571453094482422,31.889266967773438,32.17821502685547,32.4603385925293,32.71272659301758,32.904945373535156,33.12430953979492,33.341251373291016,33.63648223876953,33.94693374633789,34.13648223876953,34.15873336791992,34.13522720336914,34.073036193847656,33.982177734375,33.87978744506836,33.76752471923828,33.66559600830078,33.57084274291992,33.50044250488281,33.43573760986328,33.49911117553711,33.670650482177734,33.738677978515625,33.69303512573242,33.65149688720703,33.607357025146484,33.567806243896484,33.5273551940918,33.492431640625,33.473487854003906,33.458473205566406,33.4306640625,33.404083251953125,33.382503509521484,33.36262130737305,33.34693908691406,33.33175277709961
null,null,null,null,null,null,null,30.47056770324707,30.042522430419922,29.97056770324707,30.175107955932617,30.443817138671875,30.703632354736328,31.027267456054688,31.32851219177246,31.548677444458008,31.80897331237793,32.104190826416016,32.56194305419922,33.13343048095703,33.46846008300781,33.53760528564453,33.555816650390625,33.516265869140625,33.44479751586914,33.35208511352539,33.250762939453125,33.15740203857422,33.07448959350586,33.015262603759766,32.96466827392578,32.99629592895508,33.074317932128906,33.11513137817383,33.088382720947266,33.06425857543945,33.0396842956543,33.018409729003906,32.998046875,32.98173904418945,32.972900390625,32.967933654785156,32.9587516784668,32.9522705078125,32.949466705322266,32.949363708496094,32.95195388793945,32.95621871948242
null,null,null,null,29.828739166259766,29.6744327545166,29.06007194519043,29.242727279663086,29.4499568939209,29.696306228637695,29.987640380859375,30.219133377075195,30.408519744873047,30.659725189208984,30.900588989257812,31.055383682250977,31.248477935791016,31.497777938842773,31.8497257232666,32.25416564941406,32.54701232910156,32.66289520263672,32.72653579711914,32.72887420654297,32.699180603027344,32.6427116394043,32.58161163330078,32.525856018066406,32.48127746582031,32.455081939697266,32.43764877319336,32.43180465698242,32.43086242675781,32.435001373291016,32.44003677368164,32.445228576660156,32.452186584472656,32.45987319946289,32.47025680541992,32.48169708251953,32.4879150390625,32.49698257446289,32.513633728027344,32.53419876098633,32.55529022216797,32.58003616333008,32.60432434082031,32.63204574584961
null,null,null,null,28.82394027709961,28.91697883605957,29.053625106811523,29.244220733642578,29.474515914916992,29.75282859802246,30.046123504638672,30.32231330871582,30.528724670410156,30.72433853149414,30.856746673583984,30.96160316467285,31.07976722717285,31.200927734375,31.343402862548828,31.516103744506836,31.673500061035156,31.789457321166992,31.867921829223633,31.910171508789062,31.93229866027832,31.93131446838379,31.939542770385742,31.954822540283203,31.968582153320312,31.978633880615234,31.99592399597168,32.0194206237793,32.04728698730469,32.07609176635742,32.10707473754883,32.13601303100586,32.1679573059082,32.19843673706055,32.232337951660156,32.264739990234375,32.28223419189453,32.30122756958008,32.33626174926758,32.375267028808594,32.41206359863281,32.45258712768555,32.4902229309082,32.532142639160156
null,null,null,null,28.9097900390625,29.00092124938965,29.125822067260742,29.29531478881836,29.506914138793945,29.78170394897461,30.080337524414062,30.399757385253906,30.676496505737305,30.889739990234375,30.99687957763672,31.079870223999023,31.117429733276367,31.151796340942383,31.204139709472656,31.275915145874023,31.354171752929688,31.4122257232666,31.470788955688477,31.522615432739258,31.56768035888672,31.609586715698242,31.67039680480957,31.74382781982422,31.80084800720215,31.83376121520996,31.874309539794922,31.91370391845703,31.958276748657227,31.999027252197266,32.04387283325195,32.08396530151367,32.12917709350586,32.17061996459961,32.217044830322266,32.259361267089844,32.282806396484375,32.30670928955078,32.34992599487305,32.397647857666016,32.4407958984375,32.48810577392578,32.530696868896484,32.57818603515625
null,null,null,null,null,null,null,29.394590377807617,29.56998634338379,29.82888412475586,30.091917037963867,30.41459083557129,30.787792205810547,31.100658416748047,31.298477172851562,31.386457443237305,31.351669311523438,31.333911895751953,31.337337493896484,31.34796142578125,31.35823631286621,31.390546798706055,31.445343017578125,31.498592376708984,31.552701950073242,31.608013153076172,31.677719116210938,31.76223373413086,31.84105682373047,31.898351669311523,31.958436965942383,32.011207580566406,32.06653594970703,32.11511993408203,32.16719436645508,32.21403503417969,32.26593017578125,32.31422805786133,32.366905212402344,32.41518020629883,32.44152069091797,32.46738815307617,32.5147705078125,32.565547943115234,32.611114501953125,32.65998458862305,32.703773498535156,32.751670837402344
null,null,null,null,null,null,null,29.456741333007812,29.602191925048828,29.87022590637207,30.122459411621094,30.45320701599121,30.850454330444336,31.189573287963867,31.48593521118164,31.61880874633789,31.567689895629883,31.534446716308594,31.51778793334961,31.51385498046875,31.525300979614258,31.56655502319336,31.631690979003906,31.707271575927734,31.789323806762695,31.84282875061035,31.901601791381836,31.99397087097168,32.08613967895508,32.162479400634766,32.23681640625,32.29648971557617,32.35626220703125,32.405853271484375,32.45832061767578,32.504600524902344,32.55576705932617,32.603004455566406,32.65412139892578,32.70034408569336,32.72562026977539,32.74979019165039,32.793949127197266,32.841102600097656,32.88304901123047,32.928001403808594,32.96805191040039,33.011627197265625
null,null,null,null,null,null,null,29.403575897216797,29.53628921508789,29.800479888916016,30.152549743652344,30.592662811279297,30.97173309326172,31.29644203186035,31.637298583984375,31.80619239807129,31.834714889526367,31.82795524597168,31.819198608398438,31.828479766845703,31.85228729248047,31.90479278564453,31.976154327392578,32.071292877197266,32.1739616394043,32.24283218383789,32.306087493896484,32.39769744873047,32.48127365112305,32.55741882324219,32.60665512084961,32.62375259399414,32.65557861328125,32.699520111083984,32.7457160949707,32.78522491455078,32.82908630371094,32.86872100830078,32.911712646484375,32.949588775634766,32.97060775756836,32.990509033203125,33.026371002197266,33.0655403137207,33.100303649902344,33.138328552246094,33.17220687866211,33.209468841552734
null,null,null,null,null,null,null,29.340497970581055,29.49041748046875,29.71568489074707,30.126035690307617,30.650821685791016,31.116029739379883,31.509944915771484,31.856672286987305,32.06401824951172,32.171180725097656,32.19957733154297,32.2154426574707,32.23332977294922,32.26084899902344,32.313053131103516,32.38112258911133,32.45058059692383,32.51243591308594,32.57897186279297,32.65934371948242,32.7301139831543,32.79007339477539,32.85133743286133,32.86818313598633,32.841148376464844,32.851924896240234,32.89164352416992,32.93240737915039,32.96709060668945,33.00445556640625,33.0380973815918,33.07333755493164,33.10429382324219,33.121158599853516,33.13705825805664,33.1662483215332,33.198097229003906,33.227325439453125,33.25927734375,33.2885627746582,33.320556640625
