earth/public/data/ocean/C53/ANN-ocevel-depthz-1000m-gfs-1.0.json
{"header": {"discipline": 0, "disciplineName": "Meteorological products", "gribEdition": 2, "gribLength": 131138.0, "center": 0, "centerName": "Kiel Climate Model", "subcenter": 0, "refTime": "1", "significanceOfRT": 1, "significanceOfRTName": "Start of forecast", "productStatus": 0, "productStatusName": "Operational products", "productType": 1, "productTypeName": "Forecast products", "productDefinitionTemplate": 0, "productDefinitionTemplateName": "Analysis/forecast at horizontal level/layer at a point in time", "parameterCategory": 2, "parameterCategoryName": "Momentum", "parameterNumber": 2, "parameterNumberName": "V-component_of_wind", "parameterUnit": "m/s", "genProcessType": 2, "genProcessTypeName": "Forecast", "forecastTime": 0, "surface1Type": 103, "surface1TypeName": "Specified height level above ground", "surface1Value": 10, "surface2Type": 255, "surface2TypeName": "Missing", "surface2Value": 0, "gridDefinitionTemplate": 0, "gridDefinitionTemplateName": "Latitude_Longitude", "numberPoints": 65160, "shape": 6, "shapeName": "Earth spherical with radius of 6,371,229.0 m", "gridUnits": "degrees", "resolution": 48, "winds": "true", "scanMode": 0, "nx": 360.0, "ny": 180.0, "basicAngle": 0, "subDivisions": 0, "lo1": 0.0, "la1": -89.5, "lo2": 359.0, "la2": 89.5, "dx": 1.0, "dy": -1.0}, "data":
[rows 60 to 79 of 180, columns 92 to 137 of 360]
0.0005973896477371454,0.0004747102502733469,0.0003931924293283373,0.000370903784641996,0.0003891252854373306,0.00044735026312991977,0.0005265756626613438,0.0006138625321909785,0.0007459039334207773,0.000897623656783253,0.0010630794567987323,0.0012075083795934916,0.0012930497759953141,0.0013025376247242093,0.0012384536676108837,0.0011156428372487426,0.0009172152495011687,0.0006751440232619643,0.0004339877632446587,0.0002173171378672123,8.374834578717127e-05,4.076713230460882e-05,0.0001734862307785079,0.00047051964793354273,0.0008471935288980603,0.001269553555175662,0.0016189452726393938,0.0018589738756418228,0.0019771878141909838,0.0019589620642364025,0.0019659658428281546,0.0019890263210982084,0.0021220401395112276,0.0023248663637787104,0.0025644514244049788,0.002781190909445286,0.0028850880917161703,0.0028498803731054068,0.0025896793231368065,0.002156273927539587,0.001647868542931974,0.0011608792701736093,0.0008506595622748137,0.0007654528599232435,0.0008964503649622202,0.0012130504474043846
0.0007738305721431971,0.0007777916034683585,0.0008089430630207062,0.000866805377881974,0.0009512912947684526,0.0010497523471713066,0.0011742697097361088,0.001304227625951171,0.0014526215381920338,0.001593800843693316,0.0017402084777131677,0.0018658976769074798,0.0019324521999806166,0.0019272975623607635,0.0018449848284944892,0.0016982470406219363,0.0014865221455693245,0.0012490892549976707,0.0009978942107409239,0.000785642012488097,0.0006408384069800377,0.000595472811255604,0.0007548235589638352,0.0010866518132388592,0.0015698212664574385,0.00210958463139832,0.0025424559134989977,0.002784300595521927,0.00282392930239439,0.002647095825523138,0.0024693794548511505,0.002315558958798647,0.0022852690890431404,0.0023807219695299864,0.0025127322878688574,0.002657202072441578,0.0026774248108267784,0.0025677341036498547,0.0022806404158473015,0.0018651349237188697,0.0014443350955843925,0.0010982357198372483,0.0009442245354875922,0.0010222390992566943,0.0012546577490866184,0.0016075290041044354
0.0009692246094346046,0.0010236372472718358,0.0010910333367064595,0.0011588518973439932,0.0012555718421936035,0.0013644667342305183,0.0015044801402837038,0.0016498310724273324,0.0018030623905360699,0.0019369107903912663,0.00206658779643476,0.0021717234048992395,0.0022254548966884613,0.0022194813936948776,0.0021563349291682243,0.0020423594396561384,0.0018837905954569578,0.0017021887470036745,0.0014935322105884552,0.001296346541494131,0.0011245440691709518,0.0010191139299422503,0.001109771546907723,0.0013871756382286549,0.0018518880242481828,0.002415313618257642,0.002852735109627247,0.0030785007402300835,0.003044447861611843,0.002760891104117036,0.0024608548264950514,0.0022098913323134184,0.002100268378853798,0.002160642994567752,0.002261155052110553,0.0023882067762315273,0.002390434732660651,0.0022681711707264185,0.002000603126361966,0.0016302133444696665,0.0013020419282838702,0.0010652077617123723,0.001026818878017366,0.0011882722610607743,0.001458680722862482,0.0017914294730871916
0.0011920640245079994,0.0012703464599326253,0.0013411224354058504,0.0013918307377025485,0.001479101600125432,0.0015862083528190851,0.0017297868616878986,0.0018840562552213669,0.0020307213999330997,0.0021425187587738037,0.0022369117941707373,0.0022935299202799797,0.002331102266907692,0.0023413284216076136,0.0023346911184489727,0.00231753452681005,0.0022389378864318132,0.0021204615477472544,0.0019053384894505143,0.0016320942668244243,0.0013530177529901266,0.0011090979678556323,0.00112119410187006,0.0013799647567793727,0.0018897990230470896,0.002562101697549224,0.0030668468680232763,0.003318383125588298,0.003238977398723364,0.0028389443177729845,0.0024179071187973022,0.0020414183381944895,0.0018358179368078709,0.0018297625938430429,0.0018788314191624522,0.0019694259390234947,0.001963547896593809,0.001861528609879315,0.0016617903020232916,0.001406815368682146,0.001194683718495071,0.001074513653293252,0.0010975381592288613,0.0012651539873331785,0.0015075068222358823,0.0017779819900169969
0.0013850624673068523,0.0014796961331740022,0.0015490003861486912,0.0015809047035872936,0.0016504767118021846,0.0017468895530328155,0.0018801131518557668,0.002027818001806736,0.0021513442043215036,0.002231141785159707,0.002272769110277295,0.0022734447848051786,0.002272100653499365,0.0022734079975634813,0.0023060967214405537,0.0023634021636098623,0.0023889178410172462,0.002369500230997801,0.002223826013505459,0.0019672708585858345,0.0016453162534162402,0.0013132437597960234,0.00121788727119565,0.0013857228914275765,0.001826062798500061,0.0024734768085181713,0.0029480189550668,0.0031741054262965918,0.0030510188080370426,0.002603634027764201,0.0021417716052383184,0.0017445924459025264,0.0015256429323926568,0.001518029486760497,0.0015559772728011012,0.0016295949462801218,0.0016177062643691897,0.0015226465184241533,0.0013757600681856275,0.001201912178657949,0.0010970367584377527,0.0010745004983618855,0.001166707486845553,0.0013519938802346587,0.001569541753269732,0.0017810047138482332
0.0015116430586203933,0.0016151093877851963,0.0016785808838903904,0.0016899870242923498,0.0017395102186128497,0.0018163234926760197,0.0019287235336378217,0.002054380951449275,0.002145908772945404,0.00218375725671649,0.0021727262064814568,0.002110034227371216,0.002059987746179104,0.0020272587426006794,0.002068981761112809,0.0021783921401947737,0.002297456143423915,0.002413030480965972,0.0023895706981420517,0.0022424524649977684,0.0019563082605600357,0.0015864198794588447,0.0013905370142310858,0.0013951360015198588,0.0016745304455980659,0.0021632900461554527,0.0025201700627803802,0.002669586567208171,0.002519051544368267,0.0020934392232447863,0.00168453564401716,0.001371501013636589,0.0012262805830687284,0.0012819807743653655,0.0013528368435800076,0.0014289577957242727,0.0014151579234749079,0.0013137725181877613,0.0011871427996084094,0.0010601337999105453,0.0010179794626310468,0.0010740462457761168,0.0012201442150399089,0.001434609293937683,0.0016388711519539356,0.0017945835134014487
0.0015949321677908301,0.0017014360055327415,0.0017564584268257022,0.0017507453449070454,0.0017736778827384114,0.0018232926959171891,0.001895370427519083,0.0019810223020613194,0.0020191273652017117,0.002007942646741867,0.0019399310695007443,0.0018313046311959624,0.0017485127318650484,0.0017071422189474106,0.0017701878678053617,0.0019237773958593607,0.0021131422836333513,0.0023017055355012417,0.0023497561924159527,0.00224883365444839,0.0019736438989639282,0.001575817121192813,0.0013055760646238923,0.001214182935655117,0.0013732967199757695,0.0017575804376974702,0.0020291164983063936,0.002140769036486745,0.0019998576026409864,0.0016280488343909383,0.0012967870570719242,0.0010593519546091557,0.0009730046731419861,0.0010512270964682102,0.0011284073116257787,0.0011925461003556848,0.0011848128633573651,0.0011055206414312124,0.0010315697873011231,0.0009702655370347202,0.0009933921974152327,0.0010925555834546685,0.001248248154297471,0.001435607671737671,0.001583879697136581,0.0016733813099563122
0.0016195103526115417,0.001723256427794695,0.0017700298922136426,0.0017505765426903963,0.001749240094795823,0.0017640574369579554,0.0017897548386827111,0.0018174435244873166,0.0017985084559768438,0.0017312067793682218,0.0016208861488848925,0.001483758445829153,0.0013950926950201392,0.001370475860312581,0.0014600250869989395,0.0016498679760843515,0.0018628524849191308,0.00206240126863122,0.002107422100380063,0.001989453798159957,0.0016967107076197863,0.0012808233732357621,0.0009871781803667545,0.0008670376846566796,0.0009866290492936969,0.0013206156436353922,0.0015675739850848913,0.0016803682083263993,0.0015829447656869888,0.0012969702947884798,0.0010421528713777661,0.000871772354003042,0.0008098178077489138,0.000869771174620837,0.0009245831752195954,0.0009622545330785215,0.0009665435063652694,0.0009377633687108755,0.0009313537739217281,0.0009546203073114157,0.0010238273534923792,0.0011305809020996094,0.0012483736500144005,0.0013523432426154613,0.001420584972947836,0.0014334158040583134
0.0015327985165640712,0.0016188003355637193,0.0016455849399790168,0.0016105609247460961,0.0015793271595612168,0.0015598861500620842,0.0015360577963292599,0.0015154620632529259,0.001452803029678762,0.0013609126908704638,0.0012435056269168854,0.0011191557860001922,0.0010564352851361036,0.0010622828267514706,0.001175425946712494,0.0013741280417889357,0.0015829887706786394,0.001766805537045002,0.0018002830911427736,0.0016788080101832747,0.0013935697497799993,0.0009936969727277756,0.0006908513023518026,0.0005393619067035615,0.000585744681302458,0.0008290656842291355,0.0010140888625755906,0.001114323385991156,0.0010778425494208932,0.0009059988078661263,0.0007775220437906682,0.000703578582033515,0.0006992706912569702,0.0007588647422380745,0.000802794296760112,0.0008226876379922032,0.0008340917993336916,0.0008349482668563724,0.0008705276995897293,0.000934139359742403,0.0010227153543382883,0.0011214053956791759,0.0012019533896818757,0.0012519120937213302,0.0012596187880262733,0.001225568586960435
0.0011888962471857667,0.0012254818575456738,0.001215272699482739,0.0011596533004194498,0.0011002951068803668,0.0010460552293807268,0.0009890346555039287,0.0009358632378280163,0.0008732914575375617,0.0008088445756584406,0.0007501098443754017,0.0007062699878588319,0.0007138574146665633,0.0007727467454969883,0.000887351343408227,0.0010397203732281923,0.0011731369886547327,0.0012673825258389115,0.0012432847870513797,0.0011100191622972488,0.0008592666126787663,0.0005386809934861958,0.0002803571114782244,0.0001264735183212906,0.00011124338925583288,0.00022677305969409645,0.00035041128285229206,0.0004499130882322788,0.0005173089448362589,0.0005386868724599481,0.0005834310431964695,0.0006496753194369376,0.0007123666582629085,0.0007673334330320358,0.0007957168272696435,0.0007957373163662851,0.0008042454137466848,0.0008200933807529509,0.0008599539869464934,0.0009165228111669421,0.0009759782114997506,0.00102857721503824,0.001055981731042266,0.0010554005857557058,0.001021714648231864,0.0009622627985663712
0.0007933811866678298,0.0007802299805916846,0.0007351012318395078,0.0006643928354606032,0.0005854245973750949,0.0005121657741256058,0.0004383981286082417,0.000377983960788697,0.0003324463323224336,0.00031247700098901987,0.0003189978888258338,0.00035509216831997037,0.00042746905819512904,0.0005261800833977759,0.0006295459461398423,0.0007170518510974944,0.0007572536123916507,0.0007360309245996177,0.0006332634948194027,0.00046136858873069286,0.0002360272192163393,-1.1190727491339203e-06,-0.00019384782353881747,-0.00030159440939314663,-0.0003315211506560445,-0.0002750233106780797,-0.00016980257350951433,-3.237443161197007e-05,0.00014619412831962109,0.00034037456498481333,0.0005307552637532353,0.0006886454066261649,0.0007865381776355207,0.0008059248793870211,0.0008038849919103086,0.0007777928258292377,0.0007816487923264503,0.0008143378654494882,0.000858730636537075,0.0009070344967767596,0.0009326745639555156,0.0009286674321629107,0.0008932855562306941,0.0008285727235488594,0.0007481512147933245,0.0006635322934016585
0.0004678120603784919,0.00043869830551557243,0.00038628940819762647,0.00031940999906510115,0.0002465838915668428,0.00017973300418816507,0.00012024190800730139,7.721407018834725e-05,6.116219446994364e-05,7.29494568076916e-05,0.00011529967014212161,0.0001793528936104849,0.00026336940936744213,0.0003535207943059504,0.00042103222222067416,0.0004573404148686677,0.0004345935885794461,0.0003596543101593852,0.00022512547730002552,5.4011539759812877e-05,-0.00013353470421861857,-0.00030847007292322814,-0.0004402910708449781,-0.0005087356548756361,-0.0005183623870834708,-0.00046733321505598724,-0.00033823252306319773,-0.00015553580306004733,0.0001014766821754165,0.0003811284259427339,0.0006374864606186748,0.0008198674768209457,0.0009143701754510403,0.0009036157862283289,0.0008693815907463431,0.0008197732386179268,0.0007983554969541728,0.0008124377927742898,0.0008267250377684832,0.0008434599149040878,0.0008302667993120849,0.0007931067957542837,0.0007283598533831537,0.0006478582508862019,0.0005612648092210293,0.0004821482580155134
0.00017267346265725791,0.00014500618271995336,0.00010034375009126961,4.7510824515484273e-05,-1.0804412340803538e-05,-6.268001743592322e-05,-0.00010332726378692314,-0.00012364266149234027,-0.00011708561214618385,-8.279293251689523e-05,-2.7683812731993385e-05,3.9381804526783526e-05,0.00010747775377240032,0.00016277562826871872,0.00018946030468214303,0.00017896849021781236,0.0001262267614947632,3.809771442320198e-05,-8.042238187044859e-05,-0.00020632907398976386,-0.00033825793070718646,-0.0004471657448448241,-0.0005382270319387317,-0.0005911798216402531,-0.0006017718696966767,-0.0005681650363840163,-0.00042803550604730844,-0.00020585865422617644,0.00010557081986917183,0.0004545763658825308,0.0007557341596111655,0.0009583609062246978,0.0010550229344516993,0.001028341706842184,0.0009734120103530586,0.0008983397274278104,0.0008393530151806772,0.0008037613006308675,0.000764804775826633,0.0007247262401506305,0.0006723472033627331,0.0006136289448477328,0.0005482219276018441,0.00048795845941640437,0.00042529727215878665,0.00037380692083388567
-6.983217463130131e-05,-8.875971980160102e-05,-0.00011982674186583608,-0.00015874035307206213,-0.00020199516438879073,-0.00024268936249427497,-0.00026843600790016353,-0.000275098456768319,-0.00025434346753172576,-0.00021004049631301314,-0.00015262504166457802,-9.172583668259904e-05,-4.5247506932355464e-05,-1.981258174055256e-05,-3.05968860629946e-05,-7.367404032265767e-05,-0.00015260973304975778,-0.00025181006640195847,-0.00036456790985539556,-0.00046979961916804314,-0.0005665483768098056,-0.000637497752904892,-0.0006904627080075443,-0.0007178800296969712,-0.0006956763681955636,-0.0006329455645754933,-0.00043854647083207965,-0.00015504435577895492,0.00021792876941617578,0.0006081818137317896,0.0009259916841983795,0.0011151243234053254,0.0011857765493914485,0.0011292395647615194,0.0010409449459984899,0.0009401199640706182,0.000843654153868556,0.0007713499944657087,0.0006879388238303363,0.0006104814819991589,0.0005263224593363702,0.00045201616012491286,0.00038217264227569103,0.0003301028918940574,0.0002814183826558292,0.00024502878659404814
-0.00021640743943862617,-0.0002193020045524463,-0.00023545646399725229,-0.000260577944573015,-0.0002932429197244346,-0.00032654954702593386,-0.000346305692801252,-0.0003483747423160821,-0.00032656543771736324,-0.0002847472787834704,-0.00023624685127288103,-0.0001906928519019857,-0.00016432334086857736,-0.00016376080748159438,-0.00019616664212662727,-0.0002576144761405885,-0.000350211892509833,-0.0004583649861160666,-0.0005775278550572693,-0.0006866168114356697,-0.0007803495391272008,-0.0008414095500484109,-0.0008716402808204293,-0.0008634784608148038,-0.000785650045145303,-0.0006472488166764379,-0.00037342935684137046,-6.756883976777317e-06,0.00041437207255512476,0.0008177663548849523,0.0011185299372300506,0.0012604286894202232,0.0012855717213824391,0.0011852503521367908,0.0010620427783578634,0.0009351763292215765,0.0008138144039548934,0.0007177594234235585,0.0006135008297860622,0.0005180994630791247,0.00042015957296825945,0.0003362355346325785,0.00025965782697312534,0.00020373745064716786,0.0001544152182759717,0.00012060082372045144
-0.0003235144540667534,-0.0003127821837551892,-0.0003143627545796335,-0.0003288213338237256,-0.00035244887112639844,-0.000381356047000736,-0.0003987016680184752,-0.000401152647100389,-0.00038304663030430675,-0.0003470187075436115,-0.00031117850448936224,-0.0002809346478898078,-0.00027371422038413584,-0.0002897566882893443,-0.0003342990530654788,-0.000399369397200644,-0.0004910306306555867,-0.0005940008559264243,-0.0007105805561877787,-0.0008205469930544496,-0.0009165417868643999,-0.000980494311079383,-0.0010023403447121382,-0.0009773115161806345,-0.0008533457876183093,-0.0006549162208102643,-0.0003113118000328541,0.00011164051102241501,0.0005606249324046075,0.0009541651816107333,0.0012241220101714134,0.0013245304580777884,0.0013125259429216385,0.001191782532259822,0.0010510325664654374,0.0009153508581221104,0.0007768740179017186,0.0006611094577237964,0.000532551493961364,0.00041636076639406383,0.00030209709075279534,0.0002117561234626919,0.00013547306298278272,8.646067726658657e-05,4.740149961435236e-05,2.378421777393669e-05
-0.000372918089851737,-0.0003509650123305619,-0.0003431683871895075,-0.00035009326529689133,-0.00036924827145412564,-0.00039674402796663344,-0.00041606262675486505,-0.0004238709225319326,-0.0004129913868382573,-0.0003860590804833919,-0.00036240421468392015,-0.00034743547439575195,-0.0003520213649608195,-0.0003764014400076121,-0.00041954978951252997,-0.0004734945250675082,-0.0005499336984939873,-0.0006335854413919151,-0.0007394548156298697,-0.0008473190828226507,-0.0009500999003648758,-0.0010297266999259591,-0.001060332404449582,-0.0010371486423537135,-0.0008919124375097454,-0.000649096560664475,-0.00026860428624786437,0.0001837373711168766,0.0006309917662292719,0.0009916826384142041,0.0012273413594812155,0.0012920028530061245,0.0012635951861739159,0.0011457919608801603,0.0010107174748554826,0.0008834467735141516,0.0007413412095047534,0.000609908252954483,0.00046169874258339405,0.00032187337637878954,0.00019418427837081254,0.00010062718502013013,3.156935781589709e-05,2.236075857808828e-07,-2.1092741008033045e-05,-2.6891002562479116e-05
-0.00038017271435819566,-0.00035099106025882065,-0.0003366223245393485,-0.00033982229069806635,-0.0003563498903531581,-0.00038319150917232037,-0.00040659724618308246,-0.0004218715475872159,-0.0004203729622531682,-0.0004016095772385597,-0.0003895473782904446,-0.0003857307892758399,-0.00039735520840622485,-0.0004223140131216496,-0.0004578212683554739,-0.0004984521074220538,-0.0005603316240012646,-0.000633031246252358,-0.000739800394512713,-0.0008601165027357638,-0.0009820665000006557,-0.0010811903048306704,-0.001119396067224443,-0.001089382218196988,-0.0009136070148088038,-0.0006267229910008609,-0.0002160356962122023,0.00024256280448753387,0.0006632075528614223,0.0009732921025715768,0.001157139427959919,0.0011860548984259367,0.0011424910044297576,0.0010351735400035977,0.0009198540356010199,0.0008150225039571524,0.0006893915124237537,0.0005629771039821208,0.00041186873568221927,0.0002621934108901769,0.00012582757335621864,2.765918725344818e-05,-4.050039569847286e-05,-6.573778227902949e-05,-7.84622025093995e-05,-7.604895654367283e-05
-0.00032162776915356517,-0.00028976265457458794,-0.0002764627861324698,-0.00028360221767798066,-0.00030189656536094844,-0.0003277745854575187,-0.000358206540113315,-0.0003877678536809981,-0.00039821735117584467,-0.00038788325036875904,-0.0003859522985294461,-0.0003929704544134438,-0.00040413934038951993,-0.0004174790228717029,-0.00043532063136808574,-0.00045434749335981905,-0.0004982869722880423,-0.0005596757400780916,-0.000669518078211695,-0.0008103370200842619,-0.000948943430557847,-0.001063712639734149,-0.0011015267809852958,-0.0010565172415226698,-0.0008637833525426686,-0.0005537546239793301,-0.00016787188360467553,0.00023072009207680821,0.000563056964892894,0.0007717618136666715,0.000884485081769526,0.0008788887644186616,0.0008430766174569726,0.0007802383042871952,0.0007258568657562137,0.0006871927762404084,0.0006198223563842475,0.0005347034893929958,0.00040563015500083566,0.000256324332440272,0.00011317252210574225,2.9793623070872854e-06,-7.41885814932175e-05,-0.00010432452108943835,-0.00011799411004176363,-0.00011339856428094208
-0.0002601429878268391,-0.00022776566038373858,-0.00021792856568936259,-0.0002328210393898189,-0.0002539602864999324,-0.00027775633498094976,-0.00031473717535845935,-0.0003585104423109442,-0.0003799043770413846,-0.0003755655197892338,-0.00038290859083645046,-0.0004010523553006351,-0.0004115424817427993,-0.00041241414146497846,-0.0004129102744627744,-0.0004119824734516442,-0.0004356686840765178,-0.0004783144686371088,-0.0005802548257634044,-0.0007215707446448505,-0.0008610976510681212,-0.0009721781825646758,-0.0010051721474155784,-0.0009534293785691261,-0.0007640338153578341,-0.00047334065311588347,-0.00014313180872704834,0.0001607605372555554,0.0003913782711606473,0.0004998684162274003,0.0005495761288329959,0.0005285742226988077,0.0005151291843503714,0.0005142021691426635,0.0005323181976564229,0.0005712879355996847,0.0005678595625795424,0.0005267737433314323,0.0004186173318885267,0.0002641483733896166,0.00011079146497650072,-1.4441557141253725e-05,-0.00010051338176708668,-0.0001322715834248811,-0.00014386529801413417,-0.00013281115388963372
