earth/public/data/ocean/C53/ANN-ocevel-depthz-0m-gfs-1.0.json
{"header": {"discipline": 0, "disciplineName": "Meteorological products", "gribEdition": 2, "gribLength": 131138.0, "center": 0, "centerName": "Kiel Climate Model", "subcenter": 0, "refTime": "1", "significanceOfRT": 1, "significanceOfRTName": "Start of forecast", "productStatus": 0, "productStatusName": "Operational products", "productType": 1, "productTypeName": "Forecast products", "productDefinitionTemplate": 0, "productDefinitionTemplateName": "Analysis/forecast at horizontal level/layer at a point in time", "parameterCategory": 2, "parameterCategoryName": "Momentum", "parameterNumber": 2, "parameterNumberName": "U-component_of_wind", "parameterUnit": "m/s", "genProcessType": 2, "genProcessTypeName": "Forecast", "forecastTime": 0, "surface1Type": 103, "surface1TypeName": "Specified height level above ground", "surface1Value": 10, "surface2Type": 255, "surface2TypeName": "Missing", "surface2Value": 0, "gridDefinitionTemplate": 0, "gridDefinitionTemplateName": "Latitude_Longitude", "numberPoints": 65160, "shape": 6, "shapeName": "Earth spherical with radius of 6,371,229.0 m", "gridUnits": "degrees", "resolution": 48, "winds": "true", "scanMode": 0, "nx": 360.0, "ny": 180.0, "basicAngle": 0, "subDivisions": 0, "lo1": 0.0, "la1": -89.5, "lo2": 359.0, "la2": 89.5, "dx": 1.0, "dy": -1.0}, "data":
[rows 160 to 179 of 180, columns 0 to 44 of 360]
0.04425019398331642,0.040747784078121185,0.036864023655653,0.03819561004638672,0.04959951341152191,0.06717999279499054,0.073693186044693,0.07368268817663193,0.07412721961736679,0.0706152617931366,0.06387654691934586,0.05712485313415527,0.05560194328427315,0.057112984359264374,0.057084497064352036,0.053824152797460556,0.04991544038057327,0.04673372954130173,0.045747220516204834,0.044821273535490036,0.04301849380135536,0.03984089195728302,0.035947512835264206,0.03360136225819588,0.03168394789099693,0.029704030603170395,0.02683716081082821,0.02428070642054081,0.02662389725446701,0.031555525958538055,0.035392213612794876,0.03585363179445267,0.037052858620882034,0.03785237297415733,0.029496481642127037,0.02502099983394146,0.02511385641992092,0.024281492456793785,0.025449711829423904,0.028614547103643417,0.028660153970122337,0.029636001214385033,0.040681950747966766,0.05119413137435913,0.05538274720311165
0.05740288645029068,0.05632558465003967,0.05722678452730179,0.061435043811798096,0.06763533502817154,0.07237397134304047,0.0742310956120491,0.07231739163398743,0.06953194737434387,0.06677238643169403,0.06465587019920349,0.06114161014556885,0.057280514389276505,0.05548140034079552,0.05415940657258034,0.051155250519514084,0.046182017773389816,0.04237423837184906,0.040519651025533676,0.039139825850725174,0.03800030052661896,0.03682168573141098,0.03540472686290741,0.03428757190704346,0.03378230705857277,0.033836621791124344,0.033292047679424286,0.03312447667121887,0.03551241382956505,0.03854002431035042,0.03944117948412895,0.04102536290884018,0.04273834079504013,0.03961123526096344,0.03514515236020088,0.03390976041555405,0.03500787913799286,0.03371758759021759,0.0366024374961853,0.04727528616786003,0.05420918017625809,0.05625858157873154,0.062399301677942276,0.06973195821046829,0.068386010825634
0.057058870792388916,0.05700550600886345,0.05987108498811722,0.06588514894247055,0.06942405551671982,0.0692819356918335,0.06852038204669952,0.0656186044216156,0.05928945541381836,0.054246533662080765,0.05232501029968262,0.05122991278767586,0.04985501617193222,0.0484461709856987,0.04686327651143074,0.044749531894922256,0.04140332713723183,0.03712425380945206,0.03459097072482109,0.033562205731868744,0.03315163403749466,0.03291098028421402,0.03263666108250618,0.03245176747441292,0.03207357972860336,0.03186474367976189,0.03208867460489273,0.03343552350997925,0.03616974875330925,0.037718407809734344,0.03674378991127014,0.036370981484651566,0.0372379831969738,0.03710256516933441,0.036996711045503616,0.039575714617967606,0.042832646518945694,0.04303956404328346,0.046757280826568604,0.05736307054758072,0.06669378280639648,0.06754806637763977,0.06849689036607742,0.0689147487282753,0.06192116439342499
0.049311090260744095,0.04869095981121063,0.04925965517759323,0.05155378207564354,0.05378570407629013,0.05423039570450783,0.05406493321061134,0.05258440226316452,0.04856279864907265,0.04301949962973595,0.04009031504392624,0.03924943879246712,0.0390450656414032,0.03853272274136543,0.037630923092365265,0.03686933219432831,0.03574211895465851,0.03345687314867973,0.030725637450814247,0.029401248320937157,0.029010143131017685,0.028928546234965324,0.028910664841532707,0.028941918164491653,0.028439175337553024,0.027311818674206734,0.026648476719856262,0.027136852964758873,0.02824004925787449,0.029132366180419922,0.02919110283255577,0.028315583243966103,0.0278481412678957,0.0283158291131258,0.030382080003619194,0.03409571200609207,0.03622614964842796,0.037419214844703674,0.041273150593042374,0.04936838895082474,0.05389456823468208,0.05302000045776367,0.050950150936841965,0.04800811782479286,0.044022560119628906
0.0425276905298233,0.04189678281545639,0.04085366427898407,0.0405476838350296,0.04091580957174301,0.04110639542341232,0.0407448410987854,0.040527231991291046,0.03945108875632286,0.03685108944773674,0.0336473323404789,0.032059039920568466,0.031450461596250534,0.031179649755358696,0.030848996713757515,0.03052358515560627,0.030220869928598404,0.029569674283266068,0.028218599036335945,0.026493942365050316,0.02548000030219555,0.025144392624497414,0.025082655251026154,0.02502398006618023,0.02467106655240059,0.023721378296613693,0.02256076969206333,0.021773701533675194,0.02122892439365387,0.021507268771529198,0.02206549420952797,0.02137366496026516,0.01979045569896698,0.01951921358704567,0.02113756537437439,0.022487645968794823,0.023184020072221756,0.024644630029797554,0.028346450999379158,0.03133472055196762,0.031690020114183426,0.030332235619425774,0.028923243284225464,0.02779143862426281,0.02655777893960476
0.036521025002002716,0.036270737648010254,0.03565506264567375,0.03488393872976303,0.03454338014125824,0.03441561013460159,0.034090954810380936,0.033520426601171494,0.033128686249256134,0.03249494731426239,0.030990205705165863,0.028873443603515625,0.02753886580467224,0.026967674493789673,0.02667546086013317,0.026409288868308067,0.0261482372879982,0.025934962555766106,0.025491315871477127,0.024476055055856705,0.023151958361268044,0.022225214168429375,0.021494142711162567,0.02096981182694435,0.02085350826382637,0.020441612228751183,0.01980232074856758,0.018798597157001495,0.017159048467874527,0.015910649672150612,0.015528272837400436,0.01516821701079607,0.014614407904446125,0.01411717664450407,0.013653073459863663,0.013169501908123493,0.013392495922744274,0.01521146297454834,0.01614280976355076,0.01503445953130722,0.013757206499576569,0.013258250430226326,0.01343371532857418,0.014408795163035393,0.012912130914628506
0.030280187726020813,0.03040759265422821,0.03036491759121418,0.03002435714006424,0.029688650742173195,0.029621515423059464,0.02954268828034401,0.029217222705483437,0.02880064956843853,0.028602031990885735,0.02811608277261257,0.026888638734817505,0.025339612737298012,0.02419089339673519,0.023301761597394943,0.022710254415869713,0.022477028891444206,0.022265413776040077,0.022067340090870857,0.021631022915244102,0.020983371883630753,0.019957154989242554,0.018303828313946724,0.016951339319348335,0.016400685533881187,0.016210800036787987,0.01598849706351757,0.015495698899030685,0.014155998826026917,0.012271848507225513,0.01098923571407795,0.010220644064247608,0.009859362617135048,0.009545782580971718,0.00892928708344698,0.007986434735357761,0.006935972720384598,0.006493386346846819,0.006029857788234949,0.005164188798516989,0.004040344152599573,0.003115975297987461,0.0033838951494544744,0.004110546782612801,0.0032963098492473364
0.02383832074701786,0.023633940145373344,0.023970570415258408,0.024182654917240143,0.0242498517036438,0.02423804998397827,0.0244059506803751,0.024493979290127754,0.024426257237792015,0.024251626804471016,0.024078313261270523,0.023673325777053833,0.023064889013767242,0.021984845399856567,0.02015569619834423,0.01868494041264057,0.018125521019101143,0.018005575984716415,0.017834497615695,0.017636273056268692,0.017486469820141792,0.017001209780573845,0.01567326858639717,0.013922683894634247,0.012657842598855495,0.011804763227701187,0.011300514452159405,0.011164119467139244,0.01062577310949564,0.009693682193756104,0.008280238136649132,0.006353067699819803,0.0049694599583745,0.004452741239219904,0.0042432136833667755,0.0037145945243537426,0.002455107867717743,0.0008025221759453416,-0.0003039236762560904,-0.0009916068520396948,-0.0016296858666464686,-0.0018097839783877134,-0.0023462518583983183,-0.0033041576389223337,-0.004211087245494127
0.01813397742807865,0.016597257927060127,0.016470273956656456,0.01716105453670025,0.01768611930310726,0.017866825684905052,0.018042828887701035,0.018332533538341522,0.018586980178952217,0.018739892169833183,0.01877617835998535,0.01870359480381012,0.01866241730749607,0.01826268434524536,0.016946103423833847,0.014746668748557568,0.0132938576862216,0.012813186272978783,0.012739582918584347,0.012666145339608192,0.012649470940232277,0.012581894174218178,0.012029814533889294,0.01124853640794754,0.010096573270857334,0.008248521015048027,0.006828371901065111,0.006253207102417946,0.006020860746502876,0.005809428635984659,0.005255409050732851,0.0037240860983729362,0.001796697499230504,0.0003713527985382825,-0.000794071820564568,-0.0015003075823187828,-0.001934574916958809,-0.0026001553051173687,-0.003769234288483858,-0.0052185566164553165,-0.0057497830130159855,-0.00599557114765048,-0.00702444976195693,-0.008057069964706898,-0.008957993239164352
0.012886826880276203,0.010274958796799183,0.009351775981485844,0.009876841679215431,0.010551229119300842,0.010895058512687683,0.011119212955236435,0.011337867006659508,0.01162167452275753,0.012031485326588154,0.012236390262842178,0.012314660474658012,0.012445110827684402,0.012523381039500237,0.012187179177999496,0.01089683547616005,0.008672311902046204,0.007311721798032522,0.006976867560297251,0.007046940736472607,0.007132525090128183,0.007119366433471441,0.007026114035397768,0.006977287121117115,0.006596063729375601,0.005183039233088493,0.003259968711063266,0.001972752623260021,0.001102370209991932,0.000580140738748014,0.000505194126162678,-0.00015803598216734827,-0.0011676469584926963,-0.0026246102061122656,-0.004431633278727531,-0.005350277293473482,-0.0059142159298062325,-0.006911784410476685,-0.00807096529752016,-0.008932836353778839,-0.009353472851216793,-0.010073311626911163,-0.011607174761593342,-0.01282529253512621,-0.01391173992305994
0.0073375036008656025,0.005439661908894777,0.004137698095291853,0.0040606288239359856,0.004317306913435459,0.004616566002368927,0.004907071124762297,0.005052323453128338,0.005205938126891851,0.005461962427943945,0.005615576636046171,0.005766616202890873,0.006068694405257702,0.006219733506441116,0.006306406110525131,0.0059984601102769375,0.004711397923529148,0.003064995864406228,0.0021928739733994007,0.0016918127657845616,0.0013912821887061,0.001389725017361343,0.0013443374773487449,0.0013289785711094737,0.0013527260161936283,0.0009056078270077705,0.0001406212686561048,-0.0010725799947977066,-0.002628563903272152,-0.003992152865976095,-0.005048136692494154,-0.005895501933991909,-0.006132810842245817,-0.006696957629173994,-0.007524804212152958,-0.008021512068808079,-0.009070190601050854,-0.011227404698729515,-0.01304324995726347,-0.014097585342824459,-0.014672514982521534,-0.015132674016058445,-0.01589960604906082,-0.01711174286901951,-0.01861570030450821
0.0029772138223052025,0.0019882339984178543,0.0006554072606377304,8.253529813373461e-05,4.8832600441528484e-05,7.981293310876936e-05,0.00019136273476760834,0.00027851422782987356,0.00032963298144750297,0.0004318704886827618,0.0004829892423003912,0.0005495107616297901,0.0006603799411095679,0.0007269014604389668,0.0007993808831088245,0.0009443397866562009,0.0006449781940318644,5.252392656984739e-05,-0.0008718548924662173,-0.0023920151870697737,-0.0035900711081922054,-0.0039954883977770805,-0.004086263943463564,-0.004124527331441641,-0.004112653434276581,-0.00410552928224206,-0.0042195855639874935,-0.004862205125391483,-0.005809746216982603,-0.007304329890757799,-0.009225566871464252,-0.010805653408169746,-0.011833379976451397,-0.012405048124492168,-0.012405048124492168,-0.012540224939584732,-0.01351075991988182,-0.015006108209490776,-0.016747424378991127,-0.018605012446641922,-0.0195049699395895,-0.01990675926208496,-0.02057640627026558,-0.021429382264614105,-0.02218136191368103
-0.00024418035172857344,-0.001129976357333362,-0.0023460080847144127,-0.0028899936005473137,-0.0029461646918207407,-0.0030585071071982384,-0.0031904643401503563,-0.0033167744986712933,-0.0033618893940001726,-0.003310770494863391,-0.0032800992485135794,-0.003320269286632538,-0.003400609362870455,-0.0034407794009894133,-0.003470683004707098,-0.0035205220337957144,-0.0035504254046827555,-0.0035504254046827555,-0.003936749882996082,-0.005195008125156164,-0.006781432777643204,-0.007804183289408684,-0.008508684113621712,-0.009129985235631466,-0.009460986591875553,-0.00965958833694458,-0.009849682450294495,-0.010229869745671749,-0.010467529296875,-0.011076908558607101,-0.012007981538772583,-0.01349086593836546,-0.015396426431834698,-0.01653023436665535,-0.01734161376953125,-0.018597379326820374,-0.019666416570544243,-0.02007301338016987,-0.020721768960356712,-0.02162172645330429,-0.022161701694130898,-0.022831348702311516,-0.0241706445813179,-0.02484029345214367,-0.025049857795238495
-0.003533190581947565,-0.004535541869699955,-0.0054085697047412395,-0.005727299954742193,-0.005761002656072378,-0.005817173980176449,-0.005977186840027571,-0.006229807157069445,-0.006356117315590382,-0.006356117315590382,-0.006498484406620264,-0.006759864278137684,-0.006942401174455881,-0.006966503337025642,-0.007088821846991777,-0.0073334588669240475,-0.0074557773768901825,-0.0074557773768901825,-0.007481578271836042,-0.007884610444307327,-0.008697370998561382,-0.010028029792010784,-0.01202987041324377,-0.013847826048731804,-0.015006533823907375,-0.015337535180151463,-0.015451591461896896,-0.01564168557524681,-0.01575574278831482,-0.01575574278831482,-0.01575574278831482,-0.016576094552874565,-0.01794334687292576,-0.019065413624048233,-0.020518280565738678,-0.022654056549072266,-0.02409428544342518,-0.024838613346219063,-0.02520410344004631,-0.02520410344004631,-0.02520410344004631,-0.02560589276254177,-0.02627553977072239,-0.02667732909321785,-0.027026604861021042
-0.0065011633560061455,-0.007061281241476536,-0.007702982518821955,-0.007921289652585983,-0.0081363245844841,-0.008494716137647629,-0.00878553744405508,-0.008911848068237305,-0.008987633511424065,-0.008987633511424065,-0.009224912151694298,-0.00969946850091219,-0.009936746209859848,-0.009936746209859848,-0.010010137222707272,-0.010421675629913807,-0.01097710058093071,-0.011266320012509823,-0.011266320012509823,-0.011266320012509823,-0.011577836237847805,-0.012596337124705315,-0.014394806697964668,-0.01664455607533455,-0.018204357475042343,-0.019071223214268684,-0.019472181797027588,-0.019472181797027588,-0.019825255498290062,-0.020413711667060852,-0.020766785368323326,-0.02118125930428505,-0.022010205313563347,-0.022605707868933678,-0.02341708540916443,-0.02444755658507347,-0.025566373020410538,-0.02678467333316803,-0.027393823489546776,-0.027393823489546776,-0.02757309004664421,-0.027871865779161453,-0.028051132336258888,-0.028051132336258888,-0.028260696679353714
-0.008968787267804146,-0.009099772199988365,-0.009318078868091106,-0.009449063800275326,-0.009807455353438854,-0.010524238459765911,-0.01088263001292944,-0.01088263001292944,-0.01088263001292944,-0.011201294139027596,-0.011874768882989883,-0.012430710718035698,-0.012573078274726868,-0.012573078274726868,-0.012573078274726868,-0.013055111281573772,-0.014019178226590157,-0.014501211233437061,-0.014501211233437061,-0.014501211233437061,-0.014688121154904366,-0.014999637380242348,-0.0156832505017519,-0.016511091962456703,-0.01806439459323883,-0.02038799226284027,-0.02201099693775177,-0.022350840270519257,-0.022939298301935196,-0.024116210639476776,-0.024704666808247566,-0.02495335228741169,-0.025367824360728264,-0.025616507977247238,-0.025616507977247238,-0.025616507977247238,-0.025981999933719635,-0.02659115009009838,-0.02695664018392563,-0.02695664018392563,-0.02725541591644287,-0.027852967381477356,-0.028151744976639748,-0.028151744976639748,-0.028365207836031914
-0.011904874816536903,-0.011904874816536903,-0.011904874816536903,-0.011904874816536903,-0.01211990974843502,-0.012478301301598549,-0.012693336233496666,-0.012693336233496666,-0.012693336233496666,-0.013224443420767784,-0.01428665779531002,-0.014817764982581139,-0.014817764982581139,-0.014817764982581139,-0.014817764982581139,-0.015106985345482826,-0.015589018352329731,-0.015878237783908844,-0.016261115670204163,-0.016899246722459793,-0.01728212460875511,-0.01728212460875511,-0.01728212460875511,-0.01728212460875511,-0.01833030767738819,-0.020859427750110626,-0.023040423169732094,-0.023979580029845238,-0.02495390549302101,-0.0259151142090559,-0.026268187910318375,-0.026268187910318375,-0.026268187910318375,-0.026268187910318375,-0.026268187910318375,-0.026268187910318375,-0.026268187910318375,-0.026268187910318375,-0.026268187910318375,-0.026268187910318375,-0.02644745260477066,-0.026746228337287903,-0.026925494894385338,-0.026925494894385338,-0.02748931385576725
-0.015187421813607216,-0.015187421813607216,-0.015187421813607216,-0.015187421813607216,-0.015516122803092003,-0.016063958406448364,-0.0163926612585783,-0.0163926612585783,-0.0163926612585783,-0.016711324453353882,-0.017242431640625,-0.01756109669804573,-0.01756109669804573,-0.01756109669804573,-0.01756109669804573,-0.01756109669804573,-0.01756109669804573,-0.01756109669804573,-0.018199225887656212,-0.019475486129522324,-0.020113615319132805,-0.020113615319132805,-0.020113615319132805,-0.020113615319132805,-0.02050195075571537,-0.021489018574357033,-0.022443760186433792,-0.023404855281114578,-0.024647358804941177,-0.02590751275420189,-0.026972346007823944,-0.027611246332526207,-0.027611246332526207,-0.027611246332526207,-0.027611246332526207,-0.027611246332526207,-0.027611246332526207,-0.027611246332526207,-0.027611246332526207,-0.027611246332526207,-0.027611246332526207,-0.027611246332526207,-0.027611246332526207,-0.02765439637005329,-0.0282865222543478
-0.01931588537991047,-0.01931588537991047,-0.01931588537991047,-0.01931588537991047,-0.01986372098326683,-0.020959394052624702,-0.021507229655981064,-0.021507229655981064,-0.021507229655981064,-0.021507229655981064,-0.021507229655981064,-0.021507229655981064,-0.021507229655981064,-0.021507229655981064,-0.021507229655981064,-0.021507229655981064,-0.021507229655981064,-0.021507229655981064,-0.021890107542276382,-0.022528236731886864,-0.022911114618182182,-0.022911114618182182,-0.022911114618182182,-0.022911114618182182,-0.022911114618182182,-0.022911114618182182,-0.022911114618182182,-0.023283865302801132,-0.023905117064714432,-0.025342702865600586,-0.02345501445233822,-0.01782425306737423,-0.013806894421577454,-0.013806894421577454,-0.013806894421577454,-0.013806894421577454,-0.013806894421577454,-0.013806894421577454,-0.013806894421577454,-0.013806894421577454,-0.013421607203781605,-0.012779463082551956,-0.012394175864756107,-0.012466092593967915,-0.012817972339689732
-0.022868480533361435,-0.022868480533361435,-0.022868480533361435,-0.022868480533361435,-0.023313818499445915,-0.024056049063801765,-0.024501385167241096,-0.024501385167241096,-0.024501385167241096,-0.024501385167241096,-0.024501385167241096,-0.024501385167241096,-0.024501385167241096,-0.024501385167241096,-0.024501385167241096,-0.024501385167241096,-0.024501385167241096,-0.024501385167241096,-0.024501385167241096,-0.024501385167241096,-0.024501385167241096,-0.024501385167241096,-0.024501385167241096,-0.024501385167241096,-0.024501385167241096,-0.024501385167241096,-0.024501385167241096,-0.024501385167241096,-0.024501385167241096,-0.025366993620991707,-0.0177382193505764,-0.00046091940021142364,0.008610534481704235,0.008610534481704235,0.008610534481704235,0.008610534481704235,0.008610534481704235,0.008610534481704235,0.008610534481704235,0.008610534481704235,0.009480536915361881,0.011220542713999748,0.012090545147657394,0.012032084167003632,0.011934648267924786
