earth/public/data/ocean/C53/ANN-vosaline-depthz-1000m-gfs-1.0.json
{"header": {"discipline": 0, "disciplineName": "Meteorological products", "gribEdition": 2, "gribLength": 131138.0, "center": 0, "centerName": "Kiel Climate Model", "subcenter": 0, "refTime": "1", "significanceOfRT": 1, "significanceOfRTName": "Start of forecast", "productStatus": 0, "productStatusName": "Operational products", "productType": 1, "productTypeName": "Forecast products", "productDefinitionTemplate": 0, "productDefinitionTemplateName": "Analysis/forecast at horizontal level/layer at a point in time", "parameterCategory": 2, "parameterCategoryName": "Momentum", "parameterNumber": 2, "parameterNumberName": "U-component_of_wind", "parameterUnit": "PSU", "genProcessType": 2, "genProcessTypeName": "Forecast", "forecastTime": 0, "surface1Type": 103, "surface1TypeName": "Specified height level above ground", "surface1Value": 10, "surface2Type": 255, "surface2TypeName": "Missing", "surface2Value": 0, "gridDefinitionTemplate": 0, "gridDefinitionTemplateName": "Latitude_Longitude", "numberPoints": 65160, "shape": 6, "shapeName": "Earth spherical with radius of 6,371,229.0 m", "gridUnits": "degrees", "resolution": 48, "winds": "true", "scanMode": 0, "nx": 360.0, "ny": 180.0, "basicAngle": 0, "subDivisions": 0, "lo1": 0.0, "la1": -89.5, "lo2": 359.0, "la2": 89.5, "dx": 1.0, "dy": -1.0}, "data":
[rows 110 to 131 of 180, columns 200 to 249 of 360]
34.85273742675781,34.851566314697266,34.85051727294922,34.84943389892578,34.84851837158203,34.847625732421875,34.846927642822266,34.84632110595703,34.84593200683594,34.845611572265625,34.84542465209961,34.84513854980469,34.84480667114258,34.844268798828125,34.843631744384766,34.842872619628906,34.84212875366211,34.84145736694336,34.84096908569336,34.84076690673828,34.840877532958984,34.841426849365234,34.842308044433594,34.8433952331543,34.84449768066406,34.84528732299805,34.84562683105469,34.84543991088867,34.84477615356445,34.843894958496094,34.84297561645508,34.842201232910156,34.84174346923828,34.84132385253906,34.84104537963867,34.84054946899414,34.839935302734375,34.839115142822266,34.83823776245117,34.8371696472168,34.836090087890625,34.83478546142578,34.83347702026367,34.83207321166992,34.83081817626953,34.829620361328125,34.82870101928711,34.82787322998047,34.827301025390625,34.8267707824707
34.848731994628906,34.84762954711914,34.846527099609375,34.845458984375,34.84441375732422,34.84344482421875,34.84253692626953,34.84177780151367,34.841129302978516,34.84061813354492,34.84017562866211,34.83974075317383,34.83926773071289,34.83872604370117,34.83812713623047,34.8375244140625,34.83697509765625,34.8365478515625,34.83631134033203,34.83632278442383,34.83663558959961,34.83725357055664,34.838138580322266,34.83909225463867,34.839988708496094,34.84051513671875,34.840572357177734,34.84014892578125,34.83920669555664,34.83808135986328,34.83677673339844,34.83564758300781,34.834678649902344,34.83394241333008,34.8333625793457,34.832828521728516,34.8322639465332,34.83163070678711,34.83092498779297,34.83008575439453,34.82914733886719,34.82803726196289,34.82682418823242,34.825557708740234,34.82429504394531,34.8231201171875,34.82207107543945,34.821189880371094,34.82047653198242,34.819915771484375
34.84444808959961,34.84331512451172,34.84227752685547,34.84112548828125,34.84008026123047,34.838951110839844,34.83797073364258,34.836978912353516,34.8361701965332,34.835384368896484,34.834747314453125,34.83409118652344,34.83353042602539,34.83293533325195,34.83243942260742,34.831966400146484,34.83164596557617,34.83143997192383,34.8314208984375,34.831607818603516,34.83198165893555,34.832611083984375,34.83330535888672,34.83407974243164,34.834625244140625,34.834869384765625,34.83467102050781,34.833988189697266,34.832969665527344,34.831565856933594,34.83013916015625,34.8286018371582,34.82735061645508,34.82623291015625,34.825462341308594,34.824825286865234,34.8243522644043,34.8238525390625,34.82335662841797,34.822696685791016,34.821964263916016,34.82099151611328,34.81998825073242,34.818790435791016,34.81767272949219,34.81646728515625,34.815460205078125,34.814491271972656,34.81378173828125,34.81318283081055
34.84060287475586,34.83952331542969,34.838436126708984,34.83733367919922,34.836219787597656,34.835105895996094,34.83401870727539,34.832984924316406,34.83202362060547,34.831146240234375,34.830352783203125,34.82963180541992,34.828983306884766,34.82841110229492,34.82792663574219,34.82754135131836,34.8272705078125,34.82712173461914,34.827110290527344,34.82721710205078,34.82748031616211,34.827842712402344,34.82831954956055,34.82874298095703,34.82908248901367,34.82910919189453,34.828819274902344,34.828147888183594,34.827125549316406,34.82585144042969,34.82437515258789,34.82286834716797,34.82139587402344,34.820152282714844,34.81916046142578,34.81843185424805,34.81794357299805,34.817535400390625,34.817161560058594,34.81672286987305,34.816165924072266,34.81548309326172,34.81463623046875,34.8137092590332,34.812679290771484,34.81167221069336,34.8106803894043,34.8098258972168,34.809104919433594,34.808570861816406
34.83647918701172,34.835330963134766,34.83428955078125,34.83312225341797,34.83205032348633,34.83087158203125,34.829803466796875,34.82868576049805,34.827720642089844,34.82674026489258,34.825927734375,34.82513427734375,34.82450866699219,34.82392120361328,34.823490142822266,34.823116302490234,34.822872161865234,34.822696685791016,34.8226203918457,34.822608947753906,34.82265853881836,34.82278060913086,34.82293701171875,34.82307434082031,34.82313919067383,34.82297134399414,34.82257843017578,34.82185363769531,34.8209228515625,34.81968307495117,34.818363189697266,34.81683349609375,34.815372467041016,34.81397247314453,34.81288146972656,34.81201934814453,34.81153869628906,34.811153411865234,34.810935974121094,34.8106575012207,34.81037521362305,34.80990982055664,34.80936050415039,34.80862045288086,34.80784225463867,34.80696105957031,34.80615234375,34.80536651611328,34.80476379394531,34.804264068603516
34.83091354370117,34.829734802246094,34.82865905761719,34.827457427978516,34.826358795166016,34.825157165527344,34.82407760620117,34.82294464111328,34.82196807861328,34.820980072021484,34.820159912109375,34.81937026977539,34.818756103515625,34.81819534301758,34.817787170410156,34.81743240356445,34.817195892333984,34.816986083984375,34.81685256958008,34.81671905517578,34.81661605834961,34.81649398803711,34.81638717651367,34.81617736816406,34.8159294128418,34.81543731689453,34.8148193359375,34.813934326171875,34.81296157836914,34.81175231933594,34.81053161621094,34.809104919433594,34.80772018432617,34.80634307861328,34.80522537231445,34.8043327331543,34.8038330078125,34.80348587036133,34.8033561706543,34.80324935913086,34.80317306518555,34.802974700927734,34.80267333984375,34.80221939086914,34.801673889160156,34.80105209350586,34.80044937133789,34.799888610839844,34.7994499206543,34.79912185668945
34.825225830078125,34.82400131225586,34.822879791259766,34.82163619995117,34.820491790771484,34.81926345825195,34.81816864013672,34.81703567504883,34.816070556640625,34.81509780883789,34.814300537109375,34.813533782958984,34.81294250488281,34.81239700317383,34.811988830566406,34.81161117553711,34.81132507324219,34.81104278564453,34.810813903808594,34.8105583190918,34.81031036376953,34.80999755859375,34.80965805053711,34.8091926574707,34.808658599853516,34.80791473388672,34.80707550048828,34.806053161621094,34.80502700805664,34.803855895996094,34.80275344848633,34.80145263671875,34.80020523071289,34.79890441894531,34.79779815673828,34.79689407348633,34.79635238647461,34.7960205078125,34.795955657958984,34.79597854614258,34.796104431152344,34.796142578125,34.796104431152344,34.79591751098633,34.79563522338867,34.79526901245117,34.7949104309082,34.79457092285156,34.79433059692383,34.79417037963867
34.818687438964844,34.817386627197266,34.81620788574219,34.81489944458008,34.81371307373047,34.81243896484375,34.81132125854492,34.8101692199707,34.80919647216797,34.808223724365234,34.80742645263672,34.80665588378906,34.806053161621094,34.805477142333984,34.805030822753906,34.8045768737793,34.8042106628418,34.80381393432617,34.803470611572266,34.803062438964844,34.80267333984375,34.802162170410156,34.8016357421875,34.80093002319336,34.8001823425293,34.79922866821289,34.79824447631836,34.79713821411133,34.796104431152344,34.79500198364258,34.79401779174805,34.792877197265625,34.791770935058594,34.790584564208984,34.78951644897461,34.78861618041992,34.78804016113281,34.7877082824707,34.78767776489258,34.78782653808594,34.788116455078125,34.78839874267578,34.788604736328125,34.78871536254883,34.78868865966797,34.78862380981445,34.78851318359375,34.78844451904297,34.78841018676758,34.78845977783203
34.812477111816406,34.811100006103516,34.80984878540039,34.8084831237793,34.80724334716797,34.80592727661133,34.80477523803711,34.80359649658203,34.8026008605957,34.801605224609375,34.800785064697266,34.799983978271484,34.799339294433594,34.79869842529297,34.79817199707031,34.79762268066406,34.79713821411133,34.7966194152832,34.796146392822266,34.79560470581055,34.795082092285156,34.79443359375,34.793758392333984,34.792911529541016,34.79202651977539,34.79096984863281,34.7899284362793,34.7888069152832,34.78781509399414,34.78678894042969,34.78592300415039,34.784915924072266,34.783966064453125,34.78289031982422,34.78189468383789,34.78101348876953,34.78040313720703,34.780059814453125,34.7800407409668,34.78025817871094,34.780677795410156,34.781131744384766,34.78155517578125,34.781898498535156,34.78211975097656,34.78230667114258,34.78244400024414,34.78260040283203,34.782779693603516,34.78300857543945
34.805789947509766,34.80430603027344,34.802978515625,34.801536560058594,34.80024337768555,34.79887771606445,34.79768371582031,34.79645919799805,34.79542541503906,34.794376373291016,34.79351043701172,34.79262924194336,34.79191207885742,34.791160583496094,34.79052734375,34.789833068847656,34.78921890258789,34.78853988647461,34.787933349609375,34.78723907470703,34.78659439086914,34.78580856323242,34.785030364990234,34.78407287597656,34.783119201660156,34.782020568847656,34.780975341796875,34.77989196777344,34.77895736694336,34.77802658081055,34.77725601196289,34.776390075683594,34.775569915771484,34.77462387084961,34.773712158203125,34.772865295410156,34.772239685058594,34.77187728881836,34.771846771240234,34.77210998535156,34.772613525390625,34.773223876953125,34.7738151550293,34.774391174316406,34.77483367919922,34.7752799987793,34.775638580322266,34.77605056762695,34.77642059326172,34.776859283447266
34.797027587890625,34.795387268066406,34.79393005371094,34.7923698425293,34.790992736816406,34.7895393371582,34.78827667236328,34.786964416503906,34.78583526611328,34.78466796875,34.783668518066406,34.78262710571289,34.781734466552734,34.78078079223633,34.779937744140625,34.779022216796875,34.7781982421875,34.777305603027344,34.77650451660156,34.775630950927734,34.774837493896484,34.77393341064453,34.773075103759766,34.7720832824707,34.77113723754883,34.77008819580078,34.76913070678711,34.768150329589844,34.76731872558594,34.76649475097656,34.76582717895508,34.76508712768555,34.7644157409668,34.76361846923828,34.76284408569336,34.7620735168457,34.761451721191406,34.76105880737305,34.76097106933594,34.761207580566406,34.7617301940918,34.76242446899414,34.76316833496094,34.763946533203125,34.764625549316406,34.76533508300781,34.765953063964844,34.766632080078125,34.767250061035156,34.767921447753906
34.78865432739258,34.78684997558594,34.78526306152344,34.78358459472656,34.78211212158203,34.78056716918945,34.77922439575195,34.777809143066406,34.77657699584961,34.77527618408203,34.77413558959961,34.772918701171875,34.7718391418457,34.77067565917969,34.76962661743164,34.76849365234375,34.7674674987793,34.7663688659668,34.7653923034668,34.76435089111328,34.763423919677734,34.762413024902344,34.76148986816406,34.760475158691406,34.759552001953125,34.75856399536133,34.757694244384766,34.756805419921875,34.756072998046875,34.755340576171875,34.754756927490234,34.75413131713867,34.75358581542969,34.752925872802734,34.752281188964844,34.7515869140625,34.7509765625,34.75055694580078,34.75040054321289,34.75059127807617,34.751094818115234,34.75183868408203,34.752689361572266,34.753639221191406,34.7545166015625,34.755462646484375,34.756309509277344,34.757232666015625,34.75807189941406,34.75896453857422
34.78361129760742,34.78169631958008,34.78002166748047,34.77825164794922,34.77670669555664,34.77507781982422,34.77366256713867,34.77215576171875,34.77083969116211,34.76942443847656,34.76817321777344,34.76681900024414,34.7656135559082,34.76429748535156,34.76312255859375,34.761837005615234,34.76069641113281,34.75946807861328,34.75839614868164,34.75724792480469,34.756248474121094,34.75517272949219,34.754215240478516,34.7531852722168,34.75226974487305,34.75130844116211,34.7504768371582,34.7496337890625,34.74893569946289,34.74824905395508,34.7476921081543,34.74711608886719,34.74661636352539,34.74602508544922,34.74544906616211,34.74480438232422,34.74421310424805,34.743770599365234,34.74356460571289,34.74368667602539,34.7441291809082,34.744842529296875,34.745704650878906,34.7467041015625,34.747657775878906,34.74871063232422,34.74966049194336,34.750709533691406,34.751651763916016,34.75266647338867
34.779537200927734,34.77753829956055,34.77578353881836,34.773929595947266,34.772308349609375,34.77060317993164,34.769107818603516,34.76751708984375,34.766109466552734,34.76459503173828,34.76323699951172,34.76176834106445,34.76044464111328,34.759010314941406,34.757713317871094,34.75632095336914,34.75507354736328,34.753753662109375,34.75259017944336,34.751365661621094,34.75029754638672,34.74916458129883,34.748165130615234,34.747108459472656,34.74618911743164,34.74523162841797,34.744415283203125,34.74359130859375,34.742916107177734,34.742244720458984,34.74170684814453,34.741153717041016,34.74068832397461,34.74013900756836,34.7396125793457,34.73823928833008,34.73638916015625,34.73515319824219,34.73487091064453,34.734886169433594,34.735198974609375,34.73581314086914,34.73661422729492,34.73759841918945,34.73859405517578,34.739707946777344,34.74074172973633,34.74188232421875,34.742919921875,34.7440299987793
34.77545166015625,34.773372650146484,34.77154541015625,34.76960754394531,34.767921447753906,34.7661247253418,34.76456069946289,34.762874603271484,34.761383056640625,34.759761810302734,34.75830841064453,34.756717681884766,34.755287170410156,34.75372314453125,34.752323150634766,34.75081253051758,34.74946975708008,34.748043060302734,34.74679946899414,34.7454833984375,34.74434280395508,34.743133544921875,34.742088317871094,34.740989685058594,34.74004364013672,34.73907470703125,34.73825454711914,34.73743438720703,34.73676300048828,34.73610305786133,34.735572814941406,34.73503875732422,34.734588623046875,34.734073638916016,34.733577728271484,34.731727600097656,34.72861862182617,34.726844787597656,34.72649002075195,34.72639465332031,34.7265739440918,34.727073669433594,34.72779083251953,34.72874450683594,34.7297477722168,34.73090362548828,34.73199462890625,34.73320770263672,34.73431396484375,34.735511779785156
34.770286560058594,34.76815414428711,34.76626205444336,34.76425552368164,34.76249313354492,34.7606201171875,34.75897216796875,34.75719451904297,34.755611419677734,34.753883361816406,34.752323150634766,34.750614166259766,34.749061584472656,34.74737548828125,34.74585723876953,34.744224548339844,34.74277114868164,34.74123001098633,34.73987579345703,34.73845291137695,34.73720932006836,34.735904693603516,34.734771728515625,34.73359680175781,34.73258972167969,34.731563568115234,34.730709075927734,34.7298583984375,34.72916793823242,34.728492736816406,34.72795486450195,34.727413177490234,34.72696304321289,34.7264518737793,34.725975036621094,34.724647521972656,34.72282791137695,34.72154235839844,34.72114562988281,34.720970153808594,34.7210578918457,34.72145462036133,34.72209167480469,34.72297286987305,34.72394561767578,34.72507858276367,34.72616958618164,34.727386474609375,34.72850799560547,34.72972869873047
34.765159606933594,34.76298522949219,34.76105880737305,34.75899887084961,34.75718307495117,34.755245208740234,34.753536224365234,34.75168228149414,34.750022888183594,34.74820327758789,34.74655532836914,34.74474334716797,34.74309158325195,34.74129867553711,34.739681243896484,34.73794174194336,34.736392974853516,34.73474884033203,34.733299255371094,34.731773376464844,34.73043441772461,34.729034423828125,34.727821350097656,34.726566314697266,34.725494384765625,34.72441101074219,34.7235107421875,34.722625732421875,34.72190856933594,34.72121047973633,34.72065734863281,34.720096588134766,34.719635009765625,34.71912384033203,34.718658447265625,34.71810531616211,34.717567443847656,34.7170295715332,34.716590881347656,34.71635055541992,34.716346740722656,34.716651916503906,34.71719741821289,34.7180061340332,34.71892166137695,34.72001266479492,34.7210807800293,34.722286224365234,34.72268295288086,34.72270965576172
34.76115798950195,34.759010314941406,34.75709915161133,34.75505447387695,34.75324249267578,34.75130844116211,34.749595642089844,34.74773025512695,34.746055603027344,34.74421691894531,34.742549896240234,34.7407112121582,34.73904037475586,34.737220764160156,34.73558044433594,34.73381805419922,34.73224639892578,34.730567932128906,34.729095458984375,34.7275276184082,34.72615432739258,34.72471237182617,34.72346115112305,34.722164154052734,34.7210578918457,34.71993637084961,34.71900939941406,34.71809005737305,34.717350006103516,34.71662139892578,34.71604537963867,34.715457916259766,34.7149772644043,34.71445083618164,34.7139778137207,34.71342086791992,34.7128791809082,34.712318420410156,34.71184158325195,34.71152877807617,34.71144104003906,34.71163558959961,34.71208953857422,34.712799072265625,34.713645935058594,34.71467208862305,34.715702056884766,34.71687316894531,34.71677780151367,34.7155876159668
34.757164001464844,34.755062103271484,34.752403259277344,34.74909973144531,34.7465705871582,34.744712829589844,34.74306106567383,34.74126052856445,34.73963165283203,34.73784637451172,34.73622512817383,34.73444366455078,34.73282241821289,34.7310676574707,34.729488372802734,34.72779083251953,34.72627258300781,34.72465515136719,34.72322082519531,34.7216911315918,34.7203369140625,34.718910217285156,34.71766662597656,34.71636962890625,34.71525955200195,34.71413040161133,34.71318817138672,34.71224594116211,34.71147155761719,34.71070861816406,34.710086822509766,34.7094612121582,34.70893859863281,34.70838165283203,34.707889556884766,34.70732116699219,34.7067756652832,34.70619201660156,34.70567321777344,34.70528030395508,34.705081939697266,34.70514678955078,34.70545959472656,34.706024169921875,34.70674514770508,34.707664489746094,34.70861053466797,34.7097053527832,34.71003341674805,34.71000289916992
34.75189971923828,34.7498893737793,34.74677658081055,34.74224853515625,34.739295959472656,34.73754119873047,34.73597717285156,34.73426055908203,34.73270797729492,34.73099899291992,34.729461669921875,34.72776794433594,34.726234436035156,34.724578857421875,34.72310256958008,34.72150421142578,34.72008514404297,34.71855545043945,34.717201232910156,34.71574401855469,34.714447021484375,34.713069915771484,34.71186447143555,34.71059799194336,34.70950698852539,34.7083854675293,34.70744323730469,34.70648956298828,34.705692291259766,34.70489501953125,34.70423889160156,34.70357131958008,34.7030143737793,34.70242691040039,34.70191192626953,34.701332092285156,34.70021438598633,34.69866180419922,34.697547912597656,34.697078704833984,34.696773529052734,34.696685791015625,34.69682693481445,34.69721603393555,34.697776794433594,34.698543548583984,34.69937515258789,34.70036315917969,34.70133590698242,34.70243453979492
34.741947174072266,34.740142822265625,34.737754821777344,34.7347297668457,34.73242950439453,34.73081588745117,34.729373931884766,34.72779083251953,34.726341247558594,34.72477340698242,34.723350524902344,34.721805572509766,34.720401763916016,34.718902587890625,34.717567443847656,34.71613693237305,34.71485137939453,34.71348190307617,34.712257385253906,34.710941314697266,34.70975875854492,34.708499908447266,34.7073860168457,34.70621871948242,34.705196380615234,34.70414352416992,34.7032470703125,34.70232391357422,34.70154571533203,34.70075225830078,34.70009231567383,34.69941329956055,34.69884490966797,34.698246002197266,34.69772720336914,34.697147369384766,34.695655822753906,34.69315719604492,34.69166946411133,34.69117736816406,34.69081497192383,34.69063949584961,34.690677642822266,34.69095230102539,34.691402435302734,34.69206237792969,34.69281005859375,34.6937255859375,34.694637298583984,34.695682525634766
34.730926513671875,34.72935104370117,34.72798156738281,34.726478576660156,34.725128173828125,34.72366714477539,34.72098922729492,34.717315673828125,34.71473693847656,34.71345901489258,34.71231460571289,34.71107482910156,34.709957122802734,34.708778381347656,34.70774459838867,34.70663833618164,34.70565414428711,34.70460891723633,34.70368194580078,34.70267868041992,34.7017707824707,34.70079803466797,34.69993209838867,34.699012756347656,34.69819259643555,34.69733810424805,34.696590423583984,34.695804595947266,34.69511795043945,34.69440460205078,34.69379425048828,34.69316101074219,34.6926155090332,34.692047119140625,34.691551208496094,34.69100570678711,34.68993377685547,34.68843460083008,34.68735885620117,34.68688201904297,34.68651580810547,34.68631362915039,34.686309814453125,34.68653106689453,34.686927795410156,34.687538146972656,34.68824768066406,34.689125061035156,34.69001388549805,34.69103240966797
