earth/public/data/ocean/C53/ANN-vosaline-depthz-1000m-gfs-1.0.json
{"header": {"discipline": 0, "disciplineName": "Meteorological products", "gribEdition": 2, "gribLength": 131138.0, "center": 0, "centerName": "Kiel Climate Model", "subcenter": 0, "refTime": "1", "significanceOfRT": 1, "significanceOfRTName": "Start of forecast", "productStatus": 0, "productStatusName": "Operational products", "productType": 1, "productTypeName": "Forecast products", "productDefinitionTemplate": 0, "productDefinitionTemplateName": "Analysis/forecast at horizontal level/layer at a point in time", "parameterCategory": 2, "parameterCategoryName": "Momentum", "parameterNumber": 2, "parameterNumberName": "U-component_of_wind", "parameterUnit": "PSU", "genProcessType": 2, "genProcessTypeName": "Forecast", "forecastTime": 0, "surface1Type": 103, "surface1TypeName": "Specified height level above ground", "surface1Value": 10, "surface2Type": 255, "surface2TypeName": "Missing", "surface2Value": 0, "gridDefinitionTemplate": 0, "gridDefinitionTemplateName": "Latitude_Longitude", "numberPoints": 65160, "shape": 6, "shapeName": "Earth spherical with radius of 6,371,229.0 m", "gridUnits": "degrees", "resolution": 48, "winds": "true", "scanMode": 0, "nx": 360.0, "ny": 180.0, "basicAngle": 0, "subDivisions": 0, "lo1": 0.0, "la1": -89.5, "lo2": 359.0, "la2": 89.5, "dx": 1.0, "dy": -1.0}, "data":
[rows 22 to 43 of 180, columns 150 to 199 of 360]
null,34.75053787231445,34.75066375732422,34.75088882446289,34.75119400024414,34.751522064208984,34.7518310546875,34.752052307128906,34.75225067138672,34.75238037109375,34.75248336791992,34.752532958984375,34.75252914428711,34.752464294433594,34.752342224121094,34.75218200683594,34.75200653076172,34.7518424987793,34.7516975402832,34.75160217285156,34.75155258178711,34.751564025878906,34.751644134521484,34.75177764892578,34.75199890136719,34.75226593017578,34.75264358520508,34.7530517578125,34.75358963012695,34.754154205322266,34.75486755371094,34.7556037902832,34.75651550292969,34.7574348449707,34.75855255126953,34.75966262817383,34.76027297973633,34.76097869873047,34.762264251708984,34.76374053955078,34.76515579223633,34.766746520996094,34.76823043823242,34.76985549926758,34.771339416503906,34.77291488647461,34.77431106567383,34.7757453918457,34.776973724365234,34.77818298339844
null,34.75044250488281,34.75056838989258,34.75074768066406,34.7509880065918,34.75128173828125,34.751556396484375,34.75176239013672,34.75192642211914,34.752010345458984,34.75205612182617,34.752044677734375,34.75197982788086,34.751869201660156,34.751708984375,34.751529693603516,34.751338958740234,34.75117111206055,34.75101852416992,34.750911712646484,34.7508544921875,34.750850677490234,34.75090789794922,34.751014709472656,34.7512092590332,34.75144577026367,34.751792907714844,34.75217819213867,34.75270462036133,34.75326919555664,34.75402069091797,34.75481414794922,34.75585174560547,34.756927490234375,34.75828552246094,34.75967025756836,34.76043701171875,34.7613639831543,34.76305389404297,34.765037536621094,34.7669563293457,34.76913070678711,34.771175384521484,34.77341842651367,34.77545928955078,34.77763366699219,34.7795524597168,34.78152847290039,34.7832145690918,34.784889221191406
null,null,null,34.75078201293945,34.750938415527344,34.75115203857422,34.75137710571289,34.7515754699707,34.75172805786133,34.75180435180664,34.751834869384766,34.75181198120117,34.75173568725586,34.75162124633789,34.75147247314453,34.751312255859375,34.75114440917969,34.750999450683594,34.750877380371094,34.75080108642578,34.75077819824219,34.75082015991211,34.75094985961914,34.751136779785156,34.75144577026367,34.75180435180664,34.7523078918457,34.75285339355469,34.75358200073242,34.75434875488281,34.75535202026367,34.75640106201172,34.757747650146484,34.75914001464844,34.76088333129883,34.76265335083008,34.76362991333008,34.76479721069336,34.76692199707031,34.7693977355957,34.77177047729492,34.77443313598633,34.77690505981445,34.77958679199219,34.78199768066406,34.7845344543457,34.786746978759766,34.78901672363281,34.790931701660156,34.79283905029297
null,null,null,34.75087356567383,34.750999450683594,34.75117874145508,34.75133514404297,34.75148010253906,34.751590728759766,34.75165557861328,34.751670837402344,34.75164031982422,34.75156784057617,34.75146484375,34.75133514404297,34.75120162963867,34.75108337402344,34.75100326538086,34.75101852416992,34.7511100769043,34.75139236450195,34.75178146362305,34.752410888671875,34.75311279296875,34.75407409667969,34.75505065917969,34.75627899169922,34.75747299194336,34.758941650390625,34.76035690307617,34.7620964050293,34.7637939453125,34.765869140625,34.767906188964844,34.770362854003906,34.77275848388672,34.774085998535156,34.775569915771484,34.778263092041016,34.781307220458984,34.784141540527344,34.78723907470703,34.790035247802734,34.792999267578125,34.795597076416016,34.79826736450195,34.8005485534668,34.80283737182617,34.80473709106445,34.80659866333008
34.752906799316406,null,null,null,null,34.75137710571289,34.7514533996582,34.75150680541992,34.751556396484375,34.751583099365234,34.7515754699707,34.75153350830078,34.75145721435547,34.75136184692383,34.75125503540039,34.75115966796875,34.75117874145508,34.751304626464844,34.751739501953125,34.75238800048828,34.75349807739258,34.754859924316406,34.75667953491211,34.758628845214844,34.760948181152344,34.763221740722656,34.765785217285156,34.7681884765625,34.77085876464844,34.773338317871094,34.77613067626953,34.77876663208008,34.78177261352539,34.784637451171875,34.78790283203125,34.79100799560547,34.79270553588867,34.79447555541992,34.79771041870117,34.80121994018555,34.80440139770508,34.80775451660156,34.81068420410156,34.81369400024414,34.816246032714844,34.81879425048828,34.82088851928711,34.822933197021484,34.824562072753906,34.82612609863281
34.75297546386719,null,null,null,null,34.751739501953125,34.75164794921875,34.75162124633789,34.75160217285156,34.751590728759766,34.751548767089844,34.75148391723633,34.751399993896484,34.751304626464844,34.751285552978516,34.7513313293457,34.751747131347656,34.7524299621582,34.75380325317383,34.75558853149414,34.75820541381836,34.761146545410156,34.764774322509766,34.76840591430664,34.7724723815918,34.77622985839844,34.78025817871094,34.78382873535156,34.78762435913086,34.79096221923828,34.79459762573242,34.79787826538086,34.8015251159668,34.80488586425781,34.80863571166992,34.81210708618164,34.81401443481445,34.8159065246582,34.81935501098633,34.82302474975586,34.826263427734375,34.82959747314453,34.832435607910156,34.83527755737305,34.837608337402344,34.839874267578125,34.84165954589844,34.84334945678711,34.844635009765625,34.84581756591797
34.75304412841797,34.752933502197266,34.752769470214844,34.75260925292969,34.75231170654297,34.75200271606445,34.751827239990234,34.75174331665039,34.75167465209961,34.751625061035156,34.751548767089844,34.751461029052734,34.75140380859375,34.75138854980469,34.75167465209961,34.752197265625,34.7535400390625,34.755428314208984,34.75851058959961,34.76218795776367,34.767005920410156,34.77206802368164,34.77788543701172,34.78339767456055,34.78923797607422,34.79434585571289,34.7995719909668,34.80397033691406,34.808448791503906,34.81221389770508,34.816184997558594,34.81966018676758,34.82344436645508,34.82686996459961,34.83064651489258,34.83409881591797,34.835994720458984,34.83783721923828,34.8411865234375,34.84470748901367,34.8477668762207,34.85087585449219,34.85346984863281,34.85601806640625,34.85805892944336,34.85999298095703,34.86146926879883,34.862815856933594,34.86378860473633,34.86463928222656
34.75312423706055,34.752952575683594,34.752750396728516,34.7525520324707,34.752323150634766,34.75210952758789,34.751930236816406,34.7518196105957,34.7517204284668,34.751651763916016,34.751583099365234,34.75151824951172,34.751670837402344,34.75199508666992,34.753074645996094,34.75468063354492,34.75772476196289,34.76161575317383,34.7672119140625,34.77347183227539,34.78108215332031,34.78865051269531,34.796939849853516,34.80443572998047,34.81205368041992,34.81840896606445,34.82463836669922,34.829620361328125,34.83448791503906,34.8383674621582,34.84233856201172,34.84569549560547,34.84930419921875,34.85251998901367,34.85605239868164,34.85927200317383,34.86103820800781,34.862735748291016,34.86582565307617,34.869049072265625,34.871822357177734,34.874603271484375,34.876888275146484,34.87909698486328,34.88082504272461,34.88241958618164,34.88359451293945,34.884620666503906,34.885311126708984,34.8858642578125
34.753326416015625,34.75307846069336,34.7528076171875,34.7525634765625,34.7523307800293,34.75215530395508,34.75200653076172,34.75191116333008,34.75184631347656,34.751827239990234,34.75192642211914,34.75211715698242,34.752891540527344,34.754085540771484,34.75661087036133,34.75998306274414,34.765384674072266,34.771827697753906,34.78038024902344,34.789493560791016,34.800106048583984,34.810298919677734,34.82113265991211,34.83063507080078,34.84001159667969,34.847557067871094,34.85467529296875,34.860069274902344,34.865108489990234,34.86887741088867,34.87259292602539,34.875579833984375,34.87875747680664,34.88154983520508,34.8846321105957,34.88744354248047,34.88899230957031,34.890480041503906,34.8931884765625,34.89599609375,34.898399353027344,34.900779724121094,34.9027099609375,34.90453338623047,34.90592575073242,34.90717697143555,34.90805435180664,34.908775329589844,34.90920639038086,34.909488677978516
34.753902435302734,34.75362777709961,34.75334930419922,34.75311279296875,34.752906799316406,34.75276184082031,34.752689361572266,34.752689361572266,34.752838134765625,34.753082275390625,34.753761291503906,34.75471878051758,34.756736755371094,34.75942611694336,34.76392364501953,34.769405364990234,34.77730941772461,34.78622055053711,34.797550201416016,34.80927658081055,34.82271194458008,34.8354377746582,34.84880447387695,34.86038589477539,34.87163162231445,34.88048553466797,34.8885612487793,34.894378662109375,34.899559020996094,34.90314865112305,34.90650177001953,34.90900802612305,34.911624908447266,34.91386795043945,34.91636657714844,34.91866683959961,34.91992950439453,34.9211540222168,34.92338562011719,34.92567825317383,34.92761993408203,34.929508209228516,34.93101119995117,34.93238830566406,34.93339920043945,34.934261322021484,34.93482208251953,34.93522644042969,34.93540573120117,34.93543243408203
34.75567626953125,34.75555419921875,34.7555046081543,34.75551986694336,34.75560760498047,34.7557258605957,34.756011962890625,34.75639343261719,34.75718688964844,34.75822067260742,34.76012420654297,34.76251983642578,34.7663459777832,34.77089309692383,34.777400970458984,34.78471374511719,34.79454803466797,34.805171966552734,34.81847381591797,34.832088470458984,34.84779357910156,34.86276626586914,34.87855911254883,34.89231491088867,34.90559387207031,34.915985107421875,34.92523956298828,34.931663513183594,34.9371223449707,34.94061279296875,34.94365692138672,34.94569396972656,34.9477424621582,34.94942092895508,34.951290130615234,34.95301055908203,34.95396041870117,34.95487594604492,34.95654296875,34.95821762084961,34.959598541259766,34.96089553833008,34.96187210083008,34.96271514892578,34.96327590942383,34.963687896728516,34.9638786315918,34.96392822265625,34.96382522583008,34.96357345581055
34.75790786743164,34.7580451965332,34.758338928222656,34.75876235961914,34.75927734375,34.759822845458984,34.76060104370117,34.761505126953125,34.7630729675293,34.76507568359375,34.76821517944336,34.772003173828125,34.777320861816406,34.78329086303711,34.79111862182617,34.79944610595703,34.810245513916016,34.821590423583984,34.835811614990234,34.85034942626953,34.86735534667969,34.883792877197266,34.90125274658203,34.916648864746094,34.93148422241211,34.943145751953125,34.9533805847168,34.960384368896484,34.96614456176758,34.969635009765625,34.97250747680664,34.97423553466797,34.975894927978516,34.9771614074707,34.97857666015625,34.97985076904297,34.980560302734375,34.98123550415039,34.98244094848633,34.98362350463867,34.98453903198242,34.9853515625,34.98589324951172,34.98630142211914,34.986480712890625,34.98652648925781,34.986412048339844,34.98617172241211,34.98583221435547,34.9853630065918
34.76155471801758,34.762027740478516,34.76285934448242,34.76383590698242,34.76509475708008,34.766326904296875,34.76796340942383,34.76960754394531,34.772216796875,34.775211334228516,34.779544830322266,34.784332275390625,34.79069519042969,34.79740905761719,34.805824279785156,34.814388275146484,34.82529830932617,34.836585998535156,34.850826263427734,34.865455627441406,34.88289260864258,34.89995574951172,34.91836166381836,34.93470764160156,34.950626373291016,34.96314239501953,34.97415542602539,34.981605529785156,34.98767852783203,34.99124526977539,34.99406814575195,34.995643615722656,34.997066497802734,34.99810028076172,34.99920654296875,35.000205993652344,35.00075149536133,35.00123596191406,35.002132415771484,35.0029296875,35.00350570678711,35.003929138183594,35.004146575927734,35.004188537597656,35.00408172607422,35.003814697265625,35.00346374511719,35.00297164916992,35.00244903564453,35.00178146362305
34.77133560180664,34.77269744873047,34.77465057373047,34.776817321777344,34.779632568359375,34.78255081176758,34.7860221862793,34.78937530517578,34.793914794921875,34.79879379272461,34.80485534667969,34.81099319458008,34.818443298339844,34.82586669921875,34.83449935913086,34.842803955078125,34.8531379699707,34.8636589050293,34.87711715698242,34.8911018371582,34.90829086303711,34.92561340332031,34.944644927978516,34.96197509765625,34.978965759277344,34.9925537109375,35.00446701049805,35.01255798339844,35.01906204223633,35.022796630859375,35.0256462097168,35.02708053588867,35.028297424316406,35.02906799316406,35.02984619140625,35.030494689941406,35.030853271484375,35.03110122680664,35.031558990478516,35.03185272216797,35.031925201416016,35.03181076049805,35.031524658203125,35.03105545043945,35.03049087524414,35.0297737121582,35.02903747558594,35.028175354003906,35.027339935302734,35.02637481689453
34.79136657714844,34.79454040527344,34.7984619140625,34.80238723754883,34.80762481689453,34.813209533691406,34.81953048706055,34.825439453125,34.832794189453125,34.840267181396484,34.84858322143555,34.85624694824219,34.864845275878906,34.872833251953125,34.88137435913086,34.88893127441406,34.89807891845703,34.907169342041016,34.919044494628906,34.931575775146484,34.94773864746094,34.964637756347656,34.98377227783203,35.001712799072266,35.0195426940918,35.03406524658203,35.046817779541016,35.055519104003906,35.06244659423828,35.06636047363281,35.069244384765625,35.07057189941406,35.071590423583984,35.072105407714844,35.07254409790039,35.07281494140625,35.072967529296875,35.07293701171875,35.07288360595703,35.07255935668945,35.072017669677734,35.07121276855469,35.07027816772461,35.069129943847656,35.06796646118164,35.0666389465332,35.06538009643555,35.063987731933594,35.06270980834961,35.06129837036133
34.823726654052734,34.82951354980469,34.83592987060547,34.841796875,34.84965133666992,34.85807418823242,34.86734390258789,34.87580490112305,34.88582229614258,34.895606994628906,34.90575408935547,34.914451599121094,34.92363739013672,34.93166732788086,34.93962860107422,34.94608688354492,34.95365524291992,34.960960388183594,34.970733642578125,34.981204986572266,34.99544906616211,35.010894775390625,35.02894973754883,35.04637908935547,35.06393814086914,35.0784912109375,35.091312408447266,35.1001091003418,35.10708236694336,35.11098861694336,35.11382293701172,35.115081787109375,35.115997314453125,35.116397857666016,35.116661071777344,35.11673355102539,35.11677551269531,35.11655044555664,35.11613464355469,35.11533737182617,35.114295959472656,35.1129035949707,35.11140060424805,35.10963439941406,35.107913970947266,35.105995178222656,35.104225158691406,35.10228729248047,35.10054016113281,35.098636627197266
34.871421813964844,34.880123138427734,34.88921356201172,34.89704513549805,34.9072380065918,34.91796112060547,34.9295654296875,34.93998336791992,34.95182800292969,34.96300506591797,34.974124908447266,34.98322677612305,34.992374420166016,34.999935150146484,35.00699234008789,35.012271881103516,35.0181999206543,35.02368927001953,35.031227111816406,35.03943634033203,35.05120086669922,35.064395904541016,35.0803337097168,35.09614181518555,35.11229705810547,35.125892639160156,35.137908935546875,35.14619064331055,35.15271759033203,35.15631866455078,35.15892791748047,35.160072326660156,35.16091537475586,35.16130828857422,35.16154479980469,35.161582946777344,35.16160583496094,35.1612548828125,35.160621643066406,35.159488677978516,35.158058166503906,35.15618896484375,35.15422058105469,35.15193176269531,35.14973831176758,35.14729690551758,35.14505386352539,35.142608642578125,35.14040756225586,35.138023376464844
34.91472244262695,34.92555618286133,34.93655014038086,34.9458122253418,34.95745086669922,34.96942138671875,34.982261657714844,34.99368667602539,35.00632095336914,35.01788330078125,35.029212951660156,35.038238525390625,35.04703903198242,35.05398941040039,35.060264587402344,35.064674377441406,35.06944274902344,35.07362747192383,35.079551696777344,35.0860481262207,35.09584426879883,35.10704040527344,35.12101745605469,35.13511276245117,35.14974594116211,35.16216278076172,35.17320251464844,35.1807975769043,35.18677520751953,35.19000244140625,35.192352294921875,35.19337844848633,35.19417190551758,35.1945915222168,35.19485855102539,35.19493103027344,35.19497299194336,35.19456100463867,35.193809509277344,35.192474365234375,35.19078826904297,35.18861770629883,35.186344146728516,35.1837272644043,35.18122482299805,35.1784553527832,35.17589569091797,35.173118591308594,35.17060852050781,35.16790771484375
34.95333480834961,34.965049743652344,34.97701644897461,34.98700714111328,34.99923324584961,35.011451721191406,35.024513244628906,35.03606033325195,35.04855728149414,35.05977249145508,35.07065200805664,35.07926940917969,35.08748245239258,35.09384536743164,35.099449157714844,35.103328704833984,35.10731887817383,35.110755920410156,35.1156005859375,35.12104034423828,35.12934112548828,35.13909912109375,35.151363372802734,35.16404724121094,35.17719650268555,35.18854522705078,35.19856643676758,35.205528259277344,35.21092987060547,35.21384048461914,35.215938568115234,35.216861724853516,35.21760177612305,35.21802520751953,35.218299865722656,35.21837615966797,35.21841812133789,35.21795654296875,35.21712112426758,35.21563720703125,35.21379089355469,35.21142578125,35.208984375,35.206180572509766,35.20353698730469,35.20059585571289,35.19790267944336,35.19496154785156,35.192317962646484,35.189456939697266
35.01626968383789,35.02813720703125,35.0404052734375,35.0509147644043,35.06309509277344,35.07478332519531,35.08717727661133,35.098079681396484,35.109527587890625,35.119483947753906,35.12911605834961,35.136695861816406,35.143795013427734,35.14913558959961,35.15380859375,35.1569709777832,35.16011428833008,35.162662506103516,35.16632843017578,35.17042922973633,35.176918029785156,35.18459701538086,35.194549560546875,35.2049560546875,35.215919494628906,35.22544479370117,35.23390197753906,35.23976516723633,35.24430847167969,35.2467041015625,35.248443603515625,35.24921798706055,35.24985122680664,35.2502326965332,35.25043487548828,35.25042724609375,35.25041961669922,35.24986267089844,35.24885177612305,35.24715042114258,35.24506759643555,35.242469787597656,35.23982620239258,35.236846923828125,35.23407745361328,35.23102569580078,35.228248596191406,35.225223541259766,35.222496032714844,35.21954345703125
35.103973388671875,35.115116119384766,35.1269416809082,35.13734436035156,35.14870071411133,35.15898895263672,35.1698112487793,35.179229736328125,35.18877410888672,35.19672393798828,35.20438766479492,35.21037292480469,35.215850830078125,35.21982955932617,35.22328186035156,35.22557830810547,35.22773361206055,35.22935104370117,35.2317008972168,35.23434066772461,35.23868942260742,35.24393081665039,35.250972747802734,35.258506774902344,35.266571044921875,35.273681640625,35.28001022338867,35.284400939941406,35.287784576416016,35.2895393371582,35.290828704833984,35.29141616821289,35.29188537597656,35.29216003417969,35.29218673706055,35.29196548461914,35.29184341430664,35.29111862182617,35.28980255126953,35.287750244140625,35.285335540771484,35.28242111206055,35.279537200927734,35.276371002197266,35.27349853515625,35.27037811279297,35.267574310302734,35.26451873779297,35.26176834106445,35.258766174316406
35.16945266723633,35.179508209228516,35.1904182434082,35.20013427734375,35.21036148071289,35.21915817260742,35.22841262817383,35.236331939697266,35.244205474853516,35.25049591064453,35.25658416748047,35.261268615722656,35.265525817871094,35.268516540527344,35.271121978759766,35.272830963134766,35.27438735961914,35.27548599243164,35.27709197998047,35.27888107299805,35.28193664550781,35.28563690185547,35.29077911376953,35.296329498291016,35.30238723754883,35.3077507019043,35.31256866455078,35.31587600708008,35.318443298339844,35.319759368896484,35.320743560791016,35.32120895385742,35.32155227661133,35.321712493896484,35.32155990600586,35.321109771728516,35.320865631103516,35.31999206542969,35.318389892578125,35.316043853759766,35.31336212158203,35.31022262573242,35.30718231201172,35.303916931152344,35.30101013183594,35.297889709472656,35.29512023925781,35.29209899902344,35.28937911987305,35.28639221191406
