earth/public/data/ocean/C53/ANN-votemper-depthz-3000m-gfs-1.0.json
{"header": {"discipline": 0, "disciplineName": "Meteorological products", "gribEdition": 2, "gribLength": 131138.0, "center": 0, "centerName": "Kiel Climate Model", "subcenter": 0, "refTime": "1", "significanceOfRT": 1, "significanceOfRTName": "Start of forecast", "productStatus": 0, "productStatusName": "Operational products", "productType": 1, "productTypeName": "Forecast products", "productDefinitionTemplate": 0, "productDefinitionTemplateName": "Analysis/forecast at horizontal level/layer at a point in time", "parameterCategory": 2, "parameterCategoryName": "Momentum", "parameterNumber": 2, "parameterNumberName": "U-component_of_wind", "parameterUnit": "C", "genProcessType": 2, "genProcessTypeName": "Forecast", "forecastTime": 0, "surface1Type": 103, "surface1TypeName": "Specified height level above ground", "surface1Value": 10, "surface2Type": 255, "surface2TypeName": "Missing", "surface2Value": 0, "gridDefinitionTemplate": 0, "gridDefinitionTemplateName": "Latitude_Longitude", "numberPoints": 65160, "shape": 6, "shapeName": "Earth spherical with radius of 6,371,229.0 m", "gridUnits": "degrees", "resolution": 48, "winds": "true", "scanMode": 0, "nx": 360.0, "ny": 180.0, "basicAngle": 0, "subDivisions": 0, "lo1": 0.0, "la1": -89.5, "lo2": 359.0, "la2": 89.5, "dx": 1.0, "dy": -1.0}, "data":
[rows 69 to 91 of 180, columns 204 to 254 of 360]
6.18602991104126,6.186394214630127,6.186765193939209,6.1874003410339355,6.188167572021484,6.189236164093018,6.190398216247559,6.191877841949463,6.1933979988098145,6.195102214813232,6.196679592132568,6.198344707489014,6.199798583984375,6.201228141784668,6.202377796173096,6.203409671783447,6.204143524169922,6.204819202423096,6.205317974090576,6.205777168273926,6.206117630004883,6.206456661224365,6.206740379333496,6.207028388977051,6.207273483276367,6.207549571990967,6.2078094482421875,6.208134651184082,6.208469867706299,6.208856582641602,6.209227561950684,6.209676742553711,6.210124969482422,6.210624694824219,6.21108865737915,6.211605548858643,6.21208381652832,6.212614059448242,6.213100433349609,6.21360969543457,6.214050769805908,6.214476585388184,6.214815616607666,6.2151360511779785,6.215385437011719,6.215669631958008,6.215936660766602,6.2164130210876465,6.217012405395508,6.217848777770996,6.2187724113464355
6.1838836669921875,6.184057712554932,6.184265613555908,6.184713363647461,6.185330867767334,6.186253070831299,6.187321186065674,6.1887030601501465,6.190154075622559,6.1918206214904785,6.1934051513671875,6.195082664489746,6.196549892425537,6.19801139831543,6.199201583862305,6.200300216674805,6.201105117797852,6.201830863952637,6.202341556549072,6.202825546264648,6.203196048736572,6.203573703765869,6.203891754150391,6.2042155265808105,6.204484939575195,6.20479154586792,6.205078125,6.205432891845703,6.205789566040039,6.206198692321777,6.20658540725708,6.207055568695068,6.207523345947266,6.208049297332764,6.208536148071289,6.2090840339660645,6.209589958190918,6.210144519805908,6.210643291473389,6.211180210113525,6.211654186248779,6.212142467498779,6.212552547454834,6.212958335876465,6.213278293609619,6.2136383056640625,6.213961124420166,6.214488506317139,6.215117931365967,6.216003894805908,6.216980934143066
6.182239055633545,6.182285785675049,6.182363033294678,6.182681560516357,6.183173179626465,6.183996200561523,6.18499231338501,6.186298847198486,6.187672138214111,6.1892852783203125,6.190840721130371,6.192498683929443,6.19395637512207,6.195420742034912,6.19662618637085,6.197757244110107,6.198610782623291,6.199368000030518,6.199894905090332,6.200362205505371,6.20068359375,6.201034069061279,6.201346397399902,6.201675891876221,6.201963424682617,6.202287673950195,6.202591419219971,6.202964782714844,6.203341960906982,6.203762054443359,6.20414924621582,6.204625606536865,6.205104827880859,6.205646991729736,6.206154823303223,6.206730365753174,6.207271575927734,6.2078633308410645,6.208400249481201,6.208970546722412,6.209473609924316,6.209999084472656,6.210455417633057,6.210938453674316,6.211368560791016,6.211844444274902,6.212291240692139,6.212889671325684,6.213537216186523,6.214479446411133,6.215549468994141
6.1804280281066895,6.180431842803955,6.180465221405029,6.180708885192871,6.181117534637451,6.181853771209717,6.182787895202637,6.18401575088501,6.185319423675537,6.1868577003479,6.188357353210449,6.189952373504639,6.191360950469971,6.19278621673584,6.19397497177124,6.19510555267334,6.195975303649902,6.196748733520508,6.1972856521606445,6.197730541229248,6.198004722595215,6.198298931121826,6.1985650062561035,6.198869228363037,6.199160099029541,6.199499130249023,6.199823379516602,6.2002153396606445,6.200603485107422,6.201042652130127,6.201451778411865,6.201956748962402,6.202462673187256,6.203032493591309,6.2035603523254395,6.204166889190674,6.204740524291992,6.205373287200928,6.2059478759765625,6.20657205581665,6.207128524780273,6.207721710205078,6.208237171173096,6.2088189125061035,6.209352970123291,6.209975242614746,6.210561752319336,6.211300849914551,6.212043762207031,6.213113307952881,6.214302062988281
6.17877721786499,6.178835868835449,6.178913593292236,6.179160118103027,6.179531097412109,6.180222034454346,6.1811041831970215,6.182275295257568,6.1835174560546875,6.184983730316162,6.1864013671875,6.187911510467529,6.189230918884277,6.190587997436523,6.191728591918945,6.192826747894287,6.1936798095703125,6.1944475173950195,6.1949896812438965,6.195414066314697,6.19564151763916,6.195869445800781,6.196049213409424,6.196305274963379,6.196585655212402,6.196930885314941,6.19727897644043,6.197683811187744,6.19807243347168,6.198533535003662,6.198984622955322,6.1995320320129395,6.200079441070557,6.200679779052734,6.201225757598877,6.20185661315918,6.202459335327148,6.203124523162842,6.203734397888184,6.204416275024414,6.205050468444824,6.205718994140625,6.2063069343566895,6.206974506378174,6.207607269287109,6.208357810974121,6.209100246429443,6.21000337600708,6.210916996002197,6.212143898010254,6.213475227355957
6.176649570465088,6.176824569702148,6.177018165588379,6.177356243133545,6.177763938903809,6.178462505340576,6.179319381713867,6.180443286895752,6.181631088256836,6.1830010414123535,6.184311866760254,6.185682773590088,6.186877727508545,6.1881022453308105,6.189146995544434,6.190159797668457,6.190966606140137,6.191704273223877,6.192242622375488,6.192656993865967,6.192872047424316,6.19305944442749,6.193186283111572,6.193397045135498,6.193656921386719,6.1940107345581055,6.194393634796143,6.194836616516113,6.195253372192383,6.195755958557129,6.1962480545043945,6.196844100952148,6.197432518005371,6.198081016540527,6.198667049407959,6.199352264404297,6.200006484985352,6.200733184814453,6.201394081115723,6.202157974243164,6.202878475189209,6.203658103942871,6.204344272613525,6.205150604248047,6.205916404724121,6.206834316253662,6.207723140716553,6.208824157714844,6.209921836853027,6.2113518714904785,6.2128376960754395
6.174438953399658,6.174752235412598,6.17513370513916,6.17562198638916,6.176141738891602,6.1768975257873535,6.177756309509277,6.178857326507568,6.179999351501465,6.181280136108398,6.182458877563477,6.183683395385742,6.184718132019043,6.185790061950684,6.186690330505371,6.18759298324585,6.188323974609375,6.189017295837402,6.189543724060059,6.189962387084961,6.190197944641113,6.190385341644287,6.190491199493408,6.190676212310791,6.19090461730957,6.191266059875488,6.191695213317871,6.1921892166137695,6.192661762237549,6.193212032318115,6.193743705749512,6.1943793296813965,6.195006847381592,6.195704936981201,6.196352005004883,6.197104454040527,6.197832107543945,6.198628902435303,6.1993560791015625,6.200200080871582,6.201015472412109,6.201903820037842,6.202714920043945,6.203666687011719,6.204599857330322,6.205669403076172,6.20669412612915,6.207961559295654,6.209255695343018,6.210866928100586,6.21251916885376
6.1717848777771,6.172276973724365,6.1728034019470215,6.1734418869018555,6.174067974090576,6.174900531768799,6.175782203674316,6.176877975463867,6.177987098693848,6.179163455963135,6.180200576782227,6.181246757507324,6.182125568389893,6.183007717132568,6.183747291564941,6.184500694274902,6.185142517089844,6.185761451721191,6.186251163482666,6.186671733856201,6.186946868896484,6.187174320220947,6.187305927276611,6.187498569488525,6.187714099884033,6.18809175491333,6.188560962677002,6.189131736755371,6.189693927764893,6.190334796905518,6.190928936004639,6.191635608673096,6.192320346832275,6.193097114562988,6.19381856918335,6.194668769836426,6.195484638214111,6.1963958740234375,6.197226047515869,6.198206901550293,6.1991472244262695,6.200195789337158,6.201148509979248,6.202273845672607,6.203354358673096,6.204618453979492,6.205820560455322,6.207315921783447,6.208813190460205,6.210618495941162,6.212391376495361
6.167963981628418,6.168272018432617,6.16871976852417,6.169416427612305,6.17025089263916,6.171257972717285,6.172245025634766,6.1733856201171875,6.174468517303467,6.175504684448242,6.17630672454834,6.177104473114014,6.177753448486328,6.178369998931885,6.178842067718506,6.179366588592529,6.179849147796631,6.1803412437438965,6.180753231048584,6.181175708770752,6.181530952453613,6.181861877441406,6.182107448577881,6.18239164352417,6.182657718658447,6.183115005493164,6.183671951293945,6.184395790100098,6.185150146484375,6.18597936630249,6.186728477478027,6.187593460083008,6.188412189483643,6.189344882965088,6.190218448638916,6.191239356994629,6.192220211029053,6.193328857421875,6.194362640380859,6.195577144622803,6.196751117706299,6.198055744171143,6.199253082275391,6.200624465942383,6.201918125152588,6.203465938568115,6.204984664916992,6.206774711608887,6.208518028259277,6.210580348968506,6.212582588195801
6.164276123046875,6.1641058921813965,6.164243221282959,6.164928913116455,6.166031837463379,6.167252063751221,6.168384075164795,6.169586181640625,6.170644760131836,6.171538352966309,6.1720967292785645,6.172641277313232,6.173058032989502,6.173407077789307,6.173608779907227,6.173900604248047,6.174215793609619,6.174583435058594,6.174930572509766,6.175356388092041,6.175784587860107,6.176217079162598,6.176581382751465,6.176975727081299,6.1773362159729,6.177905082702637,6.178587913513184,6.179482936859131,6.180438995361328,6.1814703941345215,6.182402610778809,6.183445930480957,6.184422016143799,6.185527324676514,6.186572551727295,6.187777519226074,6.188934326171875,6.190242767333984,6.191475868225098,6.192920684814453,6.194328308105469,6.1958909034729,6.1973395347595215,6.198968410491943,6.200497627258301,6.202332496643066,6.204156875610352,6.206210136413574,6.208131313323975,6.210470199584961,6.2128190994262695
6.163241863250732,6.162294864654541,6.160998821258545,6.160877227783203,6.16206693649292,6.163435935974121,6.164727210998535,6.166069507598877,6.167202472686768,6.168061256408691,6.168486595153809,6.168848037719727,6.169093132019043,6.169241905212402,6.169282913208008,6.169405460357666,6.169599533081055,6.16987419128418,6.170185565948486,6.170599460601807,6.171042442321777,6.17152214050293,6.1719489097595215,6.172454357147217,6.172937393188477,6.173660755157471,6.1744794845581055,6.175532817840576,6.176617622375488,6.177820205688477,6.178908348083496,6.180117130279541,6.181212425231934,6.182461738586426,6.183627128601074,6.1849751472473145,6.186250686645508,6.187698841094971,6.189046859741211,6.190637588500977,6.192173004150391,6.193901538848877,6.195498466491699,6.197335720062256,6.199063301086426,6.201093673706055,6.203044891357422,6.205338001251221,6.207531929016113,6.210081577301025,6.212508201599121
6.166576862335205,6.165911674499512,6.157836437225342,6.153909206390381,6.155111312866211,6.156654357910156,6.158249378204346,6.159897804260254,6.16129732131958,6.162242412567139,6.1625566482543945,6.162728786468506,6.162722110748291,6.16263484954834,6.162478923797607,6.162400722503662,6.162413597106934,6.162547588348389,6.16278076171875,6.163139343261719,6.16356086730957,6.164066791534424,6.164565086364746,6.165225982666016,6.165929317474365,6.166878700256348,6.167905807495117,6.169132232666016,6.17034387588501,6.171733856201172,6.1730570793151855,6.174483299255371,6.175755500793457,6.177172660827637,6.178479194641113,6.179957866668701,6.181346893310547,6.182917594909668,6.18439245223999,6.186100959777832,6.187740325927734,6.189626216888428,6.1914191246032715,6.1934990882873535,6.195494651794434,6.197775840759277,6.199924468994141,6.202648162841797,6.205450534820557,6.208360195159912,6.210832118988037
6.172667503356934,6.1732401847839355,6.155364036560059,6.146454334259033,6.14774751663208,6.149499416351318,6.151406288146973,6.153372764587402,6.155059814453125,6.15611457824707,6.156352519989014,6.156361103057861,6.156130790710449,6.155824661254883,6.155487537384033,6.155216693878174,6.1550517082214355,6.155037879943848,6.155168056488037,6.155460834503174,6.155858039855957,6.1563920974731445,6.1569671630859375,6.157782077789307,6.158697128295898,6.159855365753174,6.1610565185546875,6.1624226570129395,6.16370964050293,6.165257930755615,6.166792869567871,6.168427467346191,6.169875621795654,6.171448707580566,6.1728692054748535,6.174445629119873,6.175894737243652,6.177556991577148,6.179133415222168,6.180931568145752,6.182627201080322,6.184654712677002,6.186651229858398,6.1889495849609375,6.1911420822143555,6.193690299987793,6.196147918701172,6.199306964874268,6.202617645263672,6.205957889556885,6.208749771118164
6.163243770599365,6.165312767028809,6.148248195648193,6.139976501464844,6.141520977020264,6.143594264984131,6.145786285400391,6.148066997528076,6.149993419647217,6.151224136352539,6.151517868041992,6.1515045166015625,6.151183128356934,6.150756359100342,6.150310516357422,6.149899482727051,6.1496100425720215,6.14946174621582,6.149493217468262,6.149709224700928,6.150077819824219,6.150636672973633,6.151281833648682,6.1521992683410645,6.153214931488037,6.154447555541992,6.1556715965271,6.157040596008301,6.158308982849121,6.159877300262451,6.161462783813477,6.163181781768799,6.164720058441162,6.1663737297058105,6.167837142944336,6.16943359375,6.170872688293457,6.172530651092529,6.174109935760498,6.175901889801025,6.177585124969482,6.179653644561768,6.181732654571533,6.184115886688232,6.186367988586426,6.189109802246094,6.191829204559326,6.195291042327881,6.198844909667969,6.202911376953125,6.206672191619873
6.13325834274292,6.136864185333252,6.132303714752197,6.130545616149902,6.132202625274658,6.134483337402344,6.1370320320129395,6.139707088470459,6.142038345336914,6.14362907409668,6.144184589385986,6.144329071044922,6.144021511077881,6.143542289733887,6.142967224121094,6.142397403717041,6.141931533813477,6.141600608825684,6.141462326049805,6.14155912399292,6.141872882843018,6.142459869384766,6.143214225769043,6.144201278686523,6.145249843597412,6.1464409828186035,6.147566795349121,6.148838996887207,6.150029182434082,6.151486873626709,6.152954578399658,6.154646873474121,6.156264305114746,6.157961845397949,6.159435749053955,6.1610283851623535,6.16245174407959,6.164031505584717,6.165482997894287,6.167181015014648,6.168821334838867,6.170830726623535,6.172852039337158,6.1752471923828125,6.177585601806641,6.180466651916504,6.18337869644165,6.187152862548828,6.191110610961914,6.196760177612305,6.203047275543213
6.104190349578857,6.110439300537109,6.116852283477783,6.120678424835205,6.1213531494140625,6.122819900512695,6.124901294708252,6.127608776092529,6.13050651550293,6.132689476013184,6.133752346038818,6.134300231933594,6.134223937988281,6.133822441101074,6.133160591125488,6.132467746734619,6.131862163543701,6.131335735321045,6.130978107452393,6.1309404373168945,6.1312255859375,6.131831169128418,6.132648468017578,6.133636951446533,6.134620666503906,6.135685443878174,6.136637210845947,6.137714862823486,6.138728141784668,6.139919281005859,6.141078948974609,6.142653942108154,6.1443586349487305,6.1460747718811035,6.147491455078125,6.149064064025879,6.150507926940918,6.151950836181641,6.153130054473877,6.154652118682861,6.156239986419678,6.1580729484558105,6.159820556640625,6.1621551513671875,6.164656162261963,6.167531490325928,6.170270919799805,6.174307823181152,6.178922176361084,6.185786724090576,6.193833827972412
6.083343029022217,6.091410160064697,6.101958274841309,6.108149528503418,6.108832836151123,6.109511852264404,6.109848976135254,6.111743450164795,6.114869117736816,6.117700576782227,6.119734764099121,6.12120246887207,6.121791362762451,6.121903419494629,6.121476650238037,6.120920181274414,6.120314121246338,6.11978006362915,6.1193976402282715,6.119348049163818,6.119627952575684,6.1201887130737305,6.120933532714844,6.121768951416016,6.122550964355469,6.123359680175781,6.124058723449707,6.124817848205566,6.125504493713379,6.126331329345703,6.12714147567749,6.128538131713867,6.1302666664123535,6.131929874420166,6.1332316398620605,6.134750843048096,6.136213779449463,6.137504577636719,6.138388633728027,6.1396942138671875,6.141184329986572,6.142727375030518,6.144044876098633,6.146200180053711,6.148806095123291,6.151308059692383,6.153270721435547,6.156982898712158,6.161826133728027,6.168241024017334,6.175039768218994
6.0634918212890625,6.070427417755127,6.079058647155762,6.086217880249023,6.090725421905518,6.093564510345459,6.0940375328063965,6.095290184020996,6.096981525421143,6.099749565124512,6.1031904220581055,6.105899333953857,6.107423305511475,6.108395099639893,6.108662128448486,6.108504295349121,6.107952117919922,6.10761833190918,6.107565402984619,6.107651710510254,6.107861518859863,6.108328342437744,6.108962535858154,6.109585762023926,6.110075950622559,6.11060905456543,6.111071586608887,6.111537456512451,6.111901760101318,6.1124701499938965,6.113124847412109,6.114395618438721,6.116044044494629,6.117614269256592,6.118817329406738,6.1202521324157715,6.121657371520996,6.122840404510498,6.1235809326171875,6.124734878540039,6.126082420349121,6.127396583557129,6.128421783447266,6.130393028259277,6.132939338684082,6.134964942932129,6.136069297790527,6.138993263244629,6.143166542053223,6.148360252380371,6.153603553771973
6.044928073883057,6.048569679260254,6.05226469039917,6.0580949783325195,6.0651702880859375,6.0718584060668945,6.077202320098877,6.080149173736572,6.0799784660339355,6.0826616287231445,6.087538242340088,6.091508865356445,6.093829154968262,6.095755100250244,6.096923828125,6.097352027893066,6.096949577331543,6.096984386444092,6.097437858581543,6.0977396965026855,6.097832679748535,6.09823751449585,6.098875999450684,6.0993781089782715,6.099646091461182,6.100076675415039,6.10058069229126,6.101019382476807,6.101299285888672,6.101891994476318,6.1026763916015625,6.1039228439331055,6.105402946472168,6.106828689575195,6.107949733734131,6.109259128570557,6.1105241775512695,6.111684322357178,6.112525463104248,6.113702297210693,6.114991664886475,6.116296291351318,6.117371559143066,6.119324684143066,6.121789455413818,6.12362813949585,6.124495029449463,6.126689910888672,6.129811763763428,6.134576797485352,6.140065670013428
6.027133941650391,6.027838706970215,6.028258800506592,6.030556678771973,6.034242630004883,6.041274547576904,6.05065393447876,6.0583319664001465,6.062871932983398,6.068284511566162,6.0733466148376465,6.0777106285095215,6.080713272094727,6.083468914031982,6.085493087768555,6.086549758911133,6.086459159851074,6.086930274963379,6.087884902954102,6.088441371917725,6.088495254516602,6.089001178741455,6.089853286743164,6.090446472167969,6.09066104888916,6.091257572174072,6.092121601104736,6.092814922332764,6.093210697174072,6.094024181365967,6.095113754272461,6.096358299255371,6.097538948059082,6.098779678344727,6.099851608276367,6.10109806060791,6.10227632522583,6.103576183319092,6.104747772216797,6.106128692626953,6.107465744018555,6.108901500701904,6.110182285308838,6.112275123596191,6.114804267883301,6.116830348968506,6.117977619171143,6.1198015213012695,6.121957778930664,6.12676477432251,6.133391857147217
6.009946346282959,6.008857250213623,6.008166790008545,6.007348537445068,6.006436824798584,6.009297847747803,6.015369415283203,6.025961399078369,6.039674282073975,6.051354885101318,6.058913230895996,6.064688205718994,6.067281723022461,6.070436000823975,6.073627948760986,6.075549602508545,6.075808525085449,6.076672077178955,6.077988147735596,6.0787506103515625,6.078836441040039,6.079560279846191,6.0808000564575195,6.081605434417725,6.081838130950928,6.082700729370117,6.084042549133301,6.085055351257324,6.085560321807861,6.08663272857666,6.088074684143066,6.089374542236328,6.090277194976807,6.091468811035156,6.092709541320801,6.09405517578125,6.095258712768555,6.096756458282471,6.098293304443359,6.099850654602051,6.101162910461426,6.102662563323975,6.1040825843811035,6.106369495391846,6.10910177230835,6.11143684387207,6.112954139709473,6.1145148277282715,6.115844249725342,6.120433330535889,6.127467632293701
5.996767997741699,5.994742393493652,5.993786334991455,5.991787910461426,5.989078998565674,5.988096714019775,5.988758563995361,5.996814727783203,6.010789394378662,6.030442714691162,6.052124977111816,6.062002658843994,6.058321952819824,6.059261322021484,6.064945697784424,6.068348407745361,6.068816661834717,6.0697832107543945,6.071099281311035,6.0717549324035645,6.071656227111816,6.072408676147461,6.073901176452637,6.074769973754883,6.074877738952637,6.075876712799072,6.07759952545166,6.078805923461914,6.079288005828857,6.080565452575684,6.082413196563721,6.083881855010986,6.084711074829102,6.086065769195557,6.087708473205566,6.089195728302002,6.090270519256592,6.091841220855713,6.093626022338867,6.095220565795898,6.096330165863037,6.09790563583374,6.099643230438232,6.103054523468018,6.1073832511901855,6.110058307647705,6.110589981079102,6.111489295959473,6.112653732299805,6.1165337562561035,6.12242317199707
5.987786293029785,5.985547065734863,5.984558582305908,5.9824299812316895,5.979557037353516,5.977567672729492,5.976869583129883,5.9802165031433105,5.98682165145874,6.007781982421875,6.0403876304626465,6.055103778839111,6.049420356750488,6.05197811126709,6.061188697814941,6.0666351318359375,6.0673418045043945,6.068174362182617,6.068967342376709,6.069133758544922,6.068643093109131,6.069111347198486,6.070446491241455,6.071077823638916,6.070892810821533,6.071791648864746,6.073615550994873,6.0747971534729,6.075130462646484,6.07648229598999,6.078617095947266,6.080183029174805,6.0809125900268555,6.08239221572876,6.084366798400879,6.08585262298584,6.086582183837891,6.0881428718566895,6.090240001678467,6.091946601867676,6.092931747436523,6.094675540924072,6.096870422363281,6.1008830070495605,6.10629415512085,6.109330654144287,6.109438896179199,6.110701560974121,6.112624645233154,6.115924835205078,6.119965553283691
