earth/public/data/ocean/C53/ANN-ocevel-depthz-0m-gfs-1.0.json
{"header": {"discipline": 0, "disciplineName": "Meteorological products", "gribEdition": 2, "gribLength": 131138.0, "center": 0, "centerName": "Kiel Climate Model", "subcenter": 0, "refTime": "1", "significanceOfRT": 1, "significanceOfRTName": "Start of forecast", "productStatus": 0, "productStatusName": "Operational products", "productType": 1, "productTypeName": "Forecast products", "productDefinitionTemplate": 0, "productDefinitionTemplateName": "Analysis/forecast at horizontal level/layer at a point in time", "parameterCategory": 2, "parameterCategoryName": "Momentum", "parameterNumber": 2, "parameterNumberName": "V-component_of_wind", "parameterUnit": "m/s", "genProcessType": 2, "genProcessTypeName": "Forecast", "forecastTime": 0, "surface1Type": 103, "surface1TypeName": "Specified height level above ground", "surface1Value": 10, "surface2Type": 255, "surface2TypeName": "Missing", "surface2Value": 0, "gridDefinitionTemplate": 0, "gridDefinitionTemplateName": "Latitude_Longitude", "numberPoints": 65160, "shape": 6, "shapeName": "Earth spherical with radius of 6,371,229.0 m", "gridUnits": "degrees", "resolution": 48, "winds": "true", "scanMode": 0, "nx": 360.0, "ny": 180.0, "basicAngle": 0, "subDivisions": 0, "lo1": 0.0, "la1": -89.5, "lo2": 359.0, "la2": 89.5, "dx": 1.0, "dy": -1.0}, "data":
[rows 120 to 139 of 180, columns 135 to 179 of 360]
0.13259346783161163,0.20237354934215546,0.33207908272743225,0.2980356216430664,0.10796582698822021,-0.004668154753744602,-0.022145915776491165,-0.024180293083190918,-0.010726387612521648,-0.0006426416803151369,0.00451756501570344,0.008296594955027103,0.010101930238306522,0.012291980907320976,0.014499811455607414,0.015365448780357838,0.014711776748299599,0.014820673502981663,0.015680618584156036,0.01572042889893055,0.014923601411283016,0.015190406702458858,0.016475506126880646,0.01709931716322899,0.016948774456977844,0.017245016992092133,0.017949599772691727,0.018222566694021225,0.018015258014202118,0.01817111298441887,0.018656691536307335,0.01875557377934456,0.01844100095331669,0.018335849046707153,0.018451105803251266,0.018562085926532745,0.018644697964191437,0.018953798338770866,0.019435763359069824,0.019864609465003014,0.020167097449302673,0.020458094775676727,0.02068689838051796,0.020966341719031334,0.021241286769509315
null,null,0.3770240545272827,0.34394901990890503,0.15240620076656342,0.028264766559004784,-0.0069190519861876965,-0.022962374612689018,-0.015150656923651695,-0.008104836568236351,-0.0023656522389501333,0.0029899890068918467,0.006844033487141132,0.009863265790045261,0.01140435691922903,0.012267757207155228,0.012277094647288322,0.012500740587711334,0.012888925150036812,0.012805823236703873,0.012275900691747665,0.012494546361267567,0.013432476669549942,0.013954410329461098,0.013981240801513195,0.014343553222715855,0.014980874955654144,0.015206942334771156,0.014988734386861324,0.01507262047380209,0.015449156053364277,0.015461497940123081,0.015111737884581089,0.01494203694164753,0.014984899200499058,0.015039565041661263,0.015100711025297642,0.015406258404254913,0.015903767198324203,0.01634279265999794,0.016646701842546463,0.016922371461987495,0.017124203965067863,0.017331868410110474,0.017514154314994812
null,null,0.4003616273403168,0.34759339690208435,0.20068034529685974,0.08770338445901871,0.030218729749321938,-0.005597936920821667,-0.015032070688903332,-0.016129758208990097,-0.009431740269064903,-0.0024887933395802975,0.003581029362976551,0.007638399954885244,0.009039990603923798,0.010116660967469215,0.010692041367292404,0.01101586315780878,0.011038357391953468,0.010852347128093243,0.010482297278940678,0.010585791431367397,0.011133543215692043,0.011481785215437412,0.01155140995979309,0.011854293756186962,0.012329963967204094,0.012467149645090103,0.012232827953994274,0.01225284393876791,0.01251775212585926,0.012482397258281708,0.012148872949182987,0.011961039155721664,0.011951398104429245,0.011955282650887966,0.011967371217906475,0.012238649651408195,0.012716680765151978,0.013120623305439949,0.013373843394219875,0.013599742203950882,0.013752724044024944,0.013888412155210972,0.013975592330098152
null,null,0.3846248984336853,0.32843318581581116,0.22525574266910553,0.13368941843509674,0.06815356016159058,0.019031623378396034,-0.004526752512902021,-0.015425569377839565,-0.010938524268567562,-0.005536587908864021,0.0001758557336870581,0.004217338748276234,0.005949830170720816,0.007507605478167534,0.008553926832973957,0.009165951050817966,0.009197842329740524,0.009067616425454617,0.00878114439547062,0.008786050602793694,0.009085913188755512,0.009225480258464813,0.009195205755531788,0.009319000877439976,0.009596090763807297,0.009600556455552578,0.009343614801764488,0.009308026172220707,0.009502880275249481,0.009455741383135319,0.009172630496323109,0.008978227153420448,0.008907224982976913,0.008821500465273857,0.008745603263378143,0.008897209540009499,0.009263771586120129,0.009561094455420971,0.009748083539307117,0.00991484709084034,0.010035499930381775,0.01008813176304102,0.01006921473890543
null,null,0.2945828139781952,0.2757582366466522,0.21597199141979218,0.1512354612350464,0.09519802033901215,0.047031860798597336,0.014767327345907688,-0.0040686544962227345,-0.006834628991782665,-0.007251843810081482,-0.005370185244828463,-0.0027562458999454975,7.29175444575958e-05,0.0024986283387988806,0.0040910267271101475,0.005388146266341209,0.006142505444586277,0.00651660468429327,0.00641349982470274,0.006539995316416025,0.006842751521617174,0.006876346655189991,0.006608523428440094,0.0064147161319851875,0.006320331711322069,0.006040400359779596,0.00563683221116662,0.005469419527798891,0.005581592209637165,0.005559652112424374,0.005410571116954088,0.005277683027088642,0.005504312459379435,0.00588925601914525,0.0060131847858428955,0.00599960470572114,0.006162708159536123,0.0063174148090183735,0.006422630976885557,0.006540604401379824,0.006645450368523598,0.0066316332668066025,0.0064956252463161945
null,null,0.2320478856563568,0.23484991490840912,0.19758395850658417,0.15140916407108307,0.10507091879844666,0.06105996295809746,0.027887064963579178,0.00456029549241066,-0.004640550352632999,-0.010323649272322655,-0.011707755737006664,-0.0103374645113945,-0.006516908761113882,-0.003272447269409895,-0.0011516541708260775,0.0008817848865874112,0.0025043559726327658,0.0035100546665489674,0.0037627601996064186,0.004144341219216585,0.004611290525645018,0.004653968848288059,0.0042749387212097645,0.0038067810237407684,0.003322714241221547,0.0027099279686808586,0.0020567961037158966,0.0017004008404910564,0.0016899326583370566,0.001680063782259822,0.0016721555730327964,0.001634129206649959,0.0021256976760923862,0.003008209867402911,0.003238225355744362,0.0030364817939698696,0.0029977201484143734,0.0029470904264599085,0.002911944407969713,0.002937461482360959,0.003028575563803315,0.0029746724758297205,0.0027855858206748962
null,null,0.22159428894519806,0.22476494312286377,0.19293567538261414,0.15287676453590393,0.11129497736692429,0.07108728587627411,0.03949669376015663,0.014118440449237823,-8.385512774111703e-05,-0.0101730702444911,-0.01389925368130207,-0.014323513954877853,-0.011151800863444805,-0.008276698179543018,-0.006122662220150232,-0.0037294705398380756,-0.0015405556187033653,4.477481706999242e-05,0.0006971894763410091,0.0014974420191720128,0.002262467984110117,0.0025845591444522142,0.002373139839619398,0.0019763063173741102,0.001443501329049468,0.0007429569959640503,-7.700366040808149e-06,-0.000500714872032404,-0.0006413567462004721,-0.0007112857419997454,-0.0006891204393468797,-0.0006669559516012669,-0.0003229697176720947,3.0576527933590114e-05,-1.757168138283305e-05,-0.0003684360417537391,-0.0006448689382523298,-0.000949694134760648,-0.00123736506793648,-0.0013572038151323795,-0.0012909263605251908,-0.0013509811833500862,-0.0015256048645824194
null,null,0.1945243626832962,0.19812101125717163,0.1951119601726532,0.17544403672218323,0.14114144444465637,0.1043134555220604,0.0713239312171936,0.040175553411245346,0.016474206000566483,-0.0005253437557257712,-0.007793379947543144,-0.012336012907326221,-0.013281748630106449,-0.013393254019320011,-0.012459850870072842,-0.010754800401628017,-0.00846169888973236,-0.005916976369917393,-0.0036190999671816826,-0.0016867159865796566,-0.0005425312556326389,0.00013170558668207377,0.00024541933089494705,9.837784455157816e-05,-0.0002599756990093738,-0.0008533195941708982,-0.0015640275087207556,-0.0021130407694727182,-0.0024056292604655027,-0.002570896875113249,-0.002587461844086647,-0.002555529121309519,-0.002480016555637121,-0.0026346438098698854,-0.0029853549785912037,-0.0034264398273080587,-0.0038778078742325306,-0.004393373616039753,-0.004887668415904045,-0.0051374430768191814,-0.005103352479636669,-0.005173274781554937,-0.005335374269634485
null,null,0.12686040997505188,0.14844724535942078,0.1884179562330246,0.19596874713897705,0.171855166554451,0.13986822962760925,0.10622331500053406,0.06955768167972565,0.03624585643410683,0.012604853138327599,0.002578596118837595,-0.006282880436629057,-0.012630874291062355,-0.016566772013902664,-0.017663653939962387,-0.017202960327267647,-0.01538656186312437,-0.012307207100093365,-0.008359681814908981,-0.005530886352062225,-0.0041429270058870316,-0.003123718546703458,-0.0026788266841322184,-0.002506418153643608,-0.0026635329704731703,-0.0030391025356948376,-0.0035880920477211475,-0.00405846768990159,-0.004381711594760418,-0.004549041856080294,-0.0045383889228105545,-0.0044865719974040985,-0.004405136685818434,-0.004528053570538759,-0.004831836558878422,-0.005281952675431967,-0.005795300472527742,-0.0063853794708848,-0.006941882893443108,-0.007239671889692545,-0.0072233956307172775,-0.007266897242516279,-0.0073671480640769005
null,null,null,null,null,0.19349156320095062,0.17475514113903046,0.1525968462228775,0.12995585799217224,0.09467276185750961,0.05266125500202179,0.022712253034114838,0.010872346349060535,-0.0014268984086811543,-0.011690856888890266,-0.018362147733569145,-0.02010205201804638,-0.020577922463417053,-0.019679436460137367,-0.01729618012905121,-0.013914371840655804,-0.011240976862609386,-0.009851704351603985,-0.008549962192773819,-0.0075612254440784454,-0.0069821495562791824,-0.006911122240126133,-0.006930997129529715,-0.00703005213290453,-0.007201587315648794,-0.007414345163851976,-0.007400923874229193,-0.00716887041926384,-0.00698515959084034,-0.0068975104950368404,-0.0069441706873476505,-0.0071312435902655125,-0.0075249578803777695,-0.00806563999503851,-0.008667701855301857,-0.009227914735674858,-0.00956766214221716,-0.009622031822800636,-0.0096460971981287,-0.009625413455069065
null,null,null,null,null,0.18016615509986877,0.16283951699733734,0.1625736951828003,0.17550747096538544,0.1495598554611206,0.09183479845523834,0.049868449568748474,0.03150835633277893,0.011908945627510548,-0.004949227906763554,-0.015571239404380322,-0.017762569710612297,-0.019834335893392563,-0.021231506019830704,-0.020844485610723495,-0.018623588606715202,-0.01675667241215706,-0.015527358278632164,-0.013992386870086193,-0.012421795167028904,-0.011466407217085361,-0.011281134560704231,-0.010980992577970028,-0.010605408810079098,-0.010478409938514233,-0.010606149211525917,-0.01038950216025114,-0.009854396805167198,-0.00947579275816679,-0.009306084364652634,-0.009212302044034004,-0.009198046289384365,-0.009482949040830135,-0.010004560463130474,-0.010591166093945503,-0.011132891289889812,-0.011528415605425835,-0.011710170656442642,-0.011759107001125813,-0.011671514250338078
null,null,null,null,null,0.19549034535884857,0.18839618563652039,0.1895958036184311,0.22502999007701874,0.20683208107948303,0.1453169733285904,0.09037718921899796,0.06244306638836861,0.033708605915308,0.008722829632461071,-0.00700817396864295,-0.01101322378963232,-0.01546560600399971,-0.019757935777306557,-0.0211330559104681,-0.019523609429597855,-0.01829810068011284,-0.017707763239741325,-0.01647542417049408,-0.01477024145424366,-0.013837353326380253,-0.01382417231798172,-0.01353143434971571,-0.012996099889278412,-0.012810633517801762,-0.013000679202377796,-0.012699100188910961,-0.011960134841501713,-0.011373357847332954,-0.011060553602874279,-0.01074158400297165,-0.010495112277567387,-0.010599670931696892,-0.011052924208343029,-0.011563832871615887,-0.01204775832593441,-0.012475544586777687,-0.01276887021958828,-0.01290391106158495,-0.012848257087171078
null,null,null,null,null,null,null,null,0.19933068752288818,0.20060227811336517,0.1625583916902542,0.11553016304969788,0.08481734246015549,0.052532896399497986,0.024409182369709015,0.005428701173514128,-0.0008542077266611159,-0.007739013060927391,-0.013807524926960468,-0.01672998256981373,-0.01582319103181362,-0.015917159616947174,-0.016900531947612762,-0.016718270257115364,-0.015390817075967789,-0.014945571310818195,-0.015448810532689095,-0.015563009306788445,-0.015249117277562618,-0.015425442717969418,-0.016026649624109268,-0.015958771109580994,-0.015200323425233364,-0.014509263448417187,-0.01398677658289671,-0.013311134651303291,-0.012604104354977608,-0.012310230173170567,-0.012498842552304268,-0.01275730598717928,-0.013054868206381798,-0.013424068689346313,-0.013808099552989006,-0.014039751142263412,-0.01408321876078844
null,null,null,null,null,null,null,null,0.12990829348564148,0.1380235254764557,0.13910681009292603,0.1194915622472763,0.09523015469312668,0.0660821944475174,0.03723885491490364,0.017085779458284378,0.009189236909151077,0.001864809193648398,-0.003932933788746595,-0.007228877395391464,-0.007672017905861139,-0.009439848363399506,-0.01228595245629549,-0.014072362333536148,-0.014411157928407192,-0.015194257721304893,-0.016213715076446533,-0.016815312206745148,-0.016924217343330383,-0.017608752474188805,-0.018785813823342323,-0.01910046860575676,-0.018529927358031273,-0.01784222200512886,-0.01717175543308258,-0.016144176945090294,-0.014926727861166,-0.014164460822939873,-0.013963393867015839,-0.01389793585985899,-0.013955492526292801,-0.014220698736608028,-0.014635556377470493,-0.014936037361621857,-0.015069050714373589
null,null,null,null,null,null,null,null,0.08629144728183746,0.09668852388858795,0.11610283702611923,0.11546251177787781,0.1004265621304512,0.07549045979976654,0.04297225549817085,0.021410074084997177,0.014436675235629082,0.008332055062055588,0.004909728653728962,0.0021525255870074034,0.0006854620878584683,-0.002287166891619563,-0.00626520998775959,-0.009401952847838402,-0.011338661424815655,-0.01301738154143095,-0.014307253062725067,-0.015410751104354858,-0.01608574390411377,-0.01751762628555298,-0.019374176859855652,-0.02039187215268612,-0.020313572138547897,-0.01998051255941391,-0.019408876076340675,-0.018294524401426315,-0.01683361828327179,-0.015750827267766,-0.015259007923305035,-0.014910123310983181,-0.014786052517592907,-0.014942147769033909,-0.015356780029833317,-0.01569814234972,-0.01589951664209366
null,null,null,null,null,null,null,null,null,null,0.1053965613245964,0.1056748703122139,0.10204225778579712,0.07941897213459015,0.041382335126399994,0.019588423892855644,0.01620825007557869,0.013999845832586288,0.01380655262619257,0.012419769540429115,0.010007706470787525,0.005878192372620106,0.0009170077391900122,-0.00273057259619236,-0.004239030182361603,-0.005996483378112316,-0.007582125719636679,-0.009506736882030964,-0.011406629346311092,-0.01423579640686512,-0.017459815368056297,-0.019958743825554848,-0.02124607376754284,-0.02195793017745018,-0.021924883127212524,-0.02114049345254898,-0.01971456967294216,-0.018464865162968636,-0.01760125532746315,-0.016935231164097786,-0.016586748883128166,-0.016592079773545265,-0.016955086961388588,-0.01732407882809639,-0.017640182748436928
null,null,null,null,null,null,null,null,null,null,0.09291137009859085,0.09311149269342422,0.08171723783016205,0.06854569166898727,0.03847353532910347,0.01599862426519394,0.012453407980501652,0.013627409934997559,0.01962452568113804,0.02227693423628807,0.020714202895760536,0.017193680629134178,0.011903301812708378,0.008448703214526176,0.007292401976883411,0.005838202312588692,0.0042982082813978195,0.0013776293490082026,-0.0032018458005040884,-0.009121589362621307,-0.01455401349812746,-0.018675673753023148,-0.021612832322716713,-0.023545613512396812,-0.024206971749663353,-0.023896899074316025,-0.022711027413606644,-0.02137073688209057,-0.020121077075600624,-0.019142940640449524,-0.018596863374114037,-0.018430154770612717,-0.018661536276340485,-0.019022004678845406,-0.019442453980445862
null,null,null,null,null,null,null,null,null,null,null,null,null,null,null,null,0.0008001372334547341,-0.0033834404312074184,-0.004975324962288141,-0.001207808731123805,0.008104830980300903,0.015146564692258835,0.017747651785612106,0.01860102266073227,0.017041701823472977,0.0156461950391531,0.014691175892949104,0.0112153934314847,0.004547826014459133,-0.004125390201807022,-0.011122109368443489,-0.016638126224279404,-0.020849183201789856,-0.02393280901014805,-0.025238346308469772,-0.02552049234509468,-0.024677474051713943,-0.02342846430838108,-0.02198808453977108,-0.020822778344154358,-0.020155470818281174,-0.01984441839158535,-0.019956452772021294,-0.020295441150665283,-0.020799437537789345
null,null,null,null,null,null,null,null,null,null,null,null,null,null,null,null,-0.03544498607516289,-0.05440091714262962,-0.057176411151885986,-0.04230590909719467,-0.020240725949406624,-0.0039307367987930775,0.010589977726340294,0.018149247393012047,0.0180246252566576,0.018349451944231987,0.018826957792043686,0.01605282351374626,0.009636410512030125,0.0014842408709228039,-0.006192072760313749,-0.013214080594480038,-0.019133618101477623,-0.023707378655672073,-0.02611798793077469,-0.027302807196974754,-0.027044251561164856,-0.026034273207187653,-0.024453550577163696,-0.023121288046240807,-0.022275540977716446,-0.021790320053696632,-0.021752819418907166,-0.022068560123443604,-0.0226844884455204
null,null,null,null,null,null,null,null,null,null,null,null,null,null,null,null,-0.06498270481824875,-0.1008409634232521,-0.08691442757844925,-0.05933566763997078,-0.035552941262722015,-0.017875874415040016,0.0003756434307433665,0.011218973435461521,0.014743457548320293,0.016947150230407715,0.019491227343678474,0.01818813942372799,0.013381611555814743,0.006481465417891741,-0.0012609247351065278,-0.009687595069408417,-0.017293501645326614,-0.023567983880639076,-0.02740461938083172,-0.029735447838902473,-0.029915964230895042,-0.028816385194659233,-0.02688889019191265,-0.0254080668091774,-0.02439834736287594,-0.02374350093305111,-0.023553336039185524,-0.023826682940125465,-0.024509800598025322
