earth/public/data/ocean/C53/ANN-vosaline-depthz-2000m-gfs-1.0.json
{"header": {"discipline": 0, "disciplineName": "Meteorological products", "gribEdition": 2, "gribLength": 131138.0, "center": 0, "centerName": "Kiel Climate Model", "subcenter": 0, "refTime": "1", "significanceOfRT": 1, "significanceOfRTName": "Start of forecast", "productStatus": 0, "productStatusName": "Operational products", "productType": 1, "productTypeName": "Forecast products", "productDefinitionTemplate": 0, "productDefinitionTemplateName": "Analysis/forecast at horizontal level/layer at a point in time", "parameterCategory": 2, "parameterCategoryName": "Momentum", "parameterNumber": 2, "parameterNumberName": "U-component_of_wind", "parameterUnit": "PSU", "genProcessType": 2, "genProcessTypeName": "Forecast", "forecastTime": 0, "surface1Type": 103, "surface1TypeName": "Specified height level above ground", "surface1Value": 10, "surface2Type": 255, "surface2TypeName": "Missing", "surface2Value": 0, "gridDefinitionTemplate": 0, "gridDefinitionTemplateName": "Latitude_Longitude", "numberPoints": 65160, "shape": 6, "shapeName": "Earth spherical with radius of 6,371,229.0 m", "gridUnits": "degrees", "resolution": 48, "winds": "true", "scanMode": 0, "nx": 360.0, "ny": 180.0, "basicAngle": 0, "subDivisions": 0, "lo1": 0.0, "la1": -89.5, "lo2": 359.0, "la2": 89.5, "dx": 1.0, "dy": -1.0}, "data":
[rows 110 to 131 of 180, columns 51 to 101 of 360]
35.224544525146484,35.21706008911133,35.20882034301758,35.20127868652344,35.1927490234375,35.18476486206055,35.175716400146484,35.16575241088867,35.155052185058594,35.14691162109375,35.138038635253906,35.12837219238281,35.11735534667969,35.10707473754883,35.09586715698242,35.08586502075195,35.07537078857422,35.06636047363281,35.05668640136719,35.048160552978516,35.03878402709961,35.03032684326172,35.02199935913086,35.015350341796875,35.008522033691406,35.00199890136719,34.99546432495117,34.99076843261719,34.98627471923828,34.98069763183594,34.97555923461914,34.97269058227539,34.97029495239258,34.96807098388672,34.965850830078125,34.96359634399414,34.96126174926758,34.95878219604492,34.95686721801758,34.95628356933594,null,null,null,null,null,null,null,null,null,null,null
35.24039840698242,35.23269271850586,35.22441864013672,35.216800689697266,35.20876693725586,35.20024871826172,35.19123840332031,35.17911911010742,35.16654586791992,35.158355712890625,35.149898529052734,35.13798904418945,35.125511169433594,35.11272048950195,35.100608825683594,35.08909606933594,35.078758239746094,35.069297790527344,35.06026077270508,35.055519104003906,35.05332946777344,35.047733306884766,35.03858184814453,35.03129577636719,35.02532958984375,35.01844024658203,35.01165771484375,35.00837707519531,35.00004577636719,34.9864501953125,34.977149963378906,34.974769592285156,34.97298049926758,34.971309661865234,34.969661712646484,34.96788787841797,34.96616744995117,null,null,null,null,null,null,null,null,null,null,null,null,null,null
35.25617599487305,35.248531341552734,35.23988723754883,35.2328987121582,35.22465515136719,35.21647262573242,35.206661224365234,35.19544982910156,35.18301773071289,35.1729621887207,35.161800384521484,35.14909744262695,35.13364028930664,35.11941909790039,35.10478210449219,35.092864990234375,35.08167266845703,35.07289505004883,35.064144134521484,35.0633544921875,35.07248306274414,35.077205657958984,35.07032775878906,35.06195068359375,35.05574035644531,35.05033493041992,35.044532775878906,35.04141616821289,35.024696350097656,34.994361877441406,34.977073669433594,34.97578430175781,34.97470474243164,34.97367477416992,34.97266387939453,34.97174835205078,34.97114562988281,null,null,null,null,null,null,null,null,null,null,null,null,null,null
35.26801300048828,35.26081085205078,35.253658294677734,35.246768951416016,35.239349365234375,35.23118591308594,35.22212219238281,35.21204376220703,35.200950622558594,35.18888854980469,35.176815032958984,35.164222717285156,35.14944839477539,35.129241943359375,35.10824966430664,35.09569549560547,35.08622360229492,35.07672119140625,35.068748474121094,35.066043853759766,35.07427215576172,35.08960723876953,35.09103012084961,35.08013916015625,35.073509216308594,35.06896209716797,35.06438064575195,35.06021499633789,35.03260040283203,34.99419403076172,34.976844787597656,34.976112365722656,34.97547912597656,34.97479248046875,34.97418975830078,34.97377395629883,null,null,null,null,null,null,null,null,null,null,null,null,null,null,null
35.279266357421875,35.27241897583008,35.26640319824219,35.26034927368164,35.25307083129883,35.24592208862305,35.236900329589844,35.2276725769043,35.216026306152344,35.20405578613281,35.19190979003906,35.18183517456055,35.17151641845703,null,null,35.097259521484375,35.08960723876953,35.079933166503906,35.07168197631836,35.06639099121094,35.066795349121094,null,null,null,null,null,null,null,null,34.98500442504883,34.97758483886719,34.977134704589844,34.976722717285156,34.9762077331543,34.9756965637207,34.97542953491211,null,null,null,null,null,null,null,null,null,null,null,null,null,null,null
35.28839111328125,35.28171157836914,35.27596664428711,35.27020263671875,35.26305389404297,35.256080627441406,35.248836517333984,35.23777770996094,35.2218132019043,35.20865249633789,35.19894027709961,35.18911361694336,35.184024810791016,null,null,35.09558868408203,35.090267181396484,35.08028793334961,35.07240295410156,35.06759262084961,35.06502914428711,null,null,null,null,null,null,null,null,null,34.97797775268555,34.977779388427734,34.97751998901367,34.977108001708984,34.97659683227539,34.976322174072266,null,null,null,null,null,null,null,null,null,null,null,null,null,null,null
35.29371643066406,35.287994384765625,35.282222747802734,35.27669906616211,35.26941680908203,35.26233673095703,35.25794219970703,35.244476318359375,35.21910095214844,35.20475769042969,null,null,null,null,null,null,null,null,null,null,null,null,null,null,null,null,null,null,null,null,null,null,null,null,null,null,null,null,null,null,null,null,null,null,null,null,null,null,null,null,null
35.30371856689453,35.29881286621094,35.29361343383789,35.28898239135742,35.28252410888672,35.2739372253418,35.2664680480957,35.24791717529297,35.217891693115234,35.20187759399414,null,null,null,null,null,null,null,null,null,null,null,null,null,null,null,null,null,null,null,null,null,null,null,null,null,null,null,null,null,null,null,null,null,null,null,null,null,null,null,null,null
35.32252502441406,35.318145751953125,35.31474304199219,35.312904357910156,35.30891036987305,35.30097961425781,null,null,null,null,null,null,null,null,null,null,null,null,null,null,null,null,null,null,null,null,null,null,null,null,null,null,null,null,null,null,null,null,null,null,null,null,null,null,null,null,null,null,null,null,null
35.34027862548828,35.3363151550293,35.33485412597656,35.33628845214844,35.33479690551758,35.33228302001953,null,null,36.28605270385742,36.28605270385742,null,null,null,null,null,null,null,null,null,null,null,null,null,null,null,null,null,null,null,null,null,null,null,null,null,null,null,null,null,null,null,null,null,null,null,null,null,null,null,null,null
35.34614944458008,35.342227935791016,35.344696044921875,35.350982666015625,35.3519401550293,35.34743118286133,35.34262466430664,null,36.28710174560547,36.28710174560547,null,null,null,null,null,null,null,null,null,null,null,null,null,null,null,null,null,null,null,null,null,null,null,null,null,null,null,null,null,null,null,null,null,null,null,null,null,null,null,null,null
null,null,null,35.36626434326172,35.36679458618164,35.36187744140625,null,null,36.2890739440918,36.2890739440918,null,null,null,null,null,null,null,null,null,null,null,null,null,null,null,null,null,null,null,null,null,null,null,null,null,null,null,null,null,null,null,null,null,null,null,null,null,null,null,null,null
null,null,null,35.38306427001953,35.379615783691406,35.380332946777344,null,null,36.188838958740234,36.290122985839844,null,null,35.77608108520508,35.77608108520508,null,null,null,null,null,null,null,null,null,null,null,null,null,null,null,null,null,null,null,null,null,null,null,null,null,null,null,null,null,null,null,null,null,null,null,null,null
35.401695251464844,35.40212631225586,35.39862823486328,35.39342498779297,35.390419006347656,35.39516830444336,35.40785217285156,35.5179328918457,null,null,null,null,35.775733947753906,null,null,null,null,null,null,null,null,null,null,null,null,null,null,null,null,null,null,null,null,null,null,null,null,null,null,null,null,null,null,null,null,null,null,null,null,null,null
35.40327453613281,35.40184783935547,35.400455474853516,35.399269104003906,35.39851760864258,35.40803909301758,35.421504974365234,35.43144226074219,null,null,null,null,35.7775993347168,null,null,null,null,null,null,null,null,null,null,null,null,null,null,null,null,null,null,null,null,null,null,null,null,null,null,null,null,null,null,null,null,null,null,null,null,null,null
null,null,null,null,null,null,35.444190979003906,35.455265045166016,35.471134185791016,35.51369857788086,35.59796142578125,35.711265563964844,35.783103942871094,null,null,null,null,null,null,null,null,null,null,null,null,null,null,null,null,null,null,null,null,null,null,null,null,null,null,null,null,null,null,null,null,null,null,null,null,null,null
null,null,null,null,null,null,35.46738052368164,35.47209548950195,35.48374938964844,35.509925842285156,null,null,null,null,null,null,null,null,null,null,null,null,null,null,null,null,null,null,null,null,null,null,null,null,null,null,null,null,null,null,null,null,null,null,null,null,null,null,null,null,null
35.495792388916016,null,null,null,null,null,35.4764518737793,null,null,null,null,null,null,null,null,null,null,null,null,null,null,null,null,null,null,null,null,null,null,null,null,null,null,null,null,null,null,null,null,null,null,null,null,null,null,null,null,null,null,null,null
35.49772262573242,null,null,null,null,null,null,null,null,null,null,null,null,null,null,null,null,null,null,null,null,null,null,null,null,null,null,null,null,null,null,null,null,null,null,null,null,null,null,null,null,null,null,null,null,null,null,null,null,null,null
null,null,null,null,null,null,null,null,null,null,null,null,null,null,null,null,null,null,null,null,null,null,null,null,null,null,null,null,null,null,null,null,null,null,null,null,null,null,null,null,null,null,null,null,null,null,null,null,null,null,null
null,null,null,null,null,null,null,null,null,null,null,null,null,null,null,null,null,null,null,null,null,null,null,null,null,null,null,null,null,null,null,null,null,null,null,null,null,null,null,null,null,null,null,null,null,null,null,null,null,null,null
null,null,null,null,null,null,null,null,null,null,null,null,null,null,null,null,null,null,null,null,null,null,null,null,null,null,null,null,null,null,null,null,null,null,null,null,null,null,null,null,null,null,null,null,null,null,null,null,null,null,null
