earth/public/data/ocean/C53/ANN-vosaline-depthz-1000m-gfs-1.0.json
{"header": {"discipline": 0, "disciplineName": "Meteorological products", "gribEdition": 2, "gribLength": 131138.0, "center": 0, "centerName": "Kiel Climate Model", "subcenter": 0, "refTime": "1", "significanceOfRT": 1, "significanceOfRTName": "Start of forecast", "productStatus": 0, "productStatusName": "Operational products", "productType": 1, "productTypeName": "Forecast products", "productDefinitionTemplate": 0, "productDefinitionTemplateName": "Analysis/forecast at horizontal level/layer at a point in time", "parameterCategory": 2, "parameterCategoryName": "Momentum", "parameterNumber": 2, "parameterNumberName": "U-component_of_wind", "parameterUnit": "PSU", "genProcessType": 2, "genProcessTypeName": "Forecast", "forecastTime": 0, "surface1Type": 103, "surface1TypeName": "Specified height level above ground", "surface1Value": 10, "surface2Type": 255, "surface2TypeName": "Missing", "surface2Value": 0, "gridDefinitionTemplate": 0, "gridDefinitionTemplateName": "Latitude_Longitude", "numberPoints": 65160, "shape": 6, "shapeName": "Earth spherical with radius of 6,371,229.0 m", "gridUnits": "degrees", "resolution": 48, "winds": "true", "scanMode": 0, "nx": 360.0, "ny": 180.0, "basicAngle": 0, "subDivisions": 0, "lo1": 0.0, "la1": -89.5, "lo2": 359.0, "la2": 89.5, "dx": 1.0, "dy": -1.0}, "data":
[rows 132 to 153 of 180, columns 250 to 299 of 360]
34.685543060302734,34.6866340637207,34.68763732910156,34.68873977661133,34.68973922729492,34.69084548950195,34.691856384277344,34.692996978759766,34.694053649902344,34.69525146484375,34.6970100402832,34.69879150390625,34.7000846862793,34.70126724243164,34.70256423950195,34.703739166259766,34.70502853393555,34.70619201660156,34.707496643066406,34.70869827270508,34.71006774902344,34.71135711669922,34.712860107421875,34.71430587768555,34.715999603271484,34.717628479003906,34.71955108642578,34.721412658691406,34.72357177734375,34.72563934326172,34.728031158447266,34.730316162109375,34.7328987121582,34.73530960083008,34.73799514770508,34.740474700927734,34.74320602416992,34.745689392089844,34.74833679199219,34.75066375732422,34.75309753417969,34.75518035888672,34.756324768066406,null,null,null,null,null,null,null
34.676780700683594,34.67794418334961,34.67900466918945,34.6801643371582,34.68120574951172,34.68234634399414,34.68337631225586,34.68452835083008,34.68559646606445,34.686805725097656,34.688575744628906,34.69036865234375,34.6916618347168,34.69284439086914,34.69413375854492,34.69529724121094,34.69655990600586,34.69770050048828,34.69895935058594,34.70011520385742,34.70142364501953,34.70265197753906,34.704078674316406,34.705440521240234,34.7070426940918,34.70859146118164,34.710426330566406,34.712215423583984,34.714317321777344,34.71635818481445,34.71875,34.7216796875,34.72533416748047,34.728424072265625,34.7311897277832,34.73374938964844,34.73654556274414,34.73908233642578,34.74173355102539,34.744014739990234,34.74639129638672,34.74843215942383,34.7495231628418,null,null,null,null,null,null,null
34.6696662902832,34.66990280151367,34.67047119140625,34.6717643737793,34.672908782958984,34.67414855957031,34.675254821777344,34.676475524902344,34.67758560180664,34.678836822509766,34.6806526184082,34.68248748779297,34.68380355834961,34.685001373291016,34.68630599975586,34.68747329711914,34.68873977661133,34.68987274169922,34.69111251831055,34.692745208740234,34.69486618041992,34.69655990600586,34.69792938232422,34.6992301940918,34.70075988769531,34.702239990234375,34.704002380371094,34.705726623535156,34.70778274536133,34.70979690551758,34.712188720703125,34.715553283691406,34.72027587890625,34.72383117675781,34.726688385009766,34.729331970214844,34.73223876953125,34.73486328125,34.73759460449219,34.739933013916016,34.74248504638672,34.7447624206543,34.74604797363281,null,null,null,null,null,null,null
34.66459274291992,34.663909912109375,34.66420364379883,34.66563034057617,34.666893005371094,34.668235778808594,34.66942596435547,34.670719146728516,34.6718864440918,34.673187255859375,34.67505645751953,34.676937103271484,34.67828369140625,34.67950439453125,34.68082809448242,34.682010650634766,34.68328857421875,34.684425354003906,34.68566131591797,34.6876220703125,34.69057083129883,34.69257736206055,34.693904876708984,34.695159912109375,34.69663619995117,34.69806671142578,34.699771881103516,34.70145034790039,34.70347595214844,34.705474853515625,34.70787811279297,34.71085739135742,34.71463394165039,34.71788787841797,34.72088623046875,34.72370529174805,34.72679901123047,34.72960662841797,34.73241424560547,34.73472213745117,34.73766326904297,34.74141311645508,34.74401092529297,null,null,null,null,null,null,null
34.6584587097168,34.65898132324219,34.65980529785156,34.66136169433594,34.66272735595703,34.664180755615234,34.66545104980469,34.66682815551758,34.66805648803711,34.66941452026367,34.67134094238281,34.673274993896484,34.674652099609375,34.67589569091797,34.677242279052734,34.678443908691406,34.67973709106445,34.680885314941406,34.682125091552734,34.68374252319336,34.685821533203125,34.68745422363281,34.68872833251953,34.68992614746094,34.69132995605469,34.69268035888672,34.694313049316406,34.69593048095703,34.69791793823242,34.699913024902344,34.70234680175781,34.704769134521484,34.70763397216797,34.71042251586914,34.7136344909668,34.7166862487793,34.72015380859375,34.723392486572266,34.72650909423828,34.7288932800293,34.73126220703125,null,null,null,null,null,null,null,null,null
34.65040588378906,34.65217590332031,34.653804779052734,34.655548095703125,34.65708541870117,34.658714294433594,34.660133361816406,34.661651611328125,34.66299057006836,34.664451599121094,34.66648483276367,34.66851806640625,34.66994857788086,34.67123794555664,34.67262649536133,34.67386245727539,34.67518615722656,34.676353454589844,34.677608489990234,34.67871856689453,34.67992401123047,34.681007385253906,34.682220458984375,34.6833381652832,34.68464660644531,34.6859016418457,34.68743896484375,34.68898010253906,34.6909294128418,34.692928314208984,34.69540786743164,34.697914123535156,34.70090103149414,34.70382308959961,34.70719528198242,34.71042251586914,34.71422576904297,34.71882629394531,34.72346115112305,34.72625732421875,34.72749328613281,null,null,null,null,null,null,null,null,null
34.64225769042969,34.644222259521484,34.646053314208984,34.64802932739258,34.64979553222656,34.65165710449219,34.653282165527344,34.65500259399414,34.6565055847168,34.658119201660156,34.66032028198242,34.66250228881836,34.66401290893555,34.66536331176758,34.66681671142578,34.6681022644043,34.66946792602539,34.67066955566406,34.671939849853516,34.673057556152344,34.674251556396484,34.67530822753906,34.67646789550781,34.677520751953125,34.678741455078125,34.679908752441406,34.681358337402344,34.682823181152344,34.68472671508789,34.68671798706055,34.689239501953125,34.691837310791016,34.694915771484375,34.697914123535156,34.701393127441406,34.7055549621582,34.70918655395508,null,null,null,34.726966857910156,null,null,null,null,null,null,null,null,null
34.63502502441406,34.637107849121094,34.639076232910156,34.64122772216797,34.6431770324707,34.64524841308594,34.64706802368164,34.64898681640625,34.65065383911133,34.65243148803711,34.65480422973633,34.65714645385742,34.65874099731445,34.66015625,34.66167068481445,34.66300582885742,34.66441345214844,34.665645599365234,34.66694259643555,34.668067932128906,34.66925811767578,34.6702995300293,34.671424865722656,34.672428131103516,34.673580169677734,34.6746711730957,34.67601776123047,34.67738342285156,34.67918014526367,34.68108367919922,34.683616638183594,34.68632125854492,34.68950271606445,34.6933708190918,34.69663619995117,null,34.70625305175781,null,null,null,null,null,null,null,null,null,null,null,null,null
34.62901306152344,34.631126403808594,34.633140563964844,34.635379791259766,34.63743591308594,34.6396484375,34.6416130065918,34.64369201660156,34.645503997802734,34.647422790527344,34.64995574951172,34.652442932128906,34.65411376953125,34.65559005737305,34.65715408325195,34.65852355957031,34.659969329833984,34.661224365234375,34.662540435791016,34.66367721557617,34.66487503051758,34.665916442871094,34.667030334472656,34.66801071166992,34.66911315917969,34.67013931274414,34.671363830566406,34.672569274902344,34.67407989501953,34.67564392089844,34.67815017700195,34.681915283203125,34.68506622314453,null,34.69406509399414,null,null,null,null,null,null,null,null,null,null,null,null,null,null,null
34.62438201904297,34.62643814086914,34.62841033935547,34.630638122558594,34.632713317871094,34.634979248046875,34.637020111083984,34.639190673828125,34.6411018371582,34.64311981201172,34.645774841308594,34.648372650146484,34.65010070800781,34.651611328125,34.65321350097656,34.654605865478516,34.656070709228516,34.6573371887207,34.65866470336914,34.65981674194336,34.66102600097656,34.66208267211914,34.663211822509766,34.66420364379883,34.66529846191406,34.66628646850586,34.667396545410156,34.66842269897461,34.669551849365234,34.670555114746094,34.67212677001953,null,34.68265151977539,null,null,null,null,null,null,null,null,null,null,null,null,null,null,null,null,null
34.62113952636719,34.62307357788086,34.62493133544922,34.62705612182617,34.62907028198242,34.63129425048828,34.63333511352539,34.635520935058594,34.63746643066406,34.639530181884766,34.64224624633789,34.644901275634766,34.64665603637695,34.648189544677734,34.64979553222656,34.65119171142578,34.65265655517578,34.6539192199707,34.655250549316406,34.656402587890625,34.657630920410156,34.658714294433594,34.659889221191406,34.660945892333984,34.66208267211914,34.6630859375,34.664154052734375,34.665164947509766,34.666080474853516,34.666866302490234,34.66749954223633,null,null,null,null,null,null,null,null,null,null,null,null,null,null,null,null,null,null,null
34.61915588378906,34.62092971801758,34.622623443603516,34.62458801269531,34.626461029052734,34.62857437133789,34.63053894042969,34.63267135620117,34.63459014892578,34.63663864135742,34.63935470581055,34.642005920410156,34.64375305175781,34.6452751159668,34.64686965942383,34.64823913574219,34.649681091308594,34.65092468261719,34.6522331237793,34.65336990356445,34.65460205078125,34.65571212768555,34.656978607177734,34.658355712890625,34.659732818603516,34.660858154296875,34.66191482543945,34.662986755371094,34.66384506225586,34.66437911987305,null,null,null,null,null,null,null,null,null,null,null,null,null,null,null,null,null,null,null,null
34.61822509765625,34.619815826416016,34.621307373046875,34.62303924560547,34.624698638916016,34.62659454345703,34.628395080566406,34.63037872314453,34.63218688964844,34.634132385253906,34.636741638183594,34.63928985595703,34.64097213745117,34.642433166503906,34.643951416015625,34.64525604248047,34.6466178894043,34.647796630859375,34.64917755126953,34.6505012512207,34.65184783935547,34.65324020385742,34.65484619140625,34.65663146972656,34.658267974853516,34.65977096557617,34.661376953125,34.662445068359375,34.66289138793945,34.663063049316406,null,null,null,null,null,null,null,null,null,null,null,null,null,null,null,null,null,null,null,null
34.617923736572266,34.6193962097168,34.62081527709961,34.62228775024414,34.62369155883789,34.62533950805664,34.626922607421875,34.62869644165039,34.63033676147461,34.632118225097656,34.63452911376953,34.63688659667969,34.63844299316406,34.639793395996094,34.64119338989258,34.64238739013672,34.64362335205078,34.64468002319336,34.64602279663086,34.64752197265625,34.648826599121094,34.650543212890625,34.65327453613281,34.65586853027344,34.65748596191406,34.659446716308594,34.66188430786133,34.663089752197266,null,null,null,null,null,null,null,null,null,null,null,null,null,null,null,null,null,null,null,null,null,null
34.61787796020508,34.61924743652344,34.62062072753906,34.62200164794922,34.6234016418457,34.624874114990234,34.62630081176758,34.627906799316406,34.62940216064453,34.63102722167969,34.633235931396484,34.635398864746094,34.63682556152344,34.638057708740234,34.63933181762695,34.640419006347656,34.64153289794922,34.642578125,34.64373779296875,34.64487075805664,34.645835876464844,34.64675521850586,null,null,null,null,null,null,null,null,null,null,null,null,null,null,null,null,null,null,null,null,null,null,null,null,null,null,null,null
34.6180534362793,34.61914825439453,34.620323181152344,34.621726989746094,34.62322998046875,34.62476348876953,34.626285552978516,34.627777099609375,34.629150390625,34.630638122558594,34.63264465332031,34.63460922241211,34.635894775390625,34.63700485229492,34.63814926147461,34.63923263549805,34.64036178588867,34.64149856567383,34.642520904541016,34.643218994140625,34.64378356933594,34.64404296875,34.644073486328125,34.644195556640625,34.64454650878906,34.64502716064453,34.64545822143555,34.64577102661133,34.64683532714844,null,null,null,null,null,null,null,null,null,null,null,null,null,null,null,null,null,null,null,null,null
34.61806106567383,34.619117736816406,34.620208740234375,34.6214485168457,34.62284851074219,34.624656677246094,34.62641906738281,34.62781524658203,34.62907409667969,34.630428314208984,34.63222122192383,34.63397216796875,34.63511276245117,34.63608932495117,34.63710021972656,34.63823699951172,34.63946533203125,34.640506744384766,34.6413688659668,34.64197540283203,34.642574310302734,34.64315414428711,34.643558502197266,34.643856048583984,34.644264221191406,34.64472198486328,34.645103454589844,34.64543914794922,34.646690368652344,34.64929962158203,34.65104675292969,null,null,null,null,null,null,null,null,null,null,null,null,null,null,null,null,null,null,null
34.617610931396484,34.61884689331055,34.620121002197266,34.62141799926758,34.62273025512695,34.624473571777344,34.626258850097656,34.6276969909668,34.62904739379883,34.63029098510742,34.63191604614258,34.63349914550781,34.634517669677734,34.6354866027832,34.63644790649414,34.637542724609375,34.63864517211914,34.63946533203125,34.640174865722656,34.640804290771484,34.641517639160156,34.64229965209961,34.64281463623047,34.643226623535156,34.64371109008789,34.644187927246094,34.64455795288086,34.644840240478516,34.645999908447266,34.647979736328125,34.648956298828125,null,null,null,null,null,null,null,null,null,null,null,null,null,null,null,null,null,null,null
34.6170654296875,34.6182746887207,34.619728088378906,34.62123489379883,34.62268829345703,34.62429428100586,34.62575149536133,34.62742614746094,34.62900161743164,34.63016891479492,34.63167953491211,34.63314437866211,34.63407897949219,34.6351318359375,34.636173248291016,34.63701248168945,34.637901306152344,34.638607025146484,34.63923263549805,34.639896392822266,34.640602111816406,34.641868591308594,34.64326095581055,34.64453125,34.64556121826172,34.64575958251953,34.645118713378906,34.6446533203125,null,null,null,null,null,null,null,null,null,null,null,null,null,null,null,null,null,null,null,null,null,null
34.616580963134766,34.61787796020508,34.61936950683594,34.62078094482422,34.62250900268555,34.624168395996094,34.62544631958008,34.627166748046875,34.62885665893555,34.6299934387207,34.6314697265625,34.63289260864258,34.6337776184082,34.63484191894531,34.63585662841797,34.63650894165039,34.63723373413086,34.6379508972168,34.638450622558594,34.6390266418457,34.639869689941406,34.64191818237305,34.6447639465332,34.64701843261719,34.64888000488281,34.648643493652344,34.64624786376953,34.64502716064453,null,null,null,null,null,null,null,null,null,null,null,null,null,null,null,null,null,null,null,null,null,null
34.616050720214844,34.61763381958008,34.61909866333008,34.62046813964844,34.622188568115234,34.62373733520508,34.624935150146484,34.62649917602539,34.62797927856445,34.62974548339844,34.6319465637207,34.633392333984375,34.63388442993164,34.634742736816406,34.635562896728516,34.63611602783203,34.63675308227539,34.63789749145508,34.63914489746094,34.64052963256836,null,null,null,null,null,null,null,null,null,null,null,null,null,null,null,null,null,null,null,null,null,null,null,null,null,null,null,null,null,null
34.6154899597168,34.61711502075195,34.61848449707031,34.61988830566406,34.62133026123047,34.62244415283203,34.62352752685547,34.62469482421875,34.625667572021484,34.62809753417969,34.63235855102539,34.63437271118164,34.63482666015625,34.63585662841797,34.63640594482422,34.63697814941406,34.63758850097656,34.63878631591797,34.64092254638672,34.643394470214844,34.64581298828125,null,null,null,null,null,null,null,null,null,null,null,null,null,null,null,null,null,null,null,null,null,null,null,null,null,null,null,null,null
