earth/public/data/ocean/C53/ANN-votemper-depthz-2000m-gfs-1.0.json
{"header": {"discipline": 0, "disciplineName": "Meteorological products", "gribEdition": 2, "gribLength": 131138.0, "center": 0, "centerName": "Kiel Climate Model", "subcenter": 0, "refTime": "1", "significanceOfRT": 1, "significanceOfRTName": "Start of forecast", "productStatus": 0, "productStatusName": "Operational products", "productType": 1, "productTypeName": "Forecast products", "productDefinitionTemplate": 0, "productDefinitionTemplateName": "Analysis/forecast at horizontal level/layer at a point in time", "parameterCategory": 2, "parameterCategoryName": "Momentum", "parameterNumber": 2, "parameterNumberName": "U-component_of_wind", "parameterUnit": "C", "genProcessType": 2, "genProcessTypeName": "Forecast", "forecastTime": 0, "surface1Type": 103, "surface1TypeName": "Specified height level above ground", "surface1Value": 10, "surface2Type": 255, "surface2TypeName": "Missing", "surface2Value": 0, "gridDefinitionTemplate": 0, "gridDefinitionTemplateName": "Latitude_Longitude", "numberPoints": 65160, "shape": 6, "shapeName": "Earth spherical with radius of 6,371,229.0 m", "gridUnits": "degrees", "resolution": 48, "winds": "true", "scanMode": 0, "nx": 360.0, "ny": 180.0, "basicAngle": 0, "subDivisions": 0, "lo1": 0.0, "la1": -89.5, "lo2": 359.0, "la2": 89.5, "dx": 1.0, "dy": -1.0}, "data":
[rows 92 to 114 of 180, columns 0 to 50 of 360]
null,null,null,null,null,null,null,null,null,null,null,null,null,null,null,null,null,null,null,null,null,null,null,null,null,null,null,null,null,null,null,null,null,null,null,null,null,null,null,null,null,null,null,null,null,null,null,null,null,null,null
null,null,null,null,null,null,null,null,null,null,null,null,null,null,null,null,null,null,null,null,null,null,null,null,null,null,null,null,null,null,null,null,null,null,null,null,null,null,null,null,null,null,null,null,null,null,null,null,null,null,null
null,null,null,null,null,null,null,null,null,null,null,null,null,null,null,null,null,null,null,null,null,null,null,null,null,null,null,null,null,null,null,null,null,null,null,null,null,null,null,null,null,null,null,null,null,null,null,null,null,null,null
null,null,null,null,null,null,null,null,null,null,null,null,null,null,null,null,null,null,null,null,null,null,null,null,null,null,null,null,null,null,null,null,null,null,null,null,null,null,null,null,null,null,null,null,null,null,null,null,null,null,null
null,null,null,null,null,null,null,null,null,null,null,null,null,null,null,null,null,null,null,null,null,null,null,null,null,null,null,null,null,null,null,null,null,null,null,null,null,null,null,null,null,null,null,null,null,null,null,null,null,null,null
null,null,null,null,null,null,null,null,null,null,null,null,null,null,null,null,null,null,null,null,null,null,null,null,null,null,null,null,null,null,null,null,null,null,null,null,null,null,null,null,null,null,null,null,null,null,null,null,null,null,null
null,null,null,null,null,null,null,null,null,null,null,null,null,null,null,null,null,null,null,null,null,null,null,null,null,null,null,null,null,null,null,null,null,null,null,null,null,null,null,null,null,null,null,null,null,null,null,null,null,null,null
null,null,null,null,null,null,null,null,null,null,null,null,null,null,null,null,null,null,null,null,null,null,null,null,null,null,null,null,null,null,null,null,null,null,null,null,null,null,null,null,null,null,null,null,null,null,null,null,null,null,7.8443708419799805
null,null,null,null,null,null,null,null,null,null,null,null,null,null,null,null,null,null,null,null,null,null,null,null,null,null,null,null,null,null,null,null,null,null,null,null,null,null,null,null,null,null,null,8.474493980407715,8.378173828125,8.197571754455566,8.089102745056152,8.066323280334473,8.037162780761719,7.961456298828125,7.885132789611816
null,null,null,null,null,null,null,null,null,null,null,null,null,null,null,null,null,null,null,null,null,null,null,null,null,null,null,null,null,null,null,null,null,null,null,null,null,null,null,null,null,null,null,8.38868522644043,8.316059112548828,8.182332992553711,8.099653244018555,8.078900337219238,8.05044937133789,7.99144983291626,7.923488616943359
null,null,null,null,null,null,null,null,null,null,null,null,null,null,null,null,null,null,null,null,null,null,null,null,null,null,null,null,null,null,null,null,null,null,null,null,null,null,null,null,null,null,null,8.264876365661621,8.218454360961914,8.173569679260254,8.136978149414062,8.119422912597656,8.092375755310059,8.03575611114502,7.972695350646973
null,null,null,null,null,null,null,null,null,null,null,null,null,null,null,null,null,null,null,null,null,null,null,null,null,null,null,null,null,null,null,null,null,null,null,null,null,null,null,null,null,8.48281478881836,8.387127876281738,8.248445510864258,8.188108444213867,8.188879013061523,8.180383682250977,8.164230346679688,8.137489318847656,8.081653594970703,8.021495819091797
null,null,null,null,null,null,null,null,null,null,null,null,null,null,null,null,null,null,null,null,null,null,null,null,null,null,null,null,null,null,null,null,null,null,null,null,null,null,null,null,null,8.41796875,8.366435050964355,8.271087646484375,8.221686363220215,8.223764419555664,8.216217994689941,8.200338363647461,8.173194885253906,8.116948127746582,8.057112693786621
null,null,null,null,null,null,null,null,null,null,null,null,null,null,null,null,null,null,null,null,null,null,null,null,null,null,null,null,null,null,null,null,null,null,null,null,null,null,null,null,null,8.29638385772705,8.284222602844238,8.263760566711426,8.252284049987793,8.255328178405762,8.248671531677246,8.23360538482666,8.20662784576416,8.150177001953125,8.090652465820312
null,null,null,null,null,null,null,null,null,null,null,null,null,null,null,null,null,null,null,null,null,null,null,null,null,null,null,null,null,null,null,null,null,null,null,null,null,null,null,null,null,8.253718376159668,8.26236343383789,8.27763557434082,8.287693977355957,8.2908935546875,8.284677505493164,8.270190238952637,8.243548393249512,8.187798500061035,8.129464149475098
null,null,null,null,null,null,null,null,null,null,null,null,null,null,null,null,null,null,null,null,null,null,null,null,null,null,null,null,null,null,null,null,null,null,null,null,null,null,null,null,null,8.295307159423828,8.301583290100098,8.31343936920166,8.321462631225586,8.324007987976074,8.31763744354248,8.303494453430176,8.27724552154541,8.22286319732666,8.166600227355957
null,null,null,null,null,null,null,null,null,null,null,null,null,null,null,null,null,null,null,null,null,null,null,null,null,null,null,null,null,null,null,null,null,null,null,null,null,null,null,null,null,8.354290962219238,8.345711708068848,8.35306167602539,8.358064651489258,8.360084533691406,8.353357315063477,8.339146614074707,8.313738822937012,8.262190818786621,8.209086418151855
null,null,null,null,null,null,null,null,null,null,null,null,null,null,null,null,null,null,null,null,null,null,null,null,null,null,null,null,null,null,null,null,null,null,null,null,null,9.319343566894531,9.104530334472656,8.701756477355957,8.453970909118652,8.407015800476074,8.38713550567627,8.388887405395508,8.39089298248291,8.392515182495117,8.38534927368164,8.370658874511719,8.346258163452148,8.298558235168457,8.249405860900879
null,null,null,null,null,null,null,null,null,null,null,null,null,null,null,null,null,null,null,null,null,null,null,null,null,null,null,null,null,null,null,null,null,null,null,null,null,9.104364395141602,8.977296829223633,8.668793678283691,8.484651565551758,8.450180053710938,8.430827140808105,8.429917335510254,8.429261207580566,8.429108619689941,8.420775413513184,8.405912399291992,8.383036613464355,8.339728355407715,8.295001983642578
null,null,null,null,null,null,null,null,null,null,null,null,null,null,null,null,null,null,null,null,null,null,null,null,null,null,null,null,null,8.87444019317627,8.852227210998535,8.810800552368164,8.770750999450684,8.737767219543457,8.70919418334961,8.688626289367676,8.725546836853027,8.787012100219727,8.744868278503418,8.619613647460938,8.531891822814941,8.504830360412598,8.48942756652832,8.488404273986816,8.485444068908691,8.481087684631348,8.471196174621582,8.457439422607422,8.437323570251465,8.400131225585938,8.361515045166016
null,null,null,null,null,null,null,null,null,null,null,null,null,null,null,null,null,null,null,null,null,null,null,null,null,null,null,null,null,8.872957229614258,8.849666595458984,8.807202339172363,8.763440132141113,8.725972175598145,8.696870803833008,8.681413650512695,8.662824630737305,8.644749641418457,8.622117042541504,8.599727630615234,8.576836585998535,8.558598518371582,8.547500610351562,8.545835494995117,8.540570259094238,8.532529830932617,8.521652221679688,8.509905815124512,8.492753982543945,8.461149215698242,8.42814826965332
null,null,null,null,null,null,null,null,null,null,null,null,null,null,null,null,null,null,null,null,null,null,null,null,null,null,null,null,null,8.945544242858887,8.866701126098633,8.821599960327148,8.777005195617676,8.74078369140625,8.71334457397461,8.699411392211914,8.681718826293945,8.663615226745605,8.645130157470703,8.629683494567871,8.613271713256836,8.59889030456543,8.589028358459473,8.585566520690918,8.578818321228027,8.570104598999023,8.559911727905273,8.549981117248535,8.535109519958496,8.509340286254883,8.480947494506836
null,null,null,null,null,null,null,null,null,null,null,null,null,null,null,null,null,null,null,null,null,null,null,null,null,null,null,9.506067276000977,9.318532943725586,9.04619026184082,8.90071964263916,8.852380752563477,8.810418128967285,8.78270149230957,8.758166313171387,8.741538047790527,8.722423553466797,8.704169273376465,8.685057640075684,8.668506622314453,8.651988983154297,8.63849925994873,8.627674102783203,8.621395111083984,8.613618850708008,8.60566520690918,8.596696853637695,8.588455200195312,8.575338363647461,8.556703567504883,8.534839630126953
