earth/public/data/ocean/C53/ANN-somxl010-depthz-0m-gfs-1.0.json
{"header": {"discipline": 0, "disciplineName": "Meteorological products", "gribEdition": 2, "gribLength": 131138.0, "center": 0, "centerName": "Kiel Climate Model", "subcenter": 0, "refTime": "1", "significanceOfRT": 1, "significanceOfRTName": "Start of forecast", "productStatus": 0, "productStatusName": "Operational products", "productType": 1, "productTypeName": "Forecast products", "productDefinitionTemplate": 0, "productDefinitionTemplateName": "Analysis/forecast at horizontal level/layer at a point in time", "parameterCategory": 2, "parameterCategoryName": "Momentum", "parameterNumber": 2, "parameterNumberName": "U-component_of_wind", "parameterUnit": "m", "genProcessType": 2, "genProcessTypeName": "Forecast", "forecastTime": 0, "surface1Type": 103, "surface1TypeName": "Specified height level above ground", "surface1Value": 10, "surface2Type": 255, "surface2TypeName": "Missing", "surface2Value": 0, "gridDefinitionTemplate": 0, "gridDefinitionTemplateName": "Latitude_Longitude", "numberPoints": 65160, "shape": 6, "shapeName": "Earth spherical with radius of 6,371,229.0 m", "gridUnits": "degrees", "resolution": 48, "winds": "true", "scanMode": 0, "nx": 360.0, "ny": 180.0, "basicAngle": 0, "subDivisions": 0, "lo1": 0.0, "la1": -89.5, "lo2": 359.0, "la2": 89.5, "dx": 1.0, "dy": -1.0}, "data":
[rows 42 to 62 of 180, columns 0 to 46 of 360]
null,null,null,null,null,51.635101318359375,52.1644401550293,52.597618103027344,57.12834167480469,65.62052154541016,80.48136138916016,102.92106628417969,124.24678039550781,148.13731384277344,174.0904998779297,187.31190490722656,184.68240356445312,195.48367309570312,218.55946350097656,239.92056274414062,256.73931884765625,273.93402099609375,288.7108459472656,286.38238525390625,267.4989929199219,245.4949188232422,223.12657165527344,232.1053009033203,279.3973388671875,289.2483825683594,248.8782958984375,215.27781677246094,174.38124084472656,null,null,null,null,null,168.44241333007812,153.45794677734375,116.94617462158203,132.31105041503906,165.52859497070312,178.61705017089844,170.6559600830078,155.2238006591797,134.4934844970703
null,null,null,null,null,null,null,null,null,null,87.65008544921875,100.13693237304688,101.1880111694336,123.24858856201172,162.00428771972656,176.5677947998047,164.63565063476562,170.1840362548828,191.60284423828125,209.71652221679688,220.65110778808594,239.4268341064453,262.5950927734375,251.6957244873047,208.1758270263672,186.05245971679688,189.80784606933594,null,null,null,null,null,null,null,null,null,null,null,null,null,null,null,null,null,null,null,null
null,null,null,null,null,null,null,null,null,null,80.63301849365234,92.69043731689453,86.73738098144531,108.84854888916016,142.3353729248047,153.45689392089844,147.4354705810547,154.9180145263672,173.64971923828125,187.07728576660156,192.88880920410156,208.64520263671875,231.90428161621094,216.6774444580078,165.85423278808594,150.8900146484375,173.88064575195312,null,null,null,null,null,null,null,null,null,null,null,null,null,null,null,null,null,null,null,null
null,null,null,null,null,null,null,null,null,null,null,null,null,null,null,null,134.21731567382812,145.18394470214844,157.0722198486328,164.73477172851562,167.30677795410156,176.91656494140625,191.62127685546875,177.4005126953125,136.36460876464844,129.73904418945312,159.13143920898438,null,null,null,null,null,null,null,null,null,null,null,null,null,null,null,null,null,null,null,null
null,null,null,null,null,null,null,null,null,null,null,null,null,null,null,null,137.46665954589844,143.1272735595703,142.1197967529297,141.6925811767578,141.26551818847656,145.58946228027344,153.65122985839844,142.5276336669922,114.59532928466797,114.53543853759766,142.58079528808594,null,null,null,null,null,null,null,null,null,null,null,null,null,null,null,null,null,null,null,null
null,null,null,null,null,null,null,null,null,null,null,null,null,null,null,null,127.32925415039062,126.33399200439453,124.61015319824219,125.69120025634766,128.49427795410156,131.52896118164062,134.21185302734375,125.47502136230469,106.8995590209961,108.8017349243164,130.76036071777344,null,null,null,null,null,null,null,null,null,null,null,null,null,null,null,null,null,null,null,null
null,null,null,null,null,null,null,null,null,null,null,null,null,null,null,null,93.75670623779297,97.91484832763672,103.9850082397461,110.38443756103516,118.66349029541016,120.56464385986328,115.99832153320312,108.03726196289062,98.03121185302734,99.3038330078125,111.92003631591797,116.11673736572266,115.09581756591797,113.86337280273438,null,null,null,null,null,null,null,null,null,null,null,null,null,null,null,null,null
null,null,null,null,null,null,null,null,null,null,null,null,null,null,null,null,90.93110656738281,94.09933471679688,94.03374481201172,100.79332733154297,107.57537078857422,107.21617126464844,99.55657958984375,92.80116271972656,88.28331756591797,87.62267303466797,90.7183837890625,91.40316772460938,89.23041534423828,87.42210388183594,null,null,null,null,null,null,null,null,null,null,null,null,null,null,null,null,null
null,null,null,null,null,null,null,null,null,null,null,null,null,null,null,null,91.81417846679688,94.9709243774414,97.3255844116211,98.43448638916016,100.25880432128906,96.95240783691406,89.68603515625,84.94944763183594,83.40310668945312,81.05110931396484,78.35639953613281,78.59864807128906,81.89261627197266,83.79874420166016,null,null,null,null,null,null,null,null,null,null,null,null,null,null,null,null,null
null,null,null,null,null,null,null,null,null,null,null,null,null,null,null,null,null,null,null,null,null,null,82.85736846923828,79.86103820800781,81.51168060302734,78.35225677490234,71.2998046875,68.25565338134766,69.84772491455078,69.09149932861328,69.62092590332031,67.58667755126953,66.16368865966797,null,null,null,null,null,null,null,null,null,null,null,null,null,null
null,null,null,null,null,null,null,null,null,null,null,null,null,null,null,null,null,null,null,null,null,null,78.82437133789062,78.23023223876953,79.89125061035156,76.10906219482422,68.0138168334961,61.35578918457031,57.112274169921875,54.660255432128906,54.3460578918457,56.861083984375,62.35582733154297,null,null,null,null,null,null,null,null,null,null,null,null,null,null
null,null,null,null,null,null,null,null,null,null,null,null,null,null,null,null,null,null,null,null,null,null,76.2069091796875,75.50308990478516,75.70137786865234,72.90314483642578,67.72714233398438,60.759910583496094,53.081825256347656,49.96555709838867,52.0386848449707,55.23244857788086,59.15226745605469,null,null,null,null,null,null,null,null,null,null,null,null,null,null
null,null,null,null,null,null,null,null,null,null,null,null,null,null,null,null,null,null,null,null,null,null,null,null,69.59228515625,67.08271789550781,63.731590270996094,60.12424087524414,56.26622772216797,54.8520393371582,55.7182731628418,56.0893440246582,55.82920455932617,56.399864196777344,58.31219482421875,55.30024337768555,47.488525390625,40.25728225708008,null,null,null,null,null,null,null,null,null
null,null,null,null,null,null,null,null,null,null,null,null,null,null,null,null,null,null,null,null,null,null,null,null,61.149864196777344,60.42365646362305,55.81867218017578,57.13129425048828,61.247859954833984,63.386051177978516,63.516632080078125,61.36676788330078,57.20982360839844,56.17285919189453,58.25918197631836,55.42555236816406,48.13300323486328,43.19102096557617,null,null,null,null,null,null,null,null,null
null,null,null,null,null,null,null,null,null,null,null,null,null,null,null,null,null,null,null,null,null,null,null,null,57.96491241455078,57.18622970581055,50.23578643798828,56.149566650390625,66.70115661621094,71.37464141845703,69.29570007324219,65.25658416748047,60.16041564941406,57.49190139770508,57.79820251464844,54.46615219116211,48.12293243408203,44.9649543762207,null,null,null,null,null,null,null,null,null
null,null,null,null,null,null,null,null,null,null,null,null,null,null,null,null,null,null,null,null,null,null,null,null,56.85234069824219,56.09121322631836,49.07777786254883,57.40193176269531,72.73750305175781,77.68159484863281,71.35987091064453,65.46469116210938,60.8991813659668,57.548973083496094,55.961219787597656,52.394371032714844,47.475589752197266,44.19822692871094,null,null,null,null,null,null,null,null,null
null,null,null,null,null,null,null,null,null,null,null,null,null,null,null,null,null,null,null,null,null,null,null,null,56.839988708496094,56.113651275634766,50.189151763916016,58.71202850341797,74.35123443603516,78.11387634277344,69.51944732666016,63.02812194824219,59.741737365722656,56.80415344238281,54.624977111816406,51.06037521362305,46.73676300048828,43.17812728881836,null,null,null,null,null,null,null,null,null
null,null,null,null,null,null,null,null,null,null,null,null,null,null,null,null,null,null,null,null,null,null,null,null,56.915077209472656,56.20279312133789,51.3924560546875,57.4854736328125,68.51512145996094,70.35559844970703,62.42056655883789,57.13896942138672,55.496891021728516,53.76142883300781,52.397953033447266,49.89847183227539,46.6138801574707,43.04720687866211,39.763458251953125,37.85425567626953,37.51304626464844,36.94082260131836,39.515846252441406,36.68013381958008,33.17350769042969,31.272098541259766,29.11273193359375
null,null,null,null,null,null,null,null,null,null,null,null,null,null,null,null,null,null,null,null,null,null,null,null,55.426536560058594,54.685977935791016,49.2991943359375,53.79274368286133,61.86832809448242,62.89419174194336,56.73191833496094,52.54655456542969,51.15168380737305,49.95906448364258,49.160186767578125,48.181453704833984,47.3260612487793,44.11868667602539,39.194217681884766,37.76374816894531,40.147823333740234,39.94696807861328,36.48754119873047,31.370309829711914,26.070520401000977,24.6094970703125,26.582666397094727
null,null,null,null,null,null,null,null,null,null,null,null,null,null,null,null,null,null,null,null,null,null,null,null,53.01740646362305,52.20103073120117,45.17457962036133,48.85234451293945,55.670589447021484,57.10503005981445,52.88106155395508,50.49371337890625,50.15723419189453,49.63774490356445,48.90236282348633,48.49825668334961,48.537071228027344,45.94142532348633,41.14228820800781,40.00656509399414,42.756553649902344,42.016387939453125,37.95112991333008,33.41142272949219,29.081424713134766,27.229825973510742,28.191593170166016
null,null,null,null,null,null,null,null,null,null,null,null,null,null,null,null,null,null,null,null,null,null,null,null,null,null,null,44.178531646728516,49.347801208496094,50.934017181396484,48.66257095336914,48.693172454833984,51.24007034301758,52.12126541137695,51.30387878417969,50.479854583740234,49.760841369628906,47.61579895019531,44.47570037841797,43.166160583496094,43.90947341918945,42.833927154541016,40.104576110839844,37.118492126464844,34.559837341308594,32.72677993774414,31.95429229736328
