earth/public/data/ocean/C53/ANN-ocevel-depthz-1000m-gfs-1.0.json
{"header": {"discipline": 0, "disciplineName": "Meteorological products", "gribEdition": 2, "gribLength": 131138.0, "center": 0, "centerName": "Kiel Climate Model", "subcenter": 0, "refTime": "1", "significanceOfRT": 1, "significanceOfRTName": "Start of forecast", "productStatus": 0, "productStatusName": "Operational products", "productType": 1, "productTypeName": "Forecast products", "productDefinitionTemplate": 0, "productDefinitionTemplateName": "Analysis/forecast at horizontal level/layer at a point in time", "parameterCategory": 2, "parameterCategoryName": "Momentum", "parameterNumber": 2, "parameterNumberName": "V-component_of_wind", "parameterUnit": "m/s", "genProcessType": 2, "genProcessTypeName": "Forecast", "forecastTime": 0, "surface1Type": 103, "surface1TypeName": "Specified height level above ground", "surface1Value": 10, "surface2Type": 255, "surface2TypeName": "Missing", "surface2Value": 0, "gridDefinitionTemplate": 0, "gridDefinitionTemplateName": "Latitude_Longitude", "numberPoints": 65160, "shape": 6, "shapeName": "Earth spherical with radius of 6,371,229.0 m", "gridUnits": "degrees", "resolution": 48, "winds": "true", "scanMode": 0, "nx": 360.0, "ny": 180.0, "basicAngle": 0, "subDivisions": 0, "lo1": 0.0, "la1": -89.5, "lo2": 359.0, "la2": 89.5, "dx": 1.0, "dy": -1.0}, "data":
[rows 140 to 159 of 180, columns 138 to 183 of 360]
null,null,null,null,null,null,null,null,null,null,null,null,null,null,null,null,-0.013706173747777939,-0.012767333537340164,-0.009195862337946892,-0.005694162100553513,-0.0032802836503833532,-0.001922758761793375,-0.0009401935385540128,0.0002995454997289926,0.0014639733126387,0.0025599407963454723,0.003305599093437195,0.003527709050104022,0.003270775079727173,0.0025793060194700956,0.0018843463622033596,0.0013063604710623622,0.0005820892401970923,-0.00016881768533494323,-0.0005487193702720106,-0.00048388715367764235,-0.0004932867595925927,-0.00057592848315835,-0.0005636365385726094,-0.0004577857907861471,-0.00046718624071218073,-0.000589200179092586,-0.0006649265997111797,-0.0006803044234402478,-0.0007158218650147319,-0.0007647913880646229
null,null,null,null,null,null,null,null,null,null,null,null,null,null,null,null,-0.019337842240929604,-0.01758330874145031,-0.014477664604783058,-0.010434590280056,-0.00623628543689847,-0.003444194095209241,-0.002230139682069421,-0.00099748105276376,0.00051356345647946,0.0022942458745092154,0.003123756032437086,0.0032577274832874537,0.0030494697857648134,0.002518967492505908,0.0018704908434301615,0.0012090103700757027,0.00045874941861256957,-0.0002507769095245749,-0.0006023896276019514,-0.0005422223475761712,-0.000521028705406934,-0.0005551989306695759,-0.0005084568983875215,-0.00039681445923633873,-0.00041367506491951644,-0.0005573189700953662,-0.0006589099066331983,-0.0006968381931073964,-0.0007691744831390679,-0.000857801060192287
null,null,null,null,null,null,null,null,null,null,null,null,null,null,null,null,-0.021197855472564697,-0.020837662741541862,-0.018845155835151672,-0.014110316522419453,-0.008451630361378193,-0.004544501658529043,-0.0030561918392777443,-0.00133174704387784,0.0007171389879658818,0.0022266528103500605,0.0025702770799398422,0.002486263867467642,0.002251579426229,0.0019591497257351875,0.0014029148733243346,0.000618946913164109,-0.00014931407349649817,-0.0007458777399733663,-0.000997572555206716,-0.0008493566419929266,-0.0007051712600514293,-0.0005896298098377883,-0.0004109024885110557,-0.00020460128143895417,-0.0001682223373791203,-0.0003162625362165272,-0.000421944132540375,-0.0004748750652652234,-0.0005924298311583698,-0.000760468072257936
null,null,null,null,null,null,null,null,null,null,null,null,null,null,null,null,-0.016078148037195206,-0.018590135499835014,-0.01844874769449234,-0.01502355094999075,-0.010489867068827152,-0.0067183515056967735,-0.0043522948399186134,-0.0017963064601644874,0.0005048601888120174,0.0018508527427911758,0.0020041544921696186,0.0018516142154112458,0.0013679362600669265,0.000991587177850306,0.00043023080797865987,-0.0003955509455408901,-0.0011101581621915102,-0.0016318433918058872,-0.0016882681520655751,-0.0013559884391725063,-0.001080768764950335,-0.0008179026772268116,-0.00048780260840430856,-0.00014071757323108613,-1.0287589248036966e-05,-0.00011192744568688795,-0.00018094871484208852,-0.0001994105987250805,-0.00032884030952118337,-0.0005436674691736698
null,null,null,null,null,null,null,null,null,null,null,null,null,null,null,-0.014531237073242664,-0.014711035415530205,-0.015337963588535786,-0.016242606565356255,-0.015130838379263878,-0.01295497827231884,-0.009582477621734142,-0.005700469017028809,-0.002467361046001315,-0.00048651115503162146,0.0010226776357740164,0.0017966388259083033,0.0016697996761649847,0.000713199086021632,-9.828239126363769e-05,-0.0007787987124174833,-0.001328525017015636,-0.0018781423568725586,-0.0024345326237380505,-0.0023400995414704084,-0.0018605474615469575,-0.0014650198863819242,-0.0010903110960498452,-0.0006106287473812699,-0.00012608245015144348,0.00012884297757409513,9.723429684527218e-05,9.623420919524506e-05,0.0001211097915074788,9.703007890493609e-06,-0.0002184233453590423
null,null,null,null,null,null,null,null,null,null,null,null,null,null,null,-0.01778259687125683,-0.017611034214496613,-0.016123102977871895,-0.015744701027870178,-0.01558841485530138,-0.01411228347569704,-0.010637064464390278,-0.006221455056220293,-0.0029860232025384903,-0.0007541693048551679,0.0011156053515151143,0.002228172728791833,0.002056688768789172,0.0006052525131963193,-0.0005879881791770458,-0.0013288358459249139,-0.0019087594700977206,-0.0024871807545423508,-0.003123003290966153,-0.003085937350988388,-0.0026450110599398613,-0.002212951658293605,-0.0017555904341861606,-0.0011396568734198809,-0.00046339703840203583,-9.427340046386234e-06,0.00013772259990219027,0.00031232144101522863,0.000469124031951651,0.0004763051401823759,0.00031643916736356914
null,null,null,null,null,null,null,null,null,null,null,null,null,-0.012204435653984547,-0.015280644409358501,-0.019127199426293373,-0.01964598521590233,-0.018367458134889603,-0.01709536649286747,-0.016095861792564392,-0.013772444799542427,-0.00975173432379961,-0.006412703078240156,-0.003809521207585931,-0.0011203704634681344,0.0007587890140712261,0.0019497558241710067,0.001891485182568431,0.0005678096786141396,-0.0005503291031345725,-0.0012940424494445324,-0.0020953372586518526,-0.0029672784730792046,-0.003578477306291461,-0.003629080718383193,-0.0034727968741208315,-0.0031799019780009985,-0.0028334769885987043,-0.0022669548634439707,-0.001565217156894505,-0.0009738320950418711,-0.0005771071300841868,-0.0001127454888774082,0.0003449404612183571,0.000657934695482254,0.0007685211603529751
null,null,null,null,null,null,null,null,null,null,null,null,null,-0.017879193648695946,-0.019270680844783783,-0.02064027637243271,-0.02044636756181717,-0.01946294866502285,-0.01803472638130188,-0.016062676906585693,-0.012623267248272896,-0.008366759866476059,-0.005031605716794729,-0.002668374450877309,-0.0006861500442028046,0.0005009934538975358,0.0015334694180637598,0.0015282022068277001,0.0006152929272502661,-0.00031380270957015455,-0.0010273180669173598,-0.0019052302232012153,-0.002760468516498804,-0.0033686626702547073,-0.0035907502751797438,-0.0036980214063078165,-0.0036969881039112806,-0.003717999905347824,-0.0035924315452575684,-0.003327735001221299,-0.002971672685816884,-0.0025692128110677004,-0.0018799998797476292,-0.000801863323431462,0.00026285427156835794,0.0008985767490230501
null,null,null,null,null,null,null,null,null,null,null,null,null,-0.01916157454252243,-0.02075505629181862,-0.021632535383105278,-0.020794279873371124,-0.019789258018136024,-0.0180995874106884,-0.0160378310829401,-0.01239719707518816,-0.007494613062590361,-0.0035114288330078125,-0.0010783437173813581,0.0005274014547467232,0.0012353066122159362,0.00184911722317338,0.0016572774620726705,0.0009206357062794268,0.00020889882580377162,-0.00044342633918859065,-0.0011546761961653829,-0.0019431135151535273,-0.002766681369394064,-0.0033736417535692453,-0.003725088434293866,-0.004001172725111246,-0.004357389640063047,-0.004649822134524584,-0.0049575618468225,-0.005006658844649792,-0.0048186215572059155,-0.00405457615852356,-0.002483268501237035,-0.0006570102414116263,0.0004791968094650656
null,null,null,null,null,null,null,null,null,null,null,null,null,-0.015658078715205193,-0.01901872269809246,-0.02030383236706257,-0.02036438323557377,-0.019326312467455864,-0.0171059463173151,-0.014415518380701542,-0.010081687942147255,-0.004848039709031582,-0.0014224202604964375,0.0005727024399675429,0.0018590530380606651,0.002559535438194871,0.002650065813213587,0.002019773004576564,0.0012675771722570062,0.0005865417188033462,7.342456956394017e-05,-0.0004095011972822249,-0.0011291926493868232,-0.0020911383908241987,-0.002812544349581003,-0.003359041642397642,-0.00391895417124033,-0.004317256156355143,-0.004883658606559038,-0.0057302494533360004,-0.006360198836773634,-0.006601396948099136,-0.006010974291712046,-0.004447140730917454,-0.002539348788559437,-0.0008594725513830781
null,null,null,null,null,null,null,null,null,null,null,null,null,-0.01547880657017231,-0.018427785485982895,-0.019265951588749886,-0.019187243655323982,-0.01847526803612709,-0.016209106892347336,-0.01246676780283451,-0.0067906794138252735,-0.0022186136338859797,0.00026391693972982466,0.0017801602371037006,0.002599533414468169,0.0034341944847255945,0.0036018965765833855,0.0028125145472586155,0.0017266024369746447,0.0008395037730224431,0.0003440303262323141,5.658796726493165e-05,-0.0005340969655662775,-0.0012494836701080203,-0.0018298592185601592,-0.0025479975156486034,-0.003369028214365244,-0.0038233555387705564,-0.004762538243085146,-0.006477136164903641,-0.008061148226261139,-0.009235545992851257,-0.009110836312174797,-0.007714146748185158,-0.005608424078673124,-0.0031884638592600822
null,null,null,null,null,null,null,null,null,null,null,null,null,-0.01445516012609005,-0.016892915591597557,-0.016785359010100365,-0.016203105449676514,-0.01625552959740162,-0.014203294180333614,-0.00912056677043438,-0.0036068749614059925,-0.0002529317862354219,0.0017358958721160889,0.0025835949927568436,0.002282390370965004,0.002646294655278325,0.0033808040898293257,0.003016836941242218,0.0020801888313144445,0.0013245163718238473,0.0008790278807282448,0.0006147542735561728,0.0002021511463681236,-0.0002319086343050003,-0.0006754899513907731,-0.0014811527216807008,-0.002529463032260537,-0.003791426308453083,-0.0058998530730605125,-0.008411861024796963,-0.010599707253277302,-0.012853540480136871,-0.01333723496645689,-0.011961937882006168,-0.009401045739650726,-0.006086151115596294
null,null,null,null,null,null,null,null,null,null,null,null,null,-0.011003521271049976,-0.013382663019001484,-0.013691101223230362,-0.01288067176938057,-0.013111669570207596,-0.015990324318408966,-0.018948793411254883,-0.015695493668317795,-0.004902500659227371,0.0036421886179596186,0.004829998593777418,0.002838925924152136,0.0021041217260062695,0.002448001643642783,0.0025955974124372005,0.0022630058228969574,0.0018804146675392985,0.0015752031467854977,0.0013611245667561889,0.001016151742078364,0.0005440499517135322,0.00012854144733864814,-0.0007720013963989913,-0.002112602349370718,-0.004876900929957628,-0.009027627296745777,-0.01172630861401558,-0.013733969070017338,-0.0166486743837595,-0.017472492530941963,-0.01609334722161293,-0.013234390877187252,-0.009436401538550854
null,null,null,null,null,null,null,null,null,null,null,null,null,null,null,null,-0.010832383297383785,-0.010852795094251633,-0.02018490992486477,-0.042588360607624054,-0.04074627533555031,-0.016969576478004456,0.001247333362698555,0.0034844723995774984,0.0020782772917300463,0.00146495271474123,0.0020785480737686157,0.0026310114189982414,0.0026165307499468327,0.002286667237058282,0.0021613147109746933,0.0022685362491756678,0.0019900656770914793,0.0013000030303373933,0.0008978171972557902,-0.00027084091561846435,-0.0023322226479649544,-0.006443174090236425,-0.011882627382874489,-0.014859971590340137,-0.016662172973155975,-0.019929805770516396,-0.020987991243600845,-0.01959841139614582,-0.01728891208767891,-0.013838617131114006
null,null,null,null,null,null,null,null,null,null,null,null,null,null,null,null,null,null,null,null,-0.05733416602015495,-0.026470161974430084,-0.005329796113073826,-0.00287418975494802,-0.0028882918413728476,-0.002273486228659749,-0.000568502873647958,0.0005241404287517071,0.0008764907834120095,0.0009338845266029239,0.0011912861373275518,0.00189172790851444,0.001960624707862735,0.0013818161096423864,0.0010670546907931566,-0.00023651293304283172,-0.0026641658041626215,-0.00710257887840271,-0.012801459059119225,-0.01593630388379097,-0.017883824184536934,-0.02143643982708454,-0.022768769413232803,-0.021671369671821594,-0.020462704822421074,-0.018109720200300217
null,null,null,null,null,null,null,null,null,null,null,null,null,null,null,null,null,null,null,null,null,null,null,-0.006418491713702679,-0.005631118081510067,-0.004412524867802858,-0.0030783573165535927,-0.002155690686777234,-0.0014722526539117098,-0.0010106276022270322,-0.00038061634404584765,0.0004854622529819608,0.0006518705049529672,0.00036318672937341034,-0.00029127002926543355,-0.002040121704339981,-0.004112933296710253,-0.007937435992062092,-0.013385118916630745,-0.016369245946407318,-0.01837739907205105,-0.022031068801879883,-0.023566143587231636,-0.022705599665641785,-0.022232521325349808,-0.020367223769426346
null,null,null,null,null,null,null,null,null,null,null,null,null,null,null,null,null,null,null,null,null,null,-0.003992073237895966,-0.004167656414210796,-0.003858869895339012,-0.002929076785221696,-0.0024064581375569105,-0.002076778095215559,-0.0016735439421609044,-0.0011519980616867542,-0.0003313611669000238,0.00016867011436261237,-0.00019591559248510748,-0.00074099435005337,-0.00198687263764441,-0.00422555860131979,-0.005631107836961746,-0.008368391543626785,-0.012942708097398281,-0.01608111336827278,-0.018576035276055336,-0.02191205881536007,-0.02332533337175846,-0.0232017170637846,-0.023169908672571182,-0.02143770642578602
null,null,null,null,null,null,null,null,null,null,null,null,null,null,null,null,null,null,null,-0.0005990788922645152,-0.001675268867984414,-0.002454846166074276,-0.002300742082297802,-0.0019491033162921667,-0.0018254934111610055,-0.0017982571152970195,-0.0015722726238891482,-0.0012429088819772005,-0.0010632583871483803,-0.0008125975145958364,-0.0003261521924287081,-0.00030431922641582787,-0.0010234784567728639,-0.0019493013387545943,-0.0032947156578302383,-0.005011148750782013,-0.006002418696880341,-0.007772599812597036,-0.010986574925482273,-0.014302846975624561,-0.01776537485420704,-0.02020440436899662,-0.021379074081778526,-0.022616000846028328,-0.023254908621311188,-0.021901918575167656
null,null,null,null,null,null,null,null,null,null,null,null,null,null,null,null,null,null,null,0.0016824437770992517,0.0006062538013793528,null,null,null,-0.0015462021110579371,-0.0013544365065172315,-0.0006022524321451783,9.690931619843468e-05,-9.347905870527029e-05,-0.00079735042527318,-0.0014959092950448394,-0.001825824030674994,-0.002629772759974003,-0.003363416763022542,-0.004841186106204987,-0.006573800928890705,-0.00733094522729516,-0.007726628333330154,-0.008536597713828087,-0.01093827374279499,-0.014557292684912682,-0.016563287004828453,-0.018195973709225655,-0.02105586975812912,-0.02268855646252632,-0.02184779942035675
null,null,null,null,null,null,null,null,null,null,null,null,null,null,null,null,null,null,null,null,null,null,null,-0.0024062844458967447,-0.0023234449326992035,-0.0012019871501252055,0.000889540184289217,0.002004708396270871,0.0017695471178740263,null,null,null,null,null,null,-0.007819142192602158,-0.009365851059556007,-0.010840341448783875,-0.01077633909881115,-0.010627890937030315,-0.011707383207976818,-0.012172077782452106,-0.014981690794229507,-0.02016809582710266,-0.022977707907557487,-0.022718658670783043
