earth/public/data/ocean/C53/ANN-ocevel-depthz-0m-gfs-1.0.json
{"header": {"discipline": 0, "disciplineName": "Meteorological products", "gribEdition": 2, "gribLength": 131138.0, "center": 0, "centerName": "Kiel Climate Model", "subcenter": 0, "refTime": "1", "significanceOfRT": 1, "significanceOfRTName": "Start of forecast", "productStatus": 0, "productStatusName": "Operational products", "productType": 1, "productTypeName": "Forecast products", "productDefinitionTemplate": 0, "productDefinitionTemplateName": "Analysis/forecast at horizontal level/layer at a point in time", "parameterCategory": 2, "parameterCategoryName": "Momentum", "parameterNumber": 2, "parameterNumberName": "U-component_of_wind", "parameterUnit": "m/s", "genProcessType": 2, "genProcessTypeName": "Forecast", "forecastTime": 0, "surface1Type": 103, "surface1TypeName": "Specified height level above ground", "surface1Value": 10, "surface2Type": 255, "surface2TypeName": "Missing", "surface2Value": 0, "gridDefinitionTemplate": 0, "gridDefinitionTemplateName": "Latitude_Longitude", "numberPoints": 65160, "shape": 6, "shapeName": "Earth spherical with radius of 6,371,229.0 m", "gridUnits": "degrees", "resolution": 48, "winds": "true", "scanMode": 0, "nx": 360.0, "ny": 180.0, "basicAngle": 0, "subDivisions": 0, "lo1": 0.0, "la1": -89.5, "lo2": 359.0, "la2": 89.5, "dx": 1.0, "dy": -1.0}, "data":
[rows 80 to 99 of 180, columns 135 to 179 of 360]
0.07470261305570602,0.07353387027978897,0.07141435891389847,0.0687536671757698,0.06610172241926193,0.06396036595106125,0.06192662939429283,0.060370463877916336,0.058820467442274094,0.05758236348628998,0.05616852268576622,0.05485718324780464,0.0530034638941288,0.050898559391498566,0.0493798665702343,0.048658400774002075,0.048281099647283554,0.04829475283622742,0.04820932075381279,0.04802640527486801,0.0474623441696167,0.04659358412027359,0.04582423344254494,0.045280300080776215,0.04430464282631874,0.043127354234457016,0.04130611568689346,0.039261847734451294,0.03544469550251961,0.03053947724401951,0.025464648380875587,0.02103469707071781,0.01701403222978115,0.014040159992873669,0.011207249015569687,0.009025552310049534,0.005627237260341644,0.0016641299007460475,-0.0025279431138187647,-0.006177784875035286,-0.01058473065495491,-0.015022075735032558,-0.019135737791657448,-0.022296298295259476,-0.02497308887541294
0.05594205483794212,0.05332149192690849,0.049042511731386185,0.04375132918357849,0.03836539015173912,0.03370123729109764,0.029082637280225754,0.025202400982379913,0.021192440763115883,0.017633106559515,0.014113166369497776,0.011145001277327538,0.007678105030208826,0.004268357064574957,0.0017814200837165117,0.0006388642359524965,-8.127607543428894e-06,-4.90676611661911e-05,-0.00012504558253567666,-0.00021648748952429742,-0.0004085113760083914,-0.0006352746859192848,-0.0004098672070540488,0.00028845021734014153,0.0005987349431961775,0.0005178771098144352,0.0005432794569060206,0.000741575553547591,-0.0017201108857989311,-0.006313732359558344,-0.011460588313639164,-0.016188399866223335,-0.020123476162552834,-0.022510414943099022,-0.025119787082076073,-0.02746265009045601,-0.03134661167860031,-0.03610582277178764,-0.04092250019311905,-0.044959746301174164,-0.04923081025481224,-0.052923448383808136,-0.055768515914678574,-0.057132210582494736,-0.05814181640744209
0.026595598086714745,0.023522358387708664,0.018329188227653503,0.011967035941779613,0.005501649342477322,0.00010938831837847829,-0.005471725482493639,-0.010228044353425503,-0.015459125861525536,-0.020177578553557396,-0.0246256273239851,-0.02798152156174183,-0.03155843913555145,-0.03476382791996002,-0.037011291831731796,-0.03795909136533737,-0.03852462396025658,-0.03862455487251282,-0.0387159138917923,-0.03877399489283562,-0.038788508623838425,-0.038752779364585876,-0.03790756314992905,-0.0364387221634388,-0.03565274178981781,-0.03571128845214844,-0.035111021250486374,-0.033976927399635315,-0.0356946624815464,-0.039984166622161865,-0.04427525773644447,-0.04788092151284218,-0.051146745681762695,-0.053540416061878204,-0.05616963654756546,-0.05853884294629097,-0.062287453562021255,-0.0667947307229042,-0.07098088413476944,-0.07421918213367462,-0.07704124599695206,-0.07911782711744308,-0.08014906942844391,-0.08010577410459518,-0.07994478940963745
-0.032629042863845825,-0.03470780700445175,-0.03889189660549164,-0.04459141567349434,-0.049852244555950165,-0.053902607411146164,-0.058505408465862274,-0.06296907365322113,-0.06810079514980316,-0.07307934015989304,-0.07721172273159027,-0.0798291265964508,-0.08212946355342865,-0.08373376727104187,-0.08486814051866531,-0.08531662821769714,-0.08580319583415985,-0.08619937300682068,-0.08668698370456696,-0.08713890612125397,-0.08743265271186829,-0.0874832421541214,-0.08653397858142853,-0.08468738943338394,-0.08434902131557465,-0.0854625254869461,-0.0855695903301239,-0.08450131118297577,-0.08646725118160248,-0.09098635613918304,-0.09354666620492935,-0.09369644522666931,-0.09582453966140747,-0.09955248236656189,-0.1020125299692154,-0.10282973200082779,-0.10473416745662689,-0.10749677568674088,-0.10942497849464417,-0.11015190929174423,-0.11015225201845169,-0.10936318337917328,-0.10831566900014877,-0.10709300637245178,-0.1060522049665451
-0.11771681159734726,-0.11631793528795242,-0.11702992767095566,-0.11981849372386932,-0.1217067688703537,-0.12237284332513809,-0.12429480999708176,-0.1271379142999649,-0.1309044510126114,-0.13495130836963654,-0.13793998956680298,-0.1393280178308487,-0.14004290103912354,-0.13987816870212555,-0.14020133018493652,-0.14085718989372253,-0.14185984432697296,-0.1429840326309204,-0.14434577524662018,-0.14569728076457977,-0.14659026265144348,-0.14687050879001617,-0.14649100601673126,-0.14550328254699707,-0.14680218696594238,-0.15014901757240295,-0.15259771049022675,-0.15368863940238953,-0.15717929601669312,-0.16241535544395447,-0.16236615180969238,-0.15705765783786774,-0.15738460421562195,-0.16331247985363007,-0.16487091779708862,-0.16178447008132935,-0.16090257465839386,-0.16227217018604279,-0.16204290091991425,-0.1601339876651764,-0.1576516181230545,-0.15491655468940735,-0.1525949388742447,-0.15100730955600739,-0.14915117621421814
-0.21051713824272156,-0.20405606925487518,-0.19931891560554504,-0.1971370428800583,-0.19374769926071167,-0.1898353099822998,-0.18768900632858276,-0.18773941695690155,-0.18905603885650635,-0.19138246774673462,-0.1928529590368271,-0.19317282736301422,-0.1932104229927063,-0.19290949404239655,-0.1942516565322876,-0.19688603281974792,-0.19951216876506805,-0.2015964537858963,-0.20443186163902283,-0.20745083689689636,-0.20939768850803375,-0.20986756682395935,-0.21102987229824066,-0.21262523531913757,-0.21565605700016022,-0.2196791023015976,-0.22377577424049377,-0.22747981548309326,-0.23238864541053772,-0.23778223991394043,-0.23627632856369019,-0.22792792320251465,-0.2268904745578766,-0.2332363873720169,-0.23348067700862885,-0.22755587100982666,-0.2252233922481537,-0.22677676379680634,-0.2259731888771057,-0.22293929755687714,-0.22044157981872559,-0.21884074807167053,-0.21707551181316376,-0.2154659628868103,-0.21325859427452087
-0.29637283086776733,-0.2870961129665375,-0.2782604396343231,-0.271222323179245,-0.2630925476551056,-0.2551327347755432,-0.24930116534233093,-0.24651803076267242,-0.2460324615240097,-0.24782118201255798,-0.2484128177165985,-0.24764755368232727,-0.24759843945503235,-0.24834376573562622,-0.2516794204711914,-0.2571258246898651,-0.26193052530288696,-0.26527246832847595,-0.26994383335113525,-0.2751272916793823,-0.27833762764930725,-0.27903610467910767,-0.28212010860443115,-0.2870689332485199,-0.2912569046020508,-0.29383254051208496,-0.29738539457321167,-0.30115175247192383,-0.3052460551261902,-0.308994323015213,-0.30845245718955994,-0.3036964535713196,-0.30233997106552124,-0.3046400249004364,-0.30418017506599426,-0.30098211765289307,-0.29915013909339905,-0.29905271530151367,-0.2986612319946289,-0.2980523705482483,-0.29661715030670166,-0.2947394847869873,-0.2933267056941986,-0.29276955127716064,-0.2905663251876831
-0.3666782081127167,-0.36008593440055847,-0.35116803646087646,-0.34138399362564087,-0.33025282621383667,-0.31982749700546265,-0.31080785393714905,-0.30495157837867737,-0.3045426309108734,-0.30957359075546265,-0.3110932409763336,-0.3086659014225006,-0.3093337416648865,-0.31278741359710693,-0.31782302260398865,-0.32346484065055847,-0.3305608630180359,-0.33777254819869995,-0.34464749693870544,-0.3498786687850952,-0.35444021224975586,-0.35746556520462036,-0.36321085691452026,-0.370500773191452,-0.37473008036613464,-0.37534111738204956,-0.3774038851261139,-0.38060441613197327,-0.38255223631858826,-0.38280507922172546,-0.3846516013145447,-0.38779446482658386,-0.3863193690776825,-0.3805631101131439,-0.379050076007843,-0.3822345435619354,-0.3812158703804016,-0.37620341777801514,-0.37679359316825867,-0.38280320167541504,-0.3812461793422699,-0.3724735677242279,-0.3697747588157654,-0.373666375875473,-0.371442586183548
-0.42944371700286865,-0.43183302879333496,-0.42892104387283325,-0.4208347797393799,-0.4082185924053192,-0.3933045268058777,-0.37741515040397644,-0.3639410436153412,-0.3687790334224701,-0.39051392674446106,-0.3996340036392212,-0.3937879800796509,-0.39858320355415344,-0.4128750264644623,-0.41451534628868103,-0.40395134687423706,-0.4084896445274353,-0.4280679523944855,-0.4353906810283661,-0.4294555187225342,-0.43274039030075073,-0.44506341218948364,-0.4498787820339203,-0.44703295826911926,-0.4486294388771057,-0.45452094078063965,-0.4551277160644531,-0.45035025477409363,-0.45001092553138733,-0.454269140958786,-0.4582338035106659,-0.46118342876434326,-0.46098312735557556,-0.4573334753513336,-0.455106258392334,-0.454418420791626,-0.4521479904651642,-0.4489450454711914,-0.44989511370658875,-0.4550407826900482,-0.45313942432403564,-0.44433432817459106,-0.4407781660556793,-0.4428755044937134,-0.44003090262413025
-0.4675278663635254,-0.4844236969947815,-0.497913122177124,-0.5048012137413025,-0.4982905387878418,-0.47848865389823914,-0.44311216473579407,-0.39955103397369385,-0.40769001841545105,-0.4673185348510742,-0.48847851157188416,-0.46796461939811707,-0.4874885380268097,-0.5425368547439575,-0.535889744758606,-0.46831488609313965,-0.4599808156490326,-0.5127426385879517,-0.5189602375030518,-0.4772469997406006,-0.47683265805244446,-0.5175046324729919,-0.5206835269927979,-0.48482587933540344,-0.4850323796272278,-0.5206274390220642,-0.5201945304870605,-0.48367026448249817,-0.48177072405815125,-0.5146564841270447,-0.52204829454422,-0.5023664832115173,-0.506595253944397,-0.5339788198471069,-0.5322127938270569,-0.5017409920692444,-0.4971347749233246,-0.5189763903617859,-0.5200523138046265,-0.4999195337295532,-0.4992583096027374,-0.5182182788848877,-0.516722559928894,-0.49497854709625244,-0.49204498529434204
-0.40791451930999756,-0.43276941776275635,-0.46270737051963806,-0.4939175844192505,-0.509423017501831,-0.505849301815033,-0.4508691728115082,-0.35239866375923157,-0.3512325584888458,-0.44791316986083984,-0.49186718463897705,-0.4730968475341797,-0.5408272743225098,-0.6795503497123718,-0.6662124991416931,-0.5029863119125366,-0.4733283519744873,-0.5825822949409485,-0.5896262526512146,-0.49298471212387085,-0.4893839657306671,-0.5794656276702881,-0.58510422706604,-0.5055410861968994,-0.5096691250801086,-0.5968531966209412,-0.5953240990638733,-0.5055946111679077,-0.5010721683502197,-0.5829504728317261,-0.5947527885437012,-0.5345777273178101,-0.5458364486694336,-0.6264017224311829,-0.6250196099281311,-0.5420362949371338,-0.5354453325271606,-0.6065800189971924,-0.6089659333229065,-0.5421868562698364,-0.543864905834198,-0.6136820316314697,-0.6156538128852844,-0.5495584011077881,-0.5484247207641602
-0.3139497935771942,-0.3349638879299164,-0.37053191661834717,-0.4156394302845001,-0.45125719904899597,-0.47592678666114807,-0.4041677713394165,-0.2800259590148926,-0.263552725315094,-0.33318692445755005,-0.4056606888771057,-0.4696311354637146,-0.6233346462249756,-0.8393892049789429,-0.8095148801803589,-0.5414969325065613,-0.49173954129219055,-0.6688452959060669,-0.6758639812469482,-0.512229323387146,-0.49832847714424133,-0.6380765438079834,-0.6487733721733093,-0.5286015868186951,-0.5348840951919556,-0.6671918034553528,-0.6643962264060974,-0.5267825126647949,-0.51542729139328,-0.6325989365577698,-0.646064817905426,-0.5536211133003235,-0.5700739026069641,-0.6928304433822632,-0.690710723400116,-0.5639888048171997,-0.555233359336853,-0.666093647480011,-0.6704689264297485,-0.5676785707473755,-0.5713427066802979,-0.6808411478996277,-0.6843299269676208,-0.5813074707984924,-0.5825446248054504
-0.2004144936800003,-0.23504520952701569,-0.2574261724948883,-0.2845527231693268,-0.30752497911453247,-0.31130343675613403,-0.28519028425216675,-0.22534044086933136,-0.20559845864772797,-0.20671766996383667,-0.2737400531768799,-0.3985760807991028,-0.6264855265617371,-0.920066773891449,-0.8857467770576477,-0.5242636203765869,-0.4597722589969635,-0.7039745450019836,-0.7148869037628174,-0.4889432191848755,-0.4583147168159485,-0.6272444128990173,-0.6417375206947327,-0.4988710582256317,-0.5004576444625854,-0.6459425687789917,-0.6439914107322693,-0.4947764277458191,-0.47559452056884766,-0.5893730521202087,-0.6011008620262146,-0.5085091590881348,-0.524815559387207,-0.647280216217041,-0.6454087495803833,-0.5194825530052185,-0.5095185041427612,-0.6169527769088745,-0.6217817664146423,-0.5231508612632751,-0.5272838473320007,-0.6335957050323486,-0.6368079781532288,-0.5362508893013,-0.5392078161239624
null,null,null,null,null,null,null,null,null,null,null,null,null,-0.5995909571647644,-0.5547123551368713,-0.3336310088634491,-0.31794503331184387,-0.5013633370399475,-0.5083370804786682,-0.3407120406627655,-0.3179436922073364,-0.44126829504966736,-0.4542735815048218,-0.35574787855148315,-0.3579355478286743,-0.45936673879623413,-0.4598667621612549,-0.3596287667751312,-0.34340718388557434,-0.41324710845947266,-0.42143163084983826,-0.36672917008399963,-0.3786240816116333,-0.45482638478279114,-0.4548013508319855,-0.3785208761692047,-0.3727417588233948,-0.4382660686969757,-0.4420214295387268,-0.38340264558792114,-0.3864975869655609,-0.45064860582351685,-0.454268217086792,-0.3966050148010254,-0.40174856781959534
null,null,null,null,null,null,null,null,null,null,null,null,null,0.11465156078338623,0.056558240205049515,-0.09821468591690063,-0.16555237770080566,-0.1432895064353943,-0.1315813958644867,-0.13118325173854828,-0.13769657909870148,-0.15285636484622955,-0.1582070142030716,-0.15207646787166595,-0.1626514047384262,-0.18888242542743683,-0.19052128493785858,-0.16717803478240967,-0.16352985799312592,-0.18085096776485443,-0.1849331259727478,-0.17482778429985046,-0.1823134869337082,-0.20601604878902435,-0.2079145759344101,-0.18776553869247437,-0.18837042152881622,-0.21007603406906128,-0.21228618919849396,-0.19451788067817688,-0.19663836061954498,-0.21824431419372559,-0.2226986438035965,-0.20936790108680725,-0.21589185297489166
null,null,null,null,null,null,null,null,null,null,null,null,null,0.47994330525398254,0.32397040724754333,0.03799247369170189,-0.047662749886512756,0.08042775094509125,0.10858529061079025,0.03285299986600876,0.01101966667920351,0.04690146818757057,0.04747534915804863,0.012886588461697102,-0.0006339814863167703,0.00893083680421114,0.006995985750108957,-0.006083681248128414,-0.012565026991069317,-0.011526042595505714,-0.01283934898674488,-0.01615152694284916,-0.020340366289019585,-0.024624863639473915,-0.027409106492996216,-0.028207331895828247,-0.031615596264600754,-0.03704407066106796,-0.03803549334406853,-0.034417811781167984,-0.03615368530154228,-0.042962685227394104,-0.046723444014787674,-0.04678293690085411,-0.051749348640441895
-0.015655312687158585,-0.10648133605718613,null,null,null,null,null,null,null,null,null,null,null,0.3003918528556824,0.2257944643497467,0.09105851501226425,0.0656796470284462,0.15602636337280273,0.17790621519088745,0.12747317552566528,0.11184164136648178,0.13376793265342712,0.13335055112838745,0.11059796810150146,0.10281026363372803,0.11169690638780594,0.1096654161810875,0.09695789963006973,0.08878699690103531,0.08639779686927795,0.08491527289152145,0.0846567377448082,0.08249381184577942,0.0789668932557106,0.07636270672082901,0.07512904703617096,0.07222656905651093,0.06818816065788269,0.06749813258647919,0.0703534483909607,0.0689460039138794,0.06358109414577484,0.06158298999071121,0.06338069587945938,0.06126739829778671
-0.019898539409041405,-0.10275070369243622,null,null,null,null,null,null,null,null,null,null,null,0.15360943973064423,0.14644266664981842,0.1354977786540985,0.15340366959571838,0.19870628416538239,0.2096204310655594,0.1834891438484192,0.17363688349723816,0.18221549689769745,0.18029704689979553,0.16817031800746918,0.16484934091567993,0.17108160257339478,0.16975420713424683,0.16119621694087982,0.15451860427856445,0.15111051499843597,0.1486586034297943,0.14753569662570953,0.14584089815616608,0.1438537985086441,0.14163808524608612,0.1396283358335495,0.13720501959323883,0.13483403623104095,0.13395924866199493,0.1347023993730545,0.13339649140834808,0.1302662044763565,0.12929028272628784,0.13067959249019623,0.1300022304058075
-0.024194877594709396,-0.09510499984025955,null,null,null,null,null,null,null,null,0.03903815895318985,0.049213238060474396,0.03720998391509056,0.10925627499818802,0.1271614283323288,0.15910309553146362,0.18871572613716125,0.210643008351326,0.21420766413211823,0.1992025375366211,0.19399061799049377,0.19917696714401245,0.19756601750850677,0.18934403359889984,0.18759560585021973,0.19254405796527863,0.1924690455198288,0.18728215992450714,0.18315966427326202,0.18063896894454956,0.17834238708019257,0.1765909492969513,0.17508429288864136,0.17403925955295563,0.17245501279830933,0.17055562138557434,0.16868846118450165,0.16713403165340424,0.16622613370418549,0.1660975217819214,0.1650291383266449,0.16316649317741394,0.16260692477226257,0.16342252492904663,0.16307321190834045
-0.02477756328880787,-0.08409250527620316,null,null,null,null,null,null,null,null,0.05621422454714775,0.07571703940629959,0.07586562633514404,0.1078757494688034,0.12679865956306458,0.16858112812042236,0.19265002012252808,0.19539500772953033,0.19328652322292328,0.18639157712459564,0.18502308428287506,0.1897609382867813,0.19014686346054077,0.18609236180782318,0.18633343279361725,0.19077691435813904,0.19230717420578003,0.1906748265028,0.18957170844078064,0.18930652737617493,0.18876685202121735,0.18804201483726501,0.18773207068443298,0.18786422908306122,0.1874677985906601,0.18660543859004974,0.18584775924682617,0.18532168865203857,0.18505872786045074,0.18509508669376373,0.18486812710762024,0.1844215840101242,0.18450066447257996,0.18507330119609833,0.18512678146362305
