earth/public/data/ocean/C53/ANN-ocevel-depthz-2000m-gfs-1.0.json
{"header": {"discipline": 0, "disciplineName": "Meteorological products", "gribEdition": 2, "gribLength": 131138.0, "center": 0, "centerName": "Kiel Climate Model", "subcenter": 0, "refTime": "1", "significanceOfRT": 1, "significanceOfRTName": "Start of forecast", "productStatus": 0, "productStatusName": "Operational products", "productType": 1, "productTypeName": "Forecast products", "productDefinitionTemplate": 0, "productDefinitionTemplateName": "Analysis/forecast at horizontal level/layer at a point in time", "parameterCategory": 2, "parameterCategoryName": "Momentum", "parameterNumber": 2, "parameterNumberName": "U-component_of_wind", "parameterUnit": "m/s", "genProcessType": 2, "genProcessTypeName": "Forecast", "forecastTime": 0, "surface1Type": 103, "surface1TypeName": "Specified height level above ground", "surface1Value": 10, "surface2Type": 255, "surface2TypeName": "Missing", "surface2Value": 0, "gridDefinitionTemplate": 0, "gridDefinitionTemplateName": "Latitude_Longitude", "numberPoints": 65160, "shape": 6, "shapeName": "Earth spherical with radius of 6,371,229.0 m", "gridUnits": "degrees", "resolution": 48, "winds": "true", "scanMode": 0, "nx": 360.0, "ny": 180.0, "basicAngle": 0, "subDivisions": 0, "lo1": 0.0, "la1": -89.5, "lo2": 359.0, "la2": 89.5, "dx": 1.0, "dy": -1.0}, "data":
[rows 105 to 125 of 180, columns 188 to 234 of 360]
0.000496607506647706,0.000435804104199633,0.00038450348074547946,0.0003529823152348399,0.0003228873247280717,0.00030001933919265866,0.0002809770230669528,0.00026931907632388175,0.0002540316490922123,0.00023833356681279838,0.00020609617058653384,0.00016369916556868702,7.783008186379448e-05,-3.577937604859471e-05,-0.00015859273844398558,-0.00026808117399923503,-0.00037498175515793264,-0.00046045618364587426,-0.0005133291706442833,-0.000524941657204181,-0.0004432355926837772,-0.00028205380658619106,-9.040282748173922e-05,0.00010076704347738996,0.00026736652944236994,0.0003836319374386221,0.0005475066718645394,0.0007290345965884626,0.0008978053811006248,0.0010146721033379436,0.001011092565022409,0.0008764509693719447,0.0008108225301839411,0.0008216822752729058,0.000952216680161655,0.0011832013260573149,0.0014365878887474537,0.0016759773716330528,0.00202356418594718,0.0024297612253576517,0.0028632318135350943,0.0032601363491266966,0.003797098295763135,0.004397806245833635,0.005015734117478132,0.005565820261836052,0.005695443134754896
0.0003440712462179363,0.0003013000823557377,0.0002628789225127548,0.00023479129595216364,0.00020937192311976105,0.00019086302199866623,0.00017425866099074483,0.00016230485925916582,0.00015337622608058155,0.0001485719985794276,0.0001280126307392493,9.418515401193872e-05,2.8049164029653184e-05,-6.124132050899789e-05,-0.00015683881065342575,-0.00024528641370125115,-0.00033664144575595856,-0.0004172475019004196,-0.0004636863013729453,-0.00046944350469857454,-0.0003805112501140684,-0.00021314097102731466,-1.8219694538856857e-05,0.0001722122251521796,0.000339234946295619,0.00045694372965954244,0.0005841552629135549,0.0007031343993730843,0.0007630172185599804,0.0007609529420733452,0.0006421576836146414,0.0004344209737610072,0.0003185788809787482,0.00031884422060102224,0.00047696399269625545,0.0007645186851732433,0.0011135104577988386,0.0014556718524545431,0.0019029023824259639,0.0023724003694951534,0.0028277821838855743,0.003197904909029603,0.0037603715900331736,0.004430369008332491,0.005126420874148607,0.005737423896789551,0.005916540045291185
3.0224782676668838e-05,4.777750746143283e-06,-2.2620006348006427e-05,-4.59849507024046e-05,-6.723050319124013e-05,-8.211440581362695e-05,-9.571648115525022e-05,-0.00010529070277698338,-0.00010845371434697881,-0.00010410627874080092,-0.00011090414045611396,-0.00012636027531698346,-0.0001609184400876984,-0.00020542461425065994,-0.00025785286561585963,-0.00030474629602395,-0.00036361199454404414,-0.00042079357081092894,-0.00044601233093999326,-0.0004327539645601064,-0.00034292018972337246,-0.0001927624543895945,-3.523992563714273e-05,9.760705870576203e-05,0.00021553643455263227,0.00029264346812851727,0.0003605180827435106,0.00040142517536878586,0.00037290144246071577,0.000272096018306911,8.520694973412901e-05,-0.00015997626178432256,-0.0003104756469838321,-0.000342078332323581,-0.00018758360238280147,0.00012458901619538665,0.000526537885889411,0.0009499956504441798,0.0014135829405859113,0.001834498136304319,0.002161687472835183,0.002324008382856846,0.0026944875717163086,0.00318831205368042,0.003714405931532383,0.004161665216088295,0.004284386523067951
-0.0004272361984476447,-0.0004365891800262034,-0.00045198851148597896,-0.0004714501847047359,-0.000489746977109462,-0.0005036195507273078,-0.0005171488155610859,-0.0005276130395941436,-0.0005283060600049794,-0.0005189519724808633,-0.000511444581206888,-0.0005080653354525566,-0.0005042596603743732,-0.0005036615766584873,-0.0005023992853239179,-0.0005049126339145005,-0.0005173698300495744,-0.0005415839841589332,-0.0005365663091652095,-0.0005058813258074224,-0.00042658913298510015,-0.00031142731313593686,-0.00021335648489184678,-0.00014459974772762507,-9.743019472807646e-05,-7.416596781695262e-05,-9.263102401746437e-05,-0.00014178056153468788,-0.00026827375404536724,-0.0004423049686010927,-0.000670343404635787,-0.0009108830709010363,-0.0010389474919065833,-0.001037802081555128,-0.0008197234710678458,-0.00043432580423541367,3.609862324083224e-05,0.0005004573031328619,0.000924261228647083,0.001237969845533371,0.0013826146023347974,0.0013479009503498673,0.001445350586436689,0.0016811599489301443,0.0018990234239026904,0.0020905802957713604,0.0021150116808712482
-0.0009466001065447927,-0.0009410890634171665,-0.0009475144324824214,-0.0009638922638259828,-0.0009814482182264328,-0.0009969230741262436,-0.0010133333271369338,-0.0010279571870341897,-0.001030299230478704,-0.001020083436742425,-0.0010024955263361335,-0.0009798167739063501,-0.0009436492691747844,-0.000897626974619925,-0.0008500496041961014,-0.0008053570636548102,-0.000772956118453294,-0.0007546597626060247,-0.0007204680587165058,-0.0006739454693160951,-0.0006131241098046303,-0.0005507415626198053,-0.0005143581656739116,-0.000516196945682168,-0.0005378671339713037,-0.0005816867342218757,-0.0006847143522463739,-0.0008359051425941288,-0.0010372742544859648,-0.0012590157566592097,-0.0014875426422804594,-0.0016813487745821476,-0.0017373643349856138,-0.001638854737393558,-0.0013111779699102044,-0.0008039481472223997,-0.0002723548386711627,0.0001925094547914341,0.0005336508620530367,0.0006815288797952235,0.0006501250900328159,0.0004291447694413364,0.00026353230350650847,0.00015948426153045148,3.358861067681573e-05,-0.00012251535372342914,-0.0002055059012491256
-0.0014824422542005777,-0.00146680127363652,-0.0014653526013717055,-0.0014787367545068264,-0.0014937579398974776,-0.0015080018201842904,-0.0015231193974614143,-0.0015368199674412608,-0.001536685973405838,-0.0015149028040468693,-0.0014805120881646872,-0.0014479014789685607,-0.0013919617049396038,-0.001314552966505289,-0.0012275625485926867,-0.0011485680006444454,-0.0010740975849330425,-0.0010199876269325614,-0.000964038132224232,-0.0009170662960968912,-0.0008945949957706034,-0.0008965784800238907,-0.0009391569183208048,-0.0010082328226417303,-0.001096010790206492,-0.0011827732669189572,-0.001326731056906283,-0.0015031959628686309,-0.0017008360009640455,-0.0018910884391516447,-0.002033964265137911,-0.002116507850587368,-0.0020487934816628695,-0.0018553297268226743,-0.0014876897912472486,-0.00100880884565413,-0.0005703773349523544,-0.0002324338856851682,-2.5728957552928478e-05,2.5009108867379837e-05,-7.997025386430323e-05,-0.00032643647864460945,-0.0006085564964450896,-0.0008812977466732264,-0.0011987234465777874,-0.0015053508104756474,-0.0015997675945982337
-0.002032207092270255,-0.002011755248531699,-0.0020058027002960443,-0.002012490062043071,-0.0020198856946080923,-0.0020226361230015755,-0.002024587942287326,-0.002022836124524474,-0.0020103342831134796,-0.001967226155102253,-0.0019105511019006371,-0.0018635252490639687,-0.0017977496609091759,-0.0016993178287521005,-0.001600670046173036,-0.0015007569454610348,-0.0014113342622295022,-0.0013410174287855625,-0.0012981308391317725,-0.001296354690566659,-0.0013440203620120883,-0.001437833532691002,-0.0015445719473063946,-0.0016609831945970654,-0.0017528908792883158,-0.001813197392039001,-0.0018763854168355465,-0.0019136604387313128,-0.0019391708774492145,-0.0019186787540093064,-0.0018577069276943803,-0.0017362510552629828,-0.0015730385202914476,-0.0013691179919987917,-0.0011626817286014557,-0.0009809356415644288,-0.0008570855716243386,-0.0008182628662325442,-0.000767392513807863,-0.0007445706287398934,-0.0007667963509447873,-0.00085484265582636,-0.0010248009348288178,-0.0012380650732666254,-0.0014685697387903929,-0.0016589445294812322,-0.0016468785470351577
-0.002458825008943677,-0.0024376222863793373,-0.002424947451800108,-0.00242208456620574,-0.002418951131403446,-0.0024085226468741894,-0.0023942117113620043,-0.0023769561666995287,-0.0023478278890252113,-0.0022988170385360718,-0.0022321499418467283,-0.0021651992574334145,-0.002075164346024394,-0.0019753274973481894,-0.0018646917305886745,-0.0017669674707576632,-0.0016662897542119026,-0.0016015899600461125,-0.001575300469994545,-0.0016111520817503333,-0.0017257569124922156,-0.0018678870983421803,-0.0020275937858968973,-0.0021463162265717983,-0.0022225116845220327,-0.0022284940350800753,-0.0021795150823891163,-0.0020672082901000977,-0.0018777902005240321,-0.0016546546248719096,-0.0013688226463273168,-0.0011169007048010826,-0.0008897057268768549,-0.0007666542078368366,-0.0007575783529318869,-0.0008512351778335869,-0.0010379754239693284,-0.0012146660592406988,-0.0013151875464245677,-0.0013286861358210444,-0.001283432124182582,-0.0012498943833634257,-0.0012917440617457032,-0.001379695488139987,-0.0014927743468433619,-0.0015479967696592212,-0.0014628805220127106
-0.0024930189829319715,-0.002465367317199707,-0.002441392047330737,-0.0024234955199062824,-0.0024043479934334755,-0.002384289400652051,-0.0023584780283272266,-0.002329777227714658,-0.002292738761752844,-0.0022464501671493053,-0.0021856517996639013,-0.00210947054438293,-0.00202098092995584,-0.001922516617923975,-0.0018272040178999305,-0.0017343522049486637,-0.0016531891888007522,-0.0015918210847303271,-0.0015729502774775028,-0.001606038655154407,-0.0016970273572951555,-0.0018339664675295353,-0.0019549019634723663,-0.0020533681381493807,-0.002085384912788868,-0.0020542077254503965,-0.001952653517946601,-0.001779816928319633,-0.0015378710813820362,-0.0012365039438009262,-0.0009284724364988506,-0.0006369797047227621,-0.0004418452735990286,-0.00035671357181854546,-0.00041292651440016925,-0.00059487484395504,-0.0008378807106055319,-0.0010973234893754125,-0.0012608686229214072,-0.0013251076452434063,-0.001307593658566475,-0.0012379750842228532,-0.0012050506193190813,-0.0012049928773194551,-0.0012397750979289412,-0.0012808186002075672,-0.0012489543296396732
-0.0023679148871451616,-0.0023327781818807125,-0.002294094767421484,-0.0022578139323741198,-0.0022216099314391613,-0.0021906541660428047,-0.002153349108994007,-0.0021152638364583254,-0.002069389447569847,-0.0020231837406754494,-0.001960023306310177,-0.0018910610815510154,-0.0018072340171784163,-0.0017242295434698462,-0.0016370186349377036,-0.0015626552049070597,-0.0014963014982640743,-0.0014519375981763005,-0.001436552731320262,-0.001454473240301013,-0.0015116622671484947,-0.0015959468437358737,-0.001666966243647039,-0.0017064979765564203,-0.0016941509675234556,-0.001626326935365796,-0.001498526893556118,-0.0013301667058840394,-0.0010949933202937245,-0.0008355055470019579,-0.0005622592871077359,-0.00032899374491535127,-0.00016403099289163947,-0.00010330259101465344,-0.00015870630159042776,-0.0003235213807784021,-0.0005500667029991746,-0.0007963087409734726,-0.0009879821445792913,-0.0010895301820710301,-0.0011156386462971568,-0.0010635749204084277,-0.001008337247185409,-0.0009593809954822063,-0.0009808656759560108,-0.0010679697152227163,-0.0011014866176992655
-0.00210100831463933,-0.0020568352192640305,-0.0020029705483466387,-0.0019504239317029715,-0.0018963990733027458,-0.0018520079320296645,-0.0017993916990235448,-0.0017492234474048018,-0.001693208352662623,-0.0016421845648437738,-0.0015774518251419067,-0.0015106870559975505,-0.00143496657256037,-0.0013632758054882288,-0.0012898460263386369,-0.0012271377490833402,-0.0011767010437324643,-0.0011472105979919434,-0.0011374778114259243,-0.0011499450774863362,-0.0011741049820557237,-0.0012087944196537137,-0.00121783628128469,-0.0012036676052957773,-0.0011453201295807958,-0.0010545289842411876,-0.0009209905983880162,-0.0007660335977561772,-0.0005688323872163892,-0.00035922849201597273,-0.00015738804358989,6.751531600457383e-06,0.00010187690349994227,0.00011533561337273568,2.929624133685138e-05,-0.00013930858403909951,-0.0003463116008788347,-0.0005561934667639434,-0.0007262947037816048,-0.0008282493217848241,-0.0008821149240247905,-0.000875906553119421,-0.0008484830614179373,-0.0008000285597518086,-0.0008109252667054534,-0.0008798809139989316,-0.0009323910344392061
-0.0017480035312473774,-0.0016922373324632645,-0.0016249900218099356,-0.0015572720440104604,-0.0014890664024278522,-0.0014314849395304918,-0.0013666996965184808,-0.0013053833972662687,-0.001242179307155311,-0.0011879254598170519,-0.0011242101900279522,-0.0010627107694745064,-0.0009955937275663018,-0.0009358443203382194,-0.0008722116472199559,-0.000817155814729631,-0.0007721715373918414,-0.0007459333282895386,-0.0007287992048077285,-0.0007232114439830184,-0.000711844942998141,-0.0006935364799574018,-0.0006576888845302165,-0.0006067388458177447,-0.0005359993083402514,-0.00045720546040683985,-0.0003561282646842301,-0.0002540963760111481,-0.00012304128904361278,7.195566013251664e-06,0.00013466624659486115,0.00022943336807657033,0.0002734849986154586,0.0002541686990298331,0.00015394923684652895,-1.0240739356959239e-05,-0.0001939508510986343,-0.0003616617468651384,-0.0005035856738686562,-0.00059135677292943,-0.0006693245959468186,-0.0007255042437463999,-0.0007509018760174513,-0.0007457017782144248,-0.0007490193238481879,-0.0007595624192617834,-0.0007988041616044939
-0.0013287581969052553,-0.0012626302195712924,-0.0011835587210953236,-0.0011064952705055475,-0.001027416787110269,-0.0009610591223463416,-0.0008880753885023296,-0.00082187115913257,-0.0007561389938928187,-0.0007025596569292247,-0.0006444008322432637,-0.0005914875073358417,-0.0005370210274122655,-0.0004897697363048792,-0.0004391701950225979,-0.0003933381231036037,-0.0003530505928210914,-0.00032541665132157505,-0.00029659149004146457,-0.0002729145635385066,-0.00023039407096803188,-0.0001782516046660021,-0.00011274551798123866,-4.619883475243114e-05,2.2657690351479687e-05,8.271654223790392e-05,0.00014150296919979155,0.00019178519141860306,0.0002451649634167552,0.0002976925752591342,0.0003380087437108159,0.00036522760638035834,0.00035344617208465934,0.0003086230717599392,0.00020545528968796134,6.185824167914689e-05,-8.75323312357068e-05,-0.00021863689471501857,-0.00033677450846880674,-0.0004215080407448113,-0.0005174693069420755,-0.0006066756905056536,-0.0006641852087341249,-0.0006794779910705984,-0.0006819944828748703,-0.0006707095308229327,-0.0007160718087106943
-0.000920440477784723,-0.0008451823960058391,-0.0007597862859256566,-0.0006792036583647132,-0.0005961843417026103,-0.0005254646530374885,-0.00045098582631908357,-0.00038615360972471535,-0.0003233970492146909,-0.0002743969380389899,-0.0002244812058052048,-0.00018347479635849595,-0.00014148917398415506,-0.00010729272617027164,-6.861804286018014e-05,-3.358098183525726e-05,4.330979663791368e-06,3.800879858317785e-05,7.891759014455602e-05,0.00012071790843037888,0.0001796352444216609,0.00024644797667860985,0.0003164952213410288,0.00037745392182841897,0.00043078011367470026,0.00046536620357073843,0.0004861291963607073,0.0004858372558373958,0.00047590420581400394,0.0004523803945630789,0.0004218087997287512,0.00038330358802340925,0.00032954083872027695,0.00026647912454791367,0.00017257756553590298,6.57515338389203e-05,-4.9732709157979116e-05,-0.00014979562547523528,-0.00025646662106737494,-0.0003493085387162864,-0.0004511567822191864,-0.000544028589501977,-0.0006022365996614099,-0.0006152609130367637,-0.0006240213988348842,-0.0006274928455241024,-0.000696324510499835
-0.0005322472425177693,-0.0004514709871727973,-0.00036454800283536315,-0.00028693885542452335,-0.00020566953753586859,-0.00013489295088220388,-6.477707938756794e-05,-7.27328688299167e-06,4.685983367380686e-05,8.881596295395866e-05,0.00012592181155923754,0.000152622364112176,0.00017841903900261968,0.00019993977912236005,0.00022360389993991703,0.00024629911058582366,0.00027679416234605014,0.0003104523057118058,0.0003542718186508864,0.0004009429831057787,0.0004621003463398665,0.0005277756717987359,0.0005884690908715129,0.0006349755567498505,0.0006672191666439176,0.0006811199709773064,0.0006700656958855689,0.0006374304066412151,0.0005802742671221495,0.0005103885778225958,0.0004267827025614679,0.00034624885302037,0.0002612123789731413,0.0001880563941085711,0.00010420782200526446,2.423106889182236e-05,-6.23907326371409e-05,-0.00014119887782726437,-0.00023534857609774917,-0.0003285764541942626,-0.0004265523748472333,-0.0005125844618305564,-0.0005666640354320407,-0.0005796476034447551,-0.0005867189029231668,-0.0005874158232472837,-0.0006570914993062615
-0.00016304347082041204,-8.255906141130254e-05,-6.141114226920763e-06,5.2991519623901695e-05,0.0001197840174427256,0.00018262337835039943,0.0002368571440456435,0.0002729057741817087,0.0003086400683969259,0.0003375877276994288,0.0003557590243872255,0.0003595415037125349,0.0003651010920293629,0.0003709778538905084,0.0003759993123821914,0.00037890311796218157,0.00039284402737393975,0.00041537469951435924,0.0004440713091753423,0.00047425433876924217,0.0005131532670930028,0.0005539980484172702,0.0005853253533132374,0.0006010084180161357,0.0006065799971111119,0.0006003150483593345,0.0005716352607123554,0.0005247881053946912,0.00045542640145868063,0.00037427915958687663,0.0002773416053969413,0.00018001561693381518,8.513149077771232e-05,8.974399861472193e-06,-6.61646481603384e-05,-0.000126128172269091,-0.00018966761126648635,-0.00024528580252081156,-0.00031441973987966776,-0.00038601053529419005,-0.00045800593215972185,-0.0005182605818845332,-0.0005614013643935323,-0.0005794046446681023,-0.000579114886932075,-0.0005595039110630751,-0.0005995421670377254
0.0001318504655500874,0.0002088918990921229,0.0002718334726523608,0.00030821230029687285,0.00035819123149849474,0.0004115287447348237,0.00044864340452477336,0.0004617089871317148,0.00047893516602925956,0.0004961289814673364,0.0004967231652699411,0.00047972664469853044,0.00046702518011443317,0.0004600590036716312,0.00044797486043535173,0.0004321289889048785,0.00042913135257549584,0.00043853180250152946,0.0004497382033150643,0.00045951755600981414,0.0004748266364913434,0.0004914281307719648,0.0004952847375534475,0.00048429591697640717,0.0004663284926209599,0.0004435788723640144,0.0004015288141090423,0.0003474267723504454,0.00027414102805778384,0.00019547910778783262,9.499164298176765e-05,-8.418945071753114e-06,-0.00010889812256209552,-0.0001881324133137241,-0.00025674363132566214,-0.0003020720323547721,-0.00034228514414280653,-0.0003687253047246486,-0.00040619526407681406,-0.00044551666360348463,-0.0004873746365774423,-0.0005220920429565012,-0.000555085891392082,-0.0005798483616672456,-0.0005769534036517143,-0.0005471846670843661,-0.0005613606772385538
0.00018666728283278644,0.00025739657576195896,0.0003063985495828092,0.0003258569340687245,0.00036167787038721144,0.00040833919774740934,0.00043406261829659343,0.000434818968642503,0.0004424078797455877,0.0004558487853500992,0.0004498029302340001,0.00042549255886115134,0.0004063761152792722,0.00039603214827366173,0.00037706911098212004,0.0003531361580826342,0.00034046536893583834,0.00034183100797235966,0.0003401544818188995,0.0003364970616530627,0.0003360800910741091,0.000339908292517066,0.00033047626493498683,0.00031011307146400213,0.00028461244073696434,0.0002586818300187588,0.00021647184621542692,0.00016528427659068257,9.905811748467386e-05,2.924772707046941e-05,-6.23954547336325e-05,-0.00015991710824891925,-0.00025562953669577837,-0.0003328081511426717,-0.0003987013769801706,-0.00044155542855151,-0.00047210900811478496,-0.0004849242977797985,-0.0005006000283174217,-0.0005172224482521415,-0.0005330247222445905,-0.0005470148753374815,-0.000564479676540941,-0.0005840875091962516,-0.0005831002490594983,-0.0005616656853817403,-0.0005700881592929363
0.00015540442836936563,0.0002179054863518104,0.0002548832562752068,0.0002585213806014508,0.00028344488237053156,0.00032413151348009706,0.0003427286574151367,0.0003352071507833898,0.00033840397372841835,0.0003513385890983045,0.00034393902751617134,0.00031742759165354073,0.00029718014411628246,0.00028677526279352605,0.00026559733669273555,0.0002372955350438133,0.00021944983745925128,0.00021483443561010063,0.0002048370661213994,0.00019051898561883718,0.00017988370382227004,0.00017393595771864057,0.0001577484217705205,0.0001336501445621252,0.00010736884723883122,8.361199434148148e-05,4.550264566205442e-05,3.4256595426995773e-07,-5.9429032262414694e-05,-0.00012235780013725162,-0.0002062122366623953,-0.00029503798577934504,-0.00038329572998918593,-0.00045426085125654936,-0.0005176585982553661,-0.0005617353017441928,-0.0005909973406232893,-0.0006000070134177804,-0.0006053815595805645,-0.0006052073440514505,-0.0006003163871355355,-0.000589716830290854,-0.0005868992302566767,-0.000590532086789608,-0.0005898940144106746,-0.0005851328023709357,-0.0005965906311757863
5.848464206792414e-05,0.00010928483243333176,0.00013363940524868667,0.0001279397401958704,0.00014251920219976455,0.00017530354671180248,0.00018753419863060117,0.00017730414401739836,0.00017865285917650908,0.0001912158477352932,0.00018627397366799414,0.00016423032502643764,0.00014815137546975166,0.00014022618415765464,0.00012149874237366021,9.480142034590244e-05,7.552449096692726e-05,6.691925955237821e-05,5.169110590941273e-05,3.26448971463833e-05,1.563793011882808e-05,3.7988547774148174e-06,-1.5827943570911884e-05,-3.9766993722878397e-05,-6.463192403316498e-05,-8.618739957455546e-05,-0.00011874657502630726,-0.00015685774269513786,-0.00020722243061754853,-0.0002615218982100487,-0.0003325803263578564,-0.0004087086708750576,-0.00048461294500157237,-0.0005476863589137793,-0.0006056471029296517,-0.0006485538324341178,-0.0006759213865734637,-0.0006829435005784035,-0.0006789614562876523,-0.0006651803851127625,-0.0006417625700123608,-0.0006138916942290962,-0.0005950915510766208,-0.0005893581546843052,-0.0005888199666514993,-0.000593591365031898,-0.0006052735261619091
-0.000196453373064287,-0.00017448268772568554,-0.00016209333261940628,-0.00016191032773349434,-0.0001538403594167903,-0.00013990201114211231,-0.0001319247530773282,-0.00013155928172636777,-0.00012718354992102832,-0.00011973376240348443,-0.00011665745114441961,-0.00011840764636872336,-0.00012052401871187612,-0.0001227789034601301,-0.00012933019024785608,-0.00013930459681432694,-0.00015052179514896125,-0.0001614872453501448,-0.0001740908483043313,-0.00018653499137144536,-0.00020092574413865805,-0.0002151402732124552,-0.0002307296817889437,-0.00024522317107766867,-0.0002622859610710293,-0.00027923635207116604,-0.00030075598624534905,-0.00032335647847503424,-0.0003555065195541829,-0.00039188438677228987,-0.0004383847990538925,-0.000486992095829919,-0.0005381368100643158,-0.0005830872687511146,-0.000623182044364512,-0.0006522462936118245,-0.0006721109966747463,-0.0006798487738706172,-0.0006735061760991812,-0.0006533107371069491,-0.0006267238641157746,-0.0005965905729681253,-0.0005789248389191926,-0.0005752260331064463,-0.0005729158292524517,-0.0005726383533328772,-0.0005697407759726048
