earth/public/data/ocean/C53/ANN-sowaflep-depthz-0m-gfs-1.0.json
{"header": {"discipline": 0, "disciplineName": "Meteorological products", "gribEdition": 2, "gribLength": 131138.0, "center": 0, "centerName": "Kiel Climate Model", "subcenter": 0, "refTime": "1", "significanceOfRT": 1, "significanceOfRTName": "Start of forecast", "productStatus": 0, "productStatusName": "Operational products", "productType": 1, "productTypeName": "Forecast products", "productDefinitionTemplate": 0, "productDefinitionTemplateName": "Analysis/forecast at horizontal level/layer at a point in time", "parameterCategory": 2, "parameterCategoryName": "Momentum", "parameterNumber": 2, "parameterNumberName": "U-component_of_wind", "parameterUnit": "kg/m2/s", "genProcessType": 2, "genProcessTypeName": "Forecast", "forecastTime": 0, "surface1Type": 103, "surface1TypeName": "Specified height level above ground", "surface1Value": 10, "surface2Type": 255, "surface2TypeName": "Missing", "surface2Value": 0, "gridDefinitionTemplate": 0, "gridDefinitionTemplateName": "Latitude_Longitude", "numberPoints": 65160, "shape": 6, "shapeName": "Earth spherical with radius of 6,371,229.0 m", "gridUnits": "degrees", "resolution": 48, "winds": "true", "scanMode": 0, "nx": 360.0, "ny": 180.0, "basicAngle": 0, "subDivisions": 0, "lo1": 0.0, "la1": -89.5, "lo2": 359.0, "la2": 89.5, "dx": 1.0, "dy": -1.0}, "data":
[rows 105 to 125 of 180, columns 282 to 328 of 360]
-1.2025457620620728,-1.2686631679534912,-1.2462787628173828,-1.1420254707336426,-0.9937405586242676,-0.8269854784011841,-0.6331551671028137,-0.4428650140762329,-0.29579654335975647,-0.21797937154769897,-0.20186512172222137,-0.25611600279808044,-0.31113100051879883,-0.36312222480773926,-0.37065866589546204,-0.33418259024620056,-0.2861427664756775,-0.23633161187171936,-0.24985045194625854,-0.32969608902931213,-0.47205954790115356,-0.6595064997673035,-0.8326646685600281,-0.9664976000785828,-0.5037745833396912,0.48024091124534607,null,null,null,null,null,null,1.703356385231018,1.393695592880249,1.3768943548202515,1.649749517440796,1.8229459524154663,1.8673933744430542,1.8871784210205078,1.881508708000183,1.8843406438827515,1.8958542346954346,1.9649280309677124,2.078627109527588,2.230801820755005,2.393660306930542,2.5318663120269775
-0.2322738766670227,-0.32887762784957886,-0.34887978434562683,-0.2847845256328583,-0.16182878613471985,0.0028688963502645493,0.20720918476581573,0.4170733392238617,0.5608417987823486,0.6135849952697754,0.5829126834869385,0.4757581353187561,0.36208397150039673,0.26523110270500183,0.2237173616886139,0.24842619895935059,0.24754992127418518,0.22760140895843506,0.12214215844869614,-0.04117786884307861,-0.2849441468715668,-0.5579214096069336,-0.805833101272583,-0.9787247776985168,-0.5966179966926575,0.5012051463127136,null,null,null,null,null,null,2.078174352645874,1.7280000448226929,1.6721287965774536,1.9203804731369019,2.0972743034362793,2.172487497329712,2.2129008769989014,2.210845470428467,2.2077901363372803,2.2058770656585693,2.251638174057007,2.339909076690674,2.4673876762390137,2.614513635635376,2.74242901802063
0.8208876848220825,0.7093755602836609,0.6469237804412842,0.6410281658172607,0.7063765525817871,0.8258503079414368,0.9968162775039673,1.1851557493209839,1.3156124353408813,1.3632570505142212,1.3176623582839966,1.1857619285583496,1.0426863431930542,0.9117763638496399,0.8335718512535095,0.818956196308136,0.7481905817985535,0.6277880072593689,0.42909762263298035,0.17976944148540497,-0.14005213975906372,-0.47913190722465515,-0.7807186841964722,-0.9948581457138062,-0.9030234217643738,0.13079647719860077,null,null,null,null,null,null,2.41853666305542,2.131964921951294,2.0798161029815674,2.2719101905822754,2.4285666942596436,2.519463062286377,2.5634021759033203,2.552715301513672,2.5322020053863525,2.504004716873169,2.515049934387207,2.560173273086548,2.6478543281555176,2.758533239364624,2.8607962131500244
1.8051354885101318,1.695934534072876,1.6077959537506104,1.5567777156829834,1.569493293762207,1.6463682651519775,1.7717409133911133,1.9266902208328247,2.036698818206787,2.083652973175049,2.0405187606811523,1.9134087562561035,1.7690578699111938,1.6312320232391357,1.529215931892395,1.48183012008667,1.325027346611023,1.0939995050430298,0.8352541923522949,0.5964596271514893,0.33793941140174866,0.09049510210752487,-0.27044492959976196,-0.7703646421432495,-1.1318200826644897,0.1314995139837265,null,null,null,null,null,null,2.703096866607666,2.515291929244995,2.487995147705078,2.622742176055908,2.7409350872039795,2.8250725269317627,2.862510919570923,2.8477487564086914,2.818589925765991,2.7800586223602295,2.767230987548828,2.78290057182312,2.833219528198242,2.9110817909240723,2.984110116958618
2.5413053035736084,2.4516348838806152,2.3631346225738525,2.2918622493743896,2.2744638919830322,2.3113651275634766,2.394123077392578,2.503816843032837,2.5930566787719727,2.6437292098999023,2.619617462158203,2.526834726333618,2.409759998321533,2.29215931892395,2.187148094177246,2.113546371459961,1.883237600326538,1.5314134359359741,1.2658076286315918,1.134088397026062,1.0537924766540527,1.0557215213775635,0.8660002946853638,0.47541218996047974,0.4316593110561371,1.2721302509307861,null,null,null,null,null,null,2.871138095855713,2.8172640800476074,2.827664613723755,2.9038753509521484,2.9781997203826904,3.0331356525421143,3.0562140941619873,3.041933059692383,3.0158228874206543,2.982907772064209,2.96500825881958,2.9649176597595215,2.9927637577056885,3.041440486907959,3.0913965702056885
3.2193355560302734,3.1571080684661865,3.088449716567993,3.0151894092559814,2.963513135910034,2.9547698497772217,2.990830898284912,3.057211399078369,3.1224896907806396,3.175698757171631,3.1741013526916504,3.117429256439209,3.0377402305603027,2.946305513381958,2.862109899520874,2.7828729152679443,2.4813392162323,2.0274906158447266,1.7530430555343628,1.698732852935791,1.6649526357650757,null,null,null,null,null,null,null,null,2.539961814880371,2.7034912109375,2.9678187370300293,3.031594753265381,3.0695974826812744,3.140584707260132,3.195603847503662,3.210947275161743,3.2234694957733154,3.228372812271118,3.216892719268799,3.198084831237793,3.1752777099609375,3.1590311527252197,3.150637626647949,3.1596336364746094,3.184727907180786,3.2102105617523193
3.809053897857666,3.7915453910827637,3.7628233432769775,3.7154018878936768,3.642239809036255,3.5939769744873047,3.591085195541382,3.6066653728485107,3.639894962310791,3.680248498916626,3.693491220474243,3.679044008255005,3.644192934036255,3.59806489944458,3.5587315559387207,3.511345863342285,3.2546327114105225,2.8203349113464355,2.5426547527313232,2.4291114807128906,2.3349101543426514,null,null,null,null,null,null,null,null,2.8105552196502686,2.916229486465454,3.141221046447754,3.2871899604797363,3.3790156841278076,3.4944369792938232,3.5282130241394043,3.4732720851898193,3.417177438735962,3.3866827487945557,3.3672707080841064,3.359422206878662,3.3590662479400635,3.3626253604888916,3.3655714988708496,3.3723928928375244,3.383173704147339,3.3912086486816406
4.261857032775879,4.276254653930664,4.2701334953308105,4.233153820037842,4.166431427001953,4.112893104553223,4.080833435058594,4.064558029174805,4.0658721923828125,4.083592891693115,4.103570938110352,4.114259719848633,4.116879463195801,4.110710620880127,4.103475093841553,4.081834316253662,3.925166130065918,3.6291520595550537,3.3023722171783447,3.0429818630218506,2.759427070617676,2.43088436126709,2.020901918411255,1.7441984415054321,1.5723497867584229,1.4960273504257202,null,null,null,3.0177927017211914,3.2691338062286377,3.433638334274292,3.6489622592926025,3.7589144706726074,3.8198461532592773,3.7905900478363037,3.6759746074676514,3.5773136615753174,3.5072174072265625,3.483619451522827,3.492211103439331,3.515126943588257,3.5458076000213623,3.564995288848877,3.5772268772125244,3.5815746784210205,3.58371901512146
4.3435258865356445,4.3602190017700195,4.34920072555542,4.308340549468994,4.265641689300537,4.229913234710693,4.20532751083374,4.189401626586914,4.187519550323486,4.1989970207214355,4.213090896606445,4.225260257720947,4.234583854675293,4.240509033203125,4.242640018463135,4.2384033203125,4.13746976852417,3.9056854248046875,3.5996673107147217,3.240112066268921,2.854405164718628,2.443962335586548,2.106879949569702,1.864669680595398,1.7199668884277344,1.9751603603363037,null,null,null,3.4791324138641357,3.5561327934265137,3.727813482284546,3.8798320293426514,3.953903913497925,3.9421091079711914,3.8520970344543457,3.7459659576416016,3.6472673416137695,3.589418888092041,3.5777218341827393,3.5932958126068115,3.6259708404541016,3.6517269611358643,3.666212320327759,3.6616415977478027,3.645172119140625,3.638424873352051
4.302676200866699,4.31512451171875,4.302576541900635,4.26800012588501,4.237517356872559,4.217794418334961,4.2044677734375,4.200867652893066,4.206766605377197,4.221436023712158,4.233304500579834,4.2399749755859375,4.2476935386657715,4.254995346069336,4.265929698944092,4.279553413391113,4.181747913360596,3.9944498538970947,3.7233874797821045,3.4235286712646484,3.056589126586914,2.693124771118164,2.3844194412231445,2.188230514526367,2.0832438468933105,2.3239128589630127,null,null,null,3.6010804176330566,3.6910512447357178,3.8546648025512695,3.965282440185547,4.0004143714904785,3.973529815673828,3.8902769088745117,3.804733991622925,3.7345755100250244,3.6965174674987793,3.69830060005188,3.7114157676696777,3.7327017784118652,3.738497734069824,3.726043701171875,3.689194440841675,3.631922483444214,3.6027896404266357
4.199769973754883,4.2125630378723145,4.208505630493164,4.1877360343933105,4.173699855804443,4.167580604553223,4.169183731079102,4.176863193511963,4.190341949462891,4.206364154815674,4.215346336364746,4.215852737426758,4.219356536865234,4.225797653198242,4.244670867919922,4.272387504577637,4.221812725067139,4.099140167236328,3.909106969833374,3.6796715259552,3.393430709838867,3.094040870666504,2.826824903488159,2.6357102394104004,2.573838949203491,2.713999032974243,2.948045015335083,3.0325353145599365,3.2284727096557617,3.6270952224731445,3.742981433868408,3.8732073307037354,3.9637773036956787,3.9988842010498047,3.993417739868164,3.9458868503570557,3.898005485534668,3.854893684387207,3.832308769226074,3.8328330516815186,3.833204507827759,3.8345086574554443,3.807331085205078,3.7599027156829834,3.6947922706604004,3.6253931522369385,3.5844452381134033
4.0620832443237305,4.073580741882324,4.076116561889648,4.069828987121582,4.070851802825928,4.080367565155029,4.096877574920654,4.118734836578369,4.141068458557129,4.160621643066406,4.167428493499756,4.1600542068481445,4.157198905944824,4.158803462982178,4.179414749145508,4.215443134307861,4.1978912353515625,4.132953643798828,4.015448570251465,3.8733348846435547,3.6793570518493652,3.4771718978881836,3.261186361312866,3.0753281116485596,2.992875099182129,3.026001453399658,3.0837910175323486,3.1355814933776855,3.326889991760254,3.5652904510498047,3.727942705154419,3.833864688873291,3.9171721935272217,3.9620580673217773,3.9839296340942383,3.981295108795166,3.972852945327759,3.9637234210968018,3.9578988552093506,3.957961320877075,3.9456424713134766,3.922028064727783,3.85866117477417,3.7637734413146973,3.68156099319458,3.6254167556762695,3.592349052429199
3.86307430267334,3.875180959701538,3.8882670402526855,3.898954153060913,3.920511245727539,3.9472765922546387,3.98309588432312,4.019886016845703,4.053188800811768,4.07609224319458,4.079715728759766,4.063685894012451,4.050351619720459,4.043147563934326,4.057685375213623,4.092399597167969,4.106863975524902,4.096599578857422,4.031836986541748,3.9229533672332764,3.7639989852905273,3.5869555473327637,3.433885097503662,3.3027689456939697,3.1796631813049316,3.1244072914123535,3.0820963382720947,3.0542056560516357,3.182537794113159,3.4485738277435303,3.6460702419281006,3.737020492553711,3.820589065551758,3.8808815479278564,3.941115617752075,3.9870119094848633,4.028243064880371,4.053370952606201,4.071134567260742,4.0762529373168945,4.051632881164551,4.00246000289917,3.8817527294158936,3.7168562412261963,3.6557106971740723,3.7046866416931152,3.7345144748687744
3.638871192932129,3.6534922122955322,3.6775689125061035,3.7077224254608154,3.7484450340270996,3.794074535369873,3.8471693992614746,3.899646043777466,3.9423768520355225,3.968449354171753,3.968942642211914,3.9434823989868164,3.9190428256988525,3.899057626724243,3.9017350673675537,3.925509452819824,3.9603099822998047,4.001657962799072,3.952270984649658,3.822526693344116,3.629681348800659,3.405716896057129,3.2762486934661865,3.195246458053589,null,null,3.0854368209838867,2.899827718734741,2.9751999378204346,3.293034791946411,3.513611078262329,3.5989222526550293,3.690187931060791,3.771514415740967,3.8683481216430664,3.9664103984832764,4.050990581512451,4.11065149307251,4.150968074798584,4.166660308837891,4.134227752685547,4.058856964111328,3.8787715435028076,3.621316909790039,3.612384796142578,3.8583457469940186,null
3.413877010345459,3.4336137771606445,3.469489812850952,3.514193534851074,3.570591926574707,3.627798080444336,3.692230463027954,3.7520267963409424,3.7979648113250732,3.8220632076263428,3.817469358444214,3.7855043411254883,3.7530317306518555,3.726162910461426,3.722031354904175,3.741342067718506,3.8015193939208984,3.8896262645721436,3.8640427589416504,3.7272121906280518,3.5110080242156982,3.2551984786987305,3.1149203777313232,3.0900795459747314,null,null,3.2315239906311035,3.0003812313079834,3.052462339401245,3.3770124912261963,3.594766616821289,3.668658971786499,3.6687066555023193,3.609421730041504,3.4890971183776855,3.365839958190918,3.4767518043518066,3.8016178607940674,4.042956829071045,4.128481388092041,4.1369123458862305,4.059815883636475,3.906256914138794,3.6947381496429443,3.7699103355407715,4.110109806060791,null
3.139522075653076,3.1721572875976562,3.221078872680664,3.2775187492370605,3.3410844802856445,3.40082049369812,3.4628584384918213,3.5166738033294678,3.551851749420166,3.5626370906829834,3.54884672164917,3.513085126876831,3.479731798171997,3.4544310569763184,3.4548745155334473,3.4804131984710693,3.5759963989257812,3.7242043018341064,3.740396738052368,3.6211905479431152,3.4065794944763184,3.134120225906372,2.9842329025268555,2.9992706775665283,null,null,3.4464094638824463,3.2679765224456787,3.3300929069519043,3.6273887157440186,3.8207335472106934,3.881254196166992,3.7593274116516113,3.443143367767334,2.528360605239868,1.4441158771514893,1.5939433574676514,2.7383124828338623,3.5371270179748535,3.836435079574585,3.9849793910980225,3.9529268741607666,3.9145407676696777,3.877384901046753,4.025834083557129,4.364315986633301,null
2.875464916229248,2.922321319580078,2.983731746673584,3.0491929054260254,3.117279291152954,3.175642967224121,3.2319607734680176,3.2753851413726807,3.2969841957092285,3.2918193340301514,3.268406867980957,3.2304210662841797,3.1980350017547607,3.17734956741333,3.1848714351654053,3.2198486328125,3.3510189056396484,3.5565707683563232,3.616473436355591,3.5224838256835938,3.315903902053833,3.035299062728882,2.8805837631225586,2.618058681488037,null,null,null,null,null,null,null,null,null,null,null,-1.1760714054107666,-0.4628737270832062,1.5766853094100952,2.971309185028076,3.504549741744995,3.805635690689087,3.82955002784729,3.8627617359161377,null,null,null,null
2.7128043174743652,2.765521287918091,2.830497980117798,2.8960421085357666,2.960867166519165,3.013712167739868,3.061002492904663,3.0948994159698486,3.1059138774871826,3.0926358699798584,3.0647029876708984,3.027296543121338,2.9964935779571533,2.977867603302002,2.9863927364349365,3.020982265472412,3.175543785095215,3.4204680919647217,3.5302634239196777,3.480056047439575,3.317749500274658,3.0671513080596924,2.9297091960906982,2.5493974685668945,null,null,null,null,null,null,null,null,null,null,null,-1.4864224195480347,-0.3898943364620209,1.608094334602356,2.973886728286743,3.500645160675049,3.81906795501709,3.878359317779541,3.910029172897339,null,null,null,null
2.5057239532470703,2.559755325317383,2.643324613571167,2.738095760345459,2.8171005249023438,2.8624250888824463,2.9013612270355225,2.92607045173645,2.9305739402770996,2.9134609699249268,2.8844072818756104,2.8485939502716064,2.8180928230285645,2.7984769344329834,2.801903247833252,2.8272852897644043,2.998419761657715,3.285698175430298,3.4495162963867188,3.465000629425049,3.365427255630493,3.1746037006378174,3.0692639350891113,2.6114344596862793,null,null,null,null,null,null,null,null,null,null,null,null,null,null,null,null,null,null,null,null,null,null,null
2.299147367477417,2.353769540786743,2.4485511779785156,2.5724918842315674,2.65824556350708,2.6967368125915527,2.7266101837158203,2.7430477142333984,2.7396397590637207,2.7176127433776855,2.6745686531066895,2.620351552963257,2.570600986480713,2.537306547164917,2.5386600494384766,2.574265956878662,2.785379648208618,3.129065990447998,3.366968870162964,3.449519634246826,3.4240610599517822,3.258080005645752,3.143692970275879,2.607468366622925,null,null,null,null,null,null,null,null,null,null,null,null,null,null,null,null,null,null,null,null,null,null,null
2.1505327224731445,2.2033963203430176,2.2804763317108154,2.3648929595947266,2.4300894737243652,2.46103835105896,2.4824624061584473,2.490110397338867,2.475789785385132,2.4421396255493164,2.3351218700408936,2.1785058975219727,2.0330655574798584,1.9318926334381104,1.9453436136245728,2.0695388317108154,2.4058802127838135,2.8863766193389893,3.2270889282226562,3.4003264904022217,3.4756486415863037,3.236572265625,3.1702675819396973,2.6901049613952637,null,null,null,null,null,null,null,null,null,null,null,null,null,null,null,null,null,null,null,null,null,null,null
