earth/public/data/ocean/C53/ANN-sowaflep-depthz-0m-gfs-1.0.json
{"header": {"discipline": 0, "disciplineName": "Meteorological products", "gribEdition": 2, "gribLength": 131138.0, "center": 0, "centerName": "Kiel Climate Model", "subcenter": 0, "refTime": "1", "significanceOfRT": 1, "significanceOfRTName": "Start of forecast", "productStatus": 0, "productStatusName": "Operational products", "productType": 1, "productTypeName": "Forecast products", "productDefinitionTemplate": 0, "productDefinitionTemplateName": "Analysis/forecast at horizontal level/layer at a point in time", "parameterCategory": 2, "parameterCategoryName": "Momentum", "parameterNumber": 2, "parameterNumberName": "U-component_of_wind", "parameterUnit": "kg/m2/s", "genProcessType": 2, "genProcessTypeName": "Forecast", "forecastTime": 0, "surface1Type": 103, "surface1TypeName": "Specified height level above ground", "surface1Value": 10, "surface2Type": 255, "surface2TypeName": "Missing", "surface2Value": 0, "gridDefinitionTemplate": 0, "gridDefinitionTemplateName": "Latitude_Longitude", "numberPoints": 65160, "shape": 6, "shapeName": "Earth spherical with radius of 6,371,229.0 m", "gridUnits": "degrees", "resolution": 48, "winds": "true", "scanMode": 0, "nx": 360.0, "ny": 180.0, "basicAngle": 0, "subDivisions": 0, "lo1": 0.0, "la1": -89.5, "lo2": 359.0, "la2": 89.5, "dx": 1.0, "dy": -1.0}, "data":
[rows 42 to 62 of 180, columns 141 to 187 of 360]
-2.2202706336975098,-2.1580851078033447,-2.1013073921203613,-2.0488288402557373,-2.010162115097046,-1.9713475704193115,-1.9394266605377197,-1.9179997444152832,-1.9109501838684082,-1.9178872108459473,-1.9375430345535278,-1.9557408094406128,-1.9691627025604248,-1.9767146110534668,-1.9770087003707886,-1.9730110168457031,-1.9654340744018555,-1.9554740190505981,-1.944930076599121,-1.9399996995925903,-1.9415757656097412,-1.949065923690796,-1.9611107110977173,-1.9800870418548584,-2.0025460720062256,-2.0244569778442383,-2.0418412685394287,-2.048436164855957,-2.0430426597595215,-2.027479410171509,-2.004559278488159,-1.9717891216278076,-1.9351004362106323,-1.8986153602600098,-1.8689429759979248,-1.8422479629516602,-1.8233685493469238,-1.8099809885025024,-1.804511547088623,-1.7980468273162842,-1.7917649745941162,-1.7856982946395874,-1.7809574604034424,-1.7775218486785889,-1.7760200500488281,-1.7751935720443726,-1.779575228691101
-1.8645864725112915,-1.820604681968689,-1.7906824350357056,-1.7581381797790527,-1.7300328016281128,-1.7021899223327637,-1.680301547050476,-1.667482852935791,-1.6665582656860352,-1.677966594696045,-1.6998900175094604,-1.7244312763214111,-1.7474921941757202,-1.7653050422668457,-1.775219440460205,-1.7810543775558472,-1.7823128700256348,-1.7805273532867432,-1.776491403579712,-1.7742232084274292,-1.7742878198623657,-1.780055046081543,-1.790377140045166,-1.8082866668701172,-1.8304660320281982,-1.8487852811813354,-1.8597078323364258,-1.866222620010376,-1.867140531539917,-1.863000750541687,-1.8552112579345703,-1.8407557010650635,-1.823312759399414,-1.8036850690841675,-1.7864083051681519,-1.7703615427017212,-1.759073257446289,-1.7512643337249756,-1.7486746311187744,-1.7404885292053223,-1.7280957698822021,-1.7168642282485962,-1.708539605140686,-1.70260488986969,-1.6999956369400024,-1.69857919216156,-1.7040952444076538
-1.6126607656478882,-1.584460735321045,-1.56822669506073,-1.5470716953277588,-1.5242600440979004,-1.5022188425064087,-1.484706163406372,-1.4759836196899414,-1.4775103330612183,-1.490822672843933,-1.5134682655334473,-1.5416303873062134,-1.5700039863586426,-1.5951306819915771,-1.611922264099121,-1.6262638568878174,-1.634822964668274,-1.6410831212997437,-1.643155813217163,-1.6453256607055664,-1.6466782093048096,-1.652866244316101,-1.6626018285751343,-1.6790231466293335,-1.6993087530136108,-1.714501976966858,-1.7221078872680664,-1.7277660369873047,-1.7305728197097778,-1.7309913635253906,-1.7289103269577026,-1.7227944135665894,-1.7135425806045532,-1.703711986541748,-1.6945723295211792,-1.6875026226043701,-1.6830388307571411,-1.6822786331176758,-1.6846121549606323,-1.679953932762146,-1.6685173511505127,-1.658149003982544,-1.6503069400787354,-1.6447317600250244,-1.6422392129898071,-1.6408928632736206,-1.6463696956634521
-1.25966215133667,-1.2551867961883545,-1.2529349327087402,-1.2420611381530762,-1.2245370149612427,-1.2069894075393677,-1.1925936937332153,-1.1862316131591797,-1.1890404224395752,-1.2030316591262817,-1.2256439924240112,-1.2570977210998535,-1.2916676998138428,-1.3259119987487793,-1.3536083698272705,-1.380682349205017,-1.4022148847579956,-1.421671986579895,-1.4355167150497437,-1.4468690156936646,-1.4536596536636353,-1.4627788066864014,-1.4725581407546997,-1.4861739873886108,-1.5011378526687622,-1.5117223262786865,-1.5159876346588135,-1.5195302963256836,-1.5216929912567139,-1.5227805376052856,-1.5225881338119507,-1.5202288627624512,-1.5161305665969849,-1.5153499841690063,-1.5180373191833496,-1.5240532159805298,-1.53231942653656,-1.5446304082870483,-1.5587618350982666,-1.5652530193328857,-1.5629228353500366,-1.560164213180542,-1.5574644804000854,-1.5554566383361816,-1.5544925928115845,-1.553965449333191,-1.5581715106964111
-0.9041376113891602,-0.9233993291854858,-0.9351313710212708,-0.9345625638961792,-0.9223839044570923,-0.9093961119651794,-0.8982253670692444,-0.8943090438842773,-0.8985055088996887,-0.9132528305053711,-0.9359192252159119,-0.9706913232803345,-1.0114376544952393,-1.0547820329666138,-1.093359112739563,-1.1331485509872437,-1.1676371097564697,-1.2002878189086914,-1.225913643836975,-1.2464721202850342,-1.258750557899475,-1.2708474397659302,-1.2807363271713257,-1.2916041612625122,-1.301323652267456,-1.307367205619812,-1.308383584022522,-1.309869647026062,-1.3114430904388428,-1.3132307529449463,-1.3149499893188477,-1.3163527250289917,-1.317397952079773,-1.3256299495697021,-1.3400607109069824,-1.3590940237045288,-1.3800030946731567,-1.4053231477737427,-1.4311844110488892,-1.4488276243209839,-1.455678939819336,-1.4605920314788818,-1.4631150960922241,-1.4647310972213745,-1.4653571844100952,-1.4656739234924316,-1.468595266342163
-0.6449933052062988,-0.6760785579681396,-0.6945754289627075,-0.7006768584251404,-0.6928503513336182,-0.6855052709579468,-0.6793867945671082,-0.6809462904930115,-0.6892168521881104,-0.7080962061882019,-0.7335752248764038,-0.77137690782547,-0.8143600225448608,-0.8613894581794739,-0.9038715958595276,-0.9489226341247559,-0.9882753491401672,-1.0269150733947754,-1.057658314704895,-1.0834181308746338,-1.0992480516433716,-1.1146615743637085,-1.1265268325805664,-1.1387919187545776,-1.1488639116287231,-1.1558698415756226,-1.1581376791000366,-1.1614388227462769,-1.1647861003875732,-1.1689622402191162,-1.1728885173797607,-1.1771959066390991,-1.180875301361084,-1.1922242641448975,-1.2092158794403076,-1.2313121557235718,-1.254765272140503,-1.283138632774353,-1.31154465675354,-1.334014892578125,-1.3463664054870605,-1.3571460247039795,-1.3639461994171143,-1.3695933818817139,-1.3726606369018555,-1.374442219734192,-1.3762309551239014
-0.27510860562324524,-0.3135060966014862,-0.3381926417350769,-0.3519936203956604,-0.35236141085624695,-0.35590410232543945,-0.3619018793106079,-0.3756084740161896,-0.3945138156414032,-0.4231855273246765,-0.4564642906188965,-0.4983612596988678,-0.5413534641265869,-0.5884726047515869,-0.631252110004425,-0.6770169138908386,-0.7175410985946655,-0.7585418224334717,-0.7926281094551086,-0.8226763606071472,-0.8432747721672058,-0.8641213178634644,-0.8814808130264282,-0.899915337562561,-0.9161063432693481,-0.9301624298095703,-0.9395212531089783,-0.9497966766357422,-0.9590954780578613,-0.9689375758171082,-0.9775269627571106,-0.9856373071670532,-0.9918203353881836,-1.0024787187576294,-1.015681505203247,-1.0332844257354736,-1.0520485639572144,-1.0758763551712036,-1.1004011631011963,-1.1245523691177368,-1.1439440250396729,-1.162190556526184,-1.1760369539260864,-1.1881479024887085,-1.1964088678359985,-1.2009284496307373,-1.2012215852737427
0.09431210905313492,0.048910077661275864,0.018152782693505287,-0.0035165247973054647,-0.012619419023394585,-0.02738332375884056,-0.045789871364831924,-0.07172273099422455,-0.10116825252771378,-0.13939577341079712,-0.17997761070728302,-0.22555333375930786,-0.2680099606513977,-0.3147762417793274,-0.35729146003723145,-0.40335237979888916,-0.4445655345916748,-0.48764660954475403,-0.5248570442199707,-0.5589669346809387,-0.5839858651161194,-0.6100223660469055,-0.6326166987419128,-0.6570747494697571,-0.6792793273925781,-0.7004154920578003,-0.7170451283454895,-0.7344051003456116,-0.7497509121894836,-0.7652879953384399,-0.7785175442695618,-0.7903154492378235,-0.7987363934516907,-0.8086735606193542,-0.8182766437530518,-0.8315554857254028,-0.8458645939826965,-0.8652991056442261,-0.8860888481140137,-0.9118977785110474,-0.9381255507469177,-0.963564395904541,-0.9839743971824646,-1.0021648406982422,-1.0151410102844238,-1.022207260131836,-1.0211504697799683
0.3392508625984192,0.2917117178440094,0.25783929228782654,0.22900962829589844,0.21108794212341309,0.1852547973394394,0.1572183221578598,0.12185326963663101,0.08631735295057297,0.043478887528181076,0.0013025187654420733,-0.04303627088665962,-0.08183681219816208,-0.12425712496042252,-0.16318514943122864,-0.20559169352054596,-0.244301438331604,-0.2862663269042969,-0.32411980628967285,-0.35902127623558044,-0.38471654057502747,-0.4121975898742676,-0.4365231394767761,-0.46391698718070984,-0.48928338289260864,-0.5157333016395569,-0.5380573272705078,-0.5614778995513916,-0.5812303423881531,-0.6010883450508118,-0.6171127557754517,-0.6304663419723511,-0.6386851668357849,-0.6478258371353149,-0.6563036441802979,-0.6680717468261719,-0.6809882521629333,-0.6987042427062988,-0.718022346496582,-0.7447967529296875,-0.7741051912307739,-0.8021203875541687,-0.8237434029579163,-0.8427026867866516,-0.8557471632957458,-0.8628544211387634,-0.8621852993965149
0.657196044921875,0.6109457612037659,0.574324369430542,0.5360735058784485,0.5029127597808838,0.46179357171058655,0.41981178522109985,0.3737943470478058,0.3317815065383911,0.28680258989334106,0.24689096212387085,0.208807110786438,0.1794901192188263,0.14684084057807922,0.1169169470667839,0.08287789672613144,0.05107124149799347,0.013477564789354801,-0.02302778884768486,-0.05629131197929382,-0.08026925474405289,-0.10678355395793915,-0.131012424826622,-0.15943606197834015,-0.18703722953796387,-0.21824848651885986,-0.24774108827114105,-0.27805331349372864,-0.30397993326187134,-0.3293006718158722,-0.3494604229927063,-0.364605575799942,-0.3718070685863495,-0.3810930848121643,-0.39054763317108154,-0.4035067856311798,-0.4174402356147766,-0.4360600709915161,-0.45578068494796753,-0.4834919273853302,-0.5141575932502747,-0.5414992570877075,-0.5606613755226135,-0.576497495174408,-0.5860784649848938,-0.5913764238357544,-0.5925447344779968
0.9722741842269897,0.9276093244552612,0.8888837695121765,0.8422461152076721,0.795787513256073,0.7410560846328735,0.6873722076416016,0.6321390867233276,0.5849980115890503,0.5385148525238037,0.5011098980903625,0.4692160189151764,0.4489782154560089,0.42556554079055786,0.403714120388031,0.37734454870224,0.35162755846977234,0.318228542804718,0.28344330191612244,0.25183606147766113,0.2292492389678955,0.20369715988636017,0.17987996339797974,0.15108945965766907,0.12259592860937119,0.08814588934183121,0.05394871532917023,0.018091663718223572,-0.013106067664921284,-0.0436755046248436,-0.068338543176651,-0.0860469862818718,-0.09379252046346664,-0.10422515869140625,-0.11559852957725525,-0.1305149793624878,-0.14643892645835876,-0.16684356331825256,-0.18819545209407806,-0.21683385968208313,-0.2476036548614502,-0.2737630605697632,-0.2904452383518219,-0.30337798595428467,-0.3100637197494507,-0.31377965211868286,-0.31656670570373535
1.1848794221878052,1.142533540725708,1.104017734527588,1.05512535572052,1.0046991109848022,0.9462885856628418,0.8904404640197754,0.8338842391967773,0.7867020964622498,0.7415482401847839,0.7063997387886047,0.6788565516471863,0.6636134386062622,0.645010232925415,0.6261798739433289,0.6028257012367249,0.5791133046150208,0.5481528043746948,0.5154272317886353,0.4851214587688446,0.46264415979385376,0.4377899467945099,0.41502633690834045,0.38851311802864075,0.362761527299881,0.3317606747150421,0.30057021975517273,0.26577243208885193,0.23333342373371124,0.19968628883361816,0.17113502323627472,0.14855307340621948,0.13657324016094208,0.1214367002248764,0.10645776242017746,0.08713926374912262,0.06748411059379578,0.042364466935396194,0.016885453835129738,-0.012404735200107098,-0.04013370722532272,-0.06345731765031815,-0.07845402508974075,-0.09007398784160614,-0.09625715017318726,-0.09967154264450073,-0.10282081365585327
1.4951053857803345,1.4576685428619385,1.4225140810012817,1.377023458480835,1.329076886177063,1.2753366231918335,1.2250617742538452,1.1743998527526855,1.1322044134140015,1.0918115377426147,1.0604643821716309,1.0366369485855103,1.024933099746704,1.0081225633621216,0.9896554946899414,0.9660623669624329,0.9418841004371643,0.9115495681762695,0.8808692097663879,0.849956214427948,0.8247938752174377,0.7983826994895935,0.7758978605270386,0.7520660161972046,0.73163902759552,0.707704484462738,0.6850818395614624,0.6552734375,0.6239050626754761,0.588153064250946,0.5543397068977356,0.5226744413375854,0.49888548254966736,0.4718628525733948,0.4468213617801666,0.4175301492214203,0.38951802253723145,0.35669565200805664,0.3247634172439575,0.2949530780315399,0.2726384401321411,0.25256937742233276,0.23875270783901215,0.22696952521800995,0.2195274382829666,0.21541230380535126,0.2126598060131073
1.8235729932785034,1.791548490524292,1.7610278129577637,1.7206584215164185,1.6782176494598389,1.6314010620117188,1.589306116104126,1.54611337184906,1.5102348327636719,1.47504723072052,1.4472821950912476,1.425974726676941,1.4150400161743164,1.3982905149459839,1.3786274194717407,1.3536903858184814,1.3278428316116333,1.2968363761901855,1.2661597728729248,1.2330434322357178,1.203247308731079,1.1736376285552979,1.1492761373519897,1.126283049583435,1.108729600906372,1.089803695678711,1.0730558633804321,1.0473302602767944,1.0174590349197388,0.9803851246833801,0.942841112613678,0.9022204279899597,0.8654107451438904,0.8251746892929077,0.7879639267921448,0.7478063106536865,0.7113096714019775,0.6719608306884766,0.6366435289382935,0.6065165996551514,0.5870570540428162,0.5686678886413574,0.5546537637710571,0.541980504989624,0.5328398942947388,0.5278481841087341,0.525540292263031
2.0867655277252197,2.0598394870758057,2.034038543701172,2.0010218620300293,1.9661154747009277,1.9290939569473267,1.8957897424697876,1.861423134803772,1.8314640522003174,1.8010989427566528,1.7754517793655396,1.75360906124115,1.7396647930145264,1.7194390296936035,1.6969919204711914,1.6687955856323242,1.640299916267395,1.6061476469039917,1.5728760957717896,1.534854769706726,1.4994784593582153,1.4641218185424805,1.4357624053955078,1.4096530675888062,1.3909037113189697,1.3715635538101196,1.3553208112716675,1.3308247327804565,1.3024977445602417,1.266021728515625,1.2279295921325684,1.180827260017395,1.1337628364562988,1.08087956905365,1.0328450202941895,0.9826892018318176,0.940352737903595,0.8984830379486084,0.8648041486740112,0.834852933883667,0.8140477538108826,0.7937203645706177,0.7778215408325195,0.762999951839447,0.7521634101867676,0.7461541891098022,0.7442784309387207
2.339280366897583,2.3169970512390137,2.2966983318328857,2.271122932434082,2.2455978393554688,2.218461751937866,2.195547580718994,2.1697463989257812,2.146528482437134,2.120530843734741,2.0968775749206543,2.0736892223358154,2.0550594329833984,2.030625343322754,2.0044467449188232,1.9726942777633667,1.9408175945281982,1.9030591249465942,1.86595618724823,1.822633147239685,1.780484914779663,1.7390882968902588,1.705420732498169,1.6753207445144653,1.6538983583450317,1.632665991783142,1.615312099456787,1.5911637544631958,1.5646430253982544,1.5292551517486572,1.4915331602096558,1.4391051530838013,1.3810194730758667,1.3165603876113892,1.2563955783843994,1.1972055435180664,1.1489307880401611,1.1058359146118164,1.075645089149475,1.045993685722351,1.022300124168396,0.9991688132286072,0.9805505275726318,0.963386058807373,0.9505831003189087,0.9435906410217285,0.9421122670173645
2.6322107315063477,2.6112470626831055,2.592658758163452,2.571268320083618,2.55100679397583,2.53006911277771,2.512221336364746,2.49110746383667,2.4706344604492188,2.4461517333984375,2.4222776889801025,2.395533800125122,2.371198892593384,2.339909315109253,2.3080098628997803,2.2695648670196533,2.232255220413208,2.1885104179382324,2.1468632221221924,2.097318649291992,2.0493452548980713,2.0008561611175537,1.9611929655075073,1.9240005016326904,1.8967527151107788,1.8700981140136719,1.8495322465896606,1.822708249092102,1.7949402332305908,1.7578624486923218,1.7185713052749634,1.661042332649231,1.5960239171981812,1.5233293771743774,1.4563711881637573,1.3913719654083252,1.340208649635315,1.297044277191162,1.2696261405944824,1.240012288093567,1.2136086225509644,1.186536431312561,1.164060354232788,1.1424651145935059,1.1261353492736816,1.1170268058776855,1.1163349151611328
3.049684524536133,3.024615526199341,3.0024964809417725,2.978989362716675,2.9585750102996826,2.936347723007202,2.916651487350464,2.892939567565918,2.869734048843384,2.8416366577148438,2.813856840133667,2.7793164253234863,2.744366407394409,2.70137095451355,2.6581709384918213,2.6080899238586426,2.560154438018799,2.5067968368530273,2.457630157470703,2.40061616897583,2.3460237979888916,2.288902997970581,2.239546060562134,2.1898698806762695,2.148899555206299,2.1098623275756836,2.0799996852874756,2.044255256652832,2.0093142986297607,1.9656012058258057,1.921122670173645,1.859527826309204,1.7918620109558105,1.7176570892333984,1.6501123905181885,1.5855623483657837,1.5355180501937866,1.4945532083511353,1.4700517654418945,1.440035343170166,1.40996515750885,1.3767436742782593,1.3464304208755493,1.3159523010253906,1.290974497795105,1.2771856784820557,1.2764323949813843
3.4534215927124023,3.424117088317871,3.3980579376220703,3.37152099609375,3.349081516265869,3.3242297172546387,3.3012218475341797,3.273983955383301,3.2471892833709717,3.215033531188965,3.1830949783325195,3.1404457092285156,3.094352960586548,3.039546489715576,2.9853110313415527,2.923940420150757,2.865981340408325,2.8033978939056396,2.7470779418945312,2.6830201148986816,2.622507333755493,2.557166814804077,2.4984467029571533,2.436316728591919,2.3813676834106445,2.3293144702911377,2.288827419281006,2.2433431148529053,2.200507879257202,2.1499009132385254,2.1003098487854004,2.0353264808654785,1.9666316509246826,1.8922028541564941,1.8256698846817017,1.7625590562820435,1.7145111560821533,1.6760292053222656,1.6542751789093018,1.6238410472869873,1.5902352333068848,1.5507797002792358,1.512286901473999,1.4723820686340332,1.4377384185791016,1.4188624620437622,1.417032241821289
3.6900718212127686,3.657463312149048,3.6280407905578613,3.595874309539795,3.567415475845337,3.535560131072998,3.5068984031677246,3.4736766815185547,3.4425625801086426,3.4058780670166016,3.370710849761963,3.320906639099121,3.2661173343658447,3.2022552490234375,3.1416239738464355,3.0735292434692383,3.010759115219116,2.943084478378296,2.8830902576446533,2.8155598640441895,2.7529337406158447,2.6831862926483154,2.619234561920166,2.548180103302002,2.4835896492004395,2.419502019882202,2.3685994148254395,2.3127341270446777,2.2630131244659424,2.206475257873535,2.1538851261138916,2.089092493057251,2.0237138271331787,1.9539724588394165,1.8919349908828735,1.8335673809051514,1.7889293432235718,1.7533481121063232,1.7330186367034912,1.7022395133972168,1.6666343212127686,1.6222429275512695,1.577523112297058,1.5284857749938965,1.4848486185073853,1.4605765342712402,1.4536782503128052
3.8705544471740723,3.8352088928222656,3.801959753036499,3.763159990310669,3.7252612113952637,3.684623956680298,3.647838830947876,3.607717752456665,3.5709283351898193,3.5296480655670166,3.490964889526367,3.434596300125122,3.3701939582824707,3.298719882965088,3.2324771881103516,3.1599063873291016,3.0937952995300293,3.023038387298584,2.9602205753326416,2.8909058570861816,2.8275349140167236,2.7551937103271484,2.6867995262145996,2.6086275577545166,2.534243583679199,2.458827495574951,2.395061492919922,2.3287508487701416,2.2710022926330566,2.2091307640075684,2.1539008617401123,2.0909080505371094,2.0317697525024414,1.9687739610671997,1.9139879941940308,1.8616979122161865,1.8219636678695679,1.789399266242981,1.7702000141143799,1.739121437072754,1.7017872333526611,1.6531450748443604,1.6016526222229004,1.5437965393066406,1.489294171333313,1.4595896005630493,1.4458692073822021
