earth/public/data/atmosphere/W07/ANN-wind-isobaric-10hPa-gfs-1.0.json
{"header": {"discipline": 0, "disciplineName": "Meteorological products", "gribEdition": 2, "gribLength": 17922.0, "center": 0, "centerName": "Kiel Climate Model", "subcenter": 0, "refTime": "1", "significanceOfRT": 1, "significanceOfRTName": "Start of forecast", "productStatus": 0, "productStatusName": "Operational products", "productType": 1, "productTypeName": "Forecast products", "productDefinitionTemplate": 0, "productDefinitionTemplateName": "Analysis/forecast at horizontal level/layer at a point in time", "parameterCategory": 2, "parameterCategoryName": "Momentum", "parameterNumber": 2, "parameterNumberName": "V-component_of_wind", "parameterUnit": "m/s", "genProcessType": 2, "genProcessTypeName": "Forecast", "forecastTime": 0, "surface1Type": 103, "surface1TypeName": "Specified height level above ground", "surface1Value": 10, "surface2Type": 255, "surface2TypeName": "Missing", "surface2Value": 0, "gridDefinitionTemplate": 0, "gridDefinitionTemplateName": "Latitude_Longitude", "numberPoints": 65160, "shape": 6, "shapeName": "Earth spherical with radius of 6,371,229.0 m", "gridUnits": "degrees", "resolution": 48, "winds": "true", "scanMode": 0, "nx": 128.0, "ny": 64.0, "basicAngle": 0, "subDivisions": 0, "lo1": 0.0, "la1": 87.86379883923263, "lo2": 357.1875, "la2": -87.86379883923263, "dx": 2.8125, "dy": 2.7893269472772264}, "data":
[rows 38 to 56 of 64, columns 84 to 125 of 128]
-0.6605216860771179,-0.5937989354133606,-0.5147108435630798,-0.43187597393989563,-0.355360209941864,-0.2883857488632202,-0.23075158894062042,-0.18006139993667603,-0.13255640864372253,-0.08712883293628693,-0.041506603360176086,0.010704186744987965,0.06981758773326874,0.1309569776058197,0.19629718363285065,0.26118314266204834,0.29890209436416626,0.29163268208503723,0.24917128682136536,0.16854740679264069,0.024318810552358627,-0.17450159788131714,-0.37694859504699707,-0.5528104901313782,-0.7028153538703918,-0.8129487037658691,-0.8603084087371826,-0.8521549105644226,-0.8140981197357178,-0.7572917342185974,-0.68293696641922,-0.5967832207679749,-0.5047827363014221,-0.40887176990509033,-0.3108869194984436,-0.2146436721086502,-0.12347157299518585,-0.03501055762171745,0.05658058822154999,0.1451128125190735,0.2086292952299118,0.23060911893844604
-0.6751846671104431,-0.6064154505729675,-0.5414149165153503,-0.4791264533996582,-0.41679200530052185,-0.35535967350006104,-0.298539400100708,-0.24986180663108826,-0.21113994717597961,-0.17468255758285522,-0.12062768638134003,-0.040975626558065414,0.04148537293076515,0.10404365509748459,0.15591827034950256,0.20898553729057312,0.2505556344985962,0.27427199482917786,0.28324562311172485,0.23749396204948425,0.07483282685279846,-0.18953154981136322,-0.46290111541748047,-0.6853919625282288,-0.8636927008628845,-1.0027788877487183,-1.0843769311904907,-1.1079670190811157,-1.0941251516342163,-1.0535343885421753,-0.9854953289031982,-0.895250678062439,-0.7946250438690186,-0.6930142045021057,-0.5931662917137146,-0.494074285030365,-0.39673566818237305,-0.30171191692352295,-0.2034507542848587,-0.10101082175970078,-0.011286388151347637,0.04315435513854027
-0.6400846838951111,-0.5741421580314636,-0.5169261693954468,-0.4601902365684509,-0.4012533128261566,-0.35014402866363525,-0.313448041677475,-0.28518980741500854,-0.2559354305267334,-0.2149224877357483,-0.14806416630744934,-0.056150611490011215,0.03474662825465202,0.1039651483297348,0.15772975981235504,0.20272478461265564,0.2360266000032425,0.27147895097732544,0.3132239580154419,0.29431331157684326,0.12456278502941132,-0.18361102044582367,-0.5152507424354553,-0.7838435769081116,-0.9885956048965454,-1.149741768836975,-1.2635780572891235,-1.3251017332077026,-1.3430354595184326,-1.3264576196670532,-1.2781333923339844,-1.1998274326324463,-1.0989322662353516,-0.9912121891975403,-0.8898170590400696,-0.7928904294967651,-0.6926789879798889,-0.589705765247345,-0.48675817251205444,-0.38225284218788147,-0.2817429006099701,-0.20330683887004852
-0.5636914372444153,-0.5017894506454468,-0.43842944502830505,-0.37661752104759216,-0.3243854343891144,-0.2900526225566864,-0.2694719433784485,-0.24898125231266022,-0.22111251950263977,-0.18439975380897522,-0.13179096579551697,-0.05591123178601265,0.038618773221969604,0.13870690762996674,0.22693388164043427,0.2821500897407532,0.3025626838207245,0.32042235136032104,0.3478395342826843,0.3182125985622406,0.14423267543315887,-0.1675652712583542,-0.5180210471153259,-0.823053777217865,-1.066895842552185,-1.2614045143127441,-1.4076306819915771,-1.5002847909927368,-1.5409284830093384,-1.5415071249008179,-1.516695499420166,-1.4689730405807495,-1.3916207551956177,-1.2911653518676758,-1.1877703666687012,-1.0899004936218262,-0.9900506138801575,-0.8854528069496155,-0.7815057635307312,-0.6789249181747437,-0.577593207359314,-0.48821258544921875
-0.43317505717277527,-0.3739137351512909,-0.3068642318248749,-0.24891065061092377,-0.20869304239749908,-0.18146798014640808,-0.15836584568023682,-0.1371108591556549,-0.12033776938915253,-0.10379838198423386,-0.07147173583507538,-0.006025718059390783,0.09683074802160263,0.22112494707107544,0.33309292793273926,0.4017879366874695,0.42911654710769653,0.443046510219574,0.44162410497665405,0.3674298822879791,0.16783742606639862,-0.1383623629808426,-0.4816473722457886,-0.805902898311615,-1.0874948501586914,-1.3170547485351562,-1.4911069869995117,-1.6098805665969849,-1.6739236116409302,-1.692664623260498,-1.6876226663589478,-1.6705012321472168,-1.6308492422103882,-1.5599321126937866,-1.4695147275924683,-1.3750859498977661,-1.2792704105377197,-1.1803879737854004,-1.0805045366287231,-0.9807974100112915,-0.8827161192893982,-0.7940107583999634
-0.23647090792655945,-0.18985289335250854,-0.13684271275997162,-0.09166540205478668,-0.055002350360155106,-0.020939307287335396,0.006344546563923359,0.01749473065137863,0.017496382817626,0.026440231129527092,0.060455527156591415,0.12250913679599762,0.2095266878604889,0.31399840116500854,0.42013823986053467,0.5152119398117065,0.6016408801078796,0.6733201146125793,0.6821864247322083,0.5633529424667358,0.30419450998306274,-0.03989014774560928,-0.4030840992927551,-0.7503044009208679,-1.060434103012085,-1.3123008012771606,-1.5012089014053345,-1.6396894454956055,-1.734163522720337,-1.783837914466858,-1.799992322921753,-1.8012319803237915,-1.791433572769165,-1.7612135410308838,-1.706935167312622,-1.6347349882125854,-1.5516636371612549,-1.4623759984970093,-1.3698298931121826,-1.275995135307312,-1.184664011001587,-1.102308750152588
0.017799537628889084,0.03968917950987816,0.06908775120973587,0.1025342047214508,0.14065182209014893,0.1767587959766388,0.19562307000160217,0.19455884397029877,0.19419950246810913,0.2142309844493866,0.2497972548007965,0.28851819038391113,0.33781811594963074,0.41510140895843506,0.5232589244842529,0.6571453809738159,0.8147531747817993,0.9653969407081604,1.0215816497802734,0.8934192657470703,0.5796168446540833,0.16967755556106567,-0.245580792427063,-0.6292369365692139,-0.9686527252197266,-1.2441585063934326,-1.4475090503692627,-1.5965920686721802,-1.7107601165771484,-1.79118812084198,-1.836100697517395,-1.8569245338439941,-1.8684635162353516,-1.8733139038085938,-1.8631378412246704,-1.8304988145828247,-1.7763514518737793,-1.707942247390747,-1.6320550441741943,-1.552984595298767,-1.4755065441131592,-1.404219150543213
0.3118377923965454,0.311464786529541,0.3216552734375,0.34190189838409424,0.3685859143733978,0.39007219672203064,0.39678624272346497,0.3972872197628021,0.40946975350379944,0.43275073170661926,0.4490770697593689,0.45963168144226074,0.49549219012260437,0.5763155221939087,0.6856268644332886,0.8098505139350891,0.9665076732635498,1.1475640535354614,1.256796956062317,1.1674113273620605,0.8527902364730835,0.4165952503681183,-0.016572581604123116,-0.39932382106781006,-0.7406205534934998,-1.038582444190979,-1.2728990316390991,-1.4410265684127808,-1.5650527477264404,-1.6641764640808105,-1.7408486604690552,-1.7942652702331543,-1.8324609994888306,-1.8652229309082031,-1.8922797441482544,-1.9049433469772339,-1.8975234031677246,-1.8718639612197876,-1.8321874141693115,-1.7824422121047974,-1.7288932800292969,-1.6778595447540283
0.63484787940979,0.6196568012237549,0.6130492687225342,0.6126077175140381,0.6157289743423462,0.6180393695831299,0.619164764881134,0.6259939670562744,0.6401731967926025,0.6490324139595032,0.6455945372581482,0.6525985598564148,0.7001427412033081,0.7775974273681641,0.8438063263893127,0.9007632732391357,1.0116244554519653,1.1991832256317139,1.3531757593154907,1.3041740655899048,1.0007693767547607,0.5669131875038147,0.16719195246696472,-0.14360029995441437,-0.41448402404785156,-0.6867867112159729,-0.9396011233329773,-1.1361223459243774,-1.2766848802566528,-1.388840675354004,-1.4891083240509033,-1.5748653411865234,-1.6441994905471802,-1.7052732706069946,-1.7651073932647705,-1.8209682703018188,-1.8663740158081055,-1.8976356983184814,-1.9122402667999268,-1.908826470375061,-1.892564058303833,-1.8738112449645996
0.97831791639328,0.9467936158180237,0.9195861220359802,0.8975276947021484,0.8823432922363281,0.8732807636260986,0.8690616488456726,0.8690595030784607,0.8689000010490417,0.8621896505355835,0.8546040654182434,0.8663045167922974,0.904083788394928,0.9405376315116882,0.9512401223182678,0.9742773771286011,1.0874923467636108,1.2911204099655151,1.4416029453277588,1.359697937965393,1.0157657861709595,0.5708224773406982,0.21704760193824768,0.005965935532003641,-0.14852550625801086,-0.33346956968307495,-0.5481575727462769,-0.7420307993888855,-0.8906131386756897,-1.0097038745880127,-1.1185731887817383,-1.2194433212280273,-1.3108400106430054,-1.3992420434951782,-1.490674614906311,-1.582476258277893,-1.66947603225708,-1.750455617904663,-1.8230152130126953,-1.8799976110458374,-1.9179803133010864,-1.944620966911316
1.327616810798645,1.277753233909607,1.2323763370513916,1.19764244556427,1.1739436388015747,1.1550266742706299,1.1356085538864136,1.1166244745254517,1.1009521484375,1.0885592699050903,1.079324722290039,1.074859619140625,1.071559190750122,1.0604687929153442,1.0492409467697144,1.0770121812820435,1.1767961978912354,1.3060725927352905,1.340136170387268,1.173593521118164,0.8357520699501038,0.48069533705711365,0.24918432533740997,0.15227483212947845,0.09659601002931595,0.00029357397579587996,-0.1405487358570099,-0.28600892424583435,-0.4134262204170227,-0.5287608504295349,-0.6402015089988708,-0.7466675043106079,-0.8500549793243408,-0.9597922563552856,-1.079659104347229,-1.2016931772232056,-1.3190114498138428,-1.4360082149505615,-1.5582726001739502,-1.6785625219345093,-1.7824653387069702,-1.866172194480896
1.6702425479888916,1.6089247465133667,1.5555839538574219,1.515764832496643,1.483638048171997,1.448823094367981,1.409514307975769,1.3749953508377075,1.352768898010254,1.3370983600616455,1.3141560554504395,1.2775216102600098,1.2334394454956055,1.1911311149597168,1.151365041732788,1.1037567853927612,1.029537320137024,0.9087473154067993,0.7383200526237488,0.5534448623657227,0.4215230345726013,0.3942563831806183,0.45680657029151917,0.5333554744720459,0.5514779686927795,0.49813058972358704,0.40970858931541443,0.31831029057502747,0.22314615547657013,0.11151988059282303,-0.01281642634421587,-0.13499651849269867,-0.25337234139442444,-0.382363498210907,-0.5305134654045105,-0.6881600618362427,-0.8425887823104858,-0.9961111545562744,-1.1598021984100342,-1.333038330078125,-1.4994951486587524,-1.6452066898345947
2.006263256072998,1.9427003860473633,1.8887022733688354,1.8443061113357544,1.800540804862976,1.750720500946045,1.7004643678665161,1.6616673469543457,1.6356587409973145,1.6068850755691528,1.5585671663284302,1.4931703805923462,1.4286140203475952,1.3669488430023193,1.268690586090088,1.0700993537902832,0.7421717047691345,0.3441387116909027,0.018288780003786087,-0.08617305010557175,0.08739364147186279,0.45579954981803894,0.8446782827377319,1.1012790203094482,1.1829516887664795,1.1520216464996338,1.0933243036270142,1.0392953157424927,0.9676738381385803,0.8542238473892212,0.7095625996589661,0.5628216862678528,0.4236946105957031,0.27453598380088806,0.09770707786083221,-0.10144911706447601,-0.3039877414703369,-0.5016424059867859,-0.7027083039283752,-0.9149571657180786,-1.131311058998108,-1.3364676237106323
2.340162515640259,2.2809700965881348,2.228783369064331,2.17917537689209,2.1257524490356445,2.069441318511963,2.01957368850708,1.9824849367141724,1.9491974115371704,1.900011658668518,1.8260202407836914,1.7431960105895996,1.6750544309616089,1.6120368242263794,1.491028904914856,1.232112169265747,0.8182333111763,0.3513995110988617,0.022460823878645897,-0.0018841164419427514,0.3051113486289978,0.8047599792480469,1.2832764387130737,1.5878182649612427,1.701629877090454,1.7084338665008545,1.6937074661254883,1.6772421598434448,1.6265162229537964,1.5160729885101318,1.3617064952850342,1.1995686292648315,1.0448254346847534,0.8803309798240662,0.6830552816390991,0.4526689052581787,0.20996274054050446,-0.02751951850950718,-0.2613796591758728,-0.5038166642189026,-0.7588273286819458,-1.015620470046997
2.6672191619873047,2.6189448833465576,2.572012186050415,2.520143747329712,2.461895704269409,2.4046812057495117,2.3589088916778564,2.3254456520080566,2.2896852493286133,2.232224225997925,2.1492788791656494,2.06097149848938,1.992386817932129,1.9395471811294556,1.855247974395752,1.6798096895217896,1.4007978439331055,1.0910301208496094,0.8820883631706238,0.8825176358222961,1.1014997959136963,1.4405536651611328,1.7614779472351074,1.97502601146698,2.079900026321411,2.1287903785705566,2.1628804206848145,2.176861047744751,2.138803482055664,2.0337178707122803,1.8820374011993408,1.7179607152938843,1.5558593273162842,1.3812966346740723,1.1727510690689087,0.9269660711288452,0.661770224571228,0.3968265652656555,0.1357295960187912,-0.13234002888202667,-0.4162845313549042,-0.710580587387085
2.9743239879608154,2.942685842514038,2.906209707260132,2.8582746982574463,2.801002264022827,2.745727062225342,2.704453706741333,2.678356647491455,2.6539504528045654,2.6126327514648438,2.546837568283081,2.468017339706421,2.3969151973724365,2.3431503772735596,2.2935056686401367,2.2228951454162598,2.121452808380127,2.0134940147399902,1.9482704401016235,1.9666180610656738,2.070286750793457,2.2204439640045166,2.366166830062866,2.4777331352233887,2.556483030319214,2.6162643432617188,2.6580655574798584,2.663649082183838,2.612534284591675,2.5032615661621094,2.356177568435669,2.195371627807617,2.0282695293426514,1.8426774740219116,1.62251615524292,1.3654171228408813,1.0852948427200317,0.7994281053543091,0.5143532156944275,0.2240908294916153,-0.07929082959890366,-0.39441096782684326
3.2447197437286377,3.2332730293273926,3.213388442993164,3.178997278213501,3.1329782009124756,3.086771011352539,3.053102970123291,3.036515474319458,3.02921462059021,3.0159740447998047,2.9848034381866455,2.9353103637695312,2.8784193992614746,2.828143835067749,2.7929117679595947,2.773343801498413,2.7672929763793945,2.775773525238037,2.803353786468506,2.852691173553467,2.9191176891326904,2.9914181232452393,3.0583014488220215,3.1140353679656982,3.1575214862823486,3.1858155727386475,3.189751386642456,3.1571712493896484,3.0816550254821777,2.968236207962036,2.8296732902526855,2.6758968830108643,2.505919933319092,2.3095383644104004,2.0774054527282715,1.8102810382843018,1.519412875175476,1.2185430526733398,0.9148438572883606,0.6067389845848083,0.2894141972064972,-0.037597354501485825
3.4591050148010254,3.4716756343841553,3.476151466369629,3.4675652980804443,3.447056770324707,3.422250747680664,3.403144359588623,3.396174430847168,3.4003961086273193,3.4083635807037354,3.4111733436584473,3.404109477996826,3.3894951343536377,3.3752341270446777,3.370499849319458,3.3815886974334717,3.4100143909454346,3.452763557434082,3.5039901733398438,3.556727409362793,3.604508638381958,3.6428394317626953,3.669743299484253,3.6850249767303467,3.6881988048553467,3.676762104034424,3.6462273597717285,3.5922913551330566,3.5133934020996094,3.411048412322998,3.287374973297119,3.141789436340332,2.9698309898376465,2.7658603191375732,2.527618169784546,2.259044647216797,1.9689700603485107,1.6663832664489746,1.356029987335205,1.037656307220459,0.7090667486190796,0.3705299496650696
3.6075990200042725,3.648104190826416,3.683157444000244,3.709303855895996,3.7255914211273193,3.734645128250122,3.74155855178833,3.7515125274658203,3.7674450874328613,3.7892723083496094,3.814836025238037,3.8418123722076416,3.8693079948425293,3.8981118202209473,3.929793357849121,3.965083360671997,4.002874851226807,4.040144443511963,4.072923183441162,4.097736835479736,4.112880229949951,4.118783950805664,4.11746883392334,4.111100673675537,4.100429534912109,4.083902359008789,4.057642936706543,4.016452312469482,3.954885721206665,3.868117570877075,3.752194881439209,3.6042683124542236,3.4230434894561768,3.2096333503723145,2.9678356647491455,2.703448534011841,2.4223854541778564,2.128502607345581,1.822543978691101,1.5030704736709595,1.1689077615737915,0.8217082023620605
