earth/public/data/atmosphere/W07/ANN-temp-isobaric-100hPa-gfs-1.0.json
{"header": {"discipline": 0, "disciplineName": "Meteorological products", "gribEdition": 2, "gribLength": 17922.0, "center": 0, "centerName": "Kiel Climate Model", "subcenter": 0, "refTime": "1", "significanceOfRT": 1, "significanceOfRTName": "Start of forecast", "productStatus": 0, "productStatusName": "Operational products", "productType": 1, "productTypeName": "Forecast products", "productDefinitionTemplate": 0, "productDefinitionTemplateName": "Analysis/forecast at horizontal level/layer at a point in time", "parameterCategory": 2, "parameterCategoryName": "Momentum", "parameterNumber": 2, "parameterNumberName": "U-component_of_wind", "parameterUnit": "K", "genProcessType": 2, "genProcessTypeName": "Forecast", "forecastTime": 0, "surface1Type": 103, "surface1TypeName": "Specified height level above ground", "surface1Value": 10, "surface2Type": 255, "surface2TypeName": "Missing", "surface2Value": 0, "gridDefinitionTemplate": 0, "gridDefinitionTemplateName": "Latitude_Longitude", "numberPoints": 65160, "shape": 6, "shapeName": "Earth spherical with radius of 6,371,229.0 m", "gridUnits": "degrees", "resolution": 48, "winds": "true", "scanMode": 0, "nx": 128.0, "ny": 64.0, "basicAngle": 0, "subDivisions": 0, "lo1": 0.0, "la1": 87.86379883923263, "lo2": 357.1875, "la2": -87.86379883923263, "dx": 2.8125, "dy": 2.7893269472772264}, "data":
[rows 19 to 37 of 64, columns 0 to 43 of 128]
206.01536560058594,206.1766815185547,206.35122680664062,206.51036071777344,206.63796997070312,206.7327117919922,206.77862548828125,206.7432861328125,206.62716674804688,206.46983337402344,206.2859344482422,206.0541534423828,205.7843475341797,205.52452087402344,205.291015625,205.06227111816406,204.84109497070312,204.6597137451172,204.53330993652344,204.45443725585938,204.41152954101562,204.38519287109375,204.35772705078125,204.33384704589844,204.3124542236328,204.24798583984375,204.09840393066406,203.90855407714844,203.78204345703125,203.7526092529297,203.7346649169922,203.63427734375,203.47161865234375,203.34983825683594,203.3253631591797,203.354736328125,203.36441040039062,203.3428497314453,203.3550567626953,203.46241760253906,203.63656616210938,203.79078674316406,203.89112854003906,203.9669952392578
204.37954711914062,204.51556396484375,204.63795471191406,204.7410888671875,204.80691528320312,204.828857421875,204.8102264404297,204.73263549804688,204.58538818359375,204.4022674560547,204.2100830078125,203.98843383789062,203.729248046875,203.4717254638672,203.24600219726562,203.04576110839844,202.86093139648438,202.68508911132812,202.51344299316406,202.36790466308594,202.2807159423828,202.24038696289062,202.2060089111328,202.16453552246094,202.12144470214844,202.05709838867188,201.93954467773438,201.76869201660156,201.5851287841797,201.4307098388672,201.2999267578125,201.1551513671875,201.00186157226562,200.8955535888672,200.85009765625,200.806396484375,200.72256469726562,200.64376831054688,200.65782165527344,200.79530334472656,200.9764404296875,201.08436584472656,201.09983825683594,201.0960235595703
202.5474395751953,202.6266632080078,202.67416381835938,202.71340942382812,202.71990966796875,202.67678833007812,202.61155700683594,202.5250701904297,202.38357543945312,202.19422912597656,201.991943359375,201.77651977539062,201.54022216796875,201.30690002441406,201.0996551513672,200.92459106445312,200.78233337402344,200.64894104003906,200.491943359375,200.33062744140625,200.21397399902344,200.14720153808594,200.1038055419922,200.06488037109375,200.00682067871094,199.9171905517578,199.81756591796875,199.70449829101562,199.53074645996094,199.29690551757812,199.06427001953125,198.86412048339844,198.69886779785156,198.583740234375,198.48944091796875,198.3441619873047,198.16749572753906,198.08392333984375,198.1622314453125,198.33453369140625,198.47158813476562,198.49197387695312,198.42837524414062,198.37680053710938
200.6055145263672,200.60968017578125,200.5855255126953,200.5772705078125,200.5565643310547,200.48973083496094,200.4055938720703,200.31712341308594,200.18922424316406,200.01904296875,199.83990478515625,199.6596221923828,199.4747314453125,199.29278564453125,199.11021423339844,198.93563842773438,198.8050994873047,198.71316528320312,198.6105194091797,198.49436950683594,198.39633178710938,198.31472778320312,198.2505645751953,198.213134765625,198.14926147460938,198.01458740234375,197.8756866455078,197.7804412841797,197.65478515625,197.4619903564453,197.2719268798828,197.1110382080078,196.95343017578125,196.8140869140625,196.66839599609375,196.43548583984375,196.17218017578125,196.0615997314453,196.143310546875,196.26792907714844,196.308349609375,196.25636291503906,196.17237854003906,196.1233673095703
198.71231079101562,198.67587280273438,198.62066650390625,198.58473205566406,198.55047607421875,198.48074340820312,198.38540649414062,198.28224182128906,198.1682586669922,198.0544891357422,197.9476318359375,197.8268585205078,197.69259643554688,197.56124877929688,197.41148376464844,197.24183654785156,197.11631774902344,197.053466796875,196.994384765625,196.9282684326172,196.88308715820312,196.82754516601562,196.74935913085938,196.69996643066406,196.6494903564453,196.5106964111328,196.3238067626953,196.17547607421875,196.03875732421875,195.8953399658203,195.80020141601562,195.72113037109375,195.58096313476562,195.41729736328125,195.25576782226562,195.0221405029297,194.75772094726562,194.6298828125,194.64793395996094,194.66094970703125,194.60525512695312,194.52572631835938,194.45767211914062,194.42108154296875
197.07037353515625,197.02694702148438,196.966552734375,196.90570068359375,196.85137939453125,196.7827911376953,196.68954467773438,196.58453369140625,196.4950408935547,196.4450225830078,196.41110229492188,196.3394012451172,196.23348999023438,196.1325225830078,196.01414489746094,195.85824584960938,195.7382049560547,195.69561767578125,195.66119384765625,195.61558532714844,195.61520385742188,195.6214599609375,195.5612335205078,195.48658752441406,195.43841552734375,195.3350372314453,195.15110778808594,194.96218872070312,194.79225158691406,194.64544677734375,194.55943298339844,194.4857177734375,194.33929443359375,194.16259765625,194.01148986816406,193.8392333984375,193.65579223632812,193.54840087890625,193.49697875976562,193.42115783691406,193.33242797851562,193.26303100585938,193.19894409179688,193.15472412109375
195.77777099609375,195.7159881591797,195.6418914794922,195.5638427734375,195.50205993652344,195.44471740722656,195.36920166015625,195.2811737060547,195.2109375,195.18455505371094,195.18753051757812,195.16574096679688,195.09864807128906,195.02008056640625,194.92510986328125,194.77938842773438,194.64443969726562,194.6041717529297,194.6031494140625,194.57398986816406,194.5787811279297,194.62844848632812,194.6143035888672,194.53050231933594,194.46131896972656,194.37440490722656,194.21023559570312,194.02943420410156,193.88650512695312,193.75743103027344,193.63197326660156,193.5072784423828,193.3610382080078,193.20310974121094,193.049072265625,192.89051818847656,192.74774169921875,192.6364288330078,192.52392578125,192.4175262451172,192.35748291015625,192.3063201904297,192.22354125976562,192.16812133789062
194.79347229003906,194.69741821289062,194.60400390625,194.5318603515625,194.49057006835938,194.45413208007812,194.39352416992188,194.3175048828125,194.24903869628906,194.21231079101562,194.2327880859375,194.27146911621094,194.24241638183594,194.15814208984375,194.0885772705078,194.00196838378906,193.8779754638672,193.82308959960938,193.85528564453125,193.85467529296875,193.82530212402344,193.85165405273438,193.8713836669922,193.81610107421875,193.74667358398438,193.6621856689453,193.49349975585938,193.30381774902344,193.19166564941406,193.10699462890625,192.97000122070312,192.8104248046875,192.6803741455078,192.55531311035156,192.386474609375,192.1979522705078,192.04949951171875,191.92404174804688,191.78591918945312,191.6883544921875,191.65159606933594,191.5825958251953,191.4632568359375,191.3974609375
194.07823181152344,193.96263122558594,193.86181640625,193.80104064941406,193.7840118408203,193.77566528320312,193.73353576660156,193.66708374023438,193.60430908203125,193.5678253173828,193.6047821044922,193.67718505859375,193.63067626953125,193.4791259765625,193.42979431152344,193.48141479492188,193.45347595214844,193.3900909423828,193.41836547851562,193.43978881835938,193.3793487548828,193.34536743164062,193.3510284423828,193.3123016357422,193.25587463378906,193.1909637451172,193.03318786621094,192.82040405273438,192.68411254882812,192.60751342773438,192.4839324951172,192.3198699951172,192.18475341796875,192.06057739257812,191.8905029296875,191.71099853515625,191.58828735351562,191.48736572265625,191.3660888671875,191.27276611328125,191.20486450195312,191.083984375,190.93896484375,190.86129760742188
193.64352416992188,193.5371551513672,193.44215393066406,193.3682861328125,193.34390258789062,193.36322021484375,193.35800170898438,193.311767578125,193.26895141601562,193.255126953125,193.30361938476562,193.37709045410156,193.30239868164062,193.0920867919922,193.04293823242188,193.20936584472656,193.3026885986328,193.25941467285156,193.26220703125,193.29225158691406,193.24501037597656,193.18783569335938,193.15476989746094,193.08055114746094,192.99356079101562,192.9293670654297,192.8140411376953,192.6336669921875,192.48020935058594,192.3790740966797,192.26943969726562,192.12481689453125,191.96995544433594,191.81219482421875,191.64076232910156,191.484130859375,191.37242126464844,191.26480102539062,191.1298065185547,191.0025177001953,190.87783813476562,190.728271484375,190.60897827148438,190.54466247558594
193.44033813476562,193.36346435546875,193.28890991210938,193.19195556640625,193.13133239746094,193.1603240966797,193.1949005126953,193.17091369628906,193.1407470703125,193.14071655273438,193.1813507080078,193.24746704101562,193.2147979736328,193.06268310546875,193.0257110595703,193.19100952148438,193.32679748535156,193.33209228515625,193.34121704101562,193.37545776367188,193.36509704589844,193.3343963623047,193.28932189941406,193.1877899169922,193.06341552734375,192.96206665039062,192.86231994628906,192.74546813964844,192.61920166015625,192.4930419921875,192.3768310546875,192.2528533935547,192.0889434814453,191.8920440673828,191.69334411621094,191.5154571533203,191.3560333251953,191.18121337890625,190.9890899658203,190.81997680664062,190.6630859375,190.50656127929688,190.4153289794922,190.37997436523438
193.32949829101562,193.28553771972656,193.25161743164062,193.16708374023438,193.08438110351562,193.106201171875,193.16790771484375,193.1630096435547,193.122802734375,193.10049438476562,193.10452270507812,193.14154052734375,193.16746520996094,193.1529083251953,193.18504333496094,193.30081176757812,193.4016876220703,193.45127868652344,193.49757385253906,193.53456115722656,193.5465850830078,193.54605102539062,193.51138305664062,193.43289184570312,193.33612060546875,193.22006225585938,193.0990753173828,193.00942993164062,192.9172821044922,192.783447265625,192.64840698242188,192.52212524414062,192.3488006591797,192.12010192871094,191.88372802734375,191.67698669433594,191.49327087402344,191.2883758544922,191.06790161132812,190.88839721679688,190.72091674804688,190.51785278320312,190.36558532714844,190.31454467773438
193.2252197265625,193.2051544189453,193.2160186767578,193.17703247070312,193.1036376953125,193.1123809814453,193.18600463867188,193.20291137695312,193.14488220214844,193.07980346679688,193.04574584960938,193.04043579101562,193.0604705810547,193.1317596435547,193.26025390625,193.3737030029297,193.42904663085938,193.4811248779297,193.54788208007812,193.5902099609375,193.62054443359375,193.63943481445312,193.6023712158203,193.53851318359375,193.48915100097656,193.40530395507812,193.28465270996094,193.1966552734375,193.12335205078125,193.0123748779297,192.88720703125,192.7535858154297,192.568359375,192.32887268066406,192.077392578125,191.86624145507812,191.7035369873047,191.51773071289062,191.29136657714844,191.1042022705078,190.92904663085938,190.6715545654297,190.42271423339844,190.31419372558594
193.18988037109375,193.18251037597656,193.2051544189453,193.18663024902344,193.12002563476562,193.0995635986328,193.1543731689453,193.19239807128906,193.14524841308594,193.064697265625,193.0279998779297,193.0196533203125,193.01609802246094,193.09307861328125,193.26748657226562,193.39773559570312,193.4226531982422,193.44642639160156,193.50552368164062,193.55323791503906,193.60223388671875,193.63819885253906,193.5975799560547,193.51919555664062,193.46963500976562,193.41104125976562,193.31871032714844,193.23057556152344,193.14535522460938,193.04812622070312,192.94320678710938,192.80386352539062,192.61404418945312,192.3947296142578,192.156494140625,191.93637084960938,191.76812744140625,191.579833984375,191.33087158203125,191.1183624267578,190.9530029296875,190.72752380371094,190.48497009277344,190.35208129882812
193.3089141845703,193.2967071533203,193.28616333007812,193.24624633789062,193.1720733642578,193.10366821289062,193.09628295898438,193.13937377929688,193.14859008789062,193.10440063476562,193.0839385986328,193.10101318359375,193.11776733398438,193.19009399414062,193.34268188476562,193.44790649414062,193.45095825195312,193.45677185058594,193.50209045410156,193.53790283203125,193.5716094970703,193.599365234375,193.57208251953125,193.50503540039062,193.44033813476562,193.3697509765625,193.28570556640625,193.18411254882812,193.05264282226562,192.91868591308594,192.79209899902344,192.6256103515625,192.42518615722656,192.2300262451172,192.01235961914062,191.7772216796875,191.58554077148438,191.39944458007812,191.16322326660156,190.9542236328125,190.8209228515625,190.6908416748047,190.54946899414062,190.44847106933594
193.55233764648438,193.50994873046875,193.45989990234375,193.4091033935547,193.3407745361328,193.22848510742188,193.13768005371094,193.15536499023438,193.22415161132812,193.2401885986328,193.22959899902344,193.25318908691406,193.3068084716797,193.39755249023438,193.51373291015625,193.57347106933594,193.56300354003906,193.56210327148438,193.58482360839844,193.5906524658203,193.58364868164062,193.56948852539062,193.53819274902344,193.49752807617188,193.43565368652344,193.3389434814453,193.23373413085938,193.11509704589844,192.95286560058594,192.7806396484375,192.62033081054688,192.4285430908203,192.21615600585938,192.02593994140625,191.8231964111328,191.5985107421875,191.41958618164062,191.2812957763672,191.12376403808594,190.97300720214844,190.8745574951172,190.80419921875,190.73684692382812,190.67324829101562
193.87586975097656,193.79202270507812,193.7335968017578,193.7020721435547,193.64276123046875,193.50341796875,193.3623809814453,193.34625244140625,193.42578125,193.4788818359375,193.49134826660156,193.52386474609375,193.59649658203125,193.7007293701172,193.8012237548828,193.84127807617188,193.82489013671875,193.80203247070312,193.78199768066406,193.75767517089844,193.72923278808594,193.6751708984375,193.60012817382812,193.53880310058594,193.46795654296875,193.35183715820312,193.22320556640625,193.09719848632812,192.94212341308594,192.77259826660156,192.61279296875,192.43544006347656,192.24078369140625,192.06137084960938,191.884521484375,191.70310974121094,191.56031799316406,191.4669189453125,191.38833618164062,191.31378173828125,191.24937438964844,191.18853759765625,191.1279296875,191.07278442382812
194.35482788085938,194.23822021484375,194.18431091308594,194.15664672851562,194.07456970214844,193.92474365234375,193.8074493408203,193.8025360107422,193.85935974121094,193.9053955078125,193.95144653320312,194.0177764892578,194.09381103515625,194.18565368652344,194.27984619140625,194.32093811035156,194.29696655273438,194.24649047851562,194.1911163330078,194.142578125,194.09872436523438,194.01919555664062,193.8974609375,193.78274536132812,193.67855834960938,193.5481719970703,193.40245056152344,193.26161193847656,193.1092987060547,192.94772338867188,192.79725646972656,192.64923095703125,192.49517822265625,192.35052490234375,192.219970703125,192.09654235839844,191.9880828857422,191.91134643554688,191.87078857421875,191.8466796875,191.8091583251953,191.74868774414062,191.6791534423828,191.6238250732422
195.09085083007812,194.94549560546875,194.86940002441406,194.81243896484375,194.69847106933594,194.55397033691406,194.4918212890625,194.5338897705078,194.58285522460938,194.60440063476562,194.66030883789062,194.75149536132812,194.82672119140625,194.9014434814453,194.98809814453125,195.02146911621094,194.97802734375,194.9191436767578,194.87254333496094,194.81324768066406,194.7312774658203,194.6238250732422,194.48623657226562,194.33743286132812,194.19252014160156,194.0393524169922,193.87353515625,193.70660400390625,193.54115295410156,193.37722778320312,193.22329711914062,193.08326721191406,192.95394897460938,192.83837890625,192.74301147460938,192.66159057617188,192.58465576171875,192.5253448486328,192.49868774414062,192.4819793701172,192.44349670410156,192.3873291015625,192.33346557617188,192.30125427246094
