earth/public/data/atmosphere/W07/ANN-precip-surface-level-gfs-1.0.json
{"header": {"discipline": 0, "disciplineName": "Meteorological products", "gribEdition": 2, "gribLength": 17922.0, "center": 0, "centerName": "Kiel Climate Model", "subcenter": 0, "refTime": "1", "significanceOfRT": 1, "significanceOfRTName": "Start of forecast", "productStatus": 0, "productStatusName": "Operational products", "productType": 1, "productTypeName": "Forecast products", "productDefinitionTemplate": 0, "productDefinitionTemplateName": "Analysis/forecast at horizontal level/layer at a point in time", "parameterCategory": 2, "parameterCategoryName": "Momentum", "parameterNumber": 2, "parameterNumberName": "U-component_of_wind", "parameterUnit": "mm/day", "genProcessType": 2, "genProcessTypeName": "Forecast", "forecastTime": 0, "surface1Type": 103, "surface1TypeName": "Specified height level above ground", "surface1Value": 10, "surface2Type": 255, "surface2TypeName": "Missing", "surface2Value": 0, "gridDefinitionTemplate": 0, "gridDefinitionTemplateName": "Latitude_Longitude", "numberPoints": 65160, "shape": 6, "shapeName": "Earth spherical with radius of 6,371,229.0 m", "gridUnits": "degrees", "resolution": 48, "winds": "true", "scanMode": 0, "nx": 128.0, "ny": 64.0, "basicAngle": 0, "subDivisions": 0, "lo1": 0.0, "la1": 87.86379883923263, "lo2": 357.1875, "la2": -87.86379883923263, "dx": 2.8125, "dy": 2.7893269472772264}, "data":
[rows 0 to 18 of 64, columns 43 to 85 of 128]
0.8598997592926025,0.8650619983673096,0.8739783763885498,0.8851920366287231,0.8926047682762146,0.9014999270439148,0.8978022933006287,0.8940762281417847,0.8919380307197571,0.8915157318115234,0.8914795517921448,0.8920753002166748,0.8950244784355164,0.9002180099487305,0.9030131101608276,0.8887601494789124,0.8831786513328552,0.8809875249862671,0.8810602426528931,0.8824723958969116,0.8850631713867188,0.8926447033882141,0.9099252223968506,0.904620349407196,0.9020051956176758,0.9018304347991943,0.9043492674827576,0.9080281853675842,0.9126800894737244,0.9196661114692688,0.9296619892120361,0.9377481341362,0.9386531114578247,0.9405440092086792,0.9377614259719849,0.9384933710098267,0.9415658712387085,0.9477407932281494,0.9553315043449402,0.9648811221122742,0.9773519039154053,0.9928131699562073,1.0122315883636475
0.9089562892913818,0.8931965827941895,0.8663435578346252,0.8640510439872742,0.8831851482391357,0.9203844666481018,0.9151895642280579,0.9065683484077454,0.905769407749176,0.9214357137680054,0.9060452580451965,0.9040581583976746,0.9152089953422546,0.9313163757324219,0.9094699025154114,0.9040593504905701,0.9073747992515564,0.8989359140396118,0.8915711045265198,0.8942210078239441,0.9093443751335144,0.8801780939102173,0.8676517009735107,0.8651153445243835,0.851756751537323,0.8305551409721375,0.8182366490364075,0.8162878751754761,0.7890551686286926,0.7879498600959778,0.8047166466712952,0.8248261213302612,0.7949596047401428,0.782345712184906,0.7876642942428589,0.8078775405883789,0.8047559261322021,0.7817994952201843,0.7804489731788635,0.7998021245002747,0.828328013420105,0.8183597326278687,0.8137407898902893
0.9335311651229858,0.9353963732719421,0.9310076236724854,0.9277452826499939,0.9563862681388855,0.9613907933235168,0.9335966110229492,0.9436410665512085,0.9684330821037292,0.9663800001144409,0.9745045900344849,0.9348453879356384,0.9249972701072693,0.9368219375610352,0.9460298418998718,0.9962130784988403,0.9707337617874146,0.9809035658836365,0.9606342315673828,0.9586156010627747,0.9425017833709717,0.9293566346168518,0.9430660605430603,0.9368197917938232,0.9644263386726379,0.9189350605010986,0.9035831093788147,0.8655991554260254,0.8657817840576172,0.8896393179893494,0.8746273517608643,0.8757389187812805,0.8544348478317261,0.8600212931632996,0.8530784845352173,0.8209149241447449,0.8260769248008728,0.834103524684906,0.8039892911911011,0.8108617067337036,0.8107739686965942,0.7934046983718872,0.8023387789726257
0.9524133205413818,0.9317090511322021,0.9194783568382263,0.9251298904418945,0.8939105272293091,0.8850540518760681,0.8862763047218323,0.9097195863723755,0.8757438659667969,0.8830140233039856,0.8733407258987427,0.8793159127235413,0.8419187068939209,0.8257545828819275,0.8353217244148254,0.8376784324645996,0.8947483897209167,0.8677764534950256,0.882532000541687,0.8790988922119141,0.8887815475463867,0.9408455491065979,0.9289190769195557,0.9657103419303894,0.9638193249702454,0.9642989635467529,0.9711894392967224,0.9553308486938477,1.0363373756408691,0.9824450612068176,0.9699255228042603,0.971107006072998,0.9796375036239624,0.9533762335777283,0.9327098727226257,0.9704805016517639,0.9314912557601929,0.9280362725257874,0.8825427293777466,0.8607634902000427,0.8472428321838379,0.8340604305267334,0.8378698825836182
0.9688794612884521,0.9829067587852478,0.94044429063797,0.9767134785652161,0.9215267896652222,0.9435055255889893,0.9676159024238586,0.9444923400878906,1.004707932472229,0.9808013439178467,0.943886935710907,0.9629839658737183,0.9233055114746094,0.9187066555023193,0.9197638630867004,0.85922771692276,0.8242015838623047,0.8475587964057922,0.8940644860267639,0.8733905553817749,0.8943729400634766,0.9646964073181152,0.9644228219985962,0.9442341923713684,0.9620220065116882,1.0136159658432007,0.9743738174438477,0.9341684579849243,0.9237552881240845,0.9210100769996643,0.8894646167755127,0.9035810232162476,0.9087138772010803,0.8931276202201843,0.898105800151825,0.9170778393745422,0.9354908466339111,0.9022509455680847,0.9996811747550964,0.8956179618835449,0.9133694171905518,0.95067298412323,0.9657377600669861
0.7311175465583801,0.9926127791404724,0.9360468983650208,0.977969229221344,0.9544416666030884,0.940680742263794,0.9155587553977966,0.9549464583396912,0.9739546179771423,1.0455172061920166,1.1747955083847046,1.2410035133361816,1.1175123453140259,1.0021772384643555,0.9665062427520752,0.9926841259002686,1.0420546531677246,0.9663998484611511,0.9415067434310913,0.9564887285232544,0.9900096654891968,1.0426101684570312,1.095658540725708,1.0788776874542236,1.035672903060913,0.998709499835968,0.9459397792816162,0.9173579216003418,0.9208322167396545,0.9582540392875671,0.9886760711669922,0.9446059465408325,0.939800500869751,0.9390849471092224,0.9263646602630615,0.9533854722976685,0.9269185066223145,0.9207006692886353,0.8875843286514282,0.9303978681564331,1.0302268266677856,1.0130257606506348,0.7073661684989929
0.8903862833976746,0.9192523956298828,0.9334111213684082,0.9548640847206116,0.8988682627677917,0.8755865693092346,0.8530500531196594,0.8514398336410522,0.8262405395507812,0.8136648535728455,0.8146001696586609,0.8056569695472717,0.7802201509475708,1.044095516204834,1.0292013883590698,1.007444143295288,1.000758171081543,1.021446704864502,1.0885889530181885,1.1626782417297363,1.2100884914398193,1.2304651737213135,1.2235684394836426,1.2153561115264893,1.1896191835403442,1.1735146045684814,1.191879391670227,1.2492194175720215,1.283793568611145,1.3313484191894531,1.0143280029296875,1.3077400922775269,1.3292055130004883,1.2429296970367432,1.1843687295913696,1.1320295333862305,1.067927360534668,1.0277488231658936,1.0216070413589478,1.05009126663208,1.1340515613555908,1.1913419961929321,1.2130279541015625
1.013327956199646,1.0769621133804321,1.121102213859558,1.126572847366333,1.0910757780075073,1.0750787258148193,1.1266790628433228,1.1575952768325806,1.1645114421844482,1.1242527961730957,1.1069636344909668,1.067526936531067,1.057857632637024,1.0523439645767212,1.0432746410369873,1.0419864654541016,1.0591168403625488,1.084085464477539,1.145430564880371,1.226557970046997,1.3273662328720093,1.3501179218292236,1.552963376045227,1.5325928926467896,1.5161107778549194,1.5678925514221191,1.6045185327529907,1.434361219406128,1.524874210357666,1.5420997142791748,1.5119178295135498,1.4285439252853394,1.3365238904953003,1.2493534088134766,1.2012226581573486,1.143305778503418,1.1071155071258545,1.0960298776626587,1.0842602252960205,1.1189477443695068,1.1726478338241577,1.2301578521728516,1.2707929611206055
0.9556151032447815,0.9850780963897705,1.0672986507415771,1.1703163385391235,1.2354081869125366,1.2116440534591675,1.1898521184921265,1.1839599609375,1.267243504524231,1.4024142026901245,1.5031806230545044,1.5238393545150757,1.499413251876831,1.4507397413253784,1.400793194770813,1.411335825920105,1.4352978467941284,1.5100065469741821,1.644087553024292,1.7336866855621338,1.7866559028625488,1.7709062099456787,1.6918290853500366,1.6033574342727661,1.871910572052002,1.9502302408218384,1.9955250024795532,1.9181418418884277,2.077727794647217,2.062772512435913,1.9652307033538818,1.7762175798416138,1.5793397426605225,1.413600206375122,1.2997380495071411,1.2451609373092651,1.219153642654419,1.2369732856750488,1.2938807010650635,1.3346188068389893,1.3800299167633057,1.3669826984405518,1.3812956809997559
1.0191774368286133,0.9688516855239868,1.0002999305725098,1.11538565158844,1.3142584562301636,1.4420161247253418,1.477960228919983,1.4962437152862549,1.497947335243225,1.604999303817749,1.7675575017929077,1.9237966537475586,1.9605416059494019,1.9463379383087158,1.9262912273406982,1.9020057916641235,1.9275636672973633,2.056424140930176,2.2025227546691895,2.2402758598327637,2.5055594444274902,2.2840347290039062,2.0650322437286377,1.9198795557022095,1.9710549116134644,2.189082622528076,2.411057472229004,2.3109097480773926,2.6094443798065186,2.6271071434020996,2.5799734592437744,2.4039294719696045,2.235100269317627,2.2406320571899414,2.2619495391845703,2.22279953956604,2.1297388076782227,1.811815619468689,1.3725708723068237,1.1627522706985474,1.205302119255066,1.274783968925476,1.2292401790618896
1.6447886228561401,1.6484096050262451,1.5714776515960693,1.5327028036117554,1.5702346563339233,1.7161829471588135,1.8617905378341675,1.9253071546554565,1.9710177183151245,1.9756109714508057,2.069032669067383,2.251533269882202,2.6737492084503174,2.641178846359253,2.1675193309783936,2.1401546001434326,2.2612714767456055,2.792782783508301,2.85115122795105,2.817499876022339,2.691058874130249,2.435228109359741,2.2560513019561768,2.20068621635437,2.2921910285949707,2.4828944206237793,2.7297210693359375,2.953596353530884,2.9563140869140625,3.1069469451904297,3.1998002529144287,3.248563528060913,3.5403263568878174,3.5313568115234375,3.8188986778259277,3.8886427879333496,4.21823263168335,4.017000675201416,3.172729253768921,1.992559552192688,1.1891199350357056,1.1139225959777832,1.0670489072799683
1.7923486232757568,1.9309147596359253,1.9637088775634766,1.934514045715332,1.976072072982788,2.1461877822875977,2.3361093997955322,2.615128993988037,2.333516836166382,2.0707852840423584,2.201430559158325,2.5315582752227783,2.7810218334198,2.7391610145568848,2.312443733215332,2.676255702972412,2.9464612007141113,3.1641476154327393,3.095651626586914,2.994539260864258,2.9624242782592773,2.95971941947937,2.9281575679779053,2.865847110748291,2.8002309799194336,2.7587156295776367,2.830151081085205,2.978318214416504,3.0680346488952637,2.995039701461792,3.3649802207946777,3.3472232818603516,3.4525418281555176,3.5129995346069336,3.719618558883667,4.147580146789551,4.841104030609131,5.532334804534912,5.189085960388184,4.1209516525268555,2.483677387237549,1.2359055280685425,1.084978461265564
1.7688031196594238,2.039541006088257,2.1826372146606445,2.179702043533325,2.1698341369628906,2.236349582672119,2.386334180831909,2.385225534439087,2.1443421840667725,2.0795040130615234,2.3973617553710938,2.874474287033081,3.106966257095337,2.841456174850464,3.1709039211273193,3.367006540298462,3.445708990097046,3.3066773414611816,3.0708653926849365,3.0027077198028564,3.171247720718384,3.3910531997680664,3.450089931488037,3.369232177734375,3.2343201637268066,3.129096031188965,3.0904645919799805,3.054269313812256,2.990208625793457,2.8382389545440674,2.731969118118286,2.604663372039795,2.578489065170288,2.670588731765747,2.779036521911621,2.9665515422821045,3.412227153778076,4.228489398956299,4.938905239105225,5.033984184265137,4.250871658325195,2.785334825515747,1.485764741897583
1.7020655870437622,1.9785267114639282,2.115746259689331,2.16648006439209,2.184882402420044,2.2460715770721436,2.281437397003174,2.4214439392089844,2.3520541191101074,2.6248247623443604,2.9518074989318848,3.3828518390655518,3.571998119354248,3.3100619316101074,3.7147281169891357,3.828460216522217,3.7771518230438232,3.582423210144043,3.4498283863067627,3.559314012527466,3.8484601974487305,3.9602906703948975,3.7623047828674316,3.5425214767456055,3.5438790321350098,3.6240649223327637,3.5926923751831055,3.4105377197265625,3.1942436695098877,3.0479984283447266,2.915771007537842,2.7718331813812256,2.7137749195098877,2.8314437866210938,2.96667742729187,2.8766939640045166,2.7669036388397217,3.0671334266662598,4.025202751159668,4.957521915435791,5.072157859802246,4.347867965698242,2.8731653690338135
1.6837586164474487,1.9341946840286255,2.0521490573883057,2.155616521835327,2.2358338832855225,2.3632020950317383,2.336562156677246,2.327664375305176,2.4965052604675293,2.7353737354278564,3.2945971488952637,3.5530426502227783,3.605252504348755,3.6541290283203125,3.9235010147094727,4.172396183013916,4.247851848602295,4.24432373046875,4.389106273651123,4.6463775634765625,4.748320579528809,4.521061897277832,4.072460174560547,3.7658274173736572,3.8169565200805664,3.9307000637054443,3.7663538455963135,3.387450695037842,3.179420232772827,3.292053461074829,3.390531539916992,3.2586021423339844,2.988933801651001,2.833420991897583,2.8456501960754395,2.7430455684661865,2.4691879749298096,2.3629395961761475,2.7570996284484863,3.751248598098755,4.638699531555176,4.343389511108398,3.3208322525024414
1.9288015365600586,2.0503690242767334,2.068188428878784,2.145249128341675,2.296173334121704,2.350187301635742,2.8826611042022705,2.9896411895751953,2.5794732570648193,2.8998498916625977,3.548909902572632,3.932159423828125,4.094829082489014,4.4300689697265625,4.833704948425293,4.987296104431152,4.9367547035217285,4.949860572814941,5.058796405792236,5.0222086906433105,4.75419282913208,4.431467533111572,4.179891586303711,4.056571960449219,4.020809650421143,3.909160852432251,3.5923068523406982,3.1631128787994385,2.9366893768310547,3.055020809173584,3.1700387001037598,2.9405672550201416,2.594465732574463,2.4629764556884766,2.533780813217163,2.4958622455596924,2.260664463043213,2.0473430156707764,2.0189592838287354,2.307713747024536,2.915050983428955,3.0199453830718994,2.5435938835144043
2.1536731719970703,2.172002077102661,2.222076177597046,2.212597131729126,2.4221792221069336,2.7027199268341064,3.2916266918182373,3.1878304481506348,2.9891295433044434,3.6091818809509277,4.300137519836426,5.032603740692139,5.568121910095215,5.9630327224731445,6.035092830657959,5.757371425628662,5.517311096191406,5.525412082672119,5.429622650146484,4.920316219329834,4.3198089599609375,4.204734802246094,4.328690052032471,4.197775363922119,3.8001787662506104,3.5218968391418457,3.4093170166015625,3.23093318939209,3.012451648712158,2.881852388381958,2.738844156265259,2.4644274711608887,2.2537617683410645,2.2973482608795166,2.3884336948394775,2.327678918838501,2.1471896171569824,1.9819380044937134,1.8610715866088867,1.8961396217346191,2.2757387161254883,2.46545147895813,2.162660837173462
2.2240705490112305,2.4447476863861084,2.624492645263672,3.1185784339904785,3.49362850189209,3.580009937286377,4.031686782836914,3.5457046031951904,4.820259094238281,5.934417724609375,5.993365287780762,6.396176338195801,6.520759582519531,6.329054832458496,5.9938859939575195,5.656569004058838,5.529409408569336,5.604140758514404,5.400394439697266,4.757526874542236,4.187493801116943,4.153048515319824,4.200558662414551,3.7885754108428955,3.1618247032165527,2.945215940475464,3.0694282054901123,3.009082078933716,2.722594976425171,2.5208890438079834,2.430266857147217,2.29612398147583,2.159182548522949,2.113123893737793,2.00217342376709,1.7727335691452026,1.6454037427902222,1.6743018627166748,1.6381264925003052,1.5458029508590698,1.7867286205291748,1.9928860664367676,1.8324933052062988
2.2198736667633057,2.7900476455688477,3.2771410942077637,4.30190372467041,5.05945348739624,5.03328275680542,5.185379981994629,3.744058847427368,6.075222969055176,6.395503044128418,6.601503849029541,6.909177780151367,6.473153591156006,5.833878517150879,5.7126312255859375,5.573628902435303,5.156590461730957,4.784992694854736,4.579794883728027,4.210153102874756,3.7876217365264893,3.6119182109832764,3.4726176261901855,3.0724503993988037,2.658830165863037,2.5844075679779053,2.6300699710845947,2.4197094440460205,2.072780132293701,1.971661925315857,2.0343191623687744,1.9749610424041748,1.8298312425613403,1.7391432523727417,1.6268293857574463,1.4138941764831543,1.296015739440918,1.3575016260147095,1.3184359073638916,1.046637773513794,1.0173661708831787,1.384232997894287,1.3127259016036987
