earth/public/data/atmosphere/W07/ANN-wind-isobaric-10hPa-gfs-1.0.json
{"header": {"discipline": 0, "disciplineName": "Meteorological products", "gribEdition": 2, "gribLength": 17922.0, "center": 0, "centerName": "Kiel Climate Model", "subcenter": 0, "refTime": "1", "significanceOfRT": 1, "significanceOfRTName": "Start of forecast", "productStatus": 0, "productStatusName": "Operational products", "productType": 1, "productTypeName": "Forecast products", "productDefinitionTemplate": 0, "productDefinitionTemplateName": "Analysis/forecast at horizontal level/layer at a point in time", "parameterCategory": 2, "parameterCategoryName": "Momentum", "parameterNumber": 2, "parameterNumberName": "V-component_of_wind", "parameterUnit": "m/s", "genProcessType": 2, "genProcessTypeName": "Forecast", "forecastTime": 0, "surface1Type": 103, "surface1TypeName": "Specified height level above ground", "surface1Value": 10, "surface2Type": 255, "surface2TypeName": "Missing", "surface2Value": 0, "gridDefinitionTemplate": 0, "gridDefinitionTemplateName": "Latitude_Longitude", "numberPoints": 65160, "shape": 6, "shapeName": "Earth spherical with radius of 6,371,229.0 m", "gridUnits": "degrees", "resolution": 48, "winds": "true", "scanMode": 0, "nx": 128.0, "ny": 64.0, "basicAngle": 0, "subDivisions": 0, "lo1": 0.0, "la1": 87.86379883923263, "lo2": 357.1875, "la2": -87.86379883923263, "dx": 2.8125, "dy": 2.7893269472772264}, "data":
[rows 0 to 18 of 64, columns 42 to 83 of 128]
10.156048774719238,10.339741706848145,10.494993209838867,10.621024131774902,10.717142105102539,10.782792091369629,10.817524909973145,10.821006774902344,10.793044090270996,10.733572959899902,10.64265251159668,10.52045726776123,10.367347717285156,10.183749198913574,9.970267295837402,9.727596282958984,9.456575393676758,9.158147811889648,8.833362579345703,8.483409881591797,8.109539985656738,7.713094711303711,7.295526504516602,6.8583245277404785,6.403078556060791,5.931397914886475,5.444968223571777,4.945489406585693,4.4346842765808105,3.9143452644348145,3.3861842155456543,2.8519699573516846,2.3134467601776123,1.7723619937896729,1.2303862571716309,0.689210057258606,0.15044666826725006,-0.3843331038951874,-0.9135860800743103,-1.435856580734253,-1.949746012687683,-2.4538958072662354
10.49260139465332,10.751262664794922,10.976061820983887,11.165450096130371,11.318020820617676,11.432537078857422,11.507991790771484,11.543553352355957,11.53862476348877,11.492820739746094,11.406023979187012,11.27834701538086,11.110149383544922,10.902032852172852,10.654867172241211,10.369750022888184,10.048023223876953,9.691226959228516,9.30114459991455,8.879704475402832,8.429058074951172,7.951467037200928,7.449335098266602,6.925156593322754,6.3815178871154785,5.821020126342773,5.2463297843933105,4.6600661277771,4.06487512588501,3.4633259773254395,2.8579602241516113,2.2512290477752686,1.6455168724060059,1.0431054830551147,0.4461950957775116,-0.1431182324886322,-0.7228398323059082,-1.2910867929458618,-1.8460934162139893,-2.3861958980560303,-2.909864902496338,-3.415663003921509
10.687423706054688,11.016406059265137,11.306692123413086,11.555699348449707,11.761088371276855,11.920801162719727,12.033097267150879,12.09662914276123,12.11040210723877,12.073817253112793,11.986687660217285,11.84919261932373,11.661873817443848,11.425664901733398,11.141824722290039,10.81197738647461,10.4380521774292,10.022317886352539,9.567366600036621,9.076014518737793,8.551403045654297,7.996853351593018,7.415835857391357,6.811992168426514,6.188958168029785,5.550429344177246,4.89999532699585,4.2411627769470215,3.5772976875305176,2.911581516265869,2.247023820877075,1.5864235162734985,0.9324339032173157,0.2874850630760193,-0.34610146284103394,-0.9661741852760315,-1.57068932056427,-2.157705068588257,-2.72538423538208,-3.2719924449920654,-3.7958731651306152,-4.2954936027526855
10.743836402893066,11.13900089263916,11.489998817443848,11.792523384094238,12.04280948638916,12.237733840942383,12.37493896484375,12.452888488769531,12.470802307128906,12.428638458251953,12.326949119567871,12.16679859161377,11.949638366699219,11.677254676818848,11.351655960083008,10.97512149810791,10.550180435180664,10.0796480178833,9.566664695739746,9.01473331451416,8.427701950073242,7.809721946716309,7.165249347686768,6.498851299285889,5.815155506134033,5.118730068206787,4.413943290710449,3.7049038410186768,2.9954214096069336,2.2889328002929688,1.5885752439498901,0.8971654176712036,0.21727244555950165,-0.44875195622444153,-1.0987029075622559,-1.7305099964141846,-2.3421852588653564,-2.931806802749634,-3.4975333213806152,-4.037569999694824,-4.550236701965332,-5.033938884735107
10.659793853759766,11.11142349243164,11.512979507446289,11.858013153076172,12.141042709350586,12.357893943786621,12.505818367004395,12.583513259887695,12.590994834899902,12.529415130615234,12.400768280029297,12.207661628723145,11.953015327453613,11.639870643615723,11.271256446838379,10.850168228149414,10.379594802856445,9.86264419555664,9.30273151397705,8.703658103942871,8.069759368896484,7.405852317810059,6.717203617095947,6.009220123291016,5.287343978881836,4.556713104248047,3.822084426879883,3.0876917839050293,2.3572661876678467,1.6340479850769043,0.9209688901901245,0.22069187462329865,-0.4642847776412964,-1.1315968036651611,-1.7790005207061768,-2.4043643474578857,-3.0056979656219482,-3.5811402797698975,-4.128971576690674,-4.6475510597229,-5.135398864746094,-5.591154098510742
10.416926383972168,10.90131950378418,11.330795288085938,11.69776725769043,11.99609088897705,12.221212387084961,12.37024211883545,12.441876411437988,12.436263084411621,12.35493278503418,12.200541496276855,11.976659774780273,11.687420845031738,11.337196350097656,10.930262565612793,10.470613479614258,9.961873054504395,9.407517433166504,8.81112289428711,8.176753044128418,7.509242534637451,6.81425666809082,6.098147869110107,5.3674821853637695,4.628583908081055,3.8869991302490234,3.1473095417022705,2.4131019115448,1.6871752738952637,0.9720227718353271,0.2701013386249542,-0.4160003066062927,-1.083514928817749,-1.7297345399856567,-2.352236032485962,-2.949054002761841,-3.518822193145752,-4.060582637786865,-4.573736190795898,-5.057650566101074,-5.5115556716918945,-5.934417247772217
10.047063827514648,10.532546043395996,10.957584381103516,11.316191673278809,11.603991508483887,11.81767463684082,11.954742431640625,12.013409614562988,11.992888450622559,11.893685340881348,11.717812538146973,11.4688081741333,11.151473999023438,10.77133846282959,10.334126472473145,9.845190048217773,9.309121131896973,8.729806900024414,8.110796928405762,7.456058979034424,6.770654678344727,6.061153888702393,5.335440635681152,4.601797103881836,3.8677756786346436,3.1392085552215576,2.41968035697937,1.7109228372573853,1.013733983039856,0.32910075783729553,-0.3409299850463867,-0.9930607676506042,-1.6231969594955444,-2.227280616760254,-2.802278518676758,-3.3467636108398438,-3.861055850982666,-4.346768379211426,-4.80610990524292,-5.241013526916504,-5.652493476867676,-6.040309906005859
9.587616920471191,10.038333892822266,10.422466278076172,10.738641738891602,10.986371994018555,11.164698600769043,11.271732330322266,11.305158615112305,11.263179779052734,11.145342826843262,10.9528169631958,10.688215255737305,10.355293273925781,9.958784103393555,9.504339218139648,8.998217582702637,8.446675300598145,7.855278968811035,7.2286787033081055,6.571164608001709,5.88784122467041,5.185718536376953,4.473794937133789,3.76181697845459,3.058229446411133,2.3682806491851807,1.6932499408721924,1.0315223932266235,0.3806518614292145,-0.26015812158584595,-0.8886743187904358,-1.4994776248931885,-2.085378885269165,-2.6394290924072266,-3.156917095184326,-3.6364691257476807,-4.08013916015625,-4.492485523223877,-4.879095554351807,-5.24526834487915,-5.594942569732666,-5.930234909057617
8.975557327270508,9.35444164276123,9.670076370239258,9.926252365112305,10.125421524047852,10.26667308807373,10.346038818359375,10.35886001586914,10.302263259887695,10.176214218139648,9.98226547241211,9.721563339233398,9.39371395111084,8.998257637023926,8.53722095489502,8.017251968383789,7.44911003112793,6.84493350982666,6.215057849884033,5.566620826721191,4.904638767242432,4.234501838684082,3.563507318496704,2.9001545906066895,2.2516028881073,1.620819091796875,1.0058494806289673,0.40156933665275574,-0.19683006405830383,-0.7905617356300354,-1.3756190538406372,-1.9435276985168457,-2.4836699962615967,-2.9863104820251465,-3.445037364959717,-3.858114004135132,-4.22844934463501,-4.56222677230835,-4.8670268058776855,-5.150119304656982,-5.417778968811035,-5.675273895263672
8.1373872756958,8.436756134033203,8.69365119934082,8.913412094116211,9.096617698669434,9.23633861541748,9.319938659667969,9.335015296936035,9.275677680969238,9.144294738769531,8.947227478027344,8.687871932983398,8.36299991607666,7.965732097625732,7.493288040161133,6.953344821929932,6.364317893981934,5.74885892868042,5.125591278076172,4.504377841949463,3.8875904083251953,3.275160789489746,2.6688199043273926,2.072697401046753,1.4904969930648804,0.9223355054855347,0.36428242921829224,-0.18910478055477142,-0.7408217191696167,-1.2886892557144165,-1.8253787755966187,-2.340458393096924,-2.82304310798645,-3.264035701751709,-3.657620906829834,-4.002296447753906,-4.3011980056762695,-4.5609588623046875,-4.789422512054443,-4.993377208709717,-5.178272247314453,-5.350001335144043
7.1766157150268555,7.441379070281982,7.689175605773926,7.9195733070373535,8.126087188720703,8.291803359985352,8.391648292541504,8.402697563171387,8.315893173217773,8.139872550964355,7.892953395843506,7.589468479156494,7.231221675872803,6.811073303222656,6.325032711029053,5.782474994659424,5.2061638832092285,4.6223368644714355,4.049112319946289,3.4916183948516846,2.9456777572631836,2.4055914878845215,1.869402527809143,1.3388268947601318,0.8155508041381836,0.29832398891448975,-0.21635276079177856,-0.7306231260299683,-1.2417938709259033,-1.742009162902832,-2.220952272415161,-2.6694114208221436,-3.0809783935546875,-3.451385259628296,-3.7775378227233887,-4.058084964752197,-4.295201301574707,-4.49466609954834,-4.663082122802734,-4.804087162017822,-4.91811990737915,-5.007376194000244
6.324313640594482,6.608048439025879,6.880688667297363,7.1284308433532715,7.336061954498291,7.481682777404785,7.538296222686768,7.484683513641357,7.318129062652588,7.05755615234375,6.732707500457764,6.367140293121338,5.968698501586914,5.534480094909668,5.064413070678711,4.569889545440674,4.069986343383789,3.5798444747924805,3.1025235652923584,2.6309731006622314,2.1567020416259766,1.6768871545791626,1.194809079170227,0.7152835726737976,0.2402982860803604,-0.23181989789009094,-0.7034976482391357,-1.173945665359497,-1.6367621421813965,-2.081263780593872,-2.4968624114990234,-2.877304792404175,-3.2215170860290527,-3.530649185180664,-3.804553747177124,-4.0414886474609375,-4.240894317626953,-4.405019283294678,-4.53602409362793,-4.631173610687256,-4.683027267456055,-4.688072681427002
5.688584327697754,5.984388828277588,6.249195098876953,6.4535675048828125,6.575737953186035,6.601530075073242,6.525396347045898,6.353251934051514,6.103161334991455,5.800374507904053,5.466878414154053,5.112629413604736,4.736025810241699,4.334716796875,3.9164302349090576,3.4985134601593018,3.095094680786133,2.705209255218506,2.314028263092041,1.9063210487365723,1.47874116897583,1.0401583909988403,0.6023807525634766,0.1718638837337494,-0.25128018856048584,-0.6691738367080688,-1.0827213525772095,-1.4904807806015015,-1.8882229328155518,-2.268794298171997,-2.6238315105438232,-2.9474456310272217,-3.238988161087036,-3.5016608238220215,-3.738415241241455,-3.9491658210754395,-4.131412029266357,-4.281747341156006,-4.394543647766113,-4.459330081939697,-4.462663173675537,-4.398298740386963
5.143401622772217,5.380148410797119,5.5617995262146,5.6519317626953125,5.628497123718262,5.494624137878418,5.280011177062988,5.027498722076416,4.772326469421387,4.527761936187744,4.284261226654053,4.019777774810791,3.7154948711395264,3.3695671558380127,3.00040864944458,2.6343727111816406,2.2855947017669678,1.9458496570587158,1.5948485136032104,1.2209337949752808,0.8311060070991516,0.4419517517089844,0.06403560936450958,-0.3033941090106964,-0.6648272275924683,-1.020339846611023,-1.3662441968917847,-1.70069420337677,-2.0250308513641357,-2.3391857147216797,-2.637826919555664,-2.9126908779144287,-3.158823251724243,-3.377828359603882,-3.5752885341644287,-3.7552433013916016,-3.91633939743042,-4.051129341125488,-4.147571563720703,-4.1914448738098145,-4.171045780181885,-4.084148406982422
4.482396125793457,4.590416431427002,4.640615940093994,4.606404781341553,4.475010871887207,4.265135765075684,4.025763988494873,3.808274507522583,3.6340010166168213,3.4853007793426514,3.323901414871216,3.1167783737182617,2.851494073867798,2.537789821624756,2.2000930309295654,1.863516926765442,1.539307713508606,1.2208455801010132,0.8956745266914368,0.5617217421531677,0.2301633208990097,-0.08746303617954254,-0.39125004410743713,-0.6898514032363892,-0.9879263639450073,-1.2805843353271484,-1.5602034330368042,-1.8254046440124512,-2.0808372497558594,-2.3299310207366943,-2.569704055786133,-2.792703151702881,-2.9925708770751953,-3.1679937839508057,-3.3226771354675293,-3.4616966247558594,-3.5859670639038086,-3.688917875289917,-3.758419990539551,-3.7830958366394043,-3.758531093597412,-3.6894919872283936
3.641103744506836,3.618717908859253,3.558055877685547,3.452789306640625,3.3060662746429443,3.140514612197876,2.9902820587158203,2.8744473457336426,2.7775118350982666,2.6598973274230957,2.488717555999756,2.2587459087371826,1.9876320362091064,1.69794499874115,1.4052146673202515,1.116637945175171,0.8333537578582764,0.553307294845581,0.27579304575920105,0.004864102229475975,-0.25378909707069397,-0.49975597858428955,-0.7391626834869385,-0.9773048758506775,-1.2122737169265747,-1.4379572868347168,-1.6516262292861938,-1.8555920124053955,-2.0521066188812256,-2.239854574203491,-2.416745662689209,-2.582451343536377,-2.73618483543396,-2.8742623329162598,-2.9931795597076416,-3.0935862064361572,-3.177833318710327,-3.2439656257629395,-3.2850613594055176,-3.295264482498169,-3.274282932281494,-3.2264163494110107
2.7516448497772217,2.666630983352661,2.5613856315612793,2.446153402328491,2.3376779556274414,2.2482175827026367,2.175147294998169,2.09895658493042,1.9920024871826172,1.8339775800704956,1.6246346235275269,1.3838032484054565,1.137279748916626,0.9001889824867249,0.6723772883415222,0.44692543148994446,0.2206372320652008,-0.0029965185094624758,-0.21778135001659393,-0.4203294515609741,-0.6127609014511108,-0.8004369735717773,-0.9859609603881836,-1.1654773950576782,-1.332800269126892,-1.4875284433364868,-1.6363729238510132,-1.784713625907898,-1.9290622472763062,-2.0613768100738525,-2.180126428604126,-2.2921395301818848,-2.4020438194274902,-2.504521131515503,-2.590872049331665,-2.6593353748321533,-2.71342134475708,-2.7533297538757324,-2.775864839553833,-2.7808103561401367,-2.7692267894744873,-2.7356319427490234
1.991911768913269,1.9089858531951904,1.804494023323059,1.6979912519454956,1.6123818159103394,1.5416481494903564,1.450683832168579,1.3119213581085205,1.1328028440475464,0.9423168301582336,0.7599709033966064,0.5857682228088379,0.41270795464515686,0.23777566850185394,0.06165076047182083,-0.11418111622333527,-0.28661733865737915,-0.4507753252983093,-0.6030080318450928,-0.7440581917762756,-0.8779744505882263,-1.0076957941055298,-1.1315699815750122,-1.245124101638794,-1.3466286659240723,-1.4402152299880981,-1.5325514078140259,-1.6260931491851807,-1.716452717781067,-1.7978094816207886,-1.8704501390457153,-1.9401594400405884,-2.0090296268463135,-2.071305513381958,-2.1214661598205566,-2.162001848220825,-2.1967813968658447,-2.221541166305542,-2.230790376663208,-2.230539083480835,-2.2293307781219482,-2.215416669845581
1.4162218570709229,1.3369742631912231,1.2256042957305908,1.105406641960144,0.9997995495796204,0.8918200731277466,0.7378032803535461,0.5290472507476807,0.31495368480682373,0.15073814988136292,0.039905790239572525,-0.05753795802593231,-0.1745709478855133,-0.31149888038635254,-0.4510848820209503,-0.5801350474357605,-0.6947773098945618,-0.7961598038673401,-0.8871617317199707,-0.9704389572143555,-1.0464309453964233,-1.113298773765564,-1.1699626445770264,-1.2191516160964966,-1.2656009197235107,-1.31102454662323,-1.3530994653701782,-1.3902312517166138,-1.4248123168945312,-1.4601083993911743,-1.496559977531433,-1.5322345495224,-1.5642703771591187,-1.5896397829055786,-1.6085708141326904,-1.6263850927352905,-1.645706295967102,-1.6584395170211792,-1.6556551456451416,-1.6453183889389038,-1.6444804668426514,-1.6475111246109009
