earth/public/data/atmosphere/W07/ANN-wind-isobaric-100hPa-gfs-1.0.json
{"header": {"discipline": 0, "disciplineName": "Meteorological products", "gribEdition": 2, "gribLength": 17922.0, "center": 0, "centerName": "Kiel Climate Model", "subcenter": 0, "refTime": "1", "significanceOfRT": 1, "significanceOfRTName": "Start of forecast", "productStatus": 0, "productStatusName": "Operational products", "productType": 1, "productTypeName": "Forecast products", "productDefinitionTemplate": 0, "productDefinitionTemplateName": "Analysis/forecast at horizontal level/layer at a point in time", "parameterCategory": 2, "parameterCategoryName": "Momentum", "parameterNumber": 2, "parameterNumberName": "U-component_of_wind", "parameterUnit": "m/s", "genProcessType": 2, "genProcessTypeName": "Forecast", "forecastTime": 0, "surface1Type": 103, "surface1TypeName": "Specified height level above ground", "surface1Value": 10, "surface2Type": 255, "surface2TypeName": "Missing", "surface2Value": 0, "gridDefinitionTemplate": 0, "gridDefinitionTemplateName": "Latitude_Longitude", "numberPoints": 65160, "shape": 6, "shapeName": "Earth spherical with radius of 6,371,229.0 m", "gridUnits": "degrees", "resolution": 48, "winds": "true", "scanMode": 0, "nx": 128.0, "ny": 64.0, "basicAngle": 0, "subDivisions": 0, "lo1": 0.0, "la1": 87.86379883923263, "lo2": 357.1875, "la2": -87.86379883923263, "dx": 2.8125, "dy": 2.7893269472772264}, "data":
[rows 0 to 18 of 64, columns 0 to 42 of 128]
1.3575130701065063,1.324514627456665,1.2857261896133423,1.2412207126617432,1.1910876035690308,1.1354480981826782,1.0745407342910767,1.0085824728012085,0.9378359317779541,0.8626574277877808,0.7833886742591858,0.7004827260971069,0.6143525838851929,0.5254204273223877,0.4342506527900696,0.3413126766681671,0.24713313579559326,0.15229785442352295,0.0573333315551281,-0.037198398262262344,-0.13076919317245483,-0.22279001772403717,-0.31274691224098206,-0.40010902285575867,-0.4843829572200775,-0.5650642514228821,-0.6417438387870789,-0.7139402627944946,-0.7813154458999634,-0.843468427658081,-0.9000898003578186,-0.9509392976760864,-0.9957553744316101,-1.0343581438064575,-1.0665712356567383,-1.0923266410827637,-1.1115554571151733,-1.1242482662200928,-1.1303952932357788,-1.1300877332687378,-1.123478651046753,-1.1106404066085815,-1.0918267965316772
2.613882541656494,2.5936291217803955,2.5622758865356445,2.5199272632598877,2.4666948318481445,2.402892827987671,2.328866958618164,2.2451281547546387,2.1521966457366943,2.0506999492645264,1.9413373470306396,1.8248122930526733,1.701927900314331,1.5735664367675781,1.4405783414840698,1.3039016723632812,1.164462685585022,1.023266315460205,0.8812745809555054,0.7395278215408325,0.5990386009216309,0.46078500151634216,0.3258022665977478,0.19503727555274963,0.06941308826208115,-0.05017625913023949,-0.16287484765052795,-0.2679081857204437,-0.3645675480365753,-0.4522143602371216,-0.5302688479423523,-0.5982733964920044,-0.6558131575584412,-0.7025988101959229,-0.7384024858474731,-0.7630955576896667,-0.7766318321228027,-0.7790936231613159,-0.7706084251403809,-0.7513948678970337,-0.7217952609062195,-0.6821593046188354,-0.6329573392868042
4.122885227203369,4.108736991882324,4.079844951629639,4.036555290222168,3.9793267250061035,3.9087307453155518,3.825491428375244,3.730299949645996,3.6239445209503174,3.5071489810943604,3.380713701248169,3.2454164028167725,3.1020421981811523,2.951451301574707,2.7945139408111572,2.6321723461151123,2.4654390811920166,2.2954115867614746,2.1232454776763916,1.9501092433929443,1.7773045301437378,1.6060903072357178,1.437764048576355,1.273541808128357,1.1147443056106567,0.9625086188316345,0.8179762363433838,0.6822240948677063,0.5562677383422852,0.4409894049167633,0.33730924129486084,0.2460332065820694,0.1678774654865265,0.10351109504699707,0.053503744304180145,0.01838867738842964,-0.0014928393065929413,-0.005881020333617926,0.005307115148752928,0.03195767104625702,0.07380305975675583,0.13036327064037323,0.2009798288345337
5.365268230438232,5.365177154541016,5.3494439125061035,5.318399906158447,5.27254056930542,5.21243953704834,5.138644218444824,5.0517377853393555,4.952178001403809,4.84043025970459,4.716973304748535,4.582287788391113,4.436941146850586,4.2816853523254395,4.117386817932129,3.9451146125793457,3.7660672664642334,3.581552028656006,3.3930301666259766,3.201935291290283,3.009730815887451,2.81784987449646,2.6276988983154297,2.4406473636627197,2.2579879760742188,2.081000566482544,1.9108355045318604,1.7486629486083984,1.5955665111541748,1.4525610208511353,1.3206777572631836,1.2009155750274658,1.0943433046340942,1.002043604850769,0.925163745880127,0.8648579120635986,0.822249174118042,0.7983531951904297,0.7940129041671753,0.8097418546676636,0.8457853198051453,0.9019436836242676,0.9776641726493835
6.288610458374023,6.323253154754639,6.343991279602051,6.350612163543701,6.342868328094482,6.320393085479736,6.282812595367432,6.229654312133789,6.160462856292725,6.074862480163574,5.972743511199951,5.854332447052002,5.720351219177246,5.5719780921936035,5.410862922668457,5.238951206207275,5.058371543884277,4.871102809906006,4.678934097290039,4.483395099639893,4.285593032836914,4.086534023284912,3.8871071338653564,3.6882522106170654,3.49112606048584,3.2969746589660645,3.1072521209716797,2.9234652519226074,2.7470991611480713,2.579514265060425,2.4219157695770264,2.2754156589508057,2.1410465240478516,2.0199177265167236,1.913263201713562,1.8225069046020508,1.7492060661315918,1.6949783563613892,1.6613130569458008,1.649399995803833,1.6599799394607544,1.6933388710021973,1.7492281198501587
7.103599548339844,7.176504611968994,7.2389678955078125,7.289846897125244,7.327560901641846,7.350565433502197,7.357345104217529,7.346703052520752,7.317624568939209,7.269429683685303,7.2018280029296875,7.115149974822998,7.010378837585449,6.889305114746094,6.754326820373535,6.608139514923096,6.45327091217041,6.291762351989746,6.124732971191406,5.952549934387207,5.774897575378418,5.59132194519043,5.401538848876953,5.2058424949646,5.00523567199707,4.801410675048828,4.5965704917907715,4.393100738525391,4.193292140960693,3.9992802143096924,3.8127007484436035,3.6349306106567383,3.4670560359954834,3.3101372718811035,3.1654348373413086,3.034489393234253,2.9192020893096924,2.821737289428711,2.74422550201416,2.6885433197021484,2.6558902263641357,2.6467947959899902,2.6611545085906982
7.893927097320557,8.000032424926758,8.096207618713379,8.178863525390625,8.244909286499023,8.29248046875,8.321487426757812,8.333112716674805,8.329161643981934,8.311198234558105,8.280227661132812,8.236801147460938,8.181385040283203,8.114754676818848,8.038102149963379,7.952742576599121,7.859443664550781,7.758267402648926,7.6481475830078125,7.527378082275391,7.394225597381592,7.247450351715088,7.0869550704956055,6.9136271476745605,6.729200839996338,6.535796165466309,6.335366249084473,6.129599094390869,5.919924736022949,5.707671642303467,5.494389057159424,5.281927108764648,5.072475433349609,4.868415832519531,4.672275066375732,4.486622333526611,4.3141961097717285,4.157903671264648,4.020717144012451,3.905388593673706,3.8140757083892822,3.748079776763916,3.7076125144958496
8.812331199645996,8.941267967224121,9.0518159866333,9.138827323913574,9.19984245300293,9.236477851867676,9.25411605834961,9.260213851928711,9.2619047164917,9.264030456542969,9.268378257751465,9.274259567260742,9.279831886291504,9.283114433288574,9.282495498657227,9.276216506958008,9.261935234069824,9.236475944519043,9.196113586425781,9.137486457824707,9.058585166931152,8.95938491821289,8.841707229614258,8.708539962768555,8.562786102294922,8.406407356262207,8.239616394042969,8.061217308044434,7.869534015655518,7.663538455963135,7.443844795227051,7.213089942932129,6.975507736206055,6.736025810241699,6.499207019805908,6.268689155578613,6.047101020812988,5.836583614349365,5.6394147872924805,5.458347797393799,5.296425819396973,5.15654182434082,5.040839195251465
9.98905086517334,10.077622413635254,10.14001178741455,10.17764663696289,10.194764137268066,10.19914722442627,10.201135635375977,10.211028099060059,10.236007690429688,10.278403282165527,10.33610725402832,10.404716491699219,10.479815483093262,10.558000564575195,10.636295318603516,10.71114730834961,10.777749061584473,10.830487251281738,10.864175796508789,10.875185012817383,10.86186408996582,10.824601173400879,10.765145301818848,10.686020851135254,10.589831352233887,10.478412628173828,10.352294921875,10.210596084594727,10.051515579223633,9.873403549194336,9.675830841064453,9.460331916809082,9.230259895324707,8.989958763122559,8.743626594543457,8.49407958984375,8.24267864227295,7.9900126457214355,7.737277030944824,7.487292289733887,7.244399070739746,7.013542175292969,6.799459457397461
11.318955421447754,11.292036056518555,11.25272274017334,11.213868141174316,11.185340881347656,11.175429344177246,11.191285133361816,11.237466812133789,11.313926696777344,11.415877342224121,11.536328315734863,11.669618606567383,11.813135147094727,11.965816497802734,12.125028610229492,12.284602165222168,12.435776710510254,12.570382118225098,12.683404922485352,12.773246765136719,12.83945083618164,12.88060188293457,12.893844604492188,12.876791000366211,12.829866409301758,12.756874084472656,12.663556098937988,12.55506420135498,12.434000015258789,12.299936294555664,12.149953842163086,11.979986190795898,11.78658390045166,11.568315505981445,11.32591724395752,11.061247825622559,10.775993347167969,10.4718017578125,10.151785850524902,9.821990013122559,9.490711212158203,9.166132926940918,8.854543685913086
12.765715599060059,12.653558731079102,12.557605743408203,12.488810539245605,12.450133323669434,12.442255020141602,12.46693229675293,12.525825500488281,12.617563247680664,12.737488746643066,12.881208419799805,13.048445701599121,13.242640495300293,13.46579360961914,13.712450981140137,13.968225479125977,14.214848518371582,14.437898635864258,14.63182544708252,14.798245429992676,14.939288139343262,15.05219554901123,15.129864692687988,15.167061805725098,15.165885925292969,15.135899543762207,15.08845329284668,15.030617713928223,14.963263511657715,14.882563591003418,14.782100677490234,14.653822898864746,14.489714622497559,14.28477954864502,14.039361000061035,13.757552146911621,13.443174362182617,13.098057746887207,12.724644660949707,12.330525398254395,11.928214073181152,11.530380249023438,11.145294189453125
14.38553237915039,14.262032508850098,14.162181854248047,14.082171440124512,14.016104698181152,13.964557647705078,13.937241554260254,13.947112083435059,14.002687454223633,14.105956077575684,14.256865501403809,14.458244323730469,14.71436882019043,15.024593353271484,15.376739501953125,15.74673843383789,16.105697631835938,16.430444717407227,16.710670471191406,16.94772720336914,17.14588165283203,17.304529190063477,17.418956756591797,17.489439010620117,17.528047561645508,17.553556442260742,17.577266693115234,17.594097137451172,17.5880069732666,17.54567527770996,17.463703155517578,17.343536376953125,17.184192657470703,16.98316764831543,16.74299430847168,16.472017288208008,16.17599105834961,15.851649284362793,15.491781234741211,15.09664535522461,14.678051948547363,14.251152992248535,13.825674057006836
15.935922622680664,15.751302719116211,15.570947647094727,15.393106460571289,15.223398208618164,15.078656196594238,14.984434127807617,14.964488983154297,15.03127384185791,15.185253143310547,15.421744346618652,15.735882759094238,16.121631622314453,16.567832946777344,17.055728912353516,17.559064865112305,18.046260833740234,18.486690521240234,18.860092163085938,19.162578582763672,19.402667999267578,19.589963912963867,19.72945213317871,19.828598022460938,19.906858444213867,19.989795684814453,20.08652114868164,20.17567253112793,20.220325469970703,20.200103759765625,20.125537872314453,20.019790649414062,19.891870498657227,19.73398780822754,19.54088020324707,19.32120132446289,19.084758758544922,18.825288772583008,18.52506446838379,18.175920486450195,17.788528442382812,17.37906837463379,16.953927993774414
17.100677490234375,16.752330780029297,16.4010066986084,16.07316780090332,15.797731399536133,15.603086471557617,15.514938354492188,15.549516677856445,15.709545135498047,15.9885892868042,16.377695083618164,16.86444854736328,17.42857551574707,18.043441772460938,18.683149337768555,19.324098587036133,19.938243865966797,20.489341735839844,20.944364547729492,21.29360580444336,21.557785034179688,21.770313262939453,21.951995849609375,22.10688018798828,22.241573333740234,22.37706756591797,22.528743743896484,22.67861557006836,22.783748626708984,22.81964111328125,22.80649185180664,22.782384872436523,22.757469177246094,22.70758056640625,22.610727310180664,22.472925186157227,22.309669494628906,22.11467170715332,21.863370895385742,21.546085357666016,21.18242645263672,20.796945571899414,20.392141342163086
17.944211959838867,17.47738265991211,17.030330657958984,16.650468826293945,16.37116241455078,16.211517333984375,16.183120727539062,16.290437698364258,16.530895233154297,16.90160369873047,17.400861740112305,18.017391204833984,18.72061538696289,19.468738555908203,20.225902557373047,20.967113494873047,21.666656494140625,22.287843704223633,22.792177200317383,23.16634178161621,23.44181251525879,23.678701400756836,23.918418884277344,24.155488967895508,24.365318298339844,24.552827835083008,24.752788543701172,24.979475021362305,25.19968032836914,25.37150001525879,25.49388313293457,25.597545623779297,25.694875717163086,25.763103485107422,25.77956771850586,25.7501220703125,25.686838150024414,25.572092056274414,25.368162155151367,25.064613342285156,24.697118759155273,24.30889129638672,23.906824111938477
18.676111221313477,18.252477645874023,17.871915817260742,17.57261085510254,17.373464584350586,17.28170394897461,17.305877685546875,17.454355239868164,17.73098373413086,18.140090942382812,18.68561363220215,19.355125427246094,20.110685348510742,20.903535842895508,21.69251251220703,22.446212768554688,23.137815475463867,23.74428939819336,24.24550437927246,24.630020141601562,24.918867111206055,25.17534065246582,25.45963478088379,25.768177032470703,26.04949378967285,26.289743423461914,26.547462463378906,26.880977630615234,27.268726348876953,27.631807327270508,27.918975830078125,28.140796661376953,28.329042434692383,28.494218826293945,28.62849998474121,28.725507736206055,28.775949478149414,28.7500057220459,28.607776641845703,28.340612411499023,27.990758895874023,27.612655639648438,27.219247817993164
19.350767135620117,19.07550621032715,18.843990325927734,18.678539276123047,18.59205436706543,18.592342376708984,18.69378089904785,18.909936904907227,19.243282318115234,19.693004608154297,20.25893783569336,20.92392921447754,21.647066116333008,22.38567352294922,23.107070922851562,23.775127410888672,24.3562068939209,24.848316192626953,25.272600173950195,25.632051467895508,25.92128562927246,26.180648803710938,26.478897094726562,26.82262420654297,27.145795822143555,27.42217445373535,27.730039596557617,28.15701675415039,28.679651260375977,29.18458366394043,29.589157104492188,29.905824661254883,30.19951629638672,30.508100509643555,30.80550765991211,31.03217887878418,31.152671813964844,31.171123504638672,31.09603500366211,30.92474937438965,30.672813415527344,30.378870010375977,30.058082580566406
20.022174835205078,19.905601501464844,19.823171615600586,19.805458068847656,19.873153686523438,20.027986526489258,20.272228240966797,20.605846405029297,21.0123291015625,21.47615623474121,22.00019645690918,22.579030990600586,23.178178787231445,23.764856338500977,24.326496124267578,24.83774185180664,25.259172439575195,25.594348907470703,25.892135620117188,26.172332763671875,26.418054580688477,26.65580177307129,26.95062828063965,27.294937133789062,27.602237701416016,27.85441017150879,28.15907859802246,28.604827880859375,29.13546371459961,29.624061584472656,30.020965576171875,30.388063430786133,30.816974639892578,31.325124740600586,31.812053680419922,32.139373779296875,32.28001403808594,32.3427619934082,32.41629409790039,32.460697174072266,32.40306854248047,32.25381851196289,32.057098388671875
20.732616424560547,20.751331329345703,20.800201416015625,20.93441390991211,21.175752639770508,21.499177932739258,21.880720138549805,22.305316925048828,22.73621940612793,23.138906478881836,23.527938842773438,23.930988311767578,24.327415466308594,24.68126678466797,24.99770164489746,25.28984260559082,25.539243698120117,25.740755081176758,25.925031661987305,26.103084564208984,26.26871109008789,26.467893600463867,26.75284194946289,27.05878448486328,27.26633071899414,27.40301513671875,27.63353157043457,28.020538330078125,28.438661575317383,28.76522445678711,29.037612915039062,29.387405395507812,29.898517608642578,30.524789810180664,31.0878963470459,31.417221069335938,31.56260871887207,31.769479751586914,32.15578842163086,32.54574966430664,32.72711944580078,32.71715545654297,32.647212982177734
