earth/public/data/atmosphere/W07/ANN-wind-isobaric-700hPa-gfs-1.0.json
{"header": {"discipline": 0, "disciplineName": "Meteorological products", "gribEdition": 2, "gribLength": 17922.0, "center": 0, "centerName": "Kiel Climate Model", "subcenter": 0, "refTime": "1", "significanceOfRT": 1, "significanceOfRTName": "Start of forecast", "productStatus": 0, "productStatusName": "Operational products", "productType": 1, "productTypeName": "Forecast products", "productDefinitionTemplate": 0, "productDefinitionTemplateName": "Analysis/forecast at horizontal level/layer at a point in time", "parameterCategory": 2, "parameterCategoryName": "Momentum", "parameterNumber": 2, "parameterNumberName": "U-component_of_wind", "parameterUnit": "m/s", "genProcessType": 2, "genProcessTypeName": "Forecast", "forecastTime": 0, "surface1Type": 103, "surface1TypeName": "Specified height level above ground", "surface1Value": 10, "surface2Type": 255, "surface2TypeName": "Missing", "surface2Value": 0, "gridDefinitionTemplate": 0, "gridDefinitionTemplateName": "Latitude_Longitude", "numberPoints": 65160, "shape": 6, "shapeName": "Earth spherical with radius of 6,371,229.0 m", "gridUnits": "degrees", "resolution": 48, "winds": "true", "scanMode": 0, "nx": 128.0, "ny": 64.0, "basicAngle": 0, "subDivisions": 0, "lo1": 0.0, "la1": 87.86379883923263, "lo2": 357.1875, "la2": -87.86379883923263, "dx": 2.8125, "dy": 2.7893269472772264}, "data":
[rows 0 to 18 of 64, columns 0 to 42 of 128]
-1.1872562170028687,-1.0184475183486938,-0.8490020036697388,-0.6795473694801331,-0.5107129812240601,-0.34316548705101013,-0.1775389164686203,-0.014486844651401043,0.14536234736442566,0.30140596628189087,0.45310187339782715,0.5999210476875305,0.7413928508758545,0.8771328926086426,1.0067663192749023,1.1300095319747925,1.2466378211975098,1.3564642667770386,1.459374189376831,1.5552862882614136,1.644150733947754,1.7260082960128784,1.8008545637130737,1.8687255382537842,1.929703712463379,1.9838452339172363,2.031203031539917,2.0718460083007812,2.1058106422424316,2.133125066757202,2.153822422027588,2.1678717136383057,2.1752469539642334,2.175929069519043,2.169834852218628,2.156879186630249,2.1369762420654297,2.1100077629089355,2.075838088989258,2.0343546867370605,1.985426664352417,1.9289145469665527,1.8646966218948364
-0.07380951195955276,0.02541794255375862,0.1262555867433548,0.22667697072029114,0.32449713349342346,0.41739922761917114,0.5031614899635315,0.5796988010406494,0.6451873183250427,0.6981517672538757,0.7375433444976807,0.7627337574958801,0.7735845446586609,0.7703900337219238,0.7538794279098511,0.7251625657081604,0.6856380701065063,0.6369981169700623,0.5810818076133728,0.5198488235473633,0.455275297164917,0.3893033564090729,0.32375550270080566,0.2602861225605011,0.2003381848335266,0.14509233832359314,0.09544976055622101,0.05202626809477806,0.015126364305615425,-0.015196395106613636,-0.03911624103784561,-0.057004015892744064,-0.06933603435754776,-0.07666075229644775,-0.07950759679079056,-0.07833440601825714,-0.07354461401700974,-0.06537860631942749,-0.05396633222699165,-0.039320170879364014,-0.021405067294836044,-0.00018768191512208432,0.024306941777467728
0.7861700654029846,0.8818419575691223,0.9822438955307007,1.0806474685668945,1.170277714729309,1.24494206905365,1.2993543148040771,1.3295361995697021,1.3330284357070923,1.3089104890823364,1.2577519416809082,1.1814484596252441,1.0828698873519897,0.9655935168266296,0.8335539102554321,0.6907338500022888,0.5409792065620422,0.38780564069747925,0.2343425750732422,0.08342421054840088,-0.062477972358465195,-0.20103704929351807,-0.33013877272605896,-0.44777801632881165,-0.5521447062492371,-0.6416762471199036,-0.7152620553970337,-0.7723752856254578,-0.813190758228302,-0.8387594819068909,-0.8509550094604492,-0.852441668510437,-0.8464508652687073,-0.8364757895469666,-0.8259451985359192,-0.8178026080131531,-0.8141127228736877,-0.8158077001571655,-0.8224500417709351,-0.8322338461875916,-0.8420886397361755,-0.8479787707328796,-0.8452915549278259
1.2216230630874634,1.339924693107605,1.461587905883789,1.5734363794326782,1.663607120513916,1.7225695848464966,1.744003176689148,1.7253339290618896,1.6679348945617676,1.5768327713012695,1.4599896669387817,1.3271726369857788,1.1886190176010132,1.0537139177322388,0.9298308491706848,0.8214938044548035,0.7301371693611145,0.6542373299598694,0.5900259613990784,0.5323852300643921,0.4760077893733978,0.41650062799453735,0.3511650264263153,0.27963417768478394,0.20388564467430115,0.12795481085777283,0.05728895962238312,-0.0023091055918484926,-0.04569883644580841,-0.06939561665058136,-0.07232791185379028,-0.056195084005594254,-0.025388868525624275,0.013522031717002392,0.05270717293024063,0.0842314139008522,0.10113751143217087,0.09852683544158936,0.07422507554292679,0.029115945100784302,-0.03298228234052658,-0.10576801747083664,-0.18124806880950928
1.2244758605957031,1.323550820350647,1.4316442012786865,1.5335817337036133,1.6146279573440552,1.6620043516159058,1.6667834520339966,1.625556230545044,1.5414766073226929,1.4241740703582764,1.2883353233337402,1.1512084007263184,1.0294512510299683,0.9362196326255798,0.8789218664169312,0.8582140207290649,0.8682729005813599,0.8982865810394287,0.934490442276001,0.9625962376594543,0.9700609445571899,0.9477635622024536,0.8911412358283997,0.800724446773529,0.6818941235542297,0.5441049337387085,0.3995874524116516,0.2615618109703064,0.142335906624794,0.05144789442420006,-0.0058342586271464825,-0.02914268709719181,-0.02297414280474186,0.0043801008723676205,0.04251338914036751,0.08092184364795685,0.11088872700929642,0.1269158273935318,0.12728017568588257,0.11386269330978394,0.09111625701189041,0.06451104581356049,0.038974493741989136
0.9626713395118713,1.0661845207214355,1.206100344657898,1.3701421022415161,1.5397107601165771,1.6926206350326538,1.8080003261566162,1.8718278408050537,1.880820393562317,1.8433928489685059,1.7768992185592651,1.7023688554763794,1.63838791847229,1.5961582660675049,1.5773297548294067,1.5748077630996704,1.5760353803634644,1.5672235488891602,1.537148118019104,1.4794445037841797,1.3931671380996704,1.281760811805725,1.1514973640441895,1.00996732711792,0.8652054071426392,0.7253748774528503,0.598587155342102,0.49250712990760803,0.41325142979621887,0.36391282081604004,0.34324705600738525,0.3451835513114929,0.35954922437667847,0.37414342164993286,0.37738823890686035,0.36091914772987366,0.32148313522338867,0.2615326941013336,0.18883714079856873,0.11498800665140152,0.053340133279561996,0.01645040698349476,0.01312505453824997
1.0678935050964355,1.253159999847412,1.4869459867477417,1.7597333192825317,2.0470023155212402,2.314690351486206,2.5295231342315674,2.670163154602051,2.734257221221924,2.7383720874786377,2.7105860710144043,2.679086208343506,2.6618361473083496,2.661407947540283,2.6663782596588135,2.658130407333374,2.6193525791168213,2.540872573852539,2.4247405529022217,2.2829341888427734,2.1330535411834717,1.9926327466964722,1.8745026588439941,1.7844340801239014,1.7218656539916992,1.6829804182052612,1.6643069982528687,1.6647106409072876,1.6846705675125122,1.7232191562652588,1.7744419574737549,1.826136827468872,1.8617756366729736,1.8652102947235107,1.8258780241012573,1.7417339086532593,1.6185927391052246,1.4666441679000854,1.2964524030685425,1.1168781518936157,0.936037003993988,0.7640067338943481,0.6147816181182861
2.017277240753174,2.2826855182647705,2.5583298206329346,2.8340489864349365,3.0847551822662354,3.2777040004730225,3.3860249519348145,3.402771472930908,3.347620725631714,3.2609615325927734,3.187221050262451,3.1560134887695312,3.171264410018921,3.2139813899993896,3.2556638717651367,3.273632764816284,3.2600176334381104,3.221191883087158,3.1709537506103516,3.1230628490448,3.086634635925293,3.0647170543670654,3.054204225540161,3.0465683937072754,3.0301260948181152,2.995105743408203,2.9396448135375977,2.87300705909729,2.8122665882110596,2.7729930877685547,2.7586257457733154,2.755704164505005,2.738921642303467,2.684044361114502,2.5812978744506836,2.4411447048187256,2.288451910018921,2.1481211185455322,2.030442714691162,1.9246834516525269,1.804911732673645,1.6448564529418945,1.4337321519851685
3.2743794918060303,3.565962314605713,3.7993240356445312,3.965550184249878,4.056440353393555,4.06295108795166,3.982915163040161,3.834836483001709,3.6647355556488037,3.5340378284454346,3.4908764362335205,3.5427966117858887,3.6521670818328857,3.760533094406128,3.8259754180908203,3.8471691608428955,3.857339859008789,3.89479398727417,3.9735405445098877,4.075474739074707,4.166393756866455,4.219795227050781,4.228860855102539,4.200314044952393,4.140542507171631,4.04913854598999,3.9258790016174316,3.7827255725860596,3.646662950515747,3.5473108291625977,3.4969542026519775,3.47835636138916,3.4512815475463867,3.37507700920105,3.2335047721862793,3.0457634925842285,2.8567726612091064,2.7122550010681152,2.6333673000335693,2.6052584648132324,2.5851104259490967,2.523103952407837,2.3838534355163574
4.370389461517334,4.599404335021973,4.7060933113098145,4.709120273590088,4.643413066864014,4.53272819519043,4.384418964385986,4.21156644821167,4.05747652053833,3.989853858947754,4.058475017547607,4.249429702758789,4.480675220489502,4.652865886688232,4.719953536987305,4.721853733062744,4.749423027038574,4.8686981201171875,5.06592321395874,5.257837295532227,5.356782913208008,5.335566520690918,5.2408318519592285,5.149170398712158,5.107744216918945,5.108391761779785,5.110805034637451,5.086881637573242,5.045292854309082,5.018442630767822,5.028687953948975,5.065326690673828,5.089887619018555,5.062233924865723,4.966088771820068,4.816899299621582,4.648947238922119,4.4914231300354,4.349289894104004,4.201898574829102,4.020519733428955,3.790926218032837,3.5214245319366455
5.590046405792236,5.589174747467041,5.470518589019775,5.294764041900635,5.133575916290283,5.02098274230957,4.936742305755615,4.843123435974121,4.742702484130859,4.6959075927734375,4.771049499511719,4.9702229499816895,5.2073974609375,5.371152877807617,5.421492576599121,5.429912567138672,5.5195159912109375,5.753364086151123,6.070173740386963,6.326829433441162,6.413033962249756,6.339441776275635,6.224761962890625,6.19597864151001,6.2903947830200195,6.441407680511475,6.55103874206543,6.5758137702941895,6.549892425537109,6.536433219909668,6.564949035644531,6.613063812255859,6.637117385864258,6.610280990600586,6.533686637878418,6.422907829284668,6.2907185554504395,6.135369300842285,5.9325714111328125,5.638134479522705,5.214358329772949,4.671031475067139,4.081325054168701
6.809122562408447,6.602081298828125,6.393094062805176,6.195193290710449,6.040530204772949,5.95407247543335,5.916339874267578,5.873014450073242,5.792804718017578,5.709000110626221,5.689455986022949,5.761475563049316,5.874752044677734,5.949552536010742,5.9635443687438965,5.985064506530762,6.1129069328308105,6.378100872039795,6.702882289886475,6.959219455718994,7.07662296295166,7.102035045623779,7.154660224914551,7.311683177947998,7.529054164886475,7.6775689125061035,7.66819953918457,7.5466108322143555,7.458742618560791,7.517798900604248,7.706454753875732,7.907016277313232,8.011545181274414,7.987945079803467,7.851220607757568,7.609408378601074,7.264353275299072,6.847026348114014,6.407835960388184,5.954108715057373,5.425085067749023,4.7661237716674805,4.027590751647949
7.653730392456055,7.548724174499512,7.531523704528809,7.460900783538818,7.282828330993652,7.052670478820801,6.850991249084473,6.704466342926025,6.589099407196045,6.483025074005127,6.392694473266602,6.331552028656006,6.296820640563965,6.2803826332092285,6.29346227645874,6.364068984985352,6.506420612335205,6.700740814208984,6.907186985015869,7.0947980880737305,7.257563591003418,7.413068771362305,7.587642192840576,7.784984111785889,7.954386234283447,8.010464668273926,7.923871994018555,7.7998762130737305,7.825606346130371,8.09882926940918,8.516739845275879,8.865560531616211,9.016937255859375,8.99941635131836,8.87321662902832,8.598647117614746,8.092840194702148,7.397161483764648,6.701228618621826,6.152838230133057,5.6924052238464355,5.1476335525512695,4.485272407531738
8.404839515686035,8.361145973205566,8.322003364562988,8.11597728729248,7.708667278289795,7.2197346687316895,6.806488990783691,6.54571533203125,6.409392833709717,6.319401264190674,6.213560581207275,6.080602645874023,5.960945129394531,5.92080545425415,6.005074977874756,6.192649841308594,6.40149450302124,6.561110973358154,6.684685707092285,6.842250823974609,7.0477776527404785,7.2086076736450195,7.230037689208984,7.151700496673584,7.1214728355407715,7.2276387214660645,7.416795253753662,7.603020668029785,7.788084983825684,8.00093936920166,8.161532402038574,8.11978530883789,7.862234592437744,7.5858659744262695,7.4817795753479,7.4906840324401855,7.378840923309326,7.061339855194092,6.732885837554932,6.601969242095947,6.579842567443848,6.374019145965576,5.892126560211182
8.825257301330566,8.367659568786621,7.791549205780029,7.150920867919922,6.554769515991211,6.104088306427002,5.835421562194824,5.722352981567383,5.704748630523682,5.712662696838379,5.694606304168701,5.6490912437438965,5.624560356140137,5.680545330047607,5.843567371368408,6.080655097961426,6.302822113037109,6.4263811111450195,6.464900493621826,6.523372173309326,6.641688346862793,6.6837897300720215,6.4942121505737305,6.1746296882629395,6.0741658210754395,6.419275760650635,7.031076431274414,7.50516939163208,7.617366790771484,7.442516326904297,7.116032123565674,6.652188777923584,6.068769931793213,5.55673885345459,5.363301753997803,5.514687538146973,5.790551662445068,6.024129867553711,6.310938835144043,6.801809310913086,7.362616062164307,7.63311767578125,7.472982406616211
7.986762523651123,7.211307525634766,6.316965103149414,5.555828094482422,5.104560852050781,4.940982341766357,4.9208903312683105,4.945643424987793,5.005551815032959,5.102499485015869,5.225554466247559,5.394931793212891,5.634562969207764,5.895598888397217,6.098835468292236,6.251900672912598,6.414507865905762,6.544522762298584,6.517511367797852,6.331037998199463,6.140974521636963,6.036881923675537,5.942016124725342,5.836226940155029,5.911570072174072,6.323551654815674,6.875370025634766,7.151771068572998,6.9729743003845215,6.571234703063965,6.2924885749816895,6.243142127990723,6.283944129943848,6.277143955230713,6.236250400543213,6.243349552154541,6.317914009094238,6.443084716796875,6.678023815155029,7.115167140960693,7.686408996582031,8.142972946166992,8.333684921264648
6.508738040924072,6.120022773742676,5.643705368041992,5.249241828918457,5.013725757598877,4.833683013916016,4.584537029266357,4.310478687286377,4.1463141441345215,4.110253810882568,4.137675762176514,4.272497653961182,4.599729537963867,4.994654655456543,5.211806297302246,5.277816295623779,5.498157024383545,5.948350429534912,6.256642818450928,6.102664470672607,5.691023826599121,5.477603435516357,5.595467567443848,5.802672386169434,5.872715950012207,5.7779459953308105,5.547166347503662,5.1873016357421875,4.778232574462891,4.504695892333984,4.555370330810547,5.013095855712891,5.774582862854004,6.539369583129883,6.994140625,7.088922500610352,7.0488762855529785,7.084222316741943,7.2119669914245605,7.3803606033325195,7.598104953765869,7.882996559143066,8.219094276428223
5.999724864959717,6.0888142585754395,6.104811668395996,6.0357184410095215,5.8449249267578125,5.4576897621154785,4.868403911590576,4.25370979309082,3.8139445781707764,3.5066959857940674,3.168128728866577,2.8934760093688965,2.9606525897979736,3.313593626022339,3.537947416305542,3.525561809539795,3.727484941482544,4.448421001434326,5.273208141326904,5.581517696380615,5.358726501464844,5.097227573394775,5.065410137176514,5.040585517883301,4.684884548187256,3.909961700439453,2.92836594581604,2.131687879562378,1.8236639499664307,1.9317984580993652,2.121194362640381,2.283073902130127,2.649226188659668,3.2863118648529053,3.8410117626190186,4.058927536010742,4.221874237060547,4.732866287231445,5.530474662780762,6.238417148590088,6.688939571380615,7.022933006286621,7.422966003417969
6.007744789123535,6.048816204071045,6.145859718322754,6.198655605316162,6.145054340362549,5.97201681137085,5.647693157196045,5.214723587036133,4.80460786819458,4.420422554016113,3.931533098220825,3.4362285137176514,3.302971363067627,3.607137441635132,3.881016254425049,3.7525601387023926,3.504925489425659,3.63082218170166,4.114990234375,4.53416109085083,4.634868144989014,4.459954261779785,4.091625690460205,3.5824155807495117,3.001103639602661,2.329457998275757,1.505470633506775,0.7488270998001099,0.5270905494689941,0.9058607816696167,1.2815301418304443,1.1588501930236816,0.8262742161750793,0.7666172385215759,0.8240259885787964,0.6253994703292847,0.46720099449157715,1.016798734664917,2.328859806060791,3.79763126373291,4.9347710609436035,5.724020481109619,6.368995189666748
