earth/public/data/atmosphere/W07/ANN-rh-isobaric-850hPa-gfs-1.0.json
{"header": {"discipline": 0, "disciplineName": "Meteorological products", "gribEdition": 2, "gribLength": 17922.0, "center": 0, "centerName": "Kiel Climate Model", "subcenter": 0, "refTime": "1", "significanceOfRT": 1, "significanceOfRTName": "Start of forecast", "productStatus": 0, "productStatusName": "Operational products", "productType": 1, "productTypeName": "Forecast products", "productDefinitionTemplate": 0, "productDefinitionTemplateName": "Analysis/forecast at horizontal level/layer at a point in time", "parameterCategory": 2, "parameterCategoryName": "Momentum", "parameterNumber": 2, "parameterNumberName": "U-component_of_wind", "parameterUnit": "%", "genProcessType": 2, "genProcessTypeName": "Forecast", "forecastTime": 0, "surface1Type": 103, "surface1TypeName": "Specified height level above ground", "surface1Value": 10, "surface2Type": 255, "surface2TypeName": "Missing", "surface2Value": 0, "gridDefinitionTemplate": 0, "gridDefinitionTemplateName": "Latitude_Longitude", "numberPoints": 65160, "shape": 6, "shapeName": "Earth spherical with radius of 6,371,229.0 m", "gridUnits": "degrees", "resolution": 48, "winds": "true", "scanMode": 0, "nx": 128.0, "ny": 64.0, "basicAngle": 0, "subDivisions": 0, "lo1": 0.0, "la1": 87.86379883923263, "lo2": 357.1875, "la2": -87.86379883923263, "dx": 2.8125, "dy": 2.7893269472772264}, "data":
[rows 38 to 56 of 64, columns 0 to 42 of 128]
0.5450190305709839,0.4898022711277008,0.4842814803123474,0.5246611833572388,0.5674663186073303,0.5893144011497498,0.5870612859725952,0.5687947273254395,0.563637375831604,0.5999127626419067,0.671550989151001,0.7481045722961426,0.7993407845497131,0.803387463092804,0.7753125429153442,0.7802143096923828,0.8476207256317139,0.9029504656791687,0.8774436712265015,0.8269447684288025,0.8322043418884277,0.8653566241264343,0.8660796284675598,0.8522421717643738,0.858338475227356,0.8639082312583923,0.8524834513664246,0.8464632630348206,0.8485947251319885,0.837899386882782,0.8235694169998169,0.8237259387969971,0.8218252658843994,0.8037374019622803,0.7842981219291687,0.7685992121696472,0.7483506202697754,0.7285747528076172,0.7098934650421143,0.6822418570518494,0.6517919301986694,0.626926600933075,0.6029850244522095
0.5274996161460876,0.4448340833187103,0.41359424591064453,0.4348810613155365,0.45898786187171936,0.485206663608551,0.5280085802078247,0.5562865734100342,0.5605092644691467,0.5920824408531189,0.67214435338974,0.7487739324569702,0.7755535244941711,0.760419487953186,0.743124783039093,0.7696203589439392,0.8435767889022827,0.8936638236045837,0.867109477519989,0.8230451345443726,0.8319690227508545,0.856672465801239,0.8432053923606873,0.825412929058075,0.8379852175712585,0.845612645149231,0.8301252126693726,0.8240095973014832,0.8283795714378357,0.8160046935081482,0.7997265458106995,0.7982314825057983,0.7896333932876587,0.7651053667068481,0.7457380294799805,0.7258778214454651,0.6912784576416016,0.6647258996963501,0.654893696308136,0.6287567019462585,0.5826928615570068,0.5528929829597473,0.5465272068977356
0.5513302087783813,0.46656569838523865,0.4099572002887726,0.38679271936416626,0.38124385476112366,0.41985154151916504,0.49645233154296875,0.5352001786231995,0.5271859169006348,0.5635084509849548,0.6638521552085876,0.7344632148742676,0.7351296544075012,0.7282999157905579,0.7543171644210815,0.7921831607818604,0.822192907333374,0.8351271152496338,0.8258969187736511,0.817997395992279,0.8313772082328796,0.8393428921699524,0.8242180943489075,0.8174657225608826,0.8287534713745117,0.8243649005889893,0.8057456612586975,0.8054494857788086,0.8115308284759521,0.7976472973823547,0.7826392650604248,0.7782776355743408,0.7581316232681274,0.7257565259933472,0.711681067943573,0.7004477381706238,0.6665645837783813,0.6365868449211121,0.6238550543785095,0.5894545912742615,0.5322045087814331,0.5062348246574402,0.5190773606300354
0.5998417139053345,0.5392330288887024,0.4794592261314392,0.41957783699035645,0.3778475522994995,0.40100210905075073,0.4677577018737793,0.4934850335121155,0.4907757639884949,0.5641255974769592,0.7031711935997009,0.7756279110908508,0.7516970038414001,0.7371304035186768,0.7776939868927002,0.8123779892921448,0.8090201616287231,0.7998064160346985,0.8045586943626404,0.8144162893295288,0.8212716579437256,0.8205094933509827,0.8156032562255859,0.8175234794616699,0.8189511895179749,0.8052883148193359,0.791532576084137,0.7932438850402832,0.7879048585891724,0.7629444003105164,0.7460764050483704,0.742181122303009,0.7207562327384949,0.6877548098564148,0.6752264499664307,0.6698669195175171,0.645635187625885,0.6218701601028442,0.6100795865058899,0.5801656246185303,0.5346232056617737,0.5194454789161682,0.5347567796707153
0.6410195827484131,0.6095919013023376,0.57315593957901,0.5125727653503418,0.4491978585720062,0.4409715533256531,0.48534539341926575,0.5185703635215759,0.544285237789154,0.6300635933876038,0.7520751357078552,0.8022162318229675,0.7674887180328369,0.7436525225639343,0.7696959972381592,0.7954941391944885,0.7980607748031616,0.8032838106155396,0.8148651719093323,0.8140426874160767,0.8030887842178345,0.7954140901565552,0.7913628220558167,0.7857997417449951,0.7768543362617493,0.7674089074134827,0.7651378512382507,0.7666482925415039,0.7548975944519043,0.7320716381072998,0.7213397026062012,0.720477819442749,0.7040818929672241,0.6756740212440491,0.6585453748703003,0.6478145122528076,0.6292517781257629,0.613659679889679,0.6057226061820984,0.5882859230041504,0.5667838454246521,0.5672644972801208,0.5811569690704346
0.6635281443595886,0.64668208360672,0.6405632495880127,0.61299067735672,0.5619723200798035,0.5376842617988586,0.5672081708908081,0.6161691546440125,0.6570753455162048,0.7019873261451721,0.7445501089096069,0.7537100315093994,0.7390494346618652,0.7421119213104248,0.7656702995300293,0.7828043103218079,0.7935140132904053,0.8094322085380554,0.8168851733207703,0.8051175475120544,0.7920793294906616,0.7899614572525024,0.7857170701026917,0.7720233201980591,0.7600210309028625,0.7559351325035095,0.7532200217247009,0.746282696723938,0.7366455793380737,0.7298639416694641,0.7283359169960022,0.7242644429206848,0.7092446088790894,0.6894470453262329,0.6754541397094727,0.6655244827270508,0.6554345488548279,0.6479279398918152,0.6403281688690186,0.6276074647903442,0.6214243769645691,0.6348929405212402,0.6531410813331604
0.6977453231811523,0.6769723892211914,0.6785188913345337,0.6782721877098083,0.6563348770141602,0.63790363073349,0.6566104888916016,0.703202486038208,0.7417606115341187,0.7535445690155029,0.7449471950531006,0.7353029251098633,0.7444970011711121,0.7720243334770203,0.7947189211845398,0.8009465336799622,0.804471492767334,0.8115008473396301,0.8092100620269775,0.7985637784004211,0.7981128692626953,0.8073452711105347,0.8066511154174805,0.7950929403305054,0.7893579602241516,0.7892081141471863,0.7799702882766724,0.7632254958152771,0.754398763179779,0.7555537819862366,0.7539331912994385,0.7432981729507446,0.7301911115646362,0.720959484577179,0.7143678665161133,0.7083923816680908,0.7049998044967651,0.7032560110092163,0.6967218518257141,0.6860011219978333,0.6838610768318176,0.6969053149223328,0.7120240926742554
0.7562676072120667,0.7315840721130371,0.7200673818588257,0.7180459499359131,0.7128848433494568,0.7083964943885803,0.7193633913993835,0.7470259070396423,0.7752978205680847,0.788602352142334,0.7859289646148682,0.7796650528907776,0.7815629839897156,0.7892356514930725,0.7929177284240723,0.7936132550239563,0.7993621826171875,0.8061173558235168,0.8036519289016724,0.7972465753555298,0.7991768717765808,0.8041251301765442,0.7992122173309326,0.7904791831970215,0.7922347784042358,0.7994728088378906,0.7974603176116943,0.7888241410255432,0.7863569259643555,0.788670003414154,0.7853754162788391,0.7777105569839478,0.7742671370506287,0.7733592391014099,0.76677006483078,0.7556874752044678,0.7481566667556763,0.7446542978286743,0.7392956614494324,0.7323484420776367,0.7294715642929077,0.730843186378479,0.7315012216567993
0.8012893199920654,0.7899107933044434,0.7738633155822754,0.7599828839302063,0.7540164589881897,0.7556408047676086,0.7596615552902222,0.7633228898048401,0.7696699500083923,0.7804895043373108,0.7896903157234192,0.7889248132705688,0.7774331569671631,0.7628325819969177,0.7550902366638184,0.7604081630706787,0.7754808664321899,0.7880995273590088,0.7898774743080139,0.7857396602630615,0.7837188839912415,0.7819359302520752,0.775887131690979,0.7707133293151855,0.7738099694252014,0.7824209928512573,0.7900502681732178,0.797228991985321,0.8054990172386169,0.8100981116294861,0.8089965581893921,0.8094985485076904,0.8158947229385376,0.8202829957008362,0.8151866793632507,0.805671751499176,0.7997219562530518,0.7960596680641174,0.7905976176261902,0.7855756878852844,0.7830145359039307,0.7782230973243713,0.7692898511886597
0.8172982931137085,0.8229485154151917,0.8173572421073914,0.8028976321220398,0.7925201058387756,0.7913771867752075,0.7905800342559814,0.7822490334510803,0.7718938589096069,0.7694187164306641,0.7740976214408875,0.7764020562171936,0.7717635631561279,0.7654575109481812,0.7645329833030701,0.7698541283607483,0.7763838768005371,0.7787379026412964,0.7762435078620911,0.7731074094772339,0.773441731929779,0.7772374749183655,0.7819238305091858,0.7855614423751831,0.7875137329101562,0.7891850471496582,0.794722855091095,0.8064902424812317,0.8194898962974548,0.8262305855751038,0.8274393677711487,0.8305451273918152,0.8371168375015259,0.841014564037323,0.8405138850212097,0.8417209386825562,0.846545934677124,0.8480004668235779,0.8426462411880493,0.8375968933105469,0.8385902643203735,0.8402549028396606,0.8358628749847412
0.8304844498634338,0.8381949663162231,0.8421125411987305,0.8378943204879761,0.8315664529800415,0.8295186161994934,0.8297534584999084,0.8269250988960266,0.8208451867103577,0.8152433633804321,0.8115719556808472,0.808882474899292,0.8076126575469971,0.8086850047111511,0.8097873330116272,0.8068767189979553,0.799578845500946,0.791915237903595,0.7873244881629944,0.7857735753059387,0.7864536643028259,0.7903010249137878,0.7974769473075867,0.8042298555374146,0.8060927987098694,0.8046281337738037,0.8071971535682678,0.8178693652153015,0.8318959474563599,0.8423610329627991,0.8488644361495972,0.8548231720924377,0.859374463558197,0.8590303063392639,0.856072187423706,0.8571233749389648,0.8623160719871521,0.8638435006141663,0.8582144975662231,0.8526989817619324,0.8549786806106567,0.8621188998222351,0.8652766346931458
0.8431316018104553,0.8449565172195435,0.8515961170196533,0.8578810691833496,0.8603636026382446,0.8598759770393372,0.8590959310531616,0.8595803380012512,0.8604320287704468,0.8587702512741089,0.8525093793869019,0.8434969186782837,0.8364201188087463,0.8334816694259644,0.8319085836410522,0.8284742832183838,0.8246477842330933,0.8243237137794495,0.8272634148597717,0.828439474105835,0.824813723564148,0.8196350336074829,0.8178322315216064,0.8194231390953064,0.8206818699836731,0.820791482925415,0.8234428763389587,0.8311293721199036,0.841472864151001,0.8511789441108704,0.860448956489563,0.8702796101570129,0.8778519630432129,0.8791368007659912,0.8754289150238037,0.8727377653121948,0.8739234209060669,0.8754625916481018,0.873619794845581,0.8701624274253845,0.8692566156387329,0.8712673783302307,0.8728808164596558
0.8505076766014099,0.8497667908668518,0.8541719913482666,0.8624957799911499,0.8687005043029785,0.8685015439987183,0.8636127710342407,0.8594332933425903,0.859190821647644,0.861131489276886,0.8615789413452148,0.8596639037132263,0.8577698469161987,0.8577455282211304,0.8586553931236267,0.8590770363807678,0.8598400950431824,0.8625216484069824,0.8659787178039551,0.8667947053909302,0.863719642162323,0.8597387075424194,0.8584755063056946,0.8598886132240295,0.861190676689148,0.8611233234405518,0.8611131906509399,0.862214982509613,0.8633431792259216,0.8637219071388245,0.8651651740074158,0.8698393106460571,0.8766270875930786,0.881981611251831,0.8844729065895081,0.8865118622779846,0.8908599019050598,0.8969384431838989,0.9016454219818115,0.902821958065033,0.900830864906311,0.8974661827087402,0.894614040851593
0.8685019016265869,0.8660080432891846,0.8650330901145935,0.8691042065620422,0.8755754232406616,0.8794302940368652,0.8790396451950073,0.8773865103721619,0.8782310485839844,0.8822268843650818,0.8870956897735596,0.8906156420707703,0.8923590779304504,0.8926958441734314,0.891368567943573,0.8878339529037476,0.8825018405914307,0.8768521547317505,0.87244713306427,0.8703852295875549,0.8714412450790405,0.8756290674209595,0.8811938762664795,0.8849854469299316,0.8849582672119141,0.882201075553894,0.8796464800834656,0.878690779209137,0.8779376149177551,0.8756411075592041,0.8725250363349915,0.8712354898452759,0.8732641935348511,0.8773627877235413,0.8811834454536438,0.8837405443191528,0.8858016729354858,0.8883579969406128,0.8913785219192505,0.8940131068229675,0.8955192565917969,0.8958307504653931,0.8954830169677734
0.8745531439781189,0.871304452419281,0.8690893054008484,0.871919572353363,0.8794178366661072,0.8879637122154236,0.894426167011261,0.8983017802238464,0.9006237983703613,0.9017614126205444,0.9008941054344177,0.8974183797836304,0.8922238945960999,0.8872466087341309,0.8838827013969421,0.8819921612739563,0.8803761601448059,0.878114640712738,0.8755433559417725,0.8740595579147339,0.8747941851615906,0.8771247267723083,0.8784887194633484,0.8761854767799377,0.8699087500572205,0.8625239729881287,0.857943594455719,0.8579279184341431,0.8609654903411865,0.8642633557319641,0.8665794134140015,0.868909478187561,0.8726206421852112,0.8773669004440308,0.8810622096061707,0.8817737102508545,0.879538357257843,0.8764775395393372,0.8753061890602112,0.8775200247764587,0.8825049996376038,0.8879855871200562,0.8913928270339966
0.8486976623535156,0.8521738648414612,0.8571965098381042,0.8634443283081055,0.869526743888855,0.8738831877708435,0.876083493232727,0.877054750919342,0.8779300451278687,0.8787917494773865,0.8787329196929932,0.8772167563438416,0.8752803206443787,0.8752148747444153,0.8788344860076904,0.885806679725647,0.8935068845748901,0.8985776901245117,0.8989883065223694,0.8950300216674805,0.888602614402771,0.8815532922744751,0.8745656609535217,0.8674560785293579,0.8603331446647644,0.8542264699935913,0.8504356145858765,0.849298894405365,0.8497874736785889,0.8504709601402283,0.8509107828140259,0.8520541191101074,0.8552291989326477,0.8607567548751831,0.8675155639648438,0.8738046884536743,0.8786341547966003,0.8822870254516602,0.8857696056365967,0.8897437453269958,0.8938772082328796,0.897097110748291,0.8984480500221252
0.8423349261283875,0.8543028235435486,0.8659546375274658,0.8740512728691101,0.876842200756073,0.8751225471496582,0.8719625473022461,0.871064305305481,0.8746355772018433,0.8821505904197693,0.8908491730690002,0.897593080997467,0.9007118940353394,0.9005332589149475,0.8983826637268066,0.8950063586235046,0.8897532224655151,0.8811349272727966,0.8682680130004883,0.8520324230194092,0.8350740075111389,0.8206984996795654,0.8114637732505798,0.808333694934845,0.8106623888015747,0.8166720271110535,0.8239672183990479,0.8299631476402283,0.8324090838432312,0.8300943374633789,0.8234487175941467,0.8145858645439148,0.806593120098114,0.8023523688316345,0.8034698963165283,0.8097584247589111,0.8193835020065308,0.8295180797576904,0.8372963666915894,0.8408524394035339,0.8401567935943604,0.8372325301170349,0.8354271650314331
0.8413760662078857,0.848628044128418,0.8550859093666077,0.8590351939201355,0.8601232767105103,0.8597983717918396,0.8605926036834717,0.864569902420044,0.8718426823616028,0.8800972104072571,0.885513424873352,0.8845929503440857,0.875836968421936,0.8603042364120483,0.8407920002937317,0.8202308416366577,0.8003035187721252,0.7810522317886353,0.7615605592727661,0.741151750087738,0.7203444242477417,0.7010722160339355,0.6861470937728882,0.6782982349395752,0.6791946291923523,0.6887548565864563,0.7049148082733154,0.7239444255828857,0.7413163185119629,0.7529712915420532,0.7566068172454834,0.7524940967559814,0.7434177994728088,0.7336539030075073,0.7273138761520386,0.726701021194458,0.7313928604125977,0.738513171672821,0.7441677451133728,0.745461106300354,0.7421382665634155,0.7369496822357178,0.7343803644180298
0.7523077726364136,0.7480499148368835,0.7451351284980774,0.7438402771949768,0.7444894313812256,0.7473306059837341,0.7521650195121765,0.7579545974731445,0.762750506401062,0.7641801834106445,0.7604105472564697,0.7511596083641052,0.7381834387779236,0.7248519062995911,0.7148602604866028,0.7106009125709534,0.7119413614273071,0.7160123586654663,0.7181639075279236,0.7137386798858643,0.6999602913856506,0.6772096157073975,0.6492141485214233,0.6220803260803223,0.6024978160858154,0.5957031846046448,0.6038661003112793,0.6254209280014038,0.6555773019790649,0.6878452301025391,0.7160587310791016,0.7361805438995361,0.7472465634346008,0.7511311769485474,0.7512881755828857,0.7510511875152588,0.7522507309913635,0.7547463178634644,0.7570269703865051,0.7574981451034546,0.7557154893875122,0.7528495192527771,0.7510575652122498
