earth/public/data/atmosphere/W07/ANN-wind-isobaric-700hPa-gfs-1.0.json
{"header": {"discipline": 0, "disciplineName": "Meteorological products", "gribEdition": 2, "gribLength": 17922.0, "center": 0, "centerName": "Kiel Climate Model", "subcenter": 0, "refTime": "1", "significanceOfRT": 1, "significanceOfRTName": "Start of forecast", "productStatus": 0, "productStatusName": "Operational products", "productType": 1, "productTypeName": "Forecast products", "productDefinitionTemplate": 0, "productDefinitionTemplateName": "Analysis/forecast at horizontal level/layer at a point in time", "parameterCategory": 2, "parameterCategoryName": "Momentum", "parameterNumber": 2, "parameterNumberName": "V-component_of_wind", "parameterUnit": "m/s", "genProcessType": 2, "genProcessTypeName": "Forecast", "forecastTime": 0, "surface1Type": 103, "surface1TypeName": "Specified height level above ground", "surface1Value": 10, "surface2Type": 255, "surface2TypeName": "Missing", "surface2Value": 0, "gridDefinitionTemplate": 0, "gridDefinitionTemplateName": "Latitude_Longitude", "numberPoints": 65160, "shape": 6, "shapeName": "Earth spherical with radius of 6,371,229.0 m", "gridUnits": "degrees", "resolution": 48, "winds": "true", "scanMode": 0, "nx": 128.0, "ny": 64.0, "basicAngle": 0, "subDivisions": 0, "lo1": 0.0, "la1": 87.86379883923263, "lo2": 357.1875, "la2": -87.86379883923263, "dx": 2.8125, "dy": 2.7893269472772264}, "data":
[rows 19 to 37 of 64, columns 84 to 125 of 128]
-2.216905117034912,-0.6315219402313232,1.2837142944335938,2.43461012840271,2.5369997024536133,2.280499219894409,2.178596019744873,2.070639133453369,1.853394865989685,1.7938618659973145,1.8522460460662842,1.5352120399475098,0.7401654124259949,0.0018688024720177054,-0.3567177355289459,-0.5913457274436951,-0.846633791923523,-0.834986686706543,-0.4390659034252167,0.013479603454470634,0.29414132237434387,0.5552940368652344,0.9167273640632629,1.236022710800171,1.4059503078460693,1.5022982358932495,1.568666934967041,1.5526083707809448,1.461464762687683,1.3372316360473633,1.119991660118103,0.7380363345146179,0.2562403082847595,-0.22524084150791168,-0.7223104238510132,-1.2938826084136963,-1.8974565267562866,-2.361529588699341,-2.4228668212890625,-1.8527320623397827,-0.7289758920669556,0.41921621561050415
-1.7672522068023682,-0.8373832106590271,0.49609094858169556,1.5897934436798096,2.0600690841674805,2.1284005641937256,2.065572738647461,1.853034257888794,1.6056770086288452,1.668248176574707,1.9632058143615723,1.8949229717254639,1.2396349906921387,0.49339330196380615,0.07297614216804504,-0.15352877974510193,-0.32629096508026123,-0.27673646807670593,0.029411690309643745,0.31990620493888855,0.452831894159317,0.5638006925582886,0.7155929207801819,0.8036075830459595,0.8200303316116333,0.8663805723190308,0.9201392531394958,0.8693534135818481,0.7254167199134827,0.5717551708221436,0.3868541121482849,0.1008436530828476,-0.2781991958618164,-0.7121907472610474,-1.1798174381256104,-1.6254992485046387,-1.9798340797424316,-2.172656774520874,-2.011782169342041,-1.268681526184082,-0.12032522261142731,0.7240070104598999
-0.9954810738563538,-0.45060238242149353,0.32129576802253723,1.166096806526184,1.756683111190796,1.9645354747772217,1.9230948686599731,1.7623051404953003,1.5914801359176636,1.5912410020828247,1.7463750839233398,1.713395595550537,1.2974777221679688,0.7541483640670776,0.37154677510261536,0.1485128104686737,0.043234895914793015,0.11203079670667648,0.29702892899513245,0.4262505769729614,0.4498755633831024,0.4358905851840973,0.39987561106681824,0.32865023612976074,0.2790282666683197,0.29815271496772766,0.32404637336730957,0.27920544147491455,0.17894302308559418,0.05580544099211693,-0.11578898876905441,-0.34476152062416077,-0.6053798198699951,-0.9219890236854553,-1.3002830743789673,-1.603628396987915,-1.6926559209823608,-1.5818123817443848,-1.2683688402175903,-0.6586360931396484,0.05533875152468681,0.2716435194015503
-0.3324326276779175,0.10032299160957336,0.6300548315048218,1.3223748207092285,1.8632251024246216,1.9402447938919067,1.7341865301132202,1.5822333097457886,1.503387212753296,1.3921570777893066,1.2792302370071411,1.1922664642333984,1.0828601121902466,0.9315236210823059,0.7471444606781006,0.562568724155426,0.4570956230163574,0.44016894698143005,0.4147486686706543,0.34487828612327576,0.2752014398574829,0.1943453699350357,0.08223313838243484,0.0029415611643344164,-0.007686535827815533,-0.0201710294932127,-0.08811512589454651,-0.1657300740480423,-0.20172564685344696,-0.24163168668746948,-0.37026986479759216,-0.5721380114555359,-0.7562283873558044,-0.9202337861061096,-1.1226158142089844,-1.2869486808776855,-1.2380850315093994,-0.9410430192947388,-0.5373368263244629,-0.1963912397623062,-0.09965735673904419,-0.4450683295726776
0.1526433378458023,0.5401807427406311,1.0005992650985718,1.657783031463623,2.2262449264526367,2.241136074066162,1.7677491903305054,1.2674683332443237,0.9687110185623169,0.8352006077766418,0.8365941047668457,0.9503276944160461,1.1050454378128052,1.1789369583129883,1.0430423021316528,0.7519547939300537,0.5352047681808472,0.4513164460659027,0.3597629964351654,0.24550475180149078,0.17555399239063263,0.0831584632396698,-0.06300171464681625,-0.14693096280097961,-0.14687879383563995,-0.17516985535621643,-0.25559377670288086,-0.316862553358078,-0.3355957865715027,-0.35087496042251587,-0.41335541009902954,-0.536051869392395,-0.6678946018218994,-0.7598595023155212,-0.8252660632133484,-0.870777428150177,-0.8120800852775574,-0.5554099082946777,-0.20529863238334656,-0.06981348991394043,-0.32188090682029724,-0.7899999618530273
0.4218958914279938,0.8037890791893005,1.1936744451522827,1.7714303731918335,2.463381767272949,2.729271411895752,2.219555139541626,1.2209973335266113,0.3730330169200897,0.13062645494937897,0.40430691838264465,0.7672929763793945,1.002974033355713,1.093943476676941,0.9004334807395935,0.43675467371940613,0.09134259819984436,0.07739052921533585,0.17519086599349976,0.210094153881073,0.19819310307502747,0.10956338047981262,-0.0448196716606617,-0.15344206988811493,-0.2080143392086029,-0.25602588057518005,-0.25720468163490295,-0.2201988250017166,-0.23962730169296265,-0.3188517987728119,-0.3815370798110962,-0.4194583594799042,-0.4891890287399292,-0.5936650633811951,-0.6384205222129822,-0.5715134739875793,-0.4741276502609253,-0.38590145111083984,-0.27696317434310913,-0.2744538486003876,-0.49615928530693054,-0.7155671715736389
0.5665084719657898,0.9651182889938354,1.2491319179534912,1.6019495725631714,2.2259628772735596,2.7509913444519043,2.544750452041626,1.500304102897644,0.29455113410949707,-0.3021327555179596,-0.2941598892211914,-0.18446069955825806,-0.05906365066766739,0.22274693846702576,0.3431393504142761,0.03971325606107712,-0.26807671785354614,-0.18080155551433563,0.0826120525598526,0.21579618752002716,0.2043863832950592,0.11554776877164841,0.026174630969762802,-0.01366891898214817,-0.07085739076137543,-0.15805327892303467,-0.1774360090494156,-0.14302055537700653,-0.15923963487148285,-0.2463444471359253,-0.3526431918144226,-0.40856343507766724,-0.42430931329727173,-0.5094795227050781,-0.5988268852233887,-0.48469120264053345,-0.2750243842601776,-0.2577643394470215,-0.3897414207458496,-0.4883336126804352,-0.551021158695221,-0.525319516658783
0.7529026865959167,1.0525823831558228,1.2292876243591309,1.3422584533691406,1.6132258176803589,2.00353741645813,2.1173198223114014,1.6147940158843994,0.6880158185958862,-0.17428764700889587,-0.8438209891319275,-1.3889161348342896,-1.4900819063186646,-0.9275634288787842,-0.25761526823043823,-0.04660853371024132,-0.04319801554083824,0.15429311990737915,0.4227963984012604,0.5232048034667969,0.4407990574836731,0.2620982527732849,0.12228312343358994,0.08435717225074768,0.059901852160692215,0.007149035576730967,-0.05892203748226166,-0.16182324290275574,-0.22960494458675385,-0.2234024703502655,-0.30451059341430664,-0.45834624767303467,-0.4765878915786743,-0.4616994559764862,-0.56194007396698,-0.5306740999221802,-0.2826996445655823,-0.17503125965595245,-0.33967018127441406,-0.5228226184844971,-0.5678473114967346,-0.49165305495262146
0.684165894985199,0.7767996191978455,0.8944435715675354,0.9453714489936829,0.9016082882881165,0.9107161164283752,1.0348966121673584,1.0530962944030762,0.7465299963951111,0.12371694296598434,-0.7076124548912048,-1.4978796243667603,-1.776548981666565,-1.332292914390564,-0.5683072805404663,0.05955992639064789,0.5364086627960205,0.9436031579971313,1.2011311054229736,1.2466497421264648,1.051853060722351,0.6558791399002075,0.27398622035980225,0.04611554369330406,-0.06761670857667923,-0.050352711230516434,0.013078279793262482,-0.10825228691101074,-0.29355692863464355,-0.28870806097984314,-0.3077848255634308,-0.5109319686889648,-0.5838826298713684,-0.4721340239048004,-0.4760168790817261,-0.5225649476051331,-0.3628477156162262,-0.15567335486412048,-0.20540344715118408,-0.500713050365448,-0.7415688633918762,-0.7130679488182068
0.0592910461127758,0.035247500985860825,0.11706431955099106,0.19710855185985565,0.11059679090976715,-0.047330379486083984,-0.10922697186470032,-0.08112550526857376,-0.07062919437885284,-0.18281486630439758,-0.4508949816226959,-0.7696503400802612,-0.9635909795761108,-0.8946969509124756,-0.4736999273300171,0.2728179693222046,1.0725104808807373,1.5712934732437134,1.704542636871338,1.6073024272918701,1.272721290588379,0.7734295725822449,0.42574235796928406,0.25498268008232117,0.014013816602528095,-0.14984118938446045,-0.04178890958428383,-0.0025868865195661783,-0.2165454626083374,-0.362364262342453,-0.39759793877601624,-0.5458781719207764,-0.6681467294692993,-0.5832815170288086,-0.4598388373851776,-0.4284243583679199,-0.3621470034122467,-0.1872091144323349,-0.16103321313858032,-0.5639157891273499,-1.0612488985061646,-1.0801994800567627
-0.547889232635498,-0.5450442433357239,-0.5466049313545227,-0.562124490737915,-0.5888587236404419,-0.6208943724632263,-0.7544298768043518,-0.9532352685928345,-1.0164519548416138,-0.9134477972984314,-0.7420784831047058,-0.5563611388206482,-0.47548437118530273,-0.4840073883533478,-0.18835332989692688,0.6123871803283691,1.3962751626968384,1.563300371170044,1.2267895936965942,0.812959611415863,0.4083520472049713,0.11574254184961319,0.28092366456985474,0.6989442706108093,0.6444321274757385,0.1375371366739273,-0.12480396777391434,-0.07606858015060425,-0.15948528051376343,-0.3722156584262848,-0.4848048985004425,-0.5542534589767456,-0.6717850565910339,-0.7268615961074829,-0.6177271008491516,-0.4665754437446594,-0.4203470051288605,-0.36996331810951233,-0.3454861342906952,-0.7057003378868103,-1.2622694969177246,-1.3170086145401
-0.564078152179718,-0.5335780382156372,-0.6093583703041077,-0.7669633626937866,-0.8232888579368591,-0.7713996171951294,-0.8591716885566711,-1.0702160596847534,-1.1734334230422974,-1.1907751560211182,-1.1575822830200195,-0.9624978303909302,-0.7407935261726379,-0.5901243090629578,-0.11599341779947281,0.8067907691001892,1.4116836786270142,1.0350749492645264,0.09588374197483063,-0.5914527773857117,-0.8554160594940186,-0.8472998142242432,-0.3845647871494293,0.4854295551776886,1.001542568206787,0.7018246650695801,0.12109626084566116,-0.15291163325309753,-0.22143051028251648,-0.35833102464675903,-0.5286218523979187,-0.6143929362297058,-0.6881003975868225,-0.8193299770355225,-0.8425868153572083,-0.6957321763038635,-0.6140086650848389,-0.6345217227935791,-0.6344637274742126,-0.8054762482643127,-1.143491268157959,-1.1806561946868896
-0.44729185104370117,-0.4379321038722992,-0.48990991711616516,-0.6385756134986877,-0.7500441670417786,-0.8082709908485413,-0.9140565395355225,-0.9715474843978882,-0.9461751580238342,-1.0572515726089478,-1.2388190031051636,-1.1928086280822754,-1.039754867553711,-0.9117427468299866,-0.40851491689682007,0.5107268691062927,0.9492790699005127,0.2686627209186554,-0.9150541424751282,-1.562203288078308,-1.5091934204101562,-1.3407033681869507,-1.2172495126724243,-0.6746931076049805,0.3114427924156189,0.9896543622016907,0.8585160374641418,0.3093952536582947,-0.045862890779972076,-0.17245440185070038,-0.3637259304523468,-0.6041804552078247,-0.7315984964370728,-0.8263919353485107,-0.9164121747016907,-0.8556130528450012,-0.7241384387016296,-0.6996722221374512,-0.7321701049804688,-0.7780966758728027,-0.8361048102378845,-0.778557300567627
-0.6327715516090393,-0.641681432723999,-0.6822177171707153,-0.773145854473114,-0.8808886408805847,-1.0232672691345215,-1.1553853750228882,-1.1464570760726929,-1.0784010887145996,-1.158509373664856,-1.2592133283615112,-1.1762175559997559,-1.1087470054626465,-1.1336854696273804,-0.8498412370681763,-0.2652897238731384,-0.12155872583389282,-0.7813606858253479,-1.6449283361434937,-1.9702647924423218,-1.7368489503860474,-1.5445313453674316,-1.7312891483306885,-1.7415691614151,-0.8324791789054871,0.6378414034843445,1.4423226118087769,1.1513036489486694,0.5985057950019836,0.41705581545829773,0.25669100880622864,-0.1869182139635086,-0.5936165452003479,-0.7567501068115234,-0.8211976885795593,-0.8026255369186401,-0.6635681986808777,-0.5664949417114258,-0.6087892055511475,-0.6651159524917603,-0.6159151196479797,-0.49372249841690063
-0.7531165480613708,-0.8195984959602356,-0.9735886454582214,-1.128771185874939,-1.2363173961639404,-1.3113347291946411,-1.3561869859695435,-1.3829283714294434,-1.4100602865219116,-1.4142147302627563,-1.3465574979782104,-1.233817458152771,-1.192358374595642,-1.2113659381866455,-1.1462557315826416,-1.1132324934005737,-1.3967193365097046,-1.837862253189087,-2.0224204063415527,-1.989471197128296,-2.0079851150512695,-2.043576717376709,-2.0237057209014893,-1.9266284704208374,-1.3665553331375122,-0.10137556493282318,1.1321256160736084,1.4677021503448486,1.2096809148788452,1.1139488220214844,1.0559804439544678,0.5463210344314575,-0.19545972347259521,-0.6231212019920349,-0.6706018447875977,-0.5901576280593872,-0.5009621977806091,-0.42881444096565247,-0.4330037832260132,-0.4927647113800049,-0.5004860162734985,-0.4527794122695923
-0.6370914578437805,-0.8238794207572937,-1.0592437982559204,-1.284291386604309,-1.4477083683013916,-1.47011137008667,-1.4395384788513184,-1.533409595489502,-1.5971333980560303,-1.4380980730056763,-1.2838410139083862,-1.2892489433288574,-1.2431306838989258,-1.1259984970092773,-1.1959919929504395,-1.5429266691207886,-1.9793832302093506,-2.1207404136657715,-1.7991042137145996,-1.5822796821594238,-2.016223192214966,-2.5321130752563477,-2.331138849258423,-1.6766526699066162,-1.1015725135803223,-0.43727248907089233,0.43031761050224304,1.065642237663269,1.2864121198654175,1.4019862413406372,1.4648493528366089,1.1153979301452637,0.3130630552768707,-0.36201709508895874,-0.45195960998535156,-0.24270956218242645,-0.19371163845062256,-0.2560632526874542,-0.24944397807121277,-0.26556727290153503,-0.35584747791290283,-0.4389024078845978
-0.5583282709121704,-0.7795199155807495,-0.9182025790214539,-1.0979171991348267,-1.3180840015411377,-1.3719472885131836,-1.381158471107483,-1.5757677555084229,-1.608119249343872,-1.2763047218322754,-1.1148790121078491,-1.2423454523086548,-1.1472793817520142,-0.9582427144050598,-1.1447529792785645,-1.4762505292892456,-1.6237281560897827,-1.644258975982666,-1.4830732345581055,-1.293541431427002,-1.6175236701965332,-2.2883241176605225,-2.3909873962402344,-1.6656054258346558,-0.7201639413833618,-0.04551536589860916,0.35423436760902405,0.6857425570487976,1.0452170372009277,1.3332302570343018,1.471848487854004,1.3521647453308105,0.7701398730278015,0.019690465182065964,-0.18996089696884155,0.08521275967359543,0.1533404439687729,-0.022521574050188065,-0.0669635534286499,-0.08486068993806839,-0.22565393149852753,-0.3438321352005005
-0.477229505777359,-0.551398515701294,-0.5603384375572205,-0.6926711797714233,-0.8971611261367798,-0.9203707575798035,-0.9601227045059204,-1.2409268617630005,-1.300220251083374,-0.9877610802650452,-0.9344695806503296,-1.1215267181396484,-0.9748287796974182,-0.8231037855148315,-1.081911325454712,-1.1942250728607178,-1.0162547826766968,-1.2023082971572876,-1.594438910484314,-1.4895575046539307,-1.171708106994629,-1.361266851425171,-1.8671317100524902,-1.8200485706329346,-0.8554478287696838,0.2834688127040863,0.6789968013763428,0.5856420397758484,0.7838466167449951,1.1839227676391602,1.3685991764068604,1.3485276699066162,1.0040379762649536,0.3354434669017792,0.007579779718071222,0.22499807178974152,0.3246989846229553,0.15538723766803741,0.09671853482723236,0.0398985929787159,-0.14668221771717072,-0.23284763097763062
-0.296152800321579,-0.18745090067386627,-0.168430358171463,-0.28304651379585266,-0.38392236828804016,-0.3097657859325409,-0.322242796421051,-0.5880758762359619,-0.6841291785240173,-0.5253432393074036,-0.5924471020698547,-0.7681477069854736,-0.6509311199188232,-0.5995644330978394,-0.8174172043800354,-0.7924314737319946,-0.6245594620704651,-0.9284042716026306,-1.3823860883712769,-1.255556583404541,-0.7245263457298279,-0.5390946865081787,-1.0469154119491577,-1.657193660736084,-1.316940426826477,-0.1565030813217163,0.4812738001346588,0.3299172818660736,0.40463435649871826,0.8686801791191101,1.1083675622940063,1.099366545677185,0.925754964351654,0.4921264946460724,0.21831028163433075,0.36141231656074524,0.4357486069202423,0.3075661361217499,0.2918676435947418,0.2349223494529724,0.013386057689785957,-0.08063506335020065
