earth/public/data/atmosphere/W07/ANN-wind-isobaric-850hPa-gfs-1.0.json
{"header": {"discipline": 0, "disciplineName": "Meteorological products", "gribEdition": 2, "gribLength": 17922.0, "center": 0, "centerName": "Kiel Climate Model", "subcenter": 0, "refTime": "1", "significanceOfRT": 1, "significanceOfRTName": "Start of forecast", "productStatus": 0, "productStatusName": "Operational products", "productType": 1, "productTypeName": "Forecast products", "productDefinitionTemplate": 0, "productDefinitionTemplateName": "Analysis/forecast at horizontal level/layer at a point in time", "parameterCategory": 2, "parameterCategoryName": "Momentum", "parameterNumber": 2, "parameterNumberName": "U-component_of_wind", "parameterUnit": "m/s", "genProcessType": 2, "genProcessTypeName": "Forecast", "forecastTime": 0, "surface1Type": 103, "surface1TypeName": "Specified height level above ground", "surface1Value": 10, "surface2Type": 255, "surface2TypeName": "Missing", "surface2Value": 0, "gridDefinitionTemplate": 0, "gridDefinitionTemplateName": "Latitude_Longitude", "numberPoints": 65160, "shape": 6, "shapeName": "Earth spherical with radius of 6,371,229.0 m", "gridUnits": "degrees", "resolution": 48, "winds": "true", "scanMode": 0, "nx": 128.0, "ny": 64.0, "basicAngle": 0, "subDivisions": 0, "lo1": 0.0, "la1": 87.86379883923263, "lo2": 357.1875, "la2": -87.86379883923263, "dx": 2.8125, "dy": 2.7893269472772264}, "data":
[rows 38 to 56 of 64, columns 0 to 42 of 128]
-4.582073211669922,-3.7600317001342773,-3.0138258934020996,-2.2201120853424072,-1.4703401327133179,-1.1461328268051147,-1.6531002521514893,-2.8353707790374756,-4.0413665771484375,-4.864642143249512,-5.050169467926025,-4.291725158691406,-2.9406697750091553,-1.8445727825164795,-1.432117223739624,-1.9657658338546753,-3.4958298206329346,-5.000923156738281,-5.532355308532715,-5.800242900848389,-6.63040018081665,-7.379047870635986,-7.467633247375488,-7.434514045715332,-7.619489669799805,-7.702306747436523,-7.61035680770874,-7.523471355438232,-7.396083354949951,-7.203925609588623,-7.0858659744262695,-6.997852802276611,-6.754358768463135,-6.3759846687316895,-6.003777027130127,-5.632289886474609,-5.165431022644043,-4.566999435424805,-3.9054555892944336,-3.35834002494812,-3.0894882678985596,-3.142167806625366,-3.466576337814331
-5.386549949645996,-4.61119270324707,-3.811337947845459,-2.7084081172943115,-1.4568469524383545,-0.9003637433052063,-1.4608228206634521,-2.5319972038269043,-3.437565565109253,-4.061259746551514,-4.154006004333496,-3.3800365924835205,-2.2516467571258545,-1.5764297246932983,-1.4338527917861938,-1.8171008825302124,-2.8880538940429688,-4.026517868041992,-4.545965671539307,-5.005921840667725,-5.932623863220215,-6.61912727355957,-6.6814351081848145,-6.813827991485596,-7.212553977966309,-7.3152995109558105,-7.12932014465332,-7.082858085632324,-7.0864033699035645,-6.91462516784668,-6.7257914543151855,-6.609658241271973,-6.417570114135742,-6.155403137207031,-5.903794765472412,-5.55163049697876,-5.029513359069824,-4.4662370681762695,-3.9310555458068848,-3.390101194381714,-2.9681408405303955,-2.9320428371429443,-3.2864255905151367
-5.225783824920654,-4.923408508300781,-4.331588268280029,-3.1357486248016357,-1.6570329666137695,-0.8504143953323364,-0.9587284326553345,-1.262893795967102,-1.433585286140442,-1.7596772909164429,-1.9950339794158936,-1.6404573917388916,-1.157106876373291,-1.2564030885696411,-1.6767611503601074,-1.9947751760482788,-2.4127280712127686,-2.9446120262145996,-3.329188108444214,-3.7929611206054688,-4.494385242462158,-4.963129997253418,-5.087310791015625,-5.349649906158447,-5.7039289474487305,-5.7279229164123535,-5.642060279846191,-5.809403419494629,-5.945602893829346,-5.796110153198242,-5.627861976623535,-5.558696746826172,-5.385322570800781,-5.13087272644043,-4.940592288970947,-4.697444915771484,-4.29481840133667,-3.8444159030914307,-3.3503801822662354,-2.720184326171875,-2.1888813972473145,-2.1857378482818604,-2.688880681991577
-3.626026153564453,-3.897805690765381,-3.8731014728546143,-3.1492602825164795,-1.9753811359405518,-1.060826063156128,-0.5411854386329651,-0.04950650781393051,0.25670474767684937,-0.023916995152831078,-0.4555397927761078,-0.3923625349998474,-0.24703752994537354,-0.7061180472373962,-1.4144819974899292,-1.7012596130371094,-1.6639033555984497,-1.6606101989746094,-1.7513045072555542,-1.9883612394332886,-2.3671226501464844,-2.656402111053467,-2.823058843612671,-3.049426317214966,-3.2364039421081543,-3.2513339519500732,-3.3299145698547363,-3.546605348587036,-3.573411226272583,-3.3910577297210693,-3.347153663635254,-3.4052670001983643,-3.2609364986419678,-3.0102601051330566,-2.905228853225708,-2.845245122909546,-2.664046287536621,-2.404513359069824,-2.048271656036377,-1.5565439462661743,-1.224144458770752,-1.4130606651306152,-1.9751213788986206
-0.7921567559242249,-1.3412035703659058,-1.8603802919387817,-1.9185574054718018,-1.4949012994766235,-0.9062445759773254,-0.29923322796821594,0.27760374546051025,0.5187897682189941,0.3042413592338562,0.1867547333240509,0.5969948768615723,1.0121493339538574,0.7856314182281494,0.20222273468971252,-0.09106500446796417,-0.018788635730743408,0.15427693724632263,0.30158382654190063,0.3491232097148895,0.25524652004241943,0.11888150125741959,0.007469390984624624,-0.11162606626749039,-0.21196305751800537,-0.28487953543663025,-0.400359183549881,-0.47305306792259216,-0.3578277826309204,-0.2163497358560562,-0.2634557783603668,-0.3235868513584137,-0.19133709371089935,-0.06098681315779686,-0.11210956424474716,-0.16634583473205566,-0.09209630638360977,-0.0036375075578689575,0.07536450773477554,0.203948974609375,0.23735134303569794,0.04406677186489105,-0.17156463861465454
2.6367664337158203,2.073615789413452,1.3298113346099854,0.6540497541427612,0.2545054852962494,0.2188570201396942,0.5295295715332031,1.0053644180297852,1.3831111192703247,1.6563899517059326,2.1047098636627197,2.7536635398864746,3.162388801574707,3.0453147888183594,2.695209503173828,2.513108968734741,2.5532331466674805,2.7150778770446777,2.9424326419830322,3.133347272872925,3.202970027923584,3.2152786254882812,3.245166540145874,3.2583508491516113,3.2302865982055664,3.204274892807007,3.2192718982696533,3.2866079807281494,3.3626396656036377,3.36225962638855,3.323991537094116,3.395935297012329,3.5330474376678467,3.517174005508423,3.364640712738037,3.302781105041504,3.3221540451049805,3.206981658935547,2.951869010925293,2.7293670177459717,2.6059441566467285,2.6293890476226807,2.919783115386963
6.257519721984863,5.776028633117676,5.132620811462402,4.292748928070068,3.406888484954834,2.819974660873413,2.802597761154175,3.2934517860412598,3.9949216842651367,4.6620097160339355,5.173398017883301,5.415399074554443,5.34139347076416,5.13297700881958,5.058887481689453,5.173947334289551,5.359219551086426,5.573611259460449,5.835059642791748,6.074095726013184,6.231692314147949,6.373345375061035,6.549377918243408,6.701779842376709,6.809866905212402,6.955573558807373,7.171749591827393,7.361818790435791,7.427395343780518,7.4090728759765625,7.444247722625732,7.569775581359863,7.643693447113037,7.560657978057861,7.427270412445068,7.350777626037598,7.210450649261475,6.860063076019287,6.386324405670166,5.974407196044922,5.732586860656738,5.771098613739014,6.143544673919678
9.771391868591309,9.412775993347168,9.03684139251709,8.45444107055664,7.589061737060547,6.729912281036377,6.298614978790283,6.421749114990234,6.853837013244629,7.250672817230225,7.411165237426758,7.3418354988098145,7.224158763885498,7.273065567016602,7.526107311248779,7.8244524002075195,8.052392959594727,8.272043228149414,8.556073188781738,8.850970268249512,9.09997844696045,9.34426498413086,9.61442756652832,9.865156173706055,10.081843376159668,10.319808006286621,10.593905448913574,10.841965675354004,11.026262283325195,11.177326202392578,11.312503814697266,11.38892936706543,11.377994537353516,11.325460433959961,11.26684856414795,11.129685401916504,10.827141761779785,10.410810470581055,9.994991302490234,9.590309143066406,9.195955276489258,8.961715698242188,8.997183799743652
12.566478729248047,12.322132110595703,12.159039497375488,11.94118881225586,11.446455001831055,10.727259635925293,10.08021354675293,9.700589179992676,9.529925346374512,9.434124946594238,9.394412994384766,9.490334510803223,9.76659870147705,10.147013664245605,10.471802711486816,10.642251968383789,10.728910446166992,10.887032508850098,11.16919994354248,11.49345588684082,11.787879943847656,12.068641662597656,12.364380836486816,12.655428886413574,12.908430099487305,13.110262870788574,13.271090507507324,13.438946723937988,13.673955917358398,13.952701568603516,14.15181827545166,14.19670295715332,14.167753219604492,14.166913986206055,14.136346817016602,13.943172454833984,13.616793632507324,13.32771110534668,13.105417251586914,12.779830932617188,12.291054725646973,11.84438705444336,11.60858154296875
14.262946128845215,14.145734786987305,14.066596031188965,14.022294998168945,13.880270004272461,13.593955993652344,13.250517845153809,12.926212310791016,12.62735652923584,12.388521194458008,12.312817573547363,12.454788208007812,12.718881607055664,12.93111801147461,13.003247261047363,13.002406120300293,13.06319808959961,13.250825881958008,13.520463943481445,13.794573783874512,14.045045852661133,14.29117202758789,14.553019523620605,14.828388214111328,15.086724281311035,15.275094985961914,15.372637748718262,15.447466850280762,15.595305442810059,15.80113697052002,15.940258026123047,15.951619148254395,15.916316986083984,15.902106285095215,15.834169387817383,15.629278182983398,15.368021011352539,15.179381370544434,15.00739574432373,14.679977416992188,14.20201301574707,13.77631664276123,13.498922348022461
14.894267082214355,14.97005558013916,14.974350929260254,14.94331169128418,14.919374465942383,14.945119857788086,15.01541519165039,15.05042839050293,14.975010871887207,14.821477890014648,14.697381973266602,14.647537231445312,14.60809326171875,14.520673751831055,14.438182830810547,14.467840194702148,14.63473892211914,14.856063842773438,15.050103187561035,15.218948364257812,15.403185844421387,15.60273265838623,15.788146018981934,15.96093463897705,16.14276885986328,16.312545776367188,16.415353775024414,16.442363739013672,16.444156646728516,16.449748992919922,16.431644439697266,16.3742618560791,16.311803817749023,16.258806228637695,16.16643714904785,16.000778198242188,15.803738594055176,15.609792709350586,15.365967750549316,15.02807903289795,14.680520057678223,14.434340476989746,14.23837661743164
14.337409973144531,14.583231925964355,14.743932723999023,14.783501625061035,14.790449142456055,14.877016067504883,15.046399116516113,15.186868667602539,15.204166412353516,15.126585960388184,15.052517890930176,15.024263381958008,15.005768775939941,14.97968864440918,15.001547813415527,15.12190055847168,15.296632766723633,15.43053913116455,15.499627113342285,15.574005126953125,15.707585334777832,15.856894493103027,15.945770263671875,15.974020004272461,16.0079345703125,16.073455810546875,16.113861083984375,16.06620216369629,15.938047409057617,15.786781311035156,15.654040336608887,15.544547080993652,15.445034980773926,15.336981773376465,15.20402717590332,15.045670509338379,14.870370864868164,14.668704986572266,14.426752090454102,14.18297290802002,14.020508766174316,13.955161094665527,13.875096321105957
12.765982627868652,13.063004493713379,13.33405876159668,13.494193077087402,13.582245826721191,13.684124946594238,13.816022872924805,13.918665885925293,13.95710277557373,13.982072830200195,14.068419456481934,14.218062400817871,14.360895156860352,14.447084426879883,14.49990177154541,14.563468933105469,14.632845878601074,14.669990539550781,14.673986434936523,14.692391395568848,14.75416374206543,14.825589179992676,14.85677719116211,14.849414825439453,14.845059394836426,14.852694511413574,14.823472023010254,14.709905624389648,14.526521682739258,14.331724166870117,14.160271644592285,13.99252700805664,13.788885116577148,13.540714263916016,13.283348083496094,13.063539505004883,12.896739959716797,12.758574485778809,12.621463775634766,12.491828918457031,12.39405345916748,12.32017707824707,12.227180480957031
10.829004287719727,11.063774108886719,11.27441692352295,11.429014205932617,11.558771133422852,11.711634635925293,11.89057731628418,12.05945110321045,12.201550483703613,12.343612670898438,12.508589744567871,12.663070678710938,12.738096237182617,12.705244064331055,12.614301681518555,12.545228958129883,12.532939910888672,12.549989700317383,12.554010391235352,12.534002304077148,12.509105682373047,12.500412940979004,12.515091896057129,12.545975685119629,12.56884479522705,12.542481422424316,12.431028366088867,12.237728118896484,12.00889778137207,11.791983604431152,11.58923625946045,11.360193252563477,11.072839736938477,10.748597145080566,10.454054832458496,10.24847412109375,10.138997077941895,10.082306861877441,10.023701667785645,9.93137264251709,9.800079345703125,9.639945030212402,9.477437973022461
8.459152221679688,8.564177513122559,8.641715049743652,8.729591369628906,8.869396209716797,9.072149276733398,9.30316162109375,9.509522438049316,9.663962364196777,9.776162147521973,9.861626625061035,9.910475730895996,9.898771286010742,9.829395294189453,9.749373435974121,9.716207504272461,9.746441841125488,9.801412582397461,9.824344635009766,9.789786338806152,9.718676567077637,9.650814056396484,9.6044282913208,9.557311058044434,9.461446762084961,9.278929710388184,9.012984275817871,8.7099609375,8.428262710571289,8.197860717773438,8.005640983581543,7.819238185882568,7.624351978302002,7.437448978424072,7.282548427581787,7.159864902496338,7.042236328125,6.904142379760742,6.752279758453369,6.624857425689697,6.56067419052124,6.569723129272461,6.632519245147705
5.4690961837768555,5.508976936340332,5.57589864730835,5.699958324432373,5.881414890289307,6.079160213470459,6.229556560516357,6.287563800811768,6.258962631225586,6.195858955383301,6.158436298370361,6.175600051879883,6.235750675201416,6.308048248291016,6.367903709411621,6.403827667236328,6.408750534057617,6.374399185180664,6.298530578613281,6.194947719573975,6.090207576751709,6.005661964416504,5.940087795257568,5.869940280914307,5.7680559158325195,5.625006675720215,5.454473972320557,5.278855800628662,5.1089959144592285,4.938183784484863,4.756471633911133,4.5696916580200195,4.399672985076904,4.25980281829834,4.127908706665039,3.9494469165802,3.6802597045898438,3.3395793437957764,3.0254528522491455,2.8697924613952637,2.9583168029785156,3.2721548080444336,3.693556070327759
2.84668231010437,2.899146556854248,2.9807512760162354,3.0862834453582764,3.1901843547821045,3.252858877182007,3.24299693107605,3.161844253540039,3.0495383739471436,2.9635069370269775,2.9398036003112793,2.9632441997528076,2.9679698944091797,2.8694612979888916,2.60839581489563,2.1812498569488525,1.6437969207763672,1.090165138244629,0.620546817779541,0.31125837564468384,0.19652068614959717,0.2661013901233673,0.47724759578704834,0.7734169960021973,1.0990852117538452,1.4028011560440063,1.630906105041504,1.724053978919983,1.6288255453109741,1.3243217468261719,0.8468180298805237,0.2889230251312256,-0.2364564687013626,-0.6502932906150818,-0.9436524510383606,-1.167310357093811,-1.3789756298065186,-1.5856049060821533,-1.7264682054519653,-1.713476300239563,-1.5018844604492188,-1.1392951011657715,-0.7544408440589905
0.4594680070877075,0.3098541796207428,0.150130033493042,-0.009628594852983952,-0.1530364602804184,-0.25948625802993774,-0.30722281336784363,-0.28059113025665283,-0.18315790593624115,-0.05295548215508461,0.030187420547008514,-0.04405120015144348,-0.38316285610198975,-1.0468381643295288,-2.0098371505737305,-3.152590036392212,-4.287343978881836,-5.2114763259887695,-5.767283916473389,-5.884936809539795,-5.594291687011719,-5.004840850830078,-4.267045974731445,-3.533297538757324,-2.933440923690796,-2.5676441192626953,-2.508326530456543,-2.797612428665161,-3.4337241649627686,-4.352848529815674,-5.423382759094238,-6.467727184295654,-7.310905456542969,-7.836639404296875,-8.021870613098145,-7.930702209472656,-7.6724419593811035,-7.349826335906982,-7.027666091918945,-6.73544454574585,-6.4921793937683105,-6.326844692230225,-6.2735490798950195
-3.7380943298339844,-4.2921977043151855,-4.786385536193848,-5.194620132446289,-5.485604763031006,-5.633256912231445,-5.631773948669434,-5.509643077850342,-5.33595609664917,-5.21341609954834,-5.255467891693115,-5.5508646965026855,-6.125668048858643,-6.917111396789551,-7.772951126098633,-8.48227310180664,-8.832322120666504,-8.673995971679688,-7.973583221435547,-6.831693172454834,-5.46207857131958,-4.137693405151367,-3.1229426860809326,-2.6141645908355713,-2.7048754692077637,-3.380470037460327,-4.536003589630127,-6.005223751068115,-7.590412616729736,-9.089300155639648,-10.320483207702637,-11.149603843688965,-11.513644218444824,-11.435173034667969,-11.017515182495117,-10.41740894317627,-9.802176475524902,-9.306747436523438,-9.005741119384766,-8.908483505249023,-8.97302532196045,-9.127605438232422,-9.288926124572754
