earth/public/data/atmosphere/W07/ANN-temp-isobaric-1000hPa-gfs-1.0.json
{"header": {"discipline": 0, "disciplineName": "Meteorological products", "gribEdition": 2, "gribLength": 17922.0, "center": 0, "centerName": "Kiel Climate Model", "subcenter": 0, "refTime": "1", "significanceOfRT": 1, "significanceOfRTName": "Start of forecast", "productStatus": 0, "productStatusName": "Operational products", "productType": 1, "productTypeName": "Forecast products", "productDefinitionTemplate": 0, "productDefinitionTemplateName": "Analysis/forecast at horizontal level/layer at a point in time", "parameterCategory": 2, "parameterCategoryName": "Momentum", "parameterNumber": 2, "parameterNumberName": "U-component_of_wind", "parameterUnit": "K", "genProcessType": 2, "genProcessTypeName": "Forecast", "forecastTime": 0, "surface1Type": 103, "surface1TypeName": "Specified height level above ground", "surface1Value": 10, "surface2Type": 255, "surface2TypeName": "Missing", "surface2Value": 0, "gridDefinitionTemplate": 0, "gridDefinitionTemplateName": "Latitude_Longitude", "numberPoints": 65160, "shape": 6, "shapeName": "Earth spherical with radius of 6,371,229.0 m", "gridUnits": "degrees", "resolution": 48, "winds": "true", "scanMode": 0, "nx": 128.0, "ny": 64.0, "basicAngle": 0, "subDivisions": 0, "lo1": 0.0, "la1": 87.86379883923263, "lo2": 357.1875, "la2": -87.86379883923263, "dx": 2.8125, "dy": 2.7893269472772264}, "data":
[rows 40 to 59 of 64, columns 44 to 87 of 128]
297.8089599609375,297.79840087890625,297.2657775878906,297.0624694824219,297.6427307128906,298.457275390625,298.7684326171875,298.17919921875,296.8765563964844,295.59466552734375,294.798095703125,294.31396484375,294.0726318359375,294.2167663574219,294.41009521484375,294.2438049316406,294.04541015625,294.17315673828125,294.2648010253906,294.0843200683594,293.99200439453125,294.0517272949219,293.9554748535156,293.82550048828125,293.89404296875,293.93927001953125,293.8604431152344,293.86376953125,293.8668212890625,293.76531982421875,293.81072998046875,293.9516906738281,293.8443298339844,293.6978454589844,293.8123474121094,293.8360595703125,293.6302490234375,293.62890625,293.70281982421875,293.3614501953125,292.968505859375,292.97821044921875,292.9123840332031,292.52001953125
294.8421630859375,295.0560607910156,295.0372009277344,295.36627197265625,296.1582336425781,296.6214599609375,296.470703125,296.1966247558594,295.9696960449219,295.4248046875,294.4014587402344,293.30322265625,292.72357177734375,292.7414855957031,292.8052062988281,292.62115478515625,292.56011962890625,292.7374267578125,292.71307373046875,292.4987487792969,292.56231689453125,292.7525329589844,292.6180419921875,292.3936462402344,292.40521240234375,292.37591552734375,292.1903991699219,292.1496887207031,292.2037658691406,292.14306640625,292.1443176269531,292.23638916015625,292.1726989746094,292.1145935058594,292.2716369628906,292.33056640625,292.2186279296875,292.2861328125,292.346435546875,292.09112548828125,291.9696044921875,292.126708984375,291.9108581542969,291.43243408203125
292.18402099609375,292.2391052246094,292.21148681640625,292.5632019042969,293.4071044921875,294.1318664550781,294.4521484375,294.6129455566406,294.5779724121094,294.0328674316406,293.0656433105469,292.17498779296875,291.69537353515625,291.5096740722656,291.3323669433594,291.1634826660156,291.18646240234375,291.2607727050781,291.10882568359375,290.92193603515625,290.99298095703125,291.061767578125,290.87060546875,290.7252502441406,290.7757568359375,290.69635009765625,290.49798583984375,290.51788330078125,290.6228332519531,290.52935791015625,290.4316101074219,290.49114990234375,290.529052734375,290.552490234375,290.65924072265625,290.6732177734375,290.5950927734375,290.6512756347656,290.6923828125,290.5828857421875,290.6521911621094,290.7947998046875,290.4665222167969,290.0555725097656
290.0758361816406,289.6182861328125,289.1336669921875,289.25506591796875,290.2403869628906,291.5540466308594,292.4892883300781,292.72882080078125,292.3834228515625,291.8705139160156,291.57037353515625,291.4271240234375,291.13323974609375,290.65704345703125,290.2643127441406,290.1068115234375,290.06103515625,289.9565734863281,289.8268127441406,289.80975341796875,289.8161315917969,289.6249694824219,289.3603515625,289.338134765625,289.4364929199219,289.3195495605469,289.1214599609375,289.1221008300781,289.13818359375,288.97100830078125,288.8424987792969,288.86572265625,288.8435974121094,288.7737121582031,288.7897644042969,288.8045349121094,288.79266357421875,288.889404296875,288.9890441894531,288.96240234375,289.00421142578125,289.1028137207031,288.96533203125,288.8232421875
287.63787841796875,287.18133544921875,286.8451843261719,287.0692138671875,287.939208984375,289.0117492675781,289.6920166015625,289.7589111328125,289.5689697265625,289.66851806640625,290.0838623046875,290.2328796386719,289.7587585449219,289.0699157714844,288.71502685546875,288.6439514160156,288.5189514160156,288.3887634277344,288.5450744628906,288.8985900878906,289.0025634765625,288.71673583984375,288.4046936035156,288.3173522949219,288.2359619140625,287.9783935546875,287.7436828613281,287.6536560058594,287.52581787109375,287.3428039550781,287.30682373046875,287.3402099609375,287.21441650390625,287.05657958984375,287.0753173828125,287.12908935546875,287.1017761230469,287.1590881347656,287.29437255859375,287.2901916503906,287.2149963378906,287.2850341796875,287.4154052734375,287.454345703125
285.0848083496094,285.05828857421875,285.2344970703125,285.61376953125,286.0553894042969,286.4122009277344,286.6416931152344,286.8439636230469,287.2039794921875,287.7445983886719,288.11541748046875,287.9100036621094,287.27191162109375,286.8148498535156,286.8096923828125,286.8986511230469,286.81170654296875,286.8502197265625,287.31500244140625,287.8988342285156,288.0898742675781,287.87542724609375,287.6014709472656,287.36895751953125,287.0502014160156,286.7256164550781,286.58123779296875,286.5002746582031,286.2735595703125,286.0450134277344,286.02288818359375,286.020263671875,285.8299560546875,285.6745910644531,285.7417907714844,285.7680358886719,285.5823059082031,285.46630859375,285.55718994140625,285.5650634765625,285.4073486328125,285.40899658203125,285.6290588378906,285.6885070800781
283.4178161621094,283.53802490234375,283.7510681152344,283.95111083984375,284.06005859375,284.17523193359375,284.4671936035156,284.9649353027344,285.4949951171875,285.79248046875,285.6828918457031,285.2739562988281,284.9512634277344,285.006103515625,285.2861328125,285.4411315917969,285.4705810546875,285.6967468261719,286.18890380859375,286.6112365722656,286.7383728027344,286.7207946777344,286.6874694824219,286.4986267089844,286.1215515136719,285.84588623046875,285.8229064941406,285.7715148925781,285.47119140625,285.15118408203125,285.0312194824219,284.913818359375,284.63092041015625,284.4229431152344,284.44866943359375,284.4224853515625,284.16552734375,283.98065185546875,284.0643310546875,284.1156921386719,283.9374694824219,283.8347473144531,283.9984130859375,284.0813903808594
282.3146057128906,282.34759521484375,282.3525695800781,282.3568420410156,282.4174499511719,282.62799072265625,283.011962890625,283.4312438964844,283.670654296875,283.63037109375,283.42279052734375,283.2816467285156,283.3603210449219,283.5939025878906,283.7935485839844,283.8983154296875,284.0397644042969,284.2900085449219,284.4995422363281,284.55096435546875,284.6177673339844,284.9032897949219,285.2296142578125,285.22906494140625,284.91302490234375,284.6643981933594,284.6274719238281,284.5289001464844,284.220703125,283.9508056640625,283.8843078613281,283.7934265136719,283.50177001953125,283.2258605957031,283.1610412597656,283.1218566894531,282.9312744140625,282.7823791503906,282.8511962890625,282.9166259765625,282.75152587890625,282.5552062988281,282.5962219238281,282.72222900390625
280.9006042480469,281.0100402832031,281.0932922363281,281.1841735839844,281.3193664550781,281.5068359375,281.70831298828125,281.8603515625,281.9320373535156,281.9594421386719,282.0071105957031,282.09478759765625,282.1803894042969,282.228515625,282.2825012207031,282.4194030761719,282.6014709472656,282.63653564453125,282.40380859375,282.1060791015625,282.1238708496094,282.5383605957031,282.9700927734375,283.0428771972656,282.85321044921875,282.75457763671875,282.8067321777344,282.75921630859375,282.543701171875,282.40679931640625,282.4668884277344,282.49285888671875,282.2986145019531,282.0511169433594,281.96124267578125,281.93048095703125,281.7709655761719,281.5617370605469,281.4937438964844,281.51397705078125,281.42218017578125,281.2305603027344,281.148193359375,281.2412109375
279.61602783203125,279.868408203125,280.0871276855469,280.2517395019531,280.3620910644531,280.4289855957031,280.48199462890625,280.5668640136719,280.7109069824219,280.88275146484375,281.000244140625,281.0048828125,280.9413757324219,280.9473571777344,281.1245422363281,281.3926086425781,281.4982604980469,281.239013671875,280.71368408203125,280.2918701171875,280.2537536621094,280.4848937988281,280.6311950683594,280.5547180175781,280.4869384765625,280.6598815917969,280.94647216796875,281.0411071777344,280.8995666503906,280.7670593261719,280.77911376953125,280.78369140625,280.6414794921875,280.4751892089844,280.4554443359375,280.5003662109375,280.39862060546875,280.151611328125,279.98089599609375,280.0018615722656,280.0750427246094,280.03057861328125,279.90521240234375,279.8715515136719
278.75665283203125,278.9877624511719,279.12030029296875,279.1717529296875,279.18304443359375,279.1981201171875,279.2546691894531,279.3664855957031,279.4967956542969,279.5654296875,279.51715087890625,279.40228271484375,279.372314453125,279.55322265625,279.89544677734375,280.16351318359375,280.1195983886719,279.7537536621094,279.31903076171875,279.0957946777344,279.10870361328125,279.1186828613281,278.9263610839844,278.6345520019531,278.5288391113281,278.70855712890625,278.9463195800781,278.9691162109375,278.78485107421875,278.6199645996094,278.5876159667969,278.57342529296875,278.47381591796875,278.3904724121094,278.4745788574219,278.6694030761719,278.7569274902344,278.6540222167969,278.53045654296875,278.58221435546875,278.7755126953125,278.89794921875,278.83050537109375,278.6868591308594
277.48919677734375,277.6315002441406,277.6980895996094,277.7472229003906,277.82568359375,277.9453430175781,278.0846862792969,278.19915771484375,278.2366638183594,278.16827392578125,278.0299987792969,277.93084716796875,277.9875183105469,278.2171936035156,278.4889221191406,278.6090087890625,278.4869079589844,278.22406005859375,278.0190124511719,277.9670715332031,277.9642639160156,277.8321228027344,277.5331115722656,277.2242126464844,277.07244873046875,277.0501708984375,276.97137451171875,276.7321472167969,276.4499816894531,276.3157958984375,276.3519287109375,276.3981018066406,276.3423156738281,276.28094482421875,276.3888244628906,276.6734313964844,276.94244384765625,277.0284729003906,276.98089599609375,276.989990234375,277.15167236328125,277.3632507324219,277.45751953125,277.3968505859375
276.01531982421875,276.1715087890625,276.3153991699219,276.47393798828125,276.64202880859375,276.79046630859375,276.88702392578125,276.9112243652344,276.8577880859375,276.7408142089844,276.6013488769531,276.5030212402344,276.50128173828125,276.6019592285156,276.74951171875,276.864990234375,276.9010925292969,276.8594970703125,276.75421142578125,276.572998046875,276.29608154296875,275.9589538574219,275.6715087890625,275.5369873046875,275.53662109375,275.5179443359375,275.3332824707031,274.9964904785156,274.6788024902344,274.5314025878906,274.5289306640625,274.516845703125,274.4120788574219,274.3187255859375,274.4165954589844,274.746826171875,275.142822265625,275.3873596191406,275.42236328125,275.3883972167969,275.46661376953125,275.7004699707031,275.9730224609375,276.1371765136719
275.151123046875,275.3319091796875,275.4278869628906,275.4228515625,275.303955078125,275.08721923828125,274.8233947753906,274.5737609863281,274.3736877441406,274.2158203125,274.0691833496094,273.91961669921875,273.79730224609375,273.76666259765625,273.88336181640625,274.145751953125,274.4718322753906,274.7203063964844,274.7519226074219,274.5071716308594,274.05645751953125,273.57867431640625,273.26226806640625,273.184326171875,273.2598876953125,273.3123474121094,273.2167053222656,272.9920349121094,272.76116943359375,272.6203308105469,272.55450439453125,272.4853210449219,272.39508056640625,272.38372802734375,272.5838928222656,273.01416015625,273.5247497558594,273.9023742675781,274.03997802734375,274.0150146484375,274.0085144042969,274.1460876464844,274.4028625488281,274.644287109375
273.5259704589844,273.5419921875,273.3636169433594,272.9758605957031,272.4230651855469,271.8173828125,271.3052673339844,271.00189208984375,270.9313049316406,271.0126037597656,271.1073913574219,271.1025390625,270.9781494140625,270.81658935546875,270.7458801269531,270.8524169921875,271.11859130859375,271.4252014160156,271.6192321777344,271.60400390625,271.3937072753906,271.0963134765625,270.8371887207031,270.67974853515625,270.60052490234375,270.5331115722656,270.43841552734375,270.3385314941406,270.28643798828125,270.3064270019531,270.368896484375,270.4277038574219,270.48236083984375,270.5976257324219,270.85028076171875,271.2474365234375,271.6935119628906,272.0442199707031,272.20703125,272.205078125,272.152587890625,272.1652526855469,272.27984619140625,272.4435119628906
269.0028076171875,268.72674560546875,268.2505187988281,267.6052551269531,266.9010925292969,266.31072998046875,266.011474609375,266.10833740234375,266.5769958496094,267.26025390625,267.9268798828125,268.36688232421875,268.4764709472656,268.2911682128906,267.9535827636719,267.63629150390625,267.46337890625,267.4687805175781,267.6051025390625,267.7875061035156,267.9408264160156,268.0247497558594,268.03289794921875,267.97930908203125,267.8898620605469,267.8018493652344,267.7627258300781,267.8153381347656,267.97332763671875,268.20452880859375,268.442138671875,268.6224670410156,268.724853515625,268.78369140625,268.861572265625,269.0033874511719,269.2059631347656,269.4258117675781,269.61541748046875,269.7583923339844,269.8763122558594,270.00537109375,270.16522216796875,270.3446044921875
261.9017333984375,261.5040283203125,260.8719177246094,260.0845947265625,259.2930908203125,258.6910095214844,258.45794677734375,258.69561767578125,259.3841247558594,260.38018798828125,261.461669921875,262.40185546875,263.0434265136719,263.34283447265625,263.36883544921875,263.26123046875,263.17022705078125,263.2030334472656,263.39617919921875,263.7186279296875,264.0975341796875,264.453125,264.7289733886719,264.9098205566406,265.0234680175781,265.12701416015625,265.281982421875,265.52667236328125,265.8561096191406,266.22100830078125,266.54736328125,266.7699279785156,266.8624572753906,266.8499755859375,266.79669189453125,266.77740478515625,266.8475646972656,267.02679443359375,267.29986572265625,267.62969970703125,267.9728698730469,268.2898254394531,268.54962158203125,268.7312927246094
254.1092529296875,253.9334716796875,253.43319702148438,252.68118286132812,251.8201141357422,251.0355224609375,250.51315307617188,250.3931427001953,250.7355194091797,251.50912475585938,252.60726928710938,253.88363647460938,255.1949920654297,256.4359436035156,257.554443359375,258.5468444824219,259.4370422363281,260.2518310546875,261.00213623046875,261.6772155761719,262.2520751953125,262.7032470703125,263.02484130859375,263.23822021484375,263.3904113769531,263.5413818359375,263.7447814941406,264.0294189453125,264.38885498046875,264.78369140625,265.1563415527344,265.4527282714844,265.6419372558594,265.7266540527344,265.7400817871094,265.7317810058594,265.7489013671875,265.8197021484375,265.94580078125,266.1036376953125,266.25360107421875,266.3524169921875,266.36456298828125,266.2703857421875
246.83944702148438,247.10513305664062,247.12257385253906,246.9043731689453,246.52471923828125,246.10414123535156,245.78512573242188,245.7033233642578,245.9617462158203,246.6137237548828,247.65737915039062,249.04171752929688,250.6807098388672,252.4703826904297,254.30477905273438,256.087158203125,257.73626708984375,259.1893615722656,260.4027099609375,261.3530578613281,262.03912353515625,262.4828186035156,262.72857666015625,262.8388366699219,262.8852844238281,262.9374084472656,263.0498352050781,263.25274658203125,263.5472412109375,263.9080505371094,264.2918701171875,264.64959716796875,264.9383850097656,265.13055419921875,265.21673583984375,265.2036437988281,265.10809326171875,264.9493103027344,264.7427978515625,264.4971923828125,264.21417236328125,263.89080810546875,263.52325439453125,263.10986328125
241.3861846923828,242.03909301757812,242.67767333984375,243.26185607910156,243.7852020263672,244.27195739746094,244.76869201660156,245.33224487304688,246.01693725585938,246.8628692626953,247.88800048828125,249.08444213867188,250.41937255859375,251.83993530273438,253.2804718017578,254.67132568359375,255.94715881347656,257.0547180175781,257.9584655761719,258.6440734863281,259.1195068359375,259.4132080078125,259.5701904296875,259.6453552246094,259.6959228515625,259.7733154296875,259.916259765625,260.14569091796875,260.4630126953125,260.8514404296875,261.280517578125,261.7122497558594,262.1080017089844,262.43463134765625,262.66888427734375,262.7992248535156,262.82568359375,262.75732421875,262.6090393066406,262.397705078125,262.13897705078125,261.84429931640625,261.51947021484375,261.16400146484375
