earth/public/data/atmosphere/W07/ANN-wind-isobaric-100hPa-gfs-1.0.json
{"header": {"discipline": 0, "disciplineName": "Meteorological products", "gribEdition": 2, "gribLength": 17922.0, "center": 0, "centerName": "Kiel Climate Model", "subcenter": 0, "refTime": "1", "significanceOfRT": 1, "significanceOfRTName": "Start of forecast", "productStatus": 0, "productStatusName": "Operational products", "productType": 1, "productTypeName": "Forecast products", "productDefinitionTemplate": 0, "productDefinitionTemplateName": "Analysis/forecast at horizontal level/layer at a point in time", "parameterCategory": 2, "parameterCategoryName": "Momentum", "parameterNumber": 2, "parameterNumberName": "V-component_of_wind", "parameterUnit": "m/s", "genProcessType": 2, "genProcessTypeName": "Forecast", "forecastTime": 0, "surface1Type": 103, "surface1TypeName": "Specified height level above ground", "surface1Value": 10, "surface2Type": 255, "surface2TypeName": "Missing", "surface2Value": 0, "gridDefinitionTemplate": 0, "gridDefinitionTemplateName": "Latitude_Longitude", "numberPoints": 65160, "shape": 6, "shapeName": "Earth spherical with radius of 6,371,229.0 m", "gridUnits": "degrees", "resolution": 48, "winds": "true", "scanMode": 0, "nx": 128.0, "ny": 64.0, "basicAngle": 0, "subDivisions": 0, "lo1": 0.0, "la1": 87.86379883923263, "lo2": 357.1875, "la2": -87.86379883923263, "dx": 2.8125, "dy": 2.7893269472772264}, "data":
[rows 38 to 56 of 64, columns 0 to 42 of 128]
-3.2961952686309814,-3.1434099674224854,-2.8688840866088867,-2.492300033569336,-2.0422706604003906,-1.5201451778411865,-0.9463424682617188,-0.3894253671169281,0.08898555487394333,0.45756518840789795,0.6881271004676819,0.7742007970809937,0.7474617958068848,0.6334925889968872,0.4431808888912201,0.20909684896469116,-0.03956633061170578,-0.3112255334854126,-0.6023759245872498,-0.8721431493759155,-1.1103734970092773,-1.3527578115463257,-1.599106788635254,-1.8005585670471191,-1.942295789718628,-2.058201551437378,-2.163949966430664,-2.248335123062134,-2.317761182785034,-2.3883862495422363,-2.4546139240264893,-2.5048718452453613,-2.537328004837036,-2.540698289871216,-2.495678424835205,-2.3986258506774902,-2.252392530441284,-2.0438241958618164,-1.7548151016235352,-1.3839788436889648,-0.946378767490387,-0.4590162932872772,0.07320837676525116
-3.7244873046875,-3.5855777263641357,-3.31642484664917,-2.9419422149658203,-2.5059804916381836,-2.0046350955963135,-1.4280333518981934,-0.8284685611724854,-0.2824713885784149,0.1636481136083603,0.4803483486175537,0.6504253149032593,0.6889395713806152,0.626111626625061,0.48723292350769043,0.3019736111164093,0.09292340278625488,-0.1414027214050293,-0.3964341878890991,-0.6454274654388428,-0.8827635049819946,-1.133491039276123,-1.39617121219635,-1.6317845582962036,-1.8222682476043701,-1.9833083152770996,-2.1182005405426025,-2.216193199157715,-2.289792776107788,-2.3606772422790527,-2.420609712600708,-2.446934223175049,-2.436305284500122,-2.3938026428222656,-2.3131773471832275,-2.1859655380249023,-2.010312080383301,-1.7871575355529785,-1.5201143026351929,-1.2099847793579102,-0.8440064787864685,-0.4044989049434662,0.11350797861814499
-3.9705538749694824,-3.8574934005737305,-3.6210899353027344,-3.2799487113952637,-2.8727943897247314,-2.410537004470825,-1.8961710929870605,-1.360545039176941,-0.8369817733764648,-0.3464072048664093,0.06861972063779831,0.35098665952682495,0.4834899306297302,0.49530115723609924,0.42255786061286926,0.29151034355163574,0.12266673147678375,-0.06721026450395584,-0.2600029408931732,-0.4426383376121521,-0.6265037655830383,-0.8356308937072754,-1.067940592765808,-1.2951006889343262,-1.4997527599334717,-1.6818310022354126,-1.8361588716506958,-1.9570575952529907,-2.0551950931549072,-2.140511989593506,-2.201796293258667,-2.2246406078338623,-2.210568904876709,-2.1642510890960693,-2.0833280086517334,-1.9670450687408447,-1.815641164779663,-1.6248658895492554,-1.3934115171432495,-1.1196905374526978,-0.7857121825218201,-0.36911025643348694,0.1278487592935562
-4.009628772735596,-3.929450273513794,-3.7370405197143555,-3.4549310207366943,-3.101865291595459,-2.690014362335205,-2.2510299682617188,-1.8200567960739136,-1.3894641399383545,-0.9343160390853882,-0.48682788014411926,-0.12820200622081757,0.09515661746263504,0.20077164471149445,0.22356250882148743,0.18134352564811707,0.08480627089738846,-0.044528789818286896,-0.17657476663589478,-0.2949437201023102,-0.41228431463241577,-0.5510570406913757,-0.7126889824867249,-0.880380392074585,-1.0432164669036865,-1.199289083480835,-1.3449223041534424,-1.4769480228424072,-1.5950555801391602,-1.6927698850631714,-1.7609667778015137,-1.8026247024536133,-1.8239713907241821,-1.8155136108398438,-1.7665770053863525,-1.6877692937850952,-1.591081976890564,-1.4623364210128784,-1.2780276536941528,-1.029917597770691,-0.7151191830635071,-0.32875433564186096,0.12010551989078522
-3.8606090545654297,-3.829376697540283,-3.6955583095550537,-3.494964122772217,-3.232361316680908,-2.899402618408203,-2.5286459922790527,-2.1708672046661377,-1.8264673948287964,-1.4577645063400269,-1.0655274391174316,-0.7023342847824097,-0.41416698694229126,-0.20927013456821442,-0.07931680232286453,-0.018391432240605354,-0.0183547455817461,-0.06042861193418503,-0.11766976863145828,-0.1704409122467041,-0.21981127560138702,-0.2783924341201782,-0.3507680892944336,-0.43254607915878296,-0.5216607451438904,-0.617719829082489,-0.7167659401893616,-0.8153336048126221,-0.9109410643577576,-0.9966592192649841,-1.0689536333084106,-1.1372870206832886,-1.206551194190979,-1.258544921875,-1.2752771377563477,-1.266969919204712,-1.246993064880371,-1.1945072412490845,-1.0736452341079712,-0.8746551275253296,-0.6095075607299805,-0.2863609194755554,0.08828024566173553
-3.5356669425964355,-3.57570743560791,-3.5162763595581055,-3.396235227584839,-3.2322750091552734,-3.0111217498779297,-2.74017071723938,-2.4554266929626465,-2.17500638961792,-1.884136438369751,-1.5685166120529175,-1.236162543296814,-0.9113724231719971,-0.6259827613830566,-0.40712979435920715,-0.259895384311676,-0.16751636564731598,-0.1091408059000969,-0.06907860934734344,-0.035040128976106644,-0.0007448668475262821,0.03158041834831238,0.056152984499931335,0.06727027148008347,0.060248810797929764,0.03673612326383591,0.005139852408319712,-0.03041449375450611,-0.0743863433599472,-0.1296565681695938,-0.19478246569633484,-0.2724060118198395,-0.36429649591445923,-0.45919620990753174,-0.5444196462631226,-0.6242390871047974,-0.702788770198822,-0.754775881767273,-0.7396915555000305,-0.6409280896186829,-0.46928784251213074,-0.2379249483346939,0.04408712312579155
-3.0719404220581055,-3.1876282691955566,-3.210371732711792,-3.1592586040496826,-3.0705323219299316,-2.9568653106689453,-2.813649892807007,-2.640035629272461,-2.439211130142212,-2.2105154991149902,-1.948182463645935,-1.6473848819732666,-1.3193851709365845,-0.9997756481170654,-0.726274311542511,-0.5071731805801392,-0.32442381978034973,-0.16276875138282776,-0.01916409097611904,0.1107925996184349,0.2371315062046051,0.3653950095176697,0.49133554100990295,0.6046786904335022,0.6955795288085938,0.7615200281143188,0.8073804974555969,0.8349235653877258,0.8375981450080872,0.8106902837753296,0.7581347227096558,0.6837269067764282,0.5860567092895508,0.46651995182037354,0.3299727141857147,0.17530213296413422,0.002797141671180725,-0.1648363322019577,-0.28559204936027527,-0.32813534140586853,-0.2880191206932068,-0.177284374833107,-0.012450193986296654
-2.5736238956451416,-2.7417330741882324,-2.843473434448242,-2.867553949356079,-2.8413844108581543,-2.798158645629883,-2.7494239807128906,-2.6834323406219482,-2.5794663429260254,-2.4228603839874268,-2.2098441123962402,-1.945620059967041,-1.646158218383789,-1.3374762535095215,-1.040513515472412,-0.7576087713241577,-0.48307910561561584,-0.221222385764122,0.018423622474074364,0.23822693526744843,0.4518514573574066,0.6687027215957642,0.8871827721595764,1.099270224571228,1.294541835784912,1.4624240398406982,1.5950535535812378,1.6872049570083618,1.735121250152588,1.7388052940368652,1.7021335363388062,1.6265596151351929,1.509835124015808,1.3538243770599365,1.1656571626663208,0.9479241967201233,0.6998175382614136,0.4351268410682678,0.18922542035579681,-0.0002346398978261277,-0.11471404135227203,-0.15617549419403076,-0.13628633320331573
-2.126448154449463,-2.3152852058410645,-2.476861000061035,-2.5848984718322754,-2.6328608989715576,-2.6402904987335205,-2.635524034500122,-2.6293904781341553,-2.6035356521606445,-2.5256187915802,-2.3760716915130615,-2.160970449447632,-1.9028806686401367,-1.6211978197097778,-1.3203045129776,-0.9968850612640381,-0.6574980616569519,-0.32173866033554077,-0.004546499345451593,0.2972853183746338,0.5955287218093872,0.8944317102432251,1.190251111984253,1.479001760482788,1.7552850246429443,2.006530523300171,2.215719223022461,2.37045955657959,2.466883659362793,2.50579571723938,2.4867680072784424,2.406357526779175,2.263030529022217,2.0631282329559326,1.817665457725525,1.5329868793487549,1.2116217613220215,0.8653351664543152,0.5209310054779053,0.208631232380867,-0.05094665661454201,-0.24746455252170563,-0.3767142593860626
-1.735537052154541,-1.9328670501708984,-2.126070022583008,-2.2983546257019043,-2.422393321990967,-2.4899954795837402,-2.5229432582855225,-2.5485386848449707,-2.566594362258911,-2.5467774868011475,-2.458383321762085,-2.2969143390655518,-2.0799560546875,-1.8233948945999146,-1.5292187929153442,-1.1966822147369385,-0.8372256755828857,-0.4704214930534363,-0.10664399713277817,0.2581731975078583,0.6289489269256592,1.0004268884658813,1.3630605936050415,1.7122873067855835,2.0446012020111084,2.348201036453247,2.604647159576416,2.7995541095733643,2.927521228790283,2.9869930744171143,2.974799156188965,2.8877077102661133,2.727163314819336,2.4995195865631104,2.2112319469451904,1.8669947385787964,1.4758403301239014,1.0572023391723633,0.6364879608154297,0.23471574485301971,-0.13318608701229095,-0.45187443494796753,-0.7058731317520142
-1.3682252168655396,-1.589594841003418,-1.802614688873291,-2.007049322128296,-2.1841835975646973,-2.3159899711608887,-2.4047484397888184,-2.467061758041382,-2.509634017944336,-2.5177226066589355,-2.469118118286133,-2.354008913040161,-2.177604913711548,-1.9480547904968262,-1.669440746307373,-1.347267985343933,-0.993868350982666,-0.622597873210907,-0.23845800757408142,0.16050711274147034,0.572806179523468,0.989193856716156,1.3989299535751343,1.7945489883422852,2.167131185531616,2.500948190689087,2.778019428253174,2.986985445022583,3.123969078063965,3.1860735416412354,3.168621063232422,3.0699687004089355,2.8948349952697754,2.649707555770874,2.3369147777557373,1.9579471349716187,1.5235868692398071,1.056850552558899,0.5829806327819824,0.11902853846549988,-0.32328876852989197,-0.7281292080879211,-1.0766489505767822
-0.9870008826255798,-1.2506386041641235,-1.4925110340118408,-1.7178908586502075,-1.9255282878875732,-2.1058967113494873,-2.249885082244873,-2.3548505306243896,-2.421125888824463,-2.445568799972534,-2.420973300933838,-2.3405215740203857,-2.2008602619171143,-2.002230644226074,-1.7485469579696655,-1.447763204574585,-1.1096744537353516,-0.7418422102928162,-0.34852367639541626,0.06549935042858124,0.4917060136795044,0.9201468825340271,1.3432097434997559,1.7532936334609985,2.136610746383667,2.4733035564422607,2.746516704559326,2.9497289657592773,3.082784652709961,3.1423234939575195,3.1200554370880127,3.010952949523926,2.819406747817993,2.5550012588500977,2.2244441509246826,1.8315025568008423,1.3846241235733032,0.9007474184036255,0.39952102303504944,-0.10343054682016373,-0.5946947932243347,-1.0571728944778442,-1.4715516567230225
-0.5798658728599548,-0.8783554434776306,-1.1524509191513062,-1.4038865566253662,-1.6369017362594604,-1.849183440208435,-2.0310251712799072,-2.172229528427124,-2.2678749561309814,-2.3171565532684326,-2.3183343410491943,-2.2662513256073,-2.155369997024536,-1.9849306344985962,-1.7605020999908447,-1.4898878335952759,-1.1777828931808472,-0.8254772424697876,-0.4366151988506317,-0.022305501624941826,0.4013327658176422,0.820955216884613,1.2295680046081543,1.620863437652588,1.981552004814148,2.292646646499634,2.5395190715789795,2.7187154293060303,2.832885503768921,2.880098342895508,2.8508851528167725,2.7362940311431885,2.5367798805236816,2.2618603706359863,1.9226711988449097,1.5273230075836182,1.083274245262146,0.6013548374176025,0.09575317054986954,-0.4185623824596405,-0.9264532923698425,-1.4114166498184204,-1.8568824529647827
-0.18548978865146637,-0.49574944376945496,-0.7901397943496704,-1.0680019855499268,-1.328201413154602,-1.5653270483016968,-1.770394206047058,-1.9358245134353638,-2.0586981773376465,-2.138152837753296,-2.170194387435913,-2.146803379058838,-2.0615177154541016,-1.915714979171753,-1.7183008193969727,-1.47836172580719,-1.1985507011413574,-0.8768708109855652,-0.5153614282608032,-0.12609261274337769,0.27236080169677734,0.6641945242881775,1.0409892797470093,1.3968919515609741,1.7210973501205444,1.9974043369293213,2.211817741394043,2.359363317489624,2.442152500152588,2.4613864421844482,2.412801742553711,2.2900569438934326,2.0913608074188232,1.821751356124878,1.4898250102996826,1.1039170026779175,0.6720770001411438,0.20445871353149414,-0.28575432300567627,-0.7838990688323975,-1.2759876251220703,-1.749467372894287,-2.1931018829345703
0.1620919108390808,-0.14865131676197052,-0.45254015922546387,-0.7494965195655823,-1.0324978828430176,-1.2897300720214844,-1.5104752779006958,-1.6902070045471191,-1.830185055732727,-1.9315520524978638,-1.9896997213363647,-1.9948996305465698,-1.9390913248062134,-1.8225314617156982,-1.6535398960113525,-1.4417959451675415,-1.192211627960205,-0.9057015776634216,-0.5856785774230957,-0.24290722608566284,0.1067919135093689,0.4493911862373352,0.776684582233429,1.0834494829177856,1.361594319343567,1.5981955528259277,1.779721975326538,1.8978408575057983,1.9510188102722168,1.941100835800171,1.8691438436508179,1.7346349954605103,1.5374835729599,1.2799692153930664,0.9667465090751648,0.6039841771125793,0.1994004249572754,-0.2369980365037918,-0.693069338798523,-1.1560791730880737,-1.6145590543746948,-2.058886766433716,-2.4803590774536133
0.4673305153846741,0.15501070022583008,-0.15357056260108948,-0.45846065878868103,-0.7516779899597168,-1.0201839208602905,-1.2526546716690063,-1.4445586204528809,-1.597368597984314,-1.713106632232666,-1.789175271987915,-1.8182774782180786,-1.793174386024475,-1.7119154930114746,-1.578842282295227,-1.4011982679367065,-1.1853139400482178,-0.9362433552742004,-0.6606956124305725,-0.3694092631340027,-0.07583405822515488,0.2078464776277542,0.47359704971313477,0.7166394591331482,0.9320239424705505,1.112276554107666,1.2483786344528198,1.3326857089996338,1.361053228378296,1.3325928449630737,1.2480484247207642,1.1087019443511963,0.9164117574691772,0.6741790175437927,0.3863871395587921,0.05855688825249672,-0.30285531282424927,-0.690429151058197,-1.0957916975021362,-1.509863257408142,-1.923220157623291,-2.326198101043701,-2.70892333984375
0.7309145331382751,0.41761189699172974,0.11001355201005936,-0.19098876416683197,-0.48043033480644226,-0.7498254179954529,-0.9904615879058838,-1.1965137720108032,-1.3654165267944336,-1.4957789182662964,-1.585044264793396,-1.629319667816162,-1.6254018545150757,-1.573061466217041,-1.4755654335021973,-1.3382312059402466,-1.1666758060455322,-0.9665781855583191,-0.7449938058853149,-0.5115095376968384,-0.2777338922023773,-0.05509338527917862,0.14749634265899658,0.3244495093822479,0.4725443422794342,0.5892998576164246,0.671853244304657,0.7168511748313904,0.7208746075630188,0.6809327602386475,0.5949149131774902,0.4622270166873932,0.28429290652275085,0.06477803736925125,-0.19098776578903198,-0.47700947523117065,-0.7875673770904541,-1.1174464225769043,-1.461384892463684,-1.8131284713745117,-2.1647722721099854,-2.506866693496704,-2.8294339179992676
0.9652241468429565,0.6546602845191956,0.35262972116470337,0.061090048402547836,-0.21811498701572418,-0.4817090332508087,-0.7246565818786621,-0.9407205581665039,-1.1233139038085938,-1.2662943601608276,-1.3648476600646973,-1.4165337085723877,-1.4221676588058472,-1.385908603668213,-1.3142257928848267,-1.2141401767730713,-1.0917811393737793,-0.9521204829216003,-0.7998678088188171,-0.6407390832901001,-0.4819195568561554,-0.3314260244369507,-0.19661958515644073,-0.08293766528367996,0.006651246454566717,0.07106641680002213,0.10994734615087509,0.12245780229568481,0.10659990459680557,0.05932466685771942,-0.022574547678232193,-0.14115247130393982,-0.29622402787208557,-0.48499876260757446,-0.7025818824768066,-0.9431474804878235,-1.2009878158569336,-1.470991849899292,-1.7483124732971191,-2.0276031494140625,-2.3025693893432617,-2.5661637783050537,-2.8115549087524414
1.222251057624817,0.9202612042427063,0.626956045627594,0.3456316888332367,0.07754731923341751,-0.17615079879760742,-0.4127127230167389,-0.6269441843032837,-0.811728298664093,-0.9595533013343811,-1.064642310142517,-1.124768853187561,-1.1422446966171265,-1.1235166788101196,-1.0775554180145264,-1.0137267112731934,-0.9399542808532715,-0.8617903590202332,-0.7827105522155762,-0.7050588130950928,-0.6310370564460754,-0.5632429122924805,-0.5044876933097839,-0.4573143720626831,-0.4235225319862366,-0.40414658188819885,-0.3999183475971222,-0.4118700325489044,-0.4418379068374634,-0.49246880412101746,-0.5665873289108276,-0.6663170456886292,-0.7921778559684753,-0.9426473379135132,-1.1142984628677368,-1.3024077415466309,-1.5017118453979492,-1.706915259361267,-1.9129371643066406,-2.1149420738220215,-2.3084089756011963,-2.4893829822540283,-2.65486478805542
