earth/public/data/atmosphere/W07/ANN-slp-surface-level-gfs-1.0.json
{"header": {"discipline": 0, "disciplineName": "Meteorological products", "gribEdition": 2, "gribLength": 17922.0, "center": 0, "centerName": "Kiel Climate Model", "subcenter": 0, "refTime": "1", "significanceOfRT": 1, "significanceOfRTName": "Start of forecast", "productStatus": 0, "productStatusName": "Operational products", "productType": 1, "productTypeName": "Forecast products", "productDefinitionTemplate": 0, "productDefinitionTemplateName": "Analysis/forecast at horizontal level/layer at a point in time", "parameterCategory": 2, "parameterCategoryName": "Momentum", "parameterNumber": 2, "parameterNumberName": "U-component_of_wind", "parameterUnit": "Pa", "genProcessType": 2, "genProcessTypeName": "Forecast", "forecastTime": 0, "surface1Type": 103, "surface1TypeName": "Specified height level above ground", "surface1Value": 10, "surface2Type": 255, "surface2TypeName": "Missing", "surface2Value": 0, "gridDefinitionTemplate": 0, "gridDefinitionTemplateName": "Latitude_Longitude", "numberPoints": 65160, "shape": 6, "shapeName": "Earth spherical with radius of 6,371,229.0 m", "gridUnits": "degrees", "resolution": 48, "winds": "true", "scanMode": 0, "nx": 128.0, "ny": 64.0, "basicAngle": 0, "subDivisions": 0, "lo1": 0.0, "la1": 87.86379883923263, "lo2": 357.1875, "la2": -87.86379883923263, "dx": 2.8125, "dy": 2.7893269472772264}, "data":
[rows 0 to 22 of 64, columns 50 to 99 of 128]
101861.71875,101860.9609375,101861.7265625,101861.390625,101861.390625,101860.40625,101859.8203125,101859.6484375,101858.5078125,101857.734375,101857.296875,101855.78125,101854.484375,101853.3359375,101850.9375,101849.9296875,101847.546875,101846.4609375,101843.9375,101842.6640625,101839.9453125,101837.140625,101835.6640625,101832.859375,101830.171875,101827.703125,101825.5703125,101823.9140625,101821.5234375,101818.5703125,101816.5625,101814.3203125,101812.0,101808.4140625,101806.3984375,101804.7421875,101802.1640625,101800.1171875,101797.265625,101794.9765625,101793.2109375,101790.546875,101788.203125,101786.03125,101783.828125,101781.3515625,101778.3203125,101777.125,101773.3515625,101772.0546875
101877.4375,101876.734375,101876.4453125,101875.359375,101873.359375,101872.7734375,101870.3125,101869.296875,101867.515625,101865.421875,101862.1015625,101859.375,101856.3984375,101852.375,101847.9140625,101842.3125,101836.25,101830.421875,101824.1875,101815.53125,101807.890625,101799.328125,101790.671875,101781.46875,101772.78125,101763.1015625,101753.8046875,101745.125,101737.5078125,101728.890625,101722.828125,101716.265625,101710.3828125,101705.09375,101701.7578125,101699.0234375,101696.890625,101696.640625,101695.3671875,101695.390625,101696.109375,101698.03125,101698.65625,101699.234375,101700.7421875,101701.1796875,101699.6484375,101699.21875,101696.0703125,101693.234375
101886.3828125,101882.265625,101876.734375,101871.203125,101865.6953125,101861.78125,101857.65625,101855.421875,101853.6328125,101853.3046875,101852.9140625,101851.3828125,101850.7265625,101848.9921875,101846.5078125,101841.171875,101835.875,101827.0625,101817.859375,101805.640625,101792.921875,101779.546875,101765.7421875,101749.984375,101734.875,101718.078125,101702.03125,101685.953125,101669.828125,101652.9296875,101637.640625,101622.5078125,101607.5078125,101595.328125,101584.6640625,101575.71875,101569.0,101565.4453125,101563.78125,101565.84375,101569.6640625,101575.8359375,101583.109375,101591.96875,101601.4921875,101611.8203125,101619.953125,101628.0703125,101634.5,101638.484375
101887.9375,101879.203125,101869.625,101857.25,101846.8125,101836.96875,101830.859375,101827.703125,101827.765625,101830.8828125,101835.8359375,101841.328125,101845.140625,101846.875,101844.9375,101839.28125,101829.84375,101816.9765625,101803.1875,101788.421875,101775.2578125,101763.2109375,101751.9765625,101743.359375,101735.890625,101727.8515625,101720.4453125,101711.7109375,101700.28125,101687.3984375,101671.984375,101654.21875,101635.7890625,101616.828125,101596.640625,101579.2421875,101563.1875,101550.53125,101539.1875,101532.125,101527.9609375,101525.359375,101526.484375,101527.6328125,101530.0703125,101533.40625,101535.03125,101537.0546875,101539.1875,101539.3671875
101870.8125,101873.671875,101870.2890625,101859.8046875,101845.046875,101828.4375,101812.7578125,101802.4921875,101796.8359375,101798.1953125,101804.6796875,101811.828125,101815.6640625,101813.25,101804.0546875,101786.125,101760.921875,101733.7734375,101706.8359375,101684.703125,101669.0625,101659.53125,101656.796875,101658.6484375,101663.59375,101667.90625,101670.3515625,101669.5546875,101664.78125,101657.0703125,101646.90625,101635.28125,101622.640625,101611.0859375,101601.1796875,101593.1640625,101585.1875,101580.296875,101575.5625,101573.4453125,101570.28125,101565.40625,101558.2890625,101547.1171875,101529.6328125,101508.3984375,101484.03125,101459.1015625,101435.984375,101416.765625
101853.34375,101873.4375,101880.6640625,101870.28125,101844.6796875,101809.4921875,101771.5703125,101740.390625,101723.09375,101719.375,101724.7890625,101734.9453125,101739.1875,101734.546875,101716.2109375,101686.75,101649.4765625,101612.9375,101582.1640625,101564.4453125,101557.515625,101563.1015625,101573.6953125,101584.734375,101592.671875,101591.5078125,101583.90625,101568.03125,101549.4296875,101530.609375,101515.6484375,101506.4375,101505.2109375,101510.6484375,101518.8984375,101529.4609375,101538.9375,101548.5859375,101556.4375,101564.6875,101573.015625,101580.0390625,101583.9375,101577.484375,101558.265625,101527.0234375,101483.59375,101436.9296875,101393.5859375,101358.53125
101856.921875,101869.609375,101870.390625,101848.6171875,101806.9296875,101752.8203125,101697.359375,101655.09375,101634.234375,101636.6328125,101655.3046875,101675.1640625,101683.25,101671.15625,101639.03125,101592.9765625,101542.1796875,101499.796875,101473.8125,101465.8359375,101474.7421875,101495.34375,101518.125,101539.2109375,101552.5234375,101555.6015625,101547.3671875,101530.0703125,101508.875,101490.8984375,101480.9609375,101480.171875,101492.265625,101510.5,101531.2890625,101546.546875,101553.2109375,101547.75,101534.9453125,101522.765625,101517.09375,101522.265625,101536.9921875,101553.3125,101556.4921875,101537.28125,101497.3515625,101442.2578125,101387.234375,101342.75
101833.421875,101836.75,101833.75,101812.4296875,101769.7421875,101712.7421875,101659.421875,101623.3828125,101612.9375,101626.328125,101653.140625,101671.4765625,101664.90625,101626.0546875,101562.359375,101488.53125,101418.5859375,101366.8984375,101335.5,101324.7578125,101327.2578125,101341.1953125,101362.2265625,101387.5625,101416.9140625,101447.0703125,101472.625,101489.171875,101498.921875,101503.1328125,101503.625,101508.90625,101519.6796875,101538.1875,101562.515625,101585.171875,101597.546875,101591.890625,101567.4453125,101532.671875,101503.1875,101490.4609375,101501.28125,101527.8984375,101551.0234375,101548.0859375,101509.1953125,101442.5,101370.4140625,101313.7578125
101704.875,101716.296875,101736.1953125,101739.5,101714.046875,101667.4140625,101616.6328125,101583.375,101576.5859375,101589.46875,101605.4609375,101600.015625,101561.1640625,101490.875,101405.265625,101323.5625,101258.7578125,101213.53125,101188.7890625,101180.796875,101184.3203125,101200.2109375,101226.9140625,101265.515625,101312.9375,101362.734375,101409.4296875,101442.71875,101459.6953125,101462.953125,101456.3203125,101447.2890625,101442.390625,101448.7109375,101465.6875,101497.484375,101536.25,101573.828125,101594.0,101589.5,101564.8828125,101536.1640625,101520.4921875,101524.75,101538.921875,101534.375,101490.6484375,101412.7890625,101330.0625,101269.8828125
101573.3671875,101551.578125,101558.484375,101567.09375,101551.0859375,101508.109375,101457.40625,101421.1796875,101407.65625,101405.3984375,101395.21875,101364.65625,101313.4765625,101254.0078125,101196.4140625,101144.7734375,101103.9140625,101074.4140625,101062.1171875,101071.453125,101103.09375,101151.1796875,101209.984375,101267.9765625,101318.734375,101355.8046875,101379.015625,101394.9296875,101409.9609375,101430.3671875,101451.0234375,101465.453125,101468.703125,101464.5703125,101456.9296875,101457.53125,101473.0390625,101511.75,101564.0234375,101607.53125,101618.328125,101595.15625,101555.109375,101522.1015625,101501.3359375,101483.5234375,101442.9453125,101372.15625,101291.7578125,101233.5234375
101421.1484375,101315.6171875,101275.578125,101271.3828125,101266.5390625,101246.1171875,101222.1328125,101210.3359375,101204.9609375,101189.671875,101154.8359375,101109.875,101075.640625,101058.75,101050.078125,101035.875,101010.7265625,100984.5703125,100977.2734375,100997.6171875,101047.71875,101114.1640625,101175.65625,101220.46875,101239.734375,101239.7421875,101233.2109375,101236.2421875,101267.1328125,101338.75,101446.546875,101561.2890625,101634.25,101638.2734375,101591.5703125,101536.9453125,101501.5390625,101490.671875,101510.171875,101553.53125,101599.0703125,101614.3984375,101594.9296875,101560.09375,101527.3046875,101498.2734375,101461.140625,101408.109375,101344.859375,101289.765625
101263.890625,101103.6875,101041.6875,101034.546875,101033.4609375,101031.390625,101042.859375,101068.5703125,101080.984375,101051.265625,100990.3515625,100936.296875,100921.5078125,100946.9375,100984.1015625,101005.6796875,101010.2109375,101011.2890625,101029.5546875,101067.4296875,101112.453125,101148.609375,101166.453125,101160.6796875,101145.90625,101137.0703125,101145.4375,101178.078125,101229.59375,101298.796875,101392.203125,101518.1796875,101644.1640625,101705.375,101673.984375,101599.5390625,101547.3515625,101533.9609375,101540.9375,101560.5078125,101594.8515625,101628.7109375,101643.4296875,101636.2421875,101613.8125,101581.7734375,101541.8515625,101500.5078125,101462.53125,101431.359375
101233.8984375,101067.15625,101003.375,100975.546875,100942.5234375,100921.96875,100945.359375,100990.0234375,101006.5,100970.0546875,100914.1484375,100895.9296875,100933.0703125,100995.609375,101047.140625,101077.875,101104.8984375,101149.234375,101209.078125,101265.015625,101301.765625,101319.0390625,101321.7890625,101316.359375,101305.8046875,101300.4375,101306.5390625,101330.0703125,101371.8515625,101424.796875,101481.796875,101545.5078125,101633.6484375,101727.3359375,101767.578125,101730.140625,101667.7421875,101640.640625,101648.78125,101659.21875,101661.2578125,101668.015625,101682.4765625,101695.8046875,101694.0625,101670.9296875,101639.1171875,101606.984375,101581.328125,101564.4765625
101340.7578125,101191.0234375,101120.953125,101065.140625,101000.2109375,100965.59375,100990.546875,101034.9765625,101041.4375,101005.609375,100989.921875,101035.96875,101122.5234375,101192.3828125,101222.9140625,101240.828125,101280.671875,101348.0859375,101416.9453125,101460.4296875,101481.3671875,101504.828125,101546.578125,101592.171875,101614.3828125,101606.8359375,101586.7734375,101572.640625,101570.9921875,101588.296875,101629.1328125,101692.390625,101764.0,101835.1328125,101890.015625,101894.6640625,101839.28125,101763.6171875,101714.7890625,101700.046875,101698.90625,101702.59375,101714.78125,101734.0078125,101752.9453125,101764.5859375,101764.828125,101753.796875,101729.546875,101698.8125
101414.6484375,101320.6015625,101265.828125,101194.40625,101115.1796875,101091.890625,101131.09375,101168.9765625,101157.96875,101132.5234375,101159.4296875,101244.0625,101332.015625,101382.8984375,101413.171875,101462.46875,101541.1484375,101624.2109375,101683.1328125,101713.5078125,101731.109375,101763.59375,101814.6328125,101864.75,101885.578125,101880.6796875,101872.1015625,101873.5703125,101871.3125,101855.859375,101841.0625,101851.296875,101884.671875,101917.875,101939.484375,101945.0546875,101911.078125,101823.7265625,101727.328125,101682.1484375,101692.3203125,101717.296875,101735.21875,101750.5234375,101778.8671875,101819.453125,101855.6796875,101873.0234375,101866.203125,101837.234375
101443.9296875,101419.5390625,101385.6796875,101310.015625,101241.203125,101232.6640625,101266.046875,101286.6640625,101284.78125,101306.234375,101381.9609375,101471.2734375,101529.640625,101569.90625,101639.3046875,101745.515625,101844.796875,101911.5625,101960.7265625,102015.8984375,102077.65625,102123.1875,102148.6015625,102153.125,102145.7109375,102140.609375,102156.4296875,102188.2578125,102199.15625,102168.34375,102107.765625,102048.453125,102007.453125,101984.2578125,101973.3125,101980.125,101969.484375,101881.15625,101747.2421875,101661.5,101664.875,101702.0078125,101721.6171875,101737.546875,101780.03125,101835.9375,101874.3125,101889.984375,101904.6640625,101921.53125
101532.1640625,101520.09375,101475.5234375,101415.2421875,101381.4765625,101381.9140625,101397.2578125,101417.46875,101457.1875,101534.9453125,101635.71875,101716.703125,101766.2734375,101826.53125,101927.90625,102038.203125,102103.84375,102126.8046875,102164.6328125,102241.0078125,102320.0625,102365.4296875,102381.9453125,102396.1015625,102406.484375,102407.4140625,102401.1875,102395.3515625,102380.796875,102350.265625,102315.046875,102267.984375,102191.375,102096.703125,102012.0,101980.671875,101963.03125,101863.4765625,101707.796875,101593.4375,101571.328125,101608.515625,101652.5,101701.65625,101780.2890625,101858.984375,101890.0625,101891.1875,101915.9375,101975.203125
101614.53125,101559.3359375,101498.1953125,101492.0859375,101522.15625,101544.8515625,101565.859375,101612.9453125,101684.109375,101760.15625,101833.015625,101904.046875,101978.8828125,102066.7578125,102163.875,102245.4375,102295.09375,102336.890625,102397.8984375,102464.2421875,102499.46875,102504.171875,102518.5,102564.5625,102608.75,102615.7265625,102587.25,102544.1875,102496.5,102455.734375,102426.4296875,102383.0078125,102274.9609375,102110.34375,101937.375,101825.484375,101786.2109375,101732.078125,101643.03125,101555.3515625,101492.0390625,101482.5859375,101542.640625,101634.6484375,101738.578125,101835.3125,101903.1015625,101949.1328125,101996.703125,102055.4609375
101671.28125,101591.9375,101552.8828125,101594.4140625,101649.5078125,101672.734375,101707.3828125,101788.3984375,101877.640625,101937.3125,101990.6796875,102068.8984375,102166.203125,102252.25,102314.3046875,102366.328125,102428.5546875,102510.0625,102589.6171875,102637.71875,102650.21875,102652.6171875,102669.625,102692.6953125,102700.921875,102689.9609375,102678.890625,102669.3515625,102640.7578125,102581.4453125,102503.3203125,102398.0078125,102232.890625,102026.0546875,101819.53125,101648.5703125,101580.0390625,101595.4375,101618.78125,101590.0546875,101489.6875,101416.9765625,101460.8359375,101575.359375,101680.6796875,101774.3203125,101886.328125,102011.7109375,102110.609375,102140.609375
101706.0234375,101665.3984375,101668.3359375,101722.296875,101766.953125,101785.390625,101837.5078125,101930.609375,102013.78125,102070.4921875,102137.7109375,102224.5859375,102304.421875,102361.5703125,102404.5078125,102447.0859375,102499.0,102549.03125,102583.1640625,102604.3515625,102637.1484375,102684.0,102714.390625,102708.734375,102677.5,102653.5625,102653.03125,102658.75,102638.6796875,102584.1015625,102501.421875,102392.5546875,102235.1328125,102034.65625,101832.375,101633.5546875,101494.5546875,101468.3984375,101514.3828125,101548.4921875,101483.5859375,101393.765625,101430.28125,101560.046875,101680.875,101775.9921875,101883.359375,102021.6015625,102138.6484375,102142.3125
101677.203125,101682.6484375,101719.640625,101781.2421875,101827.8046875,101872.40625,101946.9296875,102018.6796875,102062.703125,102113.1015625,102189.7734375,102257.765625,102296.609375,102338.9140625,102399.4921875,102458.78125,102496.765625,102515.3046875,102521.0234375,102528.6875,102558.0859375,102592.953125,102606.671875,102602.703125,102601.59375,102603.3671875,102588.75,102543.2109375,102489.3828125,102442.7578125,102395.90625,102329.4453125,102228.4296875,102077.015625,101876.625,101659.0546875,101467.90625,101359.390625,101350.4453125,101430.0703125,101468.25,101405.1484375,101409.0546875,101521.6171875,101668.5,101791.71875,101884.2421875,101957.328125,102023.609375,102050.3203125
101619.234375,101643.96875,101696.6171875,101754.1640625,101796.96875,101855.0234375,101935.296875,101990.7734375,102017.3125,102070.1875,102143.6171875,102188.703125,102209.3671875,102254.5234375,102315.96875,102356.125,102381.34375,102414.859375,102453.2890625,102477.6875,102485.9296875,102475.7421875,102457.0859375,102455.328125,102473.390625,102483.46875,102460.4921875,102409.203125,102357.671875,102315.4609375,102260.0390625,102178.8359375,102086.5859375,101983.4921875,101845.125,101678.3046875,101514.703125,101385.578125,101324.6328125,101381.7265625,101484.1796875,101446.7578125,101380.09375,101452.4609375,101594.1171875,101723.5859375,101818.5703125,101884.1484375,101923.578125,101959.0703125
101540.65625,101577.484375,101638.3828125,101688.2265625,101716.578125,101760.3046875,101823.734375,101878.4375,101923.34375,101980.65625,102037.90625,102071.859375,102104.40625,102151.2890625,102180.890625,102179.6328125,102186.1953125,102217.671875,102249.9140625,102265.6015625,102273.03125,102273.9140625,102273.5625,102272.203125,102257.3984375,102229.8359375,102209.1484375,102201.6953125,102187.734375,102151.59375,102082.25,101990.3515625,101903.109375,101824.640625,101740.5390625,101651.7734375,101547.1484375,101420.2890625,101335.65625,101339.34375,101442.0546875,101467.234375,101420.3359375,101440.4453125,101543.265625,101605.8515625,101686.21875,101784.328125,101843.953125,101868.8515625
