earth/public/data/atmosphere/W07/ANN-wind-isobaric-850hPa-gfs-1.0.json
{"header": {"discipline": 0, "disciplineName": "Meteorological products", "gribEdition": 2, "gribLength": 17922.0, "center": 0, "centerName": "Kiel Climate Model", "subcenter": 0, "refTime": "1", "significanceOfRT": 1, "significanceOfRTName": "Start of forecast", "productStatus": 0, "productStatusName": "Operational products", "productType": 1, "productTypeName": "Forecast products", "productDefinitionTemplate": 0, "productDefinitionTemplateName": "Analysis/forecast at horizontal level/layer at a point in time", "parameterCategory": 2, "parameterCategoryName": "Momentum", "parameterNumber": 2, "parameterNumberName": "V-component_of_wind", "parameterUnit": "m/s", "genProcessType": 2, "genProcessTypeName": "Forecast", "forecastTime": 0, "surface1Type": 103, "surface1TypeName": "Specified height level above ground", "surface1Value": 10, "surface2Type": 255, "surface2TypeName": "Missing", "surface2Value": 0, "gridDefinitionTemplate": 0, "gridDefinitionTemplateName": "Latitude_Longitude", "numberPoints": 65160, "shape": 6, "shapeName": "Earth spherical with radius of 6,371,229.0 m", "gridUnits": "degrees", "resolution": 48, "winds": "true", "scanMode": 0, "nx": 128.0, "ny": 64.0, "basicAngle": 0, "subDivisions": 0, "lo1": 0.0, "la1": 87.86379883923263, "lo2": 357.1875, "la2": -87.86379883923263, "dx": 2.8125, "dy": 2.7893269472772264}, "data":
[rows 19 to 37 of 64, columns 43 to 85 of 128]
-0.30676665902137756,-0.34308546781539917,-0.10093459486961365,0.4423517882823944,0.8475547432899475,0.9148420691490173,0.8116675615310669,0.7774015665054321,1.07854163646698,1.790339469909668,2.5203139781951904,2.879359483718872,3.036067485809326,3.273571729660034,3.4437074661254883,3.3723549842834473,3.2518529891967773,3.2277133464813232,3.148483991622925,2.9389588832855225,2.7115767002105713,2.486100196838379,2.2257938385009766,2.0089805126190186,1.8440701961517334,1.5771501064300537,1.1940470933914185,0.8838081359863281,0.6922500729560852,0.46128618717193604,0.1416431963443756,-0.16407595574855804,-0.4475327730178833,-0.809019923210144,-1.2734347581863403,-1.7917753458023071,-2.376845121383667,-3.1095306873321533,-3.9960620403289795,-4.792404651641846,-4.976594924926758,-4.0738606452941895,-2.176403284072876
0.3309253454208374,-0.030399633571505547,0.2524344027042389,0.8959031701087952,1.1345146894454956,1.0184754133224487,1.0449855327606201,1.2998557090759277,1.7181015014648438,2.2827296257019043,2.697233200073242,2.7571706771850586,2.8120996952056885,3.0822126865386963,3.183943033218384,2.9429774284362793,2.7599360942840576,2.7803521156311035,2.6760685443878174,2.3804209232330322,2.149284601211548,1.9964754581451416,1.7752599716186523,1.539308786392212,1.3510465621948242,1.1191524267196655,0.8600020408630371,0.6949948072433472,0.5528703331947327,0.27445656061172485,-0.08807370066642761,-0.3870982229709625,-0.6136380434036255,-0.8446581959724426,-1.174075722694397,-1.7034071683883667,-2.3815276622772217,-3.0070624351501465,-3.557741403579712,-4.160593032836914,-4.564296245574951,-4.140696048736572,-2.677654266357422
0.8480054140090942,0.15231262147426605,0.380901575088501,0.9367045164108276,1.0143392086029053,0.9847398996353149,1.3487732410430908,1.7563090324401855,1.9491901397705078,2.184608221054077,2.423760414123535,2.4562511444091797,2.516655445098877,2.720550060272217,2.693948268890381,2.4088664054870605,2.2955524921417236,2.323841094970703,2.120798110961914,1.8028533458709717,1.678958535194397,1.6035512685775757,1.363983154296875,1.0985169410705566,0.9229004383087158,0.7576016187667847,0.6073946356773376,0.49122241139411926,0.28110477328300476,-0.02457551471889019,-0.2449631243944168,-0.40548667311668396,-0.6887884140014648,-1.0277644395828247,-1.2863008975982666,-1.6159356832504272,-2.1137118339538574,-2.5464348793029785,-2.847532033920288,-3.26689076423645,-3.6854333877563477,-3.5266125202178955,-2.590690851211548
0.8250685334205627,0.1391603648662567,0.4134190082550049,0.88023841381073,0.8955881595611572,0.9769483208656311,1.4577146768569946,1.7825922966003418,1.7783656120300293,1.8994169235229492,2.14064621925354,2.201227903366089,2.211984395980835,2.2576229572296143,2.1100974082946777,1.885198712348938,1.866719126701355,1.8301582336425781,1.5442394018173218,1.31336510181427,1.2995232343673706,1.1994868516921997,0.9416602253913879,0.7727540731430054,0.6789206266403198,0.5081565976142883,0.34302154183387756,0.2161829173564911,-0.015144900418817997,-0.25678303837776184,-0.29443180561065674,-0.32456469535827637,-0.6553111672401428,-1.081260323524475,-1.2745167016983032,-1.4130630493164062,-1.7408007383346558,-2.0556726455688477,-2.2140045166015625,-2.4240448474884033,-2.6260879039764404,-2.430955171585083,-1.8413435220718384
0.4110839366912842,0.04818065091967583,0.358471155166626,0.7443906664848328,0.8221777677536011,0.944452702999115,1.246889591217041,1.3921116590499878,1.433193564414978,1.6478586196899414,1.8305151462554932,1.7834595441818237,1.7371376752853394,1.7308882474899292,1.5865744352340698,1.455808401107788,1.451255440711975,1.3151051998138428,1.0561280250549316,0.9807689189910889,0.966020941734314,0.7299365997314453,0.4918830096721649,0.4811166226863861,0.4409862160682678,0.2151350975036621,0.04569816216826439,0.009363323450088501,-0.09643200039863586,-0.2775287330150604,-0.3818918764591217,-0.48419246077537537,-0.7190734148025513,-0.9419792890548706,-1.0054454803466797,-1.1013262271881104,-1.3911066055297852,-1.6537326574325562,-1.7200572490692139,-1.7553277015686035,-1.7685362100601196,-1.5204648971557617,-1.0782361030578613
0.42807796597480774,0.24321994185447693,0.2867676019668579,0.43731358647346497,0.587225615978241,0.7533678412437439,0.8660945892333984,0.9038835167884827,1.0613048076629639,1.3103193044662476,1.3451257944107056,1.2205780744552612,1.226140022277832,1.2623169422149658,1.171065092086792,1.1130945682525635,1.0764449834823608,0.8837315440177917,0.7231454849243164,0.7489421367645264,0.6572970151901245,0.36611703038215637,0.2324322909116745,0.27538856863975525,0.1729719638824463,-0.04782315716147423,-0.13344377279281616,-0.08439583331346512,-0.06179756298661232,-0.18174374103546143,-0.4589653015136719,-0.7233957648277283,-0.7991463541984558,-0.7747346758842468,-0.8278570771217346,-0.9705222845077515,-1.127482533454895,-1.2191569805145264,-1.2066631317138672,-1.1829993724822998,-1.186989188194275,-1.038855791091919,-0.6588637828826904
0.8919193148612976,0.5231196880340576,0.21845652163028717,0.15946455299854279,0.31321048736572266,0.4935799837112427,0.5559595823287964,0.5867046117782593,0.7257663607597351,0.8481078743934631,0.8149028420448303,0.8020943999290466,0.9004446268081665,0.9026516675949097,0.8112101554870605,0.8081820011138916,0.7699490189552307,0.5965349078178406,0.5123773217201233,0.5079097747802734,0.3515661656856537,0.19832490384578705,0.22659440338611603,0.18080736696720123,-0.012798668816685677,-0.08716251701116562,-0.08542842417955399,-0.16730046272277832,-0.1771378070116043,-0.15728028118610382,-0.3884981572628021,-0.660372793674469,-0.6258837580680847,-0.5685019493103027,-0.7785325050354004,-0.9468075633049011,-0.8826650381088257,-0.8306496143341064,-0.8438694477081299,-0.7910366058349609,-0.7366450428962708,-0.6480808258056641,-0.3118545114994049
0.9454836249351501,0.31486383080482483,0.043687835335731506,0.1356307715177536,0.3032738268375397,0.379016250371933,0.40138569474220276,0.44069376587867737,0.4640272855758667,0.41553929448127747,0.38749128580093384,0.48874950408935547,0.5788102746009827,0.5137528777122498,0.455477774143219,0.49481865763664246,0.4528980553150177,0.3515096604824066,0.3426121771335602,0.2684021294116974,0.0869562178850174,0.09982039779424667,0.20372574031352997,0.030682289972901344,-0.14888663589954376,-0.003163575427606702,0.04133056849241257,-0.23818513751029968,-0.33556631207466125,-0.18575984239578247,-0.2649467885494232,-0.4491415023803711,-0.37052157521247864,-0.3274456858634949,-0.5443628430366516,-0.6134265661239624,-0.4584837555885315,-0.4933861196041107,-0.626707911491394,-0.48426535725593567,-0.24681688845157623,-0.13035637140274048,0.12073876708745956
0.5607204437255859,-0.1509796530008316,-0.20246776938438416,0.20828469097614288,0.4836660921573639,0.45024818181991577,0.38522693514823914,0.42256346344947815,0.41886770725250244,0.3269116282463074,0.28103381395339966,0.30485284328460693,0.28412240743637085,0.2538098990917206,0.32112541794776917,0.35805585980415344,0.25886884331703186,0.23184806108474731,0.32311588525772095,0.25670725107192993,0.10014432668685913,0.1533397138118744,0.2054629772901535,0.007462035398930311,-0.06912039965391159,0.14211486279964447,0.1608048528432846,-0.0959397405385971,-0.15116837620735168,-0.0160523671656847,-0.0717637911438942,-0.20182304084300995,-0.13786950707435608,-0.051175620406866074,-0.0630425214767456,0.026394939050078392,0.15284770727157593,0.050112996250391006,-0.06838248670101166,0.13864806294441223,0.41423848271369934,0.4623570740222931,0.5494706630706787
0.31927841901779175,-0.334236204624176,-0.413016140460968,0.1331343650817871,0.6168196797370911,0.6337845921516418,0.4952566921710968,0.5018774271011353,0.5621216297149658,0.5699845552444458,0.550636351108551,0.4793683886528015,0.37371566891670227,0.3911269009113312,0.5241168737411499,0.5318645238876343,0.41226398944854736,0.4231710731983185,0.5288081169128418,0.4970112442970276,0.41879794001579285,0.4425170123577118,0.4232037365436554,0.33572888374328613,0.35419678688049316,0.39204928278923035,0.2985735237598419,0.22270844876766205,0.25072118639945984,0.24601846933364868,0.20348314940929413,0.20664635300636292,0.22859671711921692,0.26888054609298706,0.3610007166862488,0.4707562029361725,0.5695638656616211,0.6373510956764221,0.6837833523750305,0.7957499027252197,0.920204222202301,0.8983772397041321,0.8405838012695312
0.14683127403259277,-0.3899126648902893,-0.5173891186714172,0.12572459876537323,0.8344773054122925,0.9613534212112427,0.7703161835670471,0.6844658255577087,0.6869550943374634,0.6848325133323669,0.7074877023696899,0.6982532739639282,0.6022472977638245,0.5339389443397522,0.5501812100410461,0.5436384081840515,0.5074988007545471,0.5146083831787109,0.49979323148727417,0.44172170758247375,0.4408814311027527,0.43444234132766724,0.35234686732292175,0.3576433062553406,0.41732943058013916,0.28731054067611694,0.12888923287391663,0.1769305318593979,0.1698523461818695,0.02866402268409729,0.10438541322946548,0.3032870590686798,0.29241830110549927,0.26380470395088196,0.37274256348609924,0.4181428849697113,0.4992632269859314,0.7458380460739136,0.8545910120010376,0.7837820053100586,0.8433953523635864,0.9385145902633667,0.8357382416725159
-0.08962275832891464,-0.45656949281692505,-0.3563104569911957,0.42560040950775146,1.145115852355957,1.2837965488433838,1.1809781789779663,1.1463595628738403,1.0197502374649048,0.7512192726135254,0.5787626504898071,0.5513131022453308,0.468502938747406,0.2849511206150055,0.13920418918132782,0.08591720461845398,0.07750753313302994,0.041008662432432175,-0.07442163676023483,-0.17647920548915863,-0.17378666996955872,-0.20996065437793732,-0.34853798151016235,-0.3872205913066864,-0.353276789188385,-0.4547359049320221,-0.5256747603416443,-0.4407300055027008,-0.48972639441490173,-0.6102051734924316,-0.4385102093219757,-0.22243310511112213,-0.2512522041797638,-0.1621244102716446,0.11263842135667801,0.20478913187980652,0.28309550881385803,0.5437698364257812,0.6174620985984802,0.5235187411308289,0.6676419377326965,0.8462616205215454,0.7215316891670227
-0.09222229570150375,-0.2475530207157135,-0.004185788333415985,0.5549088716506958,0.9220240116119385,1.0438162088394165,1.2876468896865845,1.6411319971084595,1.6835696697235107,1.265698790550232,0.7131239175796509,0.3423222005367279,0.14012980461120605,-0.013526243157684803,-0.14840109646320343,-0.2837431728839874,-0.4210291802883148,-0.513837456703186,-0.5889197587966919,-0.6948012113571167,-0.7709288001060486,-0.8065257668495178,-0.890911877155304,-0.9924232363700867,-1.0297293663024902,-1.0387744903564453,-1.024113416671753,-0.9707788825035095,-0.9405466914176941,-0.8629395961761475,-0.6713008880615234,-0.5706081986427307,-0.5438898801803589,-0.2563759684562683,0.15429933369159698,0.324870228767395,0.45053958892822266,0.7016494274139404,0.8404330015182495,0.9314010143280029,1.1213246583938599,1.144126057624817,1.0012472867965698
0.1044425517320633,0.16421546041965485,0.19564329087734222,0.15206417441368103,0.05603967234492302,0.1685248613357544,0.6265197396278381,1.2628165483474731,1.7503801584243774,1.7289091348648071,1.1177579164505005,0.33710357546806335,-0.12498930096626282,-0.22000066936016083,-0.22274149954319,-0.35116907954216003,-0.5674616694450378,-0.6760161519050598,-0.6736515164375305,-0.7665097117424011,-0.9272146224975586,-0.9421103596687317,-0.8918358683586121,-0.9607883095741272,-1.0324389934539795,-1.0047801733016968,-1.006830096244812,-1.0326359272003174,-0.9212104678153992,-0.6958902478218079,-0.5147857666015625,-0.3979317247867584,-0.20141276717185974,0.1294594407081604,0.4200384318828583,0.5937917828559875,0.8203594088554382,1.1082156896591187,1.3368736505508423,1.577168583869934,1.7541693449020386,1.6800169944763184,1.6321642398834229
0.17608976364135742,0.38264188170433044,0.27448204159736633,-0.06953336298465729,-0.3378373682498932,-0.3652922511100769,-0.3156353533267975,-0.10435905307531357,0.543957531452179,1.2025501728057861,1.0769137144088745,0.2808700203895569,-0.37541645765304565,-0.5867893695831299,-0.6136921644210815,-0.6605779528617859,-0.7680941224098206,-0.8806921243667603,-0.9304385185241699,-1.0084620714187622,-1.1573563814163208,-1.2072899341583252,-1.1594457626342773,-1.1881811618804932,-1.218164086341858,-1.1549736261367798,-1.1470667123794556,-1.1755523681640625,-1.0651544332504272,-0.9013478755950928,-0.7788143754005432,-0.5594173073768616,-0.24694710969924927,-0.01984219253063202,0.1344769150018692,0.3649119436740875,0.6773862242698669,0.9512738585472107,1.157867670059204,1.3837569952011108,1.6027133464813232,1.731823205947876,1.8636432886123657
-0.051923491060733795,0.2112710028886795,0.4029257893562317,0.40426915884017944,0.32822200655937195,0.11794274300336838,-0.502055287361145,-1.120488166809082,-0.8411415815353394,0.11273414641618729,0.5308142900466919,0.111110620200634,-0.4254801869392395,-0.7576473355293274,-0.9995525479316711,-1.0804187059402466,-1.0790503025054932,-1.2437784671783447,-1.4523693323135376,-1.5090097188949585,-1.5580676794052124,-1.6873780488967896,-1.7841215133666992,-1.8197062015533447,-1.8036972284317017,-1.7466458082199097,-1.7126579284667969,-1.6627228260040283,-1.559730052947998,-1.5067638158798218,-1.4446932077407837,-1.234782099723816,-1.029971718788147,-0.9220547676086426,-0.7082554697990417,-0.3872542977333069,-0.14489823579788208,0.052466921508312225,0.2614380419254303,0.44489288330078125,0.6984986662864685,1.042290449142456,1.2649040222167969
-0.6234993934631348,-0.3420808017253876,0.26334041357040405,0.7802634835243225,1.0505214929580688,0.9495184421539307,0.194313645362854,-0.7873977422714233,-0.9110626578330994,-0.1578100323677063,0.30803319811820984,0.10572680830955505,-0.1450148969888687,-0.3257189989089966,-0.6739149689674377,-0.9286408424377441,-0.9745846390724182,-1.157378077507019,-1.4348219633102417,-1.500328540802002,-1.5081559419631958,-1.6760238409042358,-1.8358839750289917,-1.8584823608398438,-1.8562060594558716,-1.910141110420227,-1.9588303565979004,-1.9159489870071411,-1.8382704257965088,-1.816409707069397,-1.7497397661209106,-1.6210298538208008,-1.604577898979187,-1.5638858079910278,-1.2737176418304443,-1.0222986936569214,-0.9918702840805054,-0.8296812176704407,-0.5074896812438965,-0.33044904470443726,-0.14987856149673462,0.175826758146286,0.37251707911491394
-1.1797889471054077,-0.9738542437553406,-0.3630947172641754,0.28984761238098145,0.8504758477210999,1.1643003225326538,0.8455547094345093,0.18465878069400787,0.18512828648090363,0.8451653718948364,1.0194847583770752,0.5029264092445374,0.2061345875263214,0.2556396722793579,0.04609150439500809,-0.3435034453868866,-0.5183876752853394,-0.617065966129303,-0.795454204082489,-0.9190071821212769,-1.00443434715271,-1.1396212577819824,-1.2350151538848877,-1.2562544345855713,-1.3061116933822632,-1.425132155418396,-1.542296051979065,-1.5867881774902344,-1.60306715965271,-1.6375620365142822,-1.6034914255142212,-1.535881757736206,-1.5774725675582886,-1.5566619634628296,-1.3394334316253662,-1.2509373426437378,-1.317453145980835,-1.1125476360321045,-0.7623316049575806,-0.6483897566795349,-0.5252513885498047,-0.23433342576026917,-0.0540316104888916
-1.3004614114761353,-1.2978163957595825,-1.097204327583313,-0.7234201431274414,-0.054021358489990234,0.6323063373565674,0.7232421636581421,0.4800083041191101,0.9426487684249878,1.9774309396743774,2.1822447776794434,1.2915478944778442,0.572532057762146,0.5545852780342102,0.5133851766586304,0.13828939199447632,-0.14350077509880066,-0.19625264406204224,-0.2716418206691742,-0.4485461115837097,-0.5947964191436768,-0.6405395269393921,-0.6747803688049316,-0.7767719030380249,-0.8723622560501099,-0.9142332077026367,-0.9750539660453796,-1.0598264932632446,-1.1454439163208008,-1.2682857513427734,-1.3648024797439575,-1.377170205116272,-1.4006510972976685,-1.4225343465805054,-1.3719329833984375,-1.3550406694412231,-1.3211286067962646,-1.1012628078460693,-0.9167097806930542,-0.9017816781997681,-0.6978422403335571,-0.30968359112739563,-0.10777510702610016
