earth/public/data/atmosphere/W07/ANN-wind-isobaric-1000hPa-gfs-1.0.json
{"header": {"discipline": 0, "disciplineName": "Meteorological products", "gribEdition": 2, "gribLength": 17922.0, "center": 0, "centerName": "Kiel Climate Model", "subcenter": 0, "refTime": "1", "significanceOfRT": 1, "significanceOfRTName": "Start of forecast", "productStatus": 0, "productStatusName": "Operational products", "productType": 1, "productTypeName": "Forecast products", "productDefinitionTemplate": 0, "productDefinitionTemplateName": "Analysis/forecast at horizontal level/layer at a point in time", "parameterCategory": 2, "parameterCategoryName": "Momentum", "parameterNumber": 2, "parameterNumberName": "V-component_of_wind", "parameterUnit": "m/s", "genProcessType": 2, "genProcessTypeName": "Forecast", "forecastTime": 0, "surface1Type": 103, "surface1TypeName": "Specified height level above ground", "surface1Value": 10, "surface2Type": 255, "surface2TypeName": "Missing", "surface2Value": 0, "gridDefinitionTemplate": 0, "gridDefinitionTemplateName": "Latitude_Longitude", "numberPoints": 65160, "shape": 6, "shapeName": "Earth spherical with radius of 6,371,229.0 m", "gridUnits": "degrees", "resolution": 48, "winds": "true", "scanMode": 0, "nx": 128.0, "ny": 64.0, "basicAngle": 0, "subDivisions": 0, "lo1": 0.0, "la1": 87.86379883923263, "lo2": 357.1875, "la2": -87.86379883923263, "dx": 2.8125, "dy": 2.7893269472772264}, "data":
[rows 0 to 18 of 64, columns 0 to 42 of 128]
0.7573992013931274,0.8360839486122131,0.9108970165252686,0.9813072681427002,1.046797275543213,1.1069326400756836,1.161298155784607,1.2095472812652588,1.2514007091522217,1.286652684211731,1.3151623010635376,1.3368533849716187,1.351729393005371,1.359870433807373,1.361404299736023,1.3565301895141602,1.3455170392990112,1.328670859336853,1.3063454627990723,1.2789415121078491,1.2469019889831543,1.2106810808181763,1.17074716091156,1.1276060342788696,1.0817456245422363,1.0336692333221436,0.983831524848938,0.9327118992805481,0.8807289600372314,0.8282824158668518,0.7757275700569153,0.7233682870864868,0.6714714765548706,0.6202415227890015,0.5698246955871582,0.5203189849853516,0.4717562198638916,0.42413389682769775,0.37738287448883057,0.33139604330062866,0.28603535890579224,0.24111594259738922,0.1964479684829712
0.7836184501647949,0.8605694770812988,0.9339669346809387,1.0014835596084595,1.061313509941101,1.1121726036071777,1.1532994508743286,1.1844065189361572,1.2055827379226685,1.2172038555145264,1.2198280096054077,1.214124083518982,1.2007893323898315,1.1804968118667603,1.1538902521133423,1.1215301752090454,1.0839537382125854,1.0416637659072876,0.9951246976852417,0.9448603987693787,0.891403079032898,0.8353587985038757,0.7773897051811218,0.7182219624519348,0.6586335301399231,0.5994438529014587,0.5415013432502747,0.48564261198043823,0.43266841769218445,0.38332468271255493,0.33827486634254456,0.29806387424468994,0.263114869594574,0.23369617760181427,0.20989897847175598,0.19165052473545074,0.1786659061908722,0.17048677802085876,0.16645006835460663,0.1657131016254425,0.16727641224861145,0.1699904501438141,0.17262521386146545
0.28139814734458923,0.40206268429756165,0.5022711753845215,0.5769341588020325,0.6246615052223206,0.6470984220504761,0.6479995846748352,0.6322746276855469,0.6051415205001831,0.5714265704154968,0.5351037979125977,0.49909964203834534,0.4652651846408844,0.4344868063926697,0.4069593548774719,0.38241100311279297,0.360368937253952,0.3403814733028412,0.3221416473388672,0.3055829703807831,0.29088717699050903,0.27842745184898376,0.26869478821754456,0.26218152046203613,0.25924891233444214,0.2600354552268982,0.2643732726573944,0.27175581455230713,0.2813858687877655,0.2922118902206421,0.30310314893722534,0.3129408657550812,0.32084283232688904,0.3262464702129364,0.3290320932865143,0.32951322197914124,0.3284231424331665,0.32677868008613586,0.32567256689071655,0.32610997557640076,0.3287489116191864,0.3337275981903076,0.34053122997283936
-0.07693183422088623,0.15923255681991577,0.31741607189178467,0.4039965569972992,0.4331219494342804,0.42231515049934387,0.3886670470237732,0.34609663486480713,0.3040093183517456,0.26709917187690735,0.23616720736026764,0.2094174474477768,0.1838548630475998,0.15653096139431,0.1253657042980194,0.08958809822797775,0.04985097423195839,0.008077203296124935,-0.03277177736163139,-0.06901013106107712,-0.0964810699224472,-0.11093640327453613,-0.10839106142520905,-0.08560608327388763,-0.0406162329018116,0.0267623420804739,0.11450362205505371,0.21817956864833832,0.33110153675079346,0.44486984610557556,0.5502246618270874,0.6381857395172119,0.7012674808502197,0.7345540523529053,0.7364295125007629,0.7088412046432495,0.6570442318916321,0.5888116359710693,0.5133299827575684,0.4398757815361023,0.37662869691848755,0.32958704233169556,0.3019724488258362
-0.008076129481196404,0.2011372596025467,0.29742249846458435,0.32480236887931824,0.32505595684051514,0.3289641737937927,0.35212621092796326,0.3954281210899353,0.4490357041358948,0.49806222319602966,0.5282831192016602,0.5301717519760132,0.5007277727127075,0.4429805278778076,0.36389750242233276,0.2716788351535797,0.1734451949596405,0.07407783716917038,-0.02363577112555504,-0.11774767190217972,-0.20542044937610626,-0.2814638912677765,-0.3377304971218109,-0.3638102412223816,-0.3489669859409332,-0.28489676117897034,-0.16860869526863098,-0.004679711069911718,0.19392849504947662,0.40678274631500244,0.6088035702705383,0.7743702530860901,0.881976842880249,0.9183599948883057,0.881142795085907,0.7793227434158325,0.6315100193023682,0.4622509479522705,0.29736724495887756,0.15933483839035034,0.06371196359395981,0.01726282387971878,0.017931770533323288
0.11335811764001846,0.19752942025661469,0.24577242136001587,0.3185259997844696,0.4448562562465668,0.620170533657074,0.8135555982589722,0.9815517067909241,1.083864688873291,1.0963382720947266,1.0178278684616089,0.8695194125175476,0.687550961971283,0.5117570161819458,0.3740798830986023,0.29021161794662476,0.2565871477127075,0.25328364968299866,0.2515147924423218,0.2234138548374176,0.15122538805007935,0.03349517658352852,-0.11326149851083755,-0.25775882601737976,-0.3612269163131714,-0.38706091046333313,-0.3106400668621063,-0.12697768211364746,0.14576730132102966,0.46804845333099365,0.7860866189002991,1.043003797531128,1.1915817260742188,1.2053688764572144,1.0852622985839844,0.8595054149627686,0.5770204067230225,0.2957168519496918,0.06897969543933868,-0.06604796648025513,-0.0954027846455574,-0.029033811762928963,0.10410746932029724
0.09199394285678864,0.351349800825119,0.6734388470649719,1.0546497106552124,1.4523380994796753,1.7995370626449585,2.0254592895507812,2.0769569873809814,1.9355207681655884,1.6252150535583496,1.2087116241455078,0.7722562551498413,0.40364864468574524,0.16968967020511627,0.0997791737318039,0.18024393916130066,0.3603631556034088,0.5677589178085327,0.7282335162162781,0.7846025824546814,0.7100293040275574,0.5133991241455078,0.23642192780971527,-0.05607016384601593,-0.29033297300338745,-0.39968809485435486,-0.33962592482566833,-0.099411241710186,0.29240289330482483,0.7706385254859924,1.2452490329742432,1.6207407712936401,1.8192652463912964,1.8011019229888916,1.5761709213256836,1.2021770477294922,0.7692323327064514,0.37531930208206177,0.10030505806207657,-0.013296263292431831,0.03282931074500084,0.199244424700737,0.42492225766181946
0.48386716842651367,1.1495749950408936,1.7766833305358887,2.281817674636841,2.601668357849121,2.7018823623657227,2.5785531997680664,2.2569806575775146,1.789847493171692,1.252822756767273,0.734601616859436,0.3204861283302307,0.07293649017810822,0.01591695286333561,0.12908193469047546,0.35444772243499756,0.6130803823471069,0.8259230256080627,0.9323262572288513,0.9018353819847107,0.7375560402870178,0.4722873866558075,0.16001160442829132,-0.1345241218805313,-0.34609824419021606,-0.4187680184841156,-0.315674751996994,-0.02895398624241352,0.41189637780189514,0.9376623034477234,1.4478527307510376,1.8320393562316895,2.0000338554382324,1.911081314086914,1.5898795127868652,1.121235728263855,0.6236794590950012,0.21144169569015503,-0.040614377707242966,-0.11566075682640076,-0.050960320979356766,0.08545268326997757,0.22603227198123932
1.752905011177063,2.4717791080474854,2.8645567893981934,2.8872692584991455,2.597975492477417,2.116542100906372,1.5729055404663086,1.0686309337615967,0.6634438633918762,0.38202542066574097,0.22720129787921906,0.18832053244113922,0.24292144179344177,0.3573647141456604,0.49163180589675903,0.608339250087738,0.6809903979301453,0.6970157623291016,0.6556105017662048,0.5635879635810852,0.4328579604625702,0.279857873916626,0.1252138316631317,-0.007295271847397089,-0.09195250272750854,-0.10179251432418823,-0.010761012323200703,0.1985846757888794,0.5208564400672913,0.9132722616195679,1.2930364608764648,1.5561705827713013,1.6151829957962036,1.4386653900146484,1.0705815553665161,0.6163907051086426,0.20104333758354187,-0.0805923268198967,-0.19746063649654388,-0.1858643740415573,-0.12375883013010025,-0.0893198549747467,-0.12325898557901382
3.1429402828216553,3.3949153423309326,3.1860432624816895,2.5989701747894287,1.8290627002716064,1.0999374389648438,0.5767602920532227,0.3195676803588867,0.29182010889053345,0.4052414894104004,0.5664413571357727,0.7031028866767883,0.7711452841758728,0.7560759782791138,0.6747868061065674,0.571090042591095,0.49678072333335876,0.48304951190948486,0.5206128358840942,0.565013587474823,0.5658562779426575,0.49943438172340393,0.38169005513191223,0.2548498213291168,0.16240938007831573,0.13387642800807953,0.18703757226467133,0.33534836769104004,0.5821958184242249,0.9001142978668213,1.2155489921569824,1.4246551990509033,1.4424253702163696,1.2555936574935913,0.9389823079109192,0.6186419129371643,0.40441426634788513,0.3359591066837311,0.3736608624458313,0.4326125979423523,0.43339067697525024,0.340840607881546,0.1756836324930191
3.4247119426727295,3.1732234954833984,2.6519179344177246,1.9700168371200562,1.3073500394821167,0.8388936519622803,0.64952152967453,0.7025896310806274,0.882265567779541,1.0677636861801147,1.1804813146591187,1.1850755214691162,1.0738987922668457,0.8687571883201599,0.6353227496147156,0.47454407811164856,0.4711424708366394,0.6279979944229126,0.8435468077659607,0.9639486074447632,0.8810272812843323,0.605021059513092,0.25725671648979187,-0.010650749318301678,-0.10787209868431091,-0.03849197179079056,0.1373394876718521,0.3689139485359192,0.6428269743919373,0.95146644115448,1.2444207668304443,1.4267808198928833,1.4223730564117432,1.2487215995788574,1.0273394584655762,0.9065143465995789,0.9550867676734924,1.1147748231887817,1.2468961477279663,1.2299461364746094,1.0325807332992554,0.7205633521080017,0.4101520776748657
2.7770678997039795,2.454989194869995,2.0676350593566895,1.6177432537078857,1.2022005319595337,0.9479342103004456,0.9013024568557739,0.9911388158798218,1.1011791229248047,1.1658638715744019,1.1870650053024292,1.1728389263153076,1.092908501625061,0.9174143671989441,0.6926862597465515,0.5486959218978882,0.6006699800491333,0.8280054926872253,1.054626226425171,1.0684938430786133,0.7880648970603943,0.33555692434310913,-0.0460846871137619,-0.1648615300655365,-0.003334339940920472,0.29768985509872437,0.569857120513916,0.7468423247337341,0.8852394819259644,1.068062424659729,1.2890739440917969,1.4349899291992188,1.3899701833724976,1.1635737419128418,0.911145031452179,0.8147159218788147,0.9290652871131897,1.1327263116836548,1.2220155000686646,1.0566139221191406,0.6385254859924316,0.0908658504486084,-0.4127282202243805
2.43538761138916,2.4130606651306152,2.2371790409088135,1.840211272239685,1.3576449155807495,1.0098211765289307,0.8934828042984009,0.9138391017913818,0.922777533531189,0.8848550319671631,0.8730761408805847,0.9209818243980408,0.9380552172660828,0.8080309629440308,0.5528106689453125,0.3535410761833191,0.3815924823284149,0.6125542521476746,0.8264512419700623,0.8071459531784058,0.5488728284835815,0.2683613896369934,0.21083500981330872,0.43368348479270935,0.7649367451667786,0.9641858339309692,0.9337424635887146,0.7968851327896118,0.7855764031410217,1.0389105081558228,1.4789073467254639,1.8619598150253296,1.9612584114074707,1.730092167854309,1.31550133228302,0.9238142371177673,0.6648969054222107,0.5033910870552063,0.32789719104766846,0.04457272216677666,-0.38259199261665344,-0.9286062121391296,-1.4910742044448853
2.47597599029541,2.672220468521118,2.5310192108154297,1.997071623802185,1.317678451538086,0.8618363738059998,0.7759603261947632,0.8681277632713318,0.8567667007446289,0.6752476692199707,0.47463563084602356,0.36928755044937134,0.28204160928726196,0.07890328764915466,-0.20444956421852112,-0.34788236021995544,-0.17538967728614807,0.23262080550193787,0.5857673287391663,0.6523316502571106,0.47739335894584656,0.323231965303421,0.387980580329895,0.5935631990432739,0.6688852906227112,0.44613519310951233,0.06442168354988098,-0.12698279321193695,0.13159364461898804,0.7931066751480103,1.5524402856826782,2.084259510040283,2.2413222789764404,2.0662102699279785,1.6707606315612793,1.142149806022644,0.5531448125839233,0.006064014974981546,-0.3950086534023285,-0.6379958391189575,-0.8428912162780762,-1.1572608947753906,-1.5751283168792725
1.9160592555999756,2.0092854499816895,1.8283792734146118,1.2717174291610718,0.573444664478302,0.16687774658203125,0.2248714715242386,0.46080514788627625,0.46635934710502625,0.15192657709121704,-0.24822422862052917,-0.5282761454582214,-0.7116042375564575,-0.8920771479606628,-1.0129648447036743,-0.8958488702774048,-0.45909029245376587,0.14248865842819214,0.5978707075119019,0.6659777164459229,0.3618782162666321,-0.0640740916132927,-0.35766181349754333,-0.4838058650493622,-0.5951866507530212,-0.7748557329177856,-0.8635404109954834,-0.6061180233955383,0.025178834795951843,0.7087775468826294,1.0328047275543213,0.883691132068634,0.5371909141540527,0.33972790837287903,0.3419627845287323,0.3067086935043335,0.05674980208277702,-0.28697627782821655,-0.4699721932411194,-0.44240108132362366,-0.42751622200012207,-0.6267953515052795,-0.925014853477478
0.7622142434120178,0.5989593267440796,0.4624640643596649,0.12773938477039337,-0.3476283550262451,-0.5962176322937012,-0.4447252154350281,-0.19313332438468933,-0.23715882003307343,-0.589683473110199,-0.9627699255943298,-1.1872261762619019,-1.315046787261963,-1.366018295288086,-1.2253189086914062,-0.8379787802696228,-0.3302714228630066,0.11724002659320831,0.38470757007598877,0.36623987555503845,-0.030115490779280663,-0.7234337329864502,-1.3889728784561157,-1.6720603704452515,-1.4762675762176514,-0.9904095530509949,-0.4559560716152191,0.010914682410657406,0.3453131318092346,0.38584640622138977,-0.03746046870946884,-0.8102408051490784,-1.4618116617202759,-1.5576268434524536,-1.1513307094573975,-0.6959925293922424,-0.488259881734848,-0.37299832701683044,-0.08757327497005463,0.269305944442749,0.3258468210697174,-0.022288206964731216,-0.3612472116947174
-0.10827323794364929,-0.48948344588279724,-0.558969259262085,-0.6030477285385132,-0.7566438317298889,-0.7957684397697449,-0.6106292605400085,-0.49404942989349365,-0.7128589153289795,-1.0833607912063599,-1.2804017066955566,-1.3334376811981201,-1.4452065229415894,-1.493251085281372,-1.1631324291229248,-0.5392450094223022,-0.12253762781620026,-0.17781278491020203,-0.43332621455192566,-0.5752015113830566,-0.7196841835975647,-1.1419671773910522,-1.7120394706726074,-1.8949164152145386,-1.3552051782608032,-0.41074585914611816,0.2285163253545761,0.15598319470882416,-0.38873162865638733,-0.8866006135940552,-1.0930495262145996,-1.0919392108917236,-0.9604451656341553,-0.6803129315376282,-0.35912707448005676,-0.2061295062303543,-0.18233482539653778,0.037817105650901794,0.5738294720649719,1.0307265520095825,0.9327462911605835,0.37076959013938904,-0.02802099846303463
-0.3782489001750946,-0.8100637793540955,-0.9037725925445557,-0.9111174941062927,-1.0219134092330933,-1.0526313781738281,-0.9085819721221924,-0.8953070640563965,-1.2093541622161865,-1.499097466468811,-1.4006081819534302,-1.1824307441711426,-1.2792060375213623,-1.4389482736587524,-1.0413775444030762,-0.19455531239509583,0.21365311741828918,-0.2933945655822754,-1.1346426010131836,-1.4817075729370117,-1.2778956890106201,-1.1068336963653564,-1.2814390659332275,-1.4277211427688599,-1.0260043144226074,-0.18762747943401337,0.3179361820220947,-0.0844680592417717,-1.0366731882095337,-1.5958584547042847,-1.261397123336792,-0.3782545030117035,0.42379432916641235,0.8135087490081787,0.7734286785125732,0.48493364453315735,0.33878985047340393,0.664689838886261,1.2567028999328613,1.4829037189483643,1.0457258224487305,0.36510366201400757,0.03152846544981003
-0.13907913863658905,-0.41584882140159607,-0.5895624756813049,-0.854945719242096,-1.3536113500595093,-1.771045446395874,-1.8298488855361938,-1.7872298955917358,-1.9386003017425537,-1.984153389930725,-1.528731107711792,-0.9068882465362549,-0.7450091242790222,-0.8950235247612,-0.6381233930587769,0.08442208915948868,0.4611090123653412,-0.023901725187897682,-0.8794429302215576,-1.306596040725708,-1.152307391166687,-0.9134340286254883,-1.0339276790618896,-1.3816330432891846,-1.3903359174728394,-0.7318903803825378,0.1963052898645401,0.6564804315567017,0.43366163969039917,0.008502583019435406,-0.15143662691116333,-0.07687845081090927,0.006313288118690252,0.03453301638364792,0.02912995032966137,0.052696991711854935,0.3133774995803833,0.8902013301849365,1.3469430208206177,1.131382703781128,0.38492101430892944,-0.18462878465652466,-0.28616073727607727
