earth/public/data/atmosphere/W07/ANN-tsw-surface-level-gfs-1.0.json
{"header": {"discipline": 0, "disciplineName": "Meteorological products", "gribEdition": 2, "gribLength": 131138.0, "center": 0, "centerName": "Kiel Climate Model", "subcenter": 0, "refTime": "1", "significanceOfRT": 1, "significanceOfRTName": "Start of forecast", "productStatus": 0, "productStatusName": "Operational products", "productType": 1, "productTypeName": "Forecast products", "productDefinitionTemplate": 0, "productDefinitionTemplateName": "Analysis/forecast at horizontal level/layer at a point in time", "parameterCategory": 2, "parameterCategoryName": "Momentum", "parameterNumber": 2, "parameterNumberName": "U-component_of_wind", "parameterUnit": "K", "genProcessType": 2, "genProcessTypeName": "Forecast", "forecastTime": 0, "surface1Type": 103, "surface1TypeName": "Specified height level above ground", "surface1Value": 10, "surface2Type": 255, "surface2TypeName": "Missing", "surface2Value": 0, "gridDefinitionTemplate": 0, "gridDefinitionTemplateName": "Latitude_Longitude", "numberPoints": 65160, "shape": 6, "shapeName": "Earth spherical with radius of 6,371,229.0 m", "gridUnits": "degrees", "resolution": 48, "winds": "true", "scanMode": 0, "nx": 360.0, "ny": 180.0, "basicAngle": 0, "subDivisions": 0, "lo1": 0.0, "la1": -89.5, "lo2": 359.0, "la2": 89.5, "dx": 1.0, "dy": -1.0}, "data":
[rows 84 to 104 of 180, columns 96 to 143 of 360]
301.3138427734375,301.3470764160156,301.40850830078125,301.5075378417969,301.6272277832031,301.6929931640625,301.68853759765625,null,null,null,301.96209716796875,302.0057373046875,301.93267822265625,301.8310241699219,301.78436279296875,301.79998779296875,301.8282775878906,301.9173583984375,302.05438232421875,302.12786865234375,302.0595397949219,301.9306945800781,301.8623962402344,301.8209228515625,301.7430419921875,301.7015686035156,301.6678161621094,301.6064758300781,301.5727233886719,301.6354064941406,301.75006103515625,301.8005065917969,301.7802429199219,301.7680358886719,301.80316162109375,301.86944580078125,301.904541015625,301.8541259765625,301.7609558105469,301.7105407714844,301.7178955078125,null,null,null,null,null,null,null
301.3874816894531,301.42706298828125,301.4990234375,301.60491943359375,301.7255554199219,301.79193115234375,301.79193115234375,null,null,null,302.0057373046875,302.0057373046875,301.97589111328125,301.921630859375,301.89178466796875,301.9066162109375,301.93359375,302.0448913574219,302.22027587890625,302.31671142578125,302.2178649902344,302.03814697265625,301.93927001953125,301.88140869140625,301.77618408203125,301.7182922363281,301.6848449707031,301.6240234375,301.590576171875,301.65777587890625,301.7799987792969,301.847900390625,301.84918212890625,301.8498840332031,301.90118408203125,301.9944152832031,302.04571533203125,301.98504638671875,301.874755859375,301.8140869140625,301.8140869140625,null,null,null,null,null,null,null
301.41705322265625,301.46099853515625,301.54022216796875,301.6262512207031,301.7253112792969,301.79193115234375,301.79193115234375,null,null,null,302.0483703613281,302.04901123046875,302.02459716796875,301.9794006347656,301.9549865722656,301.9529113769531,301.9513854980469,302.0434875488281,302.2216796875,302.31671142578125,302.171630859375,301.9632873535156,301.8710632324219,301.81787109375,301.720458984375,301.6672668457031,301.6573486328125,301.6357421875,301.6258239746094,301.70001220703125,301.8338623046875,301.9143981933594,301.9250793457031,301.93145751953125,301.95391845703125,302.00982666015625,302.04571533203125,301.9859313964844,301.8738708496094,301.8140869140625,301.7814025878906,null,null,null,null,null,null,null
301.4708251953125,301.52203369140625,301.61578369140625,301.6786193847656,null,null,null,null,null,null,302.1283264160156,302.127685546875,302.1123352050781,302.08526611328125,302.0699157714844,302.06005859375,null,null,null,null,null,301.79638671875,301.7470397949219,301.70166015625,301.619873046875,301.5744934082031,301.603759765625,301.66058349609375,301.68988037109375,301.7757263183594,301.932861328125,302.0344543457031,302.06396484375,302.0797119140625,302.0777893066406,null,null,null,null,null,null,301.5634460449219,301.53076171875,301.5015869140625,301.4469299316406,301.41778564453125,301.3388366699219,301.1907958984375
301.50042724609375,301.5559997558594,301.6570129394531,301.7125549316406,null,null,null,null,null,null,302.17095947265625,302.17095947265625,302.16107177734375,302.1430358886719,302.13311767578125,302.13311767578125,null,null,null,null,null,301.6788330078125,301.6788330078125,301.6381530761719,301.56414794921875,301.5234375,301.5762634277344,301.67230224609375,301.72509765625,301.81793212890625,301.9867248535156,302.1009521484375,302.1398620605469,302.1612548828125,302.1612548828125,null,null,null,null,null,null,301.53076171875,301.53076171875,301.50115966796875,301.4473876953125,301.41778564453125,301.337646484375,301.19195556640625
301.48028564453125,301.53704833984375,301.64007568359375,301.6970520019531,null,null,null,null,null,null,302.0660095214844,302.0687255859375,302.06622314453125,302.060546875,302.05804443359375,302.05914306640625,null,null,null,null,null,301.68499755859375,301.6850891113281,301.6533203125,301.5942687988281,301.5625,301.6096496582031,301.69622802734375,301.74334716796875,301.8255920410156,301.9767150878906,302.07080078125,302.09381103515625,302.10565185546875,302.06451416015625,null,null,null,null,null,null,301.4198913574219,301.4200134277344,301.38763427734375,301.32916259765625,301.2967529296875,301.2264709472656,301.0971984863281
301.44366455078125,301.50244140625,301.6094665527344,301.66802978515625,null,null,null,302.0224304199219,302.0224304199219,301.9786071777344,301.9102478027344,301.8827819824219,301.89263916015625,301.91168212890625,301.9215393066406,301.9204406738281,null,null,null,null,null,301.696533203125,301.6964416503906,301.67962646484375,301.6503601074219,301.6335144042969,301.67120361328125,301.7388610839844,301.77655029296875,301.84112548828125,301.9569091796875,302.0174255371094,302.00860595703125,302.0045166015625,301.92724609375,301.75250244140625,301.630859375,301.5717468261719,301.4609069824219,301.4017639160156,301.3440246582031,301.25494384765625,301.21868896484375,301.1816101074219,301.1138000488281,301.07672119140625,301.0228271484375,300.9263610839844
301.42352294921875,301.4834899902344,301.592529296875,301.65252685546875,null,null,null,302.0224304199219,302.0224304199219,301.9590759277344,301.8438720703125,301.780517578125,301.79779052734375,301.8292236328125,301.84649658203125,301.84649658203125,null,null,null,null,null,301.70269775390625,301.70269775390625,301.6947937011719,301.6804504394531,301.67254638671875,301.70458984375,301.7627868652344,301.7947998046875,301.8487854003906,301.9468994140625,301.9872741699219,301.9625244140625,301.94891357421875,301.8656311035156,301.71417236328125,301.630859375,301.57086181640625,301.4617614746094,301.4017639160156,301.3248291015625,301.1849060058594,301.1079406738281,301.0680847167969,300.9955749511719,300.9556884765625,300.9116516113281,300.8315734863281
301.4207458496094,301.46832275390625,301.5775146484375,301.65252685546875,null,null,null,301.8271484375,301.8242492675781,301.751220703125,301.6199035644531,301.546875,301.5930480957031,301.6726379394531,301.71881103515625,301.701904296875,null,null,null,null,null,301.74615478515625,301.746826171875,301.7451477050781,301.7411804199219,301.739501953125,301.7518615722656,301.77728271484375,301.78961181640625,301.8250427246094,301.89227294921875,301.9172058105469,301.8976745605469,301.8871765136719,301.82366943359375,301.7052001953125,301.6416931152344,301.5997314453125,301.520751953125,301.4787902832031,301.43109130859375,301.33990478515625,301.2922058105469,301.267578125,301.220458984375,301.1958312988281,301.1607666015625,301.0956726074219
301.4157409667969,301.43658447265625,null,null,null,null,null,301.46099853515625,301.4638977050781,301.374755859375,301.2112121582031,301.1220703125,301.2164306640625,301.392333984375,301.4866943359375,301.489501953125,301.50262451171875,301.5077209472656,null,null,null,301.8276672363281,301.8270263671875,301.8357238769531,301.8525085449219,301.8612365722656,301.8407897949219,301.8006286621094,301.7801818847656,301.7846984863281,301.79010009765625,301.7893371582031,301.78021240234375,301.7749328613281,301.7444152832031,301.69189453125,301.661376953125,301.6495056152344,301.6307067871094,301.61883544921875,301.619873046875,301.62615966796875,301.6271667480469,301.6279602050781,301.6317138671875,301.6324768066406,301.61236572265625,301.5771484375
301.4129638671875,301.4129638671875,null,null,null,null,null,301.2657165527344,301.2657165527344,301.1669006347656,300.98724365234375,300.888427734375,301.0116882324219,301.2357482910156,301.3590087890625,301.39794921875,301.46875,301.5077209472656,null,null,null,301.8711242675781,301.8711242675781,301.8860778808594,301.9132385253906,301.9281921386719,301.8880615234375,301.8150939941406,301.77496337890625,301.7609558105469,301.7354431152344,301.7192687988281,301.7153625488281,301.71319580078125,301.70245361328125,301.6829528808594,301.6722106933594,301.67840576171875,301.6896667480469,301.69586181640625,301.72613525390625,301.7811279296875,301.8114013671875,301.82745361328125,301.8565979003906,301.8726501464844,301.8614807128906,301.84124755859375
301.3634033203125,301.3672180175781,null,null,null,null,null,301.1845703125,301.1761779785156,301.0812072753906,300.907958984375,300.81298828125,300.9167175292969,301.1083068847656,301.2120361328125,301.2720031738281,301.3778076171875,301.4232177734375,null,null,null,301.7478942871094,301.793701171875,301.83856201171875,301.91558837890625,301.96044921875,301.9220275878906,301.8354187011719,301.77496337890625,301.72906494140625,301.6659240722656,301.64300537109375,301.65350341796875,301.6600036621094,301.6712646484375,301.6883544921875,301.6995849609375,301.7055969238281,301.716552734375,301.7225646972656,301.74334716796875,301.7825927734375,301.80340576171875,301.8192138671875,301.8479919433594,301.8638000488281,301.856689453125,301.84320068359375
301.27325439453125,301.2984924316406,301.3590393066406,301.36260986328125,301.2942199707031,301.2577209472656,301.17987060546875,301.06243896484375,301.01336669921875,300.9248046875,300.7643737792969,300.67584228515625,300.7470703125,300.8736267089844,300.9448547363281,301.039794921875,301.215576171875,301.2998962402344,301.27911376953125,301.2627258300781,301.3900146484375,301.5719909667969,301.6529235839844,301.7476501464844,301.9244079589844,302.0191345214844,301.9980163574219,null,null,null,301.5068664550781,301.5030822753906,301.5423889160156,301.56329345703125,301.6111755371094,301.7015075683594,301.7493591308594,301.75506591796875,301.7654113769531,301.7711181640625,301.7761535644531,301.7838134765625,301.788818359375,301.80426025390625,301.832275390625,301.84771728515625,301.8473815917969,301.84735107421875
301.20721435546875,301.24676513671875,301.3367919921875,301.3673400878906,301.3192138671875,301.2992248535156,301.2375793457031,301.1215515136719,301.0599060058594,300.9263610839844,300.6909484863281,300.5574035644531,300.5714416503906,300.6026611328125,300.6167297363281,300.7597351074219,301.015625,301.1722106933594,301.1956481933594,301.2091979980469,301.2922058105469,301.4429626464844,301.5260009765625,301.6504211425781,301.8766784667969,302.0010986328125,302.0018310546875,null,null,null,301.25225830078125,301.298583984375,301.38385009765625,301.43231201171875,301.5101013183594,301.6503601074219,301.7281494140625,301.7327880859375,301.7413635253906,301.7460021972656,301.7420654296875,301.7348327636719,301.73089599609375,301.7501220703125,301.784423828125,301.80364990234375,301.8080749511719,301.8160705566406
301.17724609375,301.19659423828125,null,null,301.3773498535156,301.3746337890625,301.3559875488281,301.32598876953125,301.30731201171875,301.0923767089844,300.6941833496094,300.479248046875,300.43048095703125,300.3360595703125,300.28729248046875,300.4754333496094,300.8216247558594,301.0362243652344,301.08544921875,301.1119079589844,301.19671630859375,301.3511047363281,301.4359130859375,301.55999755859375,301.7855529785156,301.9096374511719,301.9089050292969,null,null,null,300.9803466796875,301.0625,301.2108459472656,301.2908630371094,301.3819274902344,301.5487365722656,301.6398010253906,301.6429748535156,301.6485595703125,301.6517333984375,301.648681640625,301.64324951171875,301.64019775390625,301.66607666015625,301.71368408203125,301.7395324707031,301.7452392578125,301.7557373046875
301.1607971191406,301.1607971191406,null,null,301.4161376953125,301.4161376953125,301.42327880859375,301.4362487792969,301.4433898925781,301.17962646484375,300.7000427246094,300.436279296875,300.34979248046875,300.19256591796875,300.1060791015625,300.3213195800781,300.7126770019531,300.9620666503906,301.0242004394531,301.0583801269531,301.144287109375,301.30047607421875,301.3863830566406,301.51025390625,301.7354736328125,301.8593444824219,301.8593444824219,null,null,null,300.8353271484375,300.93426513671875,301.1141357421875,301.21307373046875,301.3121032714844,301.4921875,301.5912170410156,301.5934753417969,301.59759521484375,301.5998840332031,301.5973815917969,301.59283447265625,301.59033203125,301.62017822265625,301.6744384765625,301.70428466796875,301.71075439453125,301.7225036621094
301.2839050292969,301.2821044921875,null,null,301.4401550292969,301.4405212402344,301.4408264160156,301.44281005859375,301.4433898925781,301.1835021972656,300.6961669921875,300.436279296875,300.2749328613281,300.047119140625,299.9443359375,300.170654296875,300.5804443359375,300.8623352050781,300.9600830078125,301.015625,301.0849609375,301.2135009765625,301.2828369140625,301.3819274902344,301.5658874511719,301.66497802734375,301.6678466796875,null,null,null,300.80438232421875,300.9014587402344,301.07904052734375,301.17657470703125,301.25360107421875,301.39703369140625,301.4740905761719,301.4692077636719,301.4613952636719,301.4565124511719,301.46209716796875,301.47100830078125,301.4765930175781,301.50091552734375,301.5459289550781,301.57025146484375,301.566650390625,301.5616455078125
301.5077819824219,301.50958251953125,null,null,301.4851989746094,301.48486328125,301.48150634765625,null,null,null,null,null,null,299.7174072265625,299.65020751953125,299.89501953125,300.341796875,300.677734375,300.84674072265625,300.93792724609375,300.9795837402344,301.0528564453125,301.09454345703125,301.1523742675781,301.2537841796875,301.3116149902344,301.30877685546875,null,null,null,300.74639892578125,300.8420715332031,301.0149841308594,301.1101989746094,301.15057373046875,301.220703125,301.2610778808594,301.2442932128906,301.2126770019531,301.1958923339844,301.21490478515625,301.2507629394531,301.2698059082031,301.2848815917969,301.3114929199219,301.3265686035156,301.30621337890625,301.26763916015625
301.63092041015625,301.63092041015625,null,null,301.5092468261719,301.5092468261719,301.5092468261719,null,null,null,null,null,null,299.48846435546875,299.48846435546875,299.74432373046875,300.2095947265625,300.5780029296875,300.7826232910156,300.8951721191406,300.9202575683594,300.96588134765625,300.990966796875,301.0240478515625,301.0841979980469,301.11724853515625,301.11724853515625,null,null,null,300.7154541015625,300.8092956542969,300.9798583984375,301.0736999511719,301.09210205078125,301.12554931640625,301.1439514160156,301.1199951171875,301.07647705078125,301.0525207519531,301.07965087890625,301.1289367675781,301.15606689453125,301.1656188964844,301.1829833984375,301.1925354003906,301.162109375,301.1067810058594
301.661865234375,301.6614074707031,null,null,301.5092468261719,301.5092468261719,301.5092468261719,null,null,null,null,null,null,299.36004638671875,299.358154296875,299.58544921875,300.0030517578125,300.3787841796875,300.6432189941406,300.7916564941406,300.8144836425781,300.8562927246094,300.87908935546875,300.8825378417969,300.89324951171875,300.89666748046875,300.84490966796875,null,null,null,300.57763671875,300.6915283203125,300.8497009277344,300.9360656738281,300.9350891113281,300.93621826171875,300.93524169921875,300.9167175292969,300.88226318359375,300.86376953125,300.88201904296875,300.91650390625,300.93475341796875,300.93310546875,300.93182373046875,300.93017578125,300.8982238769531,300.84039306640625
301.7181091308594,301.71856689453125,null,null,null,null,null,null,null,null,null,null,null,299.11932373046875,299.1212463378906,299.3009033203125,299.6231994628906,300.0111083984375,300.39520263671875,300.60345458984375,300.6224670410156,300.6567077636719,300.67572021484375,300.62969970703125,300.5415954589844,300.4955749511719,300.4480895996094,300.3504333496094,300.2766418457031,300.3194885253906,300.3770446777344,300.478515625,300.61187744140625,300.68585205078125,300.6525573730469,300.58905029296875,300.5557556152344,300.54632568359375,300.5299987792969,300.5205383300781,300.52398681640625,300.5289306640625,300.5323791503906,300.5120849609375,300.4734802246094,300.45318603515625,300.418701171875,300.35577392578125
