earth/public/data/atmosphere/W07/ANN-wind-isobaric-10hPa-gfs-1.0.json
{"header": {"discipline": 0, "disciplineName": "Meteorological products", "gribEdition": 2, "gribLength": 17922.0, "center": 0, "centerName": "Kiel Climate Model", "subcenter": 0, "refTime": "1", "significanceOfRT": 1, "significanceOfRTName": "Start of forecast", "productStatus": 0, "productStatusName": "Operational products", "productType": 1, "productTypeName": "Forecast products", "productDefinitionTemplate": 0, "productDefinitionTemplateName": "Analysis/forecast at horizontal level/layer at a point in time", "parameterCategory": 2, "parameterCategoryName": "Momentum", "parameterNumber": 2, "parameterNumberName": "U-component_of_wind", "parameterUnit": "m/s", "genProcessType": 2, "genProcessTypeName": "Forecast", "forecastTime": 0, "surface1Type": 103, "surface1TypeName": "Specified height level above ground", "surface1Value": 10, "surface2Type": 255, "surface2TypeName": "Missing", "surface2Value": 0, "gridDefinitionTemplate": 0, "gridDefinitionTemplateName": "Latitude_Longitude", "numberPoints": 65160, "shape": 6, "shapeName": "Earth spherical with radius of 6,371,229.0 m", "gridUnits": "degrees", "resolution": 48, "winds": "true", "scanMode": 0, "nx": 128.0, "ny": 64.0, "basicAngle": 0, "subDivisions": 0, "lo1": 0.0, "la1": 87.86379883923263, "lo2": 357.1875, "la2": -87.86379883923263, "dx": 2.8125, "dy": 2.7893269472772264}, "data":
[rows 38 to 56 of 64, columns 43 to 85 of 128]
-0.2996431887149811,-0.40755632519721985,-0.49088364839553833,-0.5514770150184631,-0.6029543876647949,-0.6561586260795593,-0.7070825099945068,-0.7311992049217224,-0.7018892765045166,-0.6167845129966736,-0.49179962277412415,-0.34203001856803894,-0.18202193081378937,-0.0226096510887146,0.13976560533046722,0.3105776906013489,0.4835367798805237,0.6549310684204102,0.8306390643119812,1.0104352235794067,1.1877115964889526,1.3634374141693115,1.542732834815979,1.7251311540603638,1.9079768657684326,2.089743137359619,2.2671422958374023,2.434321880340576,2.585817813873291,2.720957040786743,2.843858480453491,2.9551680088043213,3.050776720046997,3.1328649520874023,3.211803436279297,3.2946953773498535,3.381518602371216,3.468099594116211,3.5453264713287354,3.6020073890686035,3.6323161125183105,3.6371493339538574,3.6220099925994873
1.6406961679458618,1.5261340141296387,1.422182559967041,1.3169472217559814,1.2082351446151733,1.1102770566940308,1.0357803106307983,0.9890317320823669,0.976822555065155,1.01151704788208,1.0988906621932983,1.2261790037155151,1.368131399154663,1.5099380016326904,1.6553994417190552,1.8080960512161255,1.9626177549362183,2.1188430786132812,2.283811092376709,2.457958936691284,2.6366426944732666,2.8200204372406006,3.0105490684509277,3.2089130878448486,3.415895462036133,3.6287105083465576,3.838287830352783,4.037262439727783,4.226195812225342,4.409424781799316,4.5873847007751465,4.754226207733154,4.9045305252075195,5.042354583740234,5.178043365478516,5.316986560821533,5.45806360244751,5.598273754119873,5.732027053833008,5.8495612144470215,5.941444396972656,6.003918170928955,6.039300441741943
3.79658579826355,3.6700422763824463,3.53265643119812,3.381837844848633,3.242276906967163,3.138529062271118,3.06024432182312,2.978814125061035,2.895699977874756,2.8508951663970947,2.8781797885894775,2.9664199352264404,3.0743002891540527,3.1742444038391113,3.268366813659668,3.368370771408081,3.4804811477661133,3.6079132556915283,3.7510929107666016,3.9060168266296387,4.071085453033447,4.249434947967529,4.441501617431641,4.644419193267822,4.857085704803467,5.077174663543701,5.299280166625977,5.520884037017822,5.742900848388672,5.963204860687256,6.176996231079102,6.3826704025268555,6.5820722579956055,6.776274681091309,6.964719772338867,7.147623538970947,7.328277587890625,7.511258602142334,7.695939064025879,7.872872352600098,8.027726173400879,8.15018081665039,8.239277839660645
6.1009440422058105,5.94649600982666,5.78536319732666,5.621855735778809,5.473634719848633,5.3472771644592285,5.226726055145264,5.097687721252441,4.974257946014404,4.888866424560547,4.8572187423706055,4.862823009490967,4.878748893737793,4.896342754364014,4.925985336303711,4.977682590484619,5.052518844604492,5.148231506347656,5.261918067932129,5.390586853027344,5.534658432006836,5.696739196777344,5.875770092010498,6.06846284866333,6.274509906768799,6.494572162628174,6.727064609527588,6.969032287597656,7.215413570404053,7.4588823318481445,7.6964287757873535,7.9325175285339355,8.170093536376953,8.404520034790039,8.630730628967285,8.851422309875488,9.073092460632324,9.298102378845215,9.522687911987305,9.739396095275879,9.939133644104004,10.113778114318848,10.259132385253906
8.597573280334473,8.410592079162598,8.228546142578125,8.050225257873535,7.865320205688477,7.667155742645264,7.469084739685059,7.297525405883789,7.1650919914245605,7.058072090148926,6.9537034034729,6.8445258140563965,6.745353698730469,6.6802659034729,6.662178993225098,6.68318510055542,6.726607799530029,6.785756587982178,6.865312099456787,6.968908786773682,7.093592166900635,7.2350335121154785,7.392601490020752,7.5691728591918945,7.767658710479736,7.987488269805908,8.22399616241455,8.471214294433594,8.723945617675781,8.979788780212402,9.239534378051758,9.503300666809082,9.766314506530762,10.023136138916016,10.275673866271973,10.530717849731445,10.789945602416992,11.047736167907715,11.298585891723633,11.54101848602295,11.773655891418457,11.990914344787598,12.183892250061035
11.274190902709961,11.061294555664062,10.851954460144043,10.642585754394531,10.413193702697754,10.158473014831543,9.90524673461914,9.682657241821289,9.485564231872559,9.28637409210205,9.07646656036377,8.878556251525879,8.722216606140137,8.621210098266602,8.570509910583496,8.554255485534668,8.559381484985352,8.58720588684082,8.647970199584961,8.742391586303711,8.85746955871582,8.982263565063477,9.119338035583496,9.277702331542969,9.460976600646973,9.666190147399902,9.888854026794434,10.125699996948242,10.375136375427246,10.63702392578125,10.910014152526855,11.188192367553711,11.464401245117188,11.737940788269043,12.013504028320312,12.291845321655273,12.567420959472656,12.837065696716309,13.103767395019531,13.369075775146484,13.627793312072754,13.871593475341797,14.09305191040039
14.05025863647461,13.821061134338379,13.589262962341309,13.358796119689941,13.121158599853516,12.870753288269043,12.609405517578125,12.331565856933594,12.026179313659668,11.705779075622559,11.415081977844238,11.19323444366455,11.038646697998047,10.923958778381348,10.832466125488281,10.767248153686523,10.737049102783203,10.747149467468262,10.795978546142578,10.8710355758667,10.954572677612305,11.040454864501953,11.13872241973877,11.260848045349121,11.408692359924316,11.58029556274414,11.7769193649292,11.998817443847656,12.240961074829102,12.496613502502441,12.76123046875,13.031805038452148,13.307616233825684,13.59056282043457,13.879387855529785,14.165718078613281,14.4429292678833,14.71615982055664,14.993972778320312,15.272872924804688,15.540291786193848,15.790440559387207,16.025842666625977
16.89807891845703,16.66409683227539,16.42182159423828,16.18138313293457,15.947749137878418,15.715923309326172,15.46739387512207,15.178302764892578,14.848077774047852,14.518725395202637,14.246438026428223,14.047785758972168,13.889623641967773,13.736905097961426,13.592516899108887,13.481966972351074,13.417552947998047,13.38968276977539,13.381200790405273,13.378280639648438,13.376082420349121,13.383561134338379,13.417564392089844,13.48737621307373,13.590585708618164,13.724363327026367,13.891057014465332,14.08938217163086,14.30955696105957,14.541892051696777,14.784100532531738,15.037879943847656,15.303362846374512,15.578563690185547,15.859225273132324,16.139291763305664,16.416501998901367,16.69466781616211,16.975189208984375,17.249637603759766,17.509090423583984,17.756555557250977,17.999605178833008
19.743614196777344,19.516040802001953,19.275074005126953,19.028419494628906,18.78589630126953,18.550613403320312,18.31420135498047,18.06715965270996,17.8170166015625,17.588390350341797,17.3955078125,17.220962524414062,17.03536605834961,16.835859298706055,16.649625778198242,16.498910903930664,16.37710952758789,16.263824462890625,16.14972496032715,16.040807723999023,15.949799537658691,15.891201972961426,15.876514434814453,15.907236099243164,15.975849151611328,16.07619857788086,16.20738983154297,16.366933822631836,16.54819107055664,16.747316360473633,16.96563720703125,17.20197868347168,17.448802947998047,17.699230194091797,17.95352554321289,18.215164184570312,18.48394775390625,18.75474739074707,19.020872116088867,19.278085708618164,19.527950286865234,19.774959564208984,20.01815414428711
22.47236442565918,22.2570858001709,22.030668258666992,21.795568466186523,21.558055877685547,21.324495315551758,21.100255966186523,20.892086029052734,20.707683563232422,20.546552658081055,20.391433715820312,20.217918395996094,20.018199920654297,19.809715270996094,19.613662719726562,19.429859161376953,19.24226951599121,19.046308517456055,18.859798431396484,18.705957412719727,18.595720291137695,18.52852439880371,18.500688552856445,18.507463455200195,18.5432071685791,18.604663848876953,18.692068099975586,18.805194854736328,18.942110061645508,19.10222625732422,19.28579330444336,19.48801612854004,19.69916534423828,19.913921356201172,20.136259078979492,20.37133026123047,20.61548614501953,20.858882904052734,21.09673309326172,21.33338737487793,21.574207305908203,21.815523147583008,22.046234130859375
25.078384399414062,24.873512268066406,24.66530418395996,24.455280303955078,24.24444007873535,24.03309440612793,23.82404136657715,23.623926162719727,23.43889808654785,23.26665687561035,23.096227645874023,22.91866111755371,22.736154556274414,22.555849075317383,22.375192642211914,22.181398391723633,21.9705810546875,21.762271881103516,21.5872745513916,21.461732864379883,21.37798500061035,21.318904876708984,21.274658203125,21.245105743408203,21.234039306640625,21.24581527709961,21.284332275390625,21.350439071655273,21.441017150878906,21.552186965942383,21.681652069091797,21.82746696472168,21.987266540527344,22.16035270690918,22.34797477722168,22.548595428466797,22.755416870117188,22.961929321289062,23.16927719116211,23.383567810058594,23.605224609375,23.824832916259766,24.032798767089844
27.54282569885254,27.347211837768555,27.15198516845703,26.960384368896484,26.77313804626465,26.587642669677734,26.40119743347168,26.214155197143555,26.029544830322266,25.84994888305664,25.67660140991211,25.510597229003906,25.352020263671875,25.195505142211914,25.030439376831055,24.85114097595215,24.667980194091797,24.504005432128906,24.376123428344727,24.280582427978516,24.19902229309082,24.1171875,24.035289764404297,23.962566375732422,23.907703399658203,23.87567710876465,23.868955612182617,23.887338638305664,23.927120208740234,23.983896255493164,24.056289672851562,24.14644432067871,24.25643539428711,24.385467529296875,24.529766082763672,24.684364318847656,24.84584617614746,25.014188766479492,25.1917667388916,25.378660202026367,25.569412231445312,25.757108688354492,25.940860748291016
29.742359161376953,29.56634521484375,29.391380310058594,29.21969985961914,29.053640365600586,28.89382553100586,28.739171981811523,28.587862014770508,28.438425064086914,28.28997230529785,28.14244842529297,27.995845794677734,27.84870719909668,27.69783592224121,27.54168701171875,27.385141372680664,27.239482879638672,27.113948822021484,27.00640296936035,26.904163360595703,26.795799255371094,26.681737899780273,26.572710037231445,26.479114532470703,26.40397834777832,26.345293045043945,26.301652908325195,26.273900985717773,26.26325798034668,26.27049446105957,26.2968807220459,26.343841552734375,26.410520553588867,26.492813110351562,26.585952758789062,26.68853187561035,26.803220748901367,26.933181762695312,27.07745933532715,27.230249404907227,27.385234832763672,27.54127311706543,27.702842712402344
31.574434280395508,31.431629180908203,31.293479919433594,31.158660888671875,31.027576446533203,30.90160369873047,30.781625747680664,30.666749954223633,30.554216384887695,30.44046401977539,30.322555541992188,30.19891929626465,30.069351196289062,29.935091018676758,29.799556732177734,29.66795539855957,29.544551849365234,29.428579330444336,29.313739776611328,29.193214416503906,29.066638946533203,28.94147300720215,28.826932907104492,28.726585388183594,28.637107849121094,28.55357551574707,28.47530746459961,28.40633773803711,28.352031707763672,28.316143035888672,28.299890518188477,28.302288055419922,28.320411682128906,28.350902557373047,28.392539978027344,28.44775390625,28.520370483398438,28.61115264892578,28.715782165527344,28.82774543762207,28.94416046142578,29.0678768157959,29.203088760375977
32.8906135559082,32.787601470947266,32.695003509521484,32.60984802246094,32.52931213378906,32.45158004760742,32.375667572021484,32.30071258544922,32.22553634643555,32.14875411987305,32.069278717041016,31.986289978027344,31.899017333984375,31.80658721923828,31.708463668823242,31.604738235473633,31.495750427246094,31.38149642944336,31.26182746887207,31.13774871826172,31.012168884277344,30.8886661529541,30.768922805786133,30.65172576904297,30.534908294677734,30.41856575012207,30.306320190429688,30.203401565551758,30.113683700561523,30.038227081298828,29.976259231567383,29.92670440673828,29.889442443847656,29.865711212158203,29.85789680480957,29.868484497070312,29.898042678833008,29.94379425048828,30.000926971435547,30.065969467163086,30.139568328857422,30.225231170654297,30.3247127532959
33.46183776855469,33.40941619873047,33.372169494628906,33.347434997558594,33.331398010253906,33.32001876831055,33.30976486206055,33.2981071472168,33.283416748046875,33.26495361328125,33.242210388183594,33.21418762207031,33.17875671386719,33.13294219970703,33.07376480102539,32.999855041503906,32.91210174560547,32.81342315673828,32.70721435546875,32.595977783203125,32.48026657104492,32.358829498291016,32.22989273071289,32.09306716918945,31.950716018676758,31.807783126831055,31.66973876953125,31.540136337280273,31.419395446777344,31.30605697631836,31.199007034301758,31.099224090576172,31.009830474853516,30.934791564941406,30.87706756591797,30.83757209777832,30.814836502075195,30.806106567382812,30.80902862548828,30.823232650756836,30.850412368774414,30.892370223999023,30.94869041442871
33.19306564331055,33.20808410644531,33.23963928222656,33.28469467163086,33.33964538574219,33.400550842285156,33.46339797973633,33.52444076538086,33.58041000366211,33.628780364990234,33.667625427246094,33.69538497924805,33.71045684814453,33.71112823486328,33.695884704589844,33.66408157348633,33.61626052856445,33.55372619628906,33.47769546508789,33.38836669921875,33.284969329833984,33.16650390625,33.033172607421875,32.88728332519531,32.733123779296875,32.57551956176758,32.41816711425781,32.26252365112305,32.10846710205078,31.95584487915039,31.80593490600586,31.66180992126465,31.527402877807617,31.40598487854004,31.29915428161621,31.20684814453125,31.128292083740234,31.063034057617188,31.011445999145508,30.97454833984375,30.953210830688477,30.94735336303711,30.955747604370117
32.103206634521484,32.18836212158203,32.28837203979492,32.39943313598633,32.51823043823242,32.64173889160156,32.76702117919922,32.89078903198242,33.009700775146484,33.12056350708008,33.220829010009766,33.308685302734375,33.382850646972656,33.442161560058594,33.48518753051758,33.51005554199219,33.514549255371094,33.4965705871582,33.454463958740234,33.38756561279297,33.29641342163086,33.183101654052734,33.05091857910156,32.9038200378418,32.745574951171875,32.5789680480957,32.40562438964844,32.226531982421875,32.042999267578125,31.857364654541016,31.673192977905273,31.49449348449707,31.324626922607422,31.165475845336914,31.017677307128906,30.88129234313965,30.75665283203125,30.644824981689453,30.547176361083984,30.46454620361328,30.396808624267578,30.34296989440918,30.302019119262695
30.215606689453125,30.358976364135742,30.51624870300293,30.68367576599121,30.858102798461914,31.036706924438477,31.21669578552246,31.395078659057617,31.568614959716797,31.73404312133789,31.888429641723633,32.02934265136719,32.154727935791016,32.2625846862793,32.35051345825195,32.415687561035156,32.455116271972656,32.46617889404297,32.44745635986328,32.39929962158203,32.32388687133789,32.224708557128906,32.105838775634766,31.97095489501953,31.822738647460938,31.662782669067383,31.492040634155273,31.311752319335938,31.123943328857422,30.931615829467773,30.738353729248047,30.54758644104004,30.361867904663086,30.182811737060547,30.011276245117188,29.848230361938477,29.694915771484375,29.55284309387207,29.42332649230957,29.306713104248047,29.202363967895508,29.109018325805664,29.025733947753906
