earth/public/data/atmosphere/W07/ANN-wind-surface-level-gfs-1.0.json
{"header": {"discipline": 0, "disciplineName": "Meteorological products", "gribEdition": 2, "gribLength": 17922.0, "center": 0, "centerName": "Kiel Climate Model", "subcenter": 0, "refTime": "1", "significanceOfRT": 1, "significanceOfRTName": "Start of forecast", "productStatus": 0, "productStatusName": "Operational products", "productType": 1, "productTypeName": "Forecast products", "productDefinitionTemplate": 0, "productDefinitionTemplateName": "Analysis/forecast at horizontal level/layer at a point in time", "parameterCategory": 2, "parameterCategoryName": "Momentum", "parameterNumber": 2, "parameterNumberName": "V-component_of_wind", "parameterUnit": "m/s", "genProcessType": 2, "genProcessTypeName": "Forecast", "forecastTime": 0, "surface1Type": 103, "surface1TypeName": "Specified height level above ground", "surface1Value": 10, "surface2Type": 255, "surface2TypeName": "Missing", "surface2Value": 0, "gridDefinitionTemplate": 0, "gridDefinitionTemplateName": "Latitude_Longitude", "numberPoints": 65160, "shape": 6, "shapeName": "Earth spherical with radius of 6,371,229.0 m", "gridUnits": "degrees", "resolution": 48, "winds": "true", "scanMode": 0, "nx": 128.0, "ny": 64.0, "basicAngle": 0, "subDivisions": 0, "lo1": 0.0, "la1": 87.86379883923263, "lo2": 357.1875, "la2": -87.86379883923263, "dx": 2.8125, "dy": 2.7893269472772264}, "data":
[rows 19 to 37 of 64, columns 43 to 85 of 128]
-1.2196927070617676,-1.812984585762024,-2.2694287300109863,-2.0708773136138916,-1.378427505493164,-0.4602051377296448,-0.21675875782966614,-0.38530629873275757,-0.4080549478530884,-0.08182051032781601,0.5123370289802551,1.0597076416015625,1.4486600160598755,1.767924427986145,2.003774642944336,2.066143751144409,2.0449719429016113,2.074875831604004,2.1183176040649414,2.080962896347046,1.9647105932235718,1.7970155477523804,1.5931686162948608,1.4123883247375488,1.2774163484573364,1.0959733724594116,0.8160525560379028,0.5407249927520752,0.33593687415122986,0.0989944189786911,-0.2054954171180725,-0.431921124458313,-0.5790721774101257,-0.8975456953048706,-1.4582830667495728,-2.002483606338501,-2.4724926948547363,-3.2461636066436768,-4.529942512512207,-5.8296003341674805,-6.268350601196289,-5.276919841766357,-3.102857828140259
-0.9781588912010193,-2.119764566421509,-2.3640387058258057,-1.8097560405731201,-0.619945764541626,-0.3555622100830078,-0.27981650829315186,-0.30318352580070496,-0.10597304254770279,0.3677543103694916,0.8616267442703247,1.1087456941604614,1.2360721826553345,1.4799970388412476,1.7090634107589722,1.692787766456604,1.5619655847549438,1.5496853590011597,1.5949760675430298,1.5094799995422363,1.3011438846588135,1.0963014364242554,0.9379639625549316,0.7807556390762329,0.5761886835098267,0.3264789283275604,0.0972164124250412,-0.05519862845540047,-0.20380118489265442,-0.5004168152809143,-0.9256631135940552,-1.2455542087554932,-1.3719439506530762,-1.5465306043624878,-1.9658899307250977,-2.515894651412964,-3.0833587646484375,-3.756892681121826,-4.575885772705078,-5.430118083953857,-6.0941619873046875,-6.046065807342529,-4.7272419929504395
-1.0917571783065796,-2.3533599376678467,-2.308699607849121,-1.5773029327392578,-0.9225466251373291,-0.729701578617096,-0.6389166116714478,-0.3632963299751282,-0.05752243101596832,0.20772477984428406,0.47020265460014343,0.671477735042572,0.8069232106208801,0.9430773258209229,1.0220303535461426,0.9974928498268127,0.968961775302887,0.9571086168289185,0.8366320729255676,0.5993284583091736,0.38396283984184265,0.2511332333087921,0.1319306194782257,-0.042359352111816406,-0.2639530897140503,-0.46161097288131714,-0.5982117056846619,-0.7204684019088745,-0.8774474263191223,-1.0873363018035889,-1.35990571975708,-1.640155553817749,-1.8663634061813354,-2.1332788467407227,-2.5559396743774414,-3.0464038848876953,-3.5138192176818848,-4.017393589019775,-4.53474235534668,-5.025718688964844,-5.6131463050842285,-6.0788254737854,-5.642989635467529
-1.8540561199188232,-2.2075355052948,-1.9071599245071411,-1.217422366142273,-0.9435884356498718,-1.084222674369812,-0.9376585483551025,-0.4681198298931122,-0.20788443088531494,-0.17580874264240265,-0.035354942083358765,0.21475930511951447,0.366436630487442,0.34808269143104553,0.2233569622039795,0.1480376124382019,0.18484890460968018,0.14741596579551697,-0.07718755304813385,-0.28650224208831787,-0.35406336188316345,-0.4346576929092407,-0.6291099786758423,-0.8526233434677124,-1.0244157314300537,-1.1194312572479248,-1.2064638137817383,-1.4122974872589111,-1.6651294231414795,-1.7733581066131592,-1.8299815654754639,-2.052300453186035,-2.3836824893951416,-2.720398187637329,-3.118574380874634,-3.5134520530700684,-3.8198299407958984,-4.198901653289795,-4.679632186889648,-5.019879341125488,-5.262088298797607,-5.5862812995910645,-5.617592811584473
-1.5568000078201294,-1.6760954856872559,-1.5247615575790405,-1.1379364728927612,-1.0250078439712524,-1.1275895833969116,-0.9602972865104675,-0.6311274170875549,-0.5004252791404724,-0.4608699083328247,-0.34364208579063416,-0.2729173004627228,-0.2736360430717468,-0.2944067716598511,-0.39814916253089905,-0.5242862701416016,-0.573627233505249,-0.6838381290435791,-0.8821514248847961,-0.9481385350227356,-0.9364848136901855,-1.1085832118988037,-1.3720005750656128,-1.5172330141067505,-1.6182509660720825,-1.7513654232025146,-1.902644395828247,-2.1546952724456787,-2.424570322036743,-2.4875311851501465,-2.5207669734954834,-2.8259239196777344,-3.1900506019592285,-3.382020950317383,-3.628239393234253,-3.986177682876587,-4.241927623748779,-4.532471179962158,-4.985713958740234,-5.231326580047607,-5.141658782958984,-5.102769374847412,-5.0883355140686035
-0.7562281489372253,-1.0953819751739502,-1.470274806022644,-1.4789619445800781,-1.3138480186462402,-1.137552261352539,-0.9693223834037781,-0.9411970376968384,-0.948753833770752,-0.7676520347595215,-0.6525058150291443,-0.8534546494483948,-1.024641752243042,-0.9527103304862976,-0.9490869045257568,-1.1082268953323364,-1.2397232055664062,-1.3870166540145874,-1.5699429512023926,-1.6401609182357788,-1.7333484888076782,-2.0008254051208496,-2.158205986022949,-2.0925052165985107,-2.1518869400024414,-2.3930699825286865,-2.547731399536133,-2.6468968391418457,-2.7727205753326416,-2.8201913833618164,-2.9682765007019043,-3.399118185043335,-3.7142655849456787,-3.69827938079834,-3.8247556686401367,-4.230103969573975,-4.492156982421875,-4.643186569213867,-4.92863130569458,-5.033555030822754,-4.782881736755371,-4.55983829498291,-4.3031511306762695
-0.4180057644844055,-0.9291139245033264,-1.3669898509979248,-1.4353158473968506,-1.3128619194030762,-1.1449010372161865,-1.0565862655639648,-1.1721317768096924,-1.2465155124664307,-1.082387089729309,-1.041542410850525,-1.304062843322754,-1.4687103033065796,-1.4436769485473633,-1.5640275478363037,-1.780980110168457,-1.8753271102905273,-1.995056390762329,-2.2134666442871094,-2.3771474361419678,-2.5604238510131836,-2.807905673980713,-2.8729817867279053,-2.818241834640503,-2.9841086864471436,-3.2288405895233154,-3.2323215007781982,-3.1657166481018066,-3.223975658416748,-3.312086582183838,-3.5331413745880127,-3.9402718544006348,-4.115489959716797,-3.9731338024139404,-4.054050445556641,-4.395481586456299,-4.478982925415039,-4.379006862640381,-4.436826705932617,-4.362800121307373,-3.960643768310547,-3.6088430881500244,-3.2136473655700684
-0.6839587688446045,-1.0555814504623413,-1.0570203065872192,-0.9156947135925293,-0.9966015815734863,-1.157899260520935,-1.1725534200668335,-1.148818016052246,-1.1765421628952026,-1.2488480806350708,-1.410097360610962,-1.557952880859375,-1.5839571952819824,-1.696640133857727,-1.9985885620117188,-2.218087673187256,-2.2964563369750977,-2.466925621032715,-2.697314977645874,-2.849186420440674,-3.019516706466675,-3.2081122398376465,-3.3156962394714355,-3.506376028060913,-3.825819969177246,-3.9431073665618896,-3.834704875946045,-3.8672566413879395,-4.033176422119141,-4.10369348526001,-4.22727108001709,-4.457993030548096,-4.460042953491211,-4.272791862487793,-4.304239749908447,-4.398013591766357,-4.1310954093933105,-3.7584311962127686,-3.641334056854248,-3.412102222442627,-2.791867256164551,-2.2125868797302246,-1.8403160572052002
-0.6836238503456116,-0.7523491382598877,-0.8985049724578857,-0.6422204971313477,-0.7244789004325867,-1.0179897546768188,-1.117616057395935,-0.9921733140945435,-0.940857470035553,-1.1379820108413696,-1.3854947090148926,-1.4315838813781738,-1.4313265085220337,-1.621756672859192,-1.8129925727844238,-1.8508621454238892,-1.996272087097168,-2.2790749073028564,-2.391373634338379,-2.415198564529419,-2.5962226390838623,-2.7454640865325928,-2.788123846054077,-3.01248836517334,-3.2713475227355957,-3.201068162918091,-3.1155192852020264,-3.357922315597534,-3.5186381340026855,-3.356419324874878,-3.274955987930298,-3.3427746295928955,-3.2165544033050537,-3.00842022895813,-2.9715640544891357,-2.830336093902588,-2.3551502227783203,-1.8918814659118652,-1.6919636726379395,-1.4275449514389038,-0.8201123476028442,-0.1903989017009735,0.06931570172309875
-0.33487552404403687,-0.504120409488678,-0.7686495780944824,-0.45007696747779846,-0.14675316214561462,-0.16798897087574005,-0.36042386293411255,-0.432090699672699,-0.40127477049827576,-0.4202863574028015,-0.40711233019828796,-0.3343639373779297,-0.45041322708129883,-0.6842634677886963,-0.6198047995567322,-0.4144560396671295,-0.5637693405151367,-0.8102731704711914,-0.7038245797157288,-0.6058897972106934,-0.8134869933128357,-0.8830419182777405,-0.7219681739807129,-0.7568213939666748,-0.8315168023109436,-0.6456508040428162,-0.6207010746002197,-0.8881402015686035,-0.832919716835022,-0.43805742263793945,-0.2922583818435669,-0.2838653028011322,-0.03118855506181717,0.22693994641304016,0.3388597071170807,0.5919908285140991,0.9929895997047424,1.3259470462799072,1.596650242805481,1.8385448455810547,2.0867726802825928,2.398391008377075,2.545576810836792
-0.3014756143093109,-0.29503586888313293,-0.43125849962234497,-0.0030930812936276197,0.6523621678352356,0.9819430112838745,0.8956517577171326,0.736535906791687,0.6946841478347778,0.7802784442901611,1.0308557748794556,1.2806042432785034,1.2259923219680786,1.0431113243103027,1.1575969457626343,1.3879833221435547,1.3403472900390625,1.2567832469940186,1.412485122680664,1.4837697744369507,1.3498811721801758,1.3892349004745483,1.5805076360702515,1.593240737915039,1.5999338626861572,1.7707371711730957,1.7619094848632812,1.6111079454421997,1.787150502204895,2.0904221534729004,2.1077682971954346,2.1921355724334717,2.5765914916992188,2.852994203567505,3.0053398609161377,3.3008341789245605,3.521947145462036,3.637734889984131,3.9742472171783447,4.288234233856201,4.261229991912842,4.262960433959961,4.416890621185303
-0.42303186655044556,-0.3776892423629761,-0.33685004711151123,0.018731551244854927,0.5046319365501404,0.8267905712127686,1.0983763933181763,1.40312922000885,1.533715009689331,1.465125560760498,1.4973300695419312,1.7327566146850586,1.9268138408660889,1.961193561553955,1.9731944799423218,2.030904769897461,2.0840954780578613,2.104266405105591,2.0701353549957275,2.0065438747406006,2.00249981880188,2.0470211505889893,2.028562307357788,1.9820196628570557,2.062671661376953,2.195899248123169,2.173656940460205,2.1179375648498535,2.2393980026245117,2.3277664184570312,2.266195058822632,2.4148027896881104,2.7756881713867188,2.9460930824279785,3.0783631801605225,3.389432907104492,3.497087001800537,3.4354090690612793,3.7413713932037354,4.156619548797607,4.155302047729492,4.1106276512146,4.351969242095947
-0.17443951964378357,-0.42142313718795776,-0.5011643767356873,-0.3387286365032196,-0.4166628122329712,-0.6330013275146484,-0.34771424531936646,0.42021241784095764,0.9940369129180908,0.9988667368888855,0.7115633487701416,0.5811826586723328,0.7177764773368835,0.87607342004776,0.8583474159240723,0.7930545806884766,0.8616040349006653,0.9162535071372986,0.8017886877059937,0.7308326363563538,0.8010478615760803,0.7517707943916321,0.5857223868370056,0.6008096933364868,0.7657995820045471,0.831566572189331,0.8033782839775085,0.8377793431282043,0.9464765787124634,0.9973084330558777,0.9861990809440613,1.097479224205017,1.2891327142715454,1.3537027835845947,1.464848279953003,1.758458137512207,1.8633736371994019,1.7796956300735474,1.9774672985076904,2.342806100845337,2.42785382270813,2.4235429763793945,2.643018960952759
0.21328185498714447,-0.1251281499862671,-0.001901104231365025,0.24755480885505676,-0.0712110698223114,-0.5001033544540405,-1.3541518449783325,-1.027762770652771,-0.34754765033721924,0.07003390043973923,-0.12505319714546204,-0.6824900507926941,-1.0787602663040161,-1.1642104387283325,-1.1858223676681519,-1.2770441770553589,-1.3190935850143433,-1.2850594520568848,-1.2670412063598633,-1.2222405672073364,-1.1616283655166626,-1.2182055711746216,-1.2751405239105225,-1.1812223196029663,-1.126402735710144,-1.198264241218567,-1.1872903108596802,-1.0602421760559082,-0.942093014717102,-0.8651828169822693,-0.8375742435455322,-0.7960826754570007,-0.6822850704193115,-0.6025193929672241,-0.5278554558753967,-0.3146238327026367,-0.12240482866764069,-0.06196734309196472,0.08880097419023514,0.33301061391830444,0.46443721652030945,0.5558661818504333,0.7316225171089172
0.35660502314567566,0.4803643524646759,1.0218816995620728,1.4706103801727295,1.4544628858566284,1.0220749378204346,0.07558523118495941,-0.2709368169307709,-0.33273783326148987,-0.2347669154405594,-0.18770577013492584,-0.8412028551101685,-1.663291573524475,-2.149263858795166,-2.3119170665740967,-2.4597713947296143,-2.6742048263549805,-2.7654247283935547,-2.7400083541870117,-2.7642338275909424,-2.8222663402557373,-2.803530693054199,-2.7162654399871826,-2.6988208293914795,-2.82167911529541,-2.903977870941162,-2.8125174045562744,-2.7085678577423096,-2.6785149574279785,-2.6414809226989746,-2.610616445541382,-2.5357067584991455,-2.3428080081939697,-2.2192392349243164,-2.2103302478790283,-2.0484986305236816,-1.758453130722046,-1.557315707206726,-1.3679572343826294,-1.1204173564910889,-0.8659506440162659,-0.5359811782836914,-0.180612251162529
0.3285764455795288,0.7222145199775696,1.111746072769165,1.372742772102356,2.0321056842803955,2.8675174713134766,2.6516404151916504,0.7505314350128174,0.20620152354240417,0.25739115476608276,0.5537205934524536,0.07121839374303818,-0.656146228313446,-1.2732478380203247,-1.6490867137908936,-1.9372236728668213,-2.2423369884490967,-2.441528081893921,-2.6034529209136963,-2.894242525100708,-3.1286182403564453,-3.1454293727874756,-3.1725010871887207,-3.351489305496216,-3.4728596210479736,-3.4146358966827393,-3.3540024757385254,-3.4004974365234375,-3.4166877269744873,-3.358189105987549,-3.30430006980896,-3.1526033878326416,-2.89833927154541,-2.8046000003814697,-2.7741050720214844,-2.4653894901275635,-2.078803777694702,-1.895371675491333,-1.6734565496444702,-1.3024272918701172,-0.9474006295204163,-0.5059141516685486,0.03313884884119034
0.33532172441482544,0.3953934907913208,0.22012877464294434,0.06318989396095276,0.8097841143608093,2.185748815536499,2.6555495262145996,1.9948419332504272,1.5658268928527832,1.7776386737823486,1.8417283296585083,1.4757813215255737,1.0055662393569946,0.583307147026062,0.178080216050148,-0.2320622354745865,-0.5670068860054016,-0.7682939171791077,-1.034365177154541,-1.448251724243164,-1.7197662591934204,-1.8225995302200317,-2.0705008506774902,-2.3628439903259277,-2.3779296875,-2.300236701965332,-2.4385833740234375,-2.6019396781921387,-2.5442700386047363,-2.4415411949157715,-2.420778512954712,-2.2922568321228027,-2.1007790565490723,-2.0689890384674072,-1.9433799982070923,-1.4897611141204834,-1.138291358947754,-1.0646135807037354,-0.7919453382492065,-0.306514710187912,-0.0035386793315410614,0.28254377841949463,0.7585858106613159
0.3510661721229553,0.027061881497502327,-0.2084304839372635,-0.37829887866973877,-0.18473361432552338,0.1444149762392044,0.43396657705307007,0.5466731786727905,1.2964303493499756,2.523378849029541,3.121807098388672,2.7843728065490723,2.255056619644165,2.028913974761963,1.8485676050186157,1.4521291255950928,1.0724033117294312,0.9013696908950806,0.7002101540565491,0.38872089982032776,0.2244124412536621,0.13684342801570892,-0.11787742376327515,-0.3291091024875641,-0.3129284381866455,-0.3730849623680115,-0.6228941679000854,-0.7408087849617004,-0.6780144572257996,-0.7139099836349487,-0.8269159197807312,-0.7962415814399719,-0.7286016941070557,-0.7711476683616638,-0.6918061971664429,-0.4187809228897095,-0.30089735984802246,-0.30049067735671997,-0.0050191618502140045,0.42315277457237244,0.6098424792289734,0.8056508302688599,1.2027664184570312
0.27797162532806396,-0.06059453636407852,0.07417377829551697,0.24069242179393768,0.046746253967285156,-0.3208356499671936,-0.7028812170028687,-0.6114323735237122,0.36516043543815613,2.3331782817840576,3.70290470123291,3.6455907821655273,2.9396300315856934,2.664447069168091,2.655167579650879,2.3667349815368652,2.008068799972534,1.8949881792068481,1.802125334739685,1.6034778356552124,1.5014917850494385,1.4607597589492798,1.3381861448287964,1.24201238155365,1.1812374591827393,1.022238850593567,0.8811891674995422,0.8628737330436707,0.7660843133926392,0.5232352018356323,0.34898024797439575,0.2910897731781006,0.20032326877117157,0.07810354977846146,0.02662486769258976,-0.0031711969058960676,-0.08055189251899719,-0.0702129453420639,0.1105443686246872,0.26339706778526306,0.34136053919792175,0.6133337020874023,1.040159821510315
