earth/public/data/atmosphere/W07/ANN-temp-surface-level-gfs-1.0.json
{"header": {"discipline": 0, "disciplineName": "Meteorological products", "gribEdition": 2, "gribLength": 17922.0, "center": 0, "centerName": "Kiel Climate Model", "subcenter": 0, "refTime": "1", "significanceOfRT": 1, "significanceOfRTName": "Start of forecast", "productStatus": 0, "productStatusName": "Operational products", "productType": 1, "productTypeName": "Forecast products", "productDefinitionTemplate": 0, "productDefinitionTemplateName": "Analysis/forecast at horizontal level/layer at a point in time", "parameterCategory": 2, "parameterCategoryName": "Momentum", "parameterNumber": 2, "parameterNumberName": "U-component_of_wind", "parameterUnit": "K", "genProcessType": 2, "genProcessTypeName": "Forecast", "forecastTime": 0, "surface1Type": 103, "surface1TypeName": "Specified height level above ground", "surface1Value": 10, "surface2Type": 255, "surface2TypeName": "Missing", "surface2Value": 0, "gridDefinitionTemplate": 0, "gridDefinitionTemplateName": "Latitude_Longitude", "numberPoints": 65160, "shape": 6, "shapeName": "Earth spherical with radius of 6,371,229.0 m", "gridUnits": "degrees", "resolution": 48, "winds": "true", "scanMode": 0, "nx": 128.0, "ny": 64.0, "basicAngle": 0, "subDivisions": 0, "lo1": 0.0, "la1": 87.86379883923263, "lo2": 357.1875, "la2": -87.86379883923263, "dx": 2.8125, "dy": 2.7893269472772264}, "data":
[rows 40 to 59 of 64, columns 0 to 43 of 128]
292.16131591796875,292.1679992675781,291.6156311035156,291.8890686035156,294.1148986816406,295.59271240234375,295.26519775390625,294.1824951171875,294.71490478515625,294.34033203125,293.4898376464844,294.6421203613281,297.68231201171875,298.19207763671875,297.8446350097656,297.40032958984375,296.0969543457031,294.8561706542969,295.4634094238281,296.4258728027344,295.9828186035156,295.2822265625,295.4698791503906,295.47161865234375,294.859375,294.6273498535156,294.7315673828125,294.41021728515625,294.08465576171875,294.1286315917969,293.85614013671875,293.33892822265625,293.40936279296875,293.698974609375,293.488525390625,293.4598388671875,294.06964111328125,294.433837890625,294.7648010253906,296.1499938964844,297.62823486328125,296.873046875,295.2192077636719,294.54400634765625
291.3860778808594,291.53131103515625,291.2401123046875,290.91748046875,291.787109375,293.41119384765625,295.1285400390625,294.98260498046875,293.876220703125,291.4127502441406,290.16973876953125,292.2991027832031,296.302001953125,297.2471008300781,296.38763427734375,296.1383361816406,296.00469970703125,295.55279541015625,295.4123840332031,295.37957763671875,294.78094482421875,294.267578125,294.24664306640625,293.98468017578125,293.4626159667969,293.4017028808594,293.4473876953125,293.0068359375,292.6660461425781,292.7543640136719,292.57855224609375,292.1625671386719,292.2098083496094,292.3609619140625,292.1016845703125,292.0626220703125,292.4400634765625,292.54498291015625,292.8247375488281,294.251953125,295.6553649902344,294.56536865234375,292.3761901855469,291.251220703125
290.2325134277344,290.3334655761719,290.4970397949219,290.3565979003906,290.43157958984375,291.11383056640625,291.74676513671875,293.23663330078125,291.5980224609375,288.99407958984375,288.5747985839844,291.7440490722656,295.3909912109375,295.6247863769531,294.9078063964844,294.8739929199219,295.0199890136719,294.4302978515625,293.73614501953125,293.57464599609375,293.4246826171875,293.2261962890625,293.1291198730469,292.806396484375,292.3447265625,292.1808166503906,292.06732177734375,291.62017822265625,291.2407531738281,291.23443603515625,291.19989013671875,290.9782409667969,290.79443359375,290.5436706542969,290.2330627441406,290.4821472167969,291.0072326660156,291.1282958984375,291.3929138183594,292.5357971191406,293.4515686035156,292.4398498535156,290.9578552246094,290.0648193359375
289.18927001953125,289.086181640625,289.36834716796875,289.7205505371094,290.011962890625,290.32977294921875,290.6680603027344,291.6183776855469,290.53106689453125,289.85687255859375,290.9875183105469,294.02581787109375,294.9275817871094,293.7283935546875,293.0216369628906,293.2149353027344,293.23712158203125,292.4670715332031,291.9095458984375,291.9798583984375,292.00726318359375,291.7366638183594,291.5378723144531,291.3564453125,291.00994873046875,290.7149353027344,290.5665588378906,290.3273010253906,289.980224609375,289.7334899902344,289.6010437011719,289.43182373046875,289.0954895019531,288.601806640625,288.23291015625,288.382080078125,288.9053955078125,289.1905822753906,289.6746520996094,290.6052551269531,291.2238464355469,290.23919677734375,289.6575927734375,289.292236328125
287.853515625,287.75531005859375,287.8892822265625,288.3592529296875,289.0517578125,289.7967224121094,290.34722900390625,290.5769348144531,290.85601806640625,291.8016662597656,293.38140869140625,294.3459167480469,293.6155700683594,292.1070861816406,291.41815185546875,291.6207275390625,291.6263732910156,291.1332092285156,290.87908935546875,290.95330810546875,290.72833251953125,290.1877136230469,289.8951110839844,289.8456726074219,289.6064758300781,289.2259521484375,289.0162048339844,288.88726806640625,288.6211242675781,288.3279113769531,288.18292236328125,288.0877685546875,287.8406982421875,287.4591369628906,287.148193359375,286.9805603027344,286.95379638671875,287.076416015625,287.66119384765625,288.5215759277344,289.14776611328125,289.0867004394531,288.6986389160156,288.6014099121094
286.0574035644531,286.0092468261719,286.0076599121094,286.22735595703125,286.7478332519531,287.65301513671875,288.8201904296875,289.8313903808594,290.5240478515625,290.9393615722656,291.1572570800781,291.14306640625,290.5245666503906,289.88812255859375,289.8899230957031,290.1553955078125,290.0184326171875,289.5853271484375,289.35174560546875,289.289794921875,289.02032470703125,288.6519775390625,288.5854187011719,288.7055358886719,288.6141357421875,288.31585693359375,288.06634521484375,287.8473815917969,287.5131530761719,287.18035888671875,286.9932556152344,286.8338928222656,286.56304931640625,286.277099609375,286.09075927734375,285.9100341796875,285.6789245605469,285.60528564453125,285.9264221191406,286.447509765625,286.8569030761719,286.89764404296875,286.91656494140625,286.9394836425781
284.5646057128906,284.3814697265625,284.3221130371094,284.3473205566406,284.3665771484375,284.61651611328125,285.5683288574219,286.8731689453125,287.8214416503906,287.9988708496094,287.55120849609375,287.03216552734375,286.66961669921875,286.5923767089844,286.87640380859375,287.195068359375,287.1241760253906,286.82403564453125,286.5368347167969,286.35650634765625,286.21661376953125,286.1459655761719,286.19696044921875,286.23272705078125,286.2376708984375,286.2972717285156,286.4531555175781,286.4183349609375,286.0823059082031,285.71612548828125,285.4854431152344,285.2431945800781,284.9049072265625,284.63897705078125,284.54876708984375,284.48480224609375,284.3188781738281,284.18206787109375,284.19305419921875,284.26629638671875,284.35174560546875,284.4929504394531,284.73370361328125,284.86175537109375
282.7342224121094,282.42657470703125,282.41278076171875,282.623046875,282.64208984375,282.3984069824219,282.26422119140625,282.63006591796875,283.297119140625,283.62060546875,283.495361328125,283.198974609375,282.890625,282.62115478515625,282.6168518066406,282.9993591308594,283.226806640625,283.1641540527344,282.9208068847656,282.7491149902344,282.7608947753906,282.8403625488281,282.7243347167969,282.36834716796875,282.32049560546875,282.5627746582031,283.2251281738281,283.69757080078125,283.6732177734375,283.5705261230469,283.59808349609375,283.55877685546875,283.3334045410156,283.0767517089844,282.94580078125,282.8589172363281,282.6921081542969,282.5400390625,282.5040283203125,282.5171813964844,282.5179443359375,282.5793151855469,282.7649841308594,282.98583984375
280.048095703125,279.757080078125,279.7846374511719,280.1929931640625,280.43267822265625,280.2571716308594,279.87445068359375,279.6091003417969,279.61712646484375,279.82049560546875,280.0615234375,280.1552734375,280.0742492675781,279.8783264160156,279.7843322753906,280.00946044921875,280.22979736328125,280.14642333984375,279.8022155761719,279.57220458984375,279.7091979980469,279.96484375,279.9051208496094,279.5469055175781,279.31280517578125,279.3695068359375,280.0559387207031,280.74945068359375,281.06256103515625,281.3297119140625,281.62939453125,281.7491455078125,281.5954895019531,281.294189453125,281.0733947753906,280.97564697265625,280.8998107910156,280.8932800292969,281.0393981933594,281.2617492675781,281.39849853515625,281.4027404785156,281.3923034667969,281.4887390136719
277.383056640625,277.27716064453125,277.34442138671875,277.70635986328125,277.9945068359375,278.0728759765625,278.030029296875,277.90972900390625,277.8092346191406,277.8287658691406,277.9620056152344,278.09356689453125,278.1954650878906,278.23822021484375,278.2475280761719,278.2428283691406,278.2263488769531,278.01715087890625,277.657958984375,277.4444274902344,277.6047668457031,277.9186096191406,278.02227783203125,277.8004150390625,277.5229187011719,277.49969482421875,277.9128723144531,278.1488952636719,278.681640625,279.1859130859375,279.4404296875,279.4734191894531,279.36285400390625,279.1663513183594,279.0431823730469,279.0340576171875,279.0458068847656,279.0730895996094,279.2073059082031,279.4430847167969,279.64825439453125,279.71270751953125,279.6883239746094,279.7032165527344
274.7728576660156,274.9866638183594,275.2669982910156,275.50933837890625,275.62933349609375,275.77557373046875,276.05206298828125,276.2831726074219,276.37811279296875,276.3507080078125,276.26483154296875,276.2107238769531,276.2392272949219,276.31414794921875,276.3805847167969,276.4147033691406,276.470458984375,276.5198974609375,276.54071044921875,276.580322265625,276.64447021484375,276.6510314941406,276.5069580078125,276.2340087890625,275.929443359375,275.6556396484375,275.4668884277344,275.4098205566406,275.98345947265625,276.64239501953125,276.9499206542969,277.0779724121094,277.18914794921875,277.2864685058594,277.3957214355469,277.4825439453125,277.4544677734375,277.3292236328125,277.2470703125,277.3271484375,277.5657653808594,277.8567810058594,278.1231384277344,278.3532409667969
272.5254821777344,272.89825439453125,273.27508544921875,273.5150146484375,273.6045837402344,273.66815185546875,273.8212890625,274.0204162597656,274.1990661621094,274.3135681152344,274.3818359375,274.46771240234375,274.60076904296875,274.75384521484375,274.9011535644531,275.06451416015625,275.293212890625,275.5540771484375,275.7557373046875,275.8274841308594,275.7489318847656,275.57623291015625,275.4145202636719,275.3363952636719,275.30316162109375,275.2037048339844,274.95916748046875,274.5956726074219,274.39501953125,274.577392578125,274.7701721191406,274.9803466796875,275.2332458496094,275.4698486328125,275.6776123046875,275.83294677734375,275.9085693359375,275.9408874511719,276.00726318359375,276.1910400390625,276.5110168457031,276.88775634765625,277.2311096191406,277.5008850097656
270.8152770996094,271.2384338378906,271.5836181640625,271.9604187011719,272.2593994140625,272.43060302734375,272.62603759765625,272.83416748046875,273.11492919921875,273.42779541015625,273.740478515625,274.03167724609375,274.2585144042969,274.3704833984375,274.3538513183594,274.2582092285156,274.1659240722656,274.1173095703125,274.09100341796875,274.0531005859375,274.01263427734375,274.03765869140625,274.1839294433594,274.41070556640625,274.5642395019531,274.4514465332031,274.0166015625,273.39996337890625,272.8373718261719,272.4903869628906,272.3866882324219,272.51123046875,272.7098083496094,272.9473571777344,273.1427001953125,273.4047546386719,273.7653503417969,274.19573974609375,274.6181335449219,274.9683837890625,275.2107849121094,275.3362731933594,275.38287353515625,275.427490234375
269.30224609375,269.6643981933594,269.8033142089844,270.21966552734375,270.754150390625,271.22601318359375,271.82598876953125,272.2446594238281,272.60052490234375,272.85638427734375,273.0260314941406,273.1610412597656,273.22247314453125,273.21514892578125,273.13275146484375,273.0234680175781,272.95391845703125,272.95013427734375,272.9837951660156,272.9851989746094,272.9041748046875,272.7437438964844,272.51715087890625,272.20697021484375,271.72320556640625,271.0361328125,270.4124755859375,269.9015808105469,269.8389892578125,269.8711242675781,270.10955810546875,270.4626159667969,270.65594482421875,271.07958984375,271.36456298828125,271.7480773925781,272.2043151855469,272.6394958496094,273.0036315917969,273.2326354980469,273.3468017578125,273.408203125,273.5,273.6875915527344
267.2673645019531,267.83624267578125,267.86358642578125,268.25250244140625,268.8959045410156,269.3379211425781,270.0635986328125,270.39251708984375,270.60858154296875,270.67388916015625,270.6348876953125,270.70709228515625,270.789794921875,271.00823974609375,271.2650146484375,271.4671936035156,271.583251953125,271.43695068359375,271.2206115722656,270.7047119140625,269.9774169921875,269.44732666015625,268.7012939453125,268.2123718261719,267.7447204589844,267.5115661621094,267.7375793457031,267.86468505859375,268.5128173828125,268.8646240234375,269.1981201171875,269.612060546875,269.666015625,270.1051940917969,270.0478210449219,270.239501953125,270.5742492675781,270.8593444824219,271.22589111328125,271.5133972167969,271.9703369140625,272.580078125,273.20416259765625,273.7174072265625
265.82281494140625,266.6824035644531,266.89166259765625,267.22601318359375,267.65576171875,267.72344970703125,268.21484375,268.3543395996094,268.5679931640625,268.7765197753906,268.8302917480469,269.1446228027344,269.15020751953125,269.1982116699219,268.8576354980469,267.73883056640625,266.63409423828125,265.22802734375,264.0143737792969,262.9265441894531,261.67547607421875,261.5682067871094,260.7456359863281,261.84161376953125,263.4722900390625,265.26715087890625,266.59991455078125,266.97271728515625,267.1788635253906,266.64398193359375,265.872802734375,265.2124938964844,264.2330627441406,264.0224609375,262.2695617675781,262.63031005859375,262.6595153808594,263.2366027832031,265.09088134765625,265.6584777832031,266.47467041015625,267.39837646484375,267.9585266113281,268.22552490234375
262.4409484863281,263.0068664550781,263.174072265625,263.3709411621094,263.65460205078125,263.5297546386719,263.77880859375,263.896484375,264.3373718261719,264.91961669921875,265.3448181152344,266.05615234375,265.90704345703125,265.2928771972656,262.5054016113281,259.2012939453125,255.45498657226562,251.79808044433594,247.84555053710938,245.512451171875,244.8446502685547,245.98060607910156,248.5601043701172,252.0101318359375,255.50204467773438,259.1672058105469,261.6944580078125,262.1004638671875,259.3409423828125,257.6787414550781,255.15419006347656,252.54481506347656,250.39059448242188,248.9774169921875,248.3115234375,248.23536682128906,248.54400634765625,249.05245971679688,249.6666717529297,250.3489227294922,251.06600952148438,251.718505859375,252.1309814453125,252.1017608642578
253.5522003173828,253.21090698242188,252.79246520996094,252.52322387695312,252.4530792236328,252.34535217285156,252.6087188720703,252.81027221679688,253.181640625,253.55140686035156,253.7703094482422,253.5846710205078,252.7493896484375,251.01385498046875,248.28369140625,244.65452575683594,240.42503356933594,236.32415771484375,233.55368041992188,232.58387756347656,233.18582153320312,235.37855529785156,238.6861572265625,242.44390869140625,245.8933563232422,247.23675537109375,248.1311798095703,249.17697143554688,248.7808837890625,246.65367126464844,243.54635620117188,240.22259521484375,237.3621826171875,235.4277801513672,234.35885620117188,233.97576904296875,234.01763916015625,234.26165771484375,234.57049560546875,234.898681640625,235.25021362304688,235.59832763671875,235.86553955078125,235.9378204345703
241.583251953125,240.0558624267578,238.5576171875,237.45013427734375,236.7335968017578,236.35324096679688,236.19166564941406,236.1571044921875,236.149658203125,236.11587524414062,235.92446899414062,235.49623107910156,234.70697021484375,233.448974609375,231.7090606689453,229.63427734375,227.712158203125,226.678466796875,226.86138916015625,227.93309020996094,229.70262145996094,232.01080322265625,234.5548095703125,236.97308349609375,237.96182250976562,238.0858612060547,239.5844268798828,240.81581115722656,240.5319366455078,238.94546508789062,236.55618286132812,233.67796325683594,230.5990753173828,227.8052520751953,226.10354614257812,225.4854736328125,225.29237365722656,225.1719970703125,225.07199096679688,225.04066467285156,225.11317443847656,225.30538940429688,225.5424041748047,225.71475219726562
235.63661193847656,233.7216033935547,231.95635986328125,230.33518981933594,228.8561553955078,227.51821899414062,226.30511474609375,225.23277282714844,224.33473205566406,223.60531616210938,223.00210571289062,222.43890380859375,221.85389709472656,221.253662109375,220.58807373046875,220.6084747314453,220.9650421142578,221.88670349121094,223.2423553466797,224.82901000976562,226.51345825195312,228.19569396972656,229.7562713623047,231.07827758789062,232.08302307128906,232.8271026611328,233.30718994140625,233.4021453857422,232.91815185546875,231.82301330566406,230.18679809570312,228.13699340820312,225.89111328125,223.8083038330078,222.30186462402344,221.5290985107422,221.1009521484375,220.7283172607422,220.3696746826172,220.0727081298828,219.91775512695312,219.95387268066406,220.21583557128906,220.7346954345703
