earth/public/data/atmosphere/W07/ANN-wind-isobaric-1000hPa-gfs-1.0.json
{"header": {"discipline": 0, "disciplineName": "Meteorological products", "gribEdition": 2, "gribLength": 17922.0, "center": 0, "centerName": "Kiel Climate Model", "subcenter": 0, "refTime": "1", "significanceOfRT": 1, "significanceOfRTName": "Start of forecast", "productStatus": 0, "productStatusName": "Operational products", "productType": 1, "productTypeName": "Forecast products", "productDefinitionTemplate": 0, "productDefinitionTemplateName": "Analysis/forecast at horizontal level/layer at a point in time", "parameterCategory": 2, "parameterCategoryName": "Momentum", "parameterNumber": 2, "parameterNumberName": "V-component_of_wind", "parameterUnit": "m/s", "genProcessType": 2, "genProcessTypeName": "Forecast", "forecastTime": 0, "surface1Type": 103, "surface1TypeName": "Specified height level above ground", "surface1Value": 10, "surface2Type": 255, "surface2TypeName": "Missing", "surface2Value": 0, "gridDefinitionTemplate": 0, "gridDefinitionTemplateName": "Latitude_Longitude", "numberPoints": 65160, "shape": 6, "shapeName": "Earth spherical with radius of 6,371,229.0 m", "gridUnits": "degrees", "resolution": 48, "winds": "true", "scanMode": 0, "nx": 128.0, "ny": 64.0, "basicAngle": 0, "subDivisions": 0, "lo1": 0.0, "la1": 87.86379883923263, "lo2": 357.1875, "la2": -87.86379883923263, "dx": 2.8125, "dy": 2.7893269472772264}, "data":
[rows 19 to 37 of 64, columns 43 to 85 of 128]
-0.8080227375030518,-1.5151023864746094,-2.0329935550689697,-1.8602992296218872,-1.1989457607269287,-0.5772956609725952,-0.3005106449127197,-0.24993357062339783,-0.06453035771846771,0.448533833026886,1.1234937906265259,1.7235279083251953,2.208885908126831,2.582184076309204,2.760586738586426,2.7777795791625977,2.814089775085449,2.899137020111084,2.891500473022461,2.7812552452087402,2.6679296493530273,2.501978635787964,2.2185916900634766,1.9683681726455688,1.8358559608459473,1.595276117324829,1.128169059753418,0.7145524024963379,0.5307965278625488,0.318723201751709,-0.07899467647075653,-0.39733102917671204,-0.5329831838607788,-0.8604134321212769,-1.5761997699737549,-2.3153235912323,-2.845641613006592,-3.6162126064300537,-5.097412586212158,-6.837883949279785,-7.602591037750244,-6.482638835906982,-3.809842109680176
-1.1252059936523438,-1.8199055194854736,-1.9330934286117554,-1.3627103567123413,-0.6534684300422668,-0.24344176054000854,-0.132602721452713,-0.03227199241518974,0.34145933389663696,0.9417881369590759,1.428989291191101,1.6845217943191528,1.9620453119277954,2.337696075439453,2.507852077484131,2.377333164215088,2.2790982723236084,2.35843825340271,2.3321127891540527,2.067902088165283,1.8041484355926514,1.6534796953201294,1.4657875299453735,1.221678376197815,1.027774691581726,0.8131860494613647,0.5044369101524353,0.25790736079216003,0.1052004024386406,-0.23771318793296814,-0.8313247561454773,-1.2784146070480347,-1.3786221742630005,-1.5040311813354492,-2.0180695056915283,-2.78554368019104,-3.5034217834472656,-4.164194583892822,-5.013864517211914,-6.165988922119141,-7.20052433013916,-7.195468902587891,-5.564784049987793
-1.6515552997589111,-2.0911223888397217,-1.8266128301620483,-1.2163597345352173,-0.7327707409858704,-0.4209791123867035,-0.16072015464305878,0.09459486603736877,0.40974247455596924,0.7836710214614868,1.0548174381256104,1.1830023527145386,1.3628489971160889,1.624072790145874,1.7189841270446777,1.6080458164215088,1.5654215812683105,1.6278393268585205,1.4982320070266724,1.1469753980636597,0.9038500189781189,0.8361452221870422,0.6548028588294983,0.29883500933647156,0.014644324779510498,-0.12865117192268372,-0.27307602763175964,-0.44240912795066833,-0.6100854873657227,-0.8754052519798279,-1.2598711252212524,-1.6144156455993652,-1.9006648063659668,-2.2478108406066895,-2.7032408714294434,-3.225321054458618,-3.808222532272339,-4.385262489318848,-4.87438440322876,-5.44130277633667,-6.252525806427002,-6.864522457122803,-6.444202423095703
-2.089552640914917,-2.0865285396575928,-1.5817914009094238,-1.1009875535964966,-0.8535249829292297,-0.6494868397712708,-0.37925079464912415,-0.11715009063482285,0.11219868063926697,0.3453809320926666,0.5688897371292114,0.7511207461357117,0.8657933473587036,0.8633355498313904,0.7504374384880066,0.6458084583282471,0.6197782158851624,0.5605034828186035,0.35931190848350525,0.1356288641691208,0.054145146161317825,0.004910693969577551,-0.2328638881444931,-0.5876388549804688,-0.8116055130958557,-0.9123616218566895,-1.1019952297210693,-1.4135005474090576,-1.6814610958099365,-1.8057310581207275,-1.8532872200012207,-2.007030963897705,-2.419114589691162,-2.9853315353393555,-3.4238650798797607,-3.7070376873016357,-4.1043267250061035,-4.672844409942627,-5.132875442504883,-5.383471488952637,-5.669961929321289,-6.070529937744141,-6.183534622192383
-1.760691523551941,-1.6159628629684448,-1.3557240962982178,-1.1268236637115479,-0.9292575716972351,-0.7916176915168762,-0.7121444940567017,-0.5553230047225952,-0.29527547955513,-0.10866481065750122,-0.03437568247318268,0.06567256897687912,0.1446157693862915,0.05565093457698822,-0.09236185252666473,-0.14608557522296906,-0.22877363860607147,-0.4492560625076294,-0.643182635307312,-0.6980262994766235,-0.7688482403755188,-0.9824957251548767,-1.229405403137207,-1.3642486333847046,-1.4221303462982178,-1.5559451580047607,-1.8345463275909424,-2.162961721420288,-2.40493106842041,-2.539674997329712,-2.6708920001983643,-2.911109685897827,-3.2687034606933594,-3.638115882873535,-3.9284350872039795,-4.195188522338867,-4.5702924728393555,-5.056954383850098,-5.478133201599121,-5.6564788818359375,-5.610728740692139,-5.523124694824219,-5.422976493835449
-0.9239321947097778,-1.0921220779418945,-1.4126574993133545,-1.4666627645492554,-1.1791216135025024,-0.9675118327140808,-0.9965153932571411,-0.9118374586105347,-0.6139835119247437,-0.5001900792121887,-0.6630457043647766,-0.7500032186508179,-0.7142970561981201,-0.7818622589111328,-0.8680989146232605,-0.8583045601844788,-0.976510763168335,-1.2663792371749878,-1.4205362796783447,-1.4419571161270142,-1.6511023044586182,-1.9896931648254395,-2.1197261810302734,-2.0773394107818604,-2.1618428230285645,-2.4022932052612305,-2.60195255279541,-2.6760504245758057,-2.7058401107788086,-2.856374502182007,-3.239832878112793,-3.6960859298706055,-3.9194138050079346,-3.937650203704834,-4.0997233390808105,-4.493650436401367,-4.8474345207214355,-5.051734447479248,-5.247917175292969,-5.395802974700928,-5.296458721160889,-4.976899147033691,-4.518518924713135
-0.4723207354545593,-0.9028826951980591,-1.3872764110565186,-1.5022622346878052,-1.2669368982315063,-1.0858516693115234,-1.1226606369018555,-1.0995534658432007,-0.9212749600410461,-0.8973807096481323,-1.082039475440979,-1.1804145574569702,-1.2145575284957886,-1.401617407798767,-1.5927900075912476,-1.6491084098815918,-1.8021849393844604,-2.08353590965271,-2.2310783863067627,-2.333746910095215,-2.6275103092193604,-2.8853507041931152,-2.888697862625122,-2.942936420440674,-3.2428598403930664,-3.4816062450408936,-3.489567279815674,-3.461930274963379,-3.490424633026123,-3.595113754272461,-3.9238104820251465,-4.343181133270264,-4.4456377029418945,-4.321337699890137,-4.468019962310791,-4.8312811851501465,-4.930474281311035,-4.798221111297607,-4.783514022827148,-4.760574817657471,-4.445430755615234,-3.9805426597595215,-3.4367809295654297
-0.5951550602912903,-1.0027490854263306,-1.0936156511306763,-1.0292006731033325,-1.0616309642791748,-1.1430530548095703,-1.17888343334198,-1.187748670578003,-1.215477466583252,-1.307667851448059,-1.415562629699707,-1.4536768198013306,-1.5435056686401367,-1.8037710189819336,-2.0556654930114746,-2.202223062515259,-2.4213218688964844,-2.6885745525360107,-2.8336315155029297,-3.0082554817199707,-3.3162178993225098,-3.4784185886383057,-3.501128673553467,-3.773649215698242,-4.164799213409424,-4.196866989135742,-4.068361759185791,-4.243937015533447,-4.4987711906433105,-4.523918628692627,-4.609340190887451,-4.852417945861816,-4.866847038269043,-4.717818260192871,-4.802484035491943,-4.88014554977417,-4.564748287200928,-4.211583137512207,-4.131519317626953,-3.860830545425415,-3.138404130935669,-2.4727745056152344,-2.0752618312835693
-0.7269166707992554,-1.0891798734664917,-0.903119683265686,-0.6509591341018677,-0.7987150549888611,-1.0458663702011108,-1.067327618598938,-1.0326824188232422,-1.1122756004333496,-1.2406078577041626,-1.3551030158996582,-1.4653171300888062,-1.6016582250595093,-1.745222568511963,-1.8267649412155151,-1.9227207899093628,-2.1625704765319824,-2.390122652053833,-2.448212146759033,-2.5593583583831787,-2.821302890777588,-2.9578440189361572,-3.0139474868774414,-3.300279378890991,-3.5625171661376953,-3.4361627101898193,-3.3359994888305664,-3.6296799182891846,-3.820384979248047,-3.6281614303588867,-3.556710720062256,-3.7016873359680176,-3.5894012451171875,-3.326575517654419,-3.2816479206085205,-3.1150288581848145,-2.55008864402771,-2.093916654586792,-1.9629346132278442,-1.6019706726074219,-0.8470636010169983,-0.2500491440296173,-0.04377194121479988
-0.5082173347473145,-0.8439111709594727,-0.7697028517723083,-0.3669719994068146,-0.16908568143844604,-0.2388564646244049,-0.3069901168346405,-0.3327999413013458,-0.3542966842651367,-0.33021560311317444,-0.30325597524642944,-0.35810166597366333,-0.4832000732421875,-0.5697828531265259,-0.5269368886947632,-0.47594955563545227,-0.5983832478523254,-0.7455100417137146,-0.7057705521583557,-0.6658375859260559,-0.782516360282898,-0.8322556018829346,-0.7745035290718079,-0.8323965072631836,-0.8951735496520996,-0.8042227625846863,-0.8387951850891113,-1.0316376686096191,-0.9121435284614563,-0.525448739528656,-0.41002771258354187,-0.43645939230918884,-0.1354808360338211,0.24144959449768066,0.3510625958442688,0.5416878461837769,1.0274919271469116,1.4515721797943115,1.6949180364608765,1.9828628301620483,2.3060147762298584,2.533679723739624,2.6456079483032227
-0.2515564262866974,-0.4645140469074249,-0.5186442732810974,0.04189034923911095,0.73891282081604,1.0061264038085938,0.9440655708312988,0.8385626077651978,0.7972368597984314,0.8837934136390686,1.1173747777938843,1.3628740310668945,1.4110939502716064,1.2812050580978394,1.2717984914779663,1.4545918703079224,1.529727816581726,1.4400264024734497,1.4429739713668823,1.5251504182815552,1.5240033864974976,1.5463842153549194,1.665092945098877,1.7592878341674805,1.845513105392456,1.9332919120788574,1.8651888370513916,1.7672755718231201,1.9374843835830688,2.1993069648742676,2.2784624099731445,2.424124240875244,2.8083643913269043,3.120241641998291,3.272146224975586,3.4932541847229004,3.740017890930176,3.9449679851531982,4.266499996185303,4.557519435882568,4.565474987030029,4.561056137084961,4.718737602233887
-0.3303014636039734,-0.46296626329421997,-0.4928039014339447,0.021250439807772636,0.6781497597694397,1.0057058334350586,1.2285854816436768,1.5176960229873657,1.6347609758377075,1.5487107038497925,1.5828691720962524,1.8672239780426025,2.100870370864868,2.0723485946655273,2.050504684448242,2.2383036613464355,2.3688156604766846,2.293949842453003,2.235283613204956,2.248706340789795,2.2154102325439453,2.1792383193969727,2.1717119216918945,2.172935724258423,2.285452127456665,2.4557106494903564,2.4673657417297363,2.415836811065674,2.4836997985839844,2.528876304626465,2.5405373573303223,2.7504584789276123,3.028642416000366,3.165806531906128,3.4063258171081543,3.7695775032043457,3.840280532836914,3.7815639972686768,4.100546360015869,4.497281551361084,4.517245292663574,4.530252456665039,4.774467468261719
-0.3699210286140442,-0.5189868211746216,-0.49124929308891296,-0.2925453782081604,-0.3459931015968323,-0.5529017448425293,-0.23574034869670868,0.608122706413269,1.2331091165542603,1.2250354290008545,0.8804484009742737,0.6950289607048035,0.7808474898338318,0.895628035068512,0.9366633892059326,0.964658796787262,0.9423352479934692,0.9019524455070496,0.9390740990638733,0.9424340724945068,0.8507673740386963,0.8020996451377869,0.7615609169006348,0.6699726581573486,0.7107065916061401,0.8477270007133484,0.8453049659729004,0.8527060151100159,1.0223398208618164,1.0873817205429077,1.0419741868972778,1.1866673231124878,1.371461272239685,1.4136408567428589,1.6365818977355957,2.0143017768859863,2.0577023029327393,1.958414912223816,2.247774839401245,2.636240243911743,2.696528673171997,2.7429585456848145,3.0048325061798096
0.11365468800067902,0.037806130945682526,0.19182060658931732,0.28874361515045166,-0.2265033721923828,-1.0678156614303589,-1.3937311172485352,-0.9694672226905823,-0.22499823570251465,0.21985170245170593,-0.042892683297395706,-0.7154179215431213,-1.1411473751068115,-1.20498788356781,-1.2270023822784424,-1.351623773574829,-1.4924731254577637,-1.492984414100647,-1.3619979619979858,-1.3393408060073853,-1.4213095903396606,-1.358921766281128,-1.2551908493041992,-1.2986807823181152,-1.3030387163162231,-1.2445309162139893,-1.3151674270629883,-1.2900841236114502,-1.0109364986419678,-0.8882168531417847,-1.000074863433838,-0.9055004119873047,-0.6636874675750732,-0.6213509440422058,-0.5815560817718506,-0.34807369112968445,-0.1731528639793396,-0.07682450115680695,0.16607792675495148,0.4263874292373657,0.5418084263801575,0.6865707039833069,0.948461651802063
0.6064468026161194,0.698470413684845,1.0316667556762695,1.470634937286377,1.521136999130249,1.0308494567871094,0.14954806864261627,-0.6940045356750488,-0.7992183566093445,-0.2634282410144806,-0.18492470681667328,-0.9542956948280334,-1.8139127492904663,-2.2962636947631836,-2.569406032562256,-2.753476619720459,-2.873311996459961,-2.9503533840179443,-2.9795143604278564,-3.050642251968384,-3.1394314765930176,-3.073962688446045,-2.9835054874420166,-3.055992364883423,-3.0861740112304688,-2.9972071647644043,-3.008228063583374,-3.009165048599243,-2.8425633907318115,-2.7927279472351074,-2.894331932067871,-2.753207206726074,-2.453044891357422,-2.4011940956115723,-2.442147970199585,-2.2187373638153076,-1.8578011989593506,-1.603694200515747,-1.417534589767456,-1.1803975105285645,-0.8371360898017883,-0.4302118718624115,-0.08984793722629547
0.5062057375907898,0.6665287017822266,0.9455189108848572,1.5003421306610107,2.3550806045532227,3.0866448879241943,2.783134698867798,1.4171888828277588,0.43641361594200134,0.5605909824371338,0.6921989917755127,0.07384161651134491,-0.7417615056037903,-1.359248161315918,-1.8698093891143799,-2.193047285079956,-2.364895820617676,-2.6194987297058105,-2.92230486869812,-3.1459248065948486,-3.3071117401123047,-3.409219980239868,-3.5227248668670654,-3.7180542945861816,-3.822117805480957,-3.7531180381774902,-3.713549852371216,-3.741154909133911,-3.7151360511779785,-3.6835970878601074,-3.6278369426727295,-3.417686700820923,-3.1971542835235596,-3.131768226623535,-2.996711015701294,-2.6203396320343018,-2.231672763824463,-1.9944859743118286,-1.761802315711975,-1.3952674865722656,-0.8977106213569641,-0.35415804386138916,0.09176860004663467
0.2795422077178955,0.3364458382129669,0.30270320177078247,0.3472026586532593,1.0188066959381104,2.259679079055786,2.858556032180786,2.2349166870117188,1.6290349960327148,1.881231427192688,2.056218385696411,1.5506317615509033,1.0135407447814941,0.687984824180603,0.21340058743953705,-0.30281341075897217,-0.633743405342102,-0.9482596516609192,-1.3198261260986328,-1.626478910446167,-1.8758143186569214,-2.1065878868103027,-2.3019814491271973,-2.4713594913482666,-2.5958685874938965,-2.6646337509155273,-2.7304511070251465,-2.7923192977905273,-2.805248260498047,-2.7552080154418945,-2.616151809692383,-2.441396474838257,-2.3642711639404297,-2.2905235290527344,-1.9955382347106934,-1.6074857711791992,-1.3974968194961548,-1.2194734811782837,-0.8234297633171082,-0.37221938371658325,-0.03501681610941887,0.3626210391521454,0.8598437905311584
0.33456888794898987,0.188393697142601,0.03491580858826637,-0.24465569853782654,-0.3065541386604309,0.141069233417511,0.5761725902557373,0.6891815662384033,1.30914306640625,2.654850721359253,3.3945906162261963,2.9275081157684326,2.327803134918213,2.204791307449341,1.9956594705581665,1.4951926469802856,1.113402009010315,0.9240714907646179,0.6920144557952881,0.39184579253196716,0.13107319176197052,-0.07057826220989227,-0.2267003208398819,-0.3212951421737671,-0.38629812002182007,-0.5045211315155029,-0.6551805138587952,-0.7395558953285217,-0.7862775921821594,-0.8580518960952759,-0.8776020407676697,-0.8358256816864014,-0.8514600396156311,-0.847747802734375,-0.6678960919380188,-0.4779193103313446,-0.4476134777069092,-0.31125393509864807,0.1053171157836914,0.4533807635307312,0.5767377614974976,0.8566129207611084,1.3642889261245728
0.3857901096343994,0.07876535505056381,0.10991499572992325,0.2224680781364441,0.0929727777838707,-0.23088648915290833,-0.6108145117759705,-0.6730076670646667,0.4197061061859131,2.5918071269989014,4.14143705368042,3.9783191680908203,3.13643479347229,2.818358898162842,2.762042999267578,2.4470791816711426,2.129638671875,2.042989730834961,1.9332941770553589,1.7066007852554321,1.5772582292556763,1.53126859664917,1.3765835762023926,1.1895489692687988,1.1208226680755615,1.0569273233413696,0.9132547974586487,0.8090329766273499,0.7226842045783997,0.5215041041374207,0.31060266494750977,0.22799468040466309,0.15338359773159027,0.011392238549888134,-0.05986576899886131,-0.04262350872159004,-0.05210266634821892,-0.022429155185818672,0.13487496972084045,0.2831369936466217,0.4050286114215851,0.7205274105072021,1.149127721786499
