earth/public/data/atmosphere/W07/ANN-temp-surface-level-gfs-1.0.json
{"header": {"discipline": 0, "disciplineName": "Meteorological products", "gribEdition": 2, "gribLength": 17922.0, "center": 0, "centerName": "Kiel Climate Model", "subcenter": 0, "refTime": "1", "significanceOfRT": 1, "significanceOfRTName": "Start of forecast", "productStatus": 0, "productStatusName": "Operational products", "productType": 1, "productTypeName": "Forecast products", "productDefinitionTemplate": 0, "productDefinitionTemplateName": "Analysis/forecast at horizontal level/layer at a point in time", "parameterCategory": 2, "parameterCategoryName": "Momentum", "parameterNumber": 2, "parameterNumberName": "U-component_of_wind", "parameterUnit": "K", "genProcessType": 2, "genProcessTypeName": "Forecast", "forecastTime": 0, "surface1Type": 103, "surface1TypeName": "Specified height level above ground", "surface1Value": 10, "surface2Type": 255, "surface2TypeName": "Missing", "surface2Value": 0, "gridDefinitionTemplate": 0, "gridDefinitionTemplateName": "Latitude_Longitude", "numberPoints": 65160, "shape": 6, "shapeName": "Earth spherical with radius of 6,371,229.0 m", "gridUnits": "degrees", "resolution": 48, "winds": "true", "scanMode": 0, "nx": 128.0, "ny": 64.0, "basicAngle": 0, "subDivisions": 0, "lo1": 0.0, "la1": 87.86379883923263, "lo2": 357.1875, "la2": -87.86379883923263, "dx": 2.8125, "dy": 2.7893269472772264}, "data":
[rows 0 to 19 of 64, columns 0 to 43 of 128]
256.0534362792969,256.1481018066406,256.2220153808594,256.2587585449219,256.2558288574219,256.212890625,256.1309814453125,256.0111999511719,255.85699462890625,255.727783203125,255.83154296875,255.9604949951172,256.19964599609375,256.3959045410156,256.5126037597656,256.5411682128906,256.4754638671875,256.3145751953125,256.0605163574219,255.71780395507812,255.29197692871094,254.93240356445312,255.09156799316406,255.22711181640625,255.3721466064453,255.47593688964844,255.50559997558594,255.45689392089844,255.33412170410156,255.31988525390625,255.38473510742188,255.3851318359375,255.31886291503906,255.18963623046875,255.03668212890625,254.8908233642578,254.72669982910156,255.20162963867188,255.67218017578125,256.060791015625,256.3567810058594,256.5482177734375,256.62451171875,256.581298828125
258.4964599609375,258.2119445800781,258.5440979003906,258.7452392578125,258.73284912109375,258.5906677246094,258.6041564941406,258.4345703125,258.18048095703125,258.1771240234375,258.64312744140625,258.727783203125,258.3778991699219,257.62384033203125,257.4682922363281,258.0508728027344,258.3167419433594,258.23870849609375,257.96173095703125,257.7669982910156,257.40399169921875,256.902587890625,256.8133239746094,257.0694885253906,256.95965576171875,256.5191955566406,256.829345703125,257.00579833984375,256.873046875,256.8863220214844,256.9603576660156,256.7352294921875,256.4810791015625,256.7505187988281,256.6800231933594,256.2659912109375,256.3880615234375,256.8569030761719,257.1545104980469,257.2793273925781,257.5322570800781,257.48150634765625,257.0173034667969,256.1792907714844
259.5201416015625,259.7591247558594,260.0330810546875,260.01507568359375,259.7164306640625,259.5747375488281,259.4128112792969,259.7072448730469,259.785400390625,259.41766357421875,259.5849914550781,259.94573974609375,259.86065673828125,259.72296142578125,259.7418518066406,259.6076354980469,259.21856689453125,259.2530517578125,259.2745361328125,258.8658447265625,258.74658203125,258.5631103515625,258.29052734375,258.1934814453125,257.6591491699219,257.854736328125,257.7296142578125,257.861083984375,257.8149108886719,257.7755126953125,257.62811279296875,257.37762451171875,257.1890869140625,256.7734680175781,256.7982482910156,256.3570861816406,256.56170654296875,256.7031555175781,256.8185119628906,257.0507507324219,256.71685791015625,256.5118103027344,256.7887268066406,256.68890380859375
262.9264221191406,262.9592590332031,262.8525390625,262.2359619140625,262.0384216308594,261.67962646484375,262.5406799316406,262.2267150878906,262.0798034667969,262.0823669433594,260.2165832519531,259.8242492675781,260.14581298828125,260.2457275390625,260.267333984375,260.322509765625,260.01239013671875,259.97552490234375,259.96044921875,259.842041015625,259.1265869140625,259.66497802734375,259.7734680175781,259.83807373046875,259.64398193359375,259.29559326171875,259.10089111328125,258.6348876953125,259.0955810546875,258.8140869140625,257.6729736328125,258.49298095703125,258.677734375,258.7253112792969,260.224365234375,257.120361328125,255.8881378173828,254.6796112060547,255.80001831054688,255.64585876464844,255.8429718017578,256.0255126953125,256.3607177734375,255.7537841796875
269.7410888671875,269.3450012207031,268.7794189453125,267.93597412109375,266.65771484375,265.0987548828125,264.0674133300781,263.6249084472656,263.1218566894531,262.77093505859375,262.4613952636719,261.32659912109375,261.753173828125,260.7318420410156,261.0462646484375,260.3421630859375,260.7169189453125,260.2642822265625,260.57305908203125,260.5941162109375,260.3113098144531,260.55865478515625,260.9735107421875,261.22869873046875,260.6999206542969,259.8951721191406,258.9372253417969,259.6610412597656,259.9782409667969,259.7943115234375,259.04290771484375,257.7637939453125,258.4002380371094,258.2925109863281,257.5621643066406,256.9117126464844,259.4305114746094,259.26129150390625,259.3434753417969,252.87777709960938,254.09568786621094,254.76048278808594,255.29888916015625,255.80213928222656
273.0694580078125,273.10699462890625,273.1011962890625,273.01654052734375,272.76788330078125,272.2734680175781,271.4488220214844,270.1965026855469,268.7349853515625,267.07720947265625,265.9359436035156,264.7017822265625,264.4546203613281,263.5838623046875,263.4668273925781,263.07354736328125,262.8357238769531,262.6212463378906,261.83221435546875,261.8955993652344,262.1994323730469,259.9353942871094,260.0828552246094,259.5421142578125,259.41259765625,259.54278564453125,259.82012939453125,259.6246337890625,259.18359375,258.1251220703125,260.645751953125,260.2633056640625,259.898193359375,259.56402587890625,259.21331787109375,258.9026794433594,258.69256591796875,258.5863037109375,258.5793762207031,258.67279052734375,258.716552734375,258.8225402832031,252.0387420654297,259.05059814453125
274.2571105957031,274.7640075683594,275.129150390625,275.2470397949219,275.0049743652344,274.3721008300781,273.5233459472656,272.4539794921875,271.1196594238281,269.2165222167969,267.6298828125,265.86181640625,265.3810729980469,264.9717712402344,264.91802978515625,264.9642639160156,264.59405517578125,264.3040771484375,263.886962890625,263.2057800292969,262.1143493652344,260.279541015625,259.5948791503906,258.1999816894531,261.36492919921875,261.17010498046875,261.0711975097656,261.0033874511719,260.8847351074219,260.6435241699219,260.2702941894531,259.8310546875,259.4153747558594,259.0280456542969,258.5715637207031,258.3230895996094,258.23040771484375,258.27734375,258.48028564453125,258.7023010253906,258.7137756347656,258.7003479003906,258.5943298339844,258.37030029296875
276.2734680175781,276.6886901855469,276.5833435058594,275.8709716796875,274.638427734375,271.686767578125,270.56280517578125,269.35870361328125,268.4316101074219,267.7354736328125,267.3024597167969,267.1438293457031,267.13262939453125,267.17950439453125,267.118896484375,264.5087890625,266.74530029296875,264.22186279296875,263.3334045410156,265.1114807128906,261.9363708496094,263.7201843261719,263.1285400390625,262.70916748046875,262.34661865234375,262.0343322753906,261.9336853027344,261.88177490234375,261.7994384765625,261.5799255371094,261.2028503417969,260.6288757324219,259.9393005371094,259.26263427734375,258.666015625,258.2835693359375,258.2359619140625,258.4268798828125,258.6919860839844,258.89373779296875,259.0282287597656,258.97747802734375,258.70172119140625,258.2841796875
278.6119689941406,278.064697265625,276.7275085449219,274.9319152832031,271.861083984375,270.8736572265625,270.2372131347656,269.76324462890625,266.4713134765625,268.90850830078125,268.7637634277344,268.7342834472656,268.7715759277344,268.7547607421875,268.5105285644531,268.09637451171875,267.56304931640625,267.02679443359375,266.5350646972656,266.06707763671875,265.72216796875,265.2977600097656,264.90679931640625,264.4205017089844,264.0859375,263.7101135253906,263.4647216796875,263.3327331542969,263.2486572265625,263.0909423828125,262.7434997558594,262.18682861328125,261.4322814941406,260.53192138671875,259.77960205078125,259.306640625,259.22491455078125,259.4121398925781,259.66400146484375,259.86810302734375,260.0052795410156,259.992431640625,259.8219909667969,259.5042724609375
279.4806823730469,277.8377990722656,275.7472229003906,272.62628173828125,271.93975830078125,271.9109191894531,272.3023681640625,270.8476867675781,270.8332824707031,272.1241455078125,271.57830810546875,271.1512451171875,270.7470703125,270.3187561035156,269.7919006347656,269.1573791503906,268.6511535644531,268.2823486328125,267.9897766113281,267.75439453125,267.47515869140625,267.1058349609375,266.6893005371094,266.2278137207031,265.7476501464844,265.3116760253906,264.8646545410156,264.7023010253906,264.6438293457031,264.6960754394531,264.5706787109375,264.1870422363281,263.5373229980469,262.88446044921875,262.2752685546875,261.9197082519531,261.7839660644531,261.8466796875,261.8841857910156,261.7938232421875,261.63818359375,261.4514465332031,261.31329345703125,261.29296875
279.2934265136719,277.62310791015625,275.0121765136719,273.7705383300781,273.635498046875,274.2385559082031,275.0653076171875,274.0063781738281,274.90771484375,273.879638671875,272.9276428222656,272.2490539550781,271.7784423828125,271.32928466796875,270.8542785644531,270.4469299316406,270.22772216796875,270.32012939453125,270.2094421386719,269.88134765625,269.2635498046875,268.739990234375,268.31298828125,268.10797119140625,267.992919921875,267.9017333984375,267.64068603515625,267.4442443847656,267.2146301269531,267.1106872558594,267.1167297363281,266.79010009765625,266.2933044433594,265.75830078125,265.30145263671875,264.99365234375,264.8522033691406,264.6531677246094,264.16339111328125,263.5796813964844,262.90869140625,262.1685485839844,261.5425109863281,261.2305603027344
279.70892333984375,279.2232971191406,278.0605773925781,276.9786376953125,276.61181640625,276.9276123046875,276.2765808105469,276.0712585449219,275.9705505371094,274.91265869140625,274.2757873535156,274.0194091796875,273.8381042480469,273.4053649902344,272.86199951171875,272.56561279296875,272.61199951171875,272.7440490722656,272.5531005859375,271.90643310546875,271.0753173828125,270.6102294921875,270.679443359375,271.13458251953125,271.5428771972656,271.5142517089844,271.0760498046875,270.5494384765625,270.2518310546875,270.1946716308594,270.04888916015625,269.66119384765625,269.0602111816406,268.540283203125,268.1495056152344,267.8162841796875,267.119384765625,266.14044189453125,265.1121826171875,264.15447998046875,263.2763671875,262.4033203125,261.5101013183594,260.81988525390625
280.72003173828125,281.0523681640625,280.4883728027344,279.87579345703125,279.14599609375,278.99017333984375,277.8954772949219,278.4716796875,277.5518493652344,276.8149719238281,276.59271240234375,276.7083740234375,276.44677734375,275.64007568359375,274.96533203125,274.8538513183594,275.148193359375,275.26922607421875,274.8076477050781,273.8782958984375,273.26373291015625,273.14068603515625,273.55804443359375,274.08367919921875,274.16326904296875,273.51800537109375,272.6025085449219,272.0401611328125,272.0037536621094,272.1952209472656,271.9997253417969,271.2434997558594,270.2544250488281,269.8113708496094,269.994140625,269.929931640625,268.9746398925781,267.38006591796875,265.86669921875,264.8351135253906,264.3967590332031,263.95770263671875,263.2479553222656,262.5405578613281
282.15545654296875,282.22882080078125,281.4331359863281,280.2076416015625,279.55419921875,279.75018310546875,279.9911193847656,279.4726867675781,278.5016174316406,277.9217224121094,277.9361572265625,278.0167541503906,277.52899169921875,276.7545471191406,276.5517578125,277.10455322265625,277.8617858886719,278.01904296875,277.3578796386719,276.6029357910156,276.2886047363281,276.3938293457031,276.34954833984375,275.83563232421875,275.0401916503906,274.3865051269531,274.0998840332031,274.3393249511719,274.6808166503906,274.72772216796875,273.93927001953125,271.96337890625,269.6159973144531,268.1484069824219,268.35870361328125,269.186767578125,269.6176452636719,269.1626281738281,268.1065368652344,267.3567810058594,266.95458984375,266.64459228515625,266.2264099121094,265.98028564453125
283.3306884765625,282.33319091796875,280.6222229003906,279.09344482421875,278.91290283203125,279.8816223144531,280.6190185546875,280.2086486816406,279.2472229003906,279.0665588378906,279.7765197753906,280.46746826171875,280.42425537109375,280.0825500488281,280.2176818847656,280.91070556640625,281.44036865234375,281.2881774902344,280.6531982421875,280.20355224609375,280.1185302734375,280.01812744140625,279.2969970703125,278.18768310546875,277.3083801269531,277.2955322265625,277.971923828125,278.46539306640625,278.1141662597656,276.8690185546875,275.228759765625,273.18548583984375,270.42633056640625,267.794677734375,266.5943603515625,267.5940856933594,269.2492370605469,270.4155578613281,270.8706970214844,270.577392578125,270.18157958984375,269.8273620605469,269.53338623046875,269.5540466308594
284.0271911621094,283.08685302734375,281.699462890625,280.67572021484375,281.001220703125,282.13861083984375,282.61590576171875,281.93536376953125,281.25201416015625,281.7952880859375,283.398193359375,284.9163818359375,285.4297790527344,285.2214050292969,284.9144592285156,284.59149169921875,284.2402038574219,283.95904541015625,283.9264221191406,283.63134765625,283.12542724609375,282.51629638671875,282.0995788574219,281.9565124511719,281.7906494140625,281.6889343261719,281.4450988769531,280.48876953125,278.72467041015625,276.57891845703125,275.4577941894531,275.4745788574219,275.94488525390625,274.7734680175781,272.23370361328125,270.9911193847656,272.0494689941406,273.5406188964844,274.1175842285156,273.40802001953125,272.5467529296875,272.37188720703125,272.5429992675781,272.62591552734375
285.4020080566406,285.99322509765625,286.2002868652344,285.7215270996094,286.1540222167969,285.5327453613281,285.7252502441406,284.62945556640625,284.0138854980469,284.5999450683594,285.8614807128906,286.90081787109375,286.50799560546875,286.30035400390625,285.84405517578125,284.97564697265625,284.51763916015625,285.5643615722656,287.0210876464844,287.4401550292969,285.69061279296875,284.298095703125,284.77667236328125,286.11004638671875,285.9586486816406,283.8655700683594,281.5465087890625,280.1269836425781,279.3580017089844,278.64111328125,278.24676513671875,279.2140197753906,280.8739318847656,281.380126953125,279.70257568359375,277.7471923828125,277.6363220214844,278.6226806640625,278.30279541015625,276.27947998046875,274.53167724609375,274.423095703125,275.3211669921875,275.36309814453125
287.87939453125,288.4002685546875,289.4530944824219,290.9333801269531,289.2788391113281,288.32269287109375,287.1195983886719,287.3489990234375,287.26324462890625,287.5713195800781,287.134033203125,285.74261474609375,284.5975036621094,284.96002197265625,285.3453063964844,284.3240661621094,283.7261047363281,285.988037109375,289.2635498046875,290.64202880859375,288.68804931640625,286.76593017578125,287.2881164550781,288.47821044921875,286.909423828125,281.9200744628906,277.5516052246094,277.63836669921875,281.2722473144531,284.0559997558594,283.52874755859375,281.198974609375,280.11328125,280.219970703125,279.77679443359375,279.1042175292969,279.6096496582031,280.9707946777344,280.6801452636719,278.4967346191406,277.04876708984375,277.78607177734375,279.0257568359375,278.9481201171875
288.9867858886719,289.42425537109375,290.0403137207031,290.1807861328125,289.5967102050781,288.53485107421875,288.1394348144531,288.4277648925781,290.7689208984375,289.27978515625,290.1272888183594,287.95068359375,286.4825134277344,287.44451904296875,288.45526123046875,287.65478515625,285.90167236328125,286.6436767578125,289.53668212890625,291.0723876953125,290.3355712890625,289.17169189453125,288.4599914550781,287.506103515625,284.55670166015625,279.0390625,273.4559326171875,273.3627624511719,277.6006164550781,281.7742919921875,281.96142578125,278.35162353515625,275.0244140625,274.05999755859375,274.0028381347656,274.14947509765625,275.89013671875,278.60003662109375,279.7484130859375,279.17596435546875,279.6069641113281,281.70904541015625,283.2788391113281,283.2093811035156
290.3811340332031,289.7427062988281,289.90667724609375,290.37091064453125,289.7134704589844,289.70269775390625,289.73284912109375,290.1850280761719,290.55291748046875,291.1064147949219,291.4447937011719,290.93707275390625,290.0706481933594,291.8368225097656,292.89215087890625,293.0906982421875,291.6917419433594,289.65087890625,288.7259216308594,288.4928894042969,288.9738464355469,289.74468994140625,288.9035339355469,286.5851745605469,284.3548583984375,283.3642883300781,280.1730651855469,273.1082763671875,269.1931457519531,268.85394287109375,269.2196350097656,268.59600830078125,268.48388671875,269.4915771484375,269.9024658203125,270.027099609375,272.48541259765625,277.2099304199219,279.7434997558594,280.3985900878906,281.9820251464844,284.69732666015625,285.8865966796875,286.1656188964844
