earth/public/data/atmosphere/W07/ANN-temp-isobaric-100hPa-gfs-1.0.json
{"header": {"discipline": 0, "disciplineName": "Meteorological products", "gribEdition": 2, "gribLength": 17922.0, "center": 0, "centerName": "Kiel Climate Model", "subcenter": 0, "refTime": "1", "significanceOfRT": 1, "significanceOfRTName": "Start of forecast", "productStatus": 0, "productStatusName": "Operational products", "productType": 1, "productTypeName": "Forecast products", "productDefinitionTemplate": 0, "productDefinitionTemplateName": "Analysis/forecast at horizontal level/layer at a point in time", "parameterCategory": 2, "parameterCategoryName": "Momentum", "parameterNumber": 2, "parameterNumberName": "U-component_of_wind", "parameterUnit": "K", "genProcessType": 2, "genProcessTypeName": "Forecast", "forecastTime": 0, "surface1Type": 103, "surface1TypeName": "Specified height level above ground", "surface1Value": 10, "surface2Type": 255, "surface2TypeName": "Missing", "surface2Value": 0, "gridDefinitionTemplate": 0, "gridDefinitionTemplateName": "Latitude_Longitude", "numberPoints": 65160, "shape": 6, "shapeName": "Earth spherical with radius of 6,371,229.0 m", "gridUnits": "degrees", "resolution": 48, "winds": "true", "scanMode": 0, "nx": 128.0, "ny": 64.0, "basicAngle": 0, "subDivisions": 0, "lo1": 0.0, "la1": 87.86379883923263, "lo2": 357.1875, "la2": -87.86379883923263, "dx": 2.8125, "dy": 2.7893269472772264}, "data":
[rows 19 to 37 of 64, columns 44 to 87 of 128]
204.02001953125,204.02105712890625,203.9914093017578,203.98153686523438,203.98443603515625,203.9674835205078,203.95223999023438,203.97216796875,204.0037841796875,204.01553344726562,204.02420043945312,204.0520477294922,204.09454345703125,204.1584930419922,204.26673889160156,204.41351318359375,204.5707244873047,204.73416137695312,204.91848754882812,205.12025451660156,205.32131958007812,205.5150146484375,205.70391845703125,205.8831329345703,206.0432586669922,206.18251037597656,206.30316162109375,206.40113830566406,206.4718475341797,206.521728515625,206.55886840820312,206.5770263671875,206.56712341308594,206.5376434326172,206.50112915039062,206.44956970214844,206.36605834960938,206.25192260742188,206.12005615234375,205.96926879882812,205.7853240966797,205.56387329101562,205.31874084472656,205.0646514892578
201.09881591796875,201.06996154785156,201.02349853515625,201.01617431640625,201.03915405273438,201.0545196533203,201.0908660888672,201.1839141845703,201.2989959716797,201.40243530273438,201.5196533203125,201.67047119140625,201.84080505371094,202.03355407714844,202.26351928710938,202.51527404785156,202.76907348632812,203.03404235839844,203.31634521484375,203.59689331054688,203.86074829101562,204.11053466796875,204.34649658203125,204.55873107910156,204.73609924316406,204.87303161621094,204.97329711914062,205.045166015625,205.09146118164062,205.1123809814453,205.11209106445312,205.09181213378906,205.0482635498047,204.9853057861328,204.91139221191406,204.82510375976562,204.71900939941406,204.59353637695312,204.45359802246094,204.2976837158203,204.1180419921875,203.90823364257812,203.67320251464844,203.43063354492188
198.3624267578125,198.33929443359375,198.3182373046875,198.3536834716797,198.4280548095703,198.4970245361328,198.58761596679688,198.73086547851562,198.89610290527344,199.0688934326172,199.27786254882812,199.5207977294922,199.7758026123047,200.05746459960938,200.37420654296875,200.69566345214844,201.01254272460938,201.345703125,201.68533325195312,202.00291442871094,202.3010711669922,202.58865356445312,202.84921264648438,203.06884765625,203.24839782714844,203.3837890625,203.47451782226562,203.53404235839844,203.56793212890625,203.5699005126953,203.54483032226562,203.5055694580078,203.4534149169922,203.38319396972656,203.2960205078125,203.196533203125,203.08755493164062,202.96827697753906,202.83468627929688,202.68492126464844,202.5185089111328,202.32984924316406,202.11865234375,201.90016174316406
196.11837768554688,196.12103271484375,196.14077758789062,196.21414184570312,196.31939697265625,196.42758178710938,196.5661163330078,196.74453735351562,196.93226623535156,197.14129638671875,197.39974975585938,197.6771697998047,197.95086669921875,198.2571563720703,198.6024169921875,198.9449920654297,199.28451538085938,199.64320373535156,199.99412536621094,200.31289672851562,200.6233673095703,200.92735290527344,201.1861114501953,201.3921356201172,201.56661987304688,201.70559692382812,201.79966735839844,201.86273193359375,201.90237426757812,201.91073608398438,201.8919219970703,201.85775756835938,201.80874633789062,201.74203491210938,201.6612091064453,201.57237243652344,201.48004150390625,201.3812713623047,201.26751708984375,201.13836669921875,200.99755859375,200.8397674560547,200.66636657714844,200.4956817626953
194.4251708984375,194.45437622070312,194.50782775878906,194.59486389160156,194.6981658935547,194.81854248046875,194.98541259765625,195.18106079101562,195.36935424804688,195.57891845703125,195.83624267578125,196.09971618652344,196.35403442382812,196.6422119140625,196.96319580078125,197.27859497070312,197.59922790527344,197.94036865234375,198.2666778564453,198.5660400390625,198.86862182617188,199.16213989257812,199.40504455566406,199.60427856445312,199.78269958496094,199.92689514160156,200.02731323242188,200.10043334960938,200.15414428710938,200.18673706054688,200.2017822265625,200.19554138183594,200.16348266601562,200.11636352539062,200.06271362304688,199.99996948242188,199.92996215820312,199.85433959960938,199.7687225341797,199.67689514160156,199.5825958251953,199.47434997558594,199.35145568847656,199.23768615722656
193.16143798828125,193.20578002929688,193.27064514160156,193.3562774658203,193.4539794921875,193.5729217529297,193.7338104248047,193.9136199951172,194.0854949951172,194.27395629882812,194.4925079345703,194.71365356445312,194.93893432617188,195.19412231445312,195.46560668945312,195.73399353027344,196.01583862304688,196.31199645996094,196.5955047607422,196.86767578125,197.14144897460938,197.39613342285156,197.61758422851562,197.8224334716797,198.008056640625,198.15573120117188,198.27423095703125,198.37437438964844,198.44769287109375,198.5021209716797,198.5503692626953,198.57730102539062,198.5775909423828,198.57273864746094,198.56414794921875,198.53660583496094,198.4954376220703,198.4486083984375,198.3944549560547,198.3434295654297,198.30323791503906,198.26007080078125,198.20571899414062,198.1510009765625
192.18313598632812,192.22593688964844,192.27346801757812,192.345458984375,192.4415283203125,192.5537567138672,192.68429565429688,192.8274688720703,192.98251342773438,193.15231323242188,193.32432556152344,193.49879455566406,193.69581604003906,193.9110107421875,194.1267547607422,194.3525848388672,194.59515380859375,194.8358154296875,195.0727996826172,195.31936645507812,195.55821228027344,195.7693634033203,195.97337341308594,196.1804962158203,196.359375,196.50576782226562,196.65196228027344,196.78892517089844,196.88577270507812,196.960693359375,197.03541564941406,197.09181213378906,197.13116455078125,197.1753692626953,197.21104431152344,197.22401428222656,197.23008728027344,197.22808837890625,197.208984375,197.19314575195312,197.19345092773438,197.20237731933594,197.2194366455078,197.2308807373047
191.41091918945312,191.43894958496094,191.47068786621094,191.53001403808594,191.6114044189453,191.70550537109375,191.80703735351562,191.91812133789062,192.0550079345703,192.20355224609375,192.33583068847656,192.47866821289062,192.656494140625,192.83314514160156,192.99989318847656,193.19290161132812,193.3985137939453,193.58456420898438,193.7775115966797,193.9951629638672,194.2003173828125,194.38418579101562,194.58009338378906,194.7796173095703,194.947021484375,195.0975799560547,195.25990295410156,195.40821838378906,195.52017211914062,195.62416076660156,195.72976684570312,195.81556701660156,195.8944549560547,195.9805908203125,196.04965209960938,196.10435485839844,196.1669921875,196.21255493164062,196.22958374023438,196.25559997558594,196.29095458984375,196.32020568847656,196.37278747558594,196.4359893798828
190.83895874023438,190.83949279785156,190.88308715820312,190.94766235351562,190.9993896484375,191.0642852783203,191.1514129638672,191.24398803710938,191.3536834716797,191.46820068359375,191.56597900390625,191.6887664794922,191.85128784179688,191.9990997314453,192.1363983154297,192.30616760253906,192.47711181640625,192.62210083007812,192.7802276611328,192.9564971923828,193.11915588378906,193.2822265625,193.4644012451172,193.64227294921875,193.80682373046875,193.97598266601562,194.14053344726562,194.27679443359375,194.39913940429688,194.53228759765625,194.65948486328125,194.7655487060547,194.8762969970703,194.9942626953125,195.0911865234375,195.1847381591797,195.2922821044922,195.37042236328125,195.41957092285156,195.4941864013672,195.5689697265625,195.60134887695312,195.64376831054688,195.71470642089844
190.4759979248047,190.43087768554688,190.47622680664062,190.5438232421875,190.56915283203125,190.60986328125,190.68861389160156,190.77017211914062,190.86129760742188,190.9568328857422,191.0386962890625,191.14430236816406,191.28045654296875,191.40187072753906,191.52415466308594,191.67202758789062,191.80657958984375,191.92617797851562,192.06468200683594,192.19956970214844,192.3206024169922,192.46510314941406,192.6229248046875,192.76698303222656,192.92514038085938,193.1048583984375,193.26467895507812,193.3997802734375,193.54019165039062,193.6835479736328,193.80796813964844,193.92138671875,194.0475616455078,194.1779022216797,194.29278564453125,194.41136169433594,194.5416259765625,194.64443969726562,194.72523498535156,194.8304443359375,194.9289093017578,194.97100830078125,194.99685668945312,195.04014587402344
190.299560546875,190.20724487304688,190.20547485351562,190.24786376953125,190.26536560058594,190.29644775390625,190.35501098632812,190.4184112548828,190.50392150878906,190.60264587402344,190.68861389160156,190.78494262695312,190.89230346679688,190.98696899414062,191.09414672851562,191.21493530273438,191.3118896484375,191.4115753173828,191.53802490234375,191.64767456054688,191.7484130859375,191.88429260253906,192.02328491210938,192.1441650390625,192.28887939453125,192.45074462890625,192.59532165527344,192.740966796875,192.89219665527344,193.0201873779297,193.13487243652344,193.25958251953125,193.38568115234375,193.5052947998047,193.62379455566406,193.74530029296875,193.8710479736328,193.99278259277344,194.10546875,194.2154541015625,194.312744140625,194.3783721923828,194.41319274902344,194.42605590820312
190.25473022460938,190.14755249023438,190.0869903564453,190.0915985107422,190.10914611816406,190.13128662109375,190.16104125976562,190.20333862304688,190.2746124267578,190.35523986816406,190.43051147460938,190.52261352539062,190.61740112304688,190.69497680664062,190.7859649658203,190.88583374023438,190.96253967285156,191.04733276367188,191.1565399169922,191.2520294189453,191.3478240966797,191.4733428955078,191.59765625,191.71678161621094,191.85714721679688,191.99534606933594,192.12457275390625,192.27365112304688,192.41346740722656,192.5179901123047,192.63441467285156,192.77081298828125,192.88284301757812,192.98562622070312,193.10836791992188,193.22354125976562,193.32440185546875,193.44265747070312,193.57005310058594,193.6769561767578,193.7707977294922,193.85975646972656,193.91441345214844,193.91900634765625
190.26596069335938,190.17515563964844,190.0959014892578,190.07460021972656,190.07228088378906,190.0719451904297,190.09266662597656,190.14044189453125,190.19607543945312,190.23670959472656,190.28213500976562,190.36392211914062,190.45460510253906,190.52627563476562,190.605224609375,190.69635009765625,190.77687072753906,190.8577880859375,190.9474639892578,191.03504943847656,191.1328125,191.2433624267578,191.35093688964844,191.47250366210938,191.6142578125,191.74545288085938,191.8743896484375,192.01878356933594,192.1420440673828,192.24148559570312,192.3636932373047,192.48941040039062,192.58029174804688,192.6779022216797,192.80718994140625,192.91891479492188,193.00308227539062,193.10263061523438,193.21730041503906,193.3214111328125,193.42054748535156,193.51296997070312,193.57180786132812,193.59617614746094
190.29031372070312,190.21536254882812,190.15472412109375,190.12496948242188,190.0916290283203,190.0741729736328,190.1109161376953,190.1768798828125,190.2271728515625,190.25955200195312,190.30377197265625,190.3748016357422,190.45498657226562,190.5291748046875,190.60540771484375,190.69009399414062,190.77842712402344,190.8638916015625,190.94485473632812,191.0348663330078,191.14340209960938,191.2537841796875,191.3608856201172,191.48385620117188,191.61886596679688,191.75079345703125,191.88681030273438,192.0216522216797,192.13909912109375,192.25436401367188,192.37559509277344,192.47816467285156,192.5668487548828,192.67279052734375,192.7886199951172,192.89138793945312,192.98695373535156,193.08285522460938,193.17611694335938,193.27423095703125,193.37545776367188,193.45382690429688,193.50448608398438,193.55511474609375
190.3750762939453,190.3115692138672,190.28146362304688,190.26510620117188,190.2383575439453,190.242431640625,190.29034423828125,190.3310089111328,190.35939025878906,190.41798400878906,190.49862670898438,190.5661163330078,190.63226318359375,190.71665954589844,190.80194091796875,190.8815155029297,190.97210693359375,191.0665283203125,191.1529541015625,191.24917602539062,191.36236572265625,191.4798126220703,191.60511779785156,191.7382354736328,191.8678741455078,192.00511169433594,192.15086364746094,192.27960205078125,192.4014129638672,192.5354766845703,192.65261840820312,192.74961853027344,192.8668975830078,192.98818969726562,193.0790252685547,193.17539978027344,193.29930114746094,193.40892028808594,193.49595642089844,193.59201049804688,193.68812561035156,193.75662231445312,193.80862426757812,193.86643981933594
190.61190795898438,190.571533203125,190.56747436523438,190.57672119140625,190.59765625,190.6517791748047,190.69854736328125,190.69065856933594,190.6878662109375,190.7622528076172,190.86473083496094,190.92677307128906,190.98121643066406,191.06768798828125,191.1560516357422,191.2335968017578,191.32571411132812,191.42587280273438,191.5193634033203,191.6184539794922,191.72378540039062,191.83580017089844,191.9712371826172,192.11500549316406,192.2495574951172,192.40061950683594,192.5633544921875,192.70309448242188,192.8419952392578,192.99319458007812,193.1162567138672,193.23162841796875,193.38314819335938,193.52090454101562,193.61924743652344,193.7440643310547,193.89675903320312,194.01998901367188,194.1272430419922,194.24087524414062,194.3337860107422,194.40582275390625,194.47454833984375,194.52728271484375
191.03436279296875,191.02540588378906,191.03836059570312,191.06239318847656,191.11532592773438,191.19729614257812,191.25369262695312,191.25851440429688,191.27194213867188,191.34176635742188,191.4252166748047,191.4775390625,191.52517700195312,191.59219360351562,191.6600341796875,191.72930908203125,191.81478881835938,191.9022674560547,191.9878692626953,192.08726501464844,192.1907958984375,192.2960968017578,192.42483520507812,192.56539916992188,192.70252990722656,192.85931396484375,193.0289764404297,193.18455505371094,193.3466796875,193.51719665527344,193.66380310058594,193.81332397460938,193.98855590820312,194.14501953125,194.2925567626953,194.47792053222656,194.65823364257812,194.80364990234375,194.96292114257812,195.1197967529297,195.22470092773438,195.31402587890625,195.40562438964844,195.4601593017578
191.60850524902344,191.6355743408203,191.675048828125,191.7122039794922,191.76486206054688,191.8386993408203,191.91732788085938,191.9916534423828,192.06153869628906,192.12454223632812,192.1790771484375,192.2277374267578,192.27389526367188,192.31663513183594,192.35870361328125,192.41282653808594,192.47792053222656,192.5376739501953,192.60133361816406,192.68910217285156,192.78878784179688,192.88912963867188,193.003173828125,193.12893676757812,193.25936889648438,193.40377807617188,193.55575561523438,193.70895385742188,193.88021850585938,194.060302734375,194.23184204101562,194.41871643066406,194.61878967285156,194.8030548095703,195.0048370361328,195.24099731445312,195.45228576660156,195.64639282226562,195.8763427734375,196.08714294433594,196.2313232421875,196.36549377441406,196.4887237548828,196.55592346191406
192.31871032714844,192.38938903808594,192.47457885742188,192.54681396484375,192.61444091796875,192.69314575195312,192.79478454589844,192.9133758544922,193.01490783691406,193.08200073242188,193.1355743408203,193.18702697753906,193.22622680664062,193.25637817382812,193.2900390625,193.3282928466797,193.36737060546875,193.40753173828125,193.45407104492188,193.51307678222656,193.58409118652344,193.66534423828125,193.7587890625,193.8646697998047,193.98309326171875,194.11000061035156,194.23727416992188,194.3750762939453,194.536376953125,194.70448303222656,194.87611389160156,195.07794189453125,195.2987060546875,195.5137481689453,195.74929809570312,196.0089569091797,196.25531005859375,196.5100555419922,196.79420471191406,197.0458526611328,197.25064086914062,197.45716857910156,197.62826538085938,197.72463989257812
