earth/public/data/atmosphere/W07/ANN-rh-isobaric-700hPa-gfs-1.0.json
{"header": {"discipline": 0, "disciplineName": "Meteorological products", "gribEdition": 2, "gribLength": 17922.0, "center": 0, "centerName": "Kiel Climate Model", "subcenter": 0, "refTime": "1", "significanceOfRT": 1, "significanceOfRTName": "Start of forecast", "productStatus": 0, "productStatusName": "Operational products", "productType": 1, "productTypeName": "Forecast products", "productDefinitionTemplate": 0, "productDefinitionTemplateName": "Analysis/forecast at horizontal level/layer at a point in time", "parameterCategory": 2, "parameterCategoryName": "Momentum", "parameterNumber": 2, "parameterNumberName": "U-component_of_wind", "parameterUnit": "%", "genProcessType": 2, "genProcessTypeName": "Forecast", "forecastTime": 0, "surface1Type": 103, "surface1TypeName": "Specified height level above ground", "surface1Value": 10, "surface2Type": 255, "surface2TypeName": "Missing", "surface2Value": 0, "gridDefinitionTemplate": 0, "gridDefinitionTemplateName": "Latitude_Longitude", "numberPoints": 65160, "shape": 6, "shapeName": "Earth spherical with radius of 6,371,229.0 m", "gridUnits": "degrees", "resolution": 48, "winds": "true", "scanMode": 0, "nx": 128.0, "ny": 64.0, "basicAngle": 0, "subDivisions": 0, "lo1": 0.0, "la1": 87.86379883923263, "lo2": 357.1875, "la2": -87.86379883923263, "dx": 2.8125, "dy": 2.7893269472772264}, "data":
[rows 0 to 18 of 64, columns 0 to 42 of 128]
0.7416386604309082,0.7421137690544128,0.7425852417945862,0.7430481314659119,0.7434982061386108,0.7439316511154175,0.7443458437919617,0.7447386980056763,0.7451087236404419,0.7454553842544556,0.7457784414291382,0.746078372001648,0.746356189250946,0.7466132640838623,0.7468513250350952,0.7470725774765015,0.7472795844078064,0.7474744319915771,0.7476606369018555,0.7478404641151428,0.7480170130729675,0.7481933236122131,0.7483726143836975,0.7485576868057251,0.7487511038780212,0.7489565014839172,0.7491757869720459,0.7494120001792908,0.7496672868728638,0.749943733215332,0.7502432465553284,0.7505674362182617,0.7509172558784485,0.7512938380241394,0.7516974806785583,0.7521283030509949,0.7525858283042908,0.7530694007873535,0.7535779476165771,0.7541095614433289,0.7546625137329102,0.7552344799041748,0.7558229565620422
0.726599931716919,0.7284934520721436,0.7301257252693176,0.7314897775650024,0.7325897216796875,0.7334393262863159,0.7340607643127441,0.7344825863838196,0.7347372174263,0.734859049320221,0.7348819971084595,0.7348375916481018,0.7347539067268372,0.7346540689468384,0.7345554828643799,0.7344708442687988,0.7344068288803101,0.7343660593032837,0.7343473434448242,0.7343471646308899,0.73436039686203,0.7343816757202148,0.7344063520431519,0.7344313859939575,0.7344558835029602,0.7344809174537659,0.734510600566864,0.7345518469810486,0.7346131801605225,0.734704852104187,0.7348386645317078,0.7350264191627502,0.735279381275177,0.7356081008911133,0.7360208034515381,0.7365235090255737,0.7371193170547485,0.7378078699111938,0.7385849952697754,0.7394437789916992,0.7403730154037476,0.7413589954376221,0.74238520860672
0.7270199060440063,0.7289188504219055,0.729954183101654,0.7301618456840515,0.72963547706604,0.7285168766975403,0.7269811630249023,0.7252200841903687,0.7234243750572205,0.7217681407928467,0.7203953266143799,0.719412088394165,0.7188816666603088,0.7188249826431274,0.719225287437439,0.7200343608856201,0.7211805582046509,0.7225791811943054,0.7241400480270386,0.7257758378982544,0.7274078130722046,0.7289702296257019,0.7304126620292664,0.7317013740539551,0.732818603515625,0.7337607145309448,0.7345362901687622,0.7351632714271545,0.7356662154197693,0.7360727190971375,0.7364121675491333,0.736712634563446,0.7369999885559082,0.7372963428497314,0.7376194000244141,0.7379828691482544,0.7383955717086792,0.7388613820075989,0.739380419254303,0.7399472594261169,0.7405521869659424,0.7411796450614929,0.7418094277381897
0.7244057655334473,0.7268599271774292,0.7275281548500061,0.7264852523803711,0.7240221500396729,0.7205880284309387,0.7167147994041443,0.7129392027854919,0.7097318768501282,0.707445502281189,0.7062861919403076,0.7063101530075073,0.7074399590492249,0.7094964981079102,0.7122382521629333,0.715400218963623,0.7187279462814331,0.7220024466514587,0.725056529045105,0.7277794480323792,0.7301169633865356,0.7320637106895447,0.733654260635376,0.7349516749382019,0.7360363602638245,0.7369941473007202,0.737906277179718,0.7388390898704529,0.739836573600769,0.7409152388572693,0.7420608401298523,0.743231475353241,0.7443613409996033,0.7453696131706238,0.7461711764335632,0.7466888427734375,0.7468634843826294,0.7466640472412109,0.7460924386978149,0.7451854944229126,0.7440115213394165,0.7426630854606628,0.7412449717521667
0.7143200635910034,0.7195921540260315,0.7211966514587402,0.7195191383361816,0.7154407501220703,0.7101161479949951,0.7047362923622131,0.7003195881843567,0.6975650787353516,0.6967843174934387,0.6979183554649353,0.7006159424781799,0.7043537497520447,0.7085626125335693,0.7127348780632019,0.7164927124977112,0.7196135520935059,0.7220175862312317,0.7237327098846436,0.7248522043228149,0.7254983186721802,0.7258020639419556,0.7258948683738708,0.7259133458137512,0.7260036468505859,0.7263222336769104,0.7270247340202332,0.7282440662384033,0.7300631999969482,0.7324873208999634,0.7354251146316528,0.7386862635612488,0.7419970035552979,0.7450328469276428,0.7474629282951355,0.7489972114562988,0.7494268417358398,0.7486519813537598,0.746692419052124,0.7436842322349548,0.7398624420166016,0.7355374693870544,0.7310658097267151
0.7168784737586975,0.7205128073692322,0.7190082669258118,0.7137179374694824,0.7064154148101807,0.6989094614982605,0.6927056908607483,0.6887637376785278,0.6873830556869507,0.6882443428039551,0.6905866861343384,0.6934744119644165,0.6960791349411011,0.6978912949562073,0.6988117694854736,0.6991052627563477,0.6992492079734802,0.6997390389442444,0.7009158134460449,0.7028679251670837,0.7054263949394226,0.7082449197769165,0.7109305262565613,0.7131815552711487,0.7148919105529785,0.7161949872970581,0.7174333930015564,0.7190649509429932,0.7215276956558228,0.7250993251800537,0.7297907471656799,0.7353024482727051,0.741065502166748,0.7463520765304565,0.7504351735115051,0.7527496814727783,0.7530090808868408,0.7512493133544922,0.7477888464927673,0.7431248426437378,0.7378039360046387,0.7323119044303894,0.7270131707191467
0.7177543044090271,0.7146811485290527,0.7105778455734253,0.7066640257835388,0.7037357091903687,0.7022530436515808,0.7023869752883911,0.7039631605148315,0.7063822150230408,0.7086561918258667,0.7096467614173889,0.7084581255912781,0.704822301864624,0.6992900371551514,0.6931211948394775,0.6879040598869324,0.685058057308197,0.6854078769683838,0.6889733672142029,0.6950166821479797,0.7022985219955444,0.7094355821609497,0.7152501344680786,0.719036340713501,0.7206963896751404,0.7207414507865906,0.7201641201972961,0.7202036380767822,0.7220422029495239,0.7264842987060547,0.7336955070495605,0.7430781126022339,0.7533437013626099,0.7627911567687988,0.7697312831878662,0.7729408144950867,0.7720004320144653,0.7674031853675842,0.7603926658630371,0.7525874376296997,0.745514988899231,0.7402086853981018,0.7369874119758606
0.6884313821792603,0.688506543636322,0.6962379217147827,0.7085896730422974,0.721814751625061,0.7330812215805054,0.7411843538284302,0.7461980581283569,0.7485513091087341,0.748283863067627,0.7449773550033569,0.7383196353912354,0.7288113236427307,0.7180550694465637,0.7083796262741089,0.7019981741905212,0.7001714706420898,0.7028011083602905,0.7085942625999451,0.7156336307525635,0.7220401167869568,0.7264580726623535,0.7282584309577942,0.7275117635726929,0.7248490452766418,0.7213108539581299,0.7182188630104065,0.7170361280441284,0.7191582322120667,0.7255973815917969,0.7366068363189697,0.751375138759613,0.7679681181907654,0.7836415767669678,0.7955019474029541,0.8013222813606262,0.8002105951309204,0.7928664684295654,0.7813332676887512,0.7683643102645874,0.75666344165802,0.7482626438140869,0.7441793084144592
0.6733976006507874,0.6901266574859619,0.7167962789535522,0.7438393235206604,0.762971818447113,0.7705389261245728,0.7681225538253784,0.7604138255119324,0.7519449591636658,0.7447892427444458,0.7384302020072937,0.7314239740371704,0.7233375906944275,0.7155131101608276,0.710268497467041,0.7093251943588257,0.7126652598381042,0.7185425758361816,0.7244668006896973,0.7284085750579834,0.7295149564743042,0.7281079888343811,0.7251995801925659,0.721919596195221,0.7191351652145386,0.7173528671264648,0.7168546915054321,0.7179576754570007,0.7212211489677429,0.7274129390716553,0.7371378540992737,0.7502539753913879,0.7654305100440979,0.780212938785553,0.7917194962501526,0.7976847887039185,0.7972974181175232,0.7913663983345032,0.7817448377609253,0.7704192996025085,0.7588750123977661,0.748111367225647,0.7391518950462341
0.7104381322860718,0.7355610728263855,0.7641708254814148,0.784450888633728,0.78812175989151,0.7746437191963196,0.7511360049247742,0.727958083152771,0.7128196358680725,0.7072588801383972,0.7074941992759705,0.7084140181541443,0.7074124217033386,0.7054085731506348,0.7049570083618164,0.7075567841529846,0.712428092956543,0.7173599004745483,0.7204698324203491,0.7212966084480286,0.7206056714057922,0.7194913029670715,0.7187048196792603,0.7185854315757751,0.7192763090133667,0.720785915851593,0.722882866859436,0.7251497507095337,0.7273712754249573,0.7299330830574036,0.7337163090705872,0.7393532991409302,0.7463767528533936,0.7530509233474731,0.7572299242019653,0.7577582597732544,0.7554051280021667,0.7525297403335571,0.751514196395874,0.7529200911521912,0.7547208070755005,0.7534371018409729,0.7467314004898071
0.7368175983428955,0.7486116886138916,0.7608355283737183,0.7658957242965698,0.7578140497207642,0.7370303869247437,0.7114282846450806,0.6919039487838745,0.6854085922241211,0.6908769011497498,0.7011492848396301,0.7088691592216492,0.7112341523170471,0.7101380228996277,0.7087265849113464,0.7082386016845703,0.7078288793563843,0.7066457271575928,0.7053939700126648,0.7056856155395508,0.7081059217453003,0.7112321853637695,0.7127209901809692,0.7113818526268005,0.7081938982009888,0.7053443193435669,0.7043429613113403,0.7050766944885254,0.7065919637680054,0.7085694074630737,0.7118130922317505,0.7171858549118042,0.7241361141204834,0.7304351329803467,0.7335812449455261,0.7327714562416077,0.7299028038978577,0.7288552522659302,0.7334043383598328,0.7447643280029297,0.7600752711296082,0.7731399536132812,0.7777735590934753
0.7154416441917419,0.707204282283783,0.7042717933654785,0.7051411867141724,0.7037540078163147,0.6957930326461792,0.6837441921234131,0.6751177310943604,0.6754323244094849,0.683213472366333,0.6919217109680176,0.696204662322998,0.6957395672798157,0.693398118019104,0.690941333770752,0.6874963641166687,0.6820285320281982,0.676171064376831,0.6736204624176025,0.6765022277832031,0.6826423406600952,0.6867921948432922,0.6848434209823608,0.6771780252456665,0.6682101488113403,0.6627107262611389,0.6622961163520813,0.6651018261909485,0.6685898303985596,0.672490656375885,0.6788651347160339,0.6893438696861267,0.7026531100273132,0.7152324914932251,0.7242843508720398,0.7299222350120544,0.7343743443489075,0.7397283315658569,0.7469415664672852,0.7563908100128174,0.7678645253181458,0.7792823314666748,0.7865622043609619
0.6878766417503357,0.6734681129455566,0.6687541007995605,0.6745561361312866,0.6823709011077881,0.683188796043396,0.676515519618988,0.6694740056991577,0.6678209900856018,0.6699522137641907,0.6702917814254761,0.6665677428245544,0.661584734916687,0.6581869125366211,0.6548863649368286,0.648057222366333,0.6376475095748901,0.6287983655929565,0.6269519925117493,0.6319764852523804,0.6379453539848328,0.6387171149253845,0.6333746910095215,0.6263846755027771,0.6230921149253845,0.6252385973930359,0.6302524209022522,0.6343596577644348,0.636651873588562,0.6405798196792603,0.6510867476463318,0.6693296432495117,0.6901222467422485,0.7056950330734253,0.7129030227661133,0.7162269353866577,0.7226411700248718,0.7337489128112793,0.7442725300788879,0.7484990954399109,0.7464587688446045,0.7423922419548035,0.7386741042137146
0.6589576601982117,0.6595064997673035,0.6691139936447144,0.684296727180481,0.6935849189758301,0.6896194815635681,0.67795330286026,0.670580267906189,0.6717785596847534,0.6739644408226013,0.668104350566864,0.6545956134796143,0.6410842537879944,0.6315522193908691,0.6217037439346313,0.6061344742774963,0.587051510810852,0.5729516744613647,0.5690482258796692,0.5715318918228149,0.5725152492523193,0.5692166686058044,0.566217839717865,0.5687499046325684,0.5758422017097473,0.5814091563224792,0.581104040145874,0.5767818689346313,0.574977695941925,0.5826484560966492,0.6036386489868164,0.6359503269195557,0.6704667210578918,0.6945933699607849,0.7012070417404175,0.6952738165855408,0.689481794834137,0.6916327476501465,0.6975224614143372,0.6976344585418701,0.6889979839324951,0.6773119568824768,0.6682246923446655
0.6243962645530701,0.6458512544631958,0.672458827495575,0.6945428848266602,0.6991843581199646,0.6852574944496155,0.6680595278739929,0.6635918617248535,0.670036792755127,0.6701329946517944,0.6520110368728638,0.622330367565155,0.5965343713760376,0.5807242393493652,0.5678693056106567,0.55005943775177,0.5290530920028687,0.5128536224365234,0.5049422979354858,0.5005159378051758,0.493841290473938,0.48664093017578125,0.48605650663375854,0.49412935972213745,0.5027564764022827,0.5021306276321411,0.49281778931617737,0.4858708381652832,0.49073708057403564,0.5065458416938782,0.5268375277519226,0.5491980910301208,0.5756959915161133,0.6045106053352356,0.6265683174133301,0.6341383457183838,0.630462110042572,0.6264210343360901,0.627780020236969,0.6301223635673523,0.6276217103004456,0.6219471096992493,0.6188181042671204
0.6113534569740295,0.6271889209747314,0.6445026397705078,0.6561668515205383,0.6524500250816345,0.6361009478569031,0.6235632300376892,0.6260817646980286,0.6337805986404419,0.6257486343383789,0.595064103603363,0.556666374206543,0.5294859409332275,0.5178226828575134,0.5129320621490479,0.5060929656028748,0.4948942959308624,0.48064833879470825,0.46512946486473083,0.44946348667144775,0.43418967723846436,0.42099159955978394,0.4137732684612274,0.414961040019989,0.4209420382976532,0.42547279596328735,0.4285792410373688,0.4372189939022064,0.45383813977241516,0.46774962544441223,0.4637265205383301,0.44073474407196045,0.41824477910995483,0.41902729868888855,0.44560080766677856,0.4787174463272095,0.5009984970092773,0.5155676007270813,0.5357790589332581,0.5627903938293457,0.5836578607559204,0.5902358889579773,0.5895854234695435
0.5793737173080444,0.5641905069351196,0.5513523817062378,0.5438243746757507,0.5381984710693359,0.535338282585144,0.5415777564048767,0.5570987462997437,0.5687786340713501,0.5625327229499817,0.5409299731254578,0.5198014974594116,0.5084080100059509,0.5031785368919373,0.5000211000442505,0.49906450510025024,0.4950703978538513,0.47780078649520874,0.4476204812526703,0.4184332489967346,0.3991299867630005,0.38366252183914185,0.36644643545150757,0.35675692558288574,0.3677646517753601,0.3966619372367859,0.42455005645751953,0.43539324402809143,0.429643839597702,0.41724225878715515,0.40077248215675354,0.3732031285762787,0.33586645126342773,0.30896809697151184,0.31175827980041504,0.3379175066947937,0.3666772246360779,0.3949783742427826,0.4382619857788086,0.4975581467151642,0.5474162101745605,0.565787136554718,0.5607108473777771
0.48866862058639526,0.46426311135292053,0.44284385442733765,0.43092426657676697,0.429574191570282,0.4374147653579712,0.4522286653518677,0.469451367855072,0.4810677766799927,0.4829975664615631,0.48284247517585754,0.48944997787475586,0.4960169792175293,0.48929303884506226,0.47416621446609497,0.4673844277858734,0.4657886326313019,0.44705042243003845,0.40771815180778503,0.3732217252254486,0.3597535789012909,0.352054238319397,0.3341304361820221,0.3211232125759125,0.34084153175354004,0.39175179600715637,0.43417391180992126,0.42680126428604126,0.37137073278427124,0.3166326880455017,0.3084818124771118,0.3396804630756378,0.3661324083805084,0.36821249127388,0.3669075071811676,0.37885624170303345,0.39366862177848816,0.4066831171512604,0.43584829568862915,0.4868059754371643,0.5319980382919312,0.5447913408279419,0.5328136682510376
0.413823664188385,0.4111062288284302,0.4039708375930786,0.3949641287326813,0.3877357244491577,0.3832104206085205,0.3800712823867798,0.37869641184806824,0.37839654088020325,0.3773326575756073,0.3807432949542999,0.3952547609806061,0.409868061542511,0.40456512570381165,0.38399145007133484,0.3744262456893921,0.37990841269493103,0.37444743514060974,0.347623735666275,0.32266178727149963,0.3161448538303375,0.31342992186546326,0.30000248551368713,0.2900031507015228,0.307916522026062,0.3574041724205017,0.4131283164024353,0.4346408545970917,0.40053656697273254,0.3423529863357544,0.32285723090171814,0.363985538482666,0.42573341727256775,0.4721895158290863,0.5143256783485413,0.5636498928070068,0.5955916047096252,0.5931522250175476,0.5801533460617065,0.5788546800613403,0.576470136642456,0.5581263303756714,0.5341963768005371
