earth/public/data/atmosphere/W07/ANN-wind-isobaric-500hPa-gfs-1.0.json
{"header": {"discipline": 0, "disciplineName": "Meteorological products", "gribEdition": 2, "gribLength": 17922.0, "center": 0, "centerName": "Kiel Climate Model", "subcenter": 0, "refTime": "1", "significanceOfRT": 1, "significanceOfRTName": "Start of forecast", "productStatus": 0, "productStatusName": "Operational products", "productType": 1, "productTypeName": "Forecast products", "productDefinitionTemplate": 0, "productDefinitionTemplateName": "Analysis/forecast at horizontal level/layer at a point in time", "parameterCategory": 2, "parameterCategoryName": "Momentum", "parameterNumber": 2, "parameterNumberName": "U-component_of_wind", "parameterUnit": "m/s", "genProcessType": 2, "genProcessTypeName": "Forecast", "forecastTime": 0, "surface1Type": 103, "surface1TypeName": "Specified height level above ground", "surface1Value": 10, "surface2Type": 255, "surface2TypeName": "Missing", "surface2Value": 0, "gridDefinitionTemplate": 0, "gridDefinitionTemplateName": "Latitude_Longitude", "numberPoints": 65160, "shape": 6, "shapeName": "Earth spherical with radius of 6,371,229.0 m", "gridUnits": "degrees", "resolution": 48, "winds": "true", "scanMode": 0, "nx": 128.0, "ny": 64.0, "basicAngle": 0, "subDivisions": 0, "lo1": 0.0, "la1": 87.86379883923263, "lo2": 357.1875, "la2": -87.86379883923263, "dx": 2.8125, "dy": 2.7893269472772264}, "data":
[rows 0 to 18 of 64, columns 43 to 85 of 128]
0.062109142541885376,0.03625008091330528,0.011118761263787746,-0.013508223928511143,-0.037882570177316666,-0.06233698129653931,-0.08724437654018402,-0.11301147937774658,-0.14006388187408447,-0.16888761520385742,-0.19994588196277618,-0.23371700942516327,-0.27069586515426636,-0.31130069494247437,-0.35596799850463867,-0.40503865480422974,-0.4588342308998108,-0.5175661444664001,-0.5814073085784912,-0.6504398584365845,-0.7246229648590088,-0.8038671016693115,-0.887966513633728,-0.9766489863395691,-1.0695557594299316,-1.1662360429763794,-1.2661939859390259,-1.368855357170105,-1.4736053943634033,-1.579795002937317,-1.6867132186889648,-1.7936625480651855,-1.8999018669128418,-2.004697799682617,-2.1073248386383057,-2.2070515155792236,-2.3031563758850098,-2.3949522972106934,-2.4817471504211426,-2.56291127204895,-2.6378254890441895,-2.705859661102295,-2.7665066719055176
-0.5888600945472717,-0.594322144985199,-0.5911359786987305,-0.5787500739097595,-0.5569191575050354,-0.525800347328186,-0.48596230149269104,-0.43844538927078247,-0.3847246766090393,-0.32668593525886536,-0.26657670736312866,-0.20688286423683167,-0.15024437010288239,-0.09930247068405151,-0.05659235268831253,-0.02440892532467842,-0.0046572997234761715,0.001163188717328012,-0.007874742150306702,-0.03219293802976608,-0.07164785265922546,-0.12559495866298676,-0.19297011196613312,-0.2723325788974762,-0.3620062470436096,-0.4601869285106659,-0.5650018453598022,-0.6746792793273926,-0.7875319719314575,-0.9020789861679077,-1.0170345306396484,-1.1313762664794922,-1.244274377822876,-1.3551077842712402,-1.4634307622909546,-1.5689254999160767,-1.6713775396347046,-1.7706104516983032,-1.8664861917495728,-1.958805799484253,-2.0473849773406982,-2.131897211074829,-2.212002754211426
-0.012944240123033524,-0.027350157499313354,-0.033413637429475784,-0.028219623491168022,-0.009186746552586555,0.02572796680033207,0.07775155454874039,0.147083580493927,0.23274961113929749,0.3324778079986572,0.4426898658275604,0.5586420297622681,0.67472243309021,0.7848189473152161,0.8827966451644897,0.9631713628768921,1.021494746208191,1.0549205541610718,1.0624176263809204,1.0448905229568481,1.0049793720245361,0.9467902779579163,0.8753623962402344,0.7961182594299316,0.7142823338508606,0.6343536376953125,0.5597907900810242,0.492788165807724,0.4342055022716522,0.38377922773361206,0.3402465283870697,0.3017585575580597,0.2661081850528717,0.23104746639728546,0.1945277601480484,0.15482203662395477,0.11062639951705933,0.0610855408012867,0.00577272055670619,-0.05535081401467323,-0.12196604907512665,-0.19347402453422546,-0.2689567804336548
0.5845797061920166,0.6048592925071716,0.6272292733192444,0.6516039371490479,0.6783509850502014,0.7087359428405762,0.7451636791229248,0.7909173965454102,0.849598228931427,0.9241049289703369,1.0155080556869507,1.1221685409545898,1.239170789718628,1.3585829734802246,1.4703532457351685,1.5638920068740845,1.629969596862793,1.6624873876571655,1.6598289012908936,1.6253433227539062,1.5669597387313843,1.4958775043487549,1.4247273206710815,1.3654032945632935,1.3273098468780518,1.3159217834472656,1.3323330879211426,1.3734303712844849,1.4328219890594482,1.5021920204162598,1.5727417469024658,1.6364483833312988,1.6870875358581543,1.720645546913147,1.7353792190551758,1.7314553260803223,1.7103432416915894,1.674220085144043,1.6253342628479004,1.5656366348266602,1.496595859527588,1.4192724227905273,1.334529995918274
0.6746857762336731,0.7575801610946655,0.8583837151527405,0.9644245505332947,1.06186842918396,1.1391621828079224,1.1902350187301636,1.2165862321853638,1.2273054122924805,1.2369314432144165,1.2614485025405884,1.3135993480682373,1.3986796140670776,1.5122531652450562,1.6406729221343994,1.7642769813537598,1.8624635934829712,1.9193029403686523,1.9279853105545044,1.8929332494735718,1.8289047479629517,1.7575603723526,1.7023628950119019,1.683323860168457,1.7128090858459473,1.7935268878936768,1.9187235832214355,2.0745372772216797,2.2434275150299072,2.4079720973968506,2.5539448261260986,2.6722826957702637,2.759589672088623,2.817470073699951,2.8509438037872314,2.8666839599609375,2.8711111545562744,2.869117259979248,2.863189220428467,2.853236436843872,2.8368940353393555,2.8101742267608643,2.7685675621032715
0.9371008276939392,0.9827694296836853,1.0870112180709839,1.2343865633010864,1.3992960453033447,1.5515979528427124,1.6646605730056763,1.7233171463012695,1.729129672050476,1.700656533241272,1.668054461479187,1.6632550954818726,1.7090575695037842,1.810858130455017,1.9542750120162964,2.109490394592285,2.241079330444336,2.319659471511841,2.3314285278320312,2.2823829650878906,2.196082830429077,2.1061999797821045,2.0466010570526123,2.0424156188964844,2.1045615673065186,2.2289929389953613,2.400122880935669,2.5967140197753906,2.7981925010681152,2.9894204139709473,3.1629509925842285,3.3185906410217285,3.4610838890075684,3.5968310832977295,3.731020927429199,3.8657166957855225,3.999450922012329,4.127979755401611,4.245541095733643,4.346172332763672,4.424521446228027,4.475870132446289,4.495809555053711
1.581133246421814,1.4753739833831787,1.434268593788147,1.4694769382476807,1.5748040676116943,1.724949836730957,1.8817412853240967,2.0066094398498535,2.0749683380126953,2.086165428161621,2.0639874935150146,2.046567678451538,2.069607973098755,2.1502301692962646,2.2790329456329346,2.423712730407715,2.542689085006714,2.6022253036499023,2.5895681381225586,2.5169174671173096,2.4156150817871094,2.3239591121673584,2.274322271347046,2.2846052646636963,2.3562171459198,2.478050947189331,2.6337530612945557,2.8088533878326416,2.9953842163085938,3.1929850578308105,3.4069254398345947,3.6441211700439453,3.908918619155884,4.1997151374816895,4.507573127746582,4.816946506500244,5.108631610870361,5.363884925842285,5.5687150955200195,5.7168965339660645,5.810657024383545,5.858449459075928,5.870757102966309
2.3691318035125732,2.1617119312286377,1.9485546350479126,1.7671407461166382,1.6526161432266235,1.6219998598098755,1.6648155450820923,1.7468054294586182,1.826452612876892,1.8762632608413696,1.8963375091552734,1.9118306636810303,1.9556453227996826,2.0468878746032715,2.1781842708587646,2.319120168685913,2.4328227043151855,2.4951751232147217,2.5057101249694824,2.485189914703369,2.4632277488708496,2.464207887649536,2.4990479946136475,2.565784215927124,2.656426191329956,2.7649476528167725,2.891704797744751,3.0429344177246094,3.226726770401001,3.448781728744507,3.7101380825042725,4.007561683654785,4.335158348083496,4.685494899749756,5.0492706298828125,5.413926601409912,5.762936115264893,6.077136039733887,6.338451385498047,6.534902572631836,6.664583206176758,6.736501693725586,6.767324447631836
3.391904830932617,3.182084321975708,2.899080514907837,2.5496277809143066,2.1758365631103516,1.8383567333221436,1.5861679315567017,1.4336955547332764,1.361578106880188,1.339679479598999,1.352787733078003,1.408705472946167,1.523533582687378,1.698616623878479,1.9096124172210693,2.117112159729004,2.29021954536438,2.4244000911712646,2.540651798248291,2.667771816253662,2.8213744163513184,2.994502544403076,3.164367914199829,3.309279680252075,3.42354154586792,3.5212249755859375,3.6277763843536377,3.7654263973236084,3.94167423248291,4.147024154663086,4.362761497497559,4.573732852935791,4.778654098510742,4.992088794708252,5.2370476722717285,5.532333850860596,5.881264686584473,6.267479419708252,6.659221172332764,7.019600868225098,7.317734718322754,7.53685998916626,7.677059173583984
4.506015777587891,4.224274635314941,3.916182041168213,3.5158302783966064,3.0142202377319336,2.471782922744751,1.9798202514648438,1.6049346923828125,1.3630504608154297,1.2380436658859253,1.217501163482666,1.3067874908447266,1.5098204612731934,1.8018314838409424,2.1266698837280273,2.4264159202575684,2.678245782852173,2.9064080715179443,3.159121036529541,3.4696147441864014,3.831162691116333,4.201940059661865,4.53209924697876,4.7917280197143555,4.982053756713867,5.126477241516113,5.251063823699951,5.367513656616211,5.4681501388549805,5.534057140350342,5.551307201385498,5.5263261795043945,5.492151260375977,5.501087188720703,5.606161117553711,5.839495658874512,6.198792457580566,6.648540019989014,7.134562969207764,7.60275411605835,8.012205123901367,8.338676452636719,8.571928977966309
5.382213115692139,4.900754451751709,4.523606777191162,4.143575668334961,3.6897921562194824,3.1877763271331787,2.7269768714904785,2.3796839714050293,2.157086133956909,2.0370147228240967,2.0168144702911377,2.1246728897094727,2.3781938552856445,2.7422192096710205,3.1382110118865967,3.500584602355957,3.8254430294036865,4.166182041168213,4.5825114250183105,5.090359687805176,5.651965618133545,6.205704212188721,6.703469753265381,7.126514911651611,7.475738048553467,7.7525811195373535,7.948546409606934,8.048151016235352,8.039694786071777,7.925124645233154,7.724990367889404,7.478762149810791,7.241298198699951,7.074281692504883,7.0311279296875,7.1387939453125,7.3860602378845215,7.728155612945557,8.107789993286133,8.480224609375,8.825554847717285,9.141705513000488,9.426507949829102
6.327202320098877,5.708416938781738,5.286226272583008,4.957779884338379,4.621987819671631,4.2807230949401855,4.008854866027832,3.8503808975219727,3.773613452911377,3.7299630641937256,3.7310032844543457,3.844454050064087,4.115819454193115,4.511440753936768,4.948835372924805,5.377556324005127,5.820992469787598,6.339362621307373,6.959951400756836,7.647171974182129,8.333955764770508,8.972557067871094,9.553388595581055,10.082802772521973,10.551868438720703,10.928925514221191,11.177961349487305,11.281907081604004,11.250991821289062,11.113147735595703,10.89712142944336,10.622075080871582,10.301949501037598,9.960341453552246,9.640610694885254,9.397432327270508,9.273038864135742,9.277515411376953,9.389891624450684,9.577187538146973,9.813871383666992,10.087535858154297,10.390867233276367
7.872503280639648,7.301774024963379,6.934028148651123,6.6642327308654785,6.390381813049316,6.1327104568481445,5.979068279266357,5.953207015991211,5.986078262329102,6.0158891677856445,6.075348377227783,6.254889011383057,6.596147060394287,7.050204753875732,7.5435285568237305,8.062010765075684,8.652129173278809,9.346080780029297,10.105013847351074,10.84385871887207,11.503134727478027,12.085836410522461,12.625844955444336,13.132177352905273,13.571928024291992,13.902022361755371,14.107342720031738,14.206653594970703,14.23046588897705,14.198500633239746,14.109115600585938,13.937873840332031,13.646879196166992,13.211226463317871,12.650634765625,12.038119316101074,11.473380088806152,11.0426025390625,10.792754173278809,10.72594928741455,10.805481910705566,10.973896026611328,11.185792922973633
10.02049732208252,9.60079574584961,9.322256088256836,9.062620162963867,8.760734558105469,8.501852989196777,8.398191452026367,8.44820785522461,8.561535835266113,8.692904472351074,8.895526885986328,9.236674308776855,9.70358657836914,10.222319602966309,10.751789093017578,11.324151039123535,11.983634948730469,12.707282066345215,13.406180381774902,14.00374698638916,14.498716354370117,14.945125579833984,15.377532958984375,15.768046379089355,16.060712814331055,16.237525939941406,16.33530044555664,16.39733123779297,16.426576614379883,16.397113800048828,16.2954044342041,16.126136779785156,15.880027770996094,15.521079063415527,15.017701148986816,14.376983642578125,13.647054672241211,12.906257629394531,12.258621215820312,11.80999755859375,11.608922958374023,11.607400894165039,11.709488868713379
12.359198570251465,12.141668319702148,11.952710151672363,11.683545112609863,11.376980781555176,11.195734977722168,11.221912384033203,11.381155967712402,11.57581615447998,11.813157081604004,12.16057300567627,12.622962951660156,13.123661041259766,13.6005277633667,14.074053764343262,14.598891258239746,15.171695709228516,15.716222763061523,16.156871795654297,16.485694885253906,16.752853393554688,17.00514793395996,17.23926544189453,17.40947914123535,17.481340408325195,17.47934341430664,17.467491149902344,17.471752166748047,17.440608978271484,17.30752182006836,17.078413009643555,16.82270050048828,16.583494186401367,16.332868576049805,16.014108657836914,15.582420349121094,14.997800827026367,14.242247581481934,13.393926620483398,12.648039817810059,12.196819305419922,12.079886436462402,12.189718246459961
14.349610328674316,14.395533561706543,14.371661186218262,14.219852447509766,14.093910217285156,14.169615745544434,14.41189193725586,14.657502174377441,14.859051704406738,15.11466121673584,15.483550071716309,15.891691207885742,16.240276336669922,16.529876708984375,16.831575393676758,17.16605567932129,17.462379455566406,17.64501953125,17.722192764282227,17.755956649780273,17.7724666595459,17.746469497680664,17.660179138183594,17.528902053833008,17.37374496459961,17.213695526123047,17.078126907348633,16.978235244750977,16.871334075927734,16.705656051635742,16.496841430664062,16.301834106445312,16.12119483947754,15.897358894348145,15.61268424987793,15.302250862121582,14.943543434143066,14.430413246154785,13.728056907653809,12.993678092956543,12.463518142700195,12.24781608581543,12.301300048828125
15.658772468566895,15.940935134887695,16.15828514099121,16.27959442138672,16.48090171813965,16.859100341796875,17.241519927978516,17.45171356201172,17.572521209716797,17.776811599731445,18.054290771484375,18.2629451751709,18.347318649291992,18.375980377197266,18.406715393066406,18.400354385375977,18.276023864746094,18.025989532470703,17.741418838500977,17.496929168701172,17.24889373779297,16.91454315185547,16.518632888793945,16.167865753173828,15.897013664245605,15.644033432006836,15.37668228149414,15.138073921203613,14.957388877868652,14.81757926940918,14.722508430480957,14.688213348388672,14.652243614196777,14.510986328125,14.27597713470459,14.070568084716797,13.926666259765625,13.709240913391113,13.309462547302246,12.804255485534668,12.348467826843262,12.011695861816406,11.819028854370117
16.30806541442871,16.757837295532227,17.220914840698242,17.604907989501953,18.034317016601562,18.53791046142578,18.88321304321289,18.968713760375977,19.010578155517578,19.158016204833984,19.27182960510254,19.208866119384766,19.019765853881836,18.78162956237793,18.471010208129883,18.050777435302734,17.534852981567383,16.967403411865234,16.41048812866211,15.900435447692871,15.389663696289062,14.820550918579102,14.255825996398926,13.81728744506836,13.5012845993042,13.191814422607422,12.85713005065918,12.587007522583008,12.423072814941406,12.306546211242676,12.220234870910645,12.222918510437012,12.30360221862793,12.362183570861816,12.379551887512207,12.443424224853516,12.556415557861328,12.587179183959961,12.470308303833008,12.288326263427734,12.091693878173828,11.811161994934082,11.451825141906738
16.224533081054688,16.885265350341797,17.577049255371094,18.068737030029297,18.494140625,18.93444061279297,19.157934188842773,19.127490997314453,19.12166404724121,19.182226181030273,19.057626724243164,18.705753326416016,18.298660278320312,17.82785987854004,17.171419143676758,16.39974594116211,15.665268898010254,14.961953163146973,14.22337818145752,13.480509757995605,12.783149719238281,12.12607192993164,11.525565147399902,11.029716491699219,10.62303638458252,10.248591423034668,9.935859680175781,9.773018836975098,9.736512184143066,9.696463584899902,9.625146865844727,9.640337944030762,9.798240661621094,10.019686698913574,10.265220642089844,10.586186408996582,10.954758644104004,11.248291969299316,11.448068618774414,11.648679733276367,11.82701587677002,11.807744979858398,11.532785415649414
