earth/public/data/atmosphere/W07/ANN-wind-isobaric-500hPa-gfs-1.0.json
{"header": {"discipline": 0, "disciplineName": "Meteorological products", "gribEdition": 2, "gribLength": 17922.0, "center": 0, "centerName": "Kiel Climate Model", "subcenter": 0, "refTime": "1", "significanceOfRT": 1, "significanceOfRTName": "Start of forecast", "productStatus": 0, "productStatusName": "Operational products", "productType": 1, "productTypeName": "Forecast products", "productDefinitionTemplate": 0, "productDefinitionTemplateName": "Analysis/forecast at horizontal level/layer at a point in time", "parameterCategory": 2, "parameterCategoryName": "Momentum", "parameterNumber": 2, "parameterNumberName": "V-component_of_wind", "parameterUnit": "m/s", "genProcessType": 2, "genProcessTypeName": "Forecast", "forecastTime": 0, "surface1Type": 103, "surface1TypeName": "Specified height level above ground", "surface1Value": 10, "surface2Type": 255, "surface2TypeName": "Missing", "surface2Value": 0, "gridDefinitionTemplate": 0, "gridDefinitionTemplateName": "Latitude_Longitude", "numberPoints": 65160, "shape": 6, "shapeName": "Earth spherical with radius of 6,371,229.0 m", "gridUnits": "degrees", "resolution": 48, "winds": "true", "scanMode": 0, "nx": 128.0, "ny": 64.0, "basicAngle": 0, "subDivisions": 0, "lo1": 0.0, "la1": 87.86379883923263, "lo2": 357.1875, "la2": -87.86379883923263, "dx": 2.8125, "dy": 2.7893269472772264}, "data":
[rows 0 to 18 of 64, columns 84 to 125 of 128]
-0.037202801555395126,0.07492716610431671,0.18903937935829163,0.3050001561641693,0.4226440489292145,0.5417746901512146,0.6621412634849548,0.783465564250946,0.9054110050201416,1.0275936126708984,1.1496031284332275,1.2709494829177856,1.3911106586456299,1.5095233917236328,1.62558114528656,1.738635540008545,1.8480031490325928,1.952974796295166,2.0528323650360107,2.1468310356140137,2.234220504760742,2.3142662048339844,2.3862390518188477,2.4494383335113525,2.50319242477417,2.546879768371582,2.5799334049224854,2.6018524169921875,2.612211227416992,2.6106748580932617,2.5970165729522705,2.5710935592651367,2.5328876972198486,2.482508897781372,2.4201717376708984,2.346229076385498,2.2611429691314697,2.1655075550079346,2.060025691986084,1.945511817932129,1.8228745460510254,1.6930954456329346
-0.8354871869087219,-0.7677767872810364,-0.691153883934021,-0.6053513884544373,-0.5102498531341553,-0.4058522582054138,-0.2923280596733093,-0.16997303068637848,-0.03921005129814148,0.09941723197698593,0.2452312707901001,0.39745038747787476,0.5551596879959106,0.717354953289032,0.8829420208930969,1.0507292747497559,1.2194530963897705,1.3877958059310913,1.5543979406356812,1.7178810834884644,1.876842975616455,2.0298616886138916,2.1755611896514893,2.3125407695770264,2.439408302307129,2.554800510406494,2.6573307514190674,2.7456459999084473,2.8183658123016357,2.8741636276245117,2.911733627319336,2.9298548698425293,2.927405595779419,2.9034509658813477,2.8573060035705566,2.78857159614563,2.697242259979248,2.583756923675537,2.449052095413208,2.2945914268493652,2.1223702430725098,1.934883713722229
-1.4076356887817383,-1.3344000577926636,-1.2450343370437622,-1.1401088237762451,-1.020297646522522,-0.8863231539726257,-0.7389268279075623,-0.5788778066635132,-0.40701207518577576,-0.2243003100156784,-0.03187761455774307,0.16886526346206665,0.3762601912021637,0.5883064270019531,0.8026946187019348,1.0168505907058716,1.228000521659851,1.43326735496521,1.6298123598098755,1.814978003501892,1.9864369630813599,2.1423330307006836,2.2813682556152344,2.402878522872925,2.506859540939331,2.593881845474243,2.664987802505493,2.7214748859405518,2.7646901607513428,2.7957634925842285,2.815319538116455,2.8233189582824707,2.818890333175659,2.800337553024292,2.765221118927002,2.71060848236084,2.6334099769592285,2.5308010578155518,2.4006738662719727,2.242069721221924,2.0554699897766113,1.843064785003662
-1.426188349723816,-1.3495374917984009,-1.2568777799606323,-1.1486421823501587,-1.024850845336914,-0.8851399421691895,-0.7287703156471252,-0.5547918677330017,-0.36226463317871094,-0.15050476789474487,0.08061778545379639,0.3303844630718231,0.59703129529953,0.8775872588157654,1.1678401231765747,1.4624184370040894,1.7549724578857422,2.0384433269500732,2.3053994178771973,2.548405170440674,2.760455369949341,2.9354379177093506,3.0685667991638184,3.1568655967712402,3.1995911598205566,3.1984684467315674,3.1577892303466797,3.0842082500457764,2.9861860275268555,2.873180627822876,2.7545878887176514,2.638580560684204,2.5310492515563965,2.434805154800415,2.349191427230835,2.270219087600708,2.191164016723633,2.103621482849121,1.9988336563110352,1.8691086769104004,1.7090972661972046,1.5167349576950073
-1.2967941761016846,-1.2994105815887451,-1.2864917516708374,-1.2561724185943604,-1.2063132524490356,-1.134474277496338,-1.0378566980361938,-0.9133942127227783,-0.7578545212745667,-0.5682727694511414,-0.3424379229545593,-0.07948429882526398,0.21951143443584442,0.5511994361877441,0.9099041223526001,1.2878743410110474,1.6758259534835815,2.0634777545928955,2.4400501251220703,2.7944774627685547,3.115466594696045,3.391563653945923,3.611367702484131,3.764281988143921,3.8417105674743652,3.838623523712158,3.7551419734954834,3.5975751876831055,3.3786463737487793,3.116421699523926,2.832249164581299,2.547858715057373,2.2823727130889893,2.0497071743011475,1.856992244720459,1.7041826248168945,1.5849061012268066,1.4881834983825684,1.4007012844085693,1.3090765476226807,1.201930284500122,1.0714093446731567
-1.2146408557891846,-1.3173906803131104,-1.3974299430847168,-1.4510468244552612,-1.4755165576934814,-1.4691011905670166,-1.4305565357208252,-1.3584192991256714,-1.2503621578216553,-1.1028858423233032,-0.9118363857269287,-0.6736166477203369,-0.38675907254219055,-0.05333757773041725,0.32046228647232056,0.7250625491142273,1.1491779088974,1.5817995071411133,2.013552188873291,2.4366652965545654,2.8433501720428467,3.223346710205078,3.561769485473633,3.838635206222534,4.0309247970581055,4.116967678070068,4.08209753036499,3.923701524734497,3.653921365737915,3.2987868785858154,2.8938817977905273,2.477652072906494,2.0843677520751953,1.7386788129806519,1.4532196521759033,1.2294622659683228,1.0609321594238281,0.9373869895935059,0.8481430411338806,0.7837499976158142,0.7359479665756226,0.69658362865448
-0.981992244720459,-1.1690008640289307,-1.3324403762817383,-1.464713454246521,-1.5601825714111328,-1.616218090057373,-1.6332745552062988,-1.6136634349822998,-1.5592942237854004,-1.4692895412445068,-1.3387781381607056,-1.1600018739700317,-0.9255836009979248,-0.6327158808708191,-0.28606194257736206,0.10248933732509613,0.5175026059150696,0.9455899596214294,1.3799471855163574,1.8210638761520386,2.27240252494812,2.7325189113616943,3.187012195587158,3.6046130657196045,3.940173864364624,4.144753932952881,4.179757118225098,4.030216217041016,3.712097644805908,3.270500659942627,2.7689743041992188,2.2734134197235107,1.8359936475753784,1.484654188156128,1.221421718597412,1.0294601917266846,0.8854762315750122,0.7719710469245911,0.6843235492706299,0.6300053000450134,0.6207922101020813,0.6621273159980774
-0.5881551504135132,-0.8870357275009155,-1.169653296470642,-1.4240696430206299,-1.6385226249694824,-1.803174376487732,-1.9130239486694336,-1.9697761535644531,-1.9803630113601685,-1.9519031047821045,-1.8858401775360107,-1.7751823663711548,-1.6075655221939087,-1.3729807138442993,-1.0717278718948364,-0.7172325253486633,-0.3309829831123352,0.06830687075853348,0.4751996099948883,0.9009012579917908,1.3659740686416626,1.8844515085220337,2.4466207027435303,3.0093209743499756,3.50007963180542,3.835515022277832,3.9479992389678955,3.810570240020752,3.450063705444336,2.942754030227661,2.3933019638061523,1.904258370399475,1.5468368530273438,1.3433278799057007,1.2672427892684937,1.2605427503585815,1.2609881162643433,1.2286577224731445,1.1607846021652222,1.0888921022415161,1.0596436262130737,1.1080700159072876
-0.2078741043806076,-0.6143923997879028,-0.9937454462051392,-1.3475626707077026,-1.6718409061431885,-1.952358603477478,-2.17087459564209,-2.3166770935058594,-2.3936142921447754,-2.4164388179779053,-2.398736000061035,-2.341674566268921,-2.2325332164764404,-2.0549187660217285,-1.803659439086914,-1.4934890270233154,-1.1541740894317627,-0.8138910531997681,-0.4808356761932373,-0.13507415354251862,0.2623947262763977,0.7461127638816833,1.3194267749786377,1.9383563995361328,2.5158441066741943,2.9469401836395264,3.1457009315490723,3.0788862705230713,2.7823333740234375,2.3527963161468506,1.9179515838623047,1.595807433128357,1.4583369493484497,1.5119558572769165,1.7009564638137817,1.9319298267364502,2.1102182865142822,2.17525577545166,2.121777057647705,1.998179316520691,1.881574273109436,1.8391973972320557
0.2201966941356659,-0.2604075074195862,-0.6792314648628235,-1.0686622858047485,-1.4518011808395386,-1.8219355344772339,-2.1484079360961914,-2.400782346725464,-2.570168972015381,-2.6713271141052246,-2.725496530532837,-2.7394521236419678,-2.6984777450561523,-2.5789129734039307,-2.37064528465271,-2.091928482055664,-1.7847882509231567,-1.4927327632904053,-1.2348324060440063,-0.9923428893089294,-0.7168853878974915,-0.3568582832813263,0.11092923581600189,0.6603512763977051,1.217156171798706,1.6837561130523682,1.9779903888702393,2.0686228275299072,1.9909422397613525,1.8343896865844727,1.708156943321228,1.7004835605621338,1.8492521047592163,2.1338226795196533,2.48753023147583,2.822665214538574,3.058393716812134,3.144402503967285,3.0754594802856445,2.893104076385498,2.6712422370910645,2.486539840698242
0.8380566239356995,0.2588530480861664,-0.24227473139762878,-0.7029917240142822,-1.159703254699707,-1.6138426065444946,-2.033440589904785,-2.38220477104187,-2.6479055881500244,-2.846440553665161,-3.0006041526794434,-3.1141140460968018,-3.1638524532318115,-3.1171317100524902,-2.9600446224212646,-2.714839220046997,-2.433288812637329,-2.1706087589263916,-1.956727385520935,-1.7812106609344482,-1.5986248254776,-1.3503636121749878,-0.9929839372634888,-0.5218399167060852,0.02064334601163864,0.5585646629333496,1.0156008005142212,1.352471947669983,1.586959958076477,1.7822750806808472,2.0096426010131836,2.308499813079834,2.6686296463012695,3.041572332382202,3.3687539100646973,3.6057748794555664,3.730337142944336,3.7362730503082275,3.625730514526367,3.4100501537323,3.118533134460449,2.802143096923828
1.5026447772979736,0.8624570965766907,0.24851469695568085,-0.3341659605503082,-0.8944856524467468,-1.4265787601470947,-1.9062013626098633,-2.309969186782837,-2.63596773147583,-2.9045305252075195,-3.137469530105591,-3.3344013690948486,-3.4678807258605957,-3.502969980239868,-3.4256491661071777,-3.257964849472046,-3.048891544342041,-2.8487441539764404,-2.684699773788452,-2.5502121448516846,-2.4088985919952393,-2.2064287662506104,-1.887001395225525,-1.4150898456573486,-0.7980408072471619,-0.09432320296764374,0.6076306104660034,1.2343510389328003,1.7653847932815552,2.2330214977264404,2.682704448699951,3.1274807453155518,3.5337820053100586,3.846067428588867,4.0252790451049805,4.070401668548584,4.011397838592529,3.883502960205078,3.7021496295928955,3.456298351287842,3.128242254257202,2.7281761169433594
1.889267921447754,1.399971842765808,0.8260177969932556,0.2232789248228073,-0.3767377734184265,-0.9575086236000061,-1.503006935119629,-1.9939839839935303,-2.4178123474121094,-2.77754807472229,-3.0857038497924805,-3.3466074466705322,-3.5460097789764404,-3.66042423248291,-3.6786701679229736,-3.6160495281219482,-3.5080928802490234,-3.388399362564087,-3.2685704231262207,-3.134540557861328,-2.9565978050231934,-2.6979992389678955,-2.315786600112915,-1.7675073146820068,-1.0371031761169434,-0.16601824760437012,0.7473512291908264,1.5947331190109253,2.3165130615234375,2.9173080921173096,3.426201105117798,3.8470842838287354,4.150036811828613,4.30361795425415,4.305241584777832,4.1804656982421875,3.964613437652588,3.6913537979125977,3.387977123260498,3.0645484924316406,2.7074596881866455,2.301666259765625
1.7936155796051025,1.6642839908599854,1.3616083860397339,0.949837327003479,0.46022963523864746,-0.10879405587911606,-0.7494369745254517,-1.4135924577713013,-2.0310614109039307,-2.553896188735962,-2.9767913818359375,-3.31791615486145,-3.5886855125427246,-3.783585548400879,-3.8932952880859375,-3.922822952270508,-3.8942718505859375,-3.8277480602264404,-3.7166945934295654,-3.5255050659179688,-3.2163469791412354,-2.7752673625946045,-2.205685615539551,-1.503157615661621,-0.6576107144355774,0.3064807951450348,1.3032201528549194,2.2198987007141113,2.9850363731384277,3.5927793979644775,4.058299541473389,4.367342948913574,4.487396240234375,4.420319080352783,4.217944145202637,3.935473918914795,3.5877785682678223,3.1706957817077637,2.7142131328582764,2.283456563949585,1.917122483253479,1.589538812637329
1.2993910312652588,1.616316795349121,1.748771071434021,1.7005935907363892,1.4405421018600464,0.9243097901344299,0.17496667802333832,-0.6841915249824524,-1.4982396364212036,-2.1755685806274414,-2.710782766342163,-3.13726544380188,-3.4807934761047363,-3.7494308948516846,-3.9411838054656982,-4.053197383880615,-4.089912414550781,-4.057116508483887,-3.9361610412597656,-3.6720027923583984,-3.2100768089294434,-2.550530195236206,-1.749826431274414,-0.863864004611969,0.08866146951913834,1.0902597904205322,2.0719051361083984,2.9304730892181396,3.6032402515411377,4.098372459411621,4.437667369842529,4.594070911407471,4.517495155334473,4.217293739318848,3.7833704948425293,3.308255195617676,2.8114778995513916,2.2700157165527344,1.7125517129898071,1.238722562789917,0.9199948310852051,0.706834614276886
0.7033792734146118,1.515606164932251,2.1681649684906006,2.5300111770629883,2.4666898250579834,1.9186354875564575,1.0067341327667236,-0.002039233921095729,-0.8803775906562805,-1.572677731513977,-2.1377642154693604,-2.620957612991333,-3.024949550628662,-3.3575477600097656,-3.6364336013793945,-3.8490333557128906,-3.953613758087158,-3.920903205871582,-3.738447666168213,-3.376398801803589,-2.7946743965148926,-2.002272844314575,-1.0778778791427612,-0.10870156437158585,0.8678542971611023,1.8355721235275269,2.73346209526062,3.462351083755493,3.964413642883301,4.262267112731934,4.3991289138793945,4.364627361297607,4.11113977432251,3.6364004611968994,3.0180139541625977,2.3562557697296143,1.7055367231369019,1.0830572843551636,0.5319029688835144,0.13409638404846191,-0.07157544046640396,-0.17424356937408447
0.1998773068189621,1.4392203092575073,2.544334888458252,3.229295492172241,3.2473974227905273,2.5581698417663574,1.4592416286468506,0.4177902340888977,-0.30504828691482544,-0.8022834062576294,-1.2824314832687378,-1.8008954524993896,-2.2870938777923584,-2.714747667312622,-3.1118991374969482,-3.442046642303467,-3.593292236328125,-3.4952213764190674,-3.172816038131714,-2.674973964691162,-2.0150012969970703,-1.2072744369506836,-0.3131561577320099,0.5893456935882568,1.458288550376892,2.275078296661377,2.992431879043579,3.534717559814453,3.8563549518585205,3.9706597328186035,3.90934681892395,3.6786062717437744,3.2716002464294434,2.7035393714904785,2.015669107437134,1.2617151737213135,0.5113755464553833,-0.14488382637500763,-0.6186877489089966,-0.862956702709198,-0.9052234888076782,-0.8659099340438843
-0.18308547139167786,1.1582229137420654,2.4389257431030273,3.3102219104766846,3.4217116832733154,2.702697515487671,1.5791093111038208,0.6874894499778748,0.2904813587665558,0.11115244030952454,-0.22759050130844116,-0.7864356637001038,-1.3980177640914917,-1.9606425762176514,-2.4685544967651367,-2.8534035682678223,-2.9778599739074707,-2.7875285148620605,-2.364421844482422,-1.8179452419281006,-1.1904650926589966,-0.48389846086502075,0.27424395084381104,1.0242314338684082,1.7114818096160889,2.3024916648864746,2.7700908184051514,3.089156150817871,3.250079393386841,3.2527923583984375,3.083463668823242,2.727797269821167,2.2155163288116455,1.6120067834854126,0.9505006074905396,0.2226259708404541,-0.5314001441001892,-1.170577883720398,-1.5403763055801392,-1.594677209854126,-1.4159960746765137,-1.1649171113967896
-0.307835191488266,0.7712516188621521,1.915885090827942,2.853856325149536,3.168959617614746,2.67531681060791,1.7640827894210815,1.1036251783370972,0.9492409825325012,0.9580210447311401,0.701504111289978,0.11989514529705048,-0.582677960395813,-1.2365632057189941,-1.7550580501556396,-2.0485734939575195,-2.0563530921936035,-1.8219491243362427,-1.4536755084991455,-1.027815341949463,-0.5596232414245605,-0.04100938141345978,0.5169509649276733,1.0682194232940674,1.5519039630889893,1.9275602102279663,2.183945417404175,2.322665214538574,2.351442337036133,2.275763988494873,2.0735228061676025,1.7076709270477295,1.1939486265182495,0.6130911707878113,0.018085604533553123,-0.6124664545059204,-1.268269419670105,-1.804036021232605,-2.019986152648926,-1.843013048171997,-1.4017705917358398,-0.9524844288825989
