earth/public/data/atmosphere/W07/ANN-wind-isobaric-250hPa-gfs-1.0.json
{"header": {"discipline": 0, "disciplineName": "Meteorological products", "gribEdition": 2, "gribLength": 17922.0, "center": 0, "centerName": "Kiel Climate Model", "subcenter": 0, "refTime": "1", "significanceOfRT": 1, "significanceOfRTName": "Start of forecast", "productStatus": 0, "productStatusName": "Operational products", "productType": 1, "productTypeName": "Forecast products", "productDefinitionTemplate": 0, "productDefinitionTemplateName": "Analysis/forecast at horizontal level/layer at a point in time", "parameterCategory": 2, "parameterCategoryName": "Momentum", "parameterNumber": 2, "parameterNumberName": "U-component_of_wind", "parameterUnit": "m/s", "genProcessType": 2, "genProcessTypeName": "Forecast", "forecastTime": 0, "surface1Type": 103, "surface1TypeName": "Specified height level above ground", "surface1Value": 10, "surface2Type": 255, "surface2TypeName": "Missing", "surface2Value": 0, "gridDefinitionTemplate": 0, "gridDefinitionTemplateName": "Latitude_Longitude", "numberPoints": 65160, "shape": 6, "shapeName": "Earth spherical with radius of 6,371,229.0 m", "gridUnits": "degrees", "resolution": 48, "winds": "true", "scanMode": 0, "nx": 128.0, "ny": 64.0, "basicAngle": 0, "subDivisions": 0, "lo1": 0.0, "la1": 87.86379883923263, "lo2": 357.1875, "la2": -87.86379883923263, "dx": 2.8125, "dy": 2.7893269472772264}, "data":
[rows 0 to 18 of 64, columns 0 to 43 of 128]
1.4825842380523682,1.520392894744873,1.5486431121826172,1.5675230026245117,1.5772415399551392,1.5781360864639282,1.570527195930481,1.5548073053359985,1.5314221382141113,1.500806450843811,1.4634636640548706,1.4198851585388184,1.3705976009368896,1.3160966634750366,1.2569153308868408,1.1935439109802246,1.1265435218811035,1.0563567876815796,0.983479917049408,0.9083994030952454,0.8315198421478271,0.7532991170883179,0.6741459369659424,0.5944277048110962,0.5145505666732788,0.4348161816596985,0.35558459162712097,0.277130663394928,0.19979114830493927,0.1237960159778595,0.04941549152135849,-0.023119017481803894,-0.09357913583517075,-0.1617780178785324,-0.22751843929290771,-0.29062896966934204,-0.35095643997192383,-0.4083966612815857,-0.462828665971756,-0.514160692691803,-0.5623483061790466,-0.6073241233825684,-0.6491428017616272,-0.6878073215484619
2.468195676803589,2.4656615257263184,2.4479966163635254,2.416017532348633,2.3706934452056885,2.313108205795288,2.244419574737549,2.165818691253662,2.0785179138183594,1.9837664365768433,1.8827158212661743,1.7764862775802612,1.6661467552185059,1.552682876586914,1.436995029449463,1.3199522495269775,1.2023046016693115,1.084809422492981,0.9680969715118408,0.852840781211853,0.7396358847618103,0.6290411353111267,0.5215992331504822,0.41779080033302307,0.31810444593429565,0.22285380959510803,0.13246284425258636,0.04711633175611496,-0.03296471759676933,-0.1077008917927742,-0.1770407259464264,-0.24100638926029205,-0.29969972372055054,-0.3532091975212097,-0.4016531705856323,-0.4451390206813812,-0.4837220311164856,-0.5174515247344971,-0.5462777018547058,-0.5700851678848267,-0.5887306928634644,-0.6019777655601501,-0.6095681190490723,-0.6112311482429504
4.479255676269531,4.452449321746826,4.407839775085449,4.346071243286133,4.2682390213012695,4.175703525543213,4.070102214813232,3.953160524368286,3.8265881538391113,3.692030191421509,3.550863027572632,3.4042422771453857,3.2531237602233887,3.098198652267456,2.9399917125701904,2.7789692878723145,2.615617513656616,2.450515031814575,2.2844014167785645,2.1182494163513184,1.9532430171966553,1.790847659111023,1.6326748132705688,1.4804946184158325,1.3360927104949951,1.2012157440185547,1.077409267425537,0.9659916758537292,0.8678757548332214,0.783616840839386,0.7132688164710999,0.6564929485321045,0.6125603318214417,0.5804517865180969,0.5589130520820618,0.5466557145118713,0.5424278378486633,0.5451495051383972,0.5539346933364868,0.5682167410850525,0.5877071619033813,0.6123754382133484,0.6424078345298767,0.6781938076019287
5.716937065124512,5.7042236328125,5.673539638519287,5.6244683265686035,5.557570457458496,5.474243640899658,5.376360893249512,5.265942573547363,5.14484977722168,5.01455545425415,4.875994682312012,4.729592323303223,4.575310230255127,4.412818431854248,4.24178409576416,4.061996936798096,3.8735616207122803,3.6771557331085205,3.473848581314087,3.2653005123138428,3.0536017417907715,2.841289758682251,2.631176471710205,2.4263083934783936,2.229816436767578,2.0448505878448486,1.8743972778320312,1.7210326194763184,1.5868725776672363,1.473276138305664,1.3807849884033203,1.30903959274292,1.2568414211273193,1.2223275899887085,1.203264832496643,1.1973342895507812,1.2025715112686157,1.2175302505493164,1.2414945363998413,1.2744606733322144,1.3170390129089355,1.370133399963379,1.434617519378662,1.5109882354736328
6.028412342071533,6.058431148529053,6.075510501861572,6.078267574310303,6.066320896148682,6.0398712158203125,5.999401092529297,5.945211410522461,5.877312183380127,5.7952704429626465,5.6983323097229,5.5856733322143555,5.456483840942383,5.310527324676514,5.148221492767334,4.970983982086182,4.781064510345459,4.581453323364258,4.375497341156006,4.166567802429199,3.9574968814849854,3.7505624294281006,3.5472824573516846,3.3487138748168945,3.155808210372925,2.969721555709839,2.7921667098999023,2.625309467315674,2.4716362953186035,2.3335039615631104,2.2126095294952393,2.109557628631592,2.0236263275146484,1.952876091003418,1.8946157693862915,1.8461072444915771,1.8052978515625,1.7715834379196167,1.7461817264556885,1.7322804927825928,1.7345318794250488,1.7582553625106812,1.808234691619873,1.887672781944275
6.386862754821777,6.4887375831604,6.588581562042236,6.683341026306152,6.769131660461426,6.841357707977295,6.895165920257568,6.92612886428833,6.930763244628906,6.907026290893555,6.854233264923096,6.773044109344482,6.665092945098877,6.532942771911621,6.379885196685791,6.21005916595459,6.028451442718506,5.8404364585876465,5.651289939880371,5.465253829956055,5.284911155700684,5.110663414001465,4.94085168838501,4.772542953491211,4.60259485244751,4.428919315338135,4.251366138458252,4.072015285491943,3.894810438156128,3.724424123764038,3.565183639526367,3.4198215007781982,3.2889974117279053,3.1712770462036133,3.0637638568878174,2.963157892227173,2.866786479949951,2.773677349090576,2.685189723968506,2.605456829071045,2.541250228881836,2.5012459754943848,2.494723081588745,2.5299172401428223
7.081864356994629,7.270177841186523,7.459320545196533,7.64315938949585,7.812612056732178,7.957112789154053,8.066932678222656,8.135512351989746,8.16106128692627,8.146825790405273,8.0997314453125,8.028156280517578,7.939689636230469,7.839561462402344,7.730574131011963,7.61387825012207,7.4902472496032715,7.360844612121582,7.2272162437438965,7.090816974639893,6.952022075653076,6.809508323669434,6.660333633422852,6.500715732574463,6.327338695526123,6.138747692108154,5.936421871185303,5.724593162536621,5.50947904586792,5.2974371910095215,5.093148708343506,4.898768901824951,4.713839054107666,4.536498069763184,4.365108013153076,4.1994757652282715,4.041116714477539,3.8925681114196777,3.7564785480499268,3.63492488861084,3.529802083969116,3.444012403488159,3.3828303813934326,3.3542368412017822
8.133686065673828,8.361472129821777,8.571393966674805,8.756580352783203,8.907997131347656,9.016599655151367,9.076537132263184,9.088251113891602,9.060147285461426,9.00742244720459,8.948078155517578,8.897361755371094,8.86353588104248,8.846505165100098,8.84013557434082,8.835989952087402,8.826733589172363,8.807487487792969,8.77544116973877,8.728421211242676,8.664153099060059,8.580130577087402,8.474139213562012,8.344769477844238,8.191529273986816,8.015496253967285,7.819511413574219,7.608276844024658,7.387596130371094,7.162503242492676,6.935183048248291,6.703969955444336,6.464306354522705,6.21194314956665,5.946542739868164,5.674204349517822,5.406784534454346,5.15850305557251,4.940676689147949,4.757966995239258,4.607237815856934,4.480227470397949,4.36868143081665,4.269578456878662
9.714554786682129,9.8937406539917,10.026167869567871,10.1096830368042,10.144586563110352,10.133575439453125,10.082658767700195,10.003799438476562,9.91650104522705,9.845405578613281,9.812909126281738,9.830464363098145,9.893766403198242,9.985868453979492,10.08637523651123,10.180703163146973,10.263864517211914,10.336959838867188,10.400428771972656,10.449823379516602,10.476871490478516,10.474311828613281,10.439682960510254,10.375211715698242,10.284372329711914,10.168431282043457,10.026009559631348,9.85562515258789,9.658662796020508,9.43970012664795,9.203994750976562,8.953767776489258,8.686635971069336,8.397587776184082,8.083812713623047,7.7492265701293945,7.405946731567383,7.071237564086914,6.761359214782715,6.4858574867248535,6.244992733001709,6.030729293823242,5.830892562866211,5.634092807769775
11.712850570678711,11.766934394836426,11.758227348327637,11.695516586303711,11.593719482421875,11.467754364013672,11.330148696899414,11.19489860534668,11.083125114440918,11.022544860839844,11.036798477172852,11.1310453414917,11.285445213317871,11.463980674743652,11.634242057800293,11.78406047821045,11.92263126373291,12.065779685974121,12.217238426208496,12.36173152923584,12.473746299743652,12.534795761108398,12.544157028198242,12.515657424926758,12.464543342590332,12.395942687988281,12.303168296813965,12.175695419311523,12.008599281311035,11.806916236877441,11.582566261291504,11.34733772277832,11.106915473937988,10.858868598937988,10.59557056427002,10.309717178344727,9.998797416687012,9.665438652038574,9.314306259155273,8.949482917785645,8.57526969909668,8.198526382446289,7.828132152557373,7.46947717666626
13.984288215637207,13.846590042114258,13.656047821044922,13.435355186462402,13.210592269897461,13.000214576721191,12.810419082641602,12.642905235290527,12.508831024169922,12.434203147888184,12.44782543182373,12.559518814086914,12.747600555419922,12.968860626220703,13.185914993286133,13.390013694763184,13.599830627441406,13.836747169494629,14.096946716308594,14.344766616821289,14.533288955688477,14.635040283203125,14.657581329345703,14.632380485534668,14.58978271484375,14.541252136230469,14.481346130371094,14.401506423950195,14.300359725952148,14.18333911895752,14.057096481323242,13.925198554992676,13.786693572998047,13.6344633102417,13.45467758178711,13.23084545135498,12.951560020446777,12.613469123840332,12.216036796569824,11.75526237487793,11.228270530700684,10.647550582885742,10.048075675964355,9.47321605682373
16.406841278076172,16.053125381469727,15.680727005004883,15.309972763061523,14.963237762451172,14.657422065734863,14.39728832244873,14.180041313171387,14.008881568908691,13.901546478271484,13.882842063903809,13.966096878051758,14.139544486999512,14.371186256408691,14.62903881072998,14.900619506835938,15.193502426147461,15.515586853027344,15.85158634185791,16.15859603881836,16.388614654541016,16.520130157470703,16.57069206237793,16.578182220458984,16.56992530822754,16.550395965576172,16.51692771911621,16.480562210083008,16.464706420898438,16.482582092285156,16.522294998168945,16.557025909423828,16.564926147460938,16.531951904296875,16.438100814819336,16.253231048583984,15.956308364868164,15.554872512817383,15.075016975402832,14.530019760131836,13.908378601074219,13.202067375183105,12.443557739257812,11.703326225280762
18.431625366210938,17.929079055786133,17.442800521850586,16.96234130859375,16.489952087402344,16.044551849365234,15.65318775177002,15.341134071350098,15.125580787658691,15.012503623962402,14.99835205078125,15.077383995056152,15.247339248657227,15.506155014038086,15.841545104980469,16.226652145385742,16.62831687927246,17.018632888793945,17.376100540161133,17.67816162109375,17.90097999572754,18.0356502532959,18.103321075439453,18.14415168762207,18.184425354003906,18.220287322998047,18.24164581298828,18.267423629760742,18.339893341064453,18.476587295532227,18.640275955200195,18.77147674560547,18.8449764251709,18.876358032226562,18.869182586669922,18.77791976928711,18.54384994506836,18.16227912902832,17.6905460357666,17.181852340698242,16.629064559936523,15.991393089294434,15.269447326660156,14.531359672546387
19.55050277709961,18.958091735839844,18.387731552124023,17.81117057800293,17.220176696777344,16.634403228759766,16.101041793823242,15.683626174926758,15.432024002075195,15.349839210510254,15.39632511138916,15.531835556030273,15.76168155670166,16.125211715698242,16.63629150390625,17.239723205566406,17.833826065063477,18.33715057373047,18.72980499267578,19.029510498046875,19.240371704101562,19.345308303833008,19.354551315307617,19.338947296142578,19.3874454498291,19.531749725341797,19.735538482666016,19.959945678710938,20.207630157470703,20.48036003112793,20.721195220947266,20.846567153930664,20.842260360717773,20.789039611816406,20.767446517944336,20.757631301879883,20.666208267211914,20.445755004882812,20.14903450012207,19.85010528564453,19.54433822631836,19.16128921508789,18.66593360900879,18.107900619506836
19.82537841796875,19.129722595214844,18.430089950561523,17.74102783203125,17.078401565551758,16.451026916503906,15.885820388793945,15.450516700744629,15.221543312072754,15.216485023498535,15.377519607543945,15.64225959777832,16.02078628540039,16.578563690185547,17.336837768554688,18.202396392822266,19.00737762451172,19.6246337890625,20.045759201049805,20.341421127319336,20.54800796508789,20.623279571533203,20.544422149658203,20.42644691467285,20.477481842041016,20.810529708862305,21.339679718017578,21.890295028686523,22.368146896362305,22.773326873779297,23.087085723876953,23.23511505126953,23.18980598449707,23.048952102661133,22.956157684326172,22.956205368041992,22.97385025024414,22.93675422668457,22.870153427124023,22.839492797851562,22.833765029907227,22.761226654052734,22.560556411743164,22.263671875
19.502042770385742,18.79718589782715,18.04535484313965,17.32400131225586,16.68753433227539,16.137052536010742,15.66680908203125,15.326957702636719,15.205572128295898,15.33843994140625,15.671711921691895,16.13839340209961,16.742374420166016,17.53107261657715,18.49531364440918,19.519729614257812,20.42819595336914,21.082761764526367,21.46942901611328,21.691024780273438,21.84056282043457,21.89231300354004,21.789398193359375,21.643760681152344,21.73987579345703,22.262798309326172,23.084192276000977,23.89617919921875,24.5153751373291,24.976877212524414,25.36642074584961,25.674049377441406,25.84656524658203,25.910011291503906,25.96990966796875,26.094701766967773,26.24570655822754,26.34856605529785,26.408092498779297,26.50130271911621,26.654022216796875,26.785297393798828,26.806739807128906,26.725555419921875
18.926889419555664,18.455142974853516,17.894140243530273,17.330196380615234,16.83146858215332,16.4172306060791,16.092105865478516,15.906556129455566,15.94931697845459,16.259313583374023,16.785531997680664,17.464599609375,18.287277221679688,19.247802734375,20.279865264892578,21.28671646118164,22.178752899169922,22.85470199584961,23.23487091064453,23.36342430114746,23.384313583374023,23.364742279052734,23.259618759155273,23.122339248657227,23.209293365478516,23.734317779541016,24.59811782836914,25.491235733032227,26.218236923217773,26.8156795501709,27.395326614379883,27.986562728881836,28.53844451904297,29.00762367248535,29.414134979248047,29.804218292236328,30.15532684326172,30.368555068969727,30.410812377929688,30.409101486206055,30.5126953125,30.70427703857422,30.850576400756836,30.90402603149414
18.6422176361084,18.501754760742188,18.277864456176758,18.023357391357422,17.788599014282227,17.619321823120117,17.546966552734375,17.613651275634766,17.887033462524414,18.395530700683594,19.083702087402344,19.890390396118164,20.805273056030273,21.78301429748535,22.703174591064453,23.50469398498535,24.242511749267578,24.909595489501953,25.34644889831543,25.455610275268555,25.363378524780273,25.234506607055664,25.07861328125,24.891355514526367,24.83475112915039,25.0938720703125,25.655277252197266,26.37378692626953,27.165193557739258,28.011653900146484,28.870651245117188,29.687101364135742,30.428245544433594,31.060924530029297,31.582002639770508,32.06401824951172,32.53791427612305,32.86660385131836,32.919559478759766,32.83848571777344,32.912872314453125,33.2073860168457,33.53001022338867,33.75802993774414
18.829341888427734,18.897083282470703,18.97300148010254,19.08868408203125,19.2630615234375,19.53908348083496,19.926742553710938,20.40323829650879,20.986783981323242,21.70278549194336,22.49561309814453,23.294523239135742,24.106916427612305,24.911781311035156,25.57279396057129,26.025142669677734,26.414508819580078,26.86195182800293,27.236209869384766,27.355520248413086,27.265335083007812,27.124387741088867,26.969757080078125,26.779010772705078,26.61772918701172,26.561744689941406,26.61503791809082,26.826515197753906,27.315134048461914,28.062397003173828,28.85565185546875,29.52921485900879,30.08266258239746,30.527576446533203,30.859081268310547,31.200529098510742,31.69042205810547,32.20635986328125,32.51034164428711,32.67117691040039,33.00748825073242,33.608638763427734,34.2476921081543,34.77141189575195
