earth/public/data/atmosphere/W07/ANN-rh-isobaric-700hPa-gfs-1.0.json
{"header": {"discipline": 0, "disciplineName": "Meteorological products", "gribEdition": 2, "gribLength": 17922.0, "center": 0, "centerName": "Kiel Climate Model", "subcenter": 0, "refTime": "1", "significanceOfRT": 1, "significanceOfRTName": "Start of forecast", "productStatus": 0, "productStatusName": "Operational products", "productType": 1, "productTypeName": "Forecast products", "productDefinitionTemplate": 0, "productDefinitionTemplateName": "Analysis/forecast at horizontal level/layer at a point in time", "parameterCategory": 2, "parameterCategoryName": "Momentum", "parameterNumber": 2, "parameterNumberName": "U-component_of_wind", "parameterUnit": "%", "genProcessType": 2, "genProcessTypeName": "Forecast", "forecastTime": 0, "surface1Type": 103, "surface1TypeName": "Specified height level above ground", "surface1Value": 10, "surface2Type": 255, "surface2TypeName": "Missing", "surface2Value": 0, "gridDefinitionTemplate": 0, "gridDefinitionTemplateName": "Latitude_Longitude", "numberPoints": 65160, "shape": 6, "shapeName": "Earth spherical with radius of 6,371,229.0 m", "gridUnits": "degrees", "resolution": 48, "winds": "true", "scanMode": 0, "nx": 128.0, "ny": 64.0, "basicAngle": 0, "subDivisions": 0, "lo1": 0.0, "la1": 87.86379883923263, "lo2": 357.1875, "la2": -87.86379883923263, "dx": 2.8125, "dy": 2.7893269472772264}, "data":
[rows 38 to 56 of 64, columns 0 to 42 of 128]
0.24639543890953064,0.26852068305015564,0.3282042443752289,0.4131915271282196,0.49474620819091797,0.5822582840919495,0.65782630443573,0.6697151064872742,0.6471700072288513,0.6649262309074402,0.7008190155029297,0.6902695894241333,0.6466860771179199,0.6052190661430359,0.5757191777229309,0.5990650653839111,0.6863465905189514,0.7307579517364502,0.6516265869140625,0.5415578484535217,0.5154213905334473,0.533191978931427,0.5098676085472107,0.46847298741340637,0.45947471261024475,0.4553337097167969,0.42731764912605286,0.4068022072315216,0.4066073000431061,0.3990347981452942,0.387284517288208,0.39272892475128174,0.40242063999176025,0.4034169614315033,0.4090270698070526,0.423660010099411,0.4409988820552826,0.46143990755081177,0.48088401556015015,0.49598026275634766,0.5120604634284973,0.5273728966712952,0.5436145067214966
0.19506695866584778,0.19100157916545868,0.22748957574367523,0.2994404733181,0.3657301068305969,0.45520827174186707,0.5832606554031372,0.6632242798805237,0.6569873690605164,0.6501368284225464,0.6761966347694397,0.6631033420562744,0.591556191444397,0.5260661840438843,0.513209342956543,0.5650743246078491,0.6561124324798584,0.6931071877479553,0.6174136996269226,0.5154256224632263,0.48832693696022034,0.4945681095123291,0.4594731330871582,0.416526734828949,0.41147783398628235,0.4059000313282013,0.37341341376304626,0.3514682948589325,0.34911373257637024,0.3353848159313202,0.31604501605033875,0.3137049376964569,0.31699204444885254,0.31615519523620605,0.3221663236618042,0.33328235149383545,0.3448009192943573,0.36751270294189453,0.40094661712646484,0.43175235390663147,0.45979687571525574,0.4897032678127289,0.5193867683410645
0.18395236134529114,0.16464145481586456,0.17397642135620117,0.2169283926486969,0.26202958822250366,0.34534481167793274,0.4920290410518646,0.6072530746459961,0.625759482383728,0.6266443729400635,0.65766441822052,0.6420985460281372,0.5552266836166382,0.4889456331729889,0.49718737602233887,0.5417980551719666,0.5764634609222412,0.5747925639152527,0.5331075191497803,0.49356138706207275,0.4893989861011505,0.48481881618499756,0.4478648900985718,0.4126855731010437,0.4003916382789612,0.37878191471099854,0.34308061003685,0.3256753385066986,0.32108575105667114,0.3039332926273346,0.2867511212825775,0.28272250294685364,0.2754628658294678,0.26518139243125916,0.2694075107574463,0.28043752908706665,0.28743821382522583,0.3039379119873047,0.3339441120624542,0.3643471896648407,0.39850831031799316,0.44505810737609863,0.4888903498649597
0.21219851076602936,0.18668276071548462,0.17380204796791077,0.18320004642009735,0.19883230328559875,0.2518732249736786,0.37092292308807373,0.4947003424167633,0.569838285446167,0.6359078288078308,0.6994180679321289,0.6804478764533997,0.5754666924476624,0.4984839856624603,0.5040905475616455,0.5286480784416199,0.5206193923950195,0.49751052260398865,0.48457109928131104,0.4836971163749695,0.4830770194530487,0.46692365407943726,0.43865689635276794,0.4185316264629364,0.40316781401634216,0.3741934299468994,0.3434927463531494,0.32942208647727966,0.31585031747817993,0.29123660922050476,0.27655479311943054,0.2759245038032532,0.2673996388912201,0.25454840064048767,0.25681331753730774,0.2655600309371948,0.2682492136955261,0.2771312892436981,0.2987203299999237,0.3248748779296875,0.36135318875312805,0.41380998492240906,0.4587230086326599
0.2643182575702667,0.23985187709331512,0.21979033946990967,0.2089919149875641,0.19851140677928925,0.2127542793750763,0.2883525490760803,0.4081469178199768,0.5321066379547119,0.6464717388153076,0.7174736857414246,0.6885968446731567,0.5825948119163513,0.5015877485275269,0.4903162121772766,0.5005459785461426,0.49498942494392395,0.4880213141441345,0.4896349012851715,0.48549583554267883,0.4670313596725464,0.4421045482158661,0.42287155985832214,0.41186243295669556,0.39774054288864136,0.3749590218067169,0.35644644498825073,0.3468065559864044,0.330368310213089,0.30610525608062744,0.2935330271720886,0.2925645112991333,0.28544193506240845,0.2748609185218811,0.27327242493629456,0.2739558815956116,0.2703278660774231,0.2730444371700287,0.28722041845321655,0.30872589349746704,0.3432863652706146,0.3917194902896881,0.43041718006134033
0.3350682556629181,0.31474384665489197,0.29887309670448303,0.28696292638778687,0.2683657109737396,0.25668665766716003,0.28877395391464233,0.3738732933998108,0.4806235432624817,0.5691929459571838,0.6070744395256042,0.582092821598053,0.5255659818649292,0.4878586232662201,0.4817028343677521,0.4855453670024872,0.49000000953674316,0.4987720847129822,0.5031354427337646,0.49296799302101135,0.4754766821861267,0.4614642858505249,0.45028021931648254,0.4366404712200165,0.4189528524875641,0.4004766643047333,0.38653919100761414,0.37659189105033875,0.3647584915161133,0.3522660732269287,0.3453746438026428,0.3409977853298187,0.3326943814754486,0.324445903301239,0.3209974765777588,0.3181237280368805,0.3146701455116272,0.31573957204818726,0.32103231549263,0.33074647188186646,0.35494711995124817,0.39516976475715637,0.4310159385204315
0.42373958230018616,0.4030335545539856,0.38612809777259827,0.375650554895401,0.3621808588504791,0.3458094894886017,0.348195344209671,0.38440337777137756,0.4379395544528961,0.47763553261756897,0.48974132537841797,0.48693472146987915,0.48948726058006287,0.5009191632270813,0.5088260769844055,0.509039580821991,0.5110583901405334,0.5163244009017944,0.5147923231124878,0.5069753527641296,0.5042304396629333,0.5057342648506165,0.4995076060295105,0.4845988154411316,0.4708957374095917,0.4610351622104645,0.4497344493865967,0.43659254908561707,0.4270297586917877,0.42300599813461304,0.42019808292388916,0.4145771265029907,0.40792006254196167,0.4038785994052887,0.40172848105430603,0.3997018337249756,0.3997846245765686,0.40170615911483765,0.40047645568847656,0.3985960781574249,0.4087282121181488,0.4347665011882782,0.4626236855983734
0.5171229243278503,0.4988255798816681,0.47824814915657043,0.4637840688228607,0.4555260241031647,0.44801774621009827,0.44426408410072327,0.45318493247032166,0.47337931394577026,0.4919542372226715,0.5016107559204102,0.5086928009986877,0.5198377966880798,0.5300577282905579,0.5326995849609375,0.5328403115272522,0.5380617380142212,0.5433907508850098,0.5407153367996216,0.5353349447250366,0.5360519886016846,0.5375389456748962,0.5307430028915405,0.52161705493927,0.5211586356163025,0.5254957675933838,0.5230779647827148,0.5141950845718384,0.5081077218055725,0.5067406296730042,0.5045737028121948,0.5007518529891968,0.4994843900203705,0.500164270401001,0.49758580327033997,0.49186524748802185,0.48841169476509094,0.4876343607902527,0.48479923605918884,0.4807533621788025,0.48214980959892273,0.49027910828590393,0.4995168447494507
0.5938391089439392,0.5880259275436401,0.5738259553909302,0.5577433109283447,0.5483051538467407,0.5446160435676575,0.5414978265762329,0.5398794412612915,0.5443085432052612,0.5537251234054565,0.5615289211273193,0.5631502270698547,0.55888432264328,0.5518035292625427,0.547386646270752,0.5514477491378784,0.562853991985321,0.5723176002502441,0.5738660097122192,0.5719963312149048,0.5719038248062134,0.5706701278686523,0.5656009316444397,0.56246018409729,0.5663390755653381,0.5723316073417664,0.5741944909095764,0.574639081954956,0.5784425139427185,0.5827834010124207,0.5832443833351135,0.5829211473464966,0.5866129994392395,0.5910769104957581,0.5897728204727173,0.583479106426239,0.5781056880950928,0.5752282738685608,0.57244873046875,0.5698790550231934,0.5686628818511963,0.5663763880729675,0.5613576769828796
0.643907368183136,0.6474130153656006,0.6437353491783142,0.6324612498283386,0.6213552951812744,0.6146028637886047,0.6090171933174133,0.6020396947860718,0.5964317321777344,0.5951093435287476,0.596361517906189,0.5966765284538269,0.5952886939048767,0.5940791964530945,0.5947970747947693,0.5973336696624756,0.5997058749198914,0.5999611616134644,0.598800539970398,0.59891277551651,0.6010696291923523,0.6033278703689575,0.6047022938728333,0.6061527132987976,0.6073513031005859,0.6071465015411377,0.6081903576850891,0.6153861284255981,0.6278207302093506,0.6381534337997437,0.6425869464874268,0.6455217599868774,0.6512666940689087,0.6573033928871155,0.6599106788635254,0.6607145071029663,0.6624948978424072,0.6632909774780273,0.6602864265441895,0.655718207359314,0.6533118486404419,0.6519679427146912,0.648388147354126
0.6762923002243042,0.6787428259849548,0.6811491847038269,0.6793987154960632,0.6748409271240234,0.6708806753158569,0.6680303812026978,0.6646649241447449,0.6601110100746155,0.655026376247406,0.650465190410614,0.6479650735855103,0.6488498449325562,0.6518987417221069,0.6530341506004333,0.6490777730941772,0.6413787007331848,0.6344974040985107,0.6314828395843506,0.6314818859100342,0.6321471929550171,0.6331428289413452,0.6358194947242737,0.6398367285728455,0.6426544189453125,0.6437418460845947,0.646867036819458,0.6553812026977539,0.6669000387191772,0.6761962175369263,0.682249128818512,0.6881622672080994,0.6945622563362122,0.6983204483985901,0.6989076733589172,0.7006407380104065,0.7057698369026184,0.709815502166748,0.7078030109405518,0.7020487189292908,0.699302077293396,0.7017601728439331,0.705036461353302
0.698785662651062,0.6999998092651367,0.705130934715271,0.7108487486839294,0.7140375375747681,0.7145043015480042,0.7140225768089294,0.7139334678649902,0.7136812806129456,0.7113455533981323,0.7058843374252319,0.6988348364830017,0.6930270791053772,0.6895037293434143,0.6868212223052979,0.6838930249214172,0.6821615099906921,0.6835063695907593,0.686693549156189,0.6878742575645447,0.6851434111595154,0.6811052560806274,0.6797617077827454,0.6818569302558899,0.6849091649055481,0.6872900128364563,0.6900121569633484,0.6940810084342957,0.6985861659049988,0.7030383348464966,0.7093735337257385,0.7187870144844055,0.7277871966362,0.731012225151062,0.7283042669296265,0.7256429195404053,0.7276756167411804,0.7321491837501526,0.7339423894882202,0.7323938608169556,0.73149174451828,0.7336064577102661,0.7362974286079407
0.7150664329528809,0.7164201736450195,0.7192167043685913,0.723602294921875,0.7270699739456177,0.7273160219192505,0.7248647809028625,0.7225788831710815,0.7227303385734558,0.7248750329017639,0.7267102599143982,0.7266260981559753,0.724978506565094,0.7231588959693909,0.7222564220428467,0.7228031754493713,0.7248803377151489,0.7276370525360107,0.729186475276947,0.72810959815979,0.7252491116523743,0.7231332659721375,0.7231691479682922,0.7241161465644836,0.7239665985107422,0.7226340770721436,0.721695065498352,0.7218884229660034,0.7225052714347839,0.7236536741256714,0.7273651957511902,0.7348929643630981,0.7438104152679443,0.7498136162757874,0.7515976428985596,0.7523120045661926,0.7555211782455444,0.7610986232757568,0.7661687135696411,0.7689811587333679,0.77019202709198,0.7706888318061829,0.7700900435447693
0.7323448061943054,0.7302577495574951,0.7277615666389465,0.7288271188735962,0.7334426045417786,0.7383232116699219,0.7407455444335938,0.7411573529243469,0.7421707510948181,0.7455869913101196,0.7507420778274536,0.755467414855957,0.7581178545951843,0.7585211992263794,0.7573456168174744,0.7549899816513062,0.7512184977531433,0.7458419799804688,0.7397817373275757,0.7353248596191406,0.7347818613052368,0.7382902503013611,0.7429873943328857,0.7450641393661499,0.7431788444519043,0.739647388458252,0.7378369569778442,0.7385345101356506,0.7394278645515442,0.7381790280342102,0.735295295715332,0.733511209487915,0.7348389029502869,0.7389355897903442,0.7441655397415161,0.7493407726287842,0.75408536195755,0.758241593837738,0.7617316246032715,0.7648546695709229,0.7680328488349915,0.7711169719696045,0.7734473347663879
0.73679518699646,0.7337751984596252,0.7321767210960388,0.7356637716293335,0.7443095445632935,0.7545701265335083,0.7623456120491028,0.7660043239593506,0.7667222023010254,0.7664485573768616,0.7659565210342407,0.7647960186004639,0.7626546621322632,0.7602777481079102,0.7588856220245361,0.7588340640068054,0.7591167092323303,0.7583922743797302,0.7565416097640991,0.7550315260887146,0.7554413676261902,0.7574896216392517,0.758725106716156,0.7565873861312866,0.7509908676147461,0.7447227239608765,0.7409889101982117,0.7404667139053345,0.7408558130264282,0.7393511533737183,0.7354563474655151,0.731365978717804,0.7298024296760559,0.731625497341156,0.7353588938713074,0.7386765480041504,0.7402899861335754,0.740768551826477,0.7419325113296509,0.7454221844673157,0.7514312863349915,0.7584787607192993,0.7643802165985107
0.7198318243026733,0.7236278057098389,0.7285376787185669,0.7342137694358826,0.7396068572998047,0.7434054017066956,0.7451391220092773,0.7457504272460938,0.7468469142913818,0.7492527365684509,0.7523022890090942,0.7546432018280029,0.7557802796363831,0.7568039298057556,0.7594940066337585,0.7645727396011353,0.7707355618476868,0.7753946781158447,0.7764987349510193,0.7738262414932251,0.7687056064605713,0.7626136541366577,0.7560856938362122,0.7488928437232971,0.7410700917243958,0.7335464954376221,0.7276890277862549,0.7243154048919678,0.7232747077941895,0.7239730358123779,0.7261463403701782,0.7299588918685913,0.7353528141975403,0.7414615750312805,0.7468602657318115,0.7505367994308472,0.7527061104774475,0.7546989917755127,0.7579613924026489,0.7629488706588745,0.7687665224075317,0.773795485496521,0.7767680883407593
0.7183997631072998,0.72791987657547,0.7358424663543701,0.7401862144470215,0.7405329942703247,0.7384635806083679,0.7370520830154419,0.73944491147995,0.7471387386322021,0.7589764595031738,0.7716252207756042,0.7813698053359985,0.7860875129699707,0.7860723733901978,0.7832033634185791,0.7791895270347595,0.7742823362350464,0.7674009203910828,0.7574450373649597,0.7446486353874207,0.7308839559555054,0.71872878074646,0.7100625038146973,0.7052051424980164,0.7030784487724304,0.7020829319953918,0.7010135650634766,0.6995029449462891,0.6979206800460815,0.6969519257545471,0.697145938873291,0.6986477375030518,0.7012287974357605,0.704582691192627,0.7086618542671204,0.7137362360954285,0.7200146317481995,0.7270618081092834,0.733539342880249,0.7377009987831116,0.7385320663452148,0.7368062734603882,0.7351823449134827
0.7229993939399719,0.7273882031440735,0.7316518425941467,0.735505998134613,0.7392523884773254,0.7438545227050781,0.7504320740699768,0.7594035863876343,0.7698130011558533,0.7793768048286438,0.7853931188583374,0.7860764861106873,0.781516432762146,0.7735945582389832,0.7648375034332275,0.7568805813789368,0.7495188117027283,0.7409588694572449,0.729112446308136,0.7131214737892151,0.6941830515861511,0.6752325296401978,0.6597331166267395,0.6502846479415894,0.6477395296096802,0.6511111259460449,0.6581159234046936,0.6659648418426514,0.6720746159553528,0.674572765827179,0.672631561756134,0.6666707396507263,0.658373236656189,0.6503559350967407,0.6453946232795715,0.6453375816345215,0.6501398682594299,0.6575988531112671,0.664168119430542,0.6666809320449829,0.664201557636261,0.658943235874176,0.6555275321006775
0.6734948754310608,0.6708030104637146,0.671893298625946,0.677037239074707,0.6853909492492676,0.6951779723167419,0.7040948271751404,0.7098788619041443,0.7109678387641907,0.7071303725242615,0.6998470425605774,0.6921756267547607,0.6879444122314453,0.6903802752494812,0.7006112933158875,0.7166894674301147,0.7336883544921875,0.7450299859046936,0.7446581721305847,0.729264497756958,0.699699342250824,0.6610196828842163,0.6211585998535156,0.5887056589126587,0.5705560445785522,0.5701488256454468,0.5867456197738647,0.6158546209335327,0.6505956053733826,0.6835892200469971,0.7088606357574463,0.7232465744018555,0.7269194722175598,0.7228716015815735,0.7155366539955139,0.7090404629707336,0.7057530283927917,0.7057293653488159,0.7072505950927734,0.7081711888313293,0.7073507905006409,0.7053835391998291,0.7041749954223633
