earth/public/data/atmosphere/W07/ANN-rh-isobaric-100hPa-gfs-1.0.json
{"header": {"discipline": 0, "disciplineName": "Meteorological products", "gribEdition": 2, "gribLength": 17922.0, "center": 0, "centerName": "Kiel Climate Model", "subcenter": 0, "refTime": "1", "significanceOfRT": 1, "significanceOfRTName": "Start of forecast", "productStatus": 0, "productStatusName": "Operational products", "productType": 1, "productTypeName": "Forecast products", "productDefinitionTemplate": 0, "productDefinitionTemplateName": "Analysis/forecast at horizontal level/layer at a point in time", "parameterCategory": 2, "parameterCategoryName": "Momentum", "parameterNumber": 2, "parameterNumberName": "U-component_of_wind", "parameterUnit": "%", "genProcessType": 2, "genProcessTypeName": "Forecast", "forecastTime": 0, "surface1Type": 103, "surface1TypeName": "Specified height level above ground", "surface1Value": 10, "surface2Type": 255, "surface2TypeName": "Missing", "surface2Value": 0, "gridDefinitionTemplate": 0, "gridDefinitionTemplateName": "Latitude_Longitude", "numberPoints": 65160, "shape": 6, "shapeName": "Earth spherical with radius of 6,371,229.0 m", "gridUnits": "degrees", "resolution": 48, "winds": "true", "scanMode": 0, "nx": 128.0, "ny": 64.0, "basicAngle": 0, "subDivisions": 0, "lo1": 0.0, "la1": 87.86379883923263, "lo2": 357.1875, "la2": -87.86379883923263, "dx": 2.8125, "dy": 2.7893269472772264}, "data":
[rows 0 to 18 of 64, columns 0 to 42 of 128]
0.13110587000846863,0.13137736916542053,0.13163159787654877,0.13186821341514587,0.132086843252182,0.1322869211435318,0.13246814906597137,0.13263046741485596,0.13277362287044525,0.1328970193862915,0.13300122320652008,0.13308583199977875,0.13315090537071228,0.13319630920886993,0.13322211802005768,0.13322855532169342,0.13321559131145477,0.13318336009979248,0.13313226401805878,0.13306210935115814,0.1329733431339264,0.13286583125591278,0.13274015486240387,0.1325966864824295,0.13243530690670013,0.13225653767585754,0.13206085562705994,0.1318483054637909,0.1316194087266922,0.13137467205524445,0.13111448287963867,0.13083919882774353,0.1305495947599411,0.1302458792924881,0.12992894649505615,0.12959933280944824,0.12925773859024048,0.12890492379665375,0.12854132056236267,0.1281682550907135,0.12778645753860474,0.1273966282606125,0.12699995934963226
0.13425980508327484,0.1348453313112259,0.13538996875286102,0.13589362800121307,0.13635525107383728,0.13677522540092468,0.13715359568595886,0.13749079406261444,0.13778740167617798,0.13804417848587036,0.13826191425323486,0.1384415477514267,0.1385836899280548,0.1386890560388565,0.13875849545001984,0.1387922316789627,0.1387905776500702,0.13875392079353333,0.13868199288845062,0.13857489824295044,0.1384323537349701,0.13825443387031555,0.13804084062576294,0.1377914994955063,0.13750645518302917,0.1371854692697525,0.13682903349399567,0.13643673062324524,0.13600927591323853,0.13554683327674866,0.13504929840564728,0.13451740145683289,0.1339510679244995,0.13335071504116058,0.13271647691726685,0.13204912841320038,0.13134896755218506,0.13061641156673431,0.12985242903232574,0.12905803322792053,0.1282343864440918,0.1273833066225052,0.12650665640830994
0.13451772928237915,0.13530616462230682,0.13603943586349487,0.13671410083770752,0.13732795417308807,0.13788047432899475,0.13837212324142456,0.13880501687526703,0.1391829401254654,0.13950975239276886,0.13978998363018036,0.14002765715122223,0.14022603631019592,0.1403869390487671,0.1405119001865387,0.14059941470623016,0.1406484842300415,0.14065566658973694,0.14061783254146576,0.14053133130073547,0.14039243757724762,0.14019790291786194,0.13994541764259338,0.13963323831558228,0.13926109671592712,0.13882918655872345,0.1383388638496399,0.13779255747795105,0.13719259202480316,0.13654203712940216,0.13584360480308533,0.13509994745254517,0.13431265950202942,0.1334826499223709,0.13261035084724426,0.1316947638988495,0.13073496520519257,0.12972915172576904,0.12867578864097595,0.1275734156370163,0.12642189860343933,0.12522108852863312,0.1239733099937439
0.13303428888320923,0.13394448161125183,0.13479246199131012,0.13556154072284698,0.13623984158039093,0.13682255148887634,0.1373123973608017,0.13771846890449524,0.13805510103702545,0.13833849132061005,0.1385839581489563,0.13880397379398346,0.1390058994293213,0.13919216394424438,0.1393601894378662,0.1395035982131958,0.13961301743984222,0.1396789252758026,0.13969141244888306,0.13964182138442993,0.13952262699604034,0.13932785391807556,0.13905294239521027,0.13869479298591614,0.13825169205665588,0.13772335648536682,0.1371116042137146,0.13641995191574097,0.1356535106897354,0.13481859862804413,0.13392271101474762,0.13297238945960999,0.13197386264801025,0.13093049824237823,0.12984387576580048,0.12871263921260834,0.12753331661224365,0.12630078196525574,0.12500964105129242,0.12365521490573883,0.12223563343286514,0.12075163424015045,0.1192074716091156
0.12929314374923706,0.1303197592496872,0.1312698870897293,0.13210372626781464,0.13279718160629272,0.13334587216377258,0.1337660402059555,0.13408951461315155,0.13435599207878113,0.13460315763950348,0.13485902547836304,0.1351354718208313,0.13542872667312622,0.13572096824645996,0.1359870582818985,0.13620229065418243,0.13634729385375977,0.13641224801540375,0.13639651238918304,0.13630688190460205,0.13615256547927856,0.13594189286231995,0.13567784428596497,0.1353582739830017,0.13497468829154968,0.1345158964395523,0.13396993279457092,0.13332733511924744,0.13258223235607147,0.1317346692085266,0.13078910112380981,0.12975382804870605,0.12863855063915253,0.12745270133018494,0.12620237469673157,0.12488983571529388,0.12351197749376297,0.12206245213747025,0.12053260952234268,0.11891502141952515,0.11720727384090424,0.11541339010000229,0.11354641616344452
0.12259481847286224,0.12366217374801636,0.12464674562215805,0.12549425661563873,0.12617528438568115,0.12669439613819122,0.1270902156829834,0.12742473185062408,0.1277657300233841,0.12816613912582397,0.12864810228347778,0.129196897149086,0.129764124751091,0.13028381764888763,0.13069188594818115,0.1309443861246109,0.13102826476097107,0.13096176087856293,0.130785271525383,0.1305474042892456,0.13028877973556519,0.13003285229206085,0.12978126108646393,0.12951785326004028,0.12921491265296936,0.1288420855998993,0.1283724457025528,0.12778665125370026,0.12707315385341644,0.1262272745370865,0.12525029480457306,0.12414805591106415,0.12293016910552979,0.12161005288362503,0.12020231783390045,0.11872117966413498,0.1171761304140091,0.11556953191757202,0.11389552056789398,0.112141914665699,0.11029613018035889,0.10835124552249908,0.10631384700536728
0.11394248902797699,0.11496147513389587,0.11593713611364365,0.11682038009166718,0.11757755279541016,0.11820338666439056,0.11872825771570206,0.11920996010303497,0.11971504241228104,0.1202923133969307,0.12095033377408981,0.12164837121963501,0.12230789661407471,0.12284038960933685,0.12317933887243271,0.12330574542284012,0.12325357645750046,0.1230945810675621,0.12290896475315094,0.12275440245866776,0.12264737486839294,0.12256032973527908,0.12243758141994476,0.12221875786781311,0.12185942381620407,0.12134379893541336,0.12068241834640503,0.11989997327327728,0.11902042478322983,0.11805514991283417,0.116998590528965,0.11583217978477478,0.11453564465045929,0.1130981519818306,0.11152586340904236,0.10984442383050919,0.10809238255023956,0.10630872845649719,0.10451994836330414,0.1027306541800499,0.10092207789421082,0.09906059503555298,0.09711471945047379
0.10483421385288239,0.10582197457551956,0.10681328922510147,0.10779961198568344,0.10874748975038528,0.1096128448843956,0.11036427319049835,0.11100288480520248,0.11156277358531952,0.11208818852901459,0.11260352283716202,0.11309240758419037,0.11350272595882416,0.11377698183059692,0.11389126628637314,0.1138773262500763,0.11381679773330688,0.11380583792924881,0.11390939354896545,0.11412648111581802,0.11438687890768051,0.11457697302103043,0.11458410322666168,0.11433801800012589,0.1138320341706276,0.1131163239479065,0.11227038502693176,0.11136817187070847,0.1104518249630928,0.10952216386795044,0.10854598879814148,0.10747164487838745,0.10624699294567108,0.10483300685882568,0.10321425646543503,0.10140484571456909,0.09944945573806763,0.09741542488336563,0.0953751653432846,0.09338273108005524,0.0914558693766594,0.08957094699144363,0.08767777681350708
0.09627733379602432,0.09721525758504868,0.09813550859689713,0.09910545498132706,0.1001177430152893,0.10109221935272217,0.10192716866731644,0.10256291180849075,0.10301607102155685,0.10336028784513474,0.10367323458194733,0.10398855805397034,0.10428638756275177,0.10452377051115036,0.10468025505542755,0.10478265583515167,0.10489138960838318,0.10505983233451843,0.10529492795467377,0.10554204136133194,0.10570672899484634,0.10569749027490616,0.10546665638685226,0.10503026843070984,0.10445474833250046,0.10381951183080673,0.1031746193766594,0.10251602530479431,0.1017913818359375,0.10093330591917038,0.09989842027425766,0.09868860244750977,0.09733886271715164,0.09588415175676346,0.09432804584503174,0.09264055639505386,0.09078720957040787,0.08876562118530273,0.08662302047014236,0.084438756108284,0.08228447288274765,0.08019426465034485,0.07816201448440552
0.0892161950469017,0.09009761363267899,0.09091084450483322,0.09176642447710037,0.09267240762710571,0.0935259759426117,0.09419174492359161,0.0946035087108612,0.09481349587440491,0.09495117515325546,0.09513495862483978,0.0954037681221962,0.09571848809719086,0.09601539373397827,0.09625998884439468,0.09645941108465195,0.09663166850805283,0.09677115082740784,0.09683778882026672,0.09678184241056442,0.09657804667949677,0.09624342620372772,0.09583072364330292,0.09540413320064545,0.09501074254512787,0.0946582704782486,0.09429994970560074,0.09383612126111984,0.09314136207103729,0.09211742132902145,0.0907503142952919,0.08913367241621017,0.08743014931678772,0.08578430861234665,0.08423861116170883,0.0827144980430603,0.08107712119817734,0.07923669368028641,0.07720793783664703,0.07508531957864761,0.07296376675367355,0.07087960094213486,0.06882110983133316
0.08455798774957657,0.08550398051738739,0.08632002025842667,0.08709061145782471,0.08781395107507706,0.08838176727294922,0.08867429941892624,0.08868103474378586,0.08852588385343552,0.08837395161390305,0.08831324428319931,0.0883149728178978,0.08829982578754425,0.0882318913936615,0.08815429359674454,0.08813756704330444,0.08820319920778275,0.08829926699399948,0.08834811300039291,0.08831707388162613,0.0882403552532196,0.08817356079816818,0.08812730014324188,0.08804118633270264,0.08782336860895157,0.08741547912359238,0.08682399988174438,0.08609083294868469,0.08523587882518768,0.08422797173261642,0.08301711082458496,0.08159831911325455,0.08004151284694672,0.07844521850347519,0.07684668898582458,0.07517523318529129,0.0733124241232872,0.07122037559747696,0.06901596486568451,0.06690086424350739,0.06499560177326202,0.0632397010922432,0.061468299478292465
0.08331599831581116,0.08410725742578506,0.08458095788955688,0.08488906174898148,0.08508703857660294,0.08508360385894775,0.08478754758834839,0.08425751328468323,0.0836830735206604,0.08322597295045853,0.08289698511362076,0.08258883655071259,0.08221657574176788,0.08182219415903091,0.081542007625103,0.0814785361289978,0.08160306513309479,0.08178094774484634,0.08189139515161514,0.08192421495914459,0.08195870369672775,0.08204963803291321,0.0821336880326271,0.08204446732997894,0.08162970840930939,0.08086633682250977,0.07988446205854416,0.07888273149728775,0.07800141721963882,0.07723834365606308,0.07646135240793228,0.07550261169672012,0.07427249848842621,0.07280167937278748,0.07117323577404022,0.0694085955619812,0.06744161993265152,0.06523703038692474,0.06293264776468277,0.06081056594848633,0.059068020433187485,0.05761699751019478,0.05616603046655655
0.08584573864936829,0.08571337908506393,0.08513209223747253,0.08449335396289825,0.08390459418296814,0.08320048451423645,0.08225373178720474,0.08117102086544037,0.0801851749420166,0.07943148165941238,0.07887651026248932,0.07842747867107391,0.0780661553144455,0.07786715775728226,0.07790639251470566,0.07815380394458771,0.07845290750265121,0.078616201877594,0.07855217903852463,0.07830927520990372,0.07799471914768219,0.07765985280275345,0.07726916670799255,0.07676976174116135,0.07617203146219254,0.07554347813129425,0.07492450624704361,0.07426971942186356,0.07348573952913284,0.07251851260662079,0.07137537002563477,0.07006872445344925,0.06859093904495239,0.06698092818260193,0.06537539511919022,0.0639059916138649,0.06252700835466385,0.06101996824145317,0.05924836918711662,0.05737343803048134,0.055717598646879196,0.054392702877521515,0.05316992849111557
0.09084948897361755,0.08941052854061127,0.08784730732440948,0.08661457151174545,0.08559556305408478,0.08440205454826355,0.0829131230711937,0.08137108385562897,0.0800371989607811,0.07895495742559433,0.07807090133428574,0.0774211511015892,0.07710498571395874,0.07714276760816574,0.07742592692375183,0.07777322828769684,0.07801127433776855,0.07804655283689499,0.07790255546569824,0.07766421139240265,0.07736539840698242,0.07694970816373825,0.07636041939258575,0.07566060870885849,0.07503753155469894,0.0746459886431694,0.07441091537475586,0.07399900257587433,0.07307197898626328,0.07161984592676163,0.07000124454498291,0.06858780235052109,0.06739862263202667,0.06616674363613129,0.06474686414003372,0.06331416219472885,0.062077201902866364,0.06090947985649109,0.0594714991748333,0.057718425989151,0.056084103882312775,0.05500735342502594,0.05439816415309906
0.09785512089729309,0.0956556648015976,0.09380576014518738,0.09246088564395905,0.0911310538649559,0.08931983262300491,0.08716312050819397,0.08518701046705246,0.0836196094751358,0.08229603618383408,0.08115027099847794,0.08040843158960342,0.08023741096258163,0.08049626648426056,0.0809236615896225,0.0813572108745575,0.08170076459646225,0.08187341690063477,0.0818745419383049,0.0817742869257927,0.08158569782972336,0.08122825622558594,0.08063167333602905,0.07980307191610336,0.07881788909435272,0.07779912650585175,0.0768410786986351,0.0758846178650856,0.07475797832012177,0.073465995490551,0.07235249131917953,0.0717817172408104,0.07163656502962112,0.07129654288291931,0.07023509591817856,0.0685659721493721,0.06685493141412735,0.06541238725185394,0.06400255858898163,0.06238600239157677,0.0609210729598999,0.06027642637491226,0.060572851449251175
0.10882879793643951,0.1062617376446724,0.10390423238277435,0.10185015946626663,0.09964919835329056,0.09691091626882553,0.09401051700115204,0.09163772314786911,0.08988199383020401,0.0883931890130043,0.08723711967468262,0.08686990290880203,0.08734076470136642,0.08820551633834839,0.08920393139123917,0.09038437902927399,0.09156066924333572,0.0922558456659317,0.09225258976221085,0.09174704551696777,0.09096095710992813,0.08998995274305344,0.08895733952522278,0.08793634921312332,0.08679155260324478,0.08542827516794205,0.08410613983869553,0.08321171998977661,0.08279003947973251,0.08253248780965805,0.08217323571443558,0.0817110538482666,0.08126379549503326,0.08080772310495377,0.08012168109416962,0.07904618978500366,0.07775958627462387,0.07659519463777542,0.0755881518125534,0.07453402131795883,0.07357686758041382,0.07331135123968124,0.07407871633768082
0.1244092509150505,0.12102572619915009,0.11715879291296005,0.11358442902565002,0.11035963892936707,0.1070246696472168,0.10375968366861343,0.10121346265077591,0.09939965605735779,0.09793746471405029,0.09715936332941055,0.09771858900785446,0.09931083768606186,0.10106315463781357,0.10291054844856262,0.1052553802728653,0.10756971687078476,0.10873524099588394,0.10858647525310516,0.10789662599563599,0.10708025842905045,0.10599964112043381,0.10476744174957275,0.10375019162893295,0.10300247371196747,0.10243720561265945,0.10226187109947205,0.10267969965934753,0.10345487296581268,0.10412400960922241,0.10432877391576767,0.10389073193073273,0.10304221510887146,0.10248739272356033,0.10262013971805573,0.10283096879720688,0.10223229974508286,0.10083949565887451,0.0994313657283783,0.09860686957836151,0.0985771045088768,0.09944690763950348,0.10114255547523499
0.14285433292388916,0.13849928975105286,0.13310551643371582,0.12821197509765625,0.12428868561983109,0.12060027569532394,0.11710265278816223,0.11467397212982178,0.1134498193860054,0.11285603791475296,0.11324988305568695,0.11544600874185562,0.11879871785640717,0.12195124477148056,0.12503854930400848,0.12881718575954437,0.1323060244321823,0.1337997019290924,0.13357414305210114,0.1332838088274002,0.1333831399679184,0.13311156630516052,0.13221748173236847,0.13110435009002686,0.1301552653312683,0.12997931241989136,0.13116863369941711,0.13308826088905334,0.1343177706003189,0.1347801238298416,0.13584214448928833,0.1380315124988556,0.1404135376214981,0.1423555165529251,0.14399594068527222,0.14488965272903442,0.14413407444953918,0.14202851057052612,0.14012807607650757,0.1397557258605957,0.14140018820762634,0.14480765163898468,0.14888647198677063
0.16469646990299225,0.1600123643875122,0.15418066084384918,0.14867153763771057,0.14412768185138702,0.13992948830127716,0.1362379789352417,0.13443726301193237,0.1347549557685852,0.13594645261764526,0.1379852592945099,0.1420719027519226,0.14766612648963928,0.1528969407081604,0.15775159001350403,0.16329221427440643,0.16843299567699432,0.17110511660575867,0.17160029709339142,0.17165416479110718,0.17168882489204407,0.17139001190662384,0.1710544228553772,0.17065779864788055,0.16997836530208588,0.1705682873725891,0.17446865141391754,0.18026556074619293,0.18408629298210144,0.18541008234024048,0.18807609379291534,0.19435052573680878,0.2016637921333313,0.20656435191631317,0.20861336588859558,0.20919615030288696,0.20939770340919495,0.2099396288394928,0.21108663082122803,0.2126251757144928,0.21512378752231598,0.2195553332567215,0.22481946647167206
