earth/public/data/atmosphere/W07/ANN-rh-isobaric-10hPa-gfs-1.0.json
{"header": {"discipline": 0, "disciplineName": "Meteorological products", "gribEdition": 2, "gribLength": 17922.0, "center": 0, "centerName": "Kiel Climate Model", "subcenter": 0, "refTime": "1", "significanceOfRT": 1, "significanceOfRTName": "Start of forecast", "productStatus": 0, "productStatusName": "Operational products", "productType": 1, "productTypeName": "Forecast products", "productDefinitionTemplate": 0, "productDefinitionTemplateName": "Analysis/forecast at horizontal level/layer at a point in time", "parameterCategory": 2, "parameterCategoryName": "Momentum", "parameterNumber": 2, "parameterNumberName": "U-component_of_wind", "parameterUnit": "%", "genProcessType": 2, "genProcessTypeName": "Forecast", "forecastTime": 0, "surface1Type": 103, "surface1TypeName": "Specified height level above ground", "surface1Value": 10, "surface2Type": 255, "surface2TypeName": "Missing", "surface2Value": 0, "gridDefinitionTemplate": 0, "gridDefinitionTemplateName": "Latitude_Longitude", "numberPoints": 65160, "shape": 6, "shapeName": "Earth spherical with radius of 6,371,229.0 m", "gridUnits": "degrees", "resolution": 48, "winds": "true", "scanMode": 0, "nx": 128.0, "ny": 64.0, "basicAngle": 0, "subDivisions": 0, "lo1": 0.0, "la1": 87.86379883923263, "lo2": 357.1875, "la2": -87.86379883923263, "dx": 2.8125, "dy": 2.7893269472772264}, "data":
[rows 17 to 33 of 64, columns 40 to 79 of 128]
0.0005030206521041691,0.0004851878620684147,0.0004676547832787037,0.00044981518294662237,0.0004339333681855351,0.000422551209339872,0.00041576786315999925,0.0004110408772248775,0.000406468752771616,0.0004019155167043209,0.0003995749866589904,0.0004014064325019717,0.00040695216739550233,0.00041424899245612323,0.0004218737012706697,0.0004307192866690457,0.0004424524668138474,0.0004562760586850345,0.0004711190704256296,0.0004862872010562569,0.0005025651189498603,0.0005209128139540553,0.0005405751871876419,0.0005604451871477067,0.000580251042265445,0.000600421626586467,0.0006206579273566604,0.0006402979488484561,0.0006587586249224842,0.0006768057937733829,0.0006957387668080628,0.0007168083684518933,0.0007396643632091582,0.0007633994682691991,0.0007871354464441538,0.0008106015739031136,0.0008336586179211736,0.0008565258467569947,0.0008791398140601814,0.0009018898126669228
0.0004308752540964633,0.0004181955591775477,0.0004082397499587387,0.00040027033537626266,0.00039533519884571433,0.0003937977598980069,0.00039381583337672055,0.00039313320303335786,0.00039220365579240024,0.00039305671816691756,0.00039732176810503006,0.00040462924516759813,0.00041285177576355636,0.0004209086182527244,0.0004296871193218976,0.000441072101239115,0.00045508798211812973,0.0004701094585470855,0.00048567604972049594,0.0005025498103350401,0.0005211741663515568,0.000540523964446038,0.0005595997790805995,0.0005776297766715288,0.0005951070343144238,0.0006124015199020505,0.0006294488557614386,0.0006461277953349054,0.0006630983552895486,0.0006809072219766676,0.0006992020644247532,0.0007170020253397524,0.0007336491835303605,0.0007491213036701083,0.0007643506396561861,0.0007802855689078569,0.0007974918698891997,0.0008160702418535948,0.0008352674194611609,0.0008545066812075675
0.0004024599038530141,0.0003988317621406168,0.0003970506659243256,0.00039495216333307326,0.00039288640255108476,0.00039111971273086965,0.0003893355024047196,0.0003881064767483622,0.0003895905683748424,0.0003945216885767877,0.00040191604057326913,0.0004099446232430637,0.0004178798117209226,0.000426282174885273,0.00043662491953000426,0.00044892399455420673,0.00046195375034585595,0.0004750270745716989,0.0004890383570455015,0.0005049057072028518,0.0005212255637161434,0.0005362920928746462,0.0005501277046278119,0.0005640030140057206,0.000578790670260787,0.0005938741378486156,0.0006084365304559469,0.0006229117861948907,0.000637680001091212,0.0006524962373077869,0.0006663321983069181,0.0006784770521335304,0.0006893966346979141,0.0007000825717113912,0.0007113323663361371,0.0007234469521790743,0.0007359472801908851,0.0007484694942831993,0.0007608054438605905,0.0007723942399024963
0.0003804102598223835,0.0003814210940618068,0.0003798700054176152,0.0003757472150027752,0.00037189226713962853,0.0003694398910738528,0.000368446228094399,0.00036967662163078785,0.0003739384701475501,0.0003795792581513524,0.0003850289504043758,0.00039058795664459467,0.00039745724643580616,0.00040634305332787335,0.00041710527148097754,0.00042820320231840014,0.0004387283988762647,0.0004493897722568363,0.00046127254609018564,0.0004739885334856808,0.00048576085828244686,0.0004965568659827113,0.0005075318040326238,0.0005196781130507588,0.0005319170886650681,0.0005430075107142329,0.0005528072942979634,0.0005619521834887564,0.0005703423521481454,0.0005778739578090608,0.0005848640576004982,0.0005926176672801375,0.0006018005660735071,0.0006122788763605058,0.0006227492121979594,0.0006321129621937871,0.0006402038270607591,0.0006472276872955263,0.0006537738954648376,0.0006596660241484642
0.0003575996670406312,0.00035855313763022423,0.00035660548019222915,0.00035489967558532953,0.00035694323014467955,0.0003614604356698692,0.0003665677213575691,0.00037247414002195,0.0003790184564422816,0.0003849792992696166,0.00039046432357281446,0.0003967160009779036,0.0004044552624691278,0.00041276446427218616,0.00042135888361372054,0.0004301202716305852,0.0004395988071337342,0.0004498564812820405,0.00046038225991651416,0.00047027203254401684,0.0004791860410477966,0.0004886062815785408,0.0004988913424313068,0.0005086652236059308,0.0005162811721675098,0.0005224369815550745,0.0005286109517328441,0.000534990627784282,0.0005410963203758001,0.0005465817521326244,0.000552284880541265,0.0005584603641182184,0.000564581947401166,0.0005695633008144796,0.0005732051795348525,0.0005763029330410063,0.0005799367791041732,0.0005845522973686457,0.0005900224787183106,0.0005957571556791663
0.00036244429065845907,0.00036430711043067276,0.0003649698046501726,0.000367091444786638,0.00037103969953022897,0.00037462261389009655,0.0003771175688598305,0.00038014038000255823,0.0003841022262349725,0.0003885620681103319,0.0003937646688427776,0.00039992548408918083,0.00040585201350040734,0.00041099434019997716,0.0004163436242379248,0.000422932964283973,0.00043041666503995657,0.0004377659352030605,0.00044431627611629665,0.00045005083666183054,0.00045566653716377914,0.00046137950266711414,0.00046671665040776134,0.0004707238986156881,0.00047359042218886316,0.00047712301602587104,0.0004818216257262975,0.00048665315262041986,0.0004911067662760615,0.0004956572083756328,0.0005001563695259392,0.0005036311340518296,0.0005052819033153355,0.0005054135690443218,0.0005054870271123946,0.0005065406439825892,0.0005087137105874717,0.0005111605860292912,0.000513013219460845,0.0005140372086316347
0.0003565128135960549,0.0003591982531361282,0.00036038775579072535,0.000360799313057214,0.00036050876951776445,0.00035967983421869576,0.00036010376061312854,0.00036286874092184007,0.00036641841870732605,0.00036944475141353905,0.0003720755339600146,0.00037467657239176333,0.0003771175106521696,0.00038002280052751303,0.00038430464337579906,0.000389381981221959,0.00039346294943243265,0.00039639940951019526,0.0003990759723819792,0.00040188152343034744,0.0004050304414704442,0.0004072669253218919,0.0004085675172973424,0.0004098689532838762,0.0004122653335798532,0.00041534280171617866,0.00041761534521356225,0.000418158684624359,0.00041794360731728375,0.000417882896726951,0.00041824765503406525,0.0004183496639598161,0.00041873761801980436,0.0004202767158858478,0.000422741926740855,0.0004248413606546819,0.0004256485844962299,0.00042506694444455206,0.0004232320061419159,0.0004202919371891767
0.00034089817199856043,0.0003427299379836768,0.0003433984238654375,0.0003437178093008697,0.0003449328651186079,0.00034843134926632047,0.0003546189400367439,0.00036199603346176445,0.0003673550672829151,0.0003701629757415503,0.00037151589640416205,0.0003727558068931103,0.0003744368441402912,0.0003771361371036619,0.00038018071791157126,0.0003827861219178885,0.0003845414030365646,0.0003864004393108189,0.0003886807826347649,0.0003912480897270143,0.0003934357955586165,0.0003949303354602307,0.00039640330942347646,0.00039833830669522285,0.000400351855205372,0.0004012158024124801,0.0004008180694654584,0.00040008671930991113,0.0003999730106443167,0.00040016783168539405,0.00039986640331335366,0.0003995463193859905,0.000399504933739081,0.00039984597242437303,0.0003993081918451935,0.0003972373378928751,0.00039453597855754197,0.00039268413092941046,0.00039223526255227625,0.0003925058408640325
0.00034859252627938986,0.00034955237060785294,0.00035044539254158735,0.00035178803955204785,0.00035419350024312735,0.00035748115624301136,0.00036126369377598166,0.00036452675703912973,0.0003664504620246589,0.0003675106563605368,0.00036834293860010803,0.0003693751059472561,0.00037044440978206694,0.00037104578223079443,0.000370911875506863,0.0003705031704157591,0.0003710732562467456,0.00037277332739904523,0.0003741691471077502,0.00037431050441227853,0.00037375016836449504,0.0003734472848009318,0.0003733873600140214,0.00037309114122763276,0.0003716151404660195,0.00036950595676898956,0.0003685579576995224,0.00036940028076060116,0.00037108390824869275,0.00037215882912278175,0.0003722164547070861,0.0003718718944583088,0.00037052371772006154,0.00036778301000595093,0.0003641066432464868,0.0003608621482271701,0.0003587627434171736,0.00035763412597589195,0.0003568807151168585,0.0003562097845133394
0.00034193869214504957,0.00034211386810056865,0.0003427934425417334,0.0003432385274209082,0.0003429679200053215,0.0003416886320337653,0.0003404738672543317,0.0003405386523809284,0.0003421276342123747,0.000343418272677809,0.0003433477249927819,0.0003422450099606067,0.0003409667406231165,0.00033993722172454,0.0003387551405467093,0.00033801121753640473,0.0003379863628651947,0.0003376273962203413,0.00033631734549999237,0.00033440193510614336,0.00033265570527873933,0.00033124355832114816,0.00032960408134385943,0.0003275320341344923,0.00032574651413597167,0.0003247737477067858,0.0003246874257456511,0.0003242573293391615,0.0003225270193070173,0.00032013384043239057,0.000318230566335842,0.00031716766534373164,0.00031595310429111123,0.00031479308381676674,0.0003144810616504401,0.0003154691366944462,0.0003160912892781198,0.00031503630452789366,0.0003118767053820193,0.000308187329210341
0.00032501615351065993,0.0003245324769522995,0.0003250872832722962,0.0003268540313001722,0.0003286904830019921,0.0003303156699985266,0.00033282575896009803,0.0003374809748493135,0.00034268476883880794,0.0003454655525274575,0.00034441714524291456,0.00034193586907349527,0.00034034543205052614,0.0003398865519557148,0.00033978853025473654,0.0003394666709937155,0.0003384447772987187,0.0003367665922269225,0.0003351977211423218,0.0003348452737554908,0.0003348623577039689,0.0003342334821354598,0.0003331718617118895,0.00033254650770686567,0.00033274348243139684,0.00033322247327305377,0.00033307861303910613,0.00033162563340738416,0.0003299523377791047,0.00032899019424803555,0.00032871158327907324,0.0003283405676484108,0.00032773023121990263,0.0003275025519542396,0.000327437708619982,0.00032680484582670033,0.0003251922898925841,0.0003233607276342809,0.00032254852703772485,0.0003234451578464359
0.0003346892190165818,0.0003329615865368396,0.00033271254505962133,0.00033519946737214923,0.0003385806339792907,0.00034044080530293286,0.00034097122261300683,0.0003419810673221946,0.00034320607664994895,0.0003432584635447711,0.0003414392995182425,0.0003394616942387074,0.00033842481207102537,0.0003374853986315429,0.000336073077050969,0.00033436372177675366,0.00033295052708126605,0.0003318020608276129,0.00033133686520159245,0.00033068470656871796,0.00032924802508205175,0.00032729722443036735,0.00032585053122602403,0.0003248672583140433,0.00032367161475121975,0.00032215414103120565,0.00032082610414363444,0.00032121213735081255,0.00032332268892787397,0.0003261874953750521,0.00032779070897959173,0.0003277567448094487,0.0003269029257353395,0.00032591118360869586,0.000324068998452276,0.00032129805185832083,0.0003192313597537577,0.00031914046849124134,0.00032042156090028584,0.00032229209318757057
0.00033263585646636784,0.0003295243950560689,0.00032668255153112113,0.0003265310078859329,0.00032734512933529913,0.0003257406351622194,0.00032166356686502695,0.0003178860933985561,0.00031611777376383543,0.00031501459307037294,0.0003134805883746594,0.000311672076350078,0.00031018321169540286,0.0003086016804445535,0.000306944566546008,0.0003057897265534848,0.00030546117341145873,0.00030526070622727275,0.0003042935277335346,0.00030193000566214323,0.0002990359498653561,0.00029698811704292893,0.0002959462290164083,0.0002950232883449644,0.0002937212702818215,0.00029277571593411267,0.00029299643938429654,0.000294206925900653,0.0002953819348476827,0.00029543141135945916,0.0002945968881249428,0.0002943187137134373,0.0002948123146779835,0.0002953005605377257,0.00029584072763100266,0.0002969755441881716,0.0002990192733705044,0.0003003257152158767,0.00029959692619740963,0.00029704286134801805
0.0003217632765881717,0.00031892830156721175,0.00031475984724238515,0.0003126208030153066,0.0003134518046863377,0.0003148580726701766,0.00031530499109067023,0.000316073012072593,0.00031741149723529816,0.000317699508741498,0.00031556616886518896,0.00031269752071239054,0.0003110687539447099,0.00031126869725994766,0.00031219690572470427,0.0003131153353024274,0.0003136227314826101,0.00031343899900093675,0.0003128593089058995,0.00031243442208506167,0.0003126603551208973,0.0003135162405669689,0.00031427585054188967,0.00031489256070926785,0.0003158778708893806,0.0003179546329192817,0.0003200981009285897,0.0003212102747056633,0.0003212369920220226,0.00032087808358483016,0.00032160530099645257,0.0003233928873669356,0.0003247580898460001,0.00032524988637305796,0.00032554747303947806,0.00032620623824186623,0.00032648813794367015,0.00032575323712080717,0.00032492511672899127,0.00032518297666683793
0.00033778062788769603,0.0003367246827110648,0.00033203110797330737,0.0003275560156907886,0.0003265966661274433,0.0003276446950621903,0.00032716806163080037,0.00032544563873670995,0.0003230997535865754,0.00032032266608439386,0.00031662944820709527,0.0003135646984446794,0.0003124956856481731,0.0003128674579784274,0.000313784257741645,0.00031455684802494943,0.00031486281659454107,0.0003150337724946439,0.0003155629674438387,0.00031657126965001225,0.0003173653967678547,0.0003175530000589788,0.0003172097494825721,0.0003168836410623044,0.00031737753306515515,0.00031809930806048214,0.0003187311231158674,0.0003197884070686996,0.00032247317722067237,0.0003266076964791864,0.00033052664366550744,0.00033285425161011517,0.00033309022546745837,0.0003320779651403427,0.0003305290301796049,0.0003284326521679759,0.00032571074552834034,0.0003241409722249955,0.00032505582203157246,0.0003277367795817554
0.0003363429568707943,0.00033612383413128555,0.00033113997778855264,0.00032459155772812665,0.00032022566301748157,0.0003163640503771603,0.0003103050112258643,0.0003030593798030168,0.00029766050283797085,0.00029484074912033975,0.0002936970558948815,0.00029268977232277393,0.0002913173520937562,0.00028974705492146313,0.0002890021132770926,0.00028996524633839726,0.0002915816439781338,0.00029295499552972615,0.00029365363297984004,0.0002931252238340676,0.0002915410732384771,0.00029008666751906276,0.00028980482602491975,0.00029009580612182617,0.00029015782638452947,0.00028990773716941476,0.0002899477258324623,0.0002914451470132917,0.00029404726228676736,0.00029653694946318865,0.0002974728122353554,0.0002975880343001336,0.00029798189643770456,0.0002989540225826204,0.0002999184944201261,0.0003003090969286859,0.000300535379210487,0.00030096055706962943,0.00030068063642829657,0.00029850556165911257
0.00031805166509002447,0.00031718643731437624,0.0003137551248073578,0.00030978518771007657,0.0003075728309340775,0.0003062592295464128,0.00030392056214623153,0.00030186635558493435,0.00030222313944250345,0.0003044949844479561,0.00030607907683588564,0.0003055623674299568,0.00030330539448186755,0.00030122121097519994,0.0003014439425896853,0.0003040622978005558,0.0003066226781811565,0.0003077421570196748,0.00030793112819083035,0.00030760184745304286,0.00030738365603610873,0.0003081193717662245,0.00030979671282693744,0.00031128159025684,0.0003124529030174017,0.0003142556524835527,0.00031648683943785727,0.0003184600209351629,0.0003193229786120355,0.0003192851145286113,0.00031947417301125824,0.00032096842187456787,0.00032320452737621963,0.00032452252344228327,0.0003246770065743476,0.00032463768729940057,0.00032488442957401276,0.0003247436252422631,0.0003233510651625693,0.0003216868208255619
