earth/public/data/atmosphere/W07/ANN-rh-isobaric-500hPa-gfs-1.0.json
{"header": {"discipline": 0, "disciplineName": "Meteorological products", "gribEdition": 2, "gribLength": 17922.0, "center": 0, "centerName": "Kiel Climate Model", "subcenter": 0, "refTime": "1", "significanceOfRT": 1, "significanceOfRTName": "Start of forecast", "productStatus": 0, "productStatusName": "Operational products", "productType": 1, "productTypeName": "Forecast products", "productDefinitionTemplate": 0, "productDefinitionTemplateName": "Analysis/forecast at horizontal level/layer at a point in time", "parameterCategory": 2, "parameterCategoryName": "Momentum", "parameterNumber": 2, "parameterNumberName": "U-component_of_wind", "parameterUnit": "%", "genProcessType": 2, "genProcessTypeName": "Forecast", "forecastTime": 0, "surface1Type": 103, "surface1TypeName": "Specified height level above ground", "surface1Value": 10, "surface2Type": 255, "surface2TypeName": "Missing", "surface2Value": 0, "gridDefinitionTemplate": 0, "gridDefinitionTemplateName": "Latitude_Longitude", "numberPoints": 65160, "shape": 6, "shapeName": "Earth spherical with radius of 6,371,229.0 m", "gridUnits": "degrees", "resolution": 48, "winds": "true", "scanMode": 0, "nx": 128.0, "ny": 64.0, "basicAngle": 0, "subDivisions": 0, "lo1": 0.0, "la1": 87.86379883923263, "lo2": 357.1875, "la2": -87.86379883923263, "dx": 2.8125, "dy": 2.7893269472772264}, "data":
[rows 38 to 56 of 64, columns 43 to 85 of 128]
0.42549726366996765,0.45833882689476013,0.4716112017631531,0.4569457769393921,0.42960023880004883,0.4048740863800049,0.3901926577091217,0.385113000869751,0.37698253989219666,0.35571804642677307,0.3321283757686615,0.3237973749637604,0.33133986592292786,0.3442184329032898,0.3587946593761444,0.37607482075691223,0.39267170429229736,0.4059986174106598,0.41774046421051025,0.42721793055534363,0.43319210410118103,0.43926185369491577,0.4473291039466858,0.4547393023967743,0.461226224899292,0.46762439608573914,0.4727017283439636,0.47783392667770386,0.4837528467178345,0.48549211025238037,0.48226743936538696,0.4796789288520813,0.4761112928390503,0.46570560336112976,0.45114290714263916,0.4355923533439636,0.4156428575515747,0.3922768533229828,0.36969444155693054,0.3459468185901642,0.32128578424453735,0.29998964071273804,0.2786480188369751
0.4013063311576843,0.42606285214424133,0.4401773512363434,0.43853333592414856,0.42304083704948425,0.4016985297203064,0.3845960795879364,0.3762558400630951,0.3694491684436798,0.35502734780311584,0.33612990379333496,0.3231373131275177,0.31942594051361084,0.3217913806438446,0.32895728945732117,0.3403826355934143,0.35267025232315063,0.3639422059059143,0.3750370740890503,0.38449907302856445,0.39065849781036377,0.39577174186706543,0.40120142698287964,0.4056762456893921,0.4104551076889038,0.41698288917541504,0.42335444688796997,0.42993175983428955,0.4389389157295227,0.44729819893836975,0.45155584812164307,0.4543989896774292,0.4572625160217285,0.4572264552116394,0.4539325535297394,0.4478028118610382,0.43652498722076416,0.42108044028282166,0.40432536602020264,0.3842107355594635,0.3606712818145752,0.33934876322746277,0.32065922021865845
0.37667906284332275,0.3905978500843048,0.3993312120437622,0.4052000939846039,0.4018562436103821,0.3898061513900757,0.37783196568489075,0.37116286158561707,0.36655110120773315,0.3597525656223297,0.3512504994869232,0.3425168991088867,0.333285927772522,0.3259636163711548,0.3257918357849121,0.3325951099395752,0.3399106562137604,0.34512007236480713,0.35123971104621887,0.35838884115219116,0.3640088140964508,0.3687669634819031,0.3733282685279846,0.376038134098053,0.3786557614803314,0.38441675901412964,0.39101651310920715,0.39602774381637573,0.4030316174030304,0.4138830006122589,0.4245094656944275,0.43253400921821594,0.4393048882484436,0.44521111249923706,0.44984447956085205,0.4525797963142395,0.4513026177883148,0.4454347789287567,0.43657439947128296,0.4239029884338379,0.4065171182155609,0.38818323612213135,0.3713901937007904
0.3421177566051483,0.3537360727787018,0.361592173576355,0.368965744972229,0.36872267723083496,0.36176127195358276,0.3566640615463257,0.3566921353340149,0.3588781952857971,0.36164501309394836,0.3644629716873169,0.36322203278541565,0.354501336812973,0.3435000777244568,0.3394586145877838,0.34308063983917236,0.3473445177078247,0.3499954342842102,0.3542592227458954,0.3593131899833679,0.3621622323989868,0.3647233545780182,0.3686050772666931,0.3708728551864624,0.37205639481544495,0.3767316937446594,0.38354799151420593,0.3878680467605591,0.39188864827156067,0.3999108672142029,0.41008350253105164,0.4195076823234558,0.42873674631118774,0.4376233220100403,0.4452104866504669,0.45205479860305786,0.4568718671798706,0.45695093274116516,0.4538038372993469,0.4502990245819092,0.44460418820381165,0.43462511897087097,0.4221506714820862
0.3015342950820923,0.3160008192062378,0.3280898928642273,0.3381682336330414,0.34196338057518005,0.3418997824192047,0.34398943185806274,0.3496907651424408,0.3576745092868805,0.36766210198402405,0.37754690647125244,0.38180509209632874,0.37766599655151367,0.3699272871017456,0.3653256297111511,0.3646351099014282,0.3652518391609192,0.36789485812187195,0.37354356050491333,0.37821269035339355,0.37900298833847046,0.37944456934928894,0.3817773461341858,0.38273322582244873,0.3820732533931732,0.38420993089675903,0.3892187178134918,0.39363759756088257,0.3980637490749359,0.40405386686325073,0.4098837077617645,0.41598135232925415,0.4250706434249878,0.43515437841415405,0.4430307447910309,0.4508722722530365,0.45951104164123535,0.46441829204559326,0.4654572606086731,0.46760088205337524,0.4693945050239563,0.46580350399017334,0.45946913957595825
0.29938453435897827,0.3122597932815552,0.3212723433971405,0.3288037180900574,0.3366582989692688,0.34599050879478455,0.3556287884712219,0.36448919773101807,0.374475359916687,0.38681110739707947,0.3980411887168884,0.4038938283920288,0.40472015738487244,0.4037521481513977,0.40226444602012634,0.3997991979122162,0.39772701263427734,0.3985736668109894,0.4016159176826477,0.4034425616264343,0.40368837118148804,0.40508636832237244,0.40750399231910706,0.4083976745605469,0.4084417521953583,0.409731924533844,0.4113921523094177,0.4133417010307312,0.4181499481201172,0.4243246018886566,0.42735013365745544,0.4294379651546478,0.43604665994644165,0.4445764124393463,0.4501391649246216,0.4562215805053711,0.4661736786365509,0.4746626615524292,0.47870516777038574,0.4829213321208954,0.48712581396102905,0.4862729609012604,0.48390570282936096
0.3489355444908142,0.35782212018966675,0.3607279658317566,0.3623926341533661,0.3686876595020294,0.3795100152492523,0.38954952359199524,0.39722999930381775,0.40653327107429504,0.41846054792404175,0.42817988991737366,0.43293726444244385,0.43573829531669617,0.4390077590942383,0.4410608112812042,0.4408358335494995,0.4403558373451233,0.4405999183654785,0.4399963617324829,0.4387402832508087,0.43960464000701904,0.44260287284851074,0.44428524374961853,0.44430139660835266,0.44605979323387146,0.44903993606567383,0.44897982478141785,0.4472668468952179,0.44960352778434753,0.45469990372657776,0.456620991230011,0.4571469724178314,0.46196186542510986,0.4682891070842743,0.47085314989089966,0.47349098324775696,0.48077672719955444,0.4879329204559326,0.49140024185180664,0.4963327944278717,0.5039994120597839,0.5077781081199646,0.5076714754104614
0.41752201318740845,0.42541974782943726,0.43028491735458374,0.4329371154308319,0.43675991892814636,0.44198381900787354,0.4461894631385803,0.450307697057724,0.457630455493927,0.4668256342411041,0.4728289246559143,0.47483566403388977,0.47665154933929443,0.4793557822704315,0.48048266768455505,0.48010656237602234,0.48090994358062744,0.48259133100509644,0.4827798008918762,0.48274335265159607,0.485346257686615,0.4883582890033722,0.4873879551887512,0.4844713509082794,0.4852702021598816,0.4887748658657074,0.48933956027030945,0.48766088485717773,0.48906320333480835,0.49260413646698,0.4934382438659668,0.49341100454330444,0.49726402759552,0.5023280382156372,0.5040438771247864,0.5057151913642883,0.5110640525817871,0.5154969692230225,0.5159794092178345,0.5189036726951599,0.5276641249656677,0.5348227024078369,0.5358150601387024
0.499555766582489,0.5046972036361694,0.5102778673171997,0.5134296417236328,0.5143934488296509,0.5145625472068787,0.5151316523551941,0.517535924911499,0.5216855406761169,0.5244269967079163,0.5234832167625427,0.5215713977813721,0.5224173665046692,0.524595320224762,0.5242923498153687,0.5222225189208984,0.5221672654151917,0.5242558717727661,0.5255447030067444,0.5259297490119934,0.527519941329956,0.529330313205719,0.5287144184112549,0.5269858241081238,0.5274996757507324,0.5295032858848572,0.5301734805107117,0.5307430028915405,0.5337455868721008,0.5367972254753113,0.5365617871284485,0.5356706380844116,0.5379612445831299,0.5410969853401184,0.541977047920227,0.5439044237136841,0.5497486591339111,0.5546138286590576,0.554376482963562,0.5540961623191833,0.55875563621521,0.5638008117675781,0.5642191171646118
0.5896884202957153,0.5895293354988098,0.588674783706665,0.5863220691680908,0.5834428668022156,0.5816889405250549,0.5818384289741516,0.5830693244934082,0.582779049873352,0.578333854675293,0.5706697702407837,0.5646324753761292,0.563570499420166,0.5653204321861267,0.5661118626594543,0.5662742257118225,0.5684046745300293,0.5715703964233398,0.5718321204185486,0.5681659579277039,0.5639491677284241,0.5624186992645264,0.5637192726135254,0.5662466883659363,0.5681544542312622,0.5680995583534241,0.5669618248939514,0.5675876140594482,0.5705817341804504,0.5727530717849731,0.5723932981491089,0.5725052356719971,0.5752065181732178,0.5773559212684631,0.5764967203140259,0.5763638019561768,0.5806344151496887,0.58589768409729,0.5873722434043884,0.5870876312255859,0.5893820524215698,0.5926575660705566,0.5931910276412964
0.65191650390625,0.6513858437538147,0.6489943861961365,0.6462544202804565,0.6443185806274414,0.6430712938308716,0.6417178511619568,0.6395822167396545,0.635911762714386,0.6299230456352234,0.6220633387565613,0.6144199371337891,0.608809232711792,0.6052847504615784,0.60359787940979,0.6047598123550415,0.6090829968452454,0.6134660243988037,0.6132326722145081,0.6071938872337341,0.5992467999458313,0.5943892002105713,0.5941293835639954,0.5959946513175964,0.5966512560844421,0.5952455997467041,0.5939185619354248,0.5947886109352112,0.5968877077102661,0.5977297425270081,0.5977380871772766,0.6001031398773193,0.605243444442749,0.6090167760848999,0.6087586283683777,0.6075811982154846,0.609369695186615,0.6127729415893555,0.6143659353256226,0.6149967908859253,0.6178931593894958,0.622199296951294,0.6238975524902344
0.6862521171569824,0.6881852746009827,0.6896821856498718,0.6914098858833313,0.6924949884414673,0.6909534335136414,0.6861999034881592,0.6802704930305481,0.6757804155349731,0.6730327606201172,0.6698542237281799,0.6641297340393066,0.6559462547302246,0.6474640369415283,0.6413109302520752,0.6388699412345886,0.6392412781715393,0.639676570892334,0.6376908421516418,0.6331495046615601,0.6280759572982788,0.6243625283241272,0.6220443248748779,0.619968831539154,0.617790699005127,0.6167700886726379,0.618249773979187,0.621477484703064,0.62378990650177,0.6237044930458069,0.6231345534324646,0.625090479850769,0.629453182220459,0.6330547332763672,0.6343312859535217,0.6354296207427979,0.6382883787155151,0.6410834193229675,0.6411975026130676,0.6400312781333923,0.6413906216621399,0.6454313397407532,0.647783637046814
0.7157036066055298,0.716799795627594,0.7180125713348389,0.7195138335227966,0.7201088070869446,0.7180355787277222,0.713151752948761,0.7076309323310852,0.7038249969482422,0.701655924320221,0.6987725496292114,0.6933515071868896,0.6862000823020935,0.6797794699668884,0.6754763722419739,0.6722731590270996,0.6681146621704102,0.6622875332832336,0.6562331318855286,0.6520188450813293,0.6501370072364807,0.6489777565002441,0.6465572118759155,0.6427110433578491,0.6394225358963013,0.6388646960258484,0.6411024332046509,0.6438784003257751,0.6448740363121033,0.644098162651062,0.6436079740524292,0.6447365283966064,0.6463744640350342,0.6468374729156494,0.6468594074249268,0.649056077003479,0.6539609432220459,0.658289909362793,0.6587042212486267,0.6564037203788757,0.6559363007545471,0.6593151688575745,0.6632971167564392
0.7325377464294434,0.7333011031150818,0.7330382466316223,0.7328367233276367,0.733232319355011,0.7338764667510986,0.7341368794441223,0.7335460186004639,0.7314960956573486,0.7270455360412598,0.7197977304458618,0.7111221551895142,0.7038884162902832,0.7002588510513306,0.6995505690574646,0.6986026167869568,0.6945972442626953,0.6876075267791748,0.680305540561676,0.6752194166183472,0.6724308133125305,0.6700013875961304,0.6664251089096069,0.6623092889785767,0.6595012545585632,0.6587901711463928,0.6588985919952393,0.657989501953125,0.6560011506080627,0.654988169670105,0.6567718982696533,0.6604495644569397,0.6629154682159424,0.6622701287269592,0.6602767109870911,0.6606181859970093,0.6646171808242798,0.6695224046707153,0.6716848611831665,0.6709256172180176,0.6707295179367065,0.673979640007019,0.6794474124908447
0.7394393682479858,0.7422416806221008,0.7431551218032837,0.7433353066444397,0.7440128922462463,0.7456536293029785,0.747730553150177,0.7490057349205017,0.7480528354644775,0.7439472675323486,0.736966073513031,0.7287594079971313,0.7215108275413513,0.716486394405365,0.7132038474082947,0.7100997567176819,0.7061028480529785,0.7015146613121033,0.6973129510879517,0.6937500834465027,0.6899544596672058,0.6851019263267517,0.679818868637085,0.6760168671607971,0.6750324368476868,0.6759814023971558,0.676307737827301,0.6742841601371765,0.6709751486778259,0.6694311499595642,0.6716514229774475,0.6763455867767334,0.6799650192260742,0.6801468729972839,0.6780527830123901,0.6771023869514465,0.6794116497039795,0.6837324500083923,0.687010645866394,0.6877024173736572,0.6871989965438843,0.688025951385498,0.6910793781280518
0.7484608292579651,0.7512132525444031,0.7533446550369263,0.7548722624778748,0.7555636763572693,0.7550786137580872,0.753311038017273,0.7505898475646973,0.7475245594978333,0.7445939183235168,0.741797924041748,0.7386132478713989,0.7342840433120728,0.7283235788345337,0.7210029363632202,0.7135149240493774,0.7075105905532837,0.7040756940841675,0.7027945518493652,0.7017892599105835,0.6990228891372681,0.6940072774887085,0.6884295344352722,0.6849279403686523,0.6848814487457275,0.6871329545974731,0.6888928413391113,0.6881120204925537,0.685193657875061,0.6824615001678467,0.6819050908088684,0.6833683848381042,0.6849098205566406,0.6849035024642944,0.683746874332428,0.6834703683853149,0.6856807470321655,0.6899131536483765,0.6939784288406372,0.6958716511726379,0.6953772306442261,0.6940061450004578,0.693598747253418
0.7403246164321899,0.7423962354660034,0.7477074861526489,0.7549679279327393,0.7614823579788208,0.7645535469055176,0.7629241347312927,0.7573964595794678,0.7502661347389221,0.7439297437667847,0.7395367622375488,0.7365081906318665,0.7331821918487549,0.7281398773193359,0.721325159072876,0.7142020463943481,0.708810031414032,0.7063373327255249,0.7062195539474487,0.7064660787582397,0.7050437927246094,0.7013248205184937,0.6964913606643677,0.6925697326660156,0.6908531785011292,0.690981924533844,0.691396951675415,0.6907287240028381,0.688899040222168,0.6870219111442566,0.686282753944397,0.6868674159049988,0.6879044771194458,0.688400149345398,0.6882350444793701,0.6882914304733276,0.6896280646324158,0.6924928426742554,0.6960517764091492,0.6990145444869995,0.7005631923675537,0.7008281350135803,0.700631320476532
0.7145610451698303,0.718108594417572,0.7268850207328796,0.7387937903404236,0.7499097585678101,0.7561951875686646,0.7552966475486755,0.7475034594535828,0.7354188561439514,0.7225958704948425,0.7119315266609192,0.7046598792076111,0.7003722786903381,0.6978562474250793,0.696108341217041,0.6948738098144531,0.6944656372070312,0.69514399766922,0.6966037154197693,0.6979909539222717,0.6984179019927979,0.6975536346435547,0.6958149671554565,0.6940162181854248,0.6927760243415833,0.6921658515930176,0.6918643712997437,0.6916369199752808,0.6916837692260742,0.6925236582756042,0.6944934129714966,0.697300136089325,0.70003342628479,0.7016754150390625,0.7017446160316467,0.7006065249443054,0.6992450952529907,0.6986865401268005,0.6994710564613342,0.7014721035957336,0.7040831446647644,0.7065702676773071,0.7083666324615479
0.7061064839363098,0.7102802395820618,0.7158331871032715,0.7206870913505554,0.722132682800293,0.7179068326950073,0.7072514891624451,0.691423773765564,0.6733816862106323,0.6567760109901428,0.6447027921676636,0.6387625336647034,0.6387832164764404,0.6432211399078369,0.6499531269073486,0.6570592522621155,0.6632951498031616,0.668175995349884,0.6717948913574219,0.674552857875824,0.6769335269927979,0.6793466210365295,0.6820179224014282,0.6849169731140137,0.6877695918083191,0.6901894211769104,0.6919025778770447,0.692941427230835,0.6936725974082947,0.6946046948432922,0.6960751414299011,0.6980067491531372,0.699907660484314,0.7011285424232483,0.7012344598770142,0.7002704739570618,0.6987674832344055,0.6974919438362122,0.6970846652984619,0.697779655456543,0.6993353366851807,0.7011889815330505,0.7027435898780823
