earth/public/data/atmosphere/W07/ANN-temp-isobaric-250hPa-gfs-1.0.json
{"header": {"discipline": 0, "disciplineName": "Meteorological products", "gribEdition": 2, "gribLength": 17922.0, "center": 0, "centerName": "Kiel Climate Model", "subcenter": 0, "refTime": "1", "significanceOfRT": 1, "significanceOfRTName": "Start of forecast", "productStatus": 0, "productStatusName": "Operational products", "productType": 1, "productTypeName": "Forecast products", "productDefinitionTemplate": 0, "productDefinitionTemplateName": "Analysis/forecast at horizontal level/layer at a point in time", "parameterCategory": 2, "parameterCategoryName": "Momentum", "parameterNumber": 2, "parameterNumberName": "U-component_of_wind", "parameterUnit": "K", "genProcessType": 2, "genProcessTypeName": "Forecast", "forecastTime": 0, "surface1Type": 103, "surface1TypeName": "Specified height level above ground", "surface1Value": 10, "surface2Type": 255, "surface2TypeName": "Missing", "surface2Value": 0, "gridDefinitionTemplate": 0, "gridDefinitionTemplateName": "Latitude_Longitude", "numberPoints": 65160, "shape": 6, "shapeName": "Earth spherical with radius of 6,371,229.0 m", "gridUnits": "degrees", "resolution": 48, "winds": "true", "scanMode": 0, "nx": 128.0, "ny": 64.0, "basicAngle": 0, "subDivisions": 0, "lo1": 0.0, "la1": 87.86379883923263, "lo2": 357.1875, "la2": -87.86379883923263, "dx": 2.8125, "dy": 2.7893269472772264}, "data":
[rows 19 to 37 of 64, columns 44 to 87 of 128]
225.43389892578125,225.43116760253906,225.45794677734375,225.4694366455078,225.43601989746094,225.37234497070312,225.28152465820312,225.15737915039062,225.02227783203125,224.88568115234375,224.71234130859375,224.4889678955078,224.25442504882812,224.02597045898438,223.77330017089844,223.48719787597656,223.20077514648438,222.93406677246094,222.67372131347656,222.40826416015625,222.1474609375,221.9081268310547,221.69619750976562,221.50462341308594,221.32823181152344,221.17442321777344,221.05123901367188,220.9583740234375,220.89881896972656,220.8794708251953,220.89593505859375,220.94154357910156,221.02816772460938,221.16871643066406,221.3490447998047,221.54913330078125,221.77651977539062,222.04464721679688,222.33616638183594,222.6224365234375,222.89822387695312,223.16217041015625,223.39198303222656,223.57933044433594
227.7615509033203,227.71755981445312,227.70443725585938,227.64761352539062,227.52207946777344,227.38209533691406,227.23728942871094,227.04974365234375,226.82838439941406,226.59754943847656,226.33677673339844,226.038818359375,225.7379913330078,225.4430694580078,225.13555908203125,224.82521057128906,224.52774047851562,224.229736328125,223.92648315429688,223.63816833496094,223.37130737304688,223.11911010742188,222.8865509033203,222.6775665283203,222.49038696289062,222.33949279785156,222.2378387451172,222.16737365722656,222.11160278320312,222.0901641845703,222.1233367919922,222.19825744628906,222.2990264892578,222.4327850341797,222.60548400878906,222.80494689941406,223.02191162109375,223.26034545898438,223.5167999267578,223.77342224121094,224.01873779296875,224.25221252441406,224.4672088623047,224.657470703125
229.67236328125,229.58763122558594,229.5220489501953,229.39794921875,229.20660400390625,229.02040100097656,228.83665466308594,228.6005859375,228.3298797607422,228.05931091308594,227.76902770996094,227.45709228515625,227.14895629882812,226.82896423339844,226.48846435546875,226.17156982421875,225.88417053222656,225.57833862304688,225.2615509033203,224.9827880859375,224.732177734375,224.47792053222656,224.23802185058594,224.0311279296875,223.8444061279297,223.68714904785156,223.58438110351562,223.52197265625,223.476318359375,223.46533203125,223.51040649414062,223.59095764160156,223.67913818359375,223.78346252441406,223.92703247070312,224.10569763183594,224.2938690185547,224.48243713378906,224.68280029296875,224.89491271972656,225.10264587402344,225.29885864257812,225.4820098876953,225.64198303222656
230.92323303222656,230.795654296875,230.6754608154297,230.5131378173828,230.31378173828125,230.13075256347656,229.93505859375,229.6840057373047,229.42347717285156,229.17657470703125,228.90101623535156,228.6119842529297,228.34857177734375,228.06886291503906,227.75108337402344,227.45806884765625,227.1984405517578,226.91574096679688,226.62835693359375,226.38473510742188,226.1497344970703,225.8924102783203,225.66160583496094,225.48133850097656,225.31394958496094,225.15435791015625,225.03518676757812,224.95960998535156,224.9141082763672,224.90399169921875,224.93336486816406,224.9912872314453,225.0668487548828,225.15797424316406,225.27114868164062,225.40782165527344,225.5499725341797,225.6844482421875,225.8265838623047,225.9866943359375,226.1476287841797,226.29934692382812,226.44332885742188,226.5604705810547
231.60812377929688,231.46253967285156,231.32386779785156,231.1638946533203,230.9882354736328,230.82696533203125,230.6409454345703,230.41258239746094,230.20501708984375,230.01495361328125,229.77525329589844,229.51876831054688,229.30783081054688,229.0963134765625,228.84825134277344,228.6147918701172,228.39979553222656,228.16055297851562,227.92449951171875,227.72015380859375,227.50234985351562,227.26268005371094,227.0573272705078,226.8927001953125,226.73397827148438,226.58811950683594,226.47589111328125,226.3951873779297,226.34637451171875,226.32408142089844,226.31231689453125,226.32374572753906,226.37850952148438,226.4536895751953,226.52464294433594,226.60653686523438,226.7059783935547,226.80360412597656,226.8988800048828,227.00099182128906,227.09776306152344,227.185791015625,227.2781524658203,227.35671997070312
231.9335174560547,231.8052215576172,231.69381713867188,231.5638885498047,231.4117431640625,231.2690887451172,231.11276245117188,230.93115234375,230.7732696533203,230.63235473632812,230.45310974121094,230.25906372070312,230.0938262939453,229.9268798828125,229.7422637939453,229.57017517089844,229.39791870117188,229.20384216308594,229.017578125,228.8455047607422,228.66030883789062,228.4786376953125,228.31875610351562,228.1534881591797,227.98956298828125,227.8672332763672,227.7740936279297,227.6881561279297,227.6335906982422,227.6068572998047,227.57183837890625,227.54806518554688,227.56967163085938,227.60511779785156,227.62588500976562,227.66177368164062,227.72613525390625,227.789794921875,227.84307861328125,227.89675903320312,227.9434814453125,227.9770965576172,228.0118408203125,228.04766845703125
232.06082153320312,231.96022033691406,231.88938903808594,231.7998504638672,231.67733764648438,231.56143188476562,231.4521942138672,231.3245391845703,231.18939208984375,231.06324768066406,230.9436798095703,230.828369140625,230.7046356201172,230.5615234375,230.42056274414062,230.29217529296875,230.1521759033203,230.00343322753906,229.865478515625,229.72024536132812,229.56768798828125,229.44358825683594,229.32666015625,229.17494201660156,229.03172302246094,228.93800354003906,228.84652709960938,228.74026489257812,228.67141723632812,228.63893127441406,228.5996856689453,228.56576538085938,228.55792236328125,228.55404663085938,228.55018615722656,228.56674194335938,228.59303283691406,228.60862731933594,228.62120056152344,228.64300537109375,228.67037963867188,228.68893432617188,228.68601989746094,228.67022705078125
232.0630340576172,231.99639892578125,231.95809936523438,231.9082489013672,231.8290557861328,231.7432861328125,231.66952514648438,231.59071350097656,231.48284912109375,231.3643035888672,231.27279663085938,231.19839477539062,231.10311889648438,230.99473571777344,230.90219116210938,230.8091278076172,230.6975555419922,230.59515380859375,230.5054473876953,230.39198303222656,230.26695251464844,230.1667022705078,230.06625366210938,229.94659423828125,229.8486785888672,229.77352905273438,229.67642211914062,229.57456970214844,229.5072021484375,229.45294189453125,229.3951416015625,229.353271484375,229.31997680664062,229.28573608398438,229.27359008789062,229.27542114257812,229.2583465576172,229.23521423339844,229.2245635986328,229.2122344970703,229.20664978027344,229.21739196777344,229.2030487060547,229.15016174316406
231.9801788330078,231.96539306640625,231.94949340820312,231.92691040039062,231.89134216308594,231.82579040527344,231.75733947753906,231.70977783203125,231.65159606933594,231.5707244873047,231.49562072753906,231.4253692626953,231.34732055664062,231.28160095214844,231.23033142089844,231.1618194580078,231.07901000976562,231.01266479492188,230.95335388183594,230.87692260742188,230.79476928710938,230.71414184570312,230.6227569580078,230.5352020263672,230.4625701904297,230.3748016357422,230.27540588378906,230.2083282470703,230.155029296875,230.07264709472656,229.994140625,229.94725036621094,229.89212036132812,229.82749938964844,229.79087829589844,229.75640869140625,229.70016479492188,229.66661071777344,229.6542510986328,229.60739135742188,229.55093383789062,229.5361785888672,229.51858520507812,229.4592742919922
231.8883056640625,231.92091369628906,231.9131317138672,231.89999389648438,231.8937530517578,231.848876953125,231.78561401367188,231.74822998046875,231.71795654296875,231.67514038085938,231.62559509277344,231.56666564941406,231.51019287109375,231.47134399414062,231.42962646484375,231.3748016357422,231.32879638671875,231.28770446777344,231.23214721679688,231.1787109375,231.1379852294922,231.08163452148438,231.00701904296875,230.9427490234375,230.87213134765625,230.76768493652344,230.67156982421875,230.61477661132812,230.54510498046875,230.4447479248047,230.3717041015625,230.326416015625,230.2565460205078,230.1765594482422,230.11688232421875,230.0489501953125,229.97244262695312,229.93118286132812,229.90541076660156,229.84561157226562,229.7790069580078,229.74575805664062,229.71530151367188,229.661865234375
231.82789611816406,231.8750457763672,231.87173461914062,231.86471557617188,231.8632049560547,231.8379669189453,231.80809020996094,231.78115844726562,231.7396240234375,231.70082092285156,231.67039489746094,231.63009643554688,231.59417724609375,231.5653076171875,231.5194549560547,231.48028564453125,231.47076416015625,231.44589233398438,231.38790893554688,231.34115600585938,231.307373046875,231.25132751464844,231.18556213378906,231.12997436523438,231.06114196777344,230.97557067871094,230.90220642089844,230.8288116455078,230.7305908203125,230.64183044433594,230.58656311035156,230.52330017089844,230.43858337402344,230.3679656982422,230.30686950683594,230.232666015625,230.16259765625,230.10252380371094,230.0369873046875,229.98097229003906,229.94459533691406,229.90194702148438,229.84681701660156,229.79791259765625
231.78207397460938,231.81329345703125,231.8240966796875,231.83224487304688,231.81118774414062,231.78292846679688,231.7901611328125,231.78700256347656,231.7435760498047,231.71063232421875,231.68992614746094,231.6509246826172,231.6190185546875,231.59642028808594,231.55728149414062,231.53033447265625,231.52452087402344,231.49378967285156,231.4442901611328,231.4087371826172,231.36447143554688,231.30075073242188,231.2441864013672,231.18621826171875,231.11363220214844,231.05426025390625,231.00503540039062,230.92544555664062,230.8351287841797,230.78073120117188,230.7282257080078,230.63595581054688,230.55062866210938,230.49835205078125,230.43179321289062,230.35581970214844,230.30616760253906,230.24337768554688,230.1554412841797,230.1064453125,230.08335876464844,230.02206420898438,229.95249938964844,229.91366577148438
231.77090454101562,231.77247619628906,231.7870330810547,231.80482482910156,231.7659454345703,231.722900390625,231.73228454589844,231.7342071533203,231.71128845214844,231.7124481201172,231.7062530517578,231.6619873046875,231.62879943847656,231.612548828125,231.5841827392578,231.56002807617188,231.53366088867188,231.48562622070312,231.4488067626953,231.42434692382812,231.37371826171875,231.32005310058594,231.28575134277344,231.22955322265625,231.1506805419922,231.09136962890625,231.03546142578125,230.9564666748047,230.88766479492188,230.84071350097656,230.77090454101562,230.6806640625,230.62191772460938,230.5760498046875,230.49188232421875,230.40908813476562,230.36859130859375,230.31907653808594,230.24996948242188,230.21139526367188,230.1744842529297,230.10438537597656,230.05267333984375,230.0223846435547
231.8106231689453,231.78790283203125,231.7793731689453,231.7867889404297,231.75421142578125,231.712646484375,231.69134521484375,231.66075134277344,231.64744567871094,231.67633056640625,231.68162536621094,231.6463623046875,231.62435913085938,231.6077880859375,231.57940673828125,231.56143188476562,231.53518676757812,231.4896240234375,231.4593505859375,231.42648315429688,231.36509704589844,231.31678771972656,231.28494262695312,231.22756958007812,231.16004943847656,231.09982299804688,231.02468872070312,230.94644165039062,230.88116455078125,230.8028106689453,230.713623046875,230.64794921875,230.59780883789062,230.5296630859375,230.44647216796875,230.37681579589844,230.32273864746094,230.26715087890625,230.22047424316406,230.18670654296875,230.13589477539062,230.0832977294922,230.06375122070312,230.03005981445312
231.85313415527344,231.82130432128906,231.78883361816406,231.77792358398438,231.75599670410156,231.71817016601562,231.66648864746094,231.61268615722656,231.60508728027344,231.63458251953125,231.63504028320312,231.6154022216797,231.60789489746094,231.58248901367188,231.5459442138672,231.5348358154297,231.5205841064453,231.48629760742188,231.45437622070312,231.40672302246094,231.3410186767578,231.2884521484375,231.22799682617188,231.1516876220703,231.09776306152344,231.04051208496094,230.95196533203125,230.8790283203125,230.81336975097656,230.71099853515625,230.62026977539062,230.56265258789062,230.47402954101562,230.36849975585938,230.30734252929688,230.25669860839844,230.17555236816406,230.10267639160156,230.06130981445312,230.01834106445312,229.96360778808594,229.9307861328125,229.9188232421875,229.88156127929688
231.87757873535156,231.8437957763672,231.8090362548828,231.78558349609375,231.7493133544922,231.69192504882812,231.63076782226562,231.59527587890625,231.6016082763672,231.6140594482422,231.6001739501953,231.58831787109375,231.58401489257812,231.5543975830078,231.52076721191406,231.507080078125,231.48187255859375,231.44351196289062,231.4079132080078,231.35560607910156,231.29940795898438,231.25350952148438,231.17630004882812,231.0828094482422,231.02110290527344,230.94439697265625,230.83412170410156,230.75418090820312,230.6805419921875,230.57028198242188,230.482666015625,230.41038513183594,230.28549194335938,230.1687774658203,230.11228942871094,230.03627014160156,229.92959594726562,229.86422729492188,229.82054138183594,229.75784301757812,229.7083740234375,229.68118286132812,229.6462860107422,229.61244201660156
231.9046630859375,231.87176513671875,231.84130859375,231.80746459960938,231.7435760498047,231.66099548339844,231.6044464111328,231.58607482910156,231.57809448242188,231.5565948486328,231.53082275390625,231.518310546875,231.50457763671875,231.47959899902344,231.4639892578125,231.44705200195312,231.4056396484375,231.3672332763672,231.33680725097656,231.2788543701172,231.21539306640625,231.16822814941406,231.09524536132812,231.0029754638672,230.92581176757812,230.8267364501953,230.70411682128906,230.6083984375,230.50991821289062,230.3848876953125,230.2823028564453,230.18275451660156,230.05325317382812,229.95111083984375,229.8640594482422,229.72769165039062,229.61083984375,229.561767578125,229.49078369140625,229.3959503173828,229.3547821044922,229.32354736328125,229.25997924804688,229.2294158935547
231.9139404296875,231.8797149658203,231.83888244628906,231.79251098632812,231.71688842773438,231.6297149658203,231.5748291015625,231.53883361816406,231.48487854003906,231.42709350585938,231.39466857910156,231.3736572265625,231.3401336669922,231.31033325195312,231.2996063232422,231.2772979736328,231.2333221435547,231.2047119140625,231.1798553466797,231.11337280273438,231.0294647216797,230.9617156982422,230.88421630859375,230.79159545898438,230.70169067382812,230.60025024414062,230.4918212890625,230.39170837402344,230.27413940429688,230.1426544189453,230.02549743652344,229.89744567871094,229.76251220703125,229.6588134765625,229.53347778320312,229.3652801513672,229.25457763671875,229.18856811523438,229.06130981445312,228.93695068359375,228.89407348632812,228.8394317626953,228.75311279296875,228.7255401611328
231.85464477539062,231.79644775390625,231.72598266601562,231.6648406982422,231.59324645996094,231.51138305664062,231.4456329345703,231.38235473632812,231.30052185058594,231.22708129882812,231.18338012695312,231.1443634033203,231.09263610839844,231.04783630371094,231.017822265625,230.9800567626953,230.93089294433594,230.89013671875,230.84783935546875,230.7808074951172,230.7015380859375,230.62353515625,230.5340576171875,230.4322052001953,230.3274383544922,230.22071838378906,230.1165771484375,230.00680541992188,229.87924194335938,229.75721740722656,229.6442108154297,229.5032196044922,229.35317993164062,229.22714233398438,229.08258056640625,228.92218017578125,228.80799865722656,228.69261169433594,228.5271453857422,228.4053497314453,228.34336853027344,228.23855590820312,228.13131713867188,228.1025848388672
