earth/public/data/atmosphere/W07/ANN-wind-isobaric-700hPa-gfs-1.0.json
{"header": {"discipline": 0, "disciplineName": "Meteorological products", "gribEdition": 2, "gribLength": 17922.0, "center": 0, "centerName": "Kiel Climate Model", "subcenter": 0, "refTime": "1", "significanceOfRT": 1, "significanceOfRTName": "Start of forecast", "productStatus": 0, "productStatusName": "Operational products", "productType": 1, "productTypeName": "Forecast products", "productDefinitionTemplate": 0, "productDefinitionTemplateName": "Analysis/forecast at horizontal level/layer at a point in time", "parameterCategory": 2, "parameterCategoryName": "Momentum", "parameterNumber": 2, "parameterNumberName": "V-component_of_wind", "parameterUnit": "m/s", "genProcessType": 2, "genProcessTypeName": "Forecast", "forecastTime": 0, "surface1Type": 103, "surface1TypeName": "Specified height level above ground", "surface1Value": 10, "surface2Type": 255, "surface2TypeName": "Missing", "surface2Value": 0, "gridDefinitionTemplate": 0, "gridDefinitionTemplateName": "Latitude_Longitude", "numberPoints": 65160, "shape": 6, "shapeName": "Earth spherical with radius of 6,371,229.0 m", "gridUnits": "degrees", "resolution": 48, "winds": "true", "scanMode": 0, "nx": 128.0, "ny": 64.0, "basicAngle": 0, "subDivisions": 0, "lo1": 0.0, "la1": 87.86379883923263, "lo2": 357.1875, "la2": -87.86379883923263, "dx": 2.8125, "dy": 2.7893269472772264}, "data":
[rows 38 to 56 of 64, columns 0 to 41 of 128]
-0.19057577848434448,-0.38855504989624023,-1.0020452737808228,-1.69391930103302,-1.9171968698501587,-1.7709301710128784,-1.4068670272827148,-0.8787410855293274,-0.6224702000617981,-0.6050739884376526,0.010053420439362526,1.1656466722488403,1.620097279548645,0.9891219139099121,0.20150478184223175,-0.056179895997047424,0.18163365125656128,0.674271821975708,1.0124473571777344,0.8816375136375427,0.5545073747634888,0.45108816027641296,0.5227532386779785,0.5695160031318665,0.6048682928085327,0.6606889367103577,0.7068039178848267,0.734276533126831,0.7230986952781677,0.7120857834815979,0.7711938619613647,0.7926143407821655,0.6804903745651245,0.5899091362953186,0.5726523995399475,0.4722045063972473,0.3458278775215149,0.28588512539863586,0.040635284036397934,-0.5146686434745789,-1.0869468450546265,-1.46320378780365
0.37816786766052246,0.24549193680286407,-0.36851438879966736,-1.2873659133911133,-1.9687491655349731,-2.3035190105438232,-2.3070483207702637,-1.9197306632995605,-1.3886632919311523,-0.7863508462905884,0.2632932960987091,1.4822895526885986,1.8417049646377563,1.1085877418518066,0.0853884294629097,-0.6065519452095032,-0.7785136699676514,-0.371578186750412,0.24100059270858765,0.47832274436950684,0.36799687147140503,0.35468482971191406,0.5193256139755249,0.6517166495323181,0.709791362285614,0.7973034381866455,0.956710934638977,1.105940341949463,1.1416285037994385,1.1203993558883667,1.1439838409423828,1.133269190788269,1.046825885772705,1.0235832929611206,1.0282562971115112,0.8881358504295349,0.6953103542327881,0.5284708142280579,0.1398492306470871,-0.5245710015296936,-1.1386522054672241,-1.5486937761306763
0.9265159964561462,0.9139195680618286,0.5132513642311096,-0.3910548985004425,-1.5521516799926758,-2.6446032524108887,-3.2188029289245605,-2.9499526023864746,-2.0915167331695557,-1.0352230072021484,0.15913614630699158,1.2116782665252686,1.4967838525772095,0.9085218906402588,-0.029080478474497795,-0.8611689805984497,-1.2825005054473877,-1.0640478134155273,-0.46064653992652893,-0.033175140619277954,0.10649380087852478,0.24211864173412323,0.44826793670654297,0.6033203601837158,0.7124851942062378,0.8591226935386658,1.0433722734451294,1.1991957426071167,1.2973023653030396,1.3901456594467163,1.4922090768814087,1.5265119075775146,1.5194048881530762,1.5773643255233765,1.6057006120681763,1.4643471240997314,1.259106159210205,1.0168142318725586,0.4913996458053589,-0.3202844262123108,-1.061953067779541,-1.550361156463623
1.322271704673767,1.4477003812789917,1.3033387660980225,0.6639772653579712,-0.5626730918884277,-2.1353819370269775,-3.354975938796997,-3.588568687438965,-2.8988051414489746,-1.7525904178619385,-0.4889896810054779,0.5238204002380371,0.8425877094268799,0.4438308775424957,-0.25123295187950134,-0.876922070980072,-1.2363919019699097,-1.2164713144302368,-0.9356314539909363,-0.641985297203064,-0.3815028965473175,-0.08175497502088547,0.20678848028182983,0.4351605474948883,0.671028733253479,0.9309008717536926,1.1326967477798462,1.261796474456787,1.4106273651123047,1.6306973695755005,1.8374652862548828,1.9379180669784546,1.995076298713684,2.0894687175750732,2.1190013885498047,2.0018482208251953,1.8522648811340332,1.6543488502502441,1.1381654739379883,0.2562059760093689,-0.6489325761795044,-1.2722469568252563
1.416092872619629,1.684772253036499,1.7473129034042358,1.4793535470962524,0.6295598745346069,-0.8722488284111023,-2.520540237426758,-3.543184280395508,-3.5610556602478027,-2.7004330158233643,-1.3668925762176514,-0.18112581968307495,0.2880779206752777,0.01653083972632885,-0.530390739440918,-0.9639694690704346,-1.204480528831482,-1.2936925888061523,-1.263946533203125,-1.1125813722610474,-0.8169519305229187,-0.4346497356891632,-0.09132947027683258,0.1953841894865036,0.5138176679611206,0.8636746406555176,1.1500483751296997,1.3591594696044922,1.576061487197876,1.8284424543380737,2.0336265563964844,2.14091420173645,2.226605176925659,2.3465869426727295,2.412175416946411,2.3630011081695557,2.2793006896972656,2.1324124336242676,1.6754648685455322,0.7986834049224854,-0.23046883940696716,-1.0105842351913452
1.0961732864379883,1.434077501296997,1.6286125183105469,1.6468913555145264,1.2430542707443237,0.1424478143453598,-1.4582798480987549,-2.8760063648223877,-3.4569716453552246,-2.998891592025757,-1.852949619293213,-0.7532002329826355,-0.31082087755203247,-0.5336101055145264,-0.975959062576294,-1.2957806587219238,-1.4542728662490845,-1.498183250427246,-1.4201983213424683,-1.2109204530715942,-0.9035892486572266,-0.5622612833976746,-0.24324819445610046,0.050366610288619995,0.355584055185318,0.6876516938209534,1.0255776643753052,1.3479400873184204,1.647361397743225,1.9119430780410767,2.1181817054748535,2.2651264667510986,2.396759033203125,2.536802053451538,2.6299893856048584,2.6258223056793213,2.552700996398926,2.3931636810302734,1.9805104732513428,1.1806188821792603,0.13913826644420624,-0.757614016532898
0.5505038499832153,0.835233211517334,1.0746419429779053,1.2295795679092407,1.1047924757003784,0.44671839475631714,-0.6924247741699219,-1.853309154510498,-2.4926557540893555,-2.3830277919769287,-1.7757240533828735,-1.2074946165084839,-1.046374797821045,-1.2160038948059082,-1.4253907203674316,-1.5425370931625366,-1.5972689390182495,-1.573561668395996,-1.418637990951538,-1.1752375364303589,-0.9290995001792908,-0.675443708896637,-0.35867470502853394,0.0053380816243588924,0.3513146936893463,0.674385666847229,1.0216039419174194,1.3906421661376953,1.7248244285583496,1.9996715784072876,2.234668016433716,2.4332427978515625,2.581158399581909,2.679466485977173,2.7250614166259766,2.6990716457366943,2.603834629058838,2.4394543170928955,2.1188857555389404,1.5086649656295776,0.6257584691047668,-0.26333868503570557
0.06371967494487762,0.22710587084293365,0.41919323801994324,0.5882298946380615,0.587236225605011,0.26501667499542236,-0.3595775067806244,-1.0605875253677368,-1.5572606325149536,-1.7146378755569458,-1.6391422748565674,-1.5654528141021729,-1.6051002740859985,-1.6565883159637451,-1.6106481552124023,-1.52647864818573,-1.4996384382247925,-1.4801677465438843,-1.3657872676849365,-1.175370216369629,-0.9821779727935791,-0.7560303807258606,-0.4185577929019928,0.0009641870856285095,0.3999442160129547,0.7544209361076355,1.1151504516601562,1.4811983108520508,1.793636441230774,2.0375723838806152,2.246436595916748,2.419361114501953,2.5239274501800537,2.5608575344085693,2.5493569374084473,2.478428840637207,2.336662769317627,2.141967296600342,1.8751507997512817,1.4447886943817139,0.8078755140304565,0.091891348361969
-0.3138372004032135,-0.26677483320236206,-0.18770308792591095,-0.10177449882030487,-0.09671981632709503,-0.24461998045444489,-0.5470156073570251,-0.9410696029663086,-1.3223856687545776,-1.5852489471435547,-1.697535514831543,-1.721015453338623,-1.714433193206787,-1.6603729724884033,-1.5428249835968018,-1.4278764724731445,-1.3771226406097412,-1.335566520690918,-1.2024915218353271,-0.9714843034744263,-0.709883987903595,-0.4401489794254303,-0.13480807840824127,0.20047585666179657,0.528639018535614,0.8487884998321533,1.184693694114685,1.5188417434692383,1.8036725521087646,2.0243170261383057,2.194166660308838,2.3096437454223633,2.362130641937256,2.3671016693115234,2.330341100692749,2.2176475524902344,2.006307363510132,1.727829098701477,1.411292552947998,1.030739665031433,0.565535306930542,0.0698511004447937
-0.5338232517242432,-0.5555920004844666,-0.5714378356933594,-0.5891222357749939,-0.6404697299003601,-0.7344827055931091,-0.8674046397209167,-1.0511531829833984,-1.2756203413009644,-1.4647345542907715,-1.5346561670303345,-1.4893827438354492,-1.4056965112686157,-1.3352757692337036,-1.2750964164733887,-1.2162930965423584,-1.1543320417404175,-1.0528627634048462,-0.8611583113670349,-0.5804420113563538,-0.26947951316833496,0.023418279364705086,0.29962146282196045,0.5801966786384583,0.8713609576225281,1.1658776998519897,1.4538003206253052,1.7243268489837646,1.9671446084976196,2.168301582336426,2.3023862838745117,2.3484222888946533,2.320101261138916,2.2527267932891846,2.1504263877868652,1.9800457954406738,1.7292810678482056,1.4291988611221313,1.1013469696044922,0.7314626574516296,0.32320672273635864,-0.07465927302837372
-0.4970628023147583,-0.5712337493896484,-0.6359813809394836,-0.7131994962692261,-0.8186041116714478,-0.921197235584259,-0.9825606942176819,-1.0198580026626587,-1.080723524093628,-1.1633341312408447,-1.211264967918396,-1.1907538175582886,-1.1284986734390259,-1.0635093450546265,-0.9999220967292786,-0.9207009077072144,-0.8146671056747437,-0.6729342937469482,-0.48465901613235474,-0.25457555055618286,-0.005711872596293688,0.25206494331359863,0.5405951142311096,0.8808093667030334,1.2483817338943481,1.581519365310669,1.8369555473327637,2.0253257751464844,2.1811835765838623,2.3062965869903564,2.3619747161865234,2.321260452270508,2.205484390258789,2.0508596897125244,1.859009027481079,1.61170494556427,1.3209128379821777,1.0207725763320923,0.7097417712211609,0.34926870465278625,-0.06459362804889679,-0.47565698623657227
-0.3118913769721985,-0.47410690784454346,-0.5980710387229919,-0.7189149856567383,-0.8699887990951538,-1.025177001953125,-1.125285267829895,-1.1568646430969238,-1.1691899299621582,-1.2071030139923096,-1.2565927505493164,-1.2692973613739014,-1.218514084815979,-1.1148772239685059,-0.9812647700309753,-0.8292458653450012,-0.6550721526145935,-0.4484652876853943,-0.20811523497104645,0.04797886312007904,0.29671189188957214,0.5407814979553223,0.8134825229644775,1.1370599269866943,1.480461597442627,1.7756880521774292,1.980104923248291,2.108471393585205,2.196056842803955,2.246799945831299,2.2374305725097656,2.1636312007904053,2.0508153438568115,1.909216284751892,1.7062926292419434,1.4093652963638306,1.0394264459609985,0.6511189937591553,0.2654770314693451,-0.14100101590156555,-0.5744872689247131,-0.9901171326637268
-0.020454147830605507,-0.24054090678691864,-0.41827449202537537,-0.5753922462463379,-0.7515957951545715,-0.9463945627212524,-1.1139883995056152,-1.2174148559570312,-1.266971468925476,-1.295477271080017,-1.3111793994903564,-1.2911016941070557,-1.215944766998291,-1.0961986780166626,-0.9583931565284729,-0.811427116394043,-0.6325833797454834,-0.3895531892776489,-0.07781250029802322,0.2650161385536194,0.5861600637435913,0.8607717752456665,1.1051161289215088,1.346228003501892,1.5862500667572021,1.8033506870269775,1.9802589416503906,2.115865468978882,2.2061758041381836,2.231781005859375,2.1805479526519775,2.074352502822876,1.9510595798492432,1.8144785165786743,1.6207650899887085,1.328459620475769,0.9507574439048767,0.5412360429763794,0.13508832454681396,-0.27271419763565063,-0.6891130805015564,-1.0894767045974731
0.43300768733024597,0.21282881498336792,0.0020480044186115265,-0.18626265227794647,-0.3680896461009979,-0.556171178817749,-0.7366093993186951,-0.8822506070137024,-0.9793689846992493,-1.0325062274932861,-1.0482763051986694,-1.025524616241455,-0.964148223400116,-0.8754034042358398,-0.7750481367111206,-0.6648823022842407,-0.5258185267448425,-0.33392032980918884,-0.08467908948659897,0.19965992867946625,0.48783817887306213,0.7628765106201172,1.0265157222747803,1.2835253477096558,1.5279850959777832,1.7472944259643555,1.9326040744781494,2.0758721828460693,2.157440662384033,2.1485562324523926,2.035982608795166,1.8410526514053345,1.6049195528030396,1.3535364866256714,1.084342360496521,0.7889694571495056,0.47743234038352966,0.16847260296344757,-0.13974790275096893,-0.473835289478302,-0.8532019853591919,-1.26153564453125
0.7672516703605652,0.49674588441848755,0.21915587782859802,-0.025972221046686172,-0.2329527735710144,-0.4195183217525482,-0.5998557806015015,-0.7710697054862976,-0.9199280142784119,-1.0346078872680664,-1.108049988746643,-1.1344213485717773,-1.1073812246322632,-1.023016095161438,-0.8837985396385193,-0.6998846530914307,-0.4873598515987396,-0.26404285430908203,-0.042667414993047714,0.17616812884807587,0.4047507643699646,0.6570795178413391,0.9310590624809265,1.199609398841858,1.4227849245071411,1.5736026763916016,1.6545727252960205,1.6887003183364868,1.6942607164382935,1.6683707237243652,1.593239426612854,1.4542959928512573,1.2506771087646484,0.9927765130996704,0.6967880725860596,0.3827056884765625,0.0699118971824646,-0.23429065942764282,-0.542960524559021,-0.8797548413276672,-1.2546309232711792,-1.6482139825820923
0.890195906162262,0.5959992408752441,0.3140431344509125,0.07024254649877548,-0.139141246676445,-0.33699437975883484,-0.5408138036727905,-0.7474091649055481,-0.9378278255462646,-1.093246340751648,-1.205006718635559,-1.2711100578308105,-1.2857787609100342,-1.234596610069275,-1.1015324592590332,-0.8829550743103027,-0.5965269804000854,-0.2762574255466461,0.04415525868535042,0.3471345901489258,0.6327870488166809,0.904050886631012,1.1480776071548462,1.332069993019104,1.420939564704895,1.4048500061035156,1.3138808012008667,1.2059581279754639,1.135373592376709,1.1239893436431885,1.1533178091049194,1.178748369216919,1.1531156301498413,1.045720100402832,0.8503572344779968,0.5826624035835266,0.2702656090259552,-0.05917555093765259,-0.38602495193481445,-0.6995721459388733,-0.9945456385612488,-1.2692837715148926
1.12956702709198,0.9493685960769653,0.774944007396698,0.5973148345947266,0.3981228768825531,0.16541901230812073,-0.09154997766017914,-0.3425254821777344,-0.5535853505134583,-0.708968997001648,-0.8200957775115967,-0.9138942360877991,-1.0086942911148071,-1.095445990562439,-1.1378809213638306,-1.0914589166641235,-0.9280356764793396,-0.6505157351493835,-0.2904573082923889,0.10629669576883316,0.4942823052406311,0.8353861570358276,1.0989553928375244,1.2619752883911133,1.3140408992767334,1.2641582489013672,1.1419450044631958,0.9883216619491577,0.8392178416252136,0.7118697166442871,0.6016212105751038,0.48986491560935974,0.35702282190322876,0.19305557012557983,0.001591300591826439,-0.20189034938812256,-0.39549681544303894,-0.5581285357475281,-0.6774581074714661,-0.7574679851531982,-0.822795569896698,-0.9157728552818298
1.0863807201385498,0.9059867858886719,0.7026501297950745,0.4637890160083771,0.18206709623336792,-0.13409705460071564,-0.45752957463264465,-0.7520779967308044,-0.9913827180862427,-1.174595594406128,-1.327123999595642,-1.483052134513855,-1.6584445238113403,-1.83189058303833,-1.9453480243682861,-1.9267696142196655,-1.7232332229614258,-1.3274849653244019,-0.7852203249931335,-0.18103255331516266,0.3886730372905731,0.8429843783378601,1.1339690685272217,1.2506511211395264,1.211808204650879,1.0529135465621948,0.8129004240036011,0.5247429013252258,0.21197004616260529,-0.10916248708963394,-0.4246547520160675,-0.7186152338981628,-0.9729236364364624,-1.1708236932754517,-1.3018360137939453,-1.3650351762771606,-1.3690851926803589,-1.3305295705795288,-1.2725517749786377,-1.2251384258270264,-1.224082589149475,-1.3049346208572388
0.23689411580562592,-0.05092623829841614,-0.3043431043624878,-0.5223841071128845,-0.7148587703704834,-0.8972298502922058,-1.0860278606414795,-1.2968356609344482,-1.5434499979019165,-1.8344695568084717,-2.165149211883545,-2.506213665008545,-2.796335458755493,-2.946322441101074,-2.8590235710144043,-2.4612841606140137,-1.7369214296340942,-0.746616005897522,0.37520721554756165,1.447952389717102,2.2883169651031494,2.7554733753204346,2.7835726737976074,2.3928239345550537,1.678404688835144,0.7833989858627319,-0.13430091738700867,-0.9317600131034851,-1.5015686750411987,-1.781855821609497,-1.7578188180923462,-1.4579193592071533,-0.9470207691192627,-0.3166985511779785,0.32769331336021423,0.8833485841751099,1.267410159111023,1.4315718412399292,1.3696227073669434,1.1159639358520508,0.7363067269325256,0.3141346275806427
