earth/public/data/atmosphere/W07/ANN-rh-isobaric-500hPa-gfs-1.0.json
{"header": {"discipline": 0, "disciplineName": "Meteorological products", "gribEdition": 2, "gribLength": 17922.0, "center": 0, "centerName": "Kiel Climate Model", "subcenter": 0, "refTime": "1", "significanceOfRT": 1, "significanceOfRTName": "Start of forecast", "productStatus": 0, "productStatusName": "Operational products", "productType": 1, "productTypeName": "Forecast products", "productDefinitionTemplate": 0, "productDefinitionTemplateName": "Analysis/forecast at horizontal level/layer at a point in time", "parameterCategory": 2, "parameterCategoryName": "Momentum", "parameterNumber": 2, "parameterNumberName": "U-component_of_wind", "parameterUnit": "%", "genProcessType": 2, "genProcessTypeName": "Forecast", "forecastTime": 0, "surface1Type": 103, "surface1TypeName": "Specified height level above ground", "surface1Value": 10, "surface2Type": 255, "surface2TypeName": "Missing", "surface2Value": 0, "gridDefinitionTemplate": 0, "gridDefinitionTemplateName": "Latitude_Longitude", "numberPoints": 65160, "shape": 6, "shapeName": "Earth spherical with radius of 6,371,229.0 m", "gridUnits": "degrees", "resolution": 48, "winds": "true", "scanMode": 0, "nx": 128.0, "ny": 64.0, "basicAngle": 0, "subDivisions": 0, "lo1": 0.0, "la1": 87.86379883923263, "lo2": 357.1875, "la2": -87.86379883923263, "dx": 2.8125, "dy": 2.7893269472772264}, "data":
[rows 19 to 37 of 64, columns 43 to 85 of 128]
0.589860200881958,0.5705944895744324,0.5567618012428284,0.5529950857162476,0.5514848828315735,0.548492968082428,0.5493916273117065,0.5532951951026917,0.554110050201416,0.5551772713661194,0.5623942613601685,0.5697466135025024,0.5696917772293091,0.5671795010566711,0.5686810612678528,0.5695968866348267,0.5639510154724121,0.5554375648498535,0.5503319501876831,0.5475592613220215,0.5423197150230408,0.5348159670829773,0.5292156338691711,0.5257816910743713,0.5208569169044495,0.5139458775520325,0.5067328810691833,0.4971255362033844,0.48404833674430847,0.47326913475990295,0.4676646888256073,0.46003541350364685,0.44594845175743103,0.4317377209663391,0.4208323061466217,0.40690878033638,0.3875986933708191,0.3691413104534149,0.35300391912460327,0.3340802788734436,0.31499308347702026,0.3071616590023041,0.31640052795410156
0.61606764793396,0.592954158782959,0.5737738609313965,0.5663667321205139,0.5607352256774902,0.5501631498336792,0.5428586602210999,0.5413938164710999,0.5382127165794373,0.5333555340766907,0.5311833620071411,0.527134120464325,0.5177140831947327,0.5094598531723022,0.5059507489204407,0.5024135708808899,0.4967641532421112,0.49152469635009766,0.487512469291687,0.4842042326927185,0.4807520806789398,0.47557052969932556,0.46967387199401855,0.4652528464794159,0.4602407217025757,0.4523470401763916,0.44371548295021057,0.4349176287651062,0.42405247688293457,0.4135594069957733,0.4056027829647064,0.39558327198028564,0.38190391659736633,0.37085866928100586,0.36329105496406555,0.3518492877483368,0.3356193006038666,0.32141461968421936,0.31127581000328064,0.30302852392196655,0.2988351285457611,0.30195650458335876,0.3119601309299469
0.5790407657623291,0.5581590533256531,0.5389677286148071,0.5315457582473755,0.5268068909645081,0.5166475176811218,0.5086722373962402,0.5049740076065063,0.49773097038269043,0.48838570713996887,0.48182108998298645,0.4734480082988739,0.46240565180778503,0.4550151228904724,0.44891947507858276,0.4397008419036865,0.4338882565498352,0.4340081214904785,0.4317892789840698,0.42635419964790344,0.4234432280063629,0.4203293025493622,0.41374891996383667,0.40780866146087646,0.4022907018661499,0.3934578597545624,0.3849327862262726,0.3794132471084595,0.3720690906047821,0.3622671067714691,0.35416868329048157,0.3465220630168915,0.33772584795951843,0.33078715205192566,0.3247954249382019,0.3164978623390198,0.3092184066772461,0.3061951696872711,0.3045102059841156,0.30439913272857666,0.3105665445327759,0.32209813594818115,0.33554258942604065
0.5082933902740479,0.49313580989837646,0.47828829288482666,0.47171762585639954,0.46813201904296875,0.46186888217926025,0.4585723578929901,0.4560756981372833,0.4459809958934784,0.43482232093811035,0.4296116828918457,0.4223860204219818,0.4128755033016205,0.4101341664791107,0.40733975172042847,0.396462619304657,0.38927626609802246,0.39052608609199524,0.3872922360897064,0.37942206859588623,0.3765529990196228,0.37334853410720825,0.3646891117095947,0.3585057556629181,0.35466861724853516,0.34606441855430603,0.3375425934791565,0.3336632549762726,0.3280802071094513,0.32048100233078003,0.3167847692966461,0.31482359766960144,0.3116931915283203,0.30970677733421326,0.3074590265750885,0.30474263429641724,0.30769312381744385,0.3149721622467041,0.31888318061828613,0.32232531905174255,0.33202898502349854,0.3456020653247833,0.36212432384490967
0.44885367155075073,0.4423193633556366,0.436135858297348,0.43274345993995667,0.42937642335891724,0.4232300817966461,0.4209885597229004,0.42002230882644653,0.4106828570365906,0.4012541174888611,0.3995625376701355,0.39264896512031555,0.3789457678794861,0.3743750751018524,0.3745839297771454,0.3665391504764557,0.3597385287284851,0.3600709140300751,0.3552159070968628,0.3463601768016815,0.3428367078304291,0.3368794620037079,0.32535091042518616,0.31956174969673157,0.3167477548122406,0.3077402114868164,0.300375759601593,0.29934361577033997,0.2966069281101227,0.294038325548172,0.2968774437904358,0.2986309230327606,0.2985656261444092,0.30355343222618103,0.30982568860054016,0.31420817971229553,0.3233283758163452,0.33484363555908203,0.341781347990036,0.35032665729522705,0.36418139934539795,0.3763056695461273,0.390254944562912
0.4317585527896881,0.43229812383651733,0.43115612864494324,0.4304724931716919,0.4292025566101074,0.42127248644828796,0.41395124793052673,0.4109688401222229,0.40231770277023315,0.392505019903183,0.3916251063346863,0.3873525559902191,0.3735923171043396,0.3665829598903656,0.3664739429950714,0.3599280118942261,0.353208988904953,0.3520401120185852,0.34591397643089294,0.3360143005847931,0.329883873462677,0.3205510675907135,0.30843621492385864,0.3041442036628723,0.30123504996299744,0.2929299771785736,0.29046887159347534,0.2943076193332672,0.29400527477264404,0.295817106962204,0.3042568862438202,0.3086685538291931,0.31189966201782227,0.32398903369903564,0.33651992678642273,0.3443543314933777,0.3563940227031708,0.36990055441856384,0.3793465197086334,0.3938055634498596,0.41291332244873047,0.42462092638015747,0.43381768465042114
0.46170949935913086,0.46318119764328003,0.4585595726966858,0.4559538662433624,0.4585719108581543,0.4523504078388214,0.44039565324783325,0.4347795248031616,0.4263228178024292,0.4116560220718384,0.40472909808158875,0.4029385447502136,0.3967303931713104,0.3932984471321106,0.3928161561489105,0.38555821776390076,0.3774656355381012,0.37421268224716187,0.36698248982429504,0.3560430705547333,0.3474802076816559,0.33667099475860596,0.32547879219055176,0.3212905526161194,0.3172769546508789,0.3111805021762848,0.31314289569854736,0.3175862729549408,0.31566575169563293,0.3190857470035553,0.3306083679199219,0.3373287320137024,0.34411147236824036,0.3583834767341614,0.36873531341552734,0.3756771683692932,0.39106088876724243,0.4069046974182129,0.41689011454582214,0.4329255223274231,0.4540209472179413,0.46939271688461304,0.4825088679790497
0.508605420589447,0.5097624659538269,0.5031147599220276,0.49835437536239624,0.5035549402236938,0.5002994537353516,0.4863129258155823,0.4797171950340271,0.47478896379470825,0.46039488911628723,0.44841691851615906,0.44429436326026917,0.4401671886444092,0.4376949369907379,0.43715497851371765,0.43177473545074463,0.42528319358825684,0.42181745171546936,0.4150620400905609,0.4055481553077698,0.39817729592323303,0.3888857364654541,0.3776915669441223,0.37036198377609253,0.36471816897392273,0.3601909875869751,0.3599570095539093,0.3576924800872803,0.3533278703689575,0.3589913547039032,0.3699471354484558,0.3741215467453003,0.3796790540218353,0.3898341655731201,0.3940657675266266,0.40038639307022095,0.4177514612674713,0.43163272738456726,0.44006383419036865,0.4569953382015228,0.4770009219646454,0.49392396211624146,0.5138599276542664
0.5566792488098145,0.561397135257721,0.5577511787414551,0.5516999959945679,0.5548007488250732,0.5507439970970154,0.5334111452102661,0.5212119817733765,0.5151692032814026,0.5054419040679932,0.49763286113739014,0.4939003586769104,0.4878386855125427,0.482926607131958,0.4827418327331543,0.4819726049900055,0.479765385389328,0.47765639424324036,0.47235360741615295,0.46520838141441345,0.4602733850479126,0.45388269424438477,0.4433330297470093,0.4338676929473877,0.4290013015270233,0.4258928894996643,0.41885799169540405,0.40704673528671265,0.40150511264801025,0.4083783030509949,0.4136480689048767,0.4103533923625946,0.410965234041214,0.4155358076095581,0.41638511419296265,0.42331114411354065,0.4363502860069275,0.4405099153518677,0.4460096061229706,0.4658234715461731,0.4825124740600586,0.49142488837242126,0.5062961578369141
0.6134845018386841,0.621526837348938,0.6136736869812012,0.5994375348091125,0.5956235527992249,0.5896597504615784,0.5723469853401184,0.5541977286338806,0.5379769206047058,0.5229961276054382,0.5153053998947144,0.512245774269104,0.5070745944976807,0.5032000541687012,0.5032964944839478,0.502714991569519,0.49977490305900574,0.4960640072822571,0.4904455840587616,0.4826779365539551,0.4756735861301422,0.469118595123291,0.4593367278575897,0.4485836923122406,0.4431605637073517,0.43929794430732727,0.4263301193714142,0.4077516198158264,0.3991830050945282,0.4007345736026764,0.3973331153392792,0.3889901041984558,0.38714808225631714,0.3883970379829407,0.38845303654670715,0.3948456048965454,0.4006306231021881,0.39542409777641296,0.39701223373413086,0.41430896520614624,0.4246917963027954,0.42433756589889526,0.42827314138412476
0.6575258374214172,0.6628127694129944,0.6407115459442139,0.6122493147850037,0.5985097289085388,0.5873945355415344,0.5730564594268799,0.5594730973243713,0.5403390526771545,0.5163771510124207,0.4969593286514282,0.4823383390903473,0.47116076946258545,0.46521857380867004,0.4605412185192108,0.45239725708961487,0.4421165883541107,0.43286624550819397,0.4245796203613281,0.41395682096481323,0.40149030089378357,0.3912736475467682,0.380646288394928,0.36653515696525574,0.3550797700881958,0.34661129117012024,0.3319280743598938,0.31358474493026733,0.30273085832595825,0.29712677001953125,0.28877830505371094,0.2814944088459015,0.28010088205337524,0.27961987257003784,0.27919116616249084,0.28343501687049866,0.2860788106918335,0.28195109963417053,0.2820727825164795,0.2893495559692383,0.29269105195999146,0.2929723262786865,0.29377785325050354
0.6716170907020569,0.6681424379348755,0.6347302198410034,0.5977614521980286,0.5727709531784058,0.5432422757148743,0.5158894062042236,0.5008882284164429,0.484674870967865,0.46199139952659607,0.4375932216644287,0.41099828481674194,0.388179749250412,0.37388697266578674,0.36077237129211426,0.34530290961265564,0.33032360672950745,0.3169920742511749,0.3061850965023041,0.2949933707714081,0.28108498454093933,0.2698019742965698,0.2606530785560608,0.2472311407327652,0.2336786538362503,0.22440513968467712,0.214220330119133,0.20328886806964874,0.19603075087070465,0.18970359861850739,0.18265697360038757,0.17829561233520508,0.1765539050102234,0.17521332204341888,0.17463627457618713,0.1750917136669159,0.17589469254016876,0.1776861548423767,0.17963017523288727,0.17847482860088348,0.17746083438396454,0.1820276826620102,0.1838560700416565
0.6815928816795349,0.6699506044387817,0.6349518895149231,0.5997051000595093,0.5695799589157104,0.5230056047439575,0.4739619791507721,0.43788424134254456,0.40539026260375977,0.37851521372795105,0.35885733366012573,0.3348940312862396,0.3101418912410736,0.29202520847320557,0.2746947407722473,0.25825953483581543,0.2457306832075119,0.23314885795116425,0.22185881435871124,0.21314674615859985,0.20306900143623352,0.19460614025592804,0.18944726884365082,0.1820969432592392,0.17446909844875336,0.17034989595413208,0.16618725657463074,0.1620160937309265,0.15972426533699036,0.15630696713924408,0.15192623436450958,0.14877648651599884,0.1459069699048996,0.14406579732894897,0.14300799369812012,0.13965213298797607,0.13660389184951782,0.1380041241645813,0.13946183025836945,0.13639837503433228,0.13398964703083038,0.13638935983181,0.1366874873638153
0.6895632147789001,0.6760914921760559,0.6424344778060913,0.6105291247367859,0.5863609910011292,0.5519356727600098,0.5137403607368469,0.4720955193042755,0.4191611111164093,0.37539899349212646,0.3515414893627167,0.32997769117355347,0.30821600556373596,0.2916768789291382,0.27371495962142944,0.2569129467010498,0.24623557925224304,0.2350018471479416,0.22339734435081482,0.21536661684513092,0.20696505904197693,0.1989656686782837,0.1937888264656067,0.1875574290752411,0.1813146024942398,0.1773756593465805,0.17214617133140564,0.16656281054019928,0.16326993703842163,0.15918764472007751,0.15420778095722198,0.15071846544742584,0.14716382324695587,0.14296595752239227,0.1390778124332428,0.1351885348558426,0.1318269968032837,0.1288200467824936,0.1256524622440338,0.12352652102708817,0.12143709510564804,0.11826387792825699,0.11702609062194824
0.6646088361740112,0.6505403518676758,0.615114688873291,0.5814333558082581,0.5626670122146606,0.5523226857185364,0.5503992438316345,0.5391983389854431,0.5019568204879761,0.46133431792259216,0.43449658155441284,0.41023576259613037,0.3888578712940216,0.3743899166584015,0.35737094283103943,0.3393266499042511,0.3270328938961029,0.31537190079689026,0.303305447101593,0.2933656573295593,0.28217294812202454,0.2715160548686981,0.2636776268482208,0.25362879037857056,0.24208177626132965,0.23249022662639618,0.22151654958724976,0.20963595807552338,0.2004697173833847,0.1913110315799713,0.1813380867242813,0.17404699325561523,0.16764844954013824,0.15841972827911377,0.1491495817899704,0.14479057490825653,0.14275453984737396,0.13653352856636047,0.12921926379203796,0.12724408507347107,0.1252615749835968,0.11922483891248703,0.11708484590053558
0.6088827848434448,0.5902851223945618,0.5556352734565735,0.5229340195655823,0.5017606616020203,0.49023035168647766,0.49417802691459656,0.5037349462509155,0.500337541103363,0.49033665657043457,0.4827592670917511,0.4727734923362732,0.4637775421142578,0.45882993936538696,0.45044541358947754,0.43963325023651123,0.4312340319156647,0.42284852266311646,0.4154149889945984,0.4089478850364685,0.39886361360549927,0.38891708850860596,0.38237497210502625,0.37291958928108215,0.36076536774635315,0.35059094429016113,0.33853283524513245,0.32321807742118835,0.3091655969619751,0.2948005795478821,0.27790606021881104,0.262429803609848,0.24902188777923584,0.2339819222688675,0.21896807849407196,0.2083282172679901,0.19937628507614136,0.18794436752796173,0.17830485105514526,0.1733635812997818,0.1671101450920105,0.15893620252609253,0.15421529114246368
0.5456910729408264,0.529405951499939,0.5058242678642273,0.4834894835948944,0.4632274806499481,0.4377249479293823,0.41697850823402405,0.4111899435520172,0.41319966316223145,0.41912102699279785,0.43181610107421875,0.44869840145111084,0.4652150273323059,0.47730714082717896,0.48374143242836,0.48854386806488037,0.49160149693489075,0.4913485646247864,0.49356013536453247,0.4979746639728546,0.49701127409935,0.4934036135673523,0.4915182888507843,0.486513614654541,0.4790540337562561,0.4735940098762512,0.4653484523296356,0.45170748233795166,0.43777602910995483,0.4230339825153351,0.4039015769958496,0.3830186128616333,0.3628770112991333,0.3426600694656372,0.32326364517211914,0.3045846223831177,0.2844524681568146,0.2659077048301697,0.253017395734787,0.24054297804832458,0.2241697460412979,0.21046610176563263,0.20105890929698944
0.48878660798072815,0.49119970202445984,0.4840751588344574,0.46906575560569763,0.45195335149765015,0.4271712303161621,0.39920341968536377,0.3800685405731201,0.367689847946167,0.35916709899902344,0.364684134721756,0.38898104429244995,0.41916030645370483,0.44146475195884705,0.45781436562538147,0.47466859221458435,0.4875791668891907,0.4939095675945282,0.5022946000099182,0.514144778251648,0.5215434432029724,0.5252291560173035,0.5286756157875061,0.5286170244216919,0.526131808757782,0.524865448474884,0.5209922194480896,0.5127690434455872,0.504214882850647,0.49424049258232117,0.47988882660865784,0.4627275764942169,0.44268831610679626,0.41949760913848877,0.397174209356308,0.3755045235157013,0.35088205337524414,0.32791900634765625,0.3100593090057373,0.2892075479030609,0.26385825872421265,0.24364158511161804,0.22740694880485535
0.45017701387405396,0.4751056134700775,0.48072758316993713,0.4630261957645416,0.4395129382610321,0.41835564374923706,0.4017115831375122,0.3908645510673523,0.37648800015449524,0.35366517305374146,0.3386787176132202,0.34682250022888184,0.36926278471946716,0.38987118005752563,0.40798187255859375,0.4281421899795532,0.44508808851242065,0.4554078280925751,0.46527099609375,0.476277232170105,0.4843074679374695,0.4912141263484955,0.4991111755371094,0.5046485066413879,0.5078454613685608,0.510837733745575,0.5117823481559753,0.5109673738479614,0.5100973844528198,0.5058650374412537,0.4974958896636963,0.48853185772895813,0.47585558891296387,0.4556874632835388,0.43385353684425354,0.4134215712547302,0.3898358643054962,0.36495742201805115,0.342583030462265,0.3179934322834015,0.29134631156921387,0.26908355951309204,0.24744591116905212
