earth/public/data/atmosphere/W07/ANN-precip-surface-level-gfs-1.0.json
{"header": {"discipline": 0, "disciplineName": "Meteorological products", "gribEdition": 2, "gribLength": 17922.0, "center": 0, "centerName": "Kiel Climate Model", "subcenter": 0, "refTime": "1", "significanceOfRT": 1, "significanceOfRTName": "Start of forecast", "productStatus": 0, "productStatusName": "Operational products", "productType": 1, "productTypeName": "Forecast products", "productDefinitionTemplate": 0, "productDefinitionTemplateName": "Analysis/forecast at horizontal level/layer at a point in time", "parameterCategory": 2, "parameterCategoryName": "Momentum", "parameterNumber": 2, "parameterNumberName": "U-component_of_wind", "parameterUnit": "mm/day", "genProcessType": 2, "genProcessTypeName": "Forecast", "forecastTime": 0, "surface1Type": 103, "surface1TypeName": "Specified height level above ground", "surface1Value": 10, "surface2Type": 255, "surface2TypeName": "Missing", "surface2Value": 0, "gridDefinitionTemplate": 0, "gridDefinitionTemplateName": "Latitude_Longitude", "numberPoints": 65160, "shape": 6, "shapeName": "Earth spherical with radius of 6,371,229.0 m", "gridUnits": "degrees", "resolution": 48, "winds": "true", "scanMode": 0, "nx": 128.0, "ny": 64.0, "basicAngle": 0, "subDivisions": 0, "lo1": 0.0, "la1": 87.86379883923263, "lo2": 357.1875, "la2": -87.86379883923263, "dx": 2.8125, "dy": 2.7893269472772264}, "data":
[rows 19 to 37 of 64, columns 43 to 85 of 128]
3.0604588985443115,3.3991360664367676,3.1076765060424805,4.311971187591553,6.1629533767700195,4.171591281890869,4.031858444213867,5.984086990356445,6.152053356170654,5.647984504699707,5.888010025024414,6.245436668395996,5.510313034057617,4.738609313964844,4.879565715789795,4.880184650421143,4.212153434753418,3.518604278564453,3.375112533569336,3.290987253189087,3.0263025760650635,2.7861340045928955,2.6348819732666016,2.489686965942383,2.369781255722046,2.3324406147003174,2.2199699878692627,1.9757615327835083,1.7384542226791382,1.7042711973190308,1.728574275970459,1.6000114679336548,1.4372127056121826,1.4122568368911743,1.4533920288085938,1.389345645904541,1.2654430866241455,1.2098792791366577,1.14186429977417,0.9198508858680725,0.699987530708313,0.7781002521514893,0.9127203822135925
4.52053689956665,3.783046007156372,3.764439344406128,4.447453022003174,4.330475807189941,5.861659526824951,5.265310287475586,5.539088726043701,5.262160778045654,4.487075328826904,4.518588066101074,4.71867561340332,4.003960609436035,3.25101900100708,3.3496851921081543,3.459437847137451,2.9961769580841064,2.6564619541168213,2.6474969387054443,2.6071128845214844,2.3552393913269043,2.1711719036102295,2.064082384109497,1.9817225933074951,1.9167165756225586,1.8165792226791382,1.6537150144577026,1.540358066558838,1.5145490169525146,1.531322717666626,1.4874037504196167,1.3700454235076904,1.2291382551193237,1.1722930669784546,1.1911088228225708,1.169272541999817,1.0879253149032593,0.9845633506774902,0.939278244972229,0.9091128706932068,0.871290922164917,0.7734410166740417,0.606169581413269
4.560728549957275,4.323986530303955,4.015772342681885,4.901676177978516,5.291396141052246,4.5432233810424805,3.3829708099365234,3.776958703994751,4.0656819343566895,3.4657340049743652,3.3833136558532715,3.5141220092773438,3.002156972885132,2.520777940750122,2.6449739933013916,2.609372138977051,2.147110939025879,2.063721179962158,2.2286105155944824,2.008643388748169,1.7210047245025635,1.686931848526001,1.6518161296844482,1.5188345909118652,1.4442594051361084,1.3295938968658447,1.185043454170227,1.1869559288024902,1.2629214525222778,1.2152705192565918,1.1381760835647583,1.1488854885101318,1.170913815498352,1.1051595211029053,1.0281524658203125,1.0001016855239868,0.9803047180175781,0.9386531114578247,0.8315306305885315,0.784631609916687,0.7909354567527771,0.7893656492233276,0.6334972977638245
5.978354454040527,5.343071460723877,3.941016674041748,3.9961016178131104,4.21802282333374,3.160109758377075,2.8138015270233154,3.867530107498169,4.108504295349121,3.0007569789886475,2.8291103839874268,3.119155168533325,2.6466269493103027,2.3307740688323975,2.5520272254943848,2.2314765453338623,1.5829845666885376,1.6327015161514282,1.8106673955917358,1.3468306064605713,1.1499419212341309,1.3617151975631714,1.3275196552276611,1.1224995851516724,1.1410175561904907,1.1793195009231567,1.0621610879898071,1.0659741163253784,1.11028254032135,0.9757800698280334,0.8972057104110718,0.9945388436317444,1.067726969718933,1.0075204372406006,0.9822076559066772,0.9878551959991455,1.024025321006775,1.0638785362243652,0.956205427646637,0.7482295036315918,0.6679791808128357,0.6572205424308777,0.6443599462509155
6.628655910491943,5.297804355621338,3.7430758476257324,4.0078277587890625,4.3737006187438965,3.8445281982421875,3.9702816009521484,4.763693809509277,4.059964656829834,2.9928252696990967,3.2448415756225586,3.447425127029419,2.4272301197052,2.10280442237854,2.357883930206299,1.920868158340454,1.4364732503890991,1.591805100440979,1.5673952102661133,1.0523779392242432,1.0361567735671997,1.3296833038330078,1.0888793468475342,0.8469251990318298,1.0001492500305176,1.1060371398925781,0.958500862121582,0.9416089653968811,1.0179611444473267,0.9502676129341125,0.9532702565193176,1.0448992252349854,0.9582329392433167,0.8873964548110962,0.9634050130844116,0.9837096929550171,0.9284243583679199,0.9667254686355591,0.9779107570648193,0.8520959615707397,0.7977068424224854,0.7912306785583496,0.852428674697876
6.5764851570129395,5.251707553863525,4.6928181648254395,5.1520586013793945,5.267764568328857,4.768695831298828,4.824837684631348,4.623603343963623,3.703728199005127,3.5588314533233643,4.294419765472412,3.9306187629699707,2.7270894050598145,2.597895860671997,2.7226085662841797,2.206308364868164,1.8723804950714111,1.9856582880020142,1.6081385612487793,1.1431288719177246,1.244722604751587,1.288203239440918,0.8929198384284973,0.8365447521209717,1.087544322013855,0.9767504930496216,0.7909698486328125,0.9023209810256958,0.9836016893386841,0.9439853429794312,1.1012026071548462,1.1775176525115967,0.9304560422897339,0.9501969218254089,1.1950249671936035,1.1093987226486206,0.9176350235939026,1.0150424242019653,1.1687449216842651,1.2904677391052246,1.7133073806762695,2.0819883346557617,2.200982093811035
7.482585430145264,6.393312931060791,5.813074111938477,6.3365302085876465,6.104770660400391,5.834200382232666,5.60415506362915,5.11145544052124,4.943017482757568,5.342257022857666,4.991937160491943,3.965766429901123,3.8386642932891846,4.452035427093506,4.078861713409424,3.1870319843292236,3.0677640438079834,2.787797212600708,2.0384254455566406,1.82148277759552,1.8289597034454346,1.3573466539382935,1.035807728767395,1.3320764303207397,1.383823275566101,0.9457349181175232,0.9799940586090088,1.3631786108016968,1.1673383712768555,0.9341804385185242,1.1508030891418457,1.2548530101776123,1.0353261232376099,1.2387475967407227,1.5698844194412231,1.3917943239212036,1.4574390649795532,2.0231077671051025,2.398664951324463,2.702826499938965,3.4581801891326904,4.38461971282959,4.764952659606934
7.961453914642334,7.604207992553711,7.100969314575195,7.467074871063232,7.129759788513184,7.52648401260376,7.341618061065674,6.949523448944092,7.589139461517334,7.851676940917969,6.4540629386901855,5.816682815551758,7.009939670562744,7.2372965812683105,5.867792129516602,5.728484630584717,6.202178478240967,5.1330766677856445,4.474188804626465,5.2913312911987305,5.099654197692871,3.6591439247131348,3.6130635738372803,4.157787322998047,3.0777928829193115,2.230001211166382,2.9227330684661865,3.3871870040893555,2.467542886734009,2.0807173252105713,2.514824628829956,2.497328281402588,2.5572352409362793,3.0574285984039307,2.7888946533203125,2.5746684074401855,3.475644111633301,4.446752548217773,4.847742080688477,5.288013458251953,5.866342544555664,7.167229652404785,8.440914154052734
8.616175651550293,5.005768775939941,8.093011856079102,8.627824783325195,8.600807189941406,9.298750877380371,9.215322494506836,8.806982040405273,9.386757850646973,9.446627616882324,8.684664726257324,9.524740219116211,11.043283462524414,10.089018821716309,9.104223251342773,10.651365280151367,11.308865547180176,9.826240539550781,9.927321434020996,11.220305442810059,10.351662635803223,9.516999244689941,10.734052658081055,10.585610389709473,8.505497932434082,8.683526992797852,9.797456741333008,8.095778465270996,6.551178932189941,7.691123008728027,8.777949333190918,7.990609645843506,8.001896858215332,8.369208335876465,7.462942600250244,7.435510635375977,8.514582633972168,8.280823707580566,8.45050048828125,9.674324035644531,9.491214752197266,9.620339393615723,11.1969633102417
9.443656921386719,4.180232524871826,9.437739372253418,9.929140090942383,10.060604095458984,10.603137969970703,10.22346305847168,9.978069305419922,10.34779167175293,10.00568675994873,9.692286491394043,10.973726272583008,11.452409744262695,10.58517837524414,11.202986717224121,12.979702949523926,12.655098915100098,11.699017524719238,12.691756248474121,12.966253280639648,11.699917793273926,12.14297866821289,13.348556518554688,12.206257820129395,11.349014282226562,13.2205228805542,13.294032096862793,9.819042205810547,8.853872299194336,10.654329299926758,10.536758422851562,8.924602508544922,9.177826881408691,9.703107833862305,8.945989608764648,9.196205139160156,9.778948783874512,7.915681838989258,6.952356815338135,8.535603523254395,9.003387451171875,7.642452239990234,7.525458812713623
10.441885948181152,4.356797218322754,11.870307922363281,11.651727676391602,11.032310485839844,10.72546672821045,10.111117362976074,10.613295555114746,10.853212356567383,9.742570877075195,9.000365257263184,9.062721252441406,8.449357986450195,8.188735008239746,9.139997482299805,9.078821182250977,7.910914421081543,8.164668083190918,8.973591804504395,7.829153060913086,6.732280254364014,7.247798442840576,6.931358814239502,5.422037601470947,5.4808454513549805,6.287485599517822,5.354423999786377,4.342250347137451,4.584649085998535,4.329214096069336,3.163031578063965,2.861443519592285,3.316359043121338,3.272822141647339,2.9599359035491943,3.1300458908081055,3.2623050212860107,2.653456449508667,2.2291362285614014,2.500298023223877,2.7154722213745117,2.349275588989258,2.12882924079895
10.179073333740234,10.96026611328125,11.091851234436035,10.583463668823242,9.27779483795166,8.127976417541504,7.530576705932617,7.2753005027771,7.066169261932373,6.298142433166504,5.606502532958984,4.540549278259277,3.430039644241333,3.093853712081909,2.9862582683563232,2.2520244121551514,1.7668694257736206,1.8490984439849854,1.572241187095642,1.0804368257522583,0.940985381603241,0.8649028539657593,0.6157212257385254,0.46253904700279236,0.44220131635665894,0.33934351801872253,0.2821955978870392,0.3810370862483978,0.3768988847732544,0.23908089101314545,0.25296807289123535,0.38798731565475464,0.3148222863674164,0.21984510123729706,0.23904764652252197,0.24913020431995392,0.23079563677310944,0.269764244556427,0.2671259045600891,0.19128474593162537,0.22748520970344543,0.3842843770980835,0.391753226518631
11.64261245727539,10.869159698486328,10.08997631072998,9.176552772521973,8.243996620178223,6.814390182495117,5.895937442779541,4.905893325805664,3.703941822052002,3.11549711227417,2.8686654567718506,2.367239236831665,1.738349199295044,1.379688024520874,1.032510757446289,0.7151063084602356,0.558851957321167,0.4206617474555969,0.2593350112438202,0.1758154034614563,0.14118722081184387,0.09290781617164612,0.05804339051246643,0.050015583634376526,0.04402530565857887,0.03211890161037445,0.03632640093564987,0.046235036104917526,0.038901470601558685,0.03890685737133026,0.05788649991154671,0.06049199402332306,0.057039856910705566,0.07153262197971344,0.0918303057551384,0.08600559085607529,0.0924297496676445,0.11769433319568634,0.15081265568733215,0.15474040806293488,0.16047441959381104,0.20659959316253662,0.24166779220104218
11.345775604248047,11.597026824951172,10.819076538085938,11.512935638427734,4.978187561035156,4.293650150299072,8.366632461547852,7.404288291931152,4.909872531890869,3.4321722984313965,3.1441433429718018,2.4676876068115234,1.872686505317688,1.4928524494171143,1.1837486028671265,0.9184908270835876,0.7270883321762085,0.5131838917732239,0.3352356553077698,0.24070066213607788,0.1668056696653366,0.10196633636951447,0.0676582008600235,0.048458222299814224,0.03053898550570011,0.021900318562984467,0.02396213263273239,0.027499502524733543,0.029658183455467224,0.034938372671604156,0.038392744958400726,0.03876800835132599,0.04689579829573631,0.06469680368900299,0.07017719745635986,0.08062958717346191,0.0996541976928711,0.1079263687133789,0.12005436420440674,0.1599780023097992,0.172083780169487,0.16248834133148193,0.19801107048988342
11.683384895324707,12.1945219039917,10.142522811889648,8.511720657348633,10.09067440032959,10.562126159667969,5.3180317878723145,4.876953125,4.056273460388184,7.438318252563477,6.517517566680908,5.520284175872803,4.330920696258545,3.6737914085388184,3.216176986694336,2.7456045150756836,2.3921897411346436,1.9265797138214111,1.4908584356307983,1.2069809436798096,0.8862480521202087,0.6309095621109009,0.49877411127090454,0.3541206121444702,0.21168972551822662,0.1755039393901825,0.16638323664665222,0.12147562205791473,0.11723800748586655,0.137775719165802,0.1086447462439537,0.09973597526550293,0.13099534809589386,0.11518188565969467,0.07615567743778229,0.09580953419208527,0.15696276724338531,0.1338404268026352,0.10286682844161987,0.1350715160369873,0.18081635236740112,0.16943484544754028,0.17782768607139587
11.049264907836914,9.984105110168457,8.4169921875,7.761673450469971,7.838305473327637,7.806302070617676,10.204690933227539,4.650074481964111,4.566728115081787,4.006405830383301,8.264416694641113,8.198173522949219,8.306596755981445,8.567237854003906,8.192564010620117,7.39084005355835,6.953435897827148,6.521694183349609,6.097898006439209,5.568416118621826,4.73544979095459,4.415218353271484,4.311927318572998,3.6998777389526367,3.0459516048431396,3.0525381565093994,2.7731292247772217,2.073249340057373,1.9799443483352661,2.1279947757720947,1.6442186832427979,1.4723002910614014,1.8656094074249268,1.5755913257598877,1.0686954259872437,1.176087737083435,1.3447562456130981,1.0996143817901611,1.0411748886108398,1.1389944553375244,1.0362738370895386,1.0297861099243164,1.2853951454162598
8.66486644744873,8.139437675476074,7.4164814949035645,7.096512794494629,6.565888404846191,5.605790615081787,5.131843090057373,5.881990909576416,6.442699432373047,6.515383720397949,7.425861835479736,8.340283393859863,9.154890060424805,9.936278343200684,10.612915992736816,10.744441986083984,10.819122314453125,10.835261344909668,10.813802719116211,10.823892593383789,10.686421394348145,10.619278907775879,10.492453575134277,9.998743057250977,9.901105880737305,10.133013725280762,9.4408540725708,8.590246200561523,8.611181259155273,8.161273002624512,7.20328426361084,7.035906791687012,6.7574076652526855,5.62015438079834,5.369650840759277,5.6933698654174805,4.880744934082031,3.7867672443389893,3.8609373569488525,4.0112385749816895,3.352839946746826,2.9445483684539795,3.0533504486083984
7.063750267028809,7.330662250518799,7.392061233520508,8.298068046569824,2.3270039558410645,2.3607451915740967,5.373183727264404,5.465240955352783,4.684829235076904,4.686432361602783,4.7909135818481445,6.099099636077881,7.241135120391846,7.6749043464660645,8.591363906860352,9.81988525390625,10.334881782531738,10.487024307250977,10.913290977478027,11.592952728271484,12.136096000671387,12.246378898620605,11.995138168334961,11.988983154296875,12.094686508178711,11.803781509399414,11.434501647949219,11.76066780090332,11.819974899291992,10.838510513305664,10.349493026733398,10.43906021118164,9.461604118347168,8.211982727050781,7.9709320068359375,7.534012794494629,6.232585430145264,5.326935768127441,5.420032024383545,5.106099605560303,4.125051021575928,3.598137855529785,3.316784620285034
5.849958419799805,8.130328178405762,3.0400493144989014,2.575191020965576,1.7380669116973877,1.79255211353302,6.237997531890869,6.654121398925781,1.4039312601089478,3.285370349884033,2.967822790145874,4.014046669006348,5.122469425201416,5.55441427230835,6.0330281257629395,6.806820869445801,7.351483345031738,7.623479843139648,7.8666839599609375,8.251640319824219,8.787640571594238,9.166655540466309,9.283981323242188,9.701009750366211,10.05632209777832,9.618646621704102,9.37686824798584,9.92291259765625,9.96641731262207,9.286977767944336,9.175169944763184,9.397628784179688,8.867310523986816,8.063422203063965,7.524893760681152,6.686130523681641,5.967041492462158,5.707306385040283,5.292069911956787,4.1572041511535645,3.2058446407318115,3.0655899047851562,2.5871341228485107
