earth/public/data/atmosphere/W07/ANN-wind-isobaric-850hPa-gfs-1.0.json
{"header": {"discipline": 0, "disciplineName": "Meteorological products", "gribEdition": 2, "gribLength": 17922.0, "center": 0, "centerName": "Kiel Climate Model", "subcenter": 0, "refTime": "1", "significanceOfRT": 1, "significanceOfRTName": "Start of forecast", "productStatus": 0, "productStatusName": "Operational products", "productType": 1, "productTypeName": "Forecast products", "productDefinitionTemplate": 0, "productDefinitionTemplateName": "Analysis/forecast at horizontal level/layer at a point in time", "parameterCategory": 2, "parameterCategoryName": "Momentum", "parameterNumber": 2, "parameterNumberName": "V-component_of_wind", "parameterUnit": "m/s", "genProcessType": 2, "genProcessTypeName": "Forecast", "forecastTime": 0, "surface1Type": 103, "surface1TypeName": "Specified height level above ground", "surface1Value": 10, "surface2Type": 255, "surface2TypeName": "Missing", "surface2Value": 0, "gridDefinitionTemplate": 0, "gridDefinitionTemplateName": "Latitude_Longitude", "numberPoints": 65160, "shape": 6, "shapeName": "Earth spherical with radius of 6,371,229.0 m", "gridUnits": "degrees", "resolution": 48, "winds": "true", "scanMode": 0, "nx": 128.0, "ny": 64.0, "basicAngle": 0, "subDivisions": 0, "lo1": 0.0, "la1": 87.86379883923263, "lo2": 357.1875, "la2": -87.86379883923263, "dx": 2.8125, "dy": 2.7893269472772264}, "data":
[rows 19 to 37 of 64, columns 0 to 42 of 128]
0.8238745927810669,0.2546583116054535,-0.5245299339294434,-1.3616265058517456,-2.0766007900238037,-2.4215586185455322,-2.35097336769104,-2.2151718139648438,-2.2803702354431152,-2.2110400199890137,-1.5642468929290771,-0.5946114659309387,0.06355971843004227,0.2893642485141754,0.4121007025241852,0.5225241184234619,0.47230032086372375,0.30851462483406067,0.14672119915485382,-0.1947045475244522,-0.9684866666793823,-2.006650686264038,-2.7807352542877197,-2.904776096343994,-2.3502886295318604,-1.2529093027114868,0.14596058428287506,1.3507533073425293,1.8362964391708374,1.5604389905929565,0.9129559397697449,0.20381997525691986,-0.35237032175064087,-0.4162529706954956,0.05165242403745651,0.49749666452407837,0.5566777586936951,0.5687093138694763,0.7275009155273438,0.5883740186691284,0.01753830723464489,-0.3938084840774536,-0.3667980432510376
0.36794713139533997,0.17487472295761108,-0.05598951503634453,-0.4761756658554077,-1.1738858222961426,-1.8835421800613403,-2.2575669288635254,-2.398658514022827,-2.6088004112243652,-2.7076942920684814,-2.275286912918091,-1.4362632036209106,-0.7283219695091248,-0.41979169845581055,-0.4873391091823578,-0.8296124339103699,-1.0829918384552002,-0.8190860152244568,-0.28381362557411194,-0.36913570761680603,-1.5284351110458374,-3.0465521812438965,-3.6229958534240723,-2.706625461578369,-1.135096788406372,-0.14460206031799316,0.08277618885040283,0.2504626512527466,0.6087980270385742,0.7605887651443481,0.6023750305175781,0.5045353174209595,0.7257112264633179,1.2445228099822998,1.8139913082122803,1.9807225465774536,1.5956121683120728,1.129325032234192,0.9166523218154907,0.7088994979858398,0.45651260018348694,0.4931037127971649,0.6212038397789001
-0.802935004234314,-0.42243313789367676,0.21873536705970764,0.445651113986969,-0.11041463911533356,-1.0709928274154663,-1.791902780532837,-2.1827666759490967,-2.576038360595703,-2.977436065673828,-3.1002511978149414,-2.8829398155212402,-2.3973562717437744,-1.7356072664260864,-1.3350101709365845,-1.571469783782959,-1.9008870124816895,-1.4739515781402588,-0.5340880751609802,-0.17518697679042816,-0.9221221208572388,-2.1623339653015137,-2.6225595474243164,-1.4964044094085693,0.3304615616798401,0.944810688495636,-0.06656459718942642,-1.1051515340805054,-1.0898303985595703,-0.6338005065917969,-0.2799845337867737,0.3753359615802765,1.4229438304901123,2.233502149581909,2.435286521911621,2.186298131942749,1.7702467441558838,1.4992181062698364,1.510206937789917,1.612555742263794,1.7278670072555542,1.8918222188949585,1.6913247108459473
-1.6880621910095215,-0.7265642285346985,0.28041407465934753,0.44845667481422424,-0.252367228269577,-1.073288917541504,-1.4820225238800049,-1.7512505054473877,-2.3564109802246094,-3.2092158794403076,-3.899867534637451,-4.1377434730529785,-3.580181360244751,-2.1752710342407227,-0.8882243037223816,-0.741288959980011,-1.2313090562820435,-1.2101473808288574,-0.701198935508728,-0.3918028771877289,-0.4564967155456543,-0.8799736499786377,-1.4434813261032104,-1.2599648237228394,-0.1328488290309906,0.4552043378353119,-0.35919255018234253,-1.1937944889068604,-0.8703283667564392,-0.22605948150157928,-0.03348013386130333,0.3352070450782776,1.120732307434082,1.4845387935638428,1.1739387512207031,0.9239417910575867,1.1623456478118896,1.6773135662078857,2.2101972103118896,2.60603666305542,2.7800443172454834,2.646528482437134,1.9585729837417603
-1.5576252937316895,-0.357555627822876,0.2363724410533905,-0.3844194710254669,-1.4261013269424438,-1.7888153791427612,-1.511949896812439,-1.5599184036254883,-2.448732376098633,-3.647350549697876,-4.396307945251465,-4.41356897354126,-3.5539236068725586,-1.9059090614318848,-0.4756071865558624,-0.24097949266433716,-0.6536151766777039,-0.7645410895347595,-0.840254008769989,-1.1537184715270996,-1.0580979585647583,-0.6578028798103333,-0.9099555611610413,-1.4532225131988525,-1.1866602897644043,-0.6576027274131775,-0.9431936144828796,-1.3303217887878418,-0.7734069228172302,0.08026863634586334,0.42526525259017944,0.7581068277359009,1.3406380414962769,1.4166195392608643,0.8665387630462646,0.6412330269813538,1.174949049949646,1.9444960355758667,2.4840176105499268,2.711601734161377,2.5945446491241455,2.103292226791382,1.282564640045166
-0.6717914342880249,0.21586662530899048,0.10850100964307785,-1.1389250755310059,-2.2027108669281006,-2.1085638999938965,-1.5151076316833496,-1.6446183919906616,-2.7598841190338135,-3.9755115509033203,-4.317103385925293,-3.7213666439056396,-2.7030797004699707,-1.612845778465271,-0.7994269728660583,-0.5079958438873291,-0.3306880295276642,-0.03907880559563637,-0.3146399259567261,-1.1790330410003662,-1.359635591506958,-0.5821398496627808,-0.1724749505519867,-0.5626091361045837,-0.835943877696991,-0.8980770111083984,-1.4823027849197388,-2.2903225421905518,-2.3146655559539795,-1.4497939348220825,-0.24812686443328857,1.0523473024368286,2.1522839069366455,2.407979726791382,1.8150148391723633,1.277779459953308,1.3444013595581055,1.6300228834152222,1.6984463930130005,1.5781511068344116,1.3806846141815186,1.104841947555542,0.762773871421814
0.08031702786684036,0.4156917333602905,-0.07785461097955704,-1.2389026880264282,-1.8846830129623413,-1.5675052404403687,-1.1307761669158936,-1.3921705484390259,-2.4342153072357178,-3.6100962162017822,-3.8717844486236572,-3.0129506587982178,-2.0220813751220703,-1.4884270429611206,-0.93739914894104,-0.04728488251566887,0.7663247585296631,0.9155614972114563,0.2448408305644989,-0.5747052431106567,-0.5827090740203857,0.16835112869739532,0.6725195646286011,0.3943018615245819,-0.3049721419811249,-1.0016080141067505,-1.731061339378357,-2.6282453536987305,-3.2685813903808594,-2.807809829711914,-1.0795761346817017,1.00252366065979,2.384098529815674,2.647508144378662,2.0388286113739014,1.2602964639663696,0.843214750289917,0.6042567491531372,0.23041518032550812,-0.009553954005241394,0.2369011789560318,0.7447165250778198,1.0253177881240845
0.26395708322525024,0.3276786804199219,-0.10567943751811981,-0.8554722666740417,-1.2149019241333008,-1.057124137878418,-0.8044490814208984,-0.7315076589584351,-1.3167059421539307,-2.659355640411377,-3.452061653137207,-2.7933740615844727,-1.854270339012146,-1.5609197616577148,-0.8777291178703308,0.7601082921028137,1.8281712532043457,1.0904860496520996,-0.3066839277744293,-0.4943441152572632,0.5115147233009338,1.2721000909805298,1.1282768249511719,0.35186028480529785,-0.8109689950942993,-1.7999546527862549,-2.0296237468719482,-2.12811017036438,-2.749099016189575,-2.7733259201049805,-1.1462562084197998,1.0145200490951538,2.146808385848999,2.1572248935699463,1.6236194372177124,0.9285697937011719,0.31268417835235596,-0.2889113426208496,-0.9241911768913269,-1.0326762199401855,-0.1852930784225464,0.9575743675231934,1.380043625831604
0.1640826016664505,0.25449109077453613,0.06060847267508507,-0.43885236978530884,-0.9699126482009888,-1.2513145208358765,-0.9801573753356934,-0.2271001785993576,-0.23859399557113647,-1.7051618099212646,-2.860491991043091,-2.2291815280914307,-1.242277979850769,-1.2079893350601196,-0.7905797958374023,0.9146968722343445,2.0274248123168945,0.9640742540359497,-0.5648831725120544,-0.05895371735095978,1.8209353685379028,2.5478017330169678,1.659627079963684,0.34105849266052246,-1.0706955194473267,-2.294904947280884,-2.5050017833709717,-2.2505600452423096,-2.6289987564086914,-2.636794328689575,-0.9656652212142944,1.1818596124649048,2.0875213146209717,1.9364789724349976,1.5051556825637817,0.8552958369255066,-0.03700468689203262,-0.9423424005508423,-1.492822527885437,-1.1902786493301392,-0.019556650891900063,1.1147180795669556,1.279472827911377
-0.028417760506272316,0.07103484869003296,0.09439758211374283,-0.19964519143104553,-0.8379802703857422,-1.33482027053833,-0.9557899236679077,0.14771999418735504,0.3492843508720398,-0.9996750950813293,-1.905234932899475,-1.0220078229904175,0.08303326368331909,0.175601065158844,0.41542574763298035,1.5991084575653076,2.449244976043701,1.870574951171875,1.0279886722564697,1.7054035663604736,3.2648537158966064,3.478663206100464,2.105405569076538,0.6301234364509583,-0.6283613443374634,-1.9523111581802368,-2.75101375579834,-2.956568717956543,-3.110905170440674,-2.556997776031494,-0.6553441286087036,1.2977486848831177,1.9489386081695557,1.716055989265442,1.2966517210006714,0.5113283395767212,-0.7061410546302795,-1.6814711093902588,-1.690233826637268,-0.7636699080467224,0.34779417514801025,0.960514485836029,0.9029596447944641
-0.3996950685977936,-0.3316969871520996,-0.19938629865646362,-0.2321988046169281,-0.5011342763900757,-0.6757712960243225,-0.22904376685619354,0.6250863075256348,0.6211032271385193,-0.4818916916847229,-1.0590577125549316,-0.35442858934402466,0.6395135521888733,1.5505439043045044,2.6869702339172363,3.4809436798095703,3.3859641551971436,2.8913733959198,2.7133266925811768,3.151998996734619,3.7079429626464844,3.2751662731170654,1.7870513200759888,0.3876741826534271,-0.5560130476951599,-1.525443434715271,-2.4197583198547363,-2.8614721298217773,-2.708237648010254,-1.6894532442092896,-0.030434077605605125,1.1838122606277466,1.3914589881896973,1.1060839891433716,0.6972143054008484,-0.10673051327466965,-1.3159430027008057,-2.0851759910583496,-1.5685731172561646,-0.23562763631343842,0.6201391816139221,0.6646789908409119,0.47394949197769165
-0.5871214270591736,-0.5119443535804749,-0.566849946975708,-0.6410030722618103,-0.46403178572654724,-0.10713967680931091,0.33546456694602966,0.7697107195854187,0.6725810170173645,0.004074547439813614,-0.4385364353656769,-0.41179975867271423,0.11274796724319458,1.848588466644287,4.17858362197876,4.867733955383301,3.694406270980835,2.7519590854644775,2.8497118949890137,3.1173441410064697,3.0183701515197754,2.4157204627990723,1.2922043800354004,0.13152889907360077,-0.6365195512771606,-1.1301339864730835,-1.5317517518997192,-1.7444614171981812,-1.4587382078170776,-0.5557536482810974,0.431934118270874,0.8601306080818176,0.7562415599822998,0.4352720379829407,-0.030814358964562416,-0.6723150610923767,-1.420689344406128,-1.8211605548858643,-1.251334547996521,-0.05681860074400902,0.6035160422325134,0.47214505076408386,0.19650886952877045
-0.10085594654083252,-0.13889887928962708,-0.655127227306366,-1.101152777671814,-0.7623353600502014,-0.07940029352903366,0.26961207389831543,0.43066713213920593,0.5593592524528503,0.5387803316116333,0.40570104122161865,0.1613142192363739,0.36462971568107605,2.065908193588257,4.386260509490967,4.865529537200928,3.4867637157440186,2.581681966781616,2.786381244659424,2.873509645462036,2.4262595176696777,1.8697189092636108,1.274681568145752,0.5539183020591736,-0.09663944691419601,-0.41413265466690063,-0.45310845971107483,-0.45324957370758057,-0.30127158761024475,0.1921469271183014,0.6636916995048523,0.7364528775215149,0.49931031465530396,-0.03370678797364235,-0.8097590208053589,-1.333103060722351,-1.377705693244934,-1.209755539894104,-0.8413269519805908,-0.25289100408554077,0.15400943160057068,0.19909048080444336,0.09773270785808563
0.6240404844284058,0.32880887389183044,-0.4723663628101349,-1.090267539024353,-0.6973748803138733,0.09252730756998062,0.28863006830215454,0.1739945262670517,0.38123607635498047,0.816156268119812,1.1526005268096924,1.3048882484436035,1.7077306509017944,2.9479033946990967,4.340595722198486,4.479033470153809,3.640957832336426,3.2337446212768555,3.3179738521575928,3.029561996459961,2.3153085708618164,1.6910054683685303,1.3399951457977295,1.0503956079483032,0.6555160880088806,0.39345917105674744,0.47279566526412964,0.6294577121734619,0.734691321849823,0.9819210767745972,1.2110720872879028,1.1218345165252686,0.7183247208595276,-0.07895439118146896,-1.157326102256775,-1.7085707187652588,-1.272093653678894,-0.5183974504470825,-0.19529101252555847,-0.2904489040374756,-0.4285299479961395,-0.3448420763015747,-0.08393550664186478
0.8769727945327759,0.4504755437374115,-0.23254479467868805,-0.7422165274620056,-0.39227837324142456,0.3888053596019745,0.5608097910881042,0.2100081741809845,0.17270398139953613,0.6289551854133606,1.1517914533615112,1.5281550884246826,2.0961811542510986,3.1393988132476807,4.057483673095703,4.1307902336120605,3.7445194721221924,3.5268232822418213,3.284269332885742,2.791010856628418,2.2510392665863037,1.772931456565857,1.4403094053268433,1.3321712017059326,1.242698311805725,1.1414144039154053,1.2891894578933716,1.5882054567337036,1.7917567491531372,1.951008677482605,1.9936456680297852,1.7310384511947632,1.243233561515808,0.5262326002120972,-0.45900899171829224,-1.1326398849487305,-0.843306303024292,0.04535790532827377,0.5436173677444458,0.24611857533454895,-0.3444947898387909,-0.5406103134155273,-0.2375703901052475
0.8980391025543213,0.5675047039985657,0.07110457122325897,-0.5112258791923523,-0.5089737772941589,0.15571212768554688,0.5648539662361145,0.3202062249183655,0.09673184156417847,0.3877154588699341,0.7881684303283691,0.8627639412879944,1.070194125175476,1.9785411357879639,3.015890121459961,3.340571165084839,3.2000086307525635,3.0574681758880615,2.7461259365081787,2.346905469894409,2.1954078674316406,2.069387197494507,1.7828706502914429,1.6578341722488403,1.7456761598587036,1.8217724561691284,1.9655392169952393,2.2374000549316406,2.463057041168213,2.5672855377197266,2.4972031116485596,2.18926739692688,1.8042817115783691,1.4147058725357056,0.8052086234092712,0.08634354174137115,-0.1477179229259491,0.3272358477115631,0.9126394987106323,0.9130052924156189,0.3828817307949066,-0.09293432533740997,-0.20516984164714813
1.1439321041107178,0.9541760087013245,0.46928974986076355,-0.3678838610649109,-0.783262312412262,-0.31145456433296204,0.32298025488853455,0.3708188831806183,0.13475100696086884,0.2420770525932312,0.5410407185554504,0.4944818913936615,0.38877245783805847,0.9227432012557983,1.7606498003005981,2.1546523571014404,2.3901472091674805,2.835383653640747,2.92182993888855,2.4710445404052734,2.1567089557647705,2.106715202331543,1.9402146339416504,1.803588628768921,1.937468409538269,2.121516466140747,2.221095085144043,2.362224817276001,2.545285940170288,2.6648244857788086,2.6488029956817627,2.4625492095947266,2.2096965312957764,2.0171849727630615,1.7613359689712524,1.2808939218521118,0.8073382377624512,0.7382727861404419,0.9944760203361511,1.0572432279586792,0.6783318519592285,0.09021373838186264,-0.4178570508956909
1.4567415714263916,1.326610803604126,0.796351432800293,-0.12078369408845901,-0.6572452187538147,-0.41434916853904724,0.04096367582678795,0.08673767000436783,-0.18317022919654846,-0.23614053428173065,0.13592901825904846,0.5494054555892944,0.7264010906219482,0.8381394743919373,0.8838379383087158,0.9012933969497681,1.545911431312561,2.8504364490509033,3.4764673709869385,2.801356077194214,1.9664475917816162,1.7904860973358154,1.8091963529586792,1.7363067865371704,1.8427273035049438,2.071704626083374,2.1789376735687256,2.2483880519866943,2.4023566246032715,2.562528133392334,2.6457974910736084,2.6122095584869385,2.462116003036499,2.3246097564697266,2.283566474914551,2.1819028854370117,1.8946762084960938,1.5746122598648071,1.3283696174621582,0.9792922139167786,0.403226763010025,-0.2719731032848358,-0.870022177696228
1.8418898582458496,1.7290945053100586,1.1491925716400146,0.21823403239250183,-0.3188874125480652,-0.3202096223831177,-0.35166195034980774,-0.6687705516815186,-1.0121712684631348,-0.9856203198432922,-0.3257143497467041,0.6722298860549927,1.2501384019851685,0.9930304288864136,0.18206718564033508,-0.3239732086658478,0.43200504779815674,2.165935516357422,3.142519950866699,2.537731647491455,1.6143395900726318,1.4845380783081055,1.684254765510559,1.6814178228378296,1.742071509361267,1.9804562330245972,2.1398909091949463,2.214451313018799,2.3458714485168457,2.492434024810791,2.5970091819763184,2.6586406230926514,2.6317739486694336,2.555203676223755,2.557389974594116,2.6041548252105713,2.5373010635375977,2.3121511936187744,1.9196075201034546,1.2778692245483398,0.43104082345962524,-0.39097338914871216,-0.9962711930274963
