earth/public/data/atmosphere/W07/ANN-wind-isobaric-250hPa-gfs-1.0.json
{"header": {"discipline": 0, "disciplineName": "Meteorological products", "gribEdition": 2, "gribLength": 17922.0, "center": 0, "centerName": "Kiel Climate Model", "subcenter": 0, "refTime": "1", "significanceOfRT": 1, "significanceOfRTName": "Start of forecast", "productStatus": 0, "productStatusName": "Operational products", "productType": 1, "productTypeName": "Forecast products", "productDefinitionTemplate": 0, "productDefinitionTemplateName": "Analysis/forecast at horizontal level/layer at a point in time", "parameterCategory": 2, "parameterCategoryName": "Momentum", "parameterNumber": 2, "parameterNumberName": "U-component_of_wind", "parameterUnit": "m/s", "genProcessType": 2, "genProcessTypeName": "Forecast", "forecastTime": 0, "surface1Type": 103, "surface1TypeName": "Specified height level above ground", "surface1Value": 10, "surface2Type": 255, "surface2TypeName": "Missing", "surface2Value": 0, "gridDefinitionTemplate": 0, "gridDefinitionTemplateName": "Latitude_Longitude", "numberPoints": 65160, "shape": 6, "shapeName": "Earth spherical with radius of 6,371,229.0 m", "gridUnits": "degrees", "resolution": 48, "winds": "true", "scanMode": 0, "nx": 128.0, "ny": 64.0, "basicAngle": 0, "subDivisions": 0, "lo1": 0.0, "la1": 87.86379883923263, "lo2": 357.1875, "la2": -87.86379883923263, "dx": 2.8125, "dy": 2.7893269472772264}, "data":
[rows 19 to 37 of 64, columns 0 to 43 of 128]
19.291048049926758,19.50028419494629,19.83746910095215,20.329484939575195,20.95833396911621,21.734386444091797,22.618473052978516,23.50440216064453,24.35210609436035,25.190067291259766,25.968345642089844,26.59737777709961,27.112308502197266,27.585107803344727,27.932815551757812,28.04585075378418,28.02640151977539,28.067607879638672,28.184560775756836,28.265769958496094,28.283546447753906,28.282085418701172,28.268274307250977,28.238920211791992,28.19379997253418,28.056678771972656,27.752779006958008,27.416133880615234,27.310684204101562,27.482481002807617,27.712413787841797,27.866519927978516,28.032808303833008,28.25971794128418,28.474016189575195,28.73213768005371,29.21401023864746,29.891387939453125,30.548633575439453,31.17190933227539,31.95122718811035,32.8905143737793,33.78232192993164,34.54188919067383
20.08641815185547,20.486562728881836,21.06643295288086,21.85570526123047,22.790042877197266,23.830074310302734,24.923627853393555,25.945852279663086,26.81511688232422,27.541934967041016,28.088794708251953,28.37508773803711,28.46381378173828,28.518798828125,28.556285858154297,28.452808380126953,28.189613342285156,27.90812110900879,27.748857498168945,27.74919891357422,27.85336685180664,27.973148345947266,28.085289001464844,28.234989166259766,28.380704879760742,28.341981887817383,28.018047332763672,27.56366539001465,27.21406364440918,26.999576568603516,26.781225204467773,26.540821075439453,26.448850631713867,26.595455169677734,26.856618881225586,27.131366729736328,27.50719451904297,28.082395553588867,28.839508056640625,29.755104064941406,30.793415069580078,31.79560089111328,32.62479782104492,33.332698822021484
21.21603012084961,21.775922775268555,22.482797622680664,23.38686180114746,24.373693466186523,25.337358474731445,26.24663734436035,27.033727645874023,27.61029052734375,27.955949783325195,28.06534194946289,27.919870376586914,27.594886779785156,27.25288200378418,26.976272583007812,26.708396911621094,26.36138916015625,25.940086364746094,25.58832550048828,25.462696075439453,25.520097732543945,25.580425262451172,25.623638153076172,25.767824172973633,25.945865631103516,25.93670654296875,25.723018646240234,25.501928329467773,25.369779586791992,25.25402069091797,25.096004486083984,24.932762145996094,24.863616943359375,24.974040985107422,25.217735290527344,25.444721221923828,25.626333236694336,25.940959930419922,26.57308578491211,27.49567222595215,28.4599552154541,29.2069034576416,29.72282600402832,30.172277450561523
21.925142288208008,22.527578353881836,23.19536018371582,23.990983963012695,24.779037475585938,25.416711807250977,25.893835067749023,26.206254959106445,26.29471206665039,26.14023208618164,25.781091690063477,25.26249885559082,24.639968872070312,23.987688064575195,23.39147186279297,22.917320251464844,22.512855529785156,22.040042877197266,21.536157608032227,21.22826385498047,21.1429500579834,21.04579734802246,20.888805389404297,20.857837677001953,20.919410705566406,20.852184295654297,20.696758270263672,20.651979446411133,20.675378799438477,20.640844345092773,20.6300048828125,20.726333618164062,20.846750259399414,20.960739135742188,21.128297805786133,21.301025390625,21.430158615112305,21.68857192993164,22.273229598999023,23.07210350036621,23.750850677490234,24.134572982788086,24.36272430419922,24.617216110229492
21.093385696411133,21.644739151000977,22.165468215942383,22.67661476135254,23.073057174682617,23.26982307434082,23.283971786499023,23.12282943725586,22.757200241088867,22.20366096496582,21.519018173217773,20.74984359741211,19.92044448852539,19.03665542602539,18.165407180786133,17.47744369506836,17.021408081054688,16.57643699645996,16.012210845947266,15.55203628540039,15.348532676696777,15.179912567138672,14.893610954284668,14.6631498336792,14.56548023223877,14.45913314819336,14.367271423339844,14.409923553466797,14.454800605773926,14.364226341247559,14.3274507522583,14.519891738891602,14.79883861541748,15.011059761047363,15.198966979980469,15.39865493774414,15.617826461791992,15.976556777954102,16.54102325439453,17.120359420776367,17.471662521362305,17.607288360595703,17.737350463867188,17.960874557495117
18.109386444091797,18.525131225585938,18.862028121948242,19.070756912231445,19.07896614074707,18.89775848388672,18.586240768432617,18.138309478759766,17.52477264404297,16.77337646484375,15.921249389648438,14.989940643310547,14.020575523376465,13.034127235412598,12.055614471435547,11.242095947265625,10.739919662475586,10.390771865844727,9.938343048095703,9.46937370300293,9.21645450592041,9.08814811706543,8.855135917663574,8.556984901428223,8.338337898254395,8.199626922607422,8.156917572021484,8.278484344482422,8.467056274414062,8.564276695251465,8.627793312072754,8.810501098632812,9.10401439666748,9.402878761291504,9.657586097717285,9.87533187866211,10.105936050415039,10.412530899047852,10.763628959655762,11.034332275390625,11.173134803771973,11.27779769897461,11.465588569641113,11.72850513458252
13.32608699798584,13.540607452392578,13.709134101867676,13.768160820007324,13.625561714172363,13.285740852355957,12.831196784973145,12.295835494995117,11.648507118225098,10.864323616027832,9.942553520202637,8.927694320678711,7.937619686126709,7.051346778869629,6.217679977416992,5.432029724121094,4.84899377822876,4.5184221267700195,4.245078086853027,3.913917303085327,3.664778709411621,3.5802547931671143,3.5165855884552,3.364593744277954,3.195183515548706,3.086299419403076,3.0412189960479736,3.1024839878082275,3.3425164222717285,3.697493076324463,3.9786553382873535,4.121580600738525,4.265395641326904,4.5049004554748535,4.759554386138916,4.963531494140625,5.154494762420654,5.326488971710205,5.425705909729004,5.490545749664307,5.615516185760498,5.82881498336792,6.101650238037109,6.389647483825684
7.92124605178833,7.974796295166016,8.019377708435059,8.061511039733887,7.992156982421875,7.706185340881348,7.25051212310791,6.747618198394775,6.205099582672119,5.5227813720703125,4.655458450317383,3.687694549560547,2.785125255584717,2.062354326248169,1.4522918462753296,0.8090295791625977,0.17337018251419067,-0.25858575105667114,-0.4587949514389038,-0.6076228022575378,-0.7764294147491455,-0.8415786623954773,-0.7649965882301331,-0.679108202457428,-0.6309751272201538,-0.5475764274597168,-0.4875390827655792,-0.5480583310127258,-0.5573329925537109,-0.32841017842292786,-0.07904946804046631,-0.08025890588760376,-0.16606752574443817,-0.0757957473397255,0.1274467557668686,0.3237220048904419,0.5290125608444214,0.6887749433517456,0.7467760443687439,0.8338665962219238,1.0574616193771362,1.346550703048706,1.6355091333389282,1.9156893491744995
3.0427193641662598,3.088994264602661,3.0954179763793945,3.121941328048706,3.1361920833587646,2.992424488067627,2.65264630317688,2.2607131004333496,1.8906993865966797,1.4316928386688232,0.7909583449363708,0.023622801527380943,-0.7492649555206299,-1.4282047748565674,-1.9894773960113525,-2.5125575065612793,-3.065349578857422,-3.5512869358062744,-3.811988115310669,-3.8803088665008545,-3.9176759719848633,-3.9155519008636475,-3.76119327545166,-3.527242660522461,-3.322418451309204,-3.0721352100372314,-2.831644058227539,-2.8709638118743896,-3.126891613006592,-3.2322049140930176,-3.2164669036865234,-3.374969005584717,-3.586259603500366,-3.5634379386901855,-3.3972060680389404,-3.25854229927063,-3.1085705757141113,-2.9503040313720703,-2.820517063140869,-2.6297969818115234,-2.3662662506103516,-2.1267945766448975,-1.8948906660079956,-1.6513454914093018
-0.8578929901123047,-0.6394844651222229,-0.5113857984542847,-0.5006206035614014,-0.5019032955169678,-0.5202709436416626,-0.6608009338378906,-0.8896939754486084,-1.0834633111953735,-1.2672747373580933,-1.5843007564544678,-2.074986457824707,-2.6494321823120117,-3.232482433319092,-3.7843821048736572,-4.246668815612793,-4.629973888397217,-5.0215935707092285,-5.377219200134277,-5.551336765289307,-5.560039520263672,-5.487002372741699,-5.292574405670166,-5.021438121795654,-4.825620174407959,-4.657926559448242,-4.469415664672852,-4.5042405128479,-4.828198432922363,-5.097985744476318,-5.20302152633667,-5.362534523010254,-5.50698184967041,-5.416253566741943,-5.235184192657471,-5.178481578826904,-5.173220157623291,-5.108603000640869,-4.971729755401611,-4.7854156494140625,-4.6571197509765625,-4.606350421905518,-4.464845180511475,-4.230559825897217
-3.618736505508423,-3.1531929969787598,-2.792292833328247,-2.749441146850586,-2.823610782623291,-2.7845535278320312,-2.7271358966827393,-2.774704694747925,-2.7957258224487305,-2.7015013694763184,-2.6982882022857666,-2.9295713901519775,-3.201709270477295,-3.3780860900878906,-3.614790439605713,-3.953429937362671,-4.234671592712402,-4.503033638000488,-4.890275955200195,-5.247231483459473,-5.403160572052002,-5.417931079864502,-5.330949783325195,-5.151824951171875,-5.025733470916748,-5.012401580810547,-5.052554130554199,-5.242945671081543,-5.624208450317383,-5.940221786499023,-6.061295509338379,-6.141901969909668,-6.176560401916504,-6.03301477432251,-5.8361735343933105,-5.788682460784912,-5.854729175567627,-5.871430397033691,-5.76420259475708,-5.679740905761719,-5.8423686027526855,-6.094225883483887,-6.021866798400879,-5.663799285888672
-5.032411575317383,-4.40779447555542,-3.890416383743286,-3.81734037399292,-3.9664952754974365,-3.9419143199920654,-3.758427381515503,-3.6205732822418213,-3.4349451065063477,-3.0560309886932373,-2.731975793838501,-2.692521095275879,-2.631621837615967,-2.2841362953186035,-2.0115060806274414,-2.1456820964813232,-2.448089361190796,-2.7111685276031494,-3.069511890411377,-3.5096771717071533,-3.848914384841919,-4.096780776977539,-4.30643367767334,-4.4041008949279785,-4.393235206604004,-4.377701282501221,-4.4434590339660645,-4.684866428375244,-5.091796398162842,-5.458843231201172,-5.654773235321045,-5.7582783699035645,-5.816670894622803,-5.775666236877441,-5.661884784698486,-5.620777606964111,-5.735594272613525,-5.8397979736328125,-5.733205318450928,-5.676235198974609,-6.080624580383301,-6.603665351867676,-6.513411998748779,-5.901932716369629
-5.340700149536133,-4.664391040802002,-4.095180034637451,-4.001236438751221,-4.191488742828369,-4.225356101989746,-4.001761436462402,-3.6926019191741943,-3.2899205684661865,-2.681790828704834,-2.0600993633270264,-1.6740689277648926,-1.313132882118225,-0.7180908918380737,-0.22147871553897858,-0.24601532518863678,-0.6164939999580383,-0.9850543737411499,-1.359391689300537,-1.8182153701782227,-2.2822070121765137,-2.7206666469573975,-3.161916971206665,-3.5274200439453125,-3.688985824584961,-3.6405978202819824,-3.5518276691436768,-3.6301214694976807,-3.913613796234131,-4.272956848144531,-4.585691928863525,-4.816039085388184,-4.9854207038879395,-5.088937759399414,-5.085357666015625,-5.103753089904785,-5.36777400970459,-5.661551475524902,-5.548745155334473,-5.345525741577148,-5.7260284423828125,-6.304123878479004,-6.122357368469238,-5.3233819007873535
-5.187366485595703,-4.469099998474121,-3.818908929824829,-3.652362585067749,-3.8366012573242188,-3.9303243160247803,-3.7072091102600098,-3.24631404876709,-2.6540493965148926,-1.9428156614303589,-1.1800438165664673,-0.49372008442878723,0.1113656610250473,0.6592247486114502,0.9734525680541992,0.8710243105888367,0.46177732944488525,-0.02013305574655533,-0.5117601156234741,-1.0707451105117798,-1.6793932914733887,-2.2307353019714355,-2.6774990558624268,-3.0564780235290527,-3.3165082931518555,-3.350363254547119,-3.249629259109497,-3.2367982864379883,-3.392610788345337,-3.688106060028076,-4.067192077636719,-4.398634433746338,-4.5994744300842285,-4.680444717407227,-4.626967430114746,-4.612616062164307,-4.964787006378174,-5.4291911125183105,-5.354129314422607,-4.972571849822998,-5.0977463722229,-5.483293533325195,-5.226111888885498,-4.470556735992432
-4.714117527008057,-4.013676643371582,-3.307525634765625,-3.0708673000335693,-3.224644184112549,-3.3229153156280518,-3.0680086612701416,-2.4774973392486572,-1.7315616607666016,-0.9880971908569336,-0.27378442883491516,0.46505966782569885,1.1696996688842773,1.6219570636749268,1.6828091144561768,1.4391913414001465,1.0248780250549316,0.49158787727355957,-0.12196063995361328,-0.8076906204223633,-1.5639010667800903,-2.2380383014678955,-2.6760644912719727,-2.9716944694519043,-3.231189727783203,-3.376547336578369,-3.4226315021514893,-3.5175554752349854,-3.6946823596954346,-3.956016778945923,-4.325143337249756,-4.652496814727783,-4.766732215881348,-4.685731410980225,-4.467925071716309,-4.298876762390137,-4.518284797668457,-4.960962295532227,-4.974039554595947,-4.565836429595947,-4.3846025466918945,-4.415623188018799,-4.109359264373779,-3.54467511177063
-3.4019241333007812,-2.913377523422241,-2.3542017936706543,-2.1537528038024902,-2.279491901397705,-2.327582836151123,-2.0341014862060547,-1.4317948818206787,-0.6714671850204468,0.07241512835025787,0.698637843132019,1.2911663055419922,1.9011616706848145,2.2993886470794678,2.2809064388275146,1.9900691509246826,1.615816354751587,1.1279515027999878,0.5101203918457031,-0.17703716456890106,-0.9342021942138672,-1.675866961479187,-2.224027156829834,-2.5933990478515625,-2.898463487625122,-3.124595880508423,-3.3049304485321045,-3.5538206100463867,-3.842257022857666,-4.124172687530518,-4.446479797363281,-4.706207752227783,-4.727382183074951,-4.544772624969482,-4.27016019821167,-4.018312454223633,-4.017754077911377,-4.257126808166504,-4.302147388458252,-3.951580286026001,-3.507512331008911,-3.153449773788452,-2.776902914047241,-2.3525912761688232
-0.8635658025741577,-0.7071406841278076,-0.4527038037776947,-0.37654969096183777,-0.5169132947921753,-0.5795289874076843,-0.3584163784980774,0.06849997490644455,0.6100665926933289,1.2296972274780273,1.8034311532974243,2.2704172134399414,2.7055046558380127,3.0267155170440674,3.04388427734375,2.838768720626831,2.606865882873535,2.2941884994506836,1.8067642450332642,1.2284880876541138,0.615792453289032,-0.027488812804222107,-0.6115946173667908,-1.083316445350647,-1.4759628772735596,-1.7933521270751953,-2.0850491523742676,-2.448486328125,-2.8411309719085693,-3.1737921237945557,-3.4675590991973877,-3.680634021759033,-3.6906094551086426,-3.5350093841552734,-3.3407888412475586,-3.1477465629577637,-3.0156993865966797,-2.994727611541748,-2.9166698455810547,-2.559166431427002,-1.974008321762085,-1.4036115407943726,-0.9655685424804688,-0.5404118299484253
2.8108644485473633,2.716562509536743,2.6920266151428223,2.611163854598999,2.3630425930023193,2.1323401927948,2.1544599533081055,2.3512637615203857,2.578925132751465,2.902029037475586,3.3325650691986084,3.7209665775299072,4.012895107269287,4.2164387702941895,4.268302917480469,4.223827362060547,4.224081516265869,4.180423736572266,3.9182965755462646,3.5058493614196777,3.0875203609466553,2.6694610118865967,2.2484726905822754,1.8557844161987305,1.4743363857269287,1.0890846252441406,0.6993866562843323,0.27752405405044556,-0.15138643980026245,-0.5099396109580994,-0.7845255732536316,-0.9744699597358704,-1.0218656063079834,-0.9370827078819275,-0.8232490420341492,-0.7136518955230713,-0.5670922994613647,-0.38596731424331665,-0.1612773835659027,0.1984463632106781,0.7137636542320251,1.241591215133667,1.7003693580627441,2.228804111480713
7.369678974151611,7.183891296386719,6.9870123863220215,6.743525981903076,6.337368011474609,5.877007007598877,5.658853054046631,5.667903900146484,5.6357269287109375,5.574315547943115,5.683836936950684,5.909601211547852,6.066993236541748,6.135887145996094,6.185851573944092,6.290931701660156,6.500942230224609,6.700949668884277,6.711973190307617,6.571393013000488,6.432143211364746,6.308871269226074,6.156818866729736,5.977952003479004,5.7405686378479,5.41228723526001,5.042701721191406,4.677202224731445,4.316999435424805,4.000461101531982,3.7750158309936523,3.6332759857177734,3.5727880001068115,3.606438159942627,3.684943675994873,3.7494618892669678,3.830446243286133,3.973712921142578,4.163384437561035,4.398381233215332,4.709114074707031,5.087813377380371,5.546133518218994,6.147066593170166
