earth/public/data/atmosphere/W07/ANN-slp-surface-level-gfs-1.0.json
{"header": {"discipline": 0, "disciplineName": "Meteorological products", "gribEdition": 2, "gribLength": 17922.0, "center": 0, "centerName": "Kiel Climate Model", "subcenter": 0, "refTime": "1", "significanceOfRT": 1, "significanceOfRTName": "Start of forecast", "productStatus": 0, "productStatusName": "Operational products", "productType": 1, "productTypeName": "Forecast products", "productDefinitionTemplate": 0, "productDefinitionTemplateName": "Analysis/forecast at horizontal level/layer at a point in time", "parameterCategory": 2, "parameterCategoryName": "Momentum", "parameterNumber": 2, "parameterNumberName": "U-component_of_wind", "parameterUnit": "Pa", "genProcessType": 2, "genProcessTypeName": "Forecast", "forecastTime": 0, "surface1Type": 103, "surface1TypeName": "Specified height level above ground", "surface1Value": 10, "surface2Type": 255, "surface2TypeName": "Missing", "surface2Value": 0, "gridDefinitionTemplate": 0, "gridDefinitionTemplateName": "Latitude_Longitude", "numberPoints": 65160, "shape": 6, "shapeName": "Earth spherical with radius of 6,371,229.0 m", "gridUnits": "degrees", "resolution": 48, "winds": "true", "scanMode": 0, "nx": 128.0, "ny": 64.0, "basicAngle": 0, "subDivisions": 0, "lo1": 0.0, "la1": 87.86379883923263, "lo2": 357.1875, "la2": -87.86379883923263, "dx": 2.8125, "dy": 2.7893269472772264}, "data":
[rows 23 to 45 of 64, columns 50 to 99 of 128]
101398.4375,101444.453125,101498.984375,101547.0625,101593.484375,101637.6484375,101679.6015625,101726.8515625,101777.3984375,101819.7265625,101850.5390625,101877.796875,101917.578125,101957.296875,101977.09375,101985.5625,102009.21875,102025.453125,102014.09375,102002.984375,102013.3828125,102032.46875,102046.1953125,102050.3046875,102024.6875,101986.09375,101965.3828125,101954.1796875,101920.546875,101872.0234375,101827.2734375,101782.0078125,101732.90625,101664.609375,101573.859375,101493.40625,101421.1875,101320.6484375,101247.375,101249.140625,101322.765625,101426.46875,101519.578125,101519.109375,101484.671875,101460.90625,101504.6796875,101626.0234375,101697.9375,101715.171875
101250.7890625,101291.703125,101315.6875,101355.515625,101420.5625,101472.578125,101502.9765625,101539.9609375,101579.9765625,101608.5390625,101636.796875,101670.5,101699.6875,101719.8828125,101738.984375,101772.0546875,101810.5390625,101824.7734375,101818.8984375,101823.6953125,101835.2734375,101823.4609375,101807.96875,101810.15625,101807.9375,101793.96875,101775.09375,101735.015625,101671.265625,101620.609375,101590.296875,101554.609375,101506.296875,101443.4375,101366.046875,101304.59375,101264.078125,101216.984375,101182.65625,101200.75,101233.1875,101373.75,101534.640625,101566.421875,101393.3984375,101299.5234375,101339.2578125,101471.1328125,101542.3359375,101560.53125
101134.875,101171.5,101182.125,101205.953125,101251.765625,101284.6796875,101308.7421875,101349.1640625,101384.484375,101409.78125,101447.484375,101484.9921875,101502.140625,101511.734375,101527.7734375,101540.421875,101545.6796875,101549.9375,101563.4765625,101587.921875,101597.765625,101574.78125,101555.4453125,101558.453125,101556.4140625,101535.4140625,101515.28125,101491.21875,101461.2890625,101436.6796875,101399.3828125,101332.96875,101272.1875,101234.4453125,101202.9375,101173.046875,101161.7421875,101154.65625,101149.5390625,101151.90625,101163.2109375,101201.9296875,101368.71875,101427.515625,101294.203125,101209.453125,101276.65625,101411.015625,101467.7265625,101480.1640625
101001.2421875,101039.28125,101065.0859375,101088.59375,101109.6484375,101118.6875,101143.0703125,101182.140625,101205.296875,101217.546875,101243.0625,101264.109375,101273.859375,101296.890625,101321.875,101322.53125,101317.0703125,101324.8125,101329.3828125,101327.65625,101325.4296875,101325.84375,101335.140625,101341.90625,101322.484375,101285.1484375,101265.4296875,101261.328125,101252.203125,101235.546875,101204.0703125,101159.8125,101129.0546875,101119.296875,101102.953125,101073.5,101052.0390625,101054.703125,101066.8125,101073.2421875,101069.296875,101085.875,101139.46875,101192.296875,101182.7421875,101181.140625,101259.828125,101359.8125,101401.0546875,101388.9921875
100900.4921875,100919.9765625,100946.4765625,100973.6015625,100989.9453125,100998.625,101017.4375,101037.3203125,101044.65625,101054.1953125,101070.84375,101074.8671875,101079.9453125,101103.6328125,101123.1796875,101127.3125,101145.1875,101171.3125,101169.8125,101152.6171875,101154.8359375,101165.90625,101165.359375,101157.9609375,101148.671875,101139.5625,101135.078125,101123.78125,101096.9765625,101069.703125,101059.9140625,101059.796875,101054.40625,101038.8125,101025.171875,101013.421875,101004.4765625,101006.125,101023.5703125,101046.7890625,101051.1328125,101045.609375,101050.578125,101063.421875,101081.265625,101102.7578125,101126.9609375,101178.2109375,101243.15625,101239.4296875
100862.9921875,100868.515625,100879.953125,100894.53125,100912.5625,100928.421875,100937.09375,100937.6640625,100942.8515625,100963.1796875,100980.859375,100986.3984375,100994.375,101002.71875,100998.15625,100991.828125,101003.796875,101014.59375,101010.0546875,101013.78125,101033.7421875,101038.4140625,101020.0546875,101008.7109375,101018.46875,101032.5703125,101036.546875,101029.1484375,101016.6796875,101009.796875,101017.484375,101025.4375,101014.6640625,100987.8671875,100987.40625,101014.0625,101030.40625,101022.484375,101024.4140625,101042.9140625,101057.171875,101057.0390625,101041.734375,101026.9921875,101035.7109375,101039.6171875,101019.6953125,101029.4296875,101098.328125,101108.8359375
100821.2265625,100839.734375,100853.4765625,100860.765625,100872.296875,100889.8671875,100899.046875,100903.53125,100910.703125,100920.25,100922.4140625,100926.59375,100940.265625,100951.09375,100955.3984375,100961.4765625,100962.5390625,100956.5234375,100952.9609375,100958.2109375,100967.265625,100972.421875,100973.21875,100979.4609375,100988.390625,100987.0078125,100979.1015625,100983.703125,101002.75,101011.84375,101011.03125,101017.2734375,101021.3203125,101013.484375,101017.078125,101034.8984375,101035.53125,101022.6328125,101019.640625,101018.3125,101021.2734375,101040.96875,101055.4296875,101049.8046875,101050.0625,101043.8359375,101017.3359375,101018.515625,101055.296875,101045.0
100791.3671875,100819.8828125,100842.296875,100852.90625,100862.4921875,100875.1640625,100887.828125,100903.5078125,100912.953125,100911.5,100908.625,100915.328125,100923.7109375,100931.9609375,100947.359375,100967.890625,100978.4453125,100986.1640625,100997.1328125,100996.578125,100988.125,100989.984375,101005.03125,101017.515625,101020.8125,101015.0625,101011.703125,101019.234375,101029.7265625,101024.234375,101016.46875,101027.3828125,101046.40625,101058.5078125,101062.4375,101056.8125,101046.6171875,101056.640625,101076.6796875,101067.6953125,101049.6171875,101058.484375,101072.8984375,101072.078125,101071.4375,101072.4453125,101066.8125,101073.203125,101064.09375,101035.15625
100808.4609375,100822.96875,100837.7734375,100859.2421875,100883.109375,100891.640625,100896.5859375,100908.953125,100919.796875,100928.71875,100943.8203125,100958.1640625,100961.5234375,100959.109375,100959.484375,100958.8046875,100957.921875,100968.0,100978.9921875,100982.40625,100985.2421875,100992.578125,100993.4765625,100993.328125,101001.046875,101014.8984375,101028.9765625,101040.125,101039.984375,101038.171875,101046.71875,101060.3515625,101062.53125,101065.484375,101076.5,101085.875,101094.6015625,101114.953125,101131.46875,101129.734375,101124.46875,101122.5625,101111.421875,101104.5078125,101107.6640625,101106.9140625,101107.65625,101110.171875,101090.140625,101081.546875
100856.25,100853.09375,100846.859375,100858.671875,100884.484375,100899.1015625,100903.828125,100910.5390625,100916.46875,100927.96875,100941.65625,100947.6015625,100951.3125,100962.296875,100969.6875,100965.7421875,100962.8125,100964.921875,100962.109375,100962.2734375,100977.5546875,100989.2890625,100984.328125,100982.4765625,100994.5546875,101004.3671875,101007.84375,101016.3828125,101028.4453125,101045.140625,101062.4375,101066.859375,101061.5390625,101063.0703125,101077.3125,101093.4921875,101106.4375,101108.7734375,101097.921875,101101.625,101125.4921875,101134.40625,101128.5703125,101141.8046875,101153.4375,101142.375,101140.5078125,101142.703125,101122.8046875,101145.109375
100932.703125,100945.7578125,100917.15625,100886.671875,100873.1875,100876.390625,100891.8671875,100903.40625,100904.765625,100910.3828125,100913.5078125,100908.8828125,100913.125,100934.890625,100952.265625,100962.5234375,100977.03125,100991.1640625,100989.03125,100987.984375,100997.0625,101000.1328125,101002.0625,101016.3203125,101026.921875,101016.671875,101007.859375,101016.890625,101028.796875,101034.1171875,101035.8671875,101038.4140625,101050.0078125,101072.4140625,101082.96875,101079.140625,101081.609375,101092.671875,101094.640625,101102.9453125,101124.515625,101128.6171875,101128.5625,101155.453125,101169.390625,101155.3203125,101167.6640625,101178.25,101142.3671875,101151.921875
100923.8203125,100999.6953125,101020.875,100960.7734375,100899.0546875,100881.7265625,100895.09375,100902.5625,100902.578125,100911.0234375,100921.640625,100926.4453125,100932.984375,100937.1640625,100934.1875,100934.25,100942.3359375,100949.8828125,100955.640625,100965.1953125,100967.5703125,100962.8828125,100970.6796875,100987.3984375,100989.6640625,100988.1171875,101003.4296875,101021.3515625,101021.03125,101019.1328125,101027.3515625,101037.0078125,101052.5625,101072.578125,101082.6328125,101081.84375,101097.4140625,101130.828125,101153.5234375,101159.984375,101165.2109375,101163.796875,101165.3671875,101185.6953125,101191.75,101178.1953125,101197.6875,101209.5,101153.7421875,101139.09375
100871.0390625,100947.03125,101021.765625,100998.078125,100943.15625,100928.7265625,100935.7578125,100930.1796875,100923.9296875,100928.421875,100933.0625,100938.96875,100948.5,100948.46875,100945.921875,100952.890625,100954.7421875,100945.9140625,100947.296875,100960.203125,100963.46875,100964.125,100973.4296875,100976.5234375,100970.125,100984.9140625,101014.1953125,101022.5078125,101022.0390625,101041.9296875,101072.328125,101088.7578125,101091.265625,101097.3203125,101116.8203125,101141.125,101158.171875,101173.7578125,101189.5,101197.609375,101211.3125,101232.3515625,101245.7578125,101256.0,101266.3125,101258.9296875,101254.6171875,101254.7109375,101199.0703125,101167.296875
100931.34375,100980.1015625,101034.9921875,101023.3671875,100990.5234375,100992.9375,100997.03125,100985.4375,100982.125,100983.0,100967.9140625,100959.953125,100967.96875,100971.515625,100978.46875,101001.2890625,101016.328125,101015.6484375,101020.53125,101030.375,101030.2890625,101036.4921875,101052.5703125,101054.5703125,101054.1328125,101071.0234375,101083.8671875,101082.484375,101092.5078125,101117.078125,101137.453125,101159.0546875,101176.0,101190.2265625,101221.1328125,101255.5859375,101265.34375,101271.1328125,101292.234375,101306.0703125,101322.875,101352.890625,101357.1328125,101347.828125,101366.9921875,101368.2421875,101332.3125,101321.3671875,101308.140625,101236.7109375
101077.609375,101123.328125,101158.453125,101136.359375,101104.4921875,101097.0625,101084.4296875,101065.265625,101068.6640625,101075.546875,101064.7578125,101061.171875,101068.8671875,101062.1640625,101048.7421875,101047.8125,101051.2265625,101052.828125,101064.3046875,101072.2578125,101071.90625,101080.15625,101097.1875,101109.8984375,101125.171875,101141.453125,101150.046875,101169.2265625,101202.8984375,101219.0234375,101222.6328125,101251.734375,101293.0546875,101317.34375,101346.6328125,101376.7265625,101395.1875,101431.28125,101477.890625,101488.03125,101488.6015625,101508.7734375,101495.7421875,101470.765625,101491.9375,101488.703125,101435.03125,101414.03125,101422.6875,101342.609375
101148.1484375,101220.328125,101303.3359375,101311.9375,101274.3203125,101243.03125,101217.4375,101191.953125,101180.4609375,101180.953125,101177.5,101177.2265625,101183.109375,101182.3515625,101176.28125,101171.9375,101165.296875,101161.1953125,101166.5390625,101170.625,101172.4296875,101178.5078125,101182.9375,101190.203125,101210.0546875,101229.3125,101238.328125,101266.7578125,101308.7578125,101330.515625,101348.5625,101388.109375,101424.0703125,101443.640625,101473.7734375,101504.5859375,101526.96875,101569.0625,101611.6796875,101614.171875,101621.734375,101655.296875,101657.046875,101640.3046875,101654.9765625,101642.21875,101583.3046875,101549.40625,101514.5703125,101431.3125
101198.4609375,101285.2890625,101421.09375,101462.4375,101421.3671875,101381.0078125,101368.6328125,101355.4765625,101335.9609375,101323.75,101318.078125,101307.21875,101298.5859375,101306.375,101327.21875,101343.1484375,101349.359375,101352.609375,101353.6953125,101352.3671875,101356.6953125,101363.5234375,101362.9140625,101359.8203125,101374.1015625,101390.703125,101398.1015625,101410.359375,101430.1953125,101453.6953125,101489.4296875,101531.1328125,101553.3046875,101576.84375,101629.3125,101672.328125,101690.5078125,101714.5,101741.0,101751.90625,101777.1875,101813.6015625,101819.1875,101813.8046875,101820.4609375,101802.0546875,101768.1796875,101735.3125,101646.5234375,101513.34375
101331.703125,101404.0625,101521.1484375,101569.8046875,101548.0234375,101523.0390625,101518.5234375,101508.4765625,101493.125,101491.1015625,101496.3125,101489.5078125,101479.21875,101477.921875,101479.7265625,101474.65625,101470.4921875,101476.171875,101479.46875,101475.96875,101478.96875,101490.21875,101498.265625,101501.0703125,101509.5234375,101523.46875,101539.8203125,101556.296875,101570.7109375,101589.1484375,101621.6796875,101655.03125,101678.6171875,101714.484375,101768.96875,101809.1484375,101834.1953125,101870.1953125,101909.453125,101936.3984375,101960.015625,101971.421875,101960.328125,101960.1640625,101961.4453125,101937.7890625,101918.4921875,101906.125,101821.5078125,101673.515625
101450.65625,101484.3828125,101552.8515625,101625.3125,101667.0234375,101672.4375,101653.5546875,101627.9140625,101617.0625,101620.6484375,101624.1328125,101626.078125,101635.5859375,101643.1015625,101635.53125,101622.46875,101619.125,101624.0390625,101626.9453125,101623.921875,101620.2421875,101620.4609375,101625.515625,101631.953125,101636.0,101638.296875,101651.765625,101678.359375,101702.5859375,101720.328125,101741.46875,101769.1484375,101799.046875,101831.421875,101859.546875,101879.8046875,101911.6796875,101965.359375,102007.9453125,102034.25,102059.40625,102075.4765625,102079.3359375,102097.65625,102106.7109375,102075.1640625,102037.59375,102025.21875,101964.6875,101861.015625
101528.3671875,101521.9609375,101563.390625,101659.7578125,101734.171875,101744.25,101721.8828125,101712.0,101725.5,101729.4296875,101711.9140625,101704.9296875,101719.6953125,101735.109375,101744.875,101762.234375,101783.1953125,101791.296875,101791.9609375,101797.3984375,101799.9375,101789.5,101781.1484375,101785.984375,101790.5625,101783.734375,101779.71875,101788.921875,101801.421875,101811.59375,101826.0703125,101849.84375,101880.0234375,101911.015625,101934.5,101957.171875,101994.0546875,102033.546875,102054.3125,102071.3828125,102110.9609375,102155.0546875,102179.8046875,102200.59375,102217.984375,102203.390625,102159.8125,102120.6875,102086.3046875,102018.3125
101609.9296875,101605.875,101646.4609375,101710.171875,101731.4921875,101715.6875,101711.7890625,101739.9453125,101781.578125,101793.359375,101784.609375,101787.40625,101797.1171875,101790.9453125,101786.6171875,101802.9140625,101818.8515625,101813.078125,101805.875,101818.9921875,101834.78125,101833.1328125,101827.7265625,101832.375,101840.5625,101844.234375,101846.9609375,101846.8359375,101846.96875,101855.15625,101870.8515625,101884.265625,101899.921875,101925.453125,101960.109375,101998.734375,102037.46875,102069.3046875,102087.3515625,102112.8125,102158.6328125,102200.953125,102211.0234375,102211.2734375,102228.265625,102245.734375,102230.8203125,102194.8671875,102156.421875,102105.609375
101612.9921875,101641.65625,101685.6171875,101702.1015625,101677.4296875,101667.3125,101685.84375,101721.4765625,101742.9375,101743.4765625,101754.8828125,101784.578125,101800.625,101789.890625,101778.6484375,101788.078125,101799.65625,101797.296875,101796.8984375,101805.7578125,101812.71875,101812.609375,101814.8515625,101813.421875,101807.9453125,101810.5,101824.25,101831.4453125,101832.40625,101843.9609375,101864.515625,101874.0625,101874.0,101884.28125,101907.0546875,101929.59375,101953.0390625,101984.09375,102022.09375,102063.8046875,102102.828125,102131.6171875,102142.3515625,102155.828125,102182.6640625,102209.3515625,102200.65625,102176.09375,102152.625,102106.421875
101517.7578125,101546.671875,101575.7578125,101578.8828125,101578.0625,101604.1640625,101639.34375,101660.796875,101656.765625,101649.1875,101661.7890625,101683.7109375,101689.453125,101685.421875,101693.59375,101715.4609375,101736.4140625,101757.0703125,101780.5390625,101788.734375,101778.671875,101771.25,101778.5546875,101776.7578125,101758.3046875,101745.75,101748.828125,101748.8671875,101738.78125,101739.59375,101752.984375,101761.203125,101767.859375,101785.78125,101807.421875,101816.5625,101823.0390625,101846.578125,101883.9765625,101916.375,101943.0,101969.15625,102005.125,102049.609375,102088.4765625,102104.6953125,102095.8515625,102087.0625,102086.4140625,102052.7734375
