earth/public/data/atmosphere/W07/ANN-wind-surface-level-gfs-1.0.json
{"header": {"discipline": 0, "disciplineName": "Meteorological products", "gribEdition": 2, "gribLength": 17922.0, "center": 0, "centerName": "Kiel Climate Model", "subcenter": 0, "refTime": "1", "significanceOfRT": 1, "significanceOfRTName": "Start of forecast", "productStatus": 0, "productStatusName": "Operational products", "productType": 1, "productTypeName": "Forecast products", "productDefinitionTemplate": 0, "productDefinitionTemplateName": "Analysis/forecast at horizontal level/layer at a point in time", "parameterCategory": 2, "parameterCategoryName": "Momentum", "parameterNumber": 2, "parameterNumberName": "V-component_of_wind", "parameterUnit": "m/s", "genProcessType": 2, "genProcessTypeName": "Forecast", "forecastTime": 0, "surface1Type": 103, "surface1TypeName": "Specified height level above ground", "surface1Value": 10, "surface2Type": 255, "surface2TypeName": "Missing", "surface2Value": 0, "gridDefinitionTemplate": 0, "gridDefinitionTemplateName": "Latitude_Longitude", "numberPoints": 65160, "shape": 6, "shapeName": "Earth spherical with radius of 6,371,229.0 m", "gridUnits": "degrees", "resolution": 48, "winds": "true", "scanMode": 0, "nx": 128.0, "ny": 64.0, "basicAngle": 0, "subDivisions": 0, "lo1": 0.0, "la1": 87.86379883923263, "lo2": 357.1875, "la2": -87.86379883923263, "dx": 2.8125, "dy": 2.7893269472772264}, "data":
[rows 0 to 18 of 64, columns 43 to 85 of 128]
0.06428998708724976,0.031041288748383522,-0.0019169674487784505,-0.03487440198659897,-0.0683097094297409,-0.1019749864935875,-0.13617461919784546,-0.17117339372634888,-0.20697897672653198,-0.243593230843544,-0.2809756398200989,-0.3190055191516876,-0.3578387498855591,-0.3972117304801941,-0.4375259280204773,-0.4793550372123718,-0.5216396450996399,-0.564544141292572,-0.6079941391944885,-0.6522257328033447,-0.6975857615470886,-0.7423230409622192,-0.7860850095748901,-0.829792857170105,-0.8728635907173157,-0.9148237705230713,-0.9555940628051758,-0.9948744773864746,-1.0323176383972168,-1.067299723625183,-1.0997968912124634,-1.1298854351043701,-1.1584980487823486,-1.1849473714828491,-1.209058165550232,-1.2293670177459717,-1.2457690238952637,-1.2582279443740845,-1.2665907144546509,-1.2705817222595215,-1.2700875997543335,-1.2652677297592163,-1.2565041780471802
0.06606122851371765,0.05649937689304352,0.04508751258254051,0.03116905316710472,0.01492003072053194,-0.003742568427696824,-0.025262828916311264,-0.05011569336056709,-0.07767119258642197,-0.10811382532119751,-0.14131751656532288,-0.17704325914382935,-0.21299265325069427,-0.25075942277908325,-0.2901431918144226,-0.3313350975513458,-0.37426647543907166,-0.41640931367874146,-0.4579542279243469,-0.5013168454170227,-0.5454781651496887,-0.5930002927780151,-0.641884446144104,-0.6934414505958557,-0.745564341545105,-0.800408661365509,-0.8578931093215942,-0.9163554310798645,-0.9739459156990051,-1.0291396379470825,-1.0813902616500854,-1.1315722465515137,-1.185402274131775,-1.2303624153137207,-1.2646746635437012,-1.2854020595550537,-1.2999781370162964,-1.308380126953125,-1.3007692098617554,-1.2786568403244019,-1.2427763938903809,-1.2043474912643433,-1.159880518913269
0.32395216822624207,0.32078585028648376,0.31557172536849976,0.30414724349975586,0.2836098074913025,0.25482261180877686,0.21625466644763947,0.16579242050647736,0.10429991036653519,0.035230495035648346,-0.039226941764354706,-0.11612676084041595,-0.19345374405384064,-0.26570942997932434,-0.32809868454933167,-0.38111406564712524,-0.4259825646877289,-0.4624713957309723,-0.48832160234451294,-0.50813889503479,-0.521691620349884,-0.5317713618278503,-0.5414217710494995,-0.551828145980835,-0.5697937607765198,-0.6000015139579773,-0.6422021389007568,-0.6941072940826416,-0.7556629180908203,-0.825590968132019,-0.905068576335907,-0.9887463450431824,-1.0699313879013062,-1.1434043645858765,-1.20872962474823,-1.2640247344970703,-1.296388030052185,-1.308638572692871,-1.3049793243408203,-1.273236632347107,-1.2175226211547852,-1.1443711519241333,-1.0497660636901855
0.24068313837051392,0.2584013044834137,0.280103862285614,0.2987349033355713,0.30866727232933044,0.3025444746017456,0.274120956659317,0.22434808313846588,0.1532980352640152,0.061598822474479675,-0.04383086413145065,-0.1569967120885849,-0.2717670500278473,-0.37863579392433167,-0.47153887152671814,-0.5431406497955322,-0.5917442440986633,-0.6257187724113464,-0.6412563920021057,-0.6397303938865662,-0.6249224543571472,-0.6050967574119568,-0.5855544209480286,-0.5728344917297363,-0.5647539496421814,-0.5651490688323975,-0.5776796340942383,-0.6006425619125366,-0.6352925300598145,-0.6899695992469788,-0.7532013654708862,-0.8173225522041321,-0.8861404061317444,-0.9580978155136108,-1.0224332809448242,-1.0672996044158936,-1.1082561016082764,-1.1287976503372192,-1.125414490699768,-1.0987383127212524,-1.041736364364624,-0.9571203589439392,-0.8473266959190369
-0.024037325754761696,0.024924261495471,0.07608059793710709,0.1237955167889595,0.15761761367321014,0.17154935002326965,0.15934166312217712,0.1164829358458519,0.04498887434601784,-0.04782956466078758,-0.15283021330833435,-0.26113301515579224,-0.36735236644744873,-0.464189350605011,-0.5476980805397034,-0.6193856596946716,-0.6653788685798645,-0.6898508071899414,-0.701445996761322,-0.7204298377037048,-0.7390215992927551,-0.7574563026428223,-0.7839964628219604,-0.8100627660751343,-0.8281971216201782,-0.8311747908592224,-0.8378094434738159,-0.8315783143043518,-0.8144830465316772,-0.7929204702377319,-0.7789073586463928,-0.7728214263916016,-0.7783660292625427,-0.7998684644699097,-0.8212288022041321,-0.8314714431762695,-0.8248481750488281,-0.8012958765029907,-0.7459695339202881,-0.6954842805862427,-0.6205379962921143,-0.5297006368637085,-0.44004181027412415
0.19478395581245422,0.30963537096977234,0.3602398633956909,0.3560207784175873,0.30370721220970154,0.2138122022151947,0.08583596348762512,-0.06681190431118011,-0.23181816935539246,-0.3815491199493408,-0.5002045035362244,-0.5864020586013794,-0.6553436517715454,-0.6964061260223389,-0.7070512771606445,-0.6875284314155579,-0.6526946425437927,-0.6478878259658813,-0.6663275957107544,-0.7218381762504578,-0.8131781816482544,-0.9243068695068359,-1.03109872341156,-1.128204107284546,-1.181311011314392,-1.1717334985733032,-1.1017016172409058,-0.9767826795578003,-0.8190580010414124,-0.665442168712616,-0.5519618391990662,-0.5041142106056213,-0.5086710453033447,-0.5613861083984375,-0.6340849995613098,-0.685804009437561,-0.7004373073577881,-0.6560032367706299,-0.5605170726776123,-0.428127646446228,-0.2881127595901489,-0.17047882080078125,-0.08523320406675339
0.5653052926063538,0.7027537822723389,0.7537446022033691,0.6534708142280579,0.6045709848403931,0.3998708724975586,0.17471528053283691,-0.06733354926109314,-0.32870715856552124,-0.5435136556625366,-0.6924200654029846,-0.7817050218582153,-0.7735941410064697,-0.675990641117096,-0.5684597492218018,-0.4329780042171478,-0.32245302200317383,-0.2848398983478546,-0.3508272171020508,-0.5230304598808289,-0.7789644002914429,-1.0711395740509033,-1.3341748714447021,-1.512330412864685,-1.5641117095947266,-1.4613869190216064,-1.2075517177581787,-0.8530093431472778,-0.47701382637023926,-0.14948710799217224,0.10800165683031082,0.133483424782753,0.06974343955516815,-0.10282028466463089,-0.31169259548187256,-0.4893202781677246,-0.5853559374809265,-0.5722339153289795,-0.45678406953811646,-0.27663442492485046,-0.08485519140958786,0.059525419026613235,0.10859458893537521
0.19807009398937225,0.2867550849914551,0.3209337890148163,0.34944623708724976,0.3538602888584137,0.2987474203109741,0.18988251686096191,0.06266701966524124,-0.10772360861301422,-0.33944544196128845,-0.49248766899108887,-0.6101815104484558,-0.5535346269607544,-0.38983452320098877,-0.1634448766708374,0.04730317369103432,0.14798489212989807,0.09622064977884293,-0.1238633319735527,-0.5131022930145264,-0.8890987038612366,-1.3128045797348022,-2.0056490898132324,-2.1709277629852295,-2.1184961795806885,-1.8093935251235962,-1.3051236867904663,-0.5767208933830261,-0.09963962435722351,0.2663416564464569,0.4098733961582184,0.4819280803203583,0.4029238522052765,0.2845264673233032,0.14106187224388123,0.04204714670777321,-0.008754284121096134,0.0033137488644570112,0.0529756136238575,0.13857097923755646,0.2139013260602951,0.2483201026916504,0.22098195552825928
-0.2362985461950302,-0.26454946398735046,-0.2353011667728424,-0.1845335066318512,-0.09156816452741623,-0.03541794419288635,-0.038448214530944824,-0.11623735725879669,-0.26324811577796936,-0.4361782670021057,-0.6439038515090942,-0.8406254053115845,-0.8522519469261169,-0.7317938208580017,-0.5242106914520264,-0.33859747648239136,-0.3125646710395813,-0.4941002428531647,-0.88370680809021,-1.4887202978134155,-2.0118393898010254,-2.3688650131225586,-2.5299088954925537,-2.419736385345459,-2.319549322128296,-1.682793140411377,-0.966915488243103,-0.20529359579086304,0.24490562081336975,0.5353237390518188,0.6242300271987915,0.5904911756515503,0.49924033880233765,0.4252025783061981,0.41627898812294006,0.5621236562728882,0.6481093168258667,0.6889389753341675,0.6320202946662903,0.5166395306587219,0.4030323326587677,0.2240864634513855,0.057393014430999756
-0.006097140721976757,-0.1218176782131195,-0.16321961581707,-0.16606108844280243,-0.21321481466293335,-0.3807263672351837,-0.6591781973838806,-0.9965459704399109,-1.3020572662353516,-1.5884233713150024,-1.6272224187850952,-1.651902675628662,-1.5939682722091675,-1.4431746006011963,-1.3540534973144531,-1.2716480493545532,-1.3635979890823364,-1.4593669176101685,-1.7158399820327759,-2.2437381744384766,-3.0886237621307373,-3.145205497741699,-2.8912618160247803,-2.3199691772460938,-1.5762627124786377,-0.788865864276886,-0.08697351813316345,0.4616032838821411,0.6913125514984131,0.7435067892074585,0.5022860169410706,0.28273457288742065,0.17437942326068878,0.17278355360031128,0.30444949865341187,0.6202448010444641,1.0787267684936523,1.3947986364364624,1.3253251314163208,1.0645109415054321,0.5250561237335205,0.145539328455925,-0.14710170030593872
0.1407015174627304,0.03636404126882553,-0.0018688691779971123,-0.08259526640176773,-0.37056663632392883,-0.9323040843009949,-1.6631771326065063,-2.208127737045288,-2.373147487640381,-2.2967865467071533,-1.9149141311645508,-1.5121839046478271,-1.8334143161773682,-1.7998067140579224,-1.5948666334152222,-1.686719536781311,-1.762044072151184,-2.122715950012207,-2.1436729431152344,-2.178349733352661,-2.1266872882843018,-1.9019120931625366,-1.4936093091964722,-0.9749137163162231,-0.44435015320777893,0.013940874487161636,0.37590286135673523,0.6136745810508728,0.6018567681312561,0.5569490790367126,0.27422887086868286,0.04011780023574829,-0.17518584430217743,-0.08037830889225006,0.13525018095970154,0.34886232018470764,0.8476631045341492,1.356123447418213,1.6474498510360718,1.3850181102752686,0.9575493931770325,0.49288421869277954,0.1861337423324585
-0.5343532562255859,-0.6556624174118042,-0.6276401281356812,-0.5743036270141602,-0.8356369137763977,-1.45010507106781,-2.171041965484619,-3.686475992202759,-3.796152353286743,-3.029662847518921,-1.8046433925628662,-0.7464148998260498,-0.28683656454086304,-0.4772186279296875,-0.6950243711471558,-1.4057163000106812,-1.5219675302505493,-1.3161133527755737,-0.9411865472793579,-0.583937406539917,-0.3096214830875397,-0.09820457547903061,0.07706838846206665,0.21669484674930573,0.3122711777687073,0.3698441684246063,0.42283040285110474,0.46710872650146484,0.4553248882293701,0.34926638007164,0.14051809906959534,-0.06606188416481018,-0.14798037707805634,-0.002874227939173579,0.3834019899368286,0.9472590088844299,1.570717453956604,2.0785577297210693,1.3911300897598267,1.6896692514419556,1.572360873222351,1.1016925573349,0.918828010559082
-1.2828313112258911,-1.3323243856430054,-1.162252426147461,-0.9085807800292969,-0.8194294571876526,-1.110701322555542,-1.8504127264022827,-2.823906183242798,-2.7909059524536133,-1.9366250038146973,-0.6159399151802063,0.4176875948905945,0.7341092824935913,0.31587153673171997,-0.2437482625246048,-0.6834929585456848,-0.7029890418052673,-0.30397850275039673,0.2542629539966583,0.705609142780304,0.9428080320358276,1.0069286823272705,1.0014169216156006,0.9947972297668457,0.9870691895484924,0.9712468981742859,0.9741656184196472,0.9830325841903687,0.9463229775428772,0.8054497241973877,0.5933881402015686,0.42539194226264954,0.42977067828178406,0.6307412385940552,0.9490277767181396,1.3066606521606445,1.658421277999878,1.9591113328933716,2.1650843620300293,1.52348792552948,1.6751971244812012,1.5946836471557617,1.3562572002410889
-1.2629626989364624,-1.146484613418579,-0.8211207985877991,-0.4162435531616211,-0.1780969798564911,-0.297864705324173,-0.7578885555267334,-1.0894033908843994,-1.421518087387085,-0.9413500428199768,-0.24096667766571045,0.23669400811195374,0.3548693358898163,0.23183538019657135,0.041354600340127945,-0.00020203243184369057,0.211286723613739,0.650886595249176,1.1425635814666748,1.4899318218231201,1.6216295957565308,1.6054028272628784,1.5906310081481934,1.673376202583313,1.7754483222961426,1.7783082723617554,1.7123112678527832,1.6484326124191284,1.5738768577575684,1.4189289808273315,1.1801059246063232,0.9717249870300293,0.9052865505218506,0.9577149748802185,1.022550106048584,1.054364562034607,1.0957157611846924,1.1885132789611816,1.318086862564087,1.4780502319335938,1.0115917921066284,1.2862553596496582,1.3721296787261963
-0.7898720502853394,-0.4430946111679077,0.013823678717017174,0.32952964305877686,0.29397934675216675,-0.05015387013554573,-0.38885626196861267,-0.5492566227912903,-0.49493715167045593,-0.5350723266601562,-0.42699387669563293,-0.40663960576057434,-0.30140188336372375,-0.01991458237171173,0.35729485750198364,0.7103292346000671,1.0183677673339844,1.3442533016204834,1.6955931186676025,1.9716707468032837,2.089886426925659,2.0834856033325195,2.090967893600464,2.1919851303100586,2.2607994079589844,2.144986867904663,1.9017056226730347,1.7139991521835327,1.6317740678787231,1.5322734117507935,1.3285647630691528,1.114942193031311,1.001220703125,0.9227858781814575,0.7364521622657776,0.45174872875213623,0.2186404913663864,0.1317569464445114,0.17713910341262817,0.36664333939552307,0.7557682394981384,0.7896843552589417,0.8969478011131287
-0.2676258683204651,0.19736509025096893,0.5558838248252869,0.41068875789642334,-0.17299166321754456,-0.7103766202926636,-1.4212090969085693,-1.1441071033477783,-0.44733619689941406,-0.6317050457000732,-0.7648319602012634,-0.7670766711235046,-0.4691610038280487,0.08015397936105728,0.6616032123565674,1.0806884765625,1.339890480041504,1.574246883392334,1.8743399381637573,2.1892571449279785,2.397937297821045,2.446894407272339,2.4253196716308594,2.4378256797790527,2.4222636222839355,2.246671199798584,1.9529223442077637,1.7353439331054688,1.6542044878005981,1.5408613681793213,1.28245210647583,1.0204380750656128,0.9093852043151855,0.8437824845314026,0.6185758113861084,0.23084191977977753,-0.16902495920658112,-0.5294274091720581,-0.842832088470459,-0.9185027480125427,-0.49021998047828674,0.13483619689941406,0.449632853269577
0.09429469704627991,0.3965131938457489,0.32867881655693054,-0.2579784095287323,-1.0606412887573242,-2.2120604515075684,-1.8632373809814453,-1.2523430585861206,-0.5015583634376526,-0.9143682718276978,-1.0395110845565796,-0.7883915305137634,-0.22865799069404602,0.3787418007850647,0.872785747051239,1.2702468633651733,1.6248608827590942,1.9236571788787842,2.173285961151123,2.4178411960601807,2.626957654953003,2.689988374710083,2.589291572570801,2.4690945148468018,2.403951644897461,2.2909867763519287,2.0677998065948486,1.8425836563110352,1.6869187355041504,1.4739700555801392,1.1140762567520142,0.7635089755058289,0.5790242552757263,0.45488160848617554,0.22540703415870667,-0.07496660202741623,-0.42387017607688904,-1.0315901041030884,-1.941094994544983,-2.592616081237793,-2.227968454360962,-0.7963452935218811,-0.1036015972495079
-0.06878536939620972,-0.09640297293663025,-0.39905115962028503,-1.6059104204177856,-2.3350107669830322,-2.2620813846588135,-1.4940457344055176,-0.9320026636123657,-0.7201644778251648,-1.021772861480713,-1.0508861541748047,-0.49698689579963684,0.2919343411922455,0.8994108438491821,1.3033294677734375,1.7198154926300049,2.187655448913574,2.5086326599121094,2.5913941860198975,2.6020305156707764,2.668830156326294,2.6693289279937744,2.4829304218292236,2.2545456886291504,2.147993564605713,2.0605576038360596,1.8234667778015137,1.5057203769683838,1.2597028017044067,1.0460940599441528,0.7662919163703918,0.46844109892845154,0.18894267082214355,-0.17667315900325775,-0.61183762550354,-0.899470329284668,-1.11509370803833,-1.8140316009521484,-3.207376003265381,-4.429625511169434,-4.178088188171387,-1.7729272842407227,-0.49145132303237915
-0.8486542701721191,-1.1792765855789185,-1.2702000141143799,-2.1652350425720215,-2.135909080505371,-1.5876814126968384,-0.8861406445503235,-0.36577993631362915,-0.6469246745109558,-0.7655187845230103,-0.4202936291694641,0.319532185792923,1.0576831102371216,1.5408666133880615,1.8322352170944214,2.1052069664001465,2.3961875438690186,2.5723681449890137,2.5490524768829346,2.4478700160980225,2.396540641784668,2.31353497505188,2.09804368019104,1.8665369749069214,1.7526313066482544,1.6349050998687744,1.3463988304138184,0.9815318584442139,0.7247493267059326,0.5597665905952454,0.3852071464061737,0.20089790225028992,-0.05308549478650093,-0.5405172109603882,-1.1737143993377686,-1.6026350259780884,-1.8691333532333374,-2.615164041519165,-4.150719165802002,-5.631600379943848,-5.703057765960693,-3.9621875286102295,-1.0572805404663086
