earth/public/data/atmosphere/W07/ANN-slp-surface-level-gfs-1.0.json
{"header": {"discipline": 0, "disciplineName": "Meteorological products", "gribEdition": 2, "gribLength": 17922.0, "center": 0, "centerName": "Kiel Climate Model", "subcenter": 0, "refTime": "1", "significanceOfRT": 1, "significanceOfRTName": "Start of forecast", "productStatus": 0, "productStatusName": "Operational products", "productType": 1, "productTypeName": "Forecast products", "productDefinitionTemplate": 0, "productDefinitionTemplateName": "Analysis/forecast at horizontal level/layer at a point in time", "parameterCategory": 2, "parameterCategoryName": "Momentum", "parameterNumber": 2, "parameterNumberName": "U-component_of_wind", "parameterUnit": "Pa", "genProcessType": 2, "genProcessTypeName": "Forecast", "forecastTime": 0, "surface1Type": 103, "surface1TypeName": "Specified height level above ground", "surface1Value": 10, "surface2Type": 255, "surface2TypeName": "Missing", "surface2Value": 0, "gridDefinitionTemplate": 0, "gridDefinitionTemplateName": "Latitude_Longitude", "numberPoints": 65160, "shape": 6, "shapeName": "Earth spherical with radius of 6,371,229.0 m", "gridUnits": "degrees", "resolution": 48, "winds": "true", "scanMode": 0, "nx": 128.0, "ny": 64.0, "basicAngle": 0, "subDivisions": 0, "lo1": 0.0, "la1": 87.86379883923263, "lo2": 357.1875, "la2": -87.86379883923263, "dx": 2.8125, "dy": 2.7893269472772264}, "data":
[rows 0 to 22 of 64, columns 0 to 49 of 128]
101766.3984375,101768.515625,101771.3203125,101774.0703125,101777.3125,101780.1640625,101783.046875,101784.9453125,101788.8203125,101790.7734375,101793.6015625,101797.328125,101800.5078125,101803.0234375,101806.0078125,101807.859375,101810.9765625,101813.6640625,101815.5625,101818.96875,101820.7890625,101823.3125,101826.140625,101827.515625,101829.7578125,101832.5,101834.046875,101835.4140625,101837.6796875,101839.2109375,101841.1171875,101843.21875,101845.3125,101845.9296875,101847.65625,101849.09375,101850.1796875,101852.2734375,101852.6953125,101854.2109375,101855.5390625,101856.796875,101856.7421875,101858.234375,101858.7109375,101859.703125,101860.015625,101859.8046875,101860.59375,101861.1875
101706.25,101711.375,101717.5,101722.2578125,101726.578125,101730.4140625,101735.2265625,101738.546875,101742.078125,101746.40625,101749.7734375,101753.7265625,101757.9296875,101763.109375,101767.2265625,101772.40625,101777.0390625,101781.265625,101787.0625,101791.484375,101796.15625,101801.7734375,101806.6875,101810.890625,101815.8984375,101819.25,101823.921875,101827.375,101831.046875,101833.5,101837.2265625,101839.140625,101842.859375,101845.125,101848.125,101850.015625,101853.1328125,101855.921875,101858.3828125,101860.75,101863.53125,101866.1171875,101869.515625,101870.8671875,101872.8828125,101874.3359375,101875.3828125,101877.5,101878.0078125,101878.109375
101665.6953125,101664.875,101664.578125,101663.890625,101662.453125,101661.6796875,101661.6875,101663.0703125,101665.34375,101667.2421875,101671.1953125,101675.6875,101680.90625,101687.3125,101693.828125,101701.078125,101708.859375,101717.328125,101726.6796875,101735.2578125,101745.734375,101753.671875,101763.125,101771.25,101777.3125,101783.6640625,101790.0859375,101793.703125,101797.03125,101799.96875,101802.6640625,101804.3671875,101806.4140625,101809.7578125,101812.53125,101817.046875,101821.8359375,101828.5390625,101835.28125,101843.453125,101851.0078125,101859.265625,101867.5,101875.671875,101881.7109375,101886.859375,101890.15625,101892.3046875,101891.3125,101890.3359375
101536.1640625,101530.4296875,101528.046875,101529.90625,101536.2578125,101545.828125,101557.859375,101571.4140625,101587.078125,101601.40625,101615.9609375,101630.84375,101644.0703125,101655.7578125,101665.5234375,101674.4296875,101681.2890625,101687.1328125,101692.015625,101694.9375,101699.734375,101702.421875,101707.2265625,101710.4453125,101715.5390625,101720.0078125,101723.890625,101729.0,101732.7578125,101735.484375,101738.328125,101742.28125,101745.796875,101750.2265625,101755.578125,101762.8203125,101770.515625,101780.828125,101791.9375,101805.421875,101819.015625,101833.25,101846.3984375,101859.453125,101870.671875,101881.25,101888.7578125,101892.34375,101894.5625,101892.671875
101333.203125,101325.125,101328.4375,101343.3515625,101369.6328125,101400.8515625,101436.40625,101472.3125,101506.578125,101539.2421875,101570.203125,101596.140625,101618.5078125,101636.109375,101647.6796875,101654.1328125,101655.8203125,101652.6640625,101648.953125,101643.0546875,101637.3828125,101633.0703125,101630.828125,101630.015625,101633.0390625,101636.71875,101644.359375,101652.9375,101664.734375,101677.375,101691.96875,101706.7109375,101722.765625,101739.515625,101754.671875,101769.5625,101784.0625,101796.09375,101805.828125,101813.390625,101816.9296875,101820.1953125,101820.375,101819.8359375,101821.6875,101824.2734375,101830.6875,101841.0390625,101852.09375,101862.5859375
101110.1328125,101104.6328125,101121.65625,101157.09375,101201.3515625,101249.1171875,101293.1953125,101334.09375,101371.03125,101404.84375,101436.8046875,101464.984375,101488.71875,101507.3125,101518.8515625,101527.9453125,101535.7890625,101542.984375,101553.609375,101565.0625,101577.609375,101590.4609375,101600.3515625,101605.984375,101610.171875,101613.265625,101617.109375,101622.765625,101634.7421875,101651.703125,101674.015625,101699.8984375,101728.03125,101756.7578125,101784.5859375,101809.609375,101828.984375,101844.765625,101856.5546875,101860.7734375,101859.203125,101850.859375,101836.484375,101818.6015625,101800.0078125,101786.0,101779.984375,101784.96875,101802.109375,101826.359375
100908.078125,100934.90625,100984.296875,101041.9921875,101096.7890625,101144.6796875,101187.2421875,101227.0,101268.6328125,101313.1875,101356.2109375,101391.9921875,101415.53125,101430.328125,101437.5078125,101445.5390625,101459.1484375,101481.5859375,101512.984375,101550.9296875,101589.9921875,101624.734375,101648.6640625,101660.8046875,101658.78125,101650.28125,101637.6875,101630.09375,101631.3125,101644.2578125,101666.9375,101698.8203125,101733.7109375,101767.53125,101796.59375,101817.2421875,101830.734375,101839.0703125,101846.671875,101856.28125,101868.6953125,101881.3671875,101890.7890625,101890.921875,101882.4609375,101867.1328125,101847.3515625,101833.1015625,101830.2109375,101839.71875
100838.3515625,100901.640625,100968.296875,101030.734375,101088.1875,101145.09375,101204.2578125,101271.296875,101341.7890625,101410.359375,101462.7578125,101496.421875,101508.8203125,101507.25,101501.90625,101500.46875,101509.2734375,101527.59375,101554.640625,101586.4453125,101616.0546875,101638.625,101650.859375,101650.9296875,101643.1796875,101631.8203125,101622.75,101622.375,101634.0,101657.3984375,101692.8671875,101735.0390625,101780.765625,101824.7890625,101858.8984375,101875.6953125,101875.4453125,101862.4140625,101845.4296875,101834.5859375,101837.453125,101857.671875,101888.6484375,101920.2265625,101941.046875,101941.0390625,101921.2734375,101886.8125,101854.5546875,101836.234375
100873.0078125,100926.2890625,100988.953125,101064.4765625,101147.828125,101226.265625,101293.9453125,101355.4140625,101413.890625,101464.453125,101501.578125,101521.421875,101527.25,101529.625,101537.046875,101552.5703125,101574.125,101592.7265625,101608.234375,101615.703125,101620.8671875,101625.421875,101630.6640625,101634.953125,101639.1640625,101645.78125,101655.859375,101674.046875,101695.0390625,101721.6015625,101750.171875,101784.2421875,101824.59375,101871.5859375,101915.546875,101950.03125,101965.2578125,101959.015625,101935.53125,101903.5625,101874.15625,101857.140625,101855.6171875,101863.0078125,101872.0390625,101870.2421875,101849.265625,101807.796875,101758.8203125,101720.0390625
100865.4296875,100929.09375,101033.5078125,101155.2890625,101252.0390625,101303.0859375,101326.109375,101350.0546875,101382.890625,101420.4453125,101451.2734375,101470.4296875,101484.2265625,101503.6875,101538.390625,101582.03125,101620.765625,101641.921875,101649.765625,101655.7109375,101670.8203125,101696.5703125,101722.609375,101740.375,101747.140625,101746.640625,101747.28125,101752.8125,101760.875,101772.0546875,101784.6796875,101801.1640625,101825.046875,101857.484375,101895.09375,101935.96875,101973.1875,102001.9140625,102017.953125,102018.75,102004.6875,101977.7421875,101943.265625,101904.9765625,101870.21875,101841.2421875,101810.234375,101766.7734375,101702.9765625,101631.09375
100945.0390625,101057.4453125,101194.3046875,101319.2421875,101386.015625,101394.359375,101383.3203125,101388.515625,101418.9140625,101465.375,101510.0,101537.515625,101556.5390625,101583.1171875,101622.859375,101663.0625,101686.0703125,101689.875,101688.0625,101703.25,101740.546875,101785.015625,101813.1015625,101811.4765625,101786.0859375,101758.421875,101746.9296875,101754.765625,101774.3203125,101804.21875,101842.6171875,101885.8203125,101928.8125,101959.6640625,101975.1875,101983.875,101997.296875,102017.4609375,102041.671875,102064.7890625,102078.9375,102077.6171875,102054.8359375,102008.8203125,101953.109375,101908.5546875,101871.890625,101820.421875,101722.3359375,101574.453125
101193.140625,101282.9296875,101366.640625,101437.546875,101473.4375,101470.265625,101454.859375,101459.125,101494.171875,101549.390625,101595.0234375,101618.890625,101636.7734375,101664.953125,101701.1328125,101727.9140625,101734.5,101732.9765625,101741.65625,101769.875,101810.3671875,101835.9921875,101826.859375,101796.25,101770.890625,101774.859375,101806.4765625,101848.6015625,101882.640625,101911.046875,101952.15625,102014.953125,102080.0,102120.3828125,102128.3984375,102122.2265625,102120.6953125,102121.015625,102107.625,102077.125,102049.140625,102037.140625,102029.375,101993.015625,101925.8203125,101867.0,101839.6796875,101806.15625,101697.640625,101493.90625
101416.0546875,101430.2265625,101452.4765625,101493.0703125,101537.703125,101558.78125,101563.125,101575.8671875,101605.8203125,101638.5625,101654.8828125,101663.171875,101682.9375,101718.015625,101749.0234375,101758.0546875,101755.1796875,101767.6171875,101809.0703125,101862.265625,101901.6953125,101905.09375,101885.140625,101871.421875,101886.2421875,101930.09375,101988.140625,102026.53125,102026.4375,102005.4765625,102000.34375,102031.4921875,102077.015625,102098.4375,102091.1484375,102100.2265625,102149.0625,102207.03125,102211.3359375,102137.2421875,102041.28125,101999.78125,101996.2734375,101958.9140625,101852.6015625,101743.9375,101706.2890625,101714.734375,101657.6796875,101473.046875
101560.0234375,101564.0,101601.5625,101674.7734375,101738.5234375,101752.1015625,101739.9375,101739.9453125,101759.84375,101773.65625,101760.9375,101749.84375,101766.8984375,101800.0234375,101807.484375,101779.3671875,101755.203125,101773.3125,101825.75,101880.921875,101911.109375,101922.2734375,101942.9140625,101979.1171875,102014.546875,102032.4921875,102035.8671875,102035.59375,102041.2265625,102047.6171875,102060.484375,102100.6640625,102151.5546875,102143.3046875,102052.984375,101982.0390625,102024.375,102134.40625,102191.1640625,102130.453125,102019.46875,101974.078125,101995.4375,101974.7734375,101849.8359375,101704.4921875,101653.3984375,101688.8203125,101682.59375,101546.1328125
101775.7890625,101823.0625,101890.1640625,101957.890625,101958.3046875,101885.9453125,101818.453125,101808.2421875,101839.7890625,101842.5546875,101796.2421875,101754.8671875,101748.921875,101758.890625,101750.8828125,101726.1875,101719.6875,101743.640625,101783.0859375,101817.671875,101838.8671875,101858.75,101897.3046875,101949.7890625,101979.8828125,101959.65625,101930.265625,101951.890625,102025.3515625,102099.8046875,102151.5234375,102211.484375,102284.3515625,102302.6484375,102191.625,102008.1171875,101916.1171875,101968.7734375,102048.46875,102039.1875,101963.03125,101920.4453125,101936.0078125,101930.3984375,101847.5234375,101742.59375,101707.8671875,101729.9609375,101698.703125,101567.0234375
101984.2265625,101990.765625,101979.3828125,101950.515625,101887.1015625,101809.4296875,101770.21875,101789.203125,101826.6953125,101803.375,101732.71875,101683.5078125,101660.59375,101641.953125,101622.421875,101622.7890625,101654.3203125,101692.7890625,101719.890625,101753.421875,101793.4453125,101812.6796875,101805.0625,101805.8984375,101831.4375,101855.1875,101872.6171875,101916.25,101988.640625,102045.6953125,102037.671875,101995.1328125,101992.59375,102034.2265625,102045.3203125,101963.359375,101853.4375,101835.71875,101906.8828125,101971.359375,101971.015625,101933.546875,101905.53125,101887.53125,101861.734375,101838.0234375,101825.015625,101781.6328125,101667.1015625,101526.359375
102020.5234375,101951.09375,101857.796875,101783.390625,101758.0703125,101763.2109375,101770.4140625,101782.1328125,101783.0078125,101738.84375,101685.421875,101662.734375,101642.6484375,101593.1640625,101532.40625,101523.71875,101576.5390625,101610.59375,101607.8828125,101640.9765625,101713.0234375,101756.671875,101707.2421875,101665.03125,101686.15625,101704.7421875,101716.515625,101754.90625,101822.1015625,101876.921875,101862.703125,101770.453125,101698.078125,101728.0859375,101808.15625,101849.4921875,101804.3125,101751.171875,101783.640625,101887.3125,101974.546875,101986.7890625,101952.6640625,101932.9921875,101945.5546875,101962.1875,101915.578125,101782.9921875,101634.484375,101551.1015625
101976.3984375,101951.7734375,101903.421875,101853.1171875,101826.765625,101806.4921875,101758.1015625,101695.484375,101641.0234375,101597.8046875,101579.90625,101606.2578125,101625.7265625,101560.890625,101467.875,101459.359375,101525.53125,101528.8515625,101483.0859375,101493.9375,101553.84375,101628.4453125,101616.15625,101587.1015625,101554.234375,101525.609375,101532.6484375,101488.171875,101501.2109375,101666.34375,101817.4921875,101846.796875,101756.2109375,101653.1171875,101644.6328125,101699.46875,101720.6640625,101700.3828125,101723.4140625,101816.25,101909.6953125,101939.625,101927.234375,101929.765625,101947.2265625,101933.84375,101840.765625,101711.6484375,101633.8828125,101622.0703125
101972.3359375,101990.765625,101964.3515625,101908.8125,101851.546875,101787.96875,101697.9375,101606.1328125,101536.5859375,101479.6328125,101423.328125,101412.640625,101432.8046875,101386.8125,101295.9453125,101280.8828125,101374.9140625,101442.140625,101418.2578125,101401.265625,101435.203125,101497.2109375,101528.9453125,101531.0390625,101501.8125,101480.03125,101485.2578125,101340.9765625,101128.9453125,101097.2890625,101187.1953125,101285.6875,101320.5625,101237.1953125,101166.2578125,101210.6953125,101359.984375,101587.4140625,101786.59375,101891.1953125,101894.203125,101855.03125,101864.3125,101866.8203125,101838.0,101795.5859375,101742.1015625,101685.671875,101663.609375,101685.4609375
101961.7109375,101973.625,101965.2578125,101930.4375,101887.4296875,101846.21875,101783.7578125,101701.53125,101614.6171875,101519.90625,101412.765625,101328.3671875,101303.21875,101283.0625,101205.34375,101122.8828125,101132.0,101240.21875,101348.640625,101399.109375,101395.625,101374.5234375,101373.9453125,101388.78125,101320.34375,101140.25,101006.6796875,101058.8984375,101186.09375,100942.171875,100526.890625,100408.3671875,100494.9453125,100539.8125,100582.2578125,100721.703125,100965.65625,101376.4609375,101823.21875,101946.3984375,101845.09375,101764.859375,101796.71875,101795.0546875,101733.109375,101709.046875,101721.09375,101703.015625,101687.84375,101709.125
101915.484375,101909.3671875,101936.9375,101947.734375,101931.2890625,101913.234375,101876.984375,101787.90625,101671.109375,101564.765625,101471.5,101396.765625,101345.78125,101316.09375,101238.515625,101110.6953125,101003.171875,100975.65625,101088.171875,101250.21875,101272.84375,101184.7265625,101118.578125,101071.4765625,100908.078125,100715.1796875,100641.609375,100657.140625,100824.34375,101293.671875,101011.2265625,100626.078125,100467.4765625,100425.9921875,100447.4296875,100507.7890625,100680.5703125,101160.9765625,101673.7578125,101779.453125,101681.5703125,101634.21875,101706.0390625,101715.53125,101630.9609375,101615.8203125,101645.140625,101636.4375,101623.5390625,101651.9140625
101753.609375,101745.40625,101800.78125,101847.5234375,101838.6953125,101829.078125,101817.1484375,101748.375,101652.0078125,101584.3046875,101522.2890625,101421.515625,101299.921875,101225.296875,101197.5078125,101103.4453125,100949.5546875,100825.8125,100804.7109375,100924.890625,100989.4609375,100925.203125,100863.03125,100797.0625,100624.203125,100498.4375,100615.984375,100622.46875,100636.375,100546.7421875,100532.6640625,100655.96875,100709.625,100702.875,100692.4921875,100650.171875,100698.234375,101143.7109375,101490.0234375,101571.84375,101534.53125,101551.84375,101637.3125,101620.984375,101517.6875,101499.3125,101513.8359375,101520.046875,101544.4765625,101592.2421875
101538.6640625,101515.8125,101604.4453125,101720.6484375,101743.21875,101747.453125,101770.0,101739.859375,101672.2578125,101608.21875,101523.4609375,101349.7578125,101120.9609375,100951.765625,100952.6796875,101022.328125,100927.421875,100745.890625,100673.8046875,100702.1328125,100732.578125,100699.9609375,100704.90625,100723.671875,100631.234375,100461.875,100388.890625,100457.140625,100603.1796875,100739.9453125,100806.859375,100837.2109375,100835.7109375,100913.5078125,100968.6796875,100867.8515625,100851.3203125,101130.8515625,101314.0859375,101383.640625,101412.6171875,101442.8125,101470.46875,101427.7109375,101377.21875,101386.2734375,101400.9140625,101426.078125,101474.296875,101517.4296875
