earth/public/data/atmosphere/W07/ANN-rh-isobaric-850hPa-gfs-1.0.json
{"header": {"discipline": 0, "disciplineName": "Meteorological products", "gribEdition": 2, "gribLength": 17922.0, "center": 0, "centerName": "Kiel Climate Model", "subcenter": 0, "refTime": "1", "significanceOfRT": 1, "significanceOfRTName": "Start of forecast", "productStatus": 0, "productStatusName": "Operational products", "productType": 1, "productTypeName": "Forecast products", "productDefinitionTemplate": 0, "productDefinitionTemplateName": "Analysis/forecast at horizontal level/layer at a point in time", "parameterCategory": 2, "parameterCategoryName": "Momentum", "parameterNumber": 2, "parameterNumberName": "U-component_of_wind", "parameterUnit": "%", "genProcessType": 2, "genProcessTypeName": "Forecast", "forecastTime": 0, "surface1Type": 103, "surface1TypeName": "Specified height level above ground", "surface1Value": 10, "surface2Type": 255, "surface2TypeName": "Missing", "surface2Value": 0, "gridDefinitionTemplate": 0, "gridDefinitionTemplateName": "Latitude_Longitude", "numberPoints": 65160, "shape": 6, "shapeName": "Earth spherical with radius of 6,371,229.0 m", "gridUnits": "degrees", "resolution": 48, "winds": "true", "scanMode": 0, "nx": 128.0, "ny": 64.0, "basicAngle": 0, "subDivisions": 0, "lo1": 0.0, "la1": 87.86379883923263, "lo2": 357.1875, "la2": -87.86379883923263, "dx": 2.8125, "dy": 2.7893269472772264}, "data":
[rows 0 to 18 of 64, columns 0 to 42 of 128]
0.8035765290260315,0.8044779896736145,0.8053491711616516,0.8061813116073608,0.8069666624069214,0.8076993227005005,0.8083738684654236,0.8089868426322937,0.8095360398292542,0.8100203275680542,0.8104400634765625,0.8107966780662537,0.8110924959182739,0.8113309144973755,0.8115161657333374,0.8116528391838074,0.8117461800575256,0.8118019104003906,0.8118260502815247,0.81182461977005,0.8118038177490234,0.8117697238922119,0.8117282390594482,0.8116854429244995,0.8116470575332642,0.8116180896759033,0.8116039037704468,0.8116085529327393,0.8116368651390076,0.811692476272583,0.81177818775177,0.8118969798088074,0.812050998210907,0.8122416734695435,0.8124701976776123,0.8127366900444031,0.8130409121513367,0.8133819103240967,0.8137585520744324,0.8141683340072632,0.8146090507507324,0.8150774240493774,0.8155701160430908
0.7895104885101318,0.7929465770721436,0.7959851026535034,0.7985820174217224,0.800713837146759,0.802375316619873,0.8035804629325867,0.8043583631515503,0.8047512769699097,0.8048107028007507,0.8045937418937683,0.8041589856147766,0.8035637140274048,0.8028610944747925,0.8020976781845093,0.8013129234313965,0.8005374073982239,0.7997937798500061,0.7990968227386475,0.7984548807144165,0.7978705167770386,0.7973426580429077,0.7968682646751404,0.796442449092865,0.7960615158081055,0.7957227230072021,0.7954259514808655,0.7951727509498596,0.794968843460083,0.7948218584060669,0.7947418093681335,0.7947408556938171,0.7948319315910339,0.7950284481048584,0.7953429818153381,0.7957858443260193,0.7963652014732361,0.7970856428146362,0.7979471683502197,0.7989459037780762,0.8000719547271729,0.8013115525245667,0.8026455640792847
0.7982996702194214,0.8031047582626343,0.8065661191940308,0.8085988759994507,0.8092354536056519,0.8086161017417908,0.8069649338722229,0.8045644760131836,0.8017229437828064,0.7987451553344727,0.7959066033363342,0.7934331893920898,0.7914900183677673,0.7901761531829834,0.7895267009735107,0.7895206212997437,0.790092945098877,0.7911460399627686,0.7925654053688049,0.7942297458648682,0.7960224151611328,0.7978375554084778,0.7995861172676086,0.8011972904205322,0.8026196956634521,0.803820013999939,0.8047818541526794,0.8055035471916199,0.8059949278831482,0.8062775731086731,0.8063802719116211,0.8063390254974365,0.8061939477920532,0.8059883117675781,0.8057659864425659,0.8055697679519653,0.8054400086402893,0.8054122924804688,0.8055158257484436,0.8057719469070435,0.806192934513092,0.8067806363105774,0.8075252175331116
0.809952974319458,0.8163862824440002,0.8193860054016113,0.8189913034439087,0.815643846988678,0.8100890517234802,0.8032472729682922,0.7960789799690247,0.7894611358642578,0.7840926051139832,0.7804359197616577,0.7786963582038879,0.7788389921188354,0.7806317210197449,0.783704936504364,0.787619948387146,0.7919312715530396,0.7962405681610107,0.8002318739891052,0.8036922216415405,0.8065133690834045,0.808681845664978,0.8102571368217468,0.811347246170044,0.8120824694633484,0.812592625617981,0.8129899501800537,0.8133575320243835,0.813744843006134,0.8141691088676453,0.8146182894706726,0.8150590658187866,0.8154421448707581,0.8157105445861816,0.8158061504364014,0.8156753182411194,0.8152762055397034,0.8145846724510193,0.8136011362075806,0.8123544454574585,0.8109044432640076,0.8093375563621521,0.8077606558799744
0.820453405380249,0.8282142877578735,0.8291502594947815,0.8241938948631287,0.8149858713150024,0.80352383852005,0.7918140888214111,0.7815751433372498,0.7740369439125061,0.7698460817337036,0.7690759897232056,0.7713211178779602,0.7758398652076721,0.781719982624054,0.7880323529243469,0.7939552664756775,0.7988578677177429,0.8023430705070496,0.8042510151863098,0.8046355843544006,0.8037214279174805,0.8018507361412048,0.7994264364242554,0.7968610525131226,0.7945314049720764,0.7927438616752625,0.7917115688323975,0.7915443778038025,0.7922483086585999,0.79373699426651,0.7958487868309021,0.7983686923980713,0.8010516166687012,0.8036417365074158,0.8058895468711853,0.8075652122497559,0.8084704279899597,0.8084527254104614,0.8074246644973755,0.8053829669952393,0.8024309873580933,0.7987882494926453,0.7947839498519897
0.8414167761802673,0.8433070182800293,0.8374083042144775,0.8262311816215515,0.8125793933868408,0.79902184009552,0.7875081896781921,0.7791699171066284,0.7743044495582581,0.7725216746330261,0.7729952931404114,0.7747513651847839,0.7769189476966858,0.7788911461830139,0.7803730368614197,0.7813332676887512,0.7818990349769592,0.7822405099868774,0.7824866771697998,0.7826860547065735,0.7828138470649719,0.782814621925354,0.7826555371284485,0.7823765873908997,0.7821169495582581,0.7821080088615417,0.782632052898407,0.7839494943618774,0.7862181663513184,0.789426863193512,0.7933658957481384,0.7976527214050293,0.8018018007278442,0.805324375629425,0.8078227639198303,0.8090524673461914,0.8089364171028137,0.8075363636016846,0.8050031661987305,0.8015313744544983,0.7973415851593018,0.7926867008209229,0.787876546382904
0.8388957977294922,0.8319405913352966,0.8237110376358032,0.8163918852806091,0.8112210631370544,0.808531641960144,0.8079176545143127,0.8084307312965393,0.8088003993034363,0.8077273368835449,0.8042395114898682,0.7980231642723083,0.7895935773849487,0.7801986932754517,0.7714704275131226,0.764952540397644,0.7616798281669617,0.761949360370636,0.7653264403343201,0.770828902721405,0.7772029042243958,0.7832017540931702,0.787831723690033,0.7905430793762207,0.7913483381271362,0.7908402681350708,0.7900707125663757,0.790287435054779,0.7925724387168884,0.797482430934906,0.8048108220100403,0.8135750889778137,0.8222531676292419,0.8292080163955688,0.8331581950187683,0.8335298299789429,0.8305721879005432,0.8252105116844177,0.8187126517295837,0.8123137354850769,0.8069299459457397,0.8030380010604858,0.8007001280784607
0.7985948920249939,0.7962237000465393,0.8017798066139221,0.8125986456871033,0.824986457824707,0.835838794708252,0.8434191346168518,0.8471464514732361,0.8468849658966064,0.842459499835968,0.8337807655334473,0.8213953375816345,0.8069034218788147,0.7927863001823425,0.7816320061683655,0.7751981019973755,0.7738479971885681,0.7766271829605103,0.7818306684494019,0.7876634001731873,0.7926622629165649,0.7957965135574341,0.7964123487472534,0.7942360639572144,0.7895230054855347,0.7832592725753784,0.7772141695022583,0.773684024810791,0.7749031782150269,0.7822811603546143,0.7957483530044556,0.8135086894035339,0.8323759436607361,0.8486525416374207,0.8592509031295776,0.8626318573951721,0.8591773509979248,0.8508661389350891,0.8404396176338196,0.8304704427719116,0.8227455019950867,0.8181470036506653,0.8169066905975342
0.7878311276435852,0.8023045063018799,0.8255147933959961,0.8479098081588745,0.8614951372146606,0.8633720874786377,0.8561037182807922,0.8450082540512085,0.8344747424125671,0.8258195519447327,0.8178199529647827,0.8090026378631592,0.7996124625205994,0.7917413711547852,0.7877391576766968,0.7883652448654175,0.7921716570854187,0.7964630722999573,0.7989490032196045,0.7988278865814209,0.796689510345459,0.7935906648635864,0.790151834487915,0.78629070520401,0.7816210985183716,0.7761173844337463,0.770604133605957,0.7668285369873047,0.7670581340789795,0.773287296295166,0.7862703204154968,0.8047838807106018,0.8255788087844849,0.8442569375038147,0.8568276762962341,0.8612416386604309,0.8580986261367798,0.8501136898994446,0.8406166434288025,0.831947386264801,0.8247090578079224,0.8183224201202393,0.812451183795929
0.8247383236885071,0.8457706570625305,0.8700209856033325,0.8844546675682068,0.8802411556243896,0.8581830859184265,0.8280931711196899,0.8024256825447083,0.7887089848518372,0.7861002087593079,0.7880359888076782,0.7882288694381714,0.7850595116615295,0.7813507318496704,0.7806246280670166,0.7835923433303833,0.7877711653709412,0.7899624109268188,0.788918673992157,0.7858709096908569,0.7829113006591797,0.7811079025268555,0.7800463438034058,0.7787965536117554,0.7769870162010193,0.7749539613723755,0.7731729745864868,0.7719334363937378,0.7716905474662781,0.7735247015953064,0.7788296341896057,0.7881565093994141,0.8001536130905151,0.8116821050643921,0.8193033933639526,0.8212337493896484,0.8184624910354614,0.8142419457435608,0.8121160864830017,0.8135668039321899,0.8167704939842224,0.8175767660140991,0.8125012516975403
0.837161660194397,0.845257043838501,0.8563513159751892,0.8591870069503784,0.8453553318977356,0.8166118860244751,0.7848964333534241,0.7643473148345947,0.761455774307251,0.7712975144386292,0.7825868129730225,0.7867359519004822,0.783113956451416,0.7768469452857971,0.7725192308425903,0.7702673077583313,0.7674136161804199,0.7628406286239624,0.7588605284690857,0.7585475444793701,0.7616468071937561,0.7637677192687988,0.7600796222686768,0.7499228119850159,0.7377171516418457,0.7292722463607788,0.7271485328674316,0.7294387221336365,0.732668936252594,0.7354714274406433,0.7393671870231628,0.7463806867599487,0.7564159631729126,0.767078161239624,0.7757129073143005,0.7813799381256104,0.785193920135498,0.7894605994224548,0.796607494354248,0.8080169558525085,0.8225716352462769,0.8359666466712952,0.8425639867782593
0.8145356774330139,0.8036336898803711,0.80040043592453,0.7995408177375793,0.7929365038871765,0.7778897881507874,0.7605612277984619,0.7506644129753113,0.7524060606956482,0.7607476711273193,0.7665765285491943,0.7651064395904541,0.7588328719139099,0.7527128458023071,0.7477131485939026,0.7402250170707703,0.7278085350990295,0.714285135269165,0.7075768113136292,0.7116475701332092,0.7208850383758545,0.7235536575317383,0.711922824382782,0.6895430684089661,0.6684609651565552,0.6589072346687317,0.6613472104072571,0.6682184934616089,0.6728070378303528,0.675714910030365,0.6825478076934814,0.6962327361106873,0.7130467891693115,0.7267733216285706,0.7358390092849731,0.7449254989624023,0.7593130469322205,0.778899610042572,0.7988830208778381,0.8155460953712463,0.8294034004211426,0.8420789241790771,0.8521186709403992
0.7973544001579285,0.7772490978240967,0.7663130760192871,0.7656214237213135,0.767753005027771,0.7651955485343933,0.7577552795410156,0.7506330013275146,0.7466313242912292,0.7427237033843994,0.7347943782806396,0.7236682176589966,0.7142402529716492,0.7086725234985352,0.7024251818656921,0.6888143420219421,0.6675711870193481,0.647492527961731,0.6390548348426819,0.643814742565155,0.6517174243927002,0.6499983072280884,0.6354446411132812,0.6177467107772827,0.6101245284080505,0.6162160634994507,0.626476526260376,0.6282998323440552,0.6201229691505432,0.6148015260696411,0.6274659633636475,0.6591511368751526,0.6933517456054688,0.7106620669364929,0.7076407670974731,0.7002723217010498,0.7078274488449097,0.7339944243431091,0.7651086449623108,0.785860538482666,0.7934705018997192,0.7952557802200317,0.7963079214096069
0.767726719379425,0.7603974342346191,0.7604308724403381,0.7663137316703796,0.7686837911605835,0.7618669271469116,0.7507805824279785,0.7437348365783691,0.7410835027694702,0.7348861694335938,0.7193928956985474,0.6981013417243958,0.6786919236183167,0.6632295250892639,0.6462371945381165,0.6225791573524475,0.595216691493988,0.5735167860984802,0.5638023614883423,0.5625676512718201,0.5601015090942383,0.5510150194168091,0.5402729511260986,0.5377499461174011,0.5467222929000854,0.5585411190986633,0.559651792049408,0.5449919700622559,0.5257174372673035,0.5237321853637695,0.55575031042099,0.618178129196167,0.6855072379112244,0.726495623588562,0.7275263071060181,0.7030813694000244,0.6819960474967957,0.6814635992050171,0.6948944330215454,0.7052459716796875,0.7061234712600708,0.7050340175628662,0.7082995772361755
0.724298894405365,0.7421742677688599,0.7659046649932861,0.7811844944953918,0.7730595469474792,0.7451317310333252,0.7190589904785156,0.7112244367599487,0.7147854566574097,0.709223747253418,0.6841666102409363,0.648138701915741,0.6153040528297424,0.5901915431022644,0.5675347447395325,0.5424782037734985,0.5167471170425415,0.4955745041370392,0.4812157154083252,0.47068798542022705,0.4600866138935089,0.45051825046539307,0.44751620292663574,0.4528074562549591,0.45866328477859497,0.4544597268104553,0.4395694434642792,0.4265381395816803,0.42965734004974365,0.4528889060020447,0.49146661162376404,0.5419185161590576,0.6031614542007446,0.6656842827796936,0.7075286507606506,0.7105589509010315,0.6806769371032715,0.6443401575088501,0.6229256391525269,0.6168854236602783,0.617195725440979,0.6227965950965881,0.638204038143158
0.7009895443916321,0.7126748561859131,0.7331763505935669,0.7431641817092896,0.7249781489372253,0.6882975101470947,0.662117600440979,0.659993588924408,0.663565993309021,0.646038830280304,0.6039317846298218,0.5573916435241699,0.5248597860336304,0.5077694058418274,0.4974752962589264,0.4858350455760956,0.46758320927619934,0.44166433811187744,0.41394785046577454,0.39317288994789124,0.3821590542793274,0.3770428001880646,0.37460577487945557,0.37427401542663574,0.37320274114608765,0.3679729998111725,0.3646605312824249,0.378787636756897,0.41578683257102966,0.4543129503726959,0.46207961440086365,0.43563932180404663,0.41486626863479614,0.4424455463886261,0.5100144743919373,0.5622181296348572,0.5610598921775818,0.5296076536178589,0.5187470316886902,0.5449320673942566,0.5810567140579224,0.6016226410865784,0.6124759912490845
0.6538325548171997,0.6202954053878784,0.6054968237876892,0.6019210815429688,0.5946906208992004,0.5860310792922974,0.5892454981803894,0.6023885011672974,0.6030502915382385,0.576130211353302,0.5351082682609558,0.5044156908988953,0.4902372360229492,0.482652485370636,0.4767960011959076,0.4724311828613281,0.4590137302875519,0.4244615435600281,0.37872257828712463,0.34707653522491455,0.33674052357673645,0.32956361770629883,0.3134087324142456,0.3026132583618164,0.3166548013687134,0.350699782371521,0.3808366060256958,0.3945160508155823,0.4016575813293457,0.40966135263442993,0.400410532951355,0.3530676066875458,0.28888848423957825,0.26384595036506653,0.30026742815971375,0.3526962399482727,0.3697986602783203,0.36853715777397156,0.40846580266952515,0.502274215221405,0.5935680270195007,0.6289185285568237,0.618365466594696
0.5491937398910522,0.4990163743495941,0.47148218750953674,0.4685867428779602,0.4795316457748413,0.49566391110420227,0.5130549669265747,0.5248291492462158,0.5207885503768921,0.5027638673782349,0.4902483820915222,0.49455180764198303,0.49741196632385254,0.4776075482368469,0.4474049508571625,0.43227532505989075,0.4242854416370392,0.39352720975875854,0.3420901596546173,0.30574291944503784,0.2980910837650299,0.2924858629703522,0.27178317308425903,0.2636342942714691,0.30473989248275757,0.3836570680141449,0.43803659081459045,0.41571614146232605,0.3364607095718384,0.27782493829727173,0.2875176668167114,0.33020734786987305,0.34612101316452026,0.33541932702064514,0.3405316472053528,0.3683830201625824,0.3902103304862976,0.4086720943450928,0.4611991047859192,0.5502991080284119,0.6234298348426819,0.6371177434921265,0.6071920990943909
0.4677095413208008,0.45647695660591125,0.45280921459198,0.4544052183628082,0.4572514295578003,0.45518022775650024,0.44627702236175537,0.4365532100200653,0.42923516035079956,0.4236711859703064,0.42772775888442993,0.44575434923171997,0.45371201634407043,0.4230906069278717,0.37092193961143494,0.34234872460365295,0.3418657183647156,0.3305395841598511,0.2944015860557556,0.26404857635498047,0.25934037566185,0.263112336397171,0.2608243525028229,0.2683160603046417,0.3090106248855591,0.3821153938770294,0.45032042264938354,0.4565921127796173,0.3834575116634369,0.2992064952850342,0.29632332921028137,0.3765096366405487,0.4561871290206909,0.49099427461624146,0.5206316709518433,0.5801969766616821,0.6465579867362976,0.6896969079971313,0.7084092497825623,0.703276515007019,0.6702389121055603,0.623538076877594,0.5861169099807739
