earth/public/data/atmosphere/W07/ANN-temp-isobaric-250hPa-gfs-1.0.json
{"header": {"discipline": 0, "disciplineName": "Meteorological products", "gribEdition": 2, "gribLength": 17922.0, "center": 0, "centerName": "Kiel Climate Model", "subcenter": 0, "refTime": "1", "significanceOfRT": 1, "significanceOfRTName": "Start of forecast", "productStatus": 0, "productStatusName": "Operational products", "productType": 1, "productTypeName": "Forecast products", "productDefinitionTemplate": 0, "productDefinitionTemplateName": "Analysis/forecast at horizontal level/layer at a point in time", "parameterCategory": 2, "parameterCategoryName": "Momentum", "parameterNumber": 2, "parameterNumberName": "U-component_of_wind", "parameterUnit": "K", "genProcessType": 2, "genProcessTypeName": "Forecast", "forecastTime": 0, "surface1Type": 103, "surface1TypeName": "Specified height level above ground", "surface1Value": 10, "surface2Type": 255, "surface2TypeName": "Missing", "surface2Value": 0, "gridDefinitionTemplate": 0, "gridDefinitionTemplateName": "Latitude_Longitude", "numberPoints": 65160, "shape": 6, "shapeName": "Earth spherical with radius of 6,371,229.0 m", "gridUnits": "degrees", "resolution": 48, "winds": "true", "scanMode": 0, "nx": 128.0, "ny": 64.0, "basicAngle": 0, "subDivisions": 0, "lo1": 0.0, "la1": 87.86379883923263, "lo2": 357.1875, "la2": -87.86379883923263, "dx": 2.8125, "dy": 2.7893269472772264}, "data":
[rows 38 to 56 of 64, columns 0 to 43 of 128]
229.21881103515625,229.3064727783203,229.3961639404297,229.50372314453125,229.56747436523438,229.54348754882812,229.49789428710938,229.5157012939453,229.5703887939453,229.58860778808594,229.58811950683594,229.63723754882812,229.72988891601562,229.8059539794922,229.8540496826172,229.91160583496094,229.9904327392578,230.06234741210938,230.11212158203125,230.161865234375,230.22740173339844,230.2860870361328,230.32089233398438,230.35760498046875,230.4185028076172,230.48965454101562,230.5655975341797,230.6606903076172,230.76536560058594,230.86056518554688,230.95559692382812,231.0590057373047,231.15850830078125,231.25030517578125,231.3388671875,231.4266815185547,231.52316284179688,231.62020874023438,231.6916961669922,231.74989318847656,231.81625366210938,231.84999084472656,231.81634521484375,231.7528533935547
228.71080017089844,228.82568359375,228.946533203125,229.07630920410156,229.1444091796875,229.14273071289062,229.14280700683594,229.1754608154297,229.20420837402344,229.20387268066406,229.1983184814453,229.22462463378906,229.27944946289062,229.3184051513672,229.33123779296875,229.37338256835938,229.47036743164062,229.5620880126953,229.6094512939453,229.66183471679688,229.75108337402344,229.83132934570312,229.88197326660156,229.9495391845703,230.0514373779297,230.15440368652344,230.25282287597656,230.36558532714844,230.4844207763672,230.60025024414062,230.72528076171875,230.85482788085938,230.972900390625,231.08462524414062,231.19168090820312,231.28346252441406,231.3674774169922,231.44839477539062,231.5106201171875,231.55995178222656,231.60482788085938,231.6058807373047,231.53988647460938,231.4492950439453
227.89173889160156,228.02621459960938,228.16305541992188,228.31480407714844,228.41656494140625,228.4535675048828,228.4756317138672,228.49853515625,228.5085906982422,228.51025390625,228.50906372070312,228.51028442382812,228.52899169921875,228.5544891357422,228.56430053710938,228.5862274169922,228.65533447265625,228.73841857910156,228.79867553710938,228.86630249023438,228.96226501464844,229.05328369140625,229.1337890625,229.2374725341797,229.3568115234375,229.46328735351562,229.5759735107422,229.71868896484375,229.87396240234375,230.03285217285156,230.2053985595703,230.37277221679688,230.51370239257812,230.6442108154297,230.77247619628906,230.88034057617188,230.9687957763672,231.04574584960938,231.0948486328125,231.11227416992188,231.11276245117188,231.08294677734375,231.00714111328125,230.90858459472656
226.73275756835938,226.8860626220703,227.0313720703125,227.1969757080078,227.3358154296875,227.41159057617188,227.44497680664062,227.4595184326172,227.46893310546875,227.4837646484375,227.48959350585938,227.47447204589844,227.46435546875,227.4741668701172,227.4803924560547,227.48031616210938,227.50083923339844,227.54428100585938,227.60157775878906,227.685302734375,227.79200744628906,227.89468383789062,227.99652099609375,228.115478515625,228.23365783691406,228.33973693847656,228.46697998046875,228.6277313232422,228.79022216796875,228.94891357421875,229.1254119873047,229.30703735351562,229.4703826904297,229.62652587890625,229.78343200683594,229.9244384765625,230.04562377929688,230.1478271484375,230.21102905273438,230.2310791015625,230.23028564453125,230.20310974121094,230.12193298339844,229.9950408935547
225.23663330078125,225.40817260742188,225.55909729003906,225.72203063964844,225.8748016357422,225.98049926757812,226.04273986816406,226.08132934570312,226.10719299316406,226.12307739257812,226.12005615234375,226.0941619873047,226.06488037109375,226.0494384765625,226.04360961914062,226.0456085205078,226.05999755859375,226.0811767578125,226.11058044433594,226.16409301757812,226.23785400390625,226.3125,226.3939208984375,226.49559020996094,226.60385131835938,226.71153259277344,226.83872985839844,226.98355102539062,227.11782836914062,227.2459259033203,227.3966064453125,227.56642150878906,227.7342071533203,227.90074157714844,228.06874084472656,228.2271728515625,228.37245178222656,228.50067138671875,228.59323120117188,228.6477813720703,228.68165588378906,228.6823272705078,228.61434936523438,228.4849853515625
223.4578857421875,223.63800048828125,223.79830932617188,223.96145629882812,224.119384765625,224.24713134765625,224.34474182128906,224.4210662841797,224.46945190429688,224.48367309570312,224.4739990234375,224.45635986328125,224.43701171875,224.41539001464844,224.39993286132812,224.40591430664062,224.427978515625,224.44017028808594,224.43667602539062,224.4391632080078,224.4567413330078,224.48011779785156,224.51344299316406,224.56765747070312,224.63465881347656,224.7045135498047,224.78427124023438,224.8760986328125,224.9713592529297,225.0752410888672,225.19947814941406,225.3366241455078,225.47384643554688,225.61380004882812,225.75949096679688,225.905029296875,226.04815673828125,226.1835479736328,226.29428100585938,226.37393188476562,226.43191528320312,226.46194458007812,226.44290161132812,226.37855529785156
221.58538818359375,221.75318908691406,221.91537475585938,222.0804901123047,222.2394256591797,222.37380981445312,222.48594665527344,222.58473205566406,222.658935546875,222.6941375732422,222.7018280029297,222.70635986328125,222.71209716796875,222.7063446044922,222.69058227539062,222.68231201171875,222.6837615966797,222.6772003173828,222.65750122070312,222.63987731933594,222.631103515625,222.62322998046875,222.61611938476562,222.61749267578125,222.62513732910156,222.6332550048828,222.64756774902344,222.67747497558594,222.72523498535156,222.789306640625,222.8653564453125,222.94607543945312,223.03114318847656,223.12884521484375,223.24143981933594,223.36337280273438,223.49217224121094,223.62342834472656,223.74159240722656,223.8332061767578,223.89987182617188,223.94729614257812,223.97483825683594,223.98007202148438
219.80812072753906,219.9432373046875,220.08372497558594,220.2304229736328,220.37347412109375,220.49749755859375,220.6047821044922,220.7090606689453,220.8067169189453,220.8775177001953,220.91482543945312,220.93490600585938,220.9525604248047,220.96473693847656,220.964111328125,220.95346069335938,220.93882751464844,220.9215850830078,220.90304565429688,220.88571166992188,220.86634826660156,220.83934020996094,220.80677795410156,220.7753448486328,220.74684143066406,220.72116088867188,220.70263671875,220.6953582763672,220.69818115234375,220.7091064453125,220.72882080078125,220.7598114013672,220.805908203125,220.8697509765625,220.9482421875,221.03599548339844,221.1324462890625,221.2373504638672,221.34141540527344,221.4304962158203,221.4982452392578,221.54898071289062,221.58871459960938,221.6158447265625
218.1929473876953,218.2938232421875,218.40182495117188,218.5169677734375,218.63580322265625,218.74652099609375,218.84475708007812,218.9406280517578,219.03993225097656,219.12879943847656,219.18960571289062,219.22389221191406,219.24838256835938,219.272216796875,219.28953552246094,219.2934112548828,219.28689575195312,219.2774200439453,219.26641845703125,219.2483673095703,219.21908569335938,219.18165588378906,219.14248657226562,219.1038055419922,219.064697265625,219.02780151367188,218.9978790283203,218.97421264648438,218.95262145996094,218.93502807617188,218.92970275878906,218.9410858154297,218.96548461914062,218.9974365234375,219.03529357910156,219.08026123046875,219.13363647460938,219.19525146484375,219.2620391845703,219.3274688720703,219.38409423828125,219.4281463623047,219.46112060546875,219.485595703125
216.75865173339844,216.83299255371094,216.9116668701172,216.99644470214844,217.09109497070312,217.1875457763672,217.27334594726562,217.3491973876953,217.4261932373047,217.506591796875,217.5789337158203,217.6339111328125,217.67434692382812,217.70631408691406,217.72923278808594,217.7410125732422,217.745849609375,217.7493896484375,217.7494659423828,217.739013671875,217.717529296875,217.69232177734375,217.66717529296875,217.63665771484375,217.59632873535156,217.55218505859375,217.51380920410156,217.4827423095703,217.45510864257812,217.4324493408203,217.4207763671875,217.41934204101562,217.4198455810547,217.41867065429688,217.4226531982422,217.43919372558594,217.46632385253906,217.49713134765625,217.52919006347656,217.5640106201172,217.59925842285156,217.6284637451172,217.64906311035156,217.66546630859375
215.50242614746094,215.55166625976562,215.60061645507812,215.65280151367188,215.7163543701172,215.7889862060547,215.85797119140625,215.91697692871094,215.9738006591797,216.0380096435547,216.1077423095703,216.17288208007812,216.2261962890625,216.2666778564453,216.2960662841797,216.31776428222656,216.33656311035156,216.3544921875,216.36761474609375,216.37115478515625,216.3668212890625,216.3601837158203,216.35104370117188,216.33277893066406,216.30316162109375,216.27001953125,216.24209594726562,216.21873474121094,216.1941680908203,216.16802978515625,216.14515686035156,216.1261444091797,216.10667419433594,216.0868682861328,216.07437133789062,216.07440185546875,216.0818634033203,216.08831787109375,216.09298706054688,216.1008758544922,216.11216735839844,216.12034606933594,216.1220245361328,216.12252807617188
214.3831787109375,214.41566467285156,214.4449462890625,214.47344970703125,214.50978088378906,214.55783081054688,214.61178588867188,214.6640167236328,214.71376037597656,214.76490783691406,214.81849670410156,214.8712158203125,214.91973876953125,214.96351623535156,215.00343322753906,215.0399932861328,215.07275390625,215.10011291503906,215.119873046875,215.13186645507812,215.13906860351562,215.14425659179688,215.14608764648438,215.14146423339844,215.13157653808594,215.12188720703125,215.1144256591797,215.10366821289062,215.08322143554688,215.054443359375,215.0251007080078,215.0001983642578,214.97848510742188,214.9576416015625,214.93821716308594,214.92068481445312,214.902587890625,214.88250732421875,214.86399841308594,214.8517303466797,214.8440704345703,214.8341064453125,214.81906127929688,214.80467224121094
213.35333251953125,213.3844451904297,213.41348266601562,213.43942260742188,213.4668731689453,213.50079345703125,213.5409393310547,213.58282470703125,213.62232971191406,213.65834045410156,213.69187927246094,213.72483825683594,213.7592010498047,213.79608154296875,213.83441162109375,213.87109375,213.90310668945312,213.9293670654297,213.951171875,213.97100830078125,213.99041748046875,214.00823974609375,214.02145385742188,214.0282745361328,214.03036499023438,214.03079223632812,214.029296875,214.02182006835938,214.00550842285156,213.98306274414062,213.96031188964844,213.9403533935547,213.92129516601562,213.89999389648438,213.87557983398438,213.8489990234375,213.82130432128906,213.7939910888672,213.7696533203125,213.74993896484375,213.7327880859375,213.7140655517578,213.6927490234375,213.6726837158203
212.36830139160156,212.39849853515625,212.42843627929688,212.45631408691406,212.4827423095703,212.50929260253906,212.53623962402344,212.56248474121094,212.58712768554688,212.61062622070312,212.6345672607422,212.66046142578125,212.68881225585938,212.71875,212.74864196777344,212.77700805664062,212.8036346435547,212.8295135498047,212.85585021972656,212.8826904296875,212.90838623046875,212.93031311035156,212.946533203125,212.9569854736328,212.9633026123047,212.9671173095703,212.96859741210938,212.966796875,212.96145629882812,212.95327758789062,212.94248962402344,212.9275360107422,212.90660095214844,212.88038635253906,212.8525390625,212.82672119140625,212.80374145507812,212.7819366455078,212.7596893310547,212.73719787597656,212.7157745361328,212.69635009765625,212.67892456054688,212.66299438476562
211.42568969726562,211.44992065429688,211.47406005859375,211.49871826171875,211.52374267578125,211.548095703125,211.57058715820312,211.591064453125,211.61087036132812,211.6318817138672,211.6549072265625,211.67857360839844,211.70037841796875,211.7186737060547,211.73416137695312,211.7496337890625,211.76791381835938,211.7897186279297,211.81300354003906,211.8345489501953,211.8524627685547,211.8675994873047,211.88275146484375,211.90016174316406,211.91932678222656,211.93711853027344,211.9499053955078,211.9561004638672,211.95677185058594,211.95388793945312,211.94781494140625,211.93710327148438,211.92037963867188,211.89857482910156,211.8745880126953,211.85084533691406,211.8272247314453,211.80215454101562,211.77542114257812,211.7499542236328,211.73016357421875,211.71844482421875,211.712890625,211.70846557617188
210.55654907226562,210.5797882080078,210.60305786132812,210.6268768310547,210.650634765625,210.67288208007812,210.69241333007812,210.7092742919922,210.72445678710938,210.73838806152344,210.74954223632812,210.75465393066406,210.7510986328125,210.7393798828125,210.7240447998047,210.71170043945312,210.7073211669922,210.7117156982422,210.72201538085938,210.73483276367188,210.7495574951172,210.76895141601562,210.79641723632812,210.83181762695312,210.86956787109375,210.90072631835938,210.9177703857422,210.91883850097656,210.90838623046875,210.8938446044922,210.88099670410156,210.87136840820312,210.8628387451172,210.8520965576172,210.83682250976562,210.81640625,210.7918701171875,210.76580810546875,210.7422637939453,210.72576904296875,210.7191925048828,210.7216033935547,210.72817993164062,210.73280334472656
209.7253875732422,209.74716186523438,209.76792907714844,209.78494262695312,209.796142578125,209.8007354736328,209.7996368408203,209.79486083984375,209.7881622314453,209.77955627441406,209.76695251464844,209.74737548828125,209.719482421875,209.685546875,209.6514892578125,209.62449645996094,209.60972595214844,209.60821533203125,209.6175537109375,209.63450622558594,209.65744018554688,209.68679809570312,209.72293090820312,209.763427734375,209.8021240234375,209.83119201660156,209.84503173828125,209.84332275390625,209.8311309814453,209.8157196044922,209.80259704589844,209.79283142089844,209.7835235595703,209.7705535888672,209.75152587890625,209.7274932861328,209.70254516601562,209.6820068359375,209.67030334472656,209.66908264160156,209.67666625976562,209.68875122070312,209.70030212402344,209.70799255371094
208.92218017578125,208.93446350097656,208.9415283203125,208.9396209716797,208.92709350585938,208.90493774414062,208.87632751464844,208.8451690673828,208.8144989013672,208.78538513183594,208.75698852539062,208.72796630859375,208.69825744628906,208.67018127441406,208.6480255126953,208.63626098632812,208.6372833251953,208.65016174316406,208.6711883544922,208.69577026367188,208.7203826904297,208.74368286132812,208.765869140625,208.7874298095703,208.80807495117188,208.82672119140625,208.84217834472656,208.85397338867188,208.86221313476562,208.86672973632812,208.8663330078125,208.85885620117188,208.8423614501953,208.8168487548828,208.785400390625,208.7537078857422,208.72824096679688,208.7138214111328,208.71185302734375,208.72006225585938,208.7340087890625,208.749267578125,208.76361083984375,208.7777099609375
208.25241088867188,208.25204467773438,208.24200439453125,208.22174072265625,208.19253540039062,208.15716552734375,208.11903381347656,208.08106994628906,208.044921875,208.01080322265625,207.9781494140625,207.94674682617188,207.9177703857422,207.8939971923828,207.87921142578125,207.87667846679688,207.88760375976562,207.91036987304688,207.94078063964844,207.97348022460938,208.00372314453125,208.028564453125,208.0474395751953,208.06155395507812,208.07284545898438,208.08282470703125,208.091796875,208.0985565185547,208.10069274902344,208.09532165527344,208.08016967773438,208.0548095703125,208.02146911621094,207.98507690429688,207.9523468017578,207.9298095703125,207.9217987060547,207.9290008544922,207.9483184814453,207.9744415283203,208.0021209716797,208.028564453125,208.05462646484375,208.08436584472656
