earth/public/data/atmosphere/W07/ANN-wind-isobaric-500hPa-gfs-1.0.json
{"header": {"discipline": 0, "disciplineName": "Meteorological products", "gribEdition": 2, "gribLength": 17922.0, "center": 0, "centerName": "Kiel Climate Model", "subcenter": 0, "refTime": "1", "significanceOfRT": 1, "significanceOfRTName": "Start of forecast", "productStatus": 0, "productStatusName": "Operational products", "productType": 1, "productTypeName": "Forecast products", "productDefinitionTemplate": 0, "productDefinitionTemplateName": "Analysis/forecast at horizontal level/layer at a point in time", "parameterCategory": 2, "parameterCategoryName": "Momentum", "parameterNumber": 2, "parameterNumberName": "V-component_of_wind", "parameterUnit": "m/s", "genProcessType": 2, "genProcessTypeName": "Forecast", "forecastTime": 0, "surface1Type": 103, "surface1TypeName": "Specified height level above ground", "surface1Value": 10, "surface2Type": 255, "surface2TypeName": "Missing", "surface2Value": 0, "gridDefinitionTemplate": 0, "gridDefinitionTemplateName": "Latitude_Longitude", "numberPoints": 65160, "shape": 6, "shapeName": "Earth spherical with radius of 6,371,229.0 m", "gridUnits": "degrees", "resolution": 48, "winds": "true", "scanMode": 0, "nx": 128.0, "ny": 64.0, "basicAngle": 0, "subDivisions": 0, "lo1": 0.0, "la1": 87.86379883923263, "lo2": 357.1875, "la2": -87.86379883923263, "dx": 2.8125, "dy": 2.7893269472772264}, "data":
[rows 38 to 56 of 64, columns 0 to 41 of 128]
-0.5624620914459229,-0.41175997257232666,-0.3479844331741333,-0.27208614349365234,-0.005855997558683157,0.3331175148487091,0.5798604488372803,0.7903558611869812,0.9815012216567993,1.0962671041488647,1.2212131023406982,1.3736428022384644,1.3748763799667358,1.223073959350586,1.0949335098266602,0.947037398815155,0.652655303478241,0.33340153098106384,0.12676678597927094,-0.04670463129878044,-0.2457268089056015,-0.38238367438316345,-0.41097450256347656,-0.3850820064544678,-0.3394317030906677,-0.26086336374282837,-0.15035027265548706,-0.04477813094854355,0.028527742251753807,0.08102331310510635,0.11927294731140137,0.1205199733376503,0.08261559158563614,0.04360236972570419,0.03653308376669884,0.05913381278514862,0.08036404848098755,0.06644754111766815,-0.00035185381420888007,-0.13536621630191803,-0.3351975977420807,-0.5236245393753052
-0.7501709461212158,-0.6565954685211182,-0.6625901460647583,-0.6320263147354126,-0.38437455892562866,-0.09018360823392868,0.05731102451682091,0.22131729125976562,0.550682008266449,0.8895357251167297,1.09327232837677,1.1922249794006348,1.220539927482605,1.1856759786605835,1.0728107690811157,0.8094724416732788,0.44168511033058167,0.19195124506950378,0.1325431615114212,0.08257685601711273,-0.05271366611123085,-0.1630592942237854,-0.17590080201625824,-0.14151522517204285,-0.10375313460826874,-0.055547285825014114,0.017199009656906128,0.11150097101926804,0.20030879974365234,0.25624993443489075,0.28638461232185364,0.3093697130680084,0.31578803062438965,0.2927548587322235,0.26139968633651733,0.24665631353855133,0.22807613015174866,0.15523968636989594,0.0033134317491203547,-0.20631955564022064,-0.4284190833568573,-0.6121777296066284
-0.7563971281051636,-0.7433797717094421,-0.8388750553131104,-0.9280217289924622,-0.8861880302429199,-0.8456351161003113,-0.8691823482513428,-0.6806004643440247,-0.1236221119761467,0.4947021007537842,0.8304760456085205,0.9082108736038208,0.9234482049942017,0.9257817268371582,0.8063705563545227,0.5074810981750488,0.19019518792629242,0.07985127717256546,0.15327131748199463,0.200898677110672,0.16396230459213257,0.14736543595790863,0.18136730790138245,0.21605683863162994,0.25179561972618103,0.30937355756759644,0.37286511063575745,0.4327070713043213,0.4947932958602905,0.5460479855537415,0.5768448710441589,0.6014381647109985,0.6204208731651306,0.6101484894752502,0.5634397268295288,0.4970153868198395,0.40723034739494324,0.2502148151397705,-0.005414878949522972,-0.31534063816070557,-0.5920751094818115,-0.7905639410018921
-0.5408036112785339,-0.5630178451538086,-0.7098689079284668,-0.9242105484008789,-1.1543861627578735,-1.4468995332717896,-1.6944034099578857,-1.5649296045303345,-0.9550457000732422,-0.2356431931257248,0.1886414736509323,0.3101566433906555,0.3497851490974426,0.3896282911300659,0.3375323414802551,0.1598309576511383,-0.00478626973927021,-0.025312062352895737,0.041290149092674255,0.08676280826330185,0.14462755620479584,0.2761680781841278,0.4154554307460785,0.4977104067802429,0.5796265006065369,0.7052969336509705,0.8178049921989441,0.8797000050544739,0.930977463722229,0.9935246109962463,1.0377029180526733,1.050723671913147,1.0524590015411377,1.0448381900787354,1.0016205310821533,0.9072631597518921,0.7612821459770203,0.5389810800552368,0.20502567291259766,-0.20769116282463074,-0.5944477915763855,-0.8773196935653687
-0.2402370721101761,-0.23792310059070587,-0.36761850118637085,-0.6187353730201721,-1.0024621486663818,-1.531025767326355,-2.028832197189331,-2.1682448387145996,-1.832322120666504,-1.2743818759918213,-0.8103100657463074,-0.5150325298309326,-0.30399683117866516,-0.15140719711780548,-0.10502263158559799,-0.15386024117469788,-0.20162037014961243,-0.1922958642244339,-0.16413936018943787,-0.12626014649868011,-0.003202032530680299,0.21797406673431396,0.429730623960495,0.5777765512466431,0.7367125749588013,0.9458265900611877,1.1347838640213013,1.2630858421325684,1.3796632289886475,1.5090125799179077,1.6051889657974243,1.6413770914077759,1.6477066278457642,1.642883539199829,1.5986238718032837,1.4877296686172485,1.3095483779907227,1.0463557243347168,0.6546900868415833,0.1431155502796173,-0.38319826126098633,-0.7914822697639465
-0.05202242359519005,-0.0012095539132133126,-0.05967961624264717,-0.2486303448677063,-0.6261521577835083,-1.2250288724899292,-1.8954057693481445,-2.3453469276428223,-2.397426128387451,-2.1198482513427734,-1.6911367177963257,-1.2429261207580566,-0.8567646145820618,-0.6031813025474548,-0.5091360211372375,-0.5176266431808472,-0.5313234329223633,-0.49967989325523376,-0.42868611216545105,-0.31070154905319214,-0.11581995338201523,0.1336127370595932,0.3696604371070862,0.581990659236908,0.8205088973045349,1.0862888097763062,1.3237481117248535,1.5219039916992188,1.7200698852539062,1.9172254800796509,2.0665218830108643,2.1512451171875,2.1928064823150635,2.1946327686309814,2.1359848976135254,2.010425567626953,1.8202052116394043,1.5363935232162476,1.1111750602722168,0.547538161277771,-0.05868372693657875,-0.5541053414344788
-0.025263499468564987,0.05452953651547432,0.06066194549202919,-0.044695157557725906,-0.33369356393814087,-0.8547754883766174,-1.5083577632904053,-2.066751003265381,-2.3461835384368896,-2.3171346187591553,-2.0645103454589844,-1.7114150524139404,-1.3797675371170044,-1.153281569480896,-1.0415562391281128,-0.9916884899139404,-0.9409050345420837,-0.852206826210022,-0.7087194323539734,-0.5019896626472473,-0.2435866743326187,0.03288682922720909,0.31012845039367676,0.6081984639167786,0.937200129032135,1.2614600658416748,1.549640417098999,1.8191498517990112,2.086531162261963,2.3201842308044434,2.487032175064087,2.5972893238067627,2.662966012954712,2.6621487140655518,2.580141067504883,2.436500310897827,2.2363648414611816,1.9374347925186157,1.4971400499343872,0.9284647703170776,0.30531448125839233,-0.252238005399704
-0.08759131282567978,-0.01762346178293228,-0.0015291818417608738,-0.07051879912614822,-0.27410200238227844,-0.6506933569908142,-1.1472511291503906,-1.6209787130355835,-1.9415332078933716,-2.06801438331604,-2.0390748977661133,-1.9279758930206299,-1.8014986515045166,-1.6850571632385254,-1.561009168624878,-1.4111648797988892,-1.2461103200912476,-1.077636957168579,-0.8854919672012329,-0.6411464810371399,-0.3506350517272949,-0.04017040878534317,0.29123491048812866,0.6628572940826416,1.0590428113937378,1.4355415105819702,1.783429741859436,2.1296420097351074,2.464477300643921,2.7320995330810547,2.9088122844696045,3.025371551513672,3.093515157699585,3.077714681625366,2.961390256881714,2.7747063636779785,2.5306897163391113,2.192631244659424,1.7304191589355469,1.1636089086532593,0.5415779948234558,-0.06388111412525177
-0.1953684538602829,-0.16469454765319824,-0.17796489596366882,-0.24993754923343658,-0.40042346715927124,-0.654853880405426,-0.9998583197593689,-1.3656421899795532,-1.6690369844436646,-1.8635683059692383,-1.9522954225540161,-1.970618486404419,-1.9524897336959839,-1.898451566696167,-1.7829049825668335,-1.6002848148345947,-1.3835077285766602,-1.1608163118362427,-0.9178470969200134,-0.6276544332504272,-0.29652780294418335,0.052416976541280746,0.4217718839645386,0.8241580128669739,1.2373952865600586,1.6235569715499878,1.9857075214385986,2.352165460586548,2.7049098014831543,2.981828212738037,3.1569104194641113,3.259294271469116,3.301227569580078,3.248166799545288,3.0807063579559326,2.8296642303466797,2.523188829421997,2.1463165283203125,1.6787140369415283,1.1344201564788818,0.547705888748169,-0.039198048412799835
-0.3081691563129425,-0.3310452401638031,-0.3820205628871918,-0.4671456515789032,-0.5905067324638367,-0.7696609497070312,-1.0145272016525269,-1.3004159927368164,-1.5730199813842773,-1.7781521081924438,-1.8893444538116455,-1.9161999225616455,-1.8865875005722046,-1.8166347742080688,-1.7023159265518188,-1.5399199724197388,-1.3375998735427856,-1.0978788137435913,-0.808440089225769,-0.4672207832336426,-0.0992475226521492,0.2732403874397278,0.6602510213851929,1.0760934352874756,1.4975965023040771,1.885656476020813,2.2380127906799316,2.578483819961548,2.8957021236419678,3.13777756690979,3.2749581336975098,3.3242812156677246,3.2992281913757324,3.178654193878174,2.948369026184082,2.637115478515625,2.2824809551239014,1.8863261938095093,1.4304925203323364,0.9189519882202148,0.381791889667511,-0.1482624113559723
-0.32731136679649353,-0.41800716519355774,-0.5218002200126648,-0.6412956714630127,-0.7711999416351318,-0.9159821271896362,-1.0859334468841553,-1.2789738178253174,-1.4733515977859497,-1.6370067596435547,-1.7424299716949463,-1.776613712310791,-1.7413063049316406,-1.6461730003356934,-1.503111481666565,-1.3234238624572754,-1.1112196445465088,-0.8578015565872192,-0.5530028343200684,-0.2065459042787552,0.1545269787311554,0.5177618265151978,0.8995473384857178,1.3124510049819946,1.7320868968963623,2.1184048652648926,2.4598145484924316,2.7686312198638916,3.0358026027679443,3.2221364974975586,3.301848888397217,3.2865383625030518,3.1928577423095703,3.012570858001709,2.7348413467407227,2.3784751892089844,1.9767500162124634,1.5400195121765137,1.0575839281082153,0.5346333384513855,0.005173778627067804,-0.4976770579814911
-0.17410987615585327,-0.340205579996109,-0.5124930739402771,-0.6895732283592224,-0.8603160977363586,-1.018070936203003,-1.1629829406738281,-1.295112133026123,-1.4116319417953491,-1.5089808702468872,-1.5814423561096191,-1.616236925125122,-1.59462308883667,-1.5029008388519287,-1.3437432050704956,-1.1341055631637573,-0.8894742131233215,-0.6121024489402771,-0.29834485054016113,0.04584728181362152,0.4053346812725067,0.7724939584732056,1.1519014835357666,1.541255235671997,1.9174375534057617,2.2529678344726562,2.5396769046783447,2.78153657913208,2.9677040576934814,3.0715174674987793,3.0803136825561523,3.008887529373169,2.873520851135254,2.66662859916687,2.371145725250244,1.991070032119751,1.5511571168899536,1.0701231956481934,0.5525537729263306,0.011141764931380749,-0.5202863812446594,-1.009690284729004
0.13083384931087494,-0.0928235724568367,-0.32014891505241394,-0.5441944003105164,-0.7556235790252686,-0.9523189663887024,-1.1343823671340942,-1.2940914630889893,-1.4175783395767212,-1.4967578649520874,-1.5346522331237793,-1.5365773439407349,-1.4988259077072144,-1.4095643758773804,-1.2606663703918457,-1.0555952787399292,-0.8046919703483582,-0.5157585740089417,-0.19212251901626587,0.16181498765945435,0.5374242663383484,0.9241752028465271,1.3102787733078003,1.6791934967041016,2.011021852493286,2.2918732166290283,2.518641471862793,2.6890509128570557,2.790543794631958,2.8077378273010254,2.741384983062744,2.610154867172241,2.4283087253570557,2.1886513233184814,1.8754560947418213,1.4899945259094238,1.053920030593872,0.5883350968360901,0.10035838931798935,-0.40509742498397827,-0.9096347689628601,-1.3878000974655151
0.497286856174469,0.23626911640167236,-0.03272783011198044,-0.2911930978298187,-0.5276684761047363,-0.7481745481491089,-0.9638611674308777,-1.1704390048980713,-1.3440182209014893,-1.4583598375320435,-1.5042706727981567,-1.4915165901184082,-1.4341192245483398,-1.336479902267456,-1.193139910697937,-0.9985824823379517,-0.7550668716430664,-0.47197452187538147,-0.16013021767139435,0.17235665023326874,0.5198991298675537,0.8760025501251221,1.2296245098114014,1.565099835395813,1.866618037223816,2.1232006549835205,2.327617883682251,2.470052480697632,2.5362045764923096,2.515836715698242,2.412639617919922,2.24151349067688,2.014296054840088,1.7319074869155884,1.39350163936615,1.0101375579833984,0.602820873260498,0.18543826043605804,-0.24563761055469513,-0.7008712887763977,-1.178105115890503,-1.6568704843521118
0.8396366834640503,0.547433614730835,0.2361179143190384,-0.06419612467288971,-0.33109521865844727,-0.5648343563079834,-0.7804195284843445,-0.9860916137695312,-1.1709482669830322,-1.3127520084381104,-1.3954777717590332,-1.4182636737823486,-1.388843059539795,-1.3113049268722534,-1.1815935373306274,-0.9941652417182922,-0.7515069842338562,-0.4667477309703827,-0.15785335004329681,0.16040487587451935,0.47933605313301086,0.792847752571106,1.0921872854232788,1.3647395372390747,1.5977985858917236,1.7828906774520874,1.915939450263977,1.9938535690307617,2.0125374794006348,1.96901273727417,1.8641619682312012,1.7014667987823486,1.4831925630569458,1.2103699445724487,0.8883781433105469,0.5310226678848267,0.15539687871932983,-0.22918738424777985,-0.626068651676178,-1.042805552482605,-1.4772123098373413,-1.9121131896972656
1.0997254848480225,0.8048917651176453,0.4856860637664795,0.16531696915626526,-0.1327042132616043,-0.3982163667678833,-0.635100245475769,-0.8505741357803345,-1.0445784330368042,-1.208575963973999,-1.3320072889328003,-1.4079749584197998,-1.432478904724121,-1.4000672101974487,-1.3023967742919922,-1.1326535940170288,-0.8920547366142273,-0.5926236510276794,-0.2542301416397095,0.10080984234809875,0.45100054144859314,0.7756226062774658,1.0541131496429443,1.2684218883514404,1.4080735445022583,1.474246621131897,1.47898268699646,1.4395015239715576,1.3710041046142578,1.2817918062210083,1.1720314025878906,1.0352472066879272,0.8619379997253418,0.644689679145813,0.3829728662967682,0.0846984013915062,-0.23729746043682098,-0.5711470246315002,-0.9094712734222412,-1.2479887008666992,-1.5822479724884033,-1.9068801403045654
1.224087119102478,0.9600760340690613,0.6764883399009705,0.37529417872428894,0.06532623618841171,-0.242692768573761,-0.539480447769165,-0.8169629573822021,-1.0664726495742798,-1.278396487236023,-1.4435371160507202,-1.5542453527450562,-1.6038529872894287,-1.5852551460266113,-1.4910922050476074,-1.3166553974151611,-1.0640925168991089,-0.7452296018600464,-0.3815957307815552,-0.001831062138080597,0.3619084060192108,0.6780375242233276,0.920134425163269,1.0720679759979248,1.1320369243621826,1.1130017042160034,1.0382592678070068,0.9332630038261414,0.8173681497573853,0.6989662051200867,0.5757228136062622,0.4388468861579895,0.2790883481502533,0.09176003932952881,-0.12077653408050537,-0.34991875290870667,-0.5842260718345642,-0.8138128519058228,-1.0338176488876343,-1.246032476425171,-1.4583508968353271,-1.6821404695510864
1.1709015369415283,0.901505708694458,0.621030867099762,0.3241156041622162,0.01045282557606697,-0.31422778964042664,-0.6394783854484558,-0.9522103071212769,-1.2385746240615845,-1.4852551221847534,-1.6799263954162598,-1.8110334873199463,-1.8674075603485107,-1.838577389717102,-1.716855525970459,-1.5008736848831177,-1.1994349956512451,-0.8338087201118469,-0.4369078576564789,-0.04911467060446739,0.28849661350250244,0.5418359041213989,0.6905288696289062,0.7316626310348511,0.6793691515922546,0.55987149477005,0.40341514348983765,0.23586192727088928,0.07303047180175781,-0.08031535148620605,-0.2270483523607254,-0.37199079990386963,-0.5169841647148132,-0.6588067412376404,-0.7905157208442688,-0.9051817655563354,-1.000153660774231,-1.079967737197876,-1.1569490432739258,-1.2488906383514404,-1.3742328882217407,-1.5453875064849854
0.9089022278785706,0.5742509961128235,0.24454344809055328,-0.07231800258159637,-0.37137123942375183,-0.6504916548728943,-0.9100311994552612,-1.1517051458358765,-1.376563310623169,-1.5821614265441895,-1.7599278688430786,-1.8938148021697998,-1.9614217281341553,-1.9382275342941284,-1.804232120513916,-1.5517326593399048,-1.1914969682693481,-0.7552504539489746,-0.29287973046302795,0.13557188212871552,0.4712764620780945,0.668632984161377,0.7044808864593506,0.5821371078491211,0.3291895091533661,-0.010055596008896828,-0.38498011231422424,-0.7488176226615906,-1.065683126449585,-1.3133114576339722,-1.4819223880767822,-1.5710097551345825,-1.5862189531326294,-1.5376323461532593,-1.4396675825119019,-1.3116028308868408,-1.177343487739563,-1.0634163618087769,-0.994898796081543,-0.9900124073028564,-1.0546172857284546,-1.1782770156860352
