earth/public/data/atmosphere/W07/ANN-temp-isobaric-10hPa-gfs-1.0.json
{"header": {"discipline": 0, "disciplineName": "Meteorological products", "gribEdition": 2, "gribLength": 17922.0, "center": 0, "centerName": "Kiel Climate Model", "subcenter": 0, "refTime": "1", "significanceOfRT": 1, "significanceOfRTName": "Start of forecast", "productStatus": 0, "productStatusName": "Operational products", "productType": 1, "productTypeName": "Forecast products", "productDefinitionTemplate": 0, "productDefinitionTemplateName": "Analysis/forecast at horizontal level/layer at a point in time", "parameterCategory": 2, "parameterCategoryName": "Momentum", "parameterNumber": 2, "parameterNumberName": "U-component_of_wind", "parameterUnit": "K", "genProcessType": 2, "genProcessTypeName": "Forecast", "forecastTime": 0, "surface1Type": 103, "surface1TypeName": "Specified height level above ground", "surface1Value": 10, "surface2Type": 255, "surface2TypeName": "Missing", "surface2Value": 0, "gridDefinitionTemplate": 0, "gridDefinitionTemplateName": "Latitude_Longitude", "numberPoints": 65160, "shape": 6, "shapeName": "Earth spherical with radius of 6,371,229.0 m", "gridUnits": "degrees", "resolution": 48, "winds": "true", "scanMode": 0, "nx": 128.0, "ny": 64.0, "basicAngle": 0, "subDivisions": 0, "lo1": 0.0, "la1": 87.86379883923263, "lo2": 357.1875, "la2": -87.86379883923263, "dx": 2.8125, "dy": 2.7893269472772264}, "data":
[rows 38 to 56 of 64, columns 0 to 43 of 128]
235.1331024169922,235.11497497558594,235.08412170410156,235.05360412597656,235.0311279296875,235.02700805664062,235.0449981689453,235.066162109375,235.06591796875,235.04734802246094,235.0361328125,235.04415893554688,235.05604553222656,235.05206298828125,235.03128051757812,235.00973510742188,235.001220703125,235.000244140625,234.98756408691406,234.9567413330078,234.92523193359375,234.91110229492188,234.9150390625,234.9317169189453,234.95697021484375,234.98226928710938,235.003173828125,235.0265655517578,235.0552978515625,235.07952880859375,235.08680725097656,235.06805419921875,235.02227783203125,234.9630889892578,234.90765380859375,234.86151123046875,234.82638549804688,234.8092803955078,234.81484985351562,234.8358917236328,234.85443115234375,234.85316467285156,234.82916259765625,234.79286193847656
234.99307250976562,234.958740234375,234.91912841796875,234.8822021484375,234.84747314453125,234.82545471191406,234.8270721435547,234.83706665039062,234.82723999023438,234.7958984375,234.76837158203125,234.75924682617188,234.75534057617188,234.73764038085938,234.70726013183594,234.6838836669922,234.68092346191406,234.68820190429688,234.6858673095703,234.67234802246094,234.66294860839844,234.66452026367188,234.6712646484375,234.68043518066406,234.69302368164062,234.70657348632812,234.72174072265625,234.74420166015625,234.7730255126953,234.79994201660156,234.81610107421875,234.8121337890625,234.78570556640625,234.74954223632812,234.71693420410156,234.6886444091797,234.66490173339844,234.65359497070312,234.6595458984375,234.67901611328125,234.7010040283203,234.70858764648438,234.690673828125,234.6560821533203
234.7293243408203,234.68556213378906,234.63507080078125,234.5927734375,234.5569610595703,234.52610778808594,234.50515747070312,234.48861694335938,234.4606475830078,234.41921997070312,234.3820343017578,234.36155700683594,234.34857177734375,234.32652282714844,234.29481506347656,234.2705535888672,234.26661682128906,234.27581787109375,234.28358459472656,234.2884979248047,234.2982177734375,234.31248474121094,234.3250274658203,234.33477783203125,234.34381103515625,234.35342407226562,234.3675537109375,234.3896942138672,234.41665649414062,234.44313049316406,234.465087890625,234.47654724121094,234.47499084472656,234.46707153320312,234.45947265625,234.45281982421875,234.4488067626953,234.45059204101562,234.45947265625,234.47940063476562,234.5113067626953,234.5402374267578,234.5465850830078,234.52972412109375
234.32118225097656,234.2816619873047,234.2269287109375,234.1775665283203,234.14183044433594,234.1136474609375,234.08555603027344,234.05186462402344,234.0082244873047,233.958251953125,233.9143524169922,233.88494873046875,233.86520385742188,233.84426879882812,233.81936645507812,233.7986297607422,233.79051208496094,233.79437255859375,233.80441284179688,233.81817626953125,233.83570861816406,233.8548126220703,233.8727569580078,233.88897705078125,233.9036407470703,233.91812133789062,233.93597412109375,233.95889282226562,233.9845733642578,234.01104736328125,234.03732299804688,234.06077575683594,234.079833984375,234.09588623046875,234.1101531982422,234.12452697753906,234.14109802246094,234.15696716308594,234.17034912109375,234.19171142578125,234.2305908203125,234.27609252929688,234.30845642089844,234.31907653808594
233.79434204101562,233.76535034179688,233.71533203125,233.66224670410156,233.62416076660156,233.60243225097656,233.58456420898438,233.55679321289062,233.51393127441406,233.46224975585938,233.4138946533203,233.3767547607422,233.35003662109375,233.32843017578125,233.3080596923828,233.28915405273438,233.2754364013672,233.27069091796875,233.27561950683594,233.28770446777344,233.30386352539062,233.32247924804688,233.34255981445312,233.3628692626953,233.38265991210938,233.40304565429688,233.42550659179688,233.45018005371094,233.47702026367188,233.5067596435547,233.53858947753906,233.5707244873047,233.60256958007812,233.63336181640625,233.6624298095703,233.69253540039062,233.72482299804688,233.75196838378906,233.7699737548828,233.79061889648438,233.82595825195312,233.87091064453125,233.91427612304688,233.94786071777344
233.18161010742188,233.16329956054688,233.12513732910156,233.07757568359375,233.03860473632812,233.01817321777344,233.00946044921875,232.99603271484375,232.9668426513672,232.92465209960938,232.8805694580078,232.84280395507812,232.8124542236328,232.78675842285156,232.7631378173828,232.7411346435547,232.72348022460938,232.7139434814453,232.71334838867188,232.71961975097656,232.73121643066406,232.7476043701172,232.7666778564453,232.7860870361328,232.8066864013672,232.83087158203125,232.85772705078125,232.88494873046875,232.91358947753906,232.94586181640625,232.98080444335938,233.01678466796875,233.05389404296875,233.0914306640625,233.1287841796875,233.16900634765625,233.21205139160156,233.24844360351562,233.27182006835938,233.29098510742188,233.31695556640625,233.3501739501953,233.3890380859375,233.43121337890625
232.51333618164062,232.5061492919922,232.4837646484375,232.44883728027344,232.4126434326172,232.38758850097656,232.37533569335938,232.36512756347656,232.34535217285156,232.31484985351562,232.28106689453125,232.25015258789062,232.22216796875,232.1946258544922,232.1674346923828,232.14370727539062,232.12734985351562,232.11911010742188,232.11642456054688,232.11769104003906,232.12484741210938,232.13909912109375,232.15721130371094,232.17625427246094,232.19847106933594,232.2263946533203,232.25730895996094,232.28750610351562,232.31829833984375,232.3523406982422,232.38864135742188,232.42567443847656,232.4640655517578,232.50367736816406,232.5444793701172,232.58949279785156,232.63853454589844,232.6822509765625,232.71255493164062,232.7337188720703,232.7542266845703,232.77713012695312,232.8056182861328,232.8427734375
231.82626342773438,231.8291473388672,231.8203887939453,231.7977294921875,231.76695251464844,231.73880004882812,231.71881103515625,231.70240783691406,231.68173217773438,231.65492248535156,231.6265869140625,231.6007843017578,231.57681274414062,231.55223083496094,231.52772521972656,231.50765991210938,231.49571228027344,231.4907684326172,231.4889678955078,231.48959350585938,231.49618530273438,231.5105743408203,231.52996826171875,231.55189514160156,231.5779571533203,231.60922241210938,231.64271545410156,231.6761474609375,231.71163940429688,231.75103759765625,231.7923583984375,231.83358764648438,231.87509155273438,231.91697692871094,231.95944213867188,232.0052490234375,232.05506896972656,232.10208129882812,232.1385498046875,232.16506958007812,232.1864776611328,232.20501708984375,232.2239532470703,232.24961853027344
231.14305114746094,231.15194702148438,231.15184020996094,231.1389617919922,231.1163330078125,231.09158325195312,231.06976318359375,231.04933166503906,231.026123046875,230.9989013671875,230.97056579589844,230.9444580078125,230.92127990722656,230.90000915527344,230.88063049316406,230.86521911621094,230.85580444335938,230.8521728515625,230.85279846191406,230.8578643798828,230.8693084716797,230.88751220703125,230.9104766845703,230.9369354248047,230.96749877929688,231.00181579589844,231.03794860839844,231.07586669921875,231.11785888671875,231.1642303466797,231.2122344970703,231.25994873046875,231.30776977539062,231.35537719726562,231.40199279785156,231.44911193847656,231.49794006347656,231.5448760986328,231.5844268798828,231.6156005859375,231.6401824951172,231.65843200683594,231.67176818847656,231.68687438964844
230.45216369628906,230.4644012451172,230.47119140625,230.46914672851562,230.45811462402344,230.4413604736328,230.42236328125,230.40235900878906,230.38055419921875,230.35617065429688,230.329833984375,230.3035888671875,230.27981567382812,230.25985717773438,230.24386596679688,230.23159790039062,230.22354125976562,230.22064208984375,230.22396850585938,230.2342529296875,230.25143432617188,230.27447509765625,230.30209350585938,230.33387756347656,230.3697967529297,230.40896606445312,230.4505157470703,230.4949951171875,230.5433807373047,230.59469604492188,230.64697265625,230.70010375976562,230.75498962402344,230.81048583984375,230.8641357421875,230.91546630859375,230.96533203125,231.0121612548828,231.05267333984375,231.08580017089844,231.11239624023438,231.13217163085938,231.14500427246094,231.1549530029297
229.71649169921875,229.7333221435547,229.74757385253906,229.7570343017578,229.7587890625,229.75201416015625,229.73876953125,229.7223663330078,229.70492553710938,229.68626403808594,229.66537475585938,229.6427001953125,229.620849609375,229.6027374267578,229.5896759033203,229.58114624023438,229.5767364501953,229.57711791992188,229.58355712890625,229.59678649902344,229.61663818359375,229.64259338378906,229.67417907714844,229.71102905273438,229.75238037109375,229.7974090576172,229.8459014892578,229.8980712890625,229.95327758789062,230.009765625,230.06668090820312,230.12533569335938,230.18673706054688,230.24899291992188,230.3087158203125,230.36459350585938,230.41714477539062,230.4656524658203,230.50767517089844,230.54202270507812,230.56964111328125,230.5912628173828,230.6064453125,230.6161651611328
228.87808227539062,228.9023895263672,228.92381286621094,228.94195556640625,228.95437622070312,228.95919799804688,228.9568328857422,228.9497833251953,228.9403533935547,228.9290771484375,228.91539001464844,228.8996124267578,228.88369750976562,228.8703155517578,228.86123657226562,228.85699462890625,228.85752868652344,228.8629913330078,228.87355041503906,228.8893585205078,228.91091918945312,228.93878173828125,228.97329711914062,229.01382446289062,229.05917358398438,229.1088104248047,229.16311645507812,229.2220458984375,229.28407287597656,229.3469696044922,229.41001892089844,229.474365234375,229.54055786132812,229.6066436767578,229.66970825195312,229.7286376953125,229.7840576171875,229.8355712890625,229.88095092773438,229.91835021972656,229.9481658935547,229.97174072265625,229.98948669433594,230.00128173828125
227.85533142089844,227.88905334472656,227.9182586669922,227.9436492919922,227.9652557373047,227.98243713378906,227.99465942382812,228.00196838378906,228.00491333007812,228.0043182373047,228.00111389160156,227.99632263183594,227.99111938476562,227.98660278320312,227.9840087890625,227.9847412109375,227.99002075195312,228.00050354003906,228.01589965820312,228.0358428955078,228.06072998046875,228.09152221679688,228.12887573242188,228.17225646972656,228.22064208984375,228.27369689941406,228.3318328857422,228.39491271972656,228.46119689941406,228.52850341796875,228.59588623046875,228.6638946533203,228.73281860351562,228.80117797851562,228.8668212890625,228.9287109375,228.98709106445312,229.0417938232422,229.09120178222656,229.13348388671875,229.16818237304688,229.19607543945312,229.21792602539062,229.23394775390625
226.57186889648438,226.61477661132812,226.6536865234375,226.68882751464844,226.72097778320312,226.75050354003906,226.7767333984375,226.79869079589844,226.81594848632812,226.82933044433594,226.84042358398438,226.8504638671875,226.85986328125,226.8684844970703,226.87680053710938,226.88633728027344,226.89903259277344,226.9160614013672,226.9374237060547,226.96278381347656,226.9923858642578,227.02716064453125,227.06777954101562,227.11395263671875,227.1649627685547,227.2203826904297,227.28041076660156,227.34483337402344,227.41246032714844,227.48167419433594,227.55149841308594,227.62193298339844,227.6930389404297,227.76376342773438,227.83250427246094,227.89788818359375,227.95957946777344,228.0174102783203,228.07090759277344,228.11911010742188,228.1614227294922,228.19766235351562,228.22787475585938,228.25209045410156
225.00828552246094,225.0577850341797,225.1056671142578,225.1512908935547,225.19461059570312,225.2356719970703,225.27407836914062,225.30917358398438,225.34071350097656,225.36923217773438,225.3957977294922,225.421142578125,225.44534301757812,225.4683074951172,225.49038696289062,225.51272583007812,225.5368194580078,225.56350708007812,225.5929718017578,225.62522888183594,225.66079711914062,225.70062255859375,225.74533081054688,225.79470825195312,225.84811401367188,225.90509033203125,225.96575927734375,226.03025817871094,226.09817504882812,226.16844177246094,226.2400665283203,226.31239318847656,226.385009765625,226.457275390625,226.5281982421875,226.59678649902344,226.6624298095703,226.724853515625,226.7839813232422,226.83953857421875,226.89111328125,226.93812561035156,226.97996520996094,227.01609802246094
223.22239685058594,223.27430725097656,223.32643127441406,223.3780059814453,223.42848205566406,223.4775390625,223.52511596679688,223.5709228515625,223.6147918701172,223.65663146972656,223.6964874267578,223.73451232910156,223.77090454101562,223.8060760498047,223.8406982421875,223.87574768066406,223.91183471679688,223.94924926757812,223.988037109375,224.02850341796875,224.0713348388672,224.11744689941406,224.16729736328125,224.2206573486328,224.27694702148438,224.33580017089844,224.3974151611328,224.46221923828125,224.53021240234375,224.6007537841797,224.6727752685547,224.74534606933594,224.8179473876953,224.89044189453125,224.96273803710938,225.0345458984375,225.10525512695312,225.1741943359375,225.2407684326172,225.3045196533203,225.36520385742188,225.4224853515625,225.47596740722656,225.52516174316406
221.31900024414062,221.36866760253906,221.41932678222656,221.4704132080078,221.52154541015625,221.5725860595703,221.62356567382812,221.67442321777344,221.72483825683594,221.7743682861328,221.8225555419922,221.869140625,221.9143524169922,221.958740234375,222.00308227539062,222.04791259765625,222.0934600830078,222.13967895507812,222.18655395507812,222.23434448242188,222.2837371826172,222.33541870117188,222.3897247314453,222.44656372070312,222.50559997558594,222.56661987304688,222.62985229492188,222.69558715820312,222.76390075683594,222.8343963623047,222.90631103515625,222.9789581298828,223.0521240234375,223.12594604492188,223.20071411132812,223.2763671875,223.35226440429688,223.4274444580078,223.5009002685547,223.57199096679688,223.64059448242188,223.7068634033203,223.77093505859375,223.83261108398438
219.4060821533203,219.44912719726562,219.49395751953125,219.5400848388672,219.58721923828125,219.63516235351562,219.6839141845703,219.7334442138672,219.7835693359375,219.83401489257812,219.8844451904297,219.9346466064453,219.98475646972656,220.0349884033203,220.08560180664062,220.13670349121094,220.1881866455078,220.2398681640625,220.29165649414062,220.3438262939453,220.3968963623047,220.451416015625,220.50779724121094,220.56626892089844,220.62680053710938,220.689453125,220.7542724609375,220.8214111328125,220.89080810546875,220.96218872070312,221.03512573242188,221.10926818847656,221.18446350097656,221.2608184814453,221.3384246826172,221.41712951660156,221.49642944335938,221.5755615234375,221.65380859375,221.7307586669922,221.80638122558594,221.88092041015625,221.95440673828125,222.02658081054688
217.5757293701172,217.6091766357422,217.64547729492188,217.68421936035156,217.7248992919922,217.76718139648438,217.81082153320312,217.855712890625,217.9017791748047,217.94898986816406,217.9973602294922,218.046875,218.09751892089844,218.14923095703125,218.2018585205078,218.255126953125,218.3087158203125,218.3623809814453,218.416015625,218.4698486328125,218.5242919921875,218.579833984375,218.63699340820312,218.69615173339844,218.7575225830078,218.8212432861328,218.8872833251953,218.95555114746094,219.02586364746094,219.09796142578125,219.17152404785156,219.246337890625,219.322265625,219.39932250976562,219.47750854492188,219.55673217773438,219.63685607910156,219.71751403808594,219.79843139648438,219.87937927246094,219.9601287841797,220.04051208496094,220.1201629638672,220.19857788085938
