earth/public/data/atmosphere/W07/ANN-temp-isobaric-850hPa-gfs-1.0.json
{"header": {"discipline": 0, "disciplineName": "Meteorological products", "gribEdition": 2, "gribLength": 17922.0, "center": 0, "centerName": "Kiel Climate Model", "subcenter": 0, "refTime": "1", "significanceOfRT": 1, "significanceOfRTName": "Start of forecast", "productStatus": 0, "productStatusName": "Operational products", "productType": 1, "productTypeName": "Forecast products", "productDefinitionTemplate": 0, "productDefinitionTemplateName": "Analysis/forecast at horizontal level/layer at a point in time", "parameterCategory": 2, "parameterCategoryName": "Momentum", "parameterNumber": 2, "parameterNumberName": "U-component_of_wind", "parameterUnit": "K", "genProcessType": 2, "genProcessTypeName": "Forecast", "forecastTime": 0, "surface1Type": 103, "surface1TypeName": "Specified height level above ground", "surface1Value": 10, "surface2Type": 255, "surface2TypeName": "Missing", "surface2Value": 0, "gridDefinitionTemplate": 0, "gridDefinitionTemplateName": "Latitude_Longitude", "numberPoints": 65160, "shape": 6, "shapeName": "Earth spherical with radius of 6,371,229.0 m", "gridUnits": "degrees", "resolution": 48, "winds": "true", "scanMode": 0, "nx": 128.0, "ny": 64.0, "basicAngle": 0, "subDivisions": 0, "lo1": 0.0, "la1": 87.86379883923263, "lo2": 357.1875, "la2": -87.86379883923263, "dx": 2.8125, "dy": 2.7893269472772264}, "data":
[rows 0 to 19 of 64, columns 44 to 87 of 128]
257.7077331542969,257.70062255859375,257.6932678222656,257.6856384277344,257.6778259277344,257.66973876953125,257.6614685058594,257.6529541015625,257.644287109375,257.6353759765625,257.62628173828125,257.6170654296875,257.6076354980469,257.59808349609375,257.5883483886719,257.5785217285156,257.568603515625,257.5585632324219,257.5484924316406,257.53839111328125,257.5283203125,257.518310546875,257.5084228515625,257.4987487792969,257.4893798828125,257.4803466796875,257.47186279296875,257.46392822265625,257.4567565917969,257.450439453125,257.44512939453125,257.44097900390625,257.43817138671875,257.43682861328125,257.4371032714844,257.4391784667969,257.4432067871094,257.4492492675781,257.4574890136719,257.468017578125,257.4809265136719,257.4962463378906,257.5140075683594,257.53424072265625
257.87469482421875,257.84820556640625,257.82208251953125,257.7965087890625,257.7718200683594,257.7481994628906,257.7259521484375,257.7052917480469,257.6864013671875,257.66943359375,257.6543884277344,257.6413269042969,257.63018798828125,257.62078857421875,257.6129455566406,257.60638427734375,257.6007385253906,257.595703125,257.5907897949219,257.5856018066406,257.57977294921875,257.5727844238281,257.5643005371094,257.5539855957031,257.5415344238281,257.5267333984375,257.509521484375,257.48980712890625,257.4677429199219,257.44354248046875,257.41754150390625,257.3902587890625,257.36224365234375,257.3342590332031,257.30712890625,257.28179931640625,257.25921630859375,257.240478515625,257.22662353515625,257.2186584472656,257.2175598144531,257.2241516113281,257.23919677734375,257.26312255859375
257.6719970703125,257.6318359375,257.5917053222656,257.552001953125,257.51336669921875,257.4765319824219,257.4423828125,257.41168212890625,257.3851318359375,257.3631591796875,257.3460998535156,257.33392333984375,257.3263854980469,257.32318115234375,257.3236999511719,257.32745361328125,257.33380126953125,257.3422546386719,257.352294921875,257.3634948730469,257.3754577636719,257.38775634765625,257.39996337890625,257.4116516113281,257.4223327636719,257.4314270019531,257.43853759765625,257.44305419921875,257.44464111328125,257.44287109375,257.4375305175781,257.42840576171875,257.4154968261719,257.3987731933594,257.3784484863281,257.3548889160156,257.32867431640625,257.30072021484375,257.272216796875,257.2448425292969,257.22052001953125,257.2015686035156,257.1904296875,257.1895446777344
257.78155517578125,257.76873779296875,257.751220703125,257.72943115234375,257.7048034667969,257.6794128417969,257.65557861328125,257.6355895996094,257.62109375,257.6128845214844,257.6107482910156,257.6134033203125,257.6186828613281,257.62396240234375,257.62664794921875,257.6245422363281,257.6163330078125,257.6017761230469,257.58172607421875,257.55792236328125,257.5325622558594,257.5079345703125,257.4859619140625,257.4679260253906,257.454345703125,257.4451904296875,257.4400634765625,257.4386291503906,257.4406433105469,257.44635009765625,257.4561462402344,257.47052001953125,257.4895324707031,257.5125427246094,257.5378723144531,257.5627746582031,257.5837707519531,257.5970458984375,257.59906005859375,257.5874328613281,257.5615234375,257.5228576660156,257.475341796875,257.4251403808594
258.1614074707031,258.1652526855469,258.1597595214844,258.1456298828125,258.1253662109375,258.10284423828125,258.0829772949219,258.07098388671875,258.0714111328125,258.0872497558594,258.1190185546875,258.1643981933594,258.21820068359375,258.27301025390625,258.3206787109375,258.35382080078125,258.3675537109375,258.3604736328125,258.3351745605469,258.2974548339844,258.2550048828125,258.2152099609375,258.1834716796875,258.16180419921875,258.14874267578125,258.1399841308594,258.13018798828125,258.1148681640625,258.09210205078125,258.0635070800781,258.0338439941406,258.0098571777344,257.998291015625,258.00390625,258.02777099609375,258.0667419433594,258.1136474609375,258.1585388183594,258.1905517578125,258.1997985839844,258.1793212890625,258.1261901855469,258.0426025390625,257.935546875
258.34490966796875,258.3379821777344,258.3344421386719,258.33538818359375,258.3407897949219,258.35009765625,258.36309814453125,258.38104248046875,258.40667724609375,258.4437561035156,258.4957275390625,258.563720703125,258.6453552246094,258.7339782714844,258.8197937011719,258.89190673828125,258.9416198730469,258.96533203125,258.9663391113281,258.9546813964844,258.94439697265625,258.9495849609375,258.97955322265625,259.03546142578125,259.1093444824219,259.1860656738281,259.2480163574219,259.2805480957031,259.27679443359375,259.2397766113281,259.1812438964844,259.1180114746094,259.0661315917969,259.0366516113281,259.0321044921875,259.0469665527344,259.0699462890625,259.0881652832031,259.0906677246094,259.0710144042969,259.02740478515625,258.96148681640625,258.87646484375,258.7756652832031
258.3860778808594,258.3490295410156,258.345947265625,258.38555908203125,258.4695739746094,258.59259033203125,258.7431640625,258.9063720703125,259.0665588378906,259.2103576660156,259.328857421875,259.4185791015625,259.4809265136719,259.52069091796875,259.5435791015625,259.554443359375,259.556640625,259.55340576171875,259.54974365234375,259.55450439453125,259.5794982910156,259.6368103027344,259.7331237792969,259.86492919921875,260.0164794921875,260.16259765625,260.2761535644531,260.33758544921875,260.3424072265625,260.3035888671875,260.2475280761719,260.2044372558594,260.197265625,260.23309326171875,260.3002624511719,260.37286376953125,260.41998291015625,260.4173889160156,260.3561706542969,260.2459716796875,260.11090087890625,259.9800720214844,259.8758850097656,259.8055114746094
258.5904541015625,258.48858642578125,258.39605712890625,258.33636474609375,258.3373718261719,258.4248352050781,258.6130676269531,258.896728515625,259.2471923828125,259.6160888671875,259.9462890625,260.1878356933594,260.3128662109375,260.3243713378906,260.25408935546875,260.15106201171875,260.06463623046875,260.03057861328125,260.0645751953125,260.16510009765625,260.321044921875,260.5185546875,260.742919921875,260.9761962890625,261.1942443847656,261.36810302734375,261.4711608886719,261.48968505859375,261.4311828613281,261.3260498046875,261.2196960449219,261.1587829589844,261.1761169433594,261.27978515625,261.4505615234375,261.64739990234375,261.8191223144531,261.9187927246094,261.91705322265625,261.8112487792969,261.62646484375,261.40826416015625,261.2063903808594,261.05584716796875
259.2915344238281,259.197998046875,259.0151672363281,258.755615234375,258.47357177734375,258.2535095214844,258.1839904785156,258.32562255859375,258.68524169921875,259.20672607421875,259.7831726074219,260.2897644042969,260.6269226074219,260.75634765625,260.7139892578125,260.59161376953125,260.4969787597656,260.5114440917969,260.6659240722656,260.9423522949219,261.29486083984375,261.6737976074219,262.03985595703125,262.36492919921875,262.62646484375,262.8043518066406,262.8843078613281,262.86572265625,262.7660217285156,262.6183776855469,262.46197509765625,262.3318176269531,262.25311279296875,262.2418518066406,262.3085021972656,262.4582824707031,262.6846923828125,262.96014404296875,263.2313232421875,263.4284973144531,263.4896240234375,263.3890686035156,263.15374755859375,262.8536682128906
260.0736389160156,260.09576416015625,260.0343933105469,259.8612976074219,259.6042175292969,259.33978271484375,259.1659240722656,259.16888427734375,259.3953552246094,259.83306884765625,260.4051208496094,260.98760986328125,261.4536437988281,261.7278747558594,261.8210144042969,261.8206787109375,261.842041015625,261.9691467285156,262.221923828125,262.56365966796875,262.9345397949219,263.2842102050781,263.5840148925781,263.8204650878906,263.98431396484375,264.0689697265625,264.07818603515625,264.0335388183594,263.9696350097656,263.91717529296875,263.88372802734375,263.847412109375,263.7712707519531,263.6337585449219,263.4583740234375,263.322265625,263.33197021484375,263.57025146484375,264.0394592285156,264.6352233886719,265.1748962402344,265.4750061035156,265.4399719238281,265.10986328125
260.3545227050781,260.34637451171875,260.4283447265625,260.5814514160156,260.8074645996094,261.10382080078125,261.4367370605469,261.7532043457031,262.0232238769531,262.2646179199219,262.5182800292969,262.8005676269531,263.084228515625,263.3284606933594,263.5243835449219,263.70733642578125,263.9244384765625,264.19134521484375,264.47943115234375,264.74200439453125,264.950927734375,265.1099548339844,265.2376708984375,265.34002685546875,265.40045166015625,265.3973083496094,265.33282470703125,265.24810791015625,265.2088623046875,265.26849365234375,265.4323425292969,265.6443786621094,265.80615234375,265.82025146484375,265.64300537109375,265.32440185546875,265.0113830566406,264.8988342285156,265.1358337402344,265.7306213378906,266.514892578125,267.2057800292969,267.5421447753906,267.41900634765625
261.1105651855469,260.9184265136719,260.8727111816406,261.026611328125,261.47088623046875,262.22650146484375,263.1474914550781,263.96746826171875,264.4715576171875,264.634521484375,264.6019592285156,264.5555419921875,264.6010437011719,264.75921630859375,265.0171813964844,265.3582763671875,265.74810791015625,266.12188720703125,266.4093017578125,266.5809631347656,266.6687316894531,266.7388000488281,266.8403015136719,266.9713439941406,267.08685302734375,267.1376647949219,267.1112060546875,267.0447998046875,267.0055236816406,267.0537414550781,267.2144470214844,267.4691467285156,267.76080322265625,268.00164794921875,268.0899963378906,267.95281982421875,267.6097412109375,267.2117919921875,266.9992980957031,267.1744384765625,267.7625427246094,268.5657043457031,269.2549133300781,269.5471496582031
263.21380615234375,263.03399658203125,262.82037353515625,262.61865234375,262.66668701171875,263.17547607421875,264.06903076171875,264.9962158203125,265.61663818359375,265.8546447753906,265.8829345703125,265.91522216796875,266.0557556152344,266.3125305175781,266.6710510253906,267.1094055175781,267.5670166015625,267.9523620605469,268.2038269042969,268.33648681640625,268.4211730957031,268.5221862792969,268.6554260253906,268.7948303222656,268.9054260253906,268.9690856933594,268.99139404296875,268.9932861328125,268.9962463378906,269.00933837890625,269.03179931640625,269.0729064941406,269.16522216796875,269.337646484375,269.5573425292969,269.70599365234375,269.6484680175781,269.3609924316406,269.0037841796875,268.8511047363281,269.1152038574219,269.7947692871094,270.6575012207031,271.362548828125
265.6233825683594,265.53668212890625,265.3299255371094,264.9255676269531,264.5914306640625,264.6779479980469,265.2234802246094,265.917724609375,266.4467468261719,266.776611328125,267.0729064941406,267.44537353515625,267.8637390136719,268.2784423828125,268.7083740234375,269.1759033203125,269.62628173828125,269.9703674316406,270.1886291503906,270.34771728515625,270.513671875,270.6800231933594,270.7917175292969,270.8193359375,270.7899169921875,270.7526550292969,270.7335205078125,270.7302551269531,270.73480224609375,270.7386474609375,270.7187805175781,270.64788818359375,270.5423889160156,270.4844665527344,270.5577392578125,270.7452697753906,270.9153747558594,270.93572998046875,270.80853271484375,270.69439697265625,270.81207275390625,271.2999572753906,272.11883544921875,273.0339050292969
267.7117614746094,267.3761901855469,267.0973205566406,266.746337890625,266.4723815917969,266.5317077636719,266.9326171875,267.41717529296875,267.8002624511719,268.1669921875,268.6700439453125,269.2704772949219,269.8035888671875,270.2239074707031,270.6397705078125,271.1148986816406,271.5630187988281,271.8794250488281,272.0882263183594,272.2947082519531,272.5355224609375,272.7396240234375,272.82861328125,272.81072998046875,272.7612609863281,272.73248291015625,272.7040100097656,272.626953125,272.5054931640625,272.40679931640625,272.37408447265625,272.3572082519531,272.2715759277344,272.1213073730469,272.01568603515625,272.048095703125,272.1976318359375,272.3713073730469,272.5065612792969,272.61505126953125,272.7808532714844,273.15509033203125,273.8791198730469,274.9029541015625
270.06390380859375,269.3438415527344,268.904052734375,268.6971435546875,268.6721496582031,268.8468322753906,269.1606750488281,269.46185302734375,269.7254333496094,270.1194763183594,270.7417297363281,271.4273681640625,271.9557189941406,272.34088134765625,272.75775146484375,273.2483825683594,273.6730651855469,273.9384460449219,274.1167907714844,274.30657958984375,274.4927978515625,274.60198974609375,274.621337890625,274.6073303222656,274.6121826171875,274.63519287109375,274.62408447265625,274.5160217285156,274.310791015625,274.10296630859375,273.9930114746094,273.9620361328125,273.8949890136719,273.7402648925781,273.57611083984375,273.4964904785156,273.5154724121094,273.6258239746094,273.85528564453125,274.19403076171875,274.5711669921875,275.01580810546875,275.7394104003906,276.86956787109375
272.494873046875,271.69580078125,271.3418884277344,271.4095153808594,271.5947265625,271.7334289550781,271.8573303222656,272.01226806640625,272.2471618652344,272.66815185546875,273.294921875,273.94586181640625,274.4396667480469,274.82208251953125,275.2309265136719,275.64019775390625,275.92047119140625,276.0723571777344,276.2088623046875,276.3485107421875,276.4014892578125,276.3485412597656,276.2787170410156,276.2399597167969,276.18426513671875,276.08258056640625,275.9770812988281,275.8865051269531,275.766357421875,275.6048583984375,275.4583740234375,275.3455505371094,275.2091979980469,275.0372314453125,274.90875244140625,274.85443115234375,274.8104553222656,274.8111267089844,275.067138671875,275.6883850097656,276.4737854003906,277.1877746582031,277.9242248535156,278.92608642578125
274.6756896972656,274.0481262207031,273.95489501953125,274.2789306640625,274.5398864746094,274.5732116699219,274.6293640136719,274.88037109375,275.23468017578125,275.6103820800781,276.0300598144531,276.45367431640625,276.7966613769531,277.0799255371094,277.352783203125,277.55279541015625,277.624267578125,277.6636047363281,277.76898193359375,277.8595275878906,277.8146667480469,277.692626953125,277.6341552734375,277.6200866699219,277.50677490234375,277.2769775390625,277.0805969238281,277.00396728515625,276.9569396972656,276.8434753417969,276.6987609863281,276.5751953125,276.438720703125,276.28759765625,276.2245178222656,276.2744445800781,276.3092041015625,276.34698486328125,276.72894287109375,277.710205078125,279.0193176269531,280.1410827636719,280.9220886230469,281.5780944824219
277.0588073730469,276.7120056152344,276.7287902832031,276.9915466308594,277.1024475097656,277.0308532714844,277.1640625,277.6118469238281,278.0419006347656,278.2567443847656,278.4007263183594,278.5851745605469,278.7502746582031,278.8698425292969,278.9701843261719,279.0160217285156,278.9907531738281,278.9730224609375,278.99517822265625,278.9681701660156,278.8450622558594,278.7170104980469,278.6633605957031,278.6239013671875,278.5028076171875,278.32281494140625,278.1881103515625,278.1197814941406,278.0244445800781,277.8563537597656,277.7073059082031,277.6510009765625,277.60638427734375,277.49884033203125,277.4402160644531,277.55035400390625,277.74322509765625,277.9719543457031,278.53277587890625,279.7355651855469,281.3675537109375,282.87109375,283.94427490234375,284.60809326171875
279.5366516113281,279.52667236328125,279.48974609375,279.52520751953125,279.4735107421875,279.3567199707031,279.50115966796875,279.8916015625,280.1340026855469,280.1402587890625,280.17364501953125,280.3004455566406,280.366943359375,280.3570251464844,280.357421875,280.3572692871094,280.3182373046875,280.2503356933594,280.1374816894531,279.96807861328125,279.8080749511719,279.6949768066406,279.56121826171875,279.3717041015625,279.20220947265625,279.10675048828125,279.041259765625,278.9534912109375,278.8372802734375,278.712646484375,278.63690185546875,278.6602783203125,278.7110900878906,278.6710205078125,278.6105041503906,278.7293395996094,279.0421142578125,279.4356384277344,280.0386962890625,281.1185607910156,282.608154296875,284.16888427734375,285.61248779296875,286.79205322265625
