earth/public/data/atmosphere/W07/ANN-rh-isobaric-700hPa-gfs-1.0.json
{"header": {"discipline": 0, "disciplineName": "Meteorological products", "gribEdition": 2, "gribLength": 17922.0, "center": 0, "centerName": "Kiel Climate Model", "subcenter": 0, "refTime": "1", "significanceOfRT": 1, "significanceOfRTName": "Start of forecast", "productStatus": 0, "productStatusName": "Operational products", "productType": 1, "productTypeName": "Forecast products", "productDefinitionTemplate": 0, "productDefinitionTemplateName": "Analysis/forecast at horizontal level/layer at a point in time", "parameterCategory": 2, "parameterCategoryName": "Momentum", "parameterNumber": 2, "parameterNumberName": "U-component_of_wind", "parameterUnit": "%", "genProcessType": 2, "genProcessTypeName": "Forecast", "forecastTime": 0, "surface1Type": 103, "surface1TypeName": "Specified height level above ground", "surface1Value": 10, "surface2Type": 255, "surface2TypeName": "Missing", "surface2Value": 0, "gridDefinitionTemplate": 0, "gridDefinitionTemplateName": "Latitude_Longitude", "numberPoints": 65160, "shape": 6, "shapeName": "Earth spherical with radius of 6,371,229.0 m", "gridUnits": "degrees", "resolution": 48, "winds": "true", "scanMode": 0, "nx": 128.0, "ny": 64.0, "basicAngle": 0, "subDivisions": 0, "lo1": 0.0, "la1": 87.86379883923263, "lo2": 357.1875, "la2": -87.86379883923263, "dx": 2.8125, "dy": 2.7893269472772264}, "data":
[rows 0 to 18 of 64, columns 43 to 85 of 128]
0.7564247846603394,0.7570372819900513,0.7576569318771362,0.7582803964614868,0.7589045166969299,0.7595254778862,0.7601402401924133,0.7607454061508179,0.7613379955291748,0.7619150280952454,0.7624736428260803,0.76301109790802,0.7635256052017212,0.7640145421028137,0.7644761800765991,0.7649088501930237,0.7653110027313232,0.765681266784668,0.766018807888031,0.766322135925293,0.7665908336639404,0.7668237686157227,0.7670202851295471,0.7671797275543213,0.7673013210296631,0.7673845887184143,0.7674285769462585,0.7674328684806824,0.7673965692520142,0.7673190236091614,0.7671993970870972,0.767037034034729,0.76683109998703,0.7665809392929077,0.76628577709198,0.76594477891922,0.7655574679374695,0.7651234865188599,0.7646421194076538,0.7641133069992065,0.7635370492935181,0.7629135251045227,0.7622430324554443
0.7434333562850952,0.7444843649864197,0.7455182075500488,0.7465157508850098,0.7474592924118042,0.7483332753181458,0.7491247653961182,0.7498241066932678,0.7504252791404724,0.7509258985519409,0.7513266205787659,0.7516310214996338,0.7518459558486938,0.7519791126251221,0.7520399689674377,0.752038836479187,0.7519850134849548,0.7518879771232605,0.751756489276886,0.7515978217124939,0.7514185905456543,0.751224160194397,0.7510195374488831,0.7508087754249573,0.7505954504013062,0.7503830194473267,0.7501741647720337,0.7499711513519287,0.749775767326355,0.7495885491371155,0.7494091987609863,0.749235987663269,0.7490661144256592,0.748894989490509,0.7487172484397888,0.7485262751579285,0.7483147382736206,0.748075008392334,0.747799277305603,0.7474793195724487,0.7471076250076294,0.7466763257980347,0.746177077293396
0.7424160838127136,0.7429693937301636,0.7434362173080444,0.7437824606895447,0.7439756989479065,0.7439886927604675,0.7438027262687683,0.7434113621711731,0.7428227066993713,0.7420606017112732,0.7411633729934692,0.7401819825172424,0.7391742467880249,0.7382000088691711,0.737312376499176,0.7365534901618958,0.7359475493431091,0.7354987859725952,0.7351905107498169,0.7349887490272522,0.7348470687866211,0.7347133159637451,0.7345382571220398,0.7342824339866638,0.7339221835136414,0.7334522604942322,0.7328868508338928,0.7322558164596558,0.7316004037857056,0.7309667468070984,0.7303979396820068,0.729928731918335,0.729580283164978,0.7293582558631897,0.7292530536651611,0.7292426824569702,0.7292969822883606,0.729384183883667,0.7294758558273315,0.7295520305633545,0.7296048998832703,0.7296385765075684,0.7296680212020874
0.7398604154586792,0.7385959625244141,0.7375080585479736,0.7366129159927368,0.7358840107917786,0.735256016254425,0.7346377372741699,0.7339328527450562,0.7330635786056519,0.7319945096969604,0.7307499051094055,0.72942054271698,0.7281564474105835,0.7271457314491272,0.7265822887420654,0.7266277074813843,0.7273750305175781,0.7288243770599365,0.7308710813522339,0.7333150506019592,0.7358877062797546,0.738289475440979,0.7402380704879761,0.7415087819099426,0.7419686317443848,0.7415932416915894,0.7404656410217285,0.738758385181427,0.7367041110992432,0.7345566749572754,0.73255455493927,0.7308882474899292,0.7296785712242126,0.7289662957191467,0.7287161350250244,0.7288299202919006,0.7291699051856995,0.7295840978622437,0.7299341559410095,0.730118453502655,0.7300876379013062,0.7298519015312195,0.7294778823852539
0.7268174886703491,0.7231401801109314,0.7203189730644226,0.7185361385345459,0.7178351283073425,0.7181000709533691,0.7190592885017395,0.7203218340873718,0.7214447259902954,0.7220233678817749,0.721784234046936,0.720658004283905,0.7188101410865784,0.7166171073913574,0.7145888805389404,0.7132541537284851,0.713035523891449,0.7141450047492981,0.7165287733078003,0.7198710441589355,0.7236595153808594,0.7272897958755493,0.7301883697509766,0.7319209575653076,0.7322642803192139,0.7312287092208862,0.729032039642334,0.7260372042655945,0.7226711511611938,0.7193463444709778,0.7164029479026794,0.7140724062919617,0.7124729156494141,0.71161949634552,0.711447536945343,0.7118349075317383,0.7126248478889465,0.7136445045471191,0.7147233486175537,0.7157158851623535,0.7165219187736511,0.7171058058738708,0.7175037264823914
0.7221509218215942,0.7178901433944702,0.7143722772598267,0.7117441892623901,0.7101395130157471,0.7096160054206848,0.710075318813324,0.7112080454826355,0.7125043869018555,0.7133464217185974,0.7131660580635071,0.7116189002990723,0.7087118029594421,0.7048294544219971,0.7006446719169617,0.6969330310821533,0.6943514347076416,0.6932564377784729,0.693617045879364,0.6950479745864868,0.6969462037086487,0.6986825466156006,0.6997869610786438,0.7000679969787598,0.6996399760246277,0.6988497972488403,0.6981346607208252,0.6978541612625122,0.6981561183929443,0.6989179253578186,0.6997871398925781,0.7003085017204285,0.700093686580658,0.6989721655845642,0.6970673203468323,0.6947665810585022,0.6925992965698242,0.6910660266876221,0.6904867887496948,0.6909220218658447,0.6921929717063904,0.6939834356307983,0.6959742903709412
0.7354716658592224,0.7348033785820007,0.7339870929718018,0.7322286367416382,0.7291635870933533,0.7249097228050232,0.7199434041976929,0.7148626446723938,0.710150957107544,0.7060440182685852,0.7025517821311951,0.6996026039123535,0.697209358215332,0.6955500245094299,0.6949045658111572,0.6954790949821472,0.6972167491912842,0.6997104287147522,0.7022746801376343,0.7041553854942322,0.7047921419143677,0.7040278911590576,0.7021961212158203,0.7000657320022583,0.6986672878265381,0.699043869972229,0.7019678950309753,0.707679033279419,0.7157061100006104,0.7248495221138,0.733383297920227,0.7394706606864929,0.7416898012161255,0.7395026087760925,0.7334730625152588,0.7251298427581787,0.7164977788925171,0.7094630002975464,0.7052122950553894,0.7039452195167542,0.7049522995948792,0.7069981694221497,0.7088401317596436
0.7443553805351257,0.7477988004684448,0.7528594732284546,0.7576128244400024,0.7603139877319336,0.7598316669464111,0.7559097409248352,0.7491444945335388,0.740694522857666,0.7318885922431946,0.7239300608634949,0.7177911400794983,0.7142236232757568,0.7137188911437988,0.716334342956543,0.721464991569519,0.7277743816375732,0.7334495782852173,0.736752986907959,0.7366379499435425,0.7331211566925049,0.7272371053695679,0.7206348180770874,0.7150560617446899,0.7119565010070801,0.7123638391494751,0.7168822884559631,0.725649356842041,0.7381500005722046,0.7529875636100769,0.7678620219230652,0.7799756526947021,0.786845862865448,0.7872211933135986,0.7816433906555176,0.7723219394683838,0.7623170614242554,0.7543920874595642,0.750053882598877,0.7491816878318787,0.7503218054771423,0.7514246106147766,0.7506626844406128
0.7334721088409424,0.7327899932861328,0.7381903529167175,0.7491660714149475,0.7633494138717651,0.7772606611251831,0.7876651883125305,0.7927006483078003,0.7921755909919739,0.7871052026748657,0.7790452837944031,0.7697110176086426,0.7608845233917236,0.7542388439178467,0.7508187294006348,0.7503876686096191,0.7511911988258362,0.7505437135696411,0.7460829019546509,0.737017810344696,0.724614679813385,0.7116217017173767,0.7009868025779724,0.6946452260017395,0.6930589079856873,0.6956625580787659,0.7017585039138794,0.7111412882804871,0.7239681482315063,0.7399966716766357,0.757836103439331,0.7749165892601013,0.7883919477462769,0.7964906692504883,0.7994211912155151,0.7991623282432556,0.7982065677642822,0.798060953617096,0.798500120639801,0.7980188727378845,0.7950766682624817,0.7891626358032227,0.7809356451034546
0.7357355356216431,0.7252328991889954,0.7211571335792542,0.7269505858421326,0.7413880228996277,0.7594552040100098,0.7754845023155212,0.7860682606697083,0.7907520532608032,0.7906302809715271,0.7866551280021667,0.7792535424232483,0.7691740989685059,0.7581903338432312,0.748564600944519,0.7415809035301208,0.7364808320999146,0.7308462858200073,0.7222481966018677,0.709989607334137,0.6957491636276245,0.6827739477157593,0.6742143630981445,0.6716581583023071,0.6746914982795715,0.6816272735595703,0.6908055543899536,0.7015423774719238,0.7140749096870422,0.7286280393600464,0.744430661201477,0.7596217393875122,0.7723231315612793,0.7821399569511414,0.790799081325531,0.8010674715042114,0.8143772482872009,0.8288094401359558,0.8392235040664673,0.8399786353111267,0.8287167549133301,0.8085301518440247,0.7866664528846741
0.7720604538917542,0.7602053284645081,0.7497647404670715,0.7458842992782593,0.7473627924919128,0.7482305765151978,0.7435256242752075,0.7338772416114807,0.7246775031089783,0.7209388017654419,0.722935676574707,0.7264919877052307,0.7269887924194336,0.7229320406913757,0.716153621673584,0.7093640565872192,0.7038873434066772,0.6993612051010132,0.6948794722557068,0.6900428533554077,0.6851508021354675,0.6808772087097168,0.6779980659484863,0.6772750020027161,0.6792997121810913,0.6842738389968872,0.691900372505188,0.701456606388092,0.7118940949440002,0.7218595147132874,0.7298117876052856,0.7345637679100037,0.7362815141677856,0.7373827695846558,0.7423688769340515,0.755910336971283,0.7796187400817871,0.8093512058258057,0.8354290127754211,0.8468283414840698,0.8375540375709534,0.8111039400100708,0.779407262802124
0.7866547107696533,0.7812005877494812,0.7756754755973816,0.7732267379760742,0.7695395350456238,0.7557012438774109,0.72771817445755,0.6930875182151794,0.6667891144752502,0.6598331332206726,0.6711736917495728,0.6899891495704651,0.7048022747039795,0.710396409034729,0.7077947854995728,0.7002760171890259,0.6907471418380737,0.6818817257881165,0.6764836311340332,0.6761844754219055,0.679819643497467,0.6838748455047607,0.6851119995117188,0.6829825639724731,0.6797114610671997,0.6782863140106201,0.6802611947059631,0.6849151253700256,0.6899110674858093,0.6927122473716736,0.691931426525116,0.6880291700363159,0.6831346154212952,0.6803301572799683,0.6830193996429443,0.6944559812545776,0.7166702151298523,0.7483704090118408,0.783167839050293,0.8106571435928345,0.8212707042694092,0.8122149109840393,0.7898273468017578
0.7343002557754517,0.7297372817993164,0.7295911312103271,0.7367393970489502,0.7445585131645203,0.7394428849220276,0.7142733931541443,0.6785231232643127,0.6523110866546631,0.6493883728981018,0.6664983630180359,0.6888954639434814,0.7040402293205261,0.7088496685028076,0.7061641216278076,0.6985133290290833,0.6872009634971619,0.6752685904502869,0.6678323149681091,0.6681240797042847,0.6741729378700256,0.6804940104484558,0.6829648017883301,0.6816619634628296,0.6793896555900574,0.6784287691116333,0.6789417266845703,0.6796274781227112,0.6789807081222534,0.6761146783828735,0.6714318990707397,0.6670204997062683,0.6657124161720276,0.6688432693481445,0.6750674247741699,0.6823171973228455,0.6912740468978882,0.7060287594795227,0.7301441431045532,0.7616839408874512,0.7924536466598511,0.8125340342521667,0.816105306148529
0.6614744067192078,0.6560651659965515,0.6568351984024048,0.6696593165397644,0.6900315880775452,0.7023369073867798,0.6947143077850342,0.6727510690689087,0.6545913219451904,0.6525339484214783,0.6624701619148254,0.6718071103096008,0.6739322543144226,0.6719563603401184,0.670717179775238,0.6702067852020264,0.6682406067848206,0.66595059633255,0.6670796871185303,0.6724877953529358,0.678277313709259,0.6803379654884338,0.6791489720344543,0.678719699382782,0.6814309358596802,0.6853801608085632,0.6870607137680054,0.6854691505432129,0.682543933391571,0.6801508069038391,0.6782863140106201,0.6767784357070923,0.6771227121353149,0.6807175278663635,0.6856380701065063,0.6874302625656128,0.6844376921653748,0.6814553141593933,0.6867539882659912,0.7052423357963562,0.7343963384628296,0.765625,0.7885662317276001
0.619545042514801,0.6216378211975098,0.6261867880821228,0.6378529071807861,0.6556320786476135,0.6690173149108887,0.6678899526596069,0.6543018817901611,0.6404088139533997,0.6350952386856079,0.6363795399665833,0.637768030166626,0.6378639936447144,0.6401650309562683,0.6457675695419312,0.6513711214065552,0.6550161242485046,0.6593876481056213,0.6669790744781494,0.6748096346855164,0.6772093772888184,0.6730198860168457,0.6673855781555176,0.6660584211349487,0.6694228649139404,0.6727764010429382,0.6719098091125488,0.667763352394104,0.6651503443717957,0.6669214963912964,0.670501708984375,0.6712885499000549,0.6684962511062622,0.6654859185218811,0.6644218564033508,0.6631409525871277,0.6583943963050842,0.6504030823707581,0.6431387662887573,0.6417311429977417,0.6503985524177551,0.670153021812439,0.6957464814186096
0.5930904746055603,0.6029004454612732,0.6130424737930298,0.6187812685966492,0.6202791929244995,0.6192231178283691,0.6159604787826538,0.6107149720191956,0.6057214736938477,0.6044889688491821,0.6091440320014954,0.6195675730705261,0.6343759894371033,0.650544285774231,0.6628388166427612,0.6674088835716248,0.6665797233581543,0.6664406061172485,0.6688387393951416,0.6696422100067139,0.6660034656524658,0.6609331965446472,0.6585595607757568,0.6586578488349915,0.6583772897720337,0.6564021706581116,0.6531305313110352,0.6493358016014099,0.6466159224510193,0.6467088460922241,0.6485931873321533,0.6486765146255493,0.6454839110374451,0.6417008638381958,0.6399569511413574,0.6388896107673645,0.6347187757492065,0.6245431900024414,0.6079565286636353,0.5894959568977356,0.5803001523017883,0.591103196144104,0.6190453767776489
0.5570824146270752,0.5664159059524536,0.5787752270698547,0.5801939964294434,0.5707910656929016,0.563886284828186,0.5692418217658997,0.582112729549408,0.5923141837120056,0.5990628004074097,0.6098603010177612,0.6280338764190674,0.6487699151039124,0.6654655933380127,0.6744657158851624,0.6760030388832092,0.6742618083953857,0.6733115315437317,0.6713829636573792,0.6643239259719849,0.6549851298332214,0.6512385606765747,0.6533931493759155,0.6526945233345032,0.6451149582862854,0.6375455260276794,0.636118471622467,0.6368038058280945,0.6330422759056091,0.6257688403129578,0.6200003027915955,0.6168917417526245,0.6146432757377625,0.6129339933395386,0.6116552948951721,0.6084944009780884,0.6007922887802124,0.5865913033485413,0.5638971924781799,0.5360783338546753,0.5187168717384338,0.5296114683151245,0.5651269555091858
0.5225646495819092,0.5270288586616516,0.5388094782829285,0.5456575155258179,0.546928882598877,0.5550634860992432,0.5777842998504639,0.6040653586387634,0.6192053556442261,0.6268284320831299,0.6398465633392334,0.6572557687759399,0.667692244052887,0.6687878370285034,0.6668984889984131,0.6648336052894592,0.6623194813728333,0.6605045199394226,0.6573203206062317,0.6478332281112671,0.6346632242202759,0.6268340349197388,0.6244585514068604,0.6173721551895142,0.6029854416847229,0.5920115113258362,0.5909363627433777,0.5915988683700562,0.5852346420288086,0.5755643248558044,0.5699944496154785,0.5675148367881775,0.5633758902549744,0.5575591921806335,0.5514232516288757,0.5432382225990295,0.5321868062019348,0.5188207626342773,0.4988863468170166,0.46874314546585083,0.4412209391593933,0.4407409131526947,0.4723610281944275
0.5187265872955322,0.5134955048561096,0.5191048383712769,0.5360631346702576,0.5586436986923218,0.583289384841919,0.6096998453140259,0.6292356848716736,0.6351852416992188,0.6406185626983643,0.658578634262085,0.6760191917419434,0.6755959987640381,0.6654652953147888,0.66070955991745,0.6566345691680908,0.6441100239753723,0.6296343803405762,0.6210757493972778,0.613070011138916,0.6001070737838745,0.5870877504348755,0.5779283046722412,0.5683572888374329,0.5562689304351807,0.5465527772903442,0.5405849814414978,0.5324775576591492,0.5209789276123047,0.5138171315193176,0.5139812231063843,0.5129879713058472,0.5047868490219116,0.4945972263813019,0.4867921471595764,0.47693148255348206,0.4628869593143463,0.44930294156074524,0.43372777104377747,0.4052915871143341,0.3675629794597626,0.3465059995651245,0.36187809705734253
