earth/public/data/atmosphere/W07/ANN-precip-surface-level-gfs-1.0.json
{"header": {"discipline": 0, "disciplineName": "Meteorological products", "gribEdition": 2, "gribLength": 17922.0, "center": 0, "centerName": "Kiel Climate Model", "subcenter": 0, "refTime": "1", "significanceOfRT": 1, "significanceOfRTName": "Start of forecast", "productStatus": 0, "productStatusName": "Operational products", "productType": 1, "productTypeName": "Forecast products", "productDefinitionTemplate": 0, "productDefinitionTemplateName": "Analysis/forecast at horizontal level/layer at a point in time", "parameterCategory": 2, "parameterCategoryName": "Momentum", "parameterNumber": 2, "parameterNumberName": "U-component_of_wind", "parameterUnit": "mm/day", "genProcessType": 2, "genProcessTypeName": "Forecast", "forecastTime": 0, "surface1Type": 103, "surface1TypeName": "Specified height level above ground", "surface1Value": 10, "surface2Type": 255, "surface2TypeName": "Missing", "surface2Value": 0, "gridDefinitionTemplate": 0, "gridDefinitionTemplateName": "Latitude_Longitude", "numberPoints": 65160, "shape": 6, "shapeName": "Earth spherical with radius of 6,371,229.0 m", "gridUnits": "degrees", "resolution": 48, "winds": "true", "scanMode": 0, "nx": 128.0, "ny": 64.0, "basicAngle": 0, "subDivisions": 0, "lo1": 0.0, "la1": 87.86379883923263, "lo2": 357.1875, "la2": -87.86379883923263, "dx": 2.8125, "dy": 2.7893269472772264}, "data":
[rows 38 to 56 of 64, columns 43 to 85 of 128]
5.9536614418029785,2.622668981552124,2.4585540294647217,2.3518738746643066,1.7912805080413818,1.6798158884048462,1.997689962387085,1.8174155950546265,1.3393564224243164,1.3994097709655762,2.4294002056121826,2.4108753204345703,3.128563165664673,3.810452938079834,4.128658771514893,4.389171123504639,4.764092445373535,5.1937947273254395,5.502732753753662,5.335933208465576,5.21243953704834,5.309342384338379,5.382891654968262,5.588439464569092,5.994884014129639,6.189884185791016,6.157560348510742,6.329243183135986,6.634676933288574,6.778153896331787,6.690920352935791,6.422699451446533,6.476587295532227,6.751173973083496,6.330502510070801,5.5304646492004395,5.282535552978516,5.113647937774658,4.299582004547119,3.365435838699341,2.8969125747680664,2.6220436096191406,1.9902667999267578
1.5639524459838867,1.511777639389038,1.6421523094177246,2.0026769638061523,1.769700288772583,1.344039797782898,1.1441011428833008,1.2110389471054077,1.2754385471343994,1.585729956626892,2.647571086883545,1.9472662210464478,1.9099043607711792,2.4224627017974854,2.8749020099639893,3.0012896060943604,3.12969708442688,3.4346201419830322,3.7077503204345703,3.674199342727661,3.5358939170837402,3.5382461547851562,3.468698740005493,3.2277917861938477,3.2289164066314697,3.5331382751464844,3.7039954662323,3.6314401626586914,3.8736400604248047,4.396574020385742,4.537609100341797,4.249093055725098,4.389117240905762,4.8151655197143555,4.79751443862915,4.601665019989014,4.524616241455078,4.061817169189453,3.4578585624694824,3.2519850730895996,3.0727906227111816,2.415158271789551,1.7987662553787231
1.4614158868789673,1.4974455833435059,1.3670105934143066,1.4378390312194824,1.3078798055648804,1.0388060808181763,0.8566268086433411,1.0339094400405884,1.1830072402954102,1.2754056453704834,1.3096545934677124,2.445366621017456,2.0784530639648438,1.938609004020691,2.2129602432250977,2.508366346359253,2.6030755043029785,2.5225019454956055,2.5975985527038574,2.756251335144043,2.790504217147827,2.832973003387451,2.9107375144958496,2.8098080158233643,2.6515355110168457,2.7232816219329834,2.9432709217071533,2.8989062309265137,2.8202736377716064,3.1156084537506104,3.464106798171997,3.5687289237976074,3.6713037490844727,3.7983744144439697,3.841899871826172,3.977543592453003,4.0902204513549805,3.8038735389709473,3.5136194229125977,3.5032153129577637,3.232743263244629,2.4557912349700928,2.0470786094665527
1.2807345390319824,1.1567795276641846,0.9677632451057434,0.9490282535552979,0.8299484252929688,0.6991172432899475,0.6401128768920898,0.8074854016304016,0.9514655470848083,1.0632487535476685,1.2337251901626587,1.6544080972671509,2.9726624488830566,1.930415391921997,1.9874372482299805,2.4157869815826416,2.6081981658935547,2.4767682552337646,2.4973347187042236,2.6367011070251465,2.5620944499969482,2.4690935611724854,2.6137773990631104,2.738424301147461,2.6467878818511963,2.6060104370117188,2.8328425884246826,2.9312613010406494,2.740867853164673,2.748554229736328,2.9628865718841553,3.1708908081054688,3.3283016681671143,3.4205162525177,3.4045097827911377,3.5567054748535156,3.791023015975952,3.753654956817627,3.5788826942443848,3.5286500453948975,3.3769593238830566,3.0264947414398193,2.874091148376465
0.8201056718826294,0.7436306476593018,0.6835828423500061,0.6915559768676758,0.6456909775733948,0.5646446943283081,0.5595512986183167,0.6909705996513367,0.9269329905509949,1.148208498954773,1.437861442565918,1.869864583015442,3.372159004211426,2.1211910247802734,2.0790653228759766,2.3136119842529297,2.384075403213501,2.378635883331299,2.511941432952881,2.632307291030884,2.515673875808716,2.3097240924835205,2.384112596511841,2.5253500938415527,2.394638776779175,2.344900369644165,2.5505118370056152,2.6961679458618164,2.67855167388916,2.7622013092041016,2.8493812084198,2.8214833736419678,2.913768768310547,3.1427011489868164,3.2315149307250977,3.2894983291625977,3.436479091644287,3.4790358543395996,3.3073666095733643,3.3441526889801025,3.46574068069458,3.3795413970947266,3.248215675354004
0.6338192224502563,0.5957121253013611,0.5769105553627014,0.8729268908500671,0.9465460777282715,0.6618130207061768,0.6909862160682678,0.7542216777801514,1.0024070739746094,1.325655221939087,1.619741439819336,1.9032506942749023,3.4294471740722656,3.08415150642395,3.130586624145508,2.9730005264282227,2.6235339641571045,2.645132064819336,2.7274279594421387,2.8309452533721924,2.7594211101531982,2.5654706954956055,2.561159133911133,2.615748643875122,2.5267510414123535,2.548504114151001,2.5886757373809814,2.565894842147827,2.641672372817993,2.9298839569091797,2.9738199710845947,2.7590761184692383,2.8084566593170166,3.104012966156006,3.1736690998077393,3.110229730606079,3.278116226196289,3.463007926940918,3.386622428894043,3.411086082458496,3.524726152420044,3.394110679626465,3.062743663787842
1.8873039484024048,1.7140414714813232,1.3430509567260742,1.2260560989379883,1.3748812675476074,1.626535177230835,0.9617136120796204,0.9529680609703064,1.1574063301086426,1.4727647304534912,1.6849219799041748,2.989673137664795,3.8170886039733887,3.9801344871520996,4.0162672996521,3.46937894821167,2.967346668243408,3.178349256515503,2.989795684814453,2.955651044845581,3.093888521194458,3.3728177547454834,3.2222752571105957,2.941697120666504,2.875209331512451,2.9996397495269775,2.906034469604492,2.6413426399230957,2.6782004833221436,2.9390664100646973,2.9460270404815674,2.753453016281128,2.89736008644104,3.177945375442505,3.0918991565704346,2.896657705307007,3.121154546737671,3.3759164810180664,3.2530019283294678,3.2125091552734375,3.409318447113037,3.4066104888916016,3.09435772895813
2.0207431316375732,1.9775831699371338,1.8640536069869995,1.8252967596054077,1.9584184885025024,2.209395170211792,2.168444871902466,1.2589682340621948,1.4959421157836914,1.7765318155288696,2.1604950428009033,2.7615644931793213,3.1768510341644287,3.2893168926239014,3.136927604675293,2.702019214630127,2.754272222518921,3.4716787338256836,3.5532541275024414,3.1946229934692383,2.497987985610962,3.787365436553955,3.6051883697509766,3.1554574966430664,3.0431740283966064,3.1953582763671875,3.1091206073760986,2.8242428302764893,2.8508224487304688,3.000227212905884,2.923213481903076,2.81193470954895,3.053471565246582,3.245225429534912,3.0791842937469482,2.8996541500091553,3.174133062362671,3.3499860763549805,3.0550243854522705,2.9139108657836914,3.274805784225464,3.523744583129883,3.2892119884490967
2.1678855419158936,2.4010143280029297,2.576184034347534,2.580280303955078,2.502269744873047,2.432171106338501,2.4183642864227295,2.539618968963623,2.719271659851074,2.5013959407806396,2.2420222759246826,2.4631149768829346,2.687084197998047,2.9217934608459473,2.880574941635132,2.8113741874694824,3.301116466522217,3.9648778438568115,3.863192081451416,2.6573991775512695,3.1026551723480225,3.917797803878784,3.941892385482788,3.6199262142181396,3.5040204524993896,3.5083470344543457,3.443526029586792,3.341252326965332,3.4299094676971436,3.4282898902893066,3.242628335952759,3.108997344970703,3.2635912895202637,3.3069944381713867,3.1407392024993896,3.1302297115325928,3.503925323486328,3.596229076385498,3.250985622406006,3.076019048690796,3.4301486015319824,3.60054087638855,3.3096423149108887
2.8399579524993896,3.0087456703186035,3.123281478881836,2.9751627445220947,2.7425262928009033,2.6706416606903076,2.8643391132354736,3.1831681728363037,3.265514850616455,2.072514057159424,2.294619560241699,2.4083778858184814,2.8465120792388916,3.2456717491149902,3.401590585708618,3.669473171234131,4.253279209136963,4.413083553314209,3.0860729217529297,2.6338329315185547,2.4497058391571045,3.329477310180664,4.1095709800720215,4.347696781158447,4.2458415031433105,3.979738235473633,3.71872615814209,3.627854824066162,3.692791700363159,3.6247541904449463,3.412710189819336,3.3158509731292725,3.3980233669281006,3.3602240085601807,3.1781575679779053,3.1808342933654785,3.4475269317626953,3.50831937789917,3.338453769683838,3.3031325340270996,3.5555272102355957,3.5170295238494873,3.1633453369140625
3.379504680633545,3.3208460807800293,3.2910666465759277,3.2476589679718018,3.2338175773620605,3.29436993598938,3.3780922889709473,3.400627851486206,3.241157293319702,2.929198741912842,2.6599271297454834,2.7305564880371094,2.947341203689575,3.079164505004883,3.280482530593872,3.7941431999206543,4.388472080230713,3.482485771179199,3.1467061042785645,2.32051157951355,2.256403923034668,2.5729379653930664,3.08447265625,3.4314682483673096,3.4187612533569336,3.27166748046875,3.1870205402374268,3.277367353439331,3.3970258235931396,3.366389751434326,3.2691290378570557,3.326085090637207,3.5003786087036133,3.521476984024048,3.3478798866271973,3.1929166316986084,3.203007221221924,3.1802563667297363,3.1418657302856445,3.2688193321228027,3.5037035942077637,3.466047525405884,3.2326900959014893
3.6333601474761963,3.5453317165374756,3.623185157775879,3.8244519233703613,3.9275882244110107,3.789496898651123,3.471550226211548,3.225210428237915,3.221804141998291,3.4189329147338867,3.5523576736450195,3.4594686031341553,3.1973395347595215,2.9886062145233154,3.070985794067383,3.4235992431640625,3.710968017578125,3.403311252593994,2.763979196548462,2.541206121444702,2.689903497695923,2.9342360496520996,3.0251541137695312,2.9404141902923584,2.8505303859710693,2.927577018737793,3.1936440467834473,3.4773755073547363,3.549255609512329,3.414461612701416,3.2802062034606934,3.34600567817688,3.5092484951019287,3.5570833683013916,3.5069406032562256,3.4725706577301025,3.512012481689453,3.475527286529541,3.32647967338562,3.258391857147217,3.382796287536621,3.4964663982391357,3.433250665664673
3.3122646808624268,3.2725915908813477,3.3634233474731445,3.5285897254943848,3.576306104660034,3.3806915283203125,3.105684757232666,3.0151689052581787,3.212207317352295,3.5317156314849854,3.610814332962036,3.388131856918335,3.134052276611328,3.1050498485565186,3.3809127807617188,3.6313040256500244,3.356139898300171,2.8930790424346924,2.6738638877868652,2.8698890209198,3.2792136669158936,3.469403028488159,3.2714319229125977,2.994352102279663,2.9131340980529785,3.1208298206329346,3.4138169288635254,3.484881639480591,3.31152081489563,3.1032590866088867,3.032552719116211,3.118046283721924,3.163361072540283,3.080714225769043,3.0477113723754883,3.220477342605591,3.5051164627075195,3.575791597366333,3.349238872528076,3.0871708393096924,3.069962739944458,3.289250135421753,3.4276037216186523
2.9413866996765137,2.9036803245544434,2.887190103530884,2.9590964317321777,3.0682783126831055,3.167815923690796,3.2534735202789307,3.350443124771118,3.366516590118408,3.214785575866699,2.9403233528137207,2.6966700553894043,2.6515398025512695,2.843024253845215,3.258739471435547,3.5999865531921387,3.4238734245300293,3.0008506774902344,2.8283867835998535,2.9517745971679688,3.1308560371398926,3.1009843349456787,2.89719557762146,2.7520408630371094,2.823442220687866,3.0219509601593018,3.0719687938690186,2.8670809268951416,2.6223394870758057,2.5743556022644043,2.7996509075164795,3.083423137664795,3.071981430053711,2.8123490810394287,2.621065139770508,2.6848528385162354,2.9578347206115723,3.133035659790039,2.9950783252716064,2.7650229930877686,2.7531886100769043,3.043048858642578,3.3391525745391846
3.116321563720703,3.082350015640259,2.9914374351501465,2.942701816558838,2.968848705291748,3.068511962890625,3.209782600402832,3.301595687866211,3.268084764480591,3.0860278606414795,2.8454372882843018,2.7481939792633057,2.773756504058838,2.80865216255188,2.912158966064453,3.038861036300659,3.030679225921631,2.918677568435669,2.900958299636841,2.9197874069213867,2.818314552307129,2.613563060760498,2.450791358947754,2.5017099380493164,2.7696352005004883,3.020484209060669,3.0001935958862305,2.751723289489746,2.549961805343628,2.5836989879608154,2.869281768798828,3.1260533332824707,3.0406861305236816,2.7491981983184814,2.5518438816070557,2.585838794708252,2.8169965744018555,3.0090627670288086,2.970407009124756,2.811274766921997,2.7324957847595215,2.8453896045684814,3.0537071228027344
2.400660276412964,2.376746892929077,2.394318103790283,2.4511895179748535,2.5114355087280273,2.52899169921875,2.511143922805786,2.4972715377807617,2.523189067840576,2.5876951217651367,2.6919314861297607,2.858774185180664,2.9924087524414062,2.943420886993408,2.7748148441314697,2.6316614151000977,2.572842597961426,2.648468017578125,2.8272597789764404,2.9425747394561768,2.8744053840637207,2.6792678833007812,2.523959159851074,2.552239418029785,2.7398557662963867,2.902841329574585,2.8541293144226074,2.6616365909576416,2.4819517135620117,2.4145586490631104,2.4601190090179443,2.50940203666687,2.4412543773651123,2.3149948120117188,2.273679494857788,2.3864691257476807,2.5979342460632324,2.750398635864258,2.733764410018921,2.6063578128814697,2.4557292461395264,2.364448308944702,2.3547940254211426
1.778823971748352,1.784687876701355,1.9990708827972412,2.4054765701293945,2.8677613735198975,3.1572370529174805,3.146338701248169,2.8639159202575684,2.512895107269287,2.268040657043457,2.201427936553955,2.255162000656128,2.325749158859253,2.3398101329803467,2.28098201751709,2.1934871673583984,2.162630558013916,2.2368736267089844,2.3986475467681885,2.5334877967834473,2.551638126373291,2.4641177654266357,2.342146396636963,2.2828972339630127,2.28735613822937,2.296924114227295,2.258646249771118,2.1602957248687744,2.07399320602417,2.0283191204071045,2.041562795639038,2.0804574489593506,2.091790199279785,2.085394859313965,2.0735080242156982,2.08906626701355,2.135249376296997,2.1645796298980713,2.1758105754852295,2.1564602851867676,2.144439697265625,2.134556531906128,2.116603374481201
2.4402475357055664,2.350036144256592,2.549384593963623,3.035252094268799,3.6311190128326416,3.9900131225585938,4.054718017578125,3.755030632019043,3.2860000133514404,2.816848039627075,2.468980312347412,2.1348862648010254,1.9707931280136108,1.9376225471496582,1.9747377634048462,2.024339437484741,2.0710630416870117,2.095033645629883,2.132716417312622,2.1459319591522217,2.114086389541626,2.0772016048431396,2.01435923576355,2.007805347442627,2.030489921569824,2.047787666320801,2.0635619163513184,2.03696608543396,2.046520471572876,2.0812153816223145,2.160027503967285,2.2670540809631348,2.3072054386138916,2.3168609142303467,2.2521023750305176,2.141165256500244,2.0343732833862305,1.9436472654342651,1.9303553104400635,1.9851632118225098,2.097681760787964,2.228158473968506,2.2982254028320312
1.713805913925171,1.676859974861145,1.5989750623703003,1.5322211980819702,1.4889640808105469,1.4584345817565918,1.4468010663986206,1.429893136024475,1.4385333061218262,1.5528664588928223,2.360178232192993,2.1976747512817383,2.0398218631744385,2.0397403240203857,2.089984893798828,2.243959426879883,2.4083237648010254,2.5121943950653076,2.4141311645507812,2.2216150760650635,2.0125133991241455,1.895209550857544,1.7725005149841309,1.8169593811035156,1.9019323587417603,1.9758734703063965,2.05963397026062,1.998476505279541,1.9545633792877197,1.875859260559082,1.8069608211517334,1.790969967842102,1.741317629814148,1.7356159687042236,1.7043240070343018,1.6733500957489014,1.652031660079956,1.612892746925354,1.611600637435913,1.614831805229187,1.6417547464370728,1.681525707244873,1.6945267915725708
