earth/public/data/atmosphere/W07/ANN-temp-isobaric-10hPa-gfs-1.0.json
{"header": {"discipline": 0, "disciplineName": "Meteorological products", "gribEdition": 2, "gribLength": 17922.0, "center": 0, "centerName": "Kiel Climate Model", "subcenter": 0, "refTime": "1", "significanceOfRT": 1, "significanceOfRTName": "Start of forecast", "productStatus": 0, "productStatusName": "Operational products", "productType": 1, "productTypeName": "Forecast products", "productDefinitionTemplate": 0, "productDefinitionTemplateName": "Analysis/forecast at horizontal level/layer at a point in time", "parameterCategory": 2, "parameterCategoryName": "Momentum", "parameterNumber": 2, "parameterNumberName": "U-component_of_wind", "parameterUnit": "K", "genProcessType": 2, "genProcessTypeName": "Forecast", "forecastTime": 0, "surface1Type": 103, "surface1TypeName": "Specified height level above ground", "surface1Value": 10, "surface2Type": 255, "surface2TypeName": "Missing", "surface2Value": 0, "gridDefinitionTemplate": 0, "gridDefinitionTemplateName": "Latitude_Longitude", "numberPoints": 65160, "shape": 6, "shapeName": "Earth spherical with radius of 6,371,229.0 m", "gridUnits": "degrees", "resolution": 48, "winds": "true", "scanMode": 0, "nx": 128.0, "ny": 64.0, "basicAngle": 0, "subDivisions": 0, "lo1": 0.0, "la1": 87.86379883923263, "lo2": 357.1875, "la2": -87.86379883923263, "dx": 2.8125, "dy": 2.7893269472772264}, "data":
[rows 19 to 37 of 64, columns 0 to 43 of 128]
230.82484436035156,230.86151123046875,230.91322326660156,230.97085571289062,231.02967834472656,231.0872802734375,231.13873291015625,231.1820526123047,231.2225799560547,231.2680206298828,231.32276916503906,231.38534545898438,231.4463653564453,231.4940185546875,231.52664184570312,231.55349731445312,231.5816650390625,231.61386108398438,231.65907287597656,231.72763061523438,231.81515502929688,231.9082489013672,232.00204467773438,232.09727478027344,232.19039916992188,232.28419494628906,232.39260864257812,232.51905822753906,232.6490478515625,232.775146484375,232.90501403808594,233.0411376953125,233.18032836914062,233.32861328125,233.4845733642578,233.624755859375,233.74229431152344,233.87181091308594,234.0330047607422,234.18431091308594,234.28025817871094,234.33840942382812,234.4019012451172,234.47190856933594
232.03846740722656,232.06492614746094,232.09249877929688,232.1179656982422,232.1481170654297,232.18707275390625,232.22833251953125,232.26597595214844,232.3028106689453,232.34402465820312,232.3921356201172,232.44656372070312,232.49880981445312,232.53379821777344,232.5470733642578,232.55189514160156,232.56134033203125,232.5767364501953,232.599609375,232.6372833251953,232.6923828125,232.76316833496094,232.8485107421875,232.9366912841797,233.0076446533203,233.06643676757812,233.14540100097656,233.25146484375,233.3507843017578,233.42762756347656,233.5111083984375,233.6236572265625,233.75180053710938,233.8780975341797,233.99380493164062,234.08544921875,234.15847778320312,234.249755859375,234.36614990234375,234.4525909423828,234.47312927246094,234.4716796875,234.50033569335938,234.54441833496094
233.1363525390625,233.14724731445312,233.146728515625,233.1395721435547,233.14149475097656,233.16015625,233.1874237060547,233.21392822265625,233.23876953125,233.2635498046875,233.28831481933594,233.31460571289062,233.34100341796875,233.35986328125,233.36875915527344,233.37677001953125,233.3886260986328,233.39662170410156,233.3983154296875,233.40667724609375,233.43434143066406,233.48463439941406,233.5559539794922,233.63525390625,233.69923400878906,233.7461700439453,233.80323791503906,233.87777709960938,233.94032287597656,233.98194885253906,234.0376739501953,234.1271514892578,234.22662353515625,234.31410217285156,234.3858642578125,234.4319610595703,234.45448303222656,234.48731994628906,234.53976440429688,234.56533813476562,234.54095458984375,234.51605224609375,234.53147888183594,234.5581817626953
234.0043182373047,234.00811767578125,233.9958953857422,233.97647094726562,233.96475219726562,233.96786499023438,233.98095703125,233.99386596679688,233.99830627441406,233.99160766601562,233.9789581298828,233.97145080566406,233.9763641357422,233.99073791503906,234.0091552734375,234.031494140625,234.05392456054688,234.06260681152344,234.0520782470703,234.04039001464844,234.05056762695312,234.08668518066406,234.13931274414062,234.19837951660156,234.2525177001953,234.29425048828125,234.32960510253906,234.3657989501953,234.4001007080078,234.4370880126953,234.4905548095703,234.55392456054688,234.604736328125,234.64312744140625,234.6785888671875,234.69131469726562,234.66477966308594,234.62953186035156,234.61463928222656,234.5985870361328,234.56314086914062,234.53761291503906,234.54180908203125,234.5481414794922
234.59132385253906,234.6099853515625,234.60983276367188,234.59982299804688,234.58885192871094,234.58213806152344,234.58172607421875,234.58038330078125,234.56399536132812,234.52867126464844,234.4891357421875,234.4654541015625,234.4659423828125,234.48338317871094,234.50515747070312,234.52606201171875,234.54635620117188,234.55787658691406,234.54916381835938,234.530517578125,234.53091430664062,234.55938720703125,234.59535217285156,234.62350463867188,234.6479034423828,234.66860961914062,234.67837524414062,234.68536376953125,234.71090698242188,234.76168823242188,234.81732177734375,234.84805297851562,234.84762573242188,234.84217834472656,234.84768676757812,234.83583068847656,234.78001403808594,234.7078399658203,234.65921020507812,234.62796020507812,234.5932159423828,234.56436157226562,234.55345153808594,234.54769897460938
234.9280242919922,234.97857666015625,235.00062561035156,235.00440979003906,234.99949645996094,234.9905242919922,234.98121643066406,234.96658325195312,234.93511962890625,234.88897705078125,234.848388671875,234.8306884765625,234.83624267578125,234.85275268554688,234.86509704589844,234.8680419921875,234.8714141845703,234.87939453125,234.87586975097656,234.8549041748047,234.8446502685547,234.86495971679688,234.89028930664062,234.8922119140625,234.88067626953125,234.8717803955078,234.86245727539062,234.86099243164062,234.89059448242188,234.94473266601562,234.98260498046875,234.97793579101562,234.9441375732422,234.91043090820312,234.88526916503906,234.8487548828125,234.787841796875,234.72598266601562,234.69091796875,234.6719512939453,234.64356994628906,234.60955810546875,234.58993530273438,234.58653259277344
235.11256408691406,235.18463134765625,235.2157440185547,235.21929931640625,235.21383666992188,235.20501708984375,235.19049072265625,235.16624450683594,235.13143920898438,235.094970703125,235.0711669921875,235.06629943847656,235.07534790039062,235.088134765625,235.09169006347656,235.0789794921875,235.062255859375,235.05665588378906,235.05044555664062,235.02655029296875,235.004638671875,235.01217651367188,235.0297393798828,235.0205535888672,234.9884490966797,234.95895385742188,234.94210815429688,234.9473876953125,234.98403930664062,235.02806091308594,235.03892517089844,235.01043701171875,234.96597290039062,234.9197998046875,234.87144470214844,234.8192596435547,234.76724243164062,234.72947692871094,234.71778869628906,234.71888732910156,234.7064208984375,234.67860412597656,234.6576690673828,234.65390014648438
235.23951721191406,235.30255126953125,235.31956481933594,235.3049774169922,235.28472900390625,235.26467895507812,235.2377166748047,235.20828247070312,235.1896209716797,235.1833953857422,235.17977905273438,235.1752471923828,235.17721557617188,235.18862915039062,235.19515991210938,235.17897033691406,235.14662170410156,235.1225128173828,235.10943603515625,235.08837890625,235.06312561035156,235.05848693847656,235.0694122314453,235.06373596191406,235.03277587890625,234.9958953857422,234.9738006591797,234.98306274414062,235.02392578125,235.0635528564453,235.0673065185547,235.03726196289062,234.99305725097656,234.943359375,234.89495849609375,234.85659790039062,234.82508850097656,234.7957763671875,234.7783660888672,234.7786865234375,234.78102111816406,234.7691192626953,234.7467041015625,234.72561645507812
235.3300018310547,235.365966796875,235.35719299316406,235.31735229492188,235.27589416503906,235.23648071289062,235.191162109375,235.16087341308594,235.17335510253906,235.20999145507812,235.22235107421875,235.19845581054688,235.1754913330078,235.18336486816406,235.2034454345703,235.19577026367188,235.1539764404297,235.111328125,235.0900421142578,235.07481384277344,235.05166625976562,235.03518676757812,235.03619384765625,235.03761291503906,235.01962280273438,234.98439025878906,234.95401000976562,234.95498657226562,234.9925537109375,235.03973388671875,235.06405639648438,235.05393981933594,235.01626586914062,234.9706268310547,234.94277954101562,234.9400634765625,234.93954467773438,234.91799926757812,234.88436889648438,234.8665313720703,234.8723602294922,234.8793182373047,234.8616485595703,234.820068359375
235.35232543945312,235.3680419921875,235.34051513671875,235.28445434570312,235.23448181152344,235.1913604736328,235.1417694091797,235.11448669433594,235.1492462158203,235.2183380126953,235.24359130859375,235.19802856445312,235.14102172851562,235.1354217529297,235.16717529296875,235.17391967773438,235.131103515625,235.07546997070312,235.04391479492188,235.0261993408203,234.99566650390625,234.955810546875,234.9285430908203,234.91624450683594,234.89920043945312,234.865234375,234.8290252685547,234.81907653808594,234.84857177734375,234.90463256835938,234.95803833007812,234.97903442382812,234.96205139160156,234.93643188476562,234.93370056152344,234.95480346679688,234.97996520996094,234.98886108398438,234.97256469726562,234.94862365722656,234.94898986816406,234.9748992919922,234.98663330078125,234.95529174804688
235.29290771484375,235.29876708984375,235.27098083496094,235.22348022460938,235.19102478027344,235.17088317871094,235.13861083984375,235.11203002929688,235.13711547851562,235.2060089111328,235.24267578125,235.19821166992188,235.12158203125,235.09300231933594,235.11590576171875,235.12686157226562,235.09271240234375,235.04360961914062,235.01283264160156,234.98883056640625,234.94073486328125,234.86509704589844,234.78878784179688,234.73306274414062,234.69163513183594,234.6503448486328,234.61514282226562,234.60531616210938,234.63040161132812,234.6858673095703,234.75035095214844,234.79026794433594,234.7982635498047,234.80410766601562,234.8232421875,234.84591674804688,234.88055419921875,234.93389892578125,234.96849060058594,234.95730590820312,234.94300842285156,234.97967529296875,235.048828125,235.08184814453125
235.19650268554688,235.18618774414062,235.1714630126953,235.16046142578125,235.16848754882812,235.18385314941406,235.1743927001953,235.13946533203125,235.12603759765625,235.16334533691406,235.20327758789062,235.17909240722656,235.10618591308594,235.05538940429688,235.04635620117188,235.040771484375,235.01966857910156,235.00106811523438,234.99241638183594,234.97088623046875,234.9092254638672,234.80528259277344,234.68809509277344,234.5915985107422,234.5233154296875,234.47337341308594,234.44439697265625,234.4446563720703,234.4695587158203,234.5117950439453,234.55917358398438,234.58718872070312,234.5964813232422,234.6192169189453,234.6547393798828,234.677734375,234.713623046875,234.795166015625,234.8703155517578,234.870361328125,234.8332977294922,234.8656005859375,234.99575805664062,235.12623596191406
235.1566925048828,235.1129608154297,235.10174560546875,235.12828063964844,235.17510986328125,235.21682739257812,235.220947265625,235.17501831054688,235.12527465820312,235.12925720214844,235.16336059570312,235.1540985107422,235.09205627441406,235.02847290039062,234.98605346679688,234.95578002929688,234.9441375732422,234.9584503173828,234.97633361816406,234.9636688232422,234.90101623535156,234.79234313964844,234.66859436035156,234.56759643554688,234.49862670898438,234.4512176513672,234.4288330078125,234.4359130859375,234.45652770996094,234.47857666015625,234.49769592285156,234.49734497070312,234.48268127441406,234.4944610595703,234.53616333007812,234.56993103027344,234.6056365966797,234.6791229248047,234.7517852783203,234.75123596191406,234.70138549804688,234.7241668701172,234.8863067626953,235.08843994140625
235.23712158203125,235.1551971435547,235.1237030029297,235.15374755859375,235.20529174804688,235.24575805664062,235.24972534179688,235.20375061035156,235.15158081054688,235.15455627441406,235.1912841796875,235.18792724609375,235.13124084472656,235.06173706054688,234.9998321533203,234.95394897460938,234.94500732421875,234.9718017578125,234.9988250732422,234.99266052246094,234.94004821777344,234.8468780517578,234.74424743652344,234.668212890625,234.62164306640625,234.58749389648438,234.56845092773438,234.5710906982422,234.5795135498047,234.58303833007812,234.5829315185547,234.5638427734375,234.52577209472656,234.5140838623047,234.54954528808594,234.59368896484375,234.62594604492188,234.66583251953125,234.70484924316406,234.70272827148438,234.66812133789062,234.69215393066406,234.84620666503906,235.05453491210938
235.38116455078125,235.28257751464844,235.22605895996094,235.2310028076172,235.252685546875,235.26223754882812,235.25062561035156,235.2156524658203,235.19395446777344,235.22732543945312,235.283447265625,235.29376220703125,235.2476806640625,235.1779022216797,235.10614013671875,235.0528106689453,235.03990173339844,235.05902099609375,235.07786560058594,235.07286071777344,235.03390502929688,234.9652557373047,234.89517211914062,234.85389709472656,234.837646484375,234.8232421875,234.80845642089844,234.8022918701172,234.79791259765625,234.7896728515625,234.7790069580078,234.75039672851562,234.69845581054688,234.66357421875,234.67835998535156,234.7174835205078,234.74440002441406,234.7577362060547,234.76913452148438,234.775390625,234.77593994140625,234.81202697753906,234.9329833984375,235.09542846679688
235.4586944580078,235.3759307861328,235.31564331054688,235.30384826660156,235.2997283935547,235.2769317626953,235.24415588378906,235.21937561035156,235.22923278808594,235.2867889404297,235.3565216064453,235.38888549804688,235.3719024658203,235.31851196289062,235.24725341796875,235.18875122070312,235.1659393310547,235.16897583007812,235.17282104492188,235.16110229492188,235.12835693359375,235.08351135253906,235.05072021484375,235.04774475097656,235.06422424316406,235.07496643066406,235.07196044921875,235.06529235839844,235.0590362548828,235.0496063232422,235.0321502685547,234.99362182617188,234.93008422851562,234.87069702148438,234.84873962402344,234.86099243164062,234.8802032470703,234.889892578125,234.89804077148438,234.91847229003906,234.94857788085938,234.99307250976562,235.07492065429688,235.17556762695312
235.4156494140625,235.36549377441406,235.31869506835938,235.3097381591797,235.3082275390625,235.28302001953125,235.24600219726562,235.2277069091797,235.2463836669922,235.29638671875,235.35443115234375,235.39984130859375,235.41932678222656,235.4002227783203,235.34713745117188,235.291015625,235.25833129882812,235.24655151367188,235.23609924316406,235.2109375,235.17279052734375,235.142578125,235.14064025878906,235.16876220703125,235.21072387695312,235.2434844970703,235.25653076171875,235.2601776123047,235.2650146484375,235.26553344726562,235.2493438720703,235.2070770263672,235.13816833496094,235.05935668945312,234.99813842773438,234.97189331054688,234.97471618652344,234.9865264892578,235.00135803222656,235.0299835205078,235.06924438476562,235.10842895507812,235.15367126464844,235.1985626220703
235.31195068359375,235.289306640625,235.25457763671875,235.2467803955078,235.25485229492188,235.25035095214844,235.2342529296875,235.227294921875,235.23843383789062,235.2618408203125,235.29417419433594,235.33602905273438,235.37425231933594,235.38340759277344,235.35589599609375,235.31317138671875,235.2805938720703,235.2632598876953,235.2449493408203,235.20838928222656,235.1622314453125,235.13600158691406,235.14566040039062,235.18313598632812,235.231689453125,235.27293395996094,235.29684448242188,235.31277465820312,235.3313751220703,235.34426879882812,235.3360595703125,235.29989624023438,235.2360076904297,235.15335083007812,235.0732421875,235.01980590820312,235.00064086914062,235.0032501220703,235.017578125,235.04522705078125,235.07818603515625,235.10150146484375,235.11500549316406,235.1178436279297
235.2181396484375,235.20675659179688,235.17713928222656,235.15855407714844,235.1571044921875,235.163818359375,235.17434692382812,235.1851348876953,235.1890411376953,235.18798828125,235.19686889648438,235.22402954101562,235.2550811767578,235.26644897460938,235.25108337402344,235.22341918945312,235.2022247314453,235.19065856933594,235.1722412109375,235.13333129882812,235.08802795410156,235.0640869140625,235.07083129882812,235.09967041015625,235.1392822265625,235.176025390625,235.2017059326172,235.22415161132812,235.2504119873047,235.27047729492188,235.2698974609375,235.24168395996094,235.1857147216797,235.11160278320312,235.03765869140625,234.9801788330078,234.9461669921875,234.93475341796875,234.94346618652344,234.9672393798828,234.99061584472656,234.99708557128906,234.98594665527344,234.96224975585938
