earth/public/data/atmosphere/W07/ANN-temp-isobaric-850hPa-gfs-1.0.json
{"header": {"discipline": 0, "disciplineName": "Meteorological products", "gribEdition": 2, "gribLength": 17922.0, "center": 0, "centerName": "Kiel Climate Model", "subcenter": 0, "refTime": "1", "significanceOfRT": 1, "significanceOfRTName": "Start of forecast", "productStatus": 0, "productStatusName": "Operational products", "productType": 1, "productTypeName": "Forecast products", "productDefinitionTemplate": 0, "productDefinitionTemplateName": "Analysis/forecast at horizontal level/layer at a point in time", "parameterCategory": 2, "parameterCategoryName": "Momentum", "parameterNumber": 2, "parameterNumberName": "U-component_of_wind", "parameterUnit": "K", "genProcessType": 2, "genProcessTypeName": "Forecast", "forecastTime": 0, "surface1Type": 103, "surface1TypeName": "Specified height level above ground", "surface1Value": 10, "surface2Type": 255, "surface2TypeName": "Missing", "surface2Value": 0, "gridDefinitionTemplate": 0, "gridDefinitionTemplateName": "Latitude_Longitude", "numberPoints": 65160, "shape": 6, "shapeName": "Earth spherical with radius of 6,371,229.0 m", "gridUnits": "degrees", "resolution": 48, "winds": "true", "scanMode": 0, "nx": 128.0, "ny": 64.0, "basicAngle": 0, "subDivisions": 0, "lo1": 0.0, "la1": 87.86379883923263, "lo2": 357.1875, "la2": -87.86379883923263, "dx": 2.8125, "dy": 2.7893269472772264}, "data":
[rows 40 to 59 of 64, columns 0 to 43 of 128]
283.12103271484375,283.98406982421875,285.2214050292969,286.5899658203125,288.1710205078125,290.19921875,292.0142822265625,292.5776062011719,292.0094909667969,291.1064453125,289.89532470703125,288.19610595703125,286.70611572265625,286.1792297363281,286.35302734375,286.4320983886719,285.9854431152344,285.1817321777344,284.51104736328125,284.1977844238281,283.98040771484375,283.66546630859375,283.4056701660156,283.22833251953125,282.95245361328125,282.6393127441406,282.48150634765625,282.3918151855469,282.2301940917969,282.1018981933594,282.07843017578125,282.07794189453125,282.15478515625,282.41650390625,282.7681884765625,283.1692810058594,283.7892761230469,284.6345520019531,285.5484924316406,286.59716796875,287.8271484375,288.8648376464844,289.35809326171875,289.4726257324219
281.53448486328125,282.0113525390625,282.96710205078125,284.29632568359375,285.7793884277344,287.59869384765625,289.6654357910156,291.11981201171875,291.26800537109375,290.3133544921875,288.8194274902344,287.2386474609375,286.0175476074219,285.42974853515625,285.2919006347656,285.18365478515625,284.84124755859375,284.3008117675781,283.800048828125,283.48004150390625,283.2208557128906,282.8928527832031,282.5423583984375,282.2064208984375,281.8606262207031,281.57440185546875,281.39605712890625,281.2157287597656,281.0055236816406,280.9078063964844,280.9291687011719,280.94268798828125,280.9970397949219,281.1915588378906,281.42608642578125,281.66339111328125,282.09051513671875,282.77001953125,283.6119384765625,284.6997985839844,286.0344543457031,287.1317443847656,287.5158386230469,287.3616638183594
280.13427734375,280.29815673828125,280.860595703125,281.89764404296875,283.0772705078125,284.4542236328125,286.3114013671875,288.211181640625,289.16265869140625,288.7543640136719,287.4906005859375,286.1177062988281,285.0600891113281,284.392822265625,284.0116271972656,283.7471923828125,283.4393615722656,283.0439147949219,282.66259765625,282.37176513671875,282.1002502441406,281.7817687988281,281.4722595214844,281.2164306640625,280.9806213378906,280.7502746582031,280.519287109375,280.251220703125,279.9913024902344,279.8448181152344,279.773193359375,279.66357421875,279.57586669921875,279.6318664550781,279.791015625,280.0057067871094,280.3688659667969,280.92822265625,281.65692138671875,282.615966796875,283.74676513671875,284.62371826171875,284.8605041503906,284.6072692871094
278.9704284667969,278.98333740234375,279.1692199707031,279.7710266113281,280.58856201171875,281.5262145996094,282.8166809082031,284.36907958984375,285.52728271484375,285.77557373046875,285.2447509765625,284.38507080078125,283.52227783203125,282.8280944824219,282.3916320800781,282.153076171875,281.9355773925781,281.6543884277344,281.380615234375,281.1549072265625,280.90899658203125,280.6295166015625,280.4017639160156,280.23284912109375,280.02703857421875,279.76141357421875,279.5007019042969,279.26324462890625,279.0348815917969,278.8407287597656,278.68182373046875,278.5150146484375,278.35919189453125,278.2847900390625,278.3005065917969,278.382568359375,278.5592041015625,278.8775634765625,279.3800964355469,280.1042785644531,280.94635009765625,281.6044616699219,281.8554992675781,281.8003234863281
277.58782958984375,277.5893859863281,277.59503173828125,277.8505859375,278.3410949707031,278.9429626464844,279.6816101074219,280.54986572265625,281.3255310058594,281.7856750488281,281.90289306640625,281.738037109375,281.36175537109375,280.9383544921875,280.6639404296875,280.55303955078125,280.45220947265625,280.2864990234375,280.1199645996094,279.9711608886719,279.77008056640625,279.51837158203125,279.2942810058594,279.08612060546875,278.8149108886719,278.5162048339844,278.3020324707031,278.16424560546875,278.00341796875,277.8143615722656,277.6728515625,277.5850524902344,277.4918518066406,277.375,277.2606201171875,277.16357421875,277.0985412597656,277.1219482421875,277.3205261230469,277.7331237792969,278.2729797363281,278.7654724121094,279.0959167480469,279.2843322753906
276.1913757324219,276.1822204589844,276.16064453125,276.22418212890625,276.4170227050781,276.7279052734375,277.1524963378906,277.6440124511719,278.1025390625,278.48406982421875,278.8088684082031,279.03729248046875,279.0831298828125,278.972412109375,278.8409729003906,278.75244140625,278.655029296875,278.5259094238281,278.4140319824219,278.3260803222656,278.2090759277344,278.05987548828125,277.9241943359375,277.79010009765625,277.6128845214844,277.4262390136719,277.2926025390625,277.1708679199219,276.9735412597656,276.7226867675781,276.5146179199219,276.3651123046875,276.21563720703125,276.0591735839844,275.945068359375,275.8841552734375,275.8452453613281,275.83343505859375,275.89892578125,276.0690612792969,276.31695556640625,276.5901794433594,276.83465576171875,277.00390625
274.87786865234375,274.8135986328125,274.7972106933594,274.80029296875,274.7983093261719,274.859130859375,275.0880432128906,275.46826171875,275.8544006347656,276.1463928222656,276.3662109375,276.5413818359375,276.63262939453125,276.62213134765625,276.57196044921875,276.5421142578125,276.52337646484375,276.4890441894531,276.4446716308594,276.3966369628906,276.3328857421875,276.2574157714844,276.1920471191406,276.1338806152344,276.0597839355469,275.96832275390625,275.8676452636719,275.74005126953125,275.5714111328125,275.388916015625,275.2174377441406,275.0343933105469,274.823974609375,274.63360595703125,274.5168151855469,274.4594421386719,274.4172668457031,274.3865966796875,274.3876953125,274.4209899902344,274.4893493652344,274.61578369140625,274.7850646972656,274.9167175292969
273.10797119140625,273.0383605957031,273.05438232421875,273.11737060546875,273.1216735839844,273.0738830566406,273.1017761230469,273.2752380371094,273.5148620605469,273.7090148925781,273.836669921875,273.9333190917969,274.0127868652344,274.08074951171875,274.1712951660156,274.306396484375,274.446044921875,274.52545166015625,274.52557373046875,274.4752197265625,274.4006042480469,274.30499267578125,274.18804931640625,274.0595397949219,273.9310302734375,273.80755615234375,273.6934814453125,273.6069641113281,273.5755615234375,273.6007080078125,273.6329345703125,273.6128845214844,273.5357360839844,273.439453125,273.3326110839844,273.1875,273.0139465332031,272.87689208984375,272.81451416015625,272.7989807128906,272.81280517578125,272.89886474609375,273.0823669433594,273.2965087890625
271.099365234375,271.07171630859375,271.09869384765625,271.2033386230469,271.2975769042969,271.3068542480469,271.26287841796875,271.2479248046875,271.3021240234375,271.4159240722656,271.5693664550781,271.7384033203125,271.8906555175781,272.01177978515625,272.1200866699219,272.2269287109375,272.30194091796875,272.308837890625,272.26373291015625,272.2228698730469,272.21148681640625,272.19635009765625,272.1355895996094,272.03045654296875,271.9129638671875,271.8037109375,271.70599365234375,271.6326904296875,271.6060485839844,271.6221618652344,271.6421203613281,271.638427734375,271.62799072265625,271.6324768066406,271.6292419433594,271.5851745605469,271.52740478515625,271.525390625,271.5938415527344,271.6670837402344,271.6949768066406,271.7164611816406,271.8008728027344,271.9518127441406
269.210205078125,269.2070617675781,269.1923522949219,269.2362365722656,269.345703125,269.4648742675781,269.5431823730469,269.5812072753906,269.6191101074219,269.6979064941406,269.8250427246094,269.9649658203125,270.06781005859375,270.1145324707031,270.12652587890625,270.128662109375,270.11981201171875,270.0950012207031,270.07867431640625,270.1070556640625,270.17681884765625,270.236083984375,270.2379455566406,270.18597412109375,270.1156921386719,270.0472717285156,269.97607421875,269.9010314941406,269.8348083496094,269.7812805175781,269.7268371582031,269.6672668457031,269.62591552734375,269.6263732910156,269.66119384765625,269.7102355957031,269.7808837890625,269.8987121582031,270.0558776855469,270.2001037597656,270.2898254394531,270.3395690917969,270.39495849609375,270.4820556640625
267.16998291015625,267.2041015625,267.2090148925781,267.2275390625,267.31231689453125,267.46533203125,267.63702392578125,267.77325439453125,267.85772705078125,267.91192626953125,267.962890625,268.0184326171875,268.0747985839844,268.13946533203125,268.23236083984375,268.3608093261719,268.503173828125,268.6252746582031,268.70745849609375,268.746826171875,268.74017333984375,268.68035888671875,268.5733642578125,268.4447021484375,268.31854248046875,268.19830322265625,268.08001708984375,267.9807434082031,267.9364318847656,267.96710205078125,268.05322265625,268.154052734375,268.24151611328125,268.30853271484375,268.3526306152344,268.3686828613281,268.36114501953125,268.3539123535156,268.38201904296875,268.4745788574219,268.6426086425781,268.87152099609375,269.1224670410156,269.353515625
265.43670654296875,265.5199279785156,265.60845947265625,265.6808776855469,265.755615234375,265.85394287109375,265.971435546875,266.0859375,266.1851806640625,266.2786560058594,266.38458251953125,266.5107421875,266.65155029296875,266.79901123046875,266.9488830566406,267.09429931640625,267.2184143066406,267.29913330078125,267.32269287109375,267.2924499511719,267.2276306152344,267.1563415527344,267.10308837890625,267.0720520019531,267.0371398925781,266.9566955566406,266.8114318847656,266.63201904296875,266.4842224121094,266.4212646484375,266.44879150390625,266.5345458984375,266.6457824707031,266.7713623046875,266.9114685058594,267.0562744140625,267.18499755859375,267.28765869140625,267.3847351074219,267.51959228515625,267.72503662109375,267.99169921875,268.27008056640625,268.50799560546875
264.3164978027344,264.3898620605469,264.4842529296875,264.5690002441406,264.64117431640625,264.71734619140625,264.81414794921875,264.9393310546875,265.0946044921875,265.2776794433594,265.47650146484375,265.66387939453125,265.8038024902344,265.8696594238281,265.8599548339844,265.7991943359375,265.72357177734375,265.662841796875,265.63067626953125,265.62744140625,265.6505126953125,265.7007751464844,265.77789306640625,265.8676452636719,265.9361877441406,265.94305419921875,265.8674621582031,265.7242126464844,265.5526428222656,265.3876647949219,265.2422790527344,265.1181945800781,265.0313415527344,265.02056884765625,265.12591552734375,265.35516357421875,265.67010498046875,266.00567626953125,266.3060302734375,266.5467834472656,266.7315979003906,266.8744812011719,266.9900207519531,267.0965576171875
263.0813903808594,263.1073913574219,263.14337158203125,263.20513916015625,263.30853271484375,263.45855712890625,263.6434326171875,263.84002685546875,264.02593994140625,264.18804931640625,264.32177734375,264.42510986328125,264.496337890625,264.53924560546875,264.5689392089844,264.6097412109375,264.682373046875,264.7877197265625,264.8997497558594,264.9748840332031,264.9733581542969,264.879638671875,264.7090148925781,264.49884033203125,264.2929382324219,264.12969970703125,264.0373840332031,264.031005859375,264.10650634765625,264.2359313964844,264.3741760253906,264.4790954589844,264.53466796875,264.5595703125,264.5925598144531,264.6663513183594,264.78863525390625,264.9435729980469,265.1081848144531,265.26983642578125,265.4316711425781,265.607177734375,265.8103942871094,266.0485534667969
262.0894775390625,262.1213073730469,262.16656494140625,262.2636413574219,262.42913818359375,262.64459228515625,262.86395263671875,263.0379638671875,263.140869140625,263.1841125488281,263.20843505859375,263.2611083984375,263.3713684082031,263.53765869140625,263.73101806640625,263.9090576171875,264.0321960449219,264.074951171875,264.0306091308594,263.9102783203125,263.7383117675781,263.5442199707031,263.3536071777344,263.18109130859375,263.0302429199219,262.9013671875,262.80230712890625,262.7542724609375,262.7864990234375,262.92156982421875,263.15997314453125,263.47314453125,263.8096923828125,264.1107482910156,264.3285827636719,264.4419250488281,264.4637145996094,264.43951416015625,264.4346008300781,264.5122375488281,264.7091979980469,265.01898193359375,265.39068603515625,265.745849609375
261.5647277832031,261.6307678222656,261.73699951171875,261.8949890136719,262.0920104980469,262.2931213378906,262.458251953125,262.5653076171875,262.624755859375,262.6746826171875,262.7555847167969,262.8770751953125,262.99530029296875,263.0157165527344,262.8255615234375,262.34405517578125,261.5696105957031,260.60272216796875,259.631591796875,258.8827209472656,258.5507507324219,258.7327575683594,259.38983154296875,260.3521423339844,261.3675537109375,262.1788330078125,262.6022644042969,262.5799865722656,262.1875305175781,261.5957336425781,261.0040588378906,260.57208251953125,260.3747863769531,260.3957214355469,260.5559387207031,260.76220703125,260.95208740234375,261.1161193847656,261.2894592285156,261.51849365234375,261.82080078125,262.1594543457031,262.4457702636719,262.57220458984375
259.55609130859375,259.4881286621094,259.5010986328125,259.57354736328125,259.6728210449219,259.7706604003906,259.858642578125,259.9540710449219,260.09014892578125,260.2900695800781,260.5343017578125,260.7366943359375,260.74517822265625,260.3754577636719,259.47216796875,257.97930908203125,255.99282836914062,253.7720947265625,251.6974334716797,250.1815948486328,249.55831909179688,249.9835968017578,251.38125610351562,253.4536895751953,255.75576782226562,257.8100891113281,259.2281494140625,259.7995910644531,259.5249938964844,258.5863952636719,257.27142333984375,255.88064575195312,254.65057373046875,253.71372985839844,253.10177612304688,252.77972412109375,252.68995666503906,252.78408813476562,253.0309295654297,253.4019775390625,253.8475799560547,254.28208923339844,254.5906219482422,254.65989685058594
255.68478393554688,255.2473907470703,254.91427612304688,254.65565490722656,254.4434814453125,254.266845703125,254.13864135742188,254.08905029296875,254.1455078125,254.30519104003906,254.51016235351562,254.6378936767578,254.515869140625,253.96182250976562,252.84112548828125,251.1245574951172,248.92678833007812,246.50823974609375,244.23451232910156,242.49981689453125,241.63357543945312,241.81646728515625,243.0304412841797,245.0575714111328,247.52902221679688,250.00938415527344,252.09242248535156,253.48182678222656,254.0370330810547,253.7764892578125,252.8441162109375,251.45497131347656,249.8394775390625,248.2020263671875,246.70086669921875,245.44699096679688,244.5126953125,243.9394989013672,243.73855590820312,243.88363647460938,244.30291748046875,244.8780059814453,245.45738220214844,245.88424682617188
251.9268035888672,251.2388153076172,250.62078857421875,250.04757690429688,249.50131225585938,248.9798126220703,248.49813842773438,248.08120727539062,247.7496795654297,247.50302124023438,247.30674743652344,247.0894317626953,246.75299072265625,246.19656372070312,245.34764099121094,244.1927490234375,242.79734802246094,241.30740356445312,239.9294891357422,238.8925018310547,238.3994140625,238.5812530517578,239.46470642089844,240.9617462158203,242.88345336914062,244.9742431640625,246.95716857910156,248.58001708984375,249.65167236328125,250.06361389160156,249.79473876953125,248.9024200439453,247.50558471679688,245.76416015625,243.859375,241.97569274902344,240.28404235839844,238.9258575439453,237.99755859375,237.53793334960938,237.5211181640625,237.85890197753906,238.4141082763672,239.0242919921875
248.48345947265625,247.94454956054688,247.41802978515625,246.87757873535156,246.3045196533203,245.69195556640625,245.04537963867188,244.37973022460938,243.71368408203125,243.0629425048828,242.43487548828125,241.82618713378906,241.22537231445312,240.61895751953125,240.0005340576172,239.37986755371094,238.78887939453125,238.2823486328125,237.9318084716797,237.8140106201172,237.99497985839844,238.51412963867188,239.37142944335938,240.52073669433594,241.87094116210938,243.29495239257812,244.64498901367188,245.7708740234375,246.53924560546875,246.8498992919922,246.647705078125,245.92880249023438,244.7408447265625,243.1772918701172,241.36729431152344,239.46136474609375,237.614990234375,235.9713134765625,234.6452178955078,233.71067810058594,233.19354248046875,233.0711212158203,233.2787322998047,233.7227783203125
