earth/public/data/atmosphere/W07/ANN-wind-isobaric-1000hPa-gfs-1.0.json
{"header": {"discipline": 0, "disciplineName": "Meteorological products", "gribEdition": 2, "gribLength": 17922.0, "center": 0, "centerName": "Kiel Climate Model", "subcenter": 0, "refTime": "1", "significanceOfRT": 1, "significanceOfRTName": "Start of forecast", "productStatus": 0, "productStatusName": "Operational products", "productType": 1, "productTypeName": "Forecast products", "productDefinitionTemplate": 0, "productDefinitionTemplateName": "Analysis/forecast at horizontal level/layer at a point in time", "parameterCategory": 2, "parameterCategoryName": "Momentum", "parameterNumber": 2, "parameterNumberName": "U-component_of_wind", "parameterUnit": "m/s", "genProcessType": 2, "genProcessTypeName": "Forecast", "forecastTime": 0, "surface1Type": 103, "surface1TypeName": "Specified height level above ground", "surface1Value": 10, "surface2Type": 255, "surface2TypeName": "Missing", "surface2Value": 0, "gridDefinitionTemplate": 0, "gridDefinitionTemplateName": "Latitude_Longitude", "numberPoints": 65160, "shape": 6, "shapeName": "Earth spherical with radius of 6,371,229.0 m", "gridUnits": "degrees", "resolution": 48, "winds": "true", "scanMode": 0, "nx": 128.0, "ny": 64.0, "basicAngle": 0, "subDivisions": 0, "lo1": 0.0, "la1": 87.86379883923263, "lo2": 357.1875, "la2": -87.86379883923263, "dx": 2.8125, "dy": 2.7893269472772264}, "data":
[rows 38 to 56 of 64, columns 0 to 42 of 128]
-6.331319332122803,-5.542262554168701,-4.715689182281494,-2.975679397583008,-0.7557445168495178,0.06970348954200745,-0.8727669715881348,-1.992384672164917,-2.638763189315796,-3.2857232093811035,-3.5143871307373047,-3.0882415771484375,-3.036207675933838,-3.208599090576172,-2.267819881439209,-1.2710673809051514,-2.5495314598083496,-5.198526382446289,-6.6209564208984375,-6.976661205291748,-7.7527689933776855,-8.591214179992676,-8.767067909240723,-8.834678649902344,-9.140851974487305,-9.321574211120605,-9.382017135620117,-9.4422607421875,-9.309971809387207,-9.105721473693848,-9.094934463500977,-9.05530834197998,-8.776930809020996,-8.437445640563965,-8.041045188903809,-7.380344390869141,-6.528363227844238,-5.680705547332764,-4.780850887298584,-3.7407212257385254,-2.7815310955047607,-2.1872785091400146,-1.8196039199829102
-6.981881618499756,-6.292483329772949,-5.5838189125061035,-4.221854209899902,-1.9530643224716187,-0.20414294302463531,-0.34099718928337097,-1.6800549030303955,-2.7708263397216797,-3.1480376720428467,-3.0452542304992676,-2.9937031269073486,-3.4309136867523193,-3.6512553691864014,-2.786982774734497,-2.038459539413452,-3.116950511932373,-5.116135120391846,-6.155644416809082,-6.556578636169434,-7.393847465515137,-8.200676918029785,-8.410317420959473,-8.575966835021973,-8.935550689697266,-9.028274536132812,-8.878621101379395,-8.845649719238281,-8.870197296142578,-8.829136848449707,-8.7979097366333,-8.727508544921875,-8.556046485900879,-8.357848167419434,-8.048285484313965,-7.467299461364746,-6.750557899475098,-6.0790696144104,-5.24959659576416,-3.9995181560516357,-2.643930673599243,-1.8895677328109741,-1.914087176322937
-6.752683639526367,-6.325170040130615,-5.8249616622924805,-4.975576877593994,-3.0462398529052734,-0.774345338344574,-0.008077293634414673,-0.9264168739318848,-1.8239437341690063,-1.7822130918502808,-1.6050828695297241,-2.137766122817993,-3.0327587127685547,-3.393308401107788,-3.1799635887145996,-3.3822593688964844,-4.400876045227051,-5.280426502227783,-5.417243957519531,-5.566132068634033,-6.222023010253906,-6.78923225402832,-7.00547981262207,-7.319705009460449,-7.694977283477783,-7.725002288818359,-7.609100341796875,-7.725803375244141,-7.900061130523682,-7.869295597076416,-7.725554943084717,-7.590037822723389,-7.45017671585083,-7.288190841674805,-7.054762840270996,-6.715410232543945,-6.345950603485107,-5.911708831787109,-5.1009416580200195,-3.743527889251709,-2.3538990020751953,-1.8307572603225708,-2.3862783908843994
-5.40380334854126,-5.336277484893799,-5.274988651275635,-5.202000141143799,-4.098808288574219,-1.8760192394256592,-0.19294415414333344,0.043902862817049026,-0.11200892925262451,0.042858753353357315,-0.3383246064186096,-1.672440767288208,-2.8909332752227783,-3.217885732650757,-3.3586463928222656,-4.082722187042236,-4.8540802001953125,-4.835766792297363,-4.373597621917725,-4.3567728996276855,-4.75468111038208,-4.965831756591797,-5.006309509277344,-5.213505268096924,-5.4311041831970215,-5.44434928894043,-5.499850749969482,-5.738522529602051,-5.868505477905273,-5.741127014160156,-5.568526268005371,-5.492383003234863,-5.44325590133667,-5.34423828125,-5.1806721687316895,-4.996012210845947,-4.844132423400879,-4.608304977416992,-4.012572288513184,-3.024785280227661,-2.1510794162750244,-2.0457777976989746,-2.716984987258911
-2.873380422592163,-3.0574355125427246,-3.3430991172790527,-3.975445508956909,-3.9785358905792236,-2.57020902633667,-0.721140444278717,0.3163464665412903,0.6231938004493713,0.5102778673171997,-0.408305287361145,-1.940613031387329,-2.902878761291504,-2.8823070526123047,-2.8286685943603516,-3.285736322402954,-3.5535778999328613,-3.137138843536377,-2.631929874420166,-2.6065855026245117,-2.767639636993408,-2.7359824180603027,-2.6664016246795654,-2.7084035873413086,-2.701969623565674,-2.6352760791778564,-2.6825203895568848,-2.764169931411743,-2.6752684116363525,-2.498112678527832,-2.4257075786590576,-2.443148374557495,-2.4673233032226562,-2.487104892730713,-2.461702346801758,-2.36970853805542,-2.300173759460449,-2.2716853618621826,-2.1421680450439453,-1.8879865407943726,-1.7675739526748657,-2.004070520401001,-2.424762010574341
0.3394237756729126,0.07520381361246109,-0.22131696343421936,-1.0961887836456299,-2.0029397010803223,-1.9078596830368042,-0.9619455337524414,-0.15970684587955475,0.07047310471534729,-0.16647613048553467,-0.813692033290863,-1.5292385816574097,-1.6852138042449951,-1.2906256914138794,-1.021813988685608,-1.0853931903839111,-1.0095503330230713,-0.6297118663787842,-0.30921196937561035,-0.18038879334926605,-0.029478782787919044,0.1476401835680008,0.19714036583900452,0.22397571802139282,0.3790362477302551,0.533180832862854,0.5978586077690125,0.7511675953865051,1.033067226409912,1.2078907489776611,1.2129324674606323,1.2311699390411377,1.2777754068374634,1.2145261764526367,1.0938133001327515,1.044291615486145,0.9830737113952637,0.7870756983757019,0.5172080993652344,0.22895465791225433,-0.16233083605766296,-0.6367453336715698,-0.9616111516952515
3.5784366130828857,3.2801151275634766,3.1040191650390625,2.408296585083008,1.2473196983337402,0.43790850043296814,0.3349877595901489,0.5035099387168884,0.5374208688735962,0.44399523735046387,0.3661125898361206,0.4432210624217987,0.7471044659614563,1.1151877641677856,1.3221482038497925,1.4244329929351807,1.601116418838501,1.819636344909668,2.0179290771484375,2.3268299102783203,2.764021396636963,3.0812418460845947,3.2081899642944336,3.402482032775879,3.745950698852539,4.009204387664795,4.153774738311768,4.400975227355957,4.731838703155518,4.895618915557861,4.910423278808594,5.003840446472168,5.142050266265869,5.121240615844727,4.969322681427002,4.826597213745117,4.640411376953125,4.317346572875977,3.924179792404175,3.495399236679077,2.934335470199585,2.281498670578003,1.7761732339859009
6.548470973968506,6.259684085845947,6.139828681945801,5.770949840545654,4.984097003936768,4.162052631378174,3.6743147373199463,3.47278094291687,3.344076156616211,3.2084925174713135,3.0979011058807373,3.051117181777954,3.078399658203125,3.176779270172119,3.3777077198028564,3.7008275985717773,4.0315632820129395,4.226020812988281,4.373691082000732,4.691534996032715,5.138615608215332,5.481330394744873,5.738127708435059,6.140322208404541,6.660867691040039,7.039263725280762,7.254143714904785,7.511150360107422,7.8113579750061035,7.980949401855469,8.048583030700684,8.174721717834473,8.31640338897705,8.32403564453125,8.221478462219238,8.09350299835205,7.887543678283691,7.561539649963379,7.201828956604004,6.820579528808594,6.296109676361084,5.64863395690918,5.101064205169678
8.818281173706055,8.665539741516113,8.59426498413086,8.495340347290039,8.215450286865234,7.773632049560547,7.316173076629639,6.941767692565918,6.625781536102295,6.27308988571167,5.834554672241211,5.392917633056641,5.125227928161621,5.175209045410156,5.546525478363037,6.066434860229492,6.471520900726318,6.635985374450684,6.706770420074463,6.896200180053711,7.19771146774292,7.476231098175049,7.749475955963135,8.136474609375,8.596504211425781,8.980329513549805,9.282422065734863,9.596397399902344,9.896703720092773,10.09977912902832,10.246213912963867,10.403804779052734,10.50389289855957,10.467569351196289,10.35944938659668,10.251415252685547,10.089829444885254,9.835424423217773,9.558147430419922,9.277745246887207,8.903846740722656,8.439308166503906,8.044394493103027
9.981681823730469,9.981610298156738,9.95715618133545,9.972373962402344,9.948673248291016,9.748209953308105,9.370149612426758,8.968705177307129,8.654730796813965,8.367817878723145,8.00997257232666,7.642871379852295,7.46000862121582,7.574424743652344,7.8934831619262695,8.200334548950195,8.335675239562988,8.324296951293945,8.339560508728027,8.52060317993164,8.834680557250977,9.150708198547363,9.404890060424805,9.632708549499512,9.888361930847168,10.208343505859375,10.602583885192871,11.008258819580078,11.314284324645996,11.494318962097168,11.631851196289062,11.758811950683594,11.788003921508789,11.676758766174316,11.524351119995117,11.417654037475586,11.308891296386719,11.1367826461792,10.939775466918945,10.752082824707031,10.50932788848877,10.161759376525879,9.780811309814453
10.19193172454834,10.249223709106445,10.25693416595459,10.322617530822754,10.41341495513916,10.38366985321045,10.197303771972656,9.997770309448242,9.911229133605957,9.882492065429688,9.78423023223877,9.618256568908691,9.508706092834473,9.520010948181152,9.573199272155762,9.557355880737305,9.467117309570312,9.408304214477539,9.496562957763672,9.761305809020996,10.12447738647461,10.455653190612793,10.662091255187988,10.757736206054688,10.861302375793457,11.100700378417969,11.479989051818848,11.851395606994629,12.062355995178223,12.115520477294922,12.124348640441895,12.132668495178223,12.077301979064941,11.935636520385742,11.79051399230957,11.699371337890625,11.602973937988281,11.435298919677734,11.236928939819336,11.073038101196289,10.903982162475586,10.635777473449707,10.268211364746094
9.742802619934082,9.855121612548828,9.962646484375,10.14187240600586,10.356371879577637,10.487282752990723,10.497427940368652,10.479169845581055,10.512901306152344,10.5530366897583,10.50831127166748,10.385100364685059,10.282585144042969,10.264762878417969,10.301788330078125,10.34142780303955,10.38402271270752,10.465032577514648,10.599611282348633,10.770578384399414,10.948408126831055,11.097250938415527,11.180702209472656,11.19955825805664,11.221437454223633,11.330436706542969,11.527358055114746,11.710779190063477,11.784409523010254,11.755433082580566,11.690762519836426,11.607551574707031,11.469738960266113,11.282464027404785,11.111555099487305,10.986369132995605,10.852531433105469,10.665898323059082,10.47822093963623,10.366678237915039,10.311830520629883,10.219422340393066,10.058414459228516
8.888023376464844,9.069400787353516,9.259170532226562,9.4805269241333,9.685673713684082,9.79774284362793,9.809972763061523,9.798995971679688,9.830514907836914,9.89004135131836,9.928417205810547,9.944270133972168,9.985616683959961,10.082125663757324,10.210932731628418,10.32962703704834,10.41342544555664,10.452980995178223,10.445611953735352,10.41009521484375,10.39240837097168,10.429149627685547,10.50596809387207,10.571266174316406,10.592891693115234,10.58524227142334,10.57892894744873,10.584429740905762,10.59354019165039,10.592129707336426,10.550131797790527,10.418899536132812,10.175416946411133,9.869599342346191,9.59556770324707,9.405638694763184,9.278093338012695,9.178088188171387,9.11343002319336,9.098512649536133,9.090672492980957,9.016507148742676,8.868395805358887
7.744953155517578,7.888693809509277,8.010228157043457,8.129585266113281,8.230039596557617,8.288436889648438,8.323707580566406,8.392335891723633,8.530924797058105,8.71692943572998,8.892205238342285,9.01347827911377,9.071369171142578,9.073820114135742,9.031455039978027,8.960110664367676,8.881591796875,8.813579559326172,8.766573905944824,8.755607604980469,8.802298545837402,8.909158706665039,9.032355308532715,9.095627784729004,9.044511795043945,8.890379905700684,8.702472686767578,8.557567596435547,8.489052772521973,8.467002868652344,8.417754173278809,8.27462100982666,8.030570030212402,7.748762130737305,7.513832092285156,7.3671488761901855,7.2907023429870605,7.246325969696045,7.210376262664795,7.161385536193848,7.056670665740967,6.856136798858643,6.578956127166748
6.005747318267822,6.075344085693359,6.146893501281738,6.257776737213135,6.4108123779296875,6.585011005401611,6.761617183685303,6.93187952041626,7.083223819732666,7.189594268798828,7.223537921905518,7.177822113037109,7.074251174926758,6.954652786254883,6.865024566650391,6.840900897979736,6.89436149597168,7.006843566894531,7.136593818664551,7.239738941192627,7.287855625152588,7.26780891418457,7.170592784881592,6.9892401695251465,6.731950759887695,6.434232711791992,6.150935173034668,5.929489612579346,5.78508186340332,5.69783353805542,5.633755683898926,5.572157859802246,5.515857219696045,5.4740424156188965,5.434145450592041,5.355163097381592,5.198167324066162,4.96898078918457,4.727959156036377,4.55107307434082,4.477275848388672,4.490915298461914,4.5486040115356445
3.9477338790893555,4.058432579040527,4.209530353546143,4.403050422668457,4.60981559753418,4.779792785644531,4.86732816696167,4.85234260559082,4.746592044830322,4.586883544921875,4.422210216522217,4.298774242401123,4.2456135749816895,4.26533317565918,4.334027290344238,4.409981727600098,4.446487903594971,4.405050277709961,4.268032073974609,4.04777193069458,3.786487102508545,3.5427942276000977,3.3694379329681396,3.293361186981201,3.307655096054077,3.376585006713867,3.4492478370666504,3.4771032333374023,3.432037830352783,3.319615364074707,3.1790647506713867,3.0635359287261963,3.005418300628662,2.9858510494232178,2.9333269596099854,2.7629754543304443,2.438887596130371,2.0183005332946777,1.6405142545700073,1.4594892263412476,1.5595455169677734,1.9066354036331177,2.3624370098114014
2.2446179389953613,2.335191249847412,2.4169466495513916,2.4648075103759766,2.451791763305664,2.361480236053467,2.2018532752990723,2.0097575187683105,1.8392307758331299,1.7364740371704102,1.7120376825332642,1.724226713180542,1.6836857795715332,1.481171727180481,1.0298340320587158,0.30529552698135376,-0.6333046555519104,-1.6506946086883545,-2.568859815597534,-3.2142436504364014,-3.463639736175537,-3.2757439613342285,-2.7009918689727783,-1.8688197135925293,-0.9569485187530518,-0.15107883512973785,0.3955170512199402,0.5945112109184265,0.44024065136909485,0.0073372614569962025,-0.5739283561706543,-1.1603333950042725,-1.6428850889205933,-1.9789286851882935,-2.193190336227417,-2.3463189601898193,-2.488698720932007,-2.627476453781128,-2.727677822113037,-2.7461068630218506,-2.6744349002838135,-2.561539888381958,-2.49899959564209
-0.41110748052597046,-0.6694994568824768,-0.9405807852745056,-1.2073893547058105,-1.444084882736206,-1.6175891160964966,-1.6951043605804443,-1.6589717864990234,-1.5263173580169678,-1.3652675151824951,-1.2966034412384033,-1.4726858139038086,-2.0335121154785156,-3.051415205001831,-4.484349727630615,-6.159286022186279,-7.798475742340088,-9.085748672485352,-9.753427505493164,-9.660868644714355,-8.83759880065918,-7.476912975311279,-5.883376598358154,-4.393609046936035,-3.296225070953369,-2.7737486362457275,-2.878427028656006,-3.541011333465576,-4.602569103240967,-5.8565754890441895,-7.09089469909668,-8.123477935791016,-8.828417778015137,-9.15075397491455,-9.108461380004883,-8.782318115234375,-8.296463966369629,-7.794281482696533,-7.413488388061523,-7.262587070465088,-7.399282455444336,-7.8135786056518555,-8.42082691192627
-5.3834710121154785,-6.021186351776123,-6.519044876098633,-6.843940258026123,-6.982067584991455,-6.946881294250488,-6.78507661819458,-6.57847261428833,-6.438465118408203,-6.489780902862549,-6.842284202575684,-7.5543599128723145,-8.5972261428833,-9.833898544311523,-11.026220321655273,-11.876959800720215,-12.101945877075195,-11.51445198059082,-10.095319747924805,-8.022943496704102,-5.648162841796875,-3.4169797897338867,-1.7625246047973633,-0.99887615442276,-1.2489286661148071,-2.426494836807251,-4.273797512054443,-6.437774181365967,-8.558055877685547,-10.340421676635742,-11.598773002624512,-12.26309585571289,-12.362098693847656,-11.994824409484863,-11.303323745727539,-10.45211410522461,-9.612478256225586,-8.945805549621582,-8.581256866455078,-8.588163375854492,-8.950592994689941,-9.555936813354492,-10.208409309387207
