earth/public/data/atmosphere/W07/ANN-temp-isobaric-250hPa-gfs-1.0.json
{"header": {"discipline": 0, "disciplineName": "Meteorological products", "gribEdition": 2, "gribLength": 17922.0, "center": 0, "centerName": "Kiel Climate Model", "subcenter": 0, "refTime": "1", "significanceOfRT": 1, "significanceOfRTName": "Start of forecast", "productStatus": 0, "productStatusName": "Operational products", "productType": 1, "productTypeName": "Forecast products", "productDefinitionTemplate": 0, "productDefinitionTemplateName": "Analysis/forecast at horizontal level/layer at a point in time", "parameterCategory": 2, "parameterCategoryName": "Momentum", "parameterNumber": 2, "parameterNumberName": "U-component_of_wind", "parameterUnit": "K", "genProcessType": 2, "genProcessTypeName": "Forecast", "forecastTime": 0, "surface1Type": 103, "surface1TypeName": "Specified height level above ground", "surface1Value": 10, "surface2Type": 255, "surface2TypeName": "Missing", "surface2Value": 0, "gridDefinitionTemplate": 0, "gridDefinitionTemplateName": "Latitude_Longitude", "numberPoints": 65160, "shape": 6, "shapeName": "Earth spherical with radius of 6,371,229.0 m", "gridUnits": "degrees", "resolution": 48, "winds": "true", "scanMode": 0, "nx": 128.0, "ny": 64.0, "basicAngle": 0, "subDivisions": 0, "lo1": 0.0, "la1": 87.86379883923263, "lo2": 357.1875, "la2": -87.86379883923263, "dx": 2.8125, "dy": 2.7893269472772264}, "data":
[rows 0 to 18 of 64, columns 0 to 43 of 128]
211.70753479003906,211.6993865966797,211.69137573242188,211.6835479736328,211.67588806152344,211.6683807373047,211.66107177734375,211.65396118164062,211.64703369140625,211.6403045654297,211.6337890625,211.6274871826172,211.6214141845703,211.61558532714844,211.60997009277344,211.60462951660156,211.5995330810547,211.59471130371094,211.59014892578125,211.5858917236328,211.5819091796875,211.57823181152344,211.5748748779297,211.5718231201172,211.569091796875,211.5666961669922,211.56463623046875,211.56292724609375,211.56155395507812,211.56053161621094,211.55987548828125,211.5595703125,211.55963134765625,211.56004333496094,211.5608367919922,211.56198120117188,211.56349182128906,211.56536865234375,211.56761169433594,211.57020568847656,211.5731658935547,211.57647705078125,211.5801544189453,211.5841827392578
211.72201538085938,211.7106170654297,211.69970703125,211.68922424316406,211.67909240722656,211.6692657470703,211.65969848632812,211.65032958984375,211.6411590576172,211.6321563720703,211.6233367919922,211.6146697998047,211.60618591308594,211.597900390625,211.5897979736328,211.58192443847656,211.57427978515625,211.56690979003906,211.55979919433594,211.55300903320312,211.54652404785156,211.5404052734375,211.53466796875,211.5293426513672,211.5244598388672,211.5200653076172,211.5161895751953,211.51287841796875,211.5101776123047,211.5081329345703,211.5067596435547,211.50611877441406,211.50621032714844,211.507080078125,211.5087127685547,211.51113891601562,211.51431274414062,211.5182342529297,211.52288818359375,211.52822875976562,211.5342254638672,211.54083251953125,211.5480194091797,211.55575561523438
211.68704223632812,211.67910766601562,211.6717987060547,211.6648712158203,211.6581268310547,211.65142822265625,211.64468383789062,211.63784790039062,211.63092041015625,211.62391662597656,211.61685180664062,211.6097869873047,211.6027069091797,211.59567260742188,211.58863830566406,211.58163452148438,211.57460021972656,211.5675506591797,211.56039428710938,211.55313110351562,211.5457000732422,211.5380859375,211.53024291992188,211.52218627929688,211.51393127441406,211.50555419921875,211.49710083007812,211.48875427246094,211.48065185546875,211.4730224609375,211.4661102294922,211.4601593017578,211.4554443359375,211.4522247314453,211.45068359375,211.4510040283203,211.45327758789062,211.45751953125,211.46368408203125,211.47164916992188,211.48123168945312,211.49221801757812,211.50436401367188,211.51744079589844
211.6947021484375,211.69253540039062,211.6904296875,211.6880645751953,211.68521118164062,211.68179321289062,211.67779541015625,211.6732940673828,211.6683807373047,211.66314697265625,211.6576690673828,211.65199279785156,211.64610290527344,211.6399688720703,211.63351440429688,211.62669372558594,211.61947631835938,211.6118621826172,211.60389709472656,211.59561157226562,211.58702087402344,211.57810974121094,211.56878662109375,211.5588836669922,211.54818725585938,211.53643798828125,211.5234832763672,211.50917053222656,211.4935760498047,211.47694396972656,211.45974731445312,211.44259643554688,211.4263458251953,211.41183471679688,211.39991760253906,211.39134216308594,211.38665771484375,211.38619995117188,211.38999938964844,211.39784240722656,211.40928649902344,211.42376708984375,211.44058227539062,211.4591064453125
211.84805297851562,211.85250854492188,211.85528564453125,211.8561553955078,211.8550262451172,211.85203552246094,211.84742736816406,211.84158325195312,211.83486938476562,211.8275909423828,211.8199005126953,211.811767578125,211.80294799804688,211.79310607910156,211.78192138671875,211.7691650390625,211.7548370361328,211.7393035888672,211.72312927246094,211.7070770263672,211.6919403076172,211.67828369140625,211.66635131835938,211.6558380126953,211.6460418701172,211.63587951660156,211.62411499023438,211.60958862304688,211.59152221679688,211.5697021484375,211.54454040527344,211.5171356201172,211.4890594482422,211.46221923828125,211.4385528564453,211.4197998046875,211.40725708007812,211.40158081054688,211.40286254882812,211.41055297851562,211.42364501953125,211.44085693359375,211.4608917236328,211.48263549804688
212.11407470703125,212.12054443359375,212.12025451660156,212.11358642578125,212.10134887695312,212.08485412597656,212.06568908691406,212.04550170898438,212.02586364746094,212.0080108642578,211.9926300048828,211.97976684570312,211.96873474121094,211.958251953125,211.9467315673828,211.9327392578125,211.91531372070312,211.8943634033203,211.87075805664062,211.8461456298828,211.82252502441406,211.80169677734375,211.78468322753906,211.77145385742188,211.76071166992188,211.75025939941406,211.73745727539062,211.71987915039062,211.6958770751953,211.66497802734375,211.62806701660156,211.587158203125,211.54515075683594,211.5052947998047,211.47067260742188,211.44387817382812,211.4266357421875,211.4196319580078,211.42250061035156,211.43385314941406,211.4516143798828,211.4733428955078,211.4967041015625,211.51991271972656
212.45077514648438,212.44419860839844,212.42050170898438,212.3830108642578,212.3362579345703,212.28506469726562,212.23382568359375,212.1862030029297,212.1450958251953,212.11253356933594,212.08966064453125,212.07647705078125,212.071533203125,212.07196044921875,212.0739288330078,212.0732879638672,212.0666961669922,212.05247497558594,212.031005859375,212.00469970703125,211.97708129882812,211.9517059326172,211.930908203125,211.9149627685547,211.90200805664062,211.88851928710938,211.8704071044922,211.84420776367188,211.80821228027344,211.76278686523438,211.71035766601562,211.6547088623047,211.6000518798828,211.55026245117188,211.50836181640625,211.47647094726562,211.45570373535156,211.4464569091797,211.44834899902344,211.46014404296875,211.4796905517578,211.50404357910156,211.5299530029297,211.55450439453125
212.85719299316406,212.81834411621094,212.75267028808594,212.67066955566406,212.5836181640625,212.50057983398438,212.42721557617188,212.36599731445312,212.31756591796875,212.281982421875,212.25917053222656,212.24864196777344,212.24862670898438,212.2555389404297,212.26417541503906,212.26873779296875,212.26431274414062,212.2484588623047,212.22201538085938,212.18881225585938,212.15451049804688,212.12457275390625,212.1025390625,212.088623046875,212.07974243164062,212.07040405273438,212.0545196533203,212.0275115966797,211.98779296875,211.937255859375,211.88055419921875,211.8235626220703,211.77139282226562,211.7271728515625,211.6917266845703,211.66427612304688,211.643798828125,211.6299591064453,211.62344360351562,211.62539672851562,211.63632202148438,211.65538024902344,211.68017578125,211.70750427246094
213.27291870117188,213.1915740966797,213.08621215820312,212.9755859375,212.87571716308594,212.79531860351562,212.73532104492188,212.69149780273438,212.65838623046875,212.6321258544922,212.61135864257812,212.59605407714844,212.58584594726562,212.5786895751953,212.57070922851562,212.55728149414062,212.53472900390625,212.50180053710938,212.4605255126953,212.41567993164062,212.37332153320312,212.33889770507812,212.31527709960938,212.30189514160156,212.2947998046875,212.28768920898438,212.27378845214844,212.24801635742188,212.20858764648438,212.15806579589844,212.10243225097656,212.04920959472656,212.00454711914062,211.9712371826172,211.94815063476562,211.9315948486328,211.91783142089844,211.9051513671875,211.89466857910156,211.88929748535156,211.89193725585938,211.90402221679688,211.92515563964844,211.95396423339844
213.67108154296875,213.55950927734375,213.4401092529297,213.3330841064453,213.25160217285156,213.1980438232422,213.1655731201172,213.14349365234375,213.1227264404297,213.0988006591797,213.0715789794922,213.0430908203125,213.01510620117188,212.98800659179688,212.9606170654297,212.93084716796875,212.89688110351562,212.8580322265625,212.81553649902344,212.7722625732422,212.73165893554688,212.69619750976562,212.66656494140625,212.64163208007812,212.61911010742188,212.59600830078125,212.56890869140625,212.5343475341797,212.4900665283203,212.4363555908203,212.37692260742188,212.31802368164062,212.2661590576172,212.22552490234375,212.19674682617188,212.17752075195312,212.16490173339844,212.1573944091797,212.15557861328125,212.16104125976562,212.1744384765625,212.1947479248047,212.22012329101562,212.2500457763672
214.1432647705078,214.03538513183594,213.93089294433594,213.8423614501953,213.77734375,213.7349853515625,213.70730590820312,213.68418884277344,213.6581573486328,213.62648010253906,213.59017944335938,213.5518798828125,213.51441955566406,213.48016357421875,213.45040893554688,213.42422485351562,213.39834594726562,213.36866760253906,213.3328399658203,213.29193115234375,213.24928283691406,213.20761108398438,213.167236328125,213.126708984375,213.08489990234375,213.0419921875,212.99835205078125,212.95297241210938,212.90318298339844,212.84634399414062,212.7821044921875,212.71315002441406,212.64442443847656,212.58154296875,212.52947998046875,212.4919891357422,212.47157287597656,212.46969604492188,212.4864501953125,212.5198516845703,212.56532287597656,212.6161651611328,212.66600036621094,212.71209716796875
214.72911071777344,214.6462860107422,214.5562744140625,214.46646118164062,214.38796997070312,214.32760620117188,214.2842559814453,214.25137329101562,214.2217254638672,214.19088745117188,214.1578826904297,214.1243896484375,214.09384155273438,214.07057189941406,214.05738830566406,214.05197143554688,214.04525756835938,214.0253143310547,213.98529052734375,213.9288787841797,213.8676300048828,213.81231689453125,213.765869140625,213.72377014160156,213.67950439453125,213.6291046142578,213.57156372070312,213.50692749023438,213.43536376953125,213.35772705078125,213.27565002441406,213.19078063964844,213.1048583984375,213.02163696289062,212.94886779785156,212.8974609375,212.87754821777344,212.89369201660156,212.9431610107422,213.01739501953125,213.10540771484375,213.1968536376953,213.2844696044922,213.3656463623047
215.36192321777344,215.2798614501953,215.174072265625,215.058837890625,214.9544677734375,214.87457275390625,214.8213653564453,214.7885284423828,214.7672119140625,214.7515411376953,214.74072265625,214.73687744140625,214.74195861816406,214.7570343017578,214.78208923339844,214.81265258789062,214.83583068847656,214.833740234375,214.7958984375,214.7296905517578,214.656494140625,214.59548950195312,214.5504913330078,214.51100158691406,214.46304321289062,214.3977813720703,214.31304931640625,214.21180725097656,214.10159301757812,213.99302673339844,213.89431762695312,213.80552673339844,213.7191619873047,213.62924194335938,213.5410614013672,213.47247314453125,213.44451904296875,213.46914672851562,213.54307556152344,213.65121459960938,213.77500915527344,213.90000915527344,214.01934814453125,214.133544921875
216.00848388671875,215.89097595214844,215.76193237304688,215.641357421875,215.5414276123047,215.46517944335938,215.41268920898438,215.38299560546875,215.3732452392578,215.382080078125,215.4130859375,215.46902465820312,215.54290771484375,215.62013244628906,215.69073486328125,215.75350952148438,215.8048553466797,215.83091735839844,215.8184356689453,215.77227783203125,215.7145538330078,215.6637725830078,215.61886596679688,215.56454467773438,215.4881134033203,215.38760375976562,215.26893615722656,215.14195251464844,215.02081298828125,214.92149353027344,214.85206604003906,214.803955078125,214.75515747070312,214.6853485107422,214.5912322998047,214.4906005859375,214.4136962890625,214.38800048828125,214.4256134033203,214.51939392089844,214.6488494873047,214.79148864746094,214.9324493408203,215.068115234375
216.68927001953125,216.55191040039062,216.4405975341797,216.3616180419922,216.29800415039062,216.2364501953125,216.18667602539062,216.16751098632812,216.1846923828125,216.23434448242188,216.31982421875,216.44557189941406,216.59429931640625,216.72923278808594,216.8281707763672,216.90187072753906,216.96902465820312,217.02528381347656,217.05130004882812,217.04403686523438,217.02195739746094,216.9980926513672,216.9620361328125,216.89430236816406,216.78976440429688,216.6607208251953,216.52447509765625,216.39634704589844,216.29115295410156,216.2205810546875,216.18426513671875,216.16709899902344,216.1480255126953,216.1099853515625,216.04275512695312,215.94471740722656,215.8304901123047,215.73448181152344,215.696044921875,215.73406982421875,215.83578491210938,215.9709014892578,216.11439514160156,216.2568359375
217.45626831054688,217.34967041015625,217.288818359375,217.26025390625,217.227294921875,217.1780548095703,217.14617919921875,217.1704864501953,217.2498016357422,217.35928344726562,217.4967498779297,217.67791748046875,217.8863983154297,218.0677947998047,218.18975830078125,218.278076171875,218.37152099609375,218.46554565429688,218.52838134765625,218.55540466308594,218.5733184814453,218.5935516357422,218.59140014648438,218.53799438476562,218.43356323242188,218.30130004882812,218.16421508789062,218.037841796875,217.93397521972656,217.85597229003906,217.7930450439453,217.73191833496094,217.67552185058594,217.6383514404297,217.6168975830078,217.5784149169922,217.49537658691406,217.38783264160156,217.31423950195312,217.31613159179688,217.38343811035156,217.4782257080078,217.57843017578125,217.6885528564453
218.38583374023438,218.3216094970703,218.29376220703125,218.2908477783203,218.28439331054688,218.27169799804688,218.29562377929688,218.39669799804688,218.55975341796875,218.74087524414062,218.9359130859375,219.17469787597656,219.4447021484375,219.67738342285156,219.83384704589844,219.9536590576172,220.08460998535156,220.2086944580078,220.28294372558594,220.31898498535156,220.36734008789062,220.4366455078125,220.47776794433594,220.44796752929688,220.3543243408203,220.23031616210938,220.10006713867188,219.97561645507812,219.86587524414062,219.77090454101562,219.67605590820312,219.5697479248047,219.46827697753906,219.40684509277344,219.39346313476562,219.38406372070312,219.326904296875,219.22967529296875,219.15615844726562,219.15103149414062,219.19314575195312,219.2350616455078,219.26559448242188,219.31398010253906
219.47645568847656,219.4236602783203,219.40284729003906,219.42294311523438,219.4745635986328,219.548583984375,219.664306640625,219.8509979248047,220.0999755859375,220.37062072753906,220.6509246826172,220.9621124267578,221.28627014160156,221.55116271972656,221.72361755371094,221.85679626464844,221.99935913085938,222.11878967285156,222.17335510253906,222.20401000976562,222.28224182128906,222.40025329589844,222.47991943359375,222.47349548339844,222.4013671875,222.3016815185547,222.18983459472656,222.06759643554688,221.93978881835938,221.8148651123047,221.70066833496094,221.60157775878906,221.51951599121094,221.45826721191406,221.41526794433594,221.36630249023438,221.2821502685547,221.173095703125,221.0904083251953,221.06651306152344,221.07859802246094,221.08709716796875,221.0865020751953,221.10275268554688
220.67054748535156,220.61691284179688,220.60726928710938,220.6615753173828,220.78785705566406,220.9690704345703,221.18875122070312,221.45953369140625,221.79335021972656,222.16065979003906,222.52047729492188,222.86282348632812,223.17605590820312,223.41702270507812,223.57196044921875,223.69517517089844,223.82632446289062,223.9298858642578,223.9810028076172,224.04266357421875,224.1795654296875,224.3521728515625,224.471435546875,224.5131072998047,224.51222229003906,224.48455810546875,224.41424560546875,224.29098510742188,224.11929321289062,223.91831970214844,223.7354736328125,223.62100219726562,223.5718536376953,223.53741455078125,223.48504638671875,223.42007446289062,223.35040283203125,223.27578735351562,223.20455932617188,223.1482696533203,223.1110382080078,223.0966796875,223.10520935058594,223.1248779296875
