earth/public/data/atmosphere/W07/ANN-rh-isobaric-100hPa-gfs-1.0.json
{"header": {"discipline": 0, "disciplineName": "Meteorological products", "gribEdition": 2, "gribLength": 17922.0, "center": 0, "centerName": "Kiel Climate Model", "subcenter": 0, "refTime": "1", "significanceOfRT": 1, "significanceOfRTName": "Start of forecast", "productStatus": 0, "productStatusName": "Operational products", "productType": 1, "productTypeName": "Forecast products", "productDefinitionTemplate": 0, "productDefinitionTemplateName": "Analysis/forecast at horizontal level/layer at a point in time", "parameterCategory": 2, "parameterCategoryName": "Momentum", "parameterNumber": 2, "parameterNumberName": "U-component_of_wind", "parameterUnit": "%", "genProcessType": 2, "genProcessTypeName": "Forecast", "forecastTime": 0, "surface1Type": 103, "surface1TypeName": "Specified height level above ground", "surface1Value": 10, "surface2Type": 255, "surface2TypeName": "Missing", "surface2Value": 0, "gridDefinitionTemplate": 0, "gridDefinitionTemplateName": "Latitude_Longitude", "numberPoints": 65160, "shape": 6, "shapeName": "Earth spherical with radius of 6,371,229.0 m", "gridUnits": "degrees", "resolution": 48, "winds": "true", "scanMode": 0, "nx": 128.0, "ny": 64.0, "basicAngle": 0, "subDivisions": 0, "lo1": 0.0, "la1": 87.86379883923263, "lo2": 357.1875, "la2": -87.86379883923263, "dx": 2.8125, "dy": 2.7893269472772264}, "data":
[rows 19 to 37 of 64, columns 0 to 42 of 128]
0.1936202198266983,0.18882299959659576,0.18329377472400665,0.17770567536354065,0.17306603491306305,0.1693682074546814,0.16663989424705505,0.16623324155807495,0.16854728758335114,0.1718035787343979,0.17540347576141357,0.18099933862686157,0.1885496973991394,0.19569677114486694,0.2018900066614151,0.20853739976882935,0.2153356373310089,0.2206764817237854,0.22431905567646027,0.22647365927696228,0.22685766220092773,0.22675257921218872,0.22841845452785492,0.2314930409193039,0.23427700996398926,0.2386225461959839,0.24825194478034973,0.2618676722049713,0.27345359325408936,0.28064200282096863,0.2876478135585785,0.2978000342845917,0.30787327885627747,0.3129746913909912,0.3134464621543884,0.3137724995613098,0.3171498775482178,0.3230109214782715,0.3279134929180145,0.32890215516090393,0.32757043838500977,0.3283222019672394,0.3314765989780426
0.23342184722423553,0.22852513194084167,0.22383245825767517,0.2189290076494217,0.21547797322273254,0.21411064267158508,0.21371124684810638,0.21493114531040192,0.21911223232746124,0.22488857805728912,0.2308618575334549,0.23836413025856018,0.24772170186042786,0.2565534710884094,0.263944149017334,0.27128827571868896,0.27909350395202637,0.28722548484802246,0.2959274351596832,0.30376139283180237,0.3087017238140106,0.31232959032058716,0.31792590022087097,0.3252362608909607,0.332427054643631,0.3412443995475769,0.35502561926841736,0.3730420172214508,0.39086371660232544,0.4060707688331604,0.42066165804862976,0.43622928857803345,0.4491657316684723,0.4549156427383423,0.45573872327804565,0.4587915539741516,0.4668714702129364,0.47538870573043823,0.47775715589523315,0.47192463278770447,0.4631830155849457,0.45921972393989563,0.460634708404541
0.28915467858314514,0.28546014428138733,0.2829083502292633,0.2797900438308716,0.2782796323299408,0.27965959906578064,0.2817078232765198,0.2844240963459015,0.29035449028015137,0.29890573024749756,0.30784741044044495,0.3176139295101166,0.328587144613266,0.33915913105010986,0.3489873707294464,0.35870596766471863,0.36777037382125854,0.37708353996276855,0.38899531960487366,0.4022669792175293,0.4134685695171356,0.4226660132408142,0.43142321705818176,0.43930986523628235,0.44723156094551086,0.45798248052597046,0.47142934799194336,0.4855826497077942,0.5009626746177673,0.5187979936599731,0.5386060476303101,0.5590037107467651,0.5763469934463501,0.58641517162323,0.5923003554344177,0.6025856137275696,0.617616593837738,0.6271588206291199,0.6239516735076904,0.6117841005325317,0.6005269885063171,0.5972212553024292,0.6000009775161743
0.3682660460472107,0.36673814058303833,0.36677032709121704,0.3657982647418976,0.36589181423187256,0.3690488636493683,0.3732609152793884,0.37803733348846436,0.38540515303611755,0.3946561813354492,0.4040125906467438,0.4141862690448761,0.4252049922943115,0.43599942326545715,0.4477616846561432,0.4606136679649353,0.4714219570159912,0.4805612862110138,0.492206871509552,0.5058491230010986,0.5178985595703125,0.5285405516624451,0.5377965569496155,0.5437152981758118,0.5499781370162964,0.5622035264968872,0.576956033706665,0.5887182354927063,0.6008222699165344,0.6172024607658386,0.6353225111961365,0.6536920666694641,0.6720214486122131,0.6861441135406494,0.6968571543693542,0.712952733039856,0.7339089512825012,0.7458670735359192,0.7423545718193054,0.7326690554618835,0.7275053262710571,0.728871762752533,0.7323981523513794
0.47249311208724976,0.47137534618377686,0.4719197154045105,0.4721303880214691,0.4730454683303833,0.476693719625473,0.4823189973831177,0.4890170693397522,0.4964304566383362,0.5029895305633545,0.5091066956520081,0.5173540711402893,0.5268531441688538,0.5357658267021179,0.5468355417251587,0.5608303546905518,0.5725764632225037,0.5812071561813354,0.5913680195808411,0.6016643047332764,0.6079567074775696,0.6137738227844238,0.6220251321792603,0.6285760998725891,0.6350493431091309,0.6491715908050537,0.6686796545982361,0.6859557032585144,0.702455461025238,0.7199602127075195,0.7333754301071167,0.7439682483673096,0.7581941485404968,0.7727002501487732,0.7831593751907349,0.7965997457504272,0.8150955438613892,0.8268342018127441,0.8267496824264526,0.8243243098258972,0.8261430859565735,0.829400897026062,0.8306971788406372
0.5880869626998901,0.5857553482055664,0.5852356553077698,0.5858402252197266,0.5869491100311279,0.589675784111023,0.5944437980651855,0.6005369424819946,0.6060391068458557,0.608867347240448,0.6108083128929138,0.6156948208808899,0.6226487159729004,0.6295038461685181,0.6395427584648132,0.6540652513504028,0.6665496826171875,0.6743024587631226,0.6822354197502136,0.689078152179718,0.6891485452651978,0.6879454851150513,0.6941401958465576,0.7037912011146545,0.7123153805732727,0.7257638573646545,0.7462218999862671,0.7672061920166016,0.7868479490280151,0.8046540021896362,0.8149980902671814,0.8200961947441101,0.829890251159668,0.8428857922554016,0.8510441780090332,0.857610285282135,0.8674976229667664,0.8751100301742554,0.8770619630813599,0.8783628940582275,0.8807828426361084,0.8817281723022461,0.8814280033111572
0.6922134757041931,0.6907397508621216,0.690934419631958,0.6921927332878113,0.6930263042449951,0.6941732168197632,0.6965763568878174,0.6999477744102478,0.7029403448104858,0.7035514712333679,0.7017644047737122,0.7008180618286133,0.7030594944953918,0.7082716226577759,0.7178514003753662,0.7326093912124634,0.7462852597236633,0.7528201937675476,0.7561258673667908,0.7597835063934326,0.75888592004776,0.7545204162597656,0.7569451928138733,0.7666882276535034,0.7759702801704407,0.7868249416351318,0.8040695786476135,0.8218720555305481,0.8348773121833801,0.8453179597854614,0.8533209562301636,0.8586355447769165,0.8661601543426514,0.8763923645019531,0.8836310505867004,0.8877325057983398,0.8926851749420166,0.8977658748626709,0.9007527828216553,0.9017732739448547,0.9011635184288025,0.9005892276763916,0.9021700620651245
0.7710963487625122,0.7733156681060791,0.7760891914367676,0.7775200605392456,0.7770092487335205,0.7765942811965942,0.7776150107383728,0.7793346643447876,0.7808610796928406,0.7803369164466858,0.7748367190361023,0.7669520974159241,0.7646418809890747,0.769110381603241,0.7751747369766235,0.7835242748260498,0.7947911620140076,0.8005775213241577,0.7987700700759888,0.7989391684532166,0.8019013404846191,0.800640344619751,0.7994540333747864,0.8046942353248596,0.8118463158607483,0.82051682472229,0.8362747430801392,0.8521950840950012,0.857572078704834,0.8578740954399109,0.8629409670829773,0.8709694147109985,0.8775773048400879,0.8836911916732788,0.8898450136184692,0.894812285900116,0.8989821672439575,0.9032233357429504,0.9064237475395203,0.9067679643630981,0.9057765603065491,0.9079288840293884,0.9133192896842957
0.8231909275054932,0.8287409543991089,0.8332004547119141,0.8340498208999634,0.8314577341079712,0.8285174369812012,0.8283199667930603,0.8299750685691833,0.830879271030426,0.8288838863372803,0.8207024931907654,0.8095780611038208,0.8075360655784607,0.8142138719558716,0.8143754601478577,0.8086003065109253,0.8109720945358276,0.8163071870803833,0.8126853704452515,0.809588611125946,0.8153814077377319,0.8192148804664612,0.8174853324890137,0.8190323114395142,0.8235368132591248,0.8292884230613708,0.8428512215614319,0.859419584274292,0.8644587397575378,0.8608981370925903,0.8633506894111633,0.8722929358482361,0.878996729850769,0.8829660415649414,0.8878205418586731,0.8922901749610901,0.8945609927177429,0.8964572548866272,0.8989353775978088,0.9007258415222168,0.9033930897712708,0.9099235534667969,0.9177834391593933
0.847731351852417,0.854794979095459,0.8603615760803223,0.8630454540252686,0.8608283996582031,0.8545511960983276,0.8509392142295837,0.8520315885543823,0.8525469899177551,0.8491618037223816,0.8404710292816162,0.8296633362770081,0.8287028670310974,0.8370296359062195,0.8342914581298828,0.8183060884475708,0.8111503720283508,0.8146042823791504,0.8116676807403564,0.8061205148696899,0.8096374869346619,0.8145372867584229,0.8146461844444275,0.8173037767410278,0.8224714398384094,0.8257508277893066,0.8329755663871765,0.8454182147979736,0.852445662021637,0.8519784212112427,0.8537261486053467,0.8606244325637817,0.8675277233123779,0.8732715249061584,0.8794251084327698,0.8836761116981506,0.8842101097106934,0.8846607208251953,0.8885204792022705,0.8947409391403198,0.9019523859024048,0.909862756729126,0.9166227579116821
0.8472756743431091,0.8550999164581299,0.8627058863639832,0.8705836534500122,0.8727535605430603,0.8648902773857117,0.8570022583007812,0.8567953109741211,0.8579118847846985,0.8549606800079346,0.8476508855819702,0.8368396162986755,0.8306817412376404,0.8328431248664856,0.8294582962989807,0.8148531913757324,0.8046945333480835,0.8039920330047607,0.800577700138092,0.794189989566803,0.7933845520019531,0.7955499887466431,0.7970726490020752,0.8019882440567017,0.8094292283058167,0.8140331506729126,0.8170719146728516,0.8222385048866272,0.8282579183578491,0.8329198360443115,0.8369985818862915,0.8420974016189575,0.8490684628486633,0.8584182858467102,0.8687559366226196,0.8754299879074097,0.8761143088340759,0.8765026926994324,0.8831082582473755,0.8940541744232178,0.9037813544273376,0.9102275967597961,0.9140769243240356
0.8369366526603699,0.845103919506073,0.8539283871650696,0.8654776811599731,0.8723985552787781,0.8659370541572571,0.8558774590492249,0.8545559644699097,0.8573444485664368,0.8565253019332886,0.8509615063667297,0.8402153849601746,0.8278644680976868,0.8195193409919739,0.8125296831130981,0.8032253384590149,0.7953648567199707,0.7904219031333923,0.7849642038345337,0.7794131636619568,0.7765462398529053,0.7765706777572632,0.7789533734321594,0.7833157181739807,0.7893189787864685,0.7962448596954346,0.8011704087257385,0.8030697107315063,0.8062666058540344,0.812795102596283,0.8192561864852905,0.8249370455741882,0.8332393169403076,0.8460143208503723,0.8610835075378418,0.8715418577194214,0.8724772930145264,0.8711696863174438,0.8781692385673523,0.8910820484161377,0.9013139605522156,0.9071784019470215,0.9103899002075195
0.8309324383735657,0.839201807975769,0.8476922512054443,0.8594099879264832,0.8689263463020325,0.8658726215362549,0.8560526371002197,0.8530199527740479,0.8563040494918823,0.8565228581428528,0.8501065969467163,0.8399717807769775,0.8290919065475464,0.8171295523643494,0.804655134677887,0.7958305478096008,0.7907555103302002,0.7847887277603149,0.7781271934509277,0.7733392715454102,0.7696955800056458,0.7689324021339417,0.7727727890014648,0.7764340043067932,0.7787244319915771,0.7846770882606506,0.7919445633888245,0.7947618961334229,0.7961325645446777,0.7997962236404419,0.8042277693748474,0.8101996183395386,0.8199805021286011,0.8337534070014954,0.8508968353271484,0.8649959564208984,0.8679912090301514,0.8664995431900024,0.8735590577125549,0.8866724371910095,0.8962573409080505,0.9024100303649902,0.907133162021637
0.8270811438560486,0.8362763524055481,0.8459144830703735,0.8585600852966309,0.8702567219734192,0.8713884353637695,0.8631357550621033,0.8571159243583679,0.8578698635101318,0.8568170070648193,0.8470699191093445,0.8357385993003845,0.8298206925392151,0.8216639757156372,0.8067471981048584,0.795774519443512,0.792791485786438,0.7889859676361084,0.7827103137969971,0.7778451442718506,0.7732492685317993,0.7712069749832153,0.7753115296363831,0.7799298167228699,0.7816511988639832,0.7856858372688293,0.7921386957168579,0.7967059016227722,0.7997727394104004,0.8016771674156189,0.8030473589897156,0.8085365295410156,0.8182305693626404,0.8288958668708801,0.8430114984512329,0.8586653470993042,0.8665438890457153,0.869188129901886,0.8776911497116089,0.8898332715034485,0.8974091410636902,0.9023245573043823,0.907575786113739
0.8191277384757996,0.830220639705658,0.8428646922111511,0.8575251698493958,0.8703162670135498,0.8749392032623291,0.8700461983680725,0.8621341586112976,0.8586065173149109,0.8560329675674438,0.8461325168609619,0.8342028856277466,0.8291621804237366,0.8229649066925049,0.8086230158805847,0.7977705001831055,0.7963976263999939,0.7945166230201721,0.7889752388000488,0.7845277786254883,0.7804955244064331,0.7774556279182434,0.7788748145103455,0.782299816608429,0.7852346897125244,0.7894490361213684,0.7944618463516235,0.8000380396842957,0.8072370886802673,0.812686026096344,0.8161166906356812,0.8237084150314331,0.8340840935707092,0.8415929079055786,0.8506460785865784,0.8643633723258972,0.8750476241111755,0.8807175755500793,0.8880543112754822,0.8966273665428162,0.9018403887748718,0.9055795669555664,0.9105157256126404
0.8085877895355225,0.821851372718811,0.8356273174285889,0.8485278487205505,0.8588011264801025,0.8656867742538452,0.8668822050094604,0.861331045627594,0.8549942374229431,0.8517630100250244,0.8466048240661621,0.8385067582130432,0.8317298293113708,0.8225929737091064,0.8087258338928223,0.7995392680168152,0.7983456254005432,0.796524167060852,0.7918339371681213,0.7884836792945862,0.7860046625137329,0.783574640750885,0.7823976278305054,0.782126784324646,0.7840099930763245,0.7889117002487183,0.7936887741088867,0.7987515926361084,0.8072876930236816,0.8162723183631897,0.8237805962562561,0.8343502879142761,0.8468825817108154,0.8557802438735962,0.8636944890022278,0.8746434450149536,0.8844530582427979,0.8899450898170471,0.8940339088439941,0.8985582590103149,0.9030606746673584,0.9078819155693054,0.913280725479126
0.7932624220848083,0.8091771006584167,0.8216772079467773,0.8300439119338989,0.8374057412147522,0.8465696573257446,0.8537368178367615,0.8529083132743835,0.8471125960350037,0.8436514735221863,0.8420940041542053,0.838351845741272,0.8310277462005615,0.8190888166427612,0.8053292036056519,0.7969918251037598,0.7947019338607788,0.7928257584571838,0.7901193499565125,0.7877354025840759,0.7852665185928345,0.7839837670326233,0.7838361859321594,0.7825304269790649,0.7825388312339783,0.7868865132331848,0.7920335531234741,0.7961373925209045,0.8025252223014832,0.8108860850334167,0.8189829587936401,0.8287899494171143,0.8409725427627563,0.8524225354194641,0.862385094165802,0.8723053336143494,0.8815391063690186,0.8882730007171631,0.8922595381736755,0.8955506086349487,0.9005089402198792,0.9069087505340576,0.9133310317993164
0.761930525302887,0.7812099456787109,0.7938269972801208,0.8014653921127319,0.8107500672340393,0.8223800659179688,0.8299878239631653,0.8298954963684082,0.826277494430542,0.8239094018936157,0.8222125768661499,0.8189816474914551,0.8125410676002502,0.8015559315681458,0.7892712950706482,0.7816236615180969,0.7789068222045898,0.7778851985931396,0.7775940895080566,0.776661217212677,0.7743935585021973,0.7743214964866638,0.7771408557891846,0.7784298658370972,0.7785382270812988,0.7817822694778442,0.7871283292770386,0.7917265892028809,0.7970677614212036,0.804302453994751,0.8117218017578125,0.8191463351249695,0.8282696604728699,0.8389875292778015,0.8493120074272156,0.8586954474449158,0.8683580160140991,0.8774324655532837,0.8833792805671692,0.8873169422149658,0.892771303653717,0.9001117944717407,0.9079405665397644
0.7065197229385376,0.7286319136619568,0.7443534731864929,0.7563116550445557,0.7710111141204834,0.7847742438316345,0.7888362407684326,0.7848889231681824,0.7819758653640747,0.7817191481590271,0.7796217203140259,0.7754905819892883,0.7706074118614197,0.762834370136261,0.7534247040748596,0.7479303479194641,0.7468456625938416,0.7464997172355652,0.7464017868041992,0.7470587491989136,0.7477113604545593,0.7496718764305115,0.7538822293281555,0.7576748728752136,0.7599392533302307,0.76332688331604,0.7688146829605103,0.7747679948806763,0.7810098528862,0.788575291633606,0.7968788743019104,0.8047133088111877,0.812736451625824,0.8219797015190125,0.8314679861068726,0.8404930830001831,0.8500661253929138,0.8593037128448486,0.8659138083457947,0.8712542057037354,0.8782853484153748,0.8867508769035339,0.8953344821929932
