earth/public/data/atmosphere/W07/ANN-precip-surface-level-gfs-1.0.json
{"header": {"discipline": 0, "disciplineName": "Meteorological products", "gribEdition": 2, "gribLength": 17922.0, "center": 0, "centerName": "Kiel Climate Model", "subcenter": 0, "refTime": "1", "significanceOfRT": 1, "significanceOfRTName": "Start of forecast", "productStatus": 0, "productStatusName": "Operational products", "productType": 1, "productTypeName": "Forecast products", "productDefinitionTemplate": 0, "productDefinitionTemplateName": "Analysis/forecast at horizontal level/layer at a point in time", "parameterCategory": 2, "parameterCategoryName": "Momentum", "parameterNumber": 2, "parameterNumberName": "U-component_of_wind", "parameterUnit": "mm/day", "genProcessType": 2, "genProcessTypeName": "Forecast", "forecastTime": 0, "surface1Type": 103, "surface1TypeName": "Specified height level above ground", "surface1Value": 10, "surface2Type": 255, "surface2TypeName": "Missing", "surface2Value": 0, "gridDefinitionTemplate": 0, "gridDefinitionTemplateName": "Latitude_Longitude", "numberPoints": 65160, "shape": 6, "shapeName": "Earth spherical with radius of 6,371,229.0 m", "gridUnits": "degrees", "resolution": 48, "winds": "true", "scanMode": 0, "nx": 128.0, "ny": 64.0, "basicAngle": 0, "subDivisions": 0, "lo1": 0.0, "la1": 87.86379883923263, "lo2": 357.1875, "la2": -87.86379883923263, "dx": 2.8125, "dy": 2.7893269472772264}, "data":
[rows 19 to 37 of 64, columns 0 to 42 of 128]
0.18526948988437653,0.1935070902109146,0.19251450896263123,0.14007611572742462,0.5078652501106262,0.5333707332611084,0.47406089305877686,0.39150872826576233,0.3209480047225952,0.39732643961906433,0.43613091111183167,0.7026528716087341,0.9801724553108215,0.2646450698375702,0.11786052584648132,0.07669510692358017,0.1152026504278183,0.18114201724529266,0.17548801004886627,0.10850940644741058,0.07687357813119888,0.09784340858459473,0.17611873149871826,0.24611380696296692,0.2314019799232483,0.26732319593429565,0.4338914752006531,0.8785359263420105,1.0949294567108154,0.7775254249572754,0.37873682379722595,0.4798739552497864,0.7876414060592651,1.257368803024292,1.521352767944336,2.2121644020080566,3.6990010738372803,5.475259304046631,5.589944362640381,4.7983174324035645,4.9910407066345215,4.399830341339111,3.7002813816070557
0.05117805302143097,0.04162144660949707,0.04328904673457146,0.0403667651116848,0.03784404695034027,0.040214989334344864,0.29228296875953674,0.36277979612350464,0.0344398058950901,0.24062228202819824,0.23654547333717346,0.3739721179008484,0.632522463798523,0.12165556102991104,0.031644057482481,0.012136481702327728,0.02257560007274151,0.04913920536637306,0.09972425550222397,0.11337665468454361,0.05282065272331238,0.05116875469684601,0.08730102330446243,0.12232189625501633,0.09454930573701859,0.27741432189941406,0.39542508125305176,1.601516842842102,2.37707781791687,2.3049097061157227,1.7929155826568604,1.601324439048767,1.6902987957000732,2.0694475173950195,3.039626121520996,3.8460497856140137,5.045228004455566,7.760799407958984,6.272229194641113,5.333559513092041,5.808591365814209,5.2406439781188965,4.791479587554932
0.009987643919885159,0.009349565953016281,0.0130997896194458,0.01915559358894825,0.021119771525263786,0.019335584715008736,0.021825509145855904,0.01248143333941698,0.007275930140167475,0.015577434562146664,0.018796700984239578,0.01730211265385151,0.02094099298119545,0.021572589874267578,0.01303747296333313,0.0099675003439188,0.009086248464882374,0.01659863069653511,0.032185375690460205,0.05384237691760063,0.035914186388254166,0.02790934592485428,0.04193180799484253,0.07674095779657364,0.34480059146881104,0.1759227216243744,0.044377319514751434,0.767038881778717,2.874891996383667,3.725621223449707,4.450282096862793,4.4332275390625,4.229806900024414,5.163277626037598,6.706547737121582,6.396683692932129,5.298575401306152,5.485520362854004,4.242156505584717,4.3161396980285645,5.595210075378418,5.358858108520508,4.717305660247803
0.0024918324779719114,0.002461792668327689,0.005330826621502638,0.011426066048443317,0.011793037876486778,0.010274812579154968,0.01611918956041336,0.01151692308485508,0.005363237112760544,0.009060314856469631,0.01504119299352169,0.009228543378412724,0.0028697862289845943,0.005112307611852884,0.009750441648066044,0.00881168432533741,0.006451634224504232,0.006457171868532896,0.010539792478084564,0.01417609490454197,0.017781129106879234,0.026494912803173065,0.08098702877759933,0.15852762758731842,0.34770551323890686,0.17061108350753784,0.27046531438827515,1.1789164543151855,1.8127803802490234,1.8783682584762573,3.157650947570801,5.738096237182617,6.981364727020264,6.326371192932129,5.511582374572754,4.859958171844482,3.403974771499634,3.4755547046661377,3.586930513381958,4.0866169929504395,5.160830497741699,5.165282249450684,4.261403560638428
0.004244301002472639,0.007784045301377773,0.006866190116852522,0.004843073431402445,0.0036231079138815403,0.002915284363552928,0.006876067724078894,0.0094781294465065,0.007158239837735891,0.005062217358499765,0.004389578942209482,0.00255215703509748,0.0017963885329663754,0.02571817673742771,0.030851539224386215,0.02095470018684864,0.009827913716435432,0.005425861105322838,0.0044129895977675915,0.009186811745166779,0.025010285899043083,0.064705029129982,0.11614573001861572,0.3749127686023712,0.6828852295875549,0.43745043873786926,0.8684549927711487,2.0873396396636963,2.974562406539917,2.070963144302368,1.425026297569275,2.3215386867523193,3.0040783882141113,1.2099167108535767,1.3175296783447266,2.9806559085845947,3.185667037963867,3.736140489578247,4.424846172332764,3.5289361476898193,3.8071401119232178,4.189273357391357,6.280272006988525
0.03304463252425194,0.051263872534036636,0.04038579761981964,0.012529927305877209,0.004686309490352869,0.006390887312591076,0.009050900116562843,0.006143711041659117,0.004960370250046253,0.002976108342409134,0.0038431163411587477,0.007044618483632803,0.008848816156387329,0.006547784898430109,0.039369456470012665,0.09397923946380615,0.08909019082784653,0.04599907249212265,0.019916674122214317,0.040845148265361786,0.048277102410793304,0.059001222252845764,0.36982566118240356,0.5624219179153442,0.3388943076133728,0.3108622431755066,1.0443894863128662,2.1224679946899414,3.262521743774414,3.9253156185150146,3.4454755783081055,5.97579288482666,5.091679573059082,7.108651161193848,2.5017495155334473,3.9866437911987305,4.3411946296691895,4.897705078125,3.404629945755005,3.125870943069458,4.431098937988281,4.669687271118164,6.275270462036133
0.12775558233261108,0.09956824779510498,0.10904336720705032,0.110355444252491,0.07934513688087463,0.07828736305236816,0.10959184914827347,0.09044165164232254,0.045339494943618774,0.0229019857943058,0.02407228946685791,0.030523553490638733,0.03906586021184921,0.03604630380868912,0.13962163031101227,0.445615291595459,0.32242345809936523,0.12270714342594147,0.03697977587580681,0.1902608573436737,0.14368678629398346,0.16543523967266083,0.4067364037036896,0.7424638271331787,0.9433755278587341,1.4723467826843262,1.8548827171325684,2.169078826904297,2.413424491882324,3.3796839714050293,6.025691509246826,4.056892395019531,5.4423370361328125,7.677967071533203,3.305131673812866,3.6282522678375244,3.9039671421051025,3.5752127170562744,3.2131333351135254,6.203672885894775,5.7517805099487305,5.548452854156494,6.901945114135742
0.6596518754959106,0.401966392993927,0.476799339056015,0.543262243270874,0.3845522105693817,0.23651538789272308,0.18649663031101227,0.37783282995224,0.49081456661224365,0.33384332060813904,0.282416433095932,0.14135633409023285,0.1458059400320053,0.19557832181453705,0.17568433284759521,0.7537563443183899,0.5417685508728027,0.21660535037517548,0.1578628420829773,0.1160697489976883,0.22339898347854614,0.19751013815402985,0.20816253125667572,0.7730268239974976,2.1067516803741455,3.681386709213257,5.4816155433654785,2.56134295463562,1.9043364524841309,5.518790245056152,6.099344253540039,4.382309913635254,5.158357620239258,6.467092990875244,5.501570701599121,2.610581636428833,2.5903584957122803,3.3453259468078613,4.071534156799316,7.459652900695801,5.923275470733643,6.276027679443359,7.911823749542236
1.8365681171417236,1.5825531482696533,1.7559345960617065,1.7170852422714233,1.23185133934021,0.9427216649055481,0.9508366584777832,1.1970757246017456,1.3576947450637817,1.2719430923461914,1.3066327571868896,0.695658802986145,1.1359705924987793,1.1301207542419434,0.7117101550102234,0.18932580947875977,0.5035852789878845,0.37639492750167847,0.05378306657075882,0.039007436484098434,0.14221398532390594,0.22164355218410492,0.3600187599658966,1.0382837057113647,1.9615577459335327,2.966045379638672,4.792688369750977,2.3340067863464355,1.8490639925003052,6.648525238037109,7.3392791748046875,5.977532863616943,5.959068298339844,7.146100044250488,7.3495306968688965,3.387739896774292,10.837450981140137,3.515002489089966,4.252197265625,5.715798377990723,5.252881050109863,7.247179985046387,9.0812349319458
2.7139885425567627,2.9574849605560303,3.20283842086792,2.9537367820739746,2.702857255935669,2.7293241024017334,2.7845983505249023,2.488379716873169,2.325421094894409,2.5984535217285156,2.260791540145874,1.4569767713546753,2.9359869956970215,2.8499979972839355,1.9976670742034912,0.30506542325019836,0.04072786495089531,0.032216478139162064,0.03263319656252861,0.0869046002626419,0.1849876344203949,0.49474307894706726,0.955595076084137,2.2154176235198975,4.033576965332031,3.831868886947632,2.368990659713745,2.3659324645996094,1.605424165725708,5.773874759674072,5.684139251708984,5.3515400886535645,5.718451499938965,8.23873519897461,9.822088241577148,3.377021074295044,9.634634971618652,9.028036117553711,6.323834419250488,5.1591644287109375,7.07059383392334,9.118630409240723,9.937606811523438
3.8780436515808105,4.482240200042725,4.253897666931152,4.316448211669922,4.024697780609131,4.192946434020996,3.917544364929199,3.5502588748931885,3.4330883026123047,3.7222800254821777,3.5381205081939697,2.847846746444702,3.3962833881378174,3.5241663455963135,2.7278473377227783,0.5654460191726685,0.06350456178188324,0.06044386327266693,0.8099070191383362,0.28112879395484924,0.4230809211730957,0.9874957203865051,1.7720977067947388,2.9535369873046875,4.879551887512207,5.462076187133789,4.063663482666016,2.524998903274536,2.7736966609954834,4.264107704162598,4.213773727416992,4.328649520874023,5.389186382293701,8.141777038574219,9.368051528930664,7.9235124588012695,8.141257286071777,9.589118957519531,8.836257934570312,8.045390129089355,9.059659957885742,11.31978702545166,9.62382984161377
8.446024894714355,9.862712860107422,8.882838249206543,4.339587211608887,5.145722389221191,4.780261993408203,4.366876125335693,4.374447345733643,4.329711437225342,4.508208274841309,4.318840980529785,4.156300067901611,3.0047061443328857,1.675923228263855,1.0922468900680542,0.49711981415748596,0.20197828114032745,0.16000160574913025,0.5774676203727722,0.7519790530204773,1.1659640073776245,2.0155320167541504,3.332151412963867,3.9291861057281494,4.213202953338623,5.316527843475342,6.0909600257873535,5.214258193969727,3.596064567565918,4.208914279937744,5.582798957824707,6.065571308135986,6.998829364776611,9.346845626831055,9.88981819152832,4.059261798858643,5.436502933502197,12.08104419708252,8.77824878692627,8.261873245239258,11.882493019104004,6.3295817375183105,11.667844772338867
9.204548835754395,11.530488014221191,10.679972648620605,8.708602905273438,4.906965732574463,5.331567764282227,4.883632183074951,5.0327301025390625,5.061495304107666,4.889821529388428,4.293159484863281,3.244112491607666,2.559903383255005,1.4047280550003052,0.44685158133506775,0.23674888908863068,0.8342052698135376,0.730157732963562,0.8301703929901123,1.3030539751052856,2.1353955268859863,3.0044100284576416,4.694199562072754,6.00885009765625,5.7103753089904785,6.107211589813232,7.775007247924805,8.260507583618164,6.8164238929748535,5.961705207824707,6.781369209289551,7.572174549102783,8.300520896911621,10.017779350280762,11.392252922058105,10.50492000579834,4.171260833740234,12.220590591430664,9.892473220825195,10.244385719299316,7.468868255615234,7.96024227142334,12.27208423614502
9.071381568908691,11.214287757873535,11.993642807006836,9.454752922058105,5.09450626373291,5.900901794433594,5.573588848114014,5.508072376251221,5.309016227722168,5.41522741317749,4.125574588775635,2.829646587371826,2.393587112426758,1.878630518913269,0.7976202964782715,0.7856656312942505,0.7851195335388184,1.1153513193130493,1.5554616451263428,2.8081936836242676,3.921794891357422,4.252237796783447,5.476297378540039,7.317190647125244,8.011131286621094,7.660055160522461,7.797857761383057,9.138763427734375,10.082602500915527,9.022733688354492,8.054766654968262,8.453607559204102,9.143705368041992,9.60278034210205,11.260459899902344,11.379002571105957,3.5499043464660645,6.347062110900879,15.70172119140625,13.627291679382324,6.891161918640137,7.642709255218506,12.438211441040039
7.762251377105713,9.440818786621094,11.75217056274414,11.46161937713623,4.9629669189453125,6.202776908874512,6.273098945617676,5.676451206207275,5.029703617095947,5.269930362701416,4.131771087646484,2.912360429763794,2.333549976348877,2.2079732418060303,0.8739268779754639,0.6538745164871216,1.1284881830215454,2.0445663928985596,2.8311445713043213,3.758192777633667,5.128711223602295,6.081682205200195,6.614874839782715,6.80402135848999,7.554488182067871,8.086782455444336,7.334377765655518,7.5905656814575195,9.308279037475586,9.651952743530273,9.087244987487793,9.969297409057617,10.653867721557617,9.877939224243164,10.673340797424316,12.269688606262207,13.253458976745605,4.647011756896973,15.705794334411621,13.372035026550293,12.444875717163086,10.979439735412598,10.286355972290039
5.185253143310547,6.222465991973877,8.153839111328125,8.63882827758789,8.242549896240234,5.038479804992676,6.133243083953857,5.516621112823486,4.518214702606201,4.434812068939209,3.797610282897949,3.044556140899658,2.6612935066223145,2.686005115509033,2.5512075424194336,1.2052708864212036,1.879710078239441,3.153775930404663,3.6284968852996826,4.5178608894348145,5.172163009643555,6.182703971862793,6.785192012786865,6.040355682373047,5.901752948760986,6.998149871826172,6.924565315246582,6.130893230438232,6.741135120391846,7.4623799324035645,7.7832794189453125,9.36223030090332,10.89616870880127,10.454874038696289,10.89423942565918,12.552754402160645,11.868473052978516,12.48200511932373,4.082571983337402,13.648509979248047,11.727764129638672,10.094609260559082,10.117588996887207
2.581937313079834,3.17903733253479,4.052005290985107,4.763210296630859,5.790832042694092,5.416340351104736,5.118732929229736,4.787328720092773,4.2760396003723145,3.8568103313446045,3.715411901473999,3.2712457180023193,2.9154202938079834,2.9566309452056885,3.4722213745117188,2.3252694606781006,2.437993049621582,3.0813241004943848,3.7114598751068115,5.2757415771484375,4.695746421813965,4.591659069061279,5.407386302947998,5.325990676879883,4.619225978851318,5.0042219161987305,5.539323806762695,5.217787265777588,5.142134666442871,5.50091552734375,5.586935043334961,6.2210373878479,7.195235729217529,7.206499099731445,8.412915229797363,9.74026870727539,9.330217361450195,8.058236122131348,8.525035858154297,9.260649681091309,9.680458068847656,9.154014587402344,8.790979385375977
0.989729106426239,1.2996450662612915,1.8376516103744507,2.8454926013946533,5.338160514831543,11.012201309204102,3.8960633277893066,3.983177900314331,3.9522714614868164,3.5171284675598145,3.0623598098754883,2.789372444152832,2.8371527194976807,3.0391974449157715,4.807336330413818,3.440281867980957,3.6173295974731445,3.1798255443573,3.124903678894043,4.681519985198975,4.797542095184326,3.756192207336426,3.8549466133117676,4.274509906768799,3.72428822517395,3.3820455074310303,3.6596903800964355,3.549947500228882,3.4263246059417725,3.629802942276001,3.589779853820801,3.6504476070404053,3.9083220958709717,3.9609415531158447,4.283427715301514,5.172913074493408,5.376072883605957,5.258112907409668,5.1916728019714355,5.529964447021484,6.326038837432861,6.745598316192627,6.588024616241455
0.3570231795310974,0.4449290633201599,0.7094506621360779,1.3163855075836182,4.488181114196777,3.993133544921875,3.724294900894165,3.350994825363159,2.7985641956329346,2.7554657459259033,2.5282461643218994,2.320075273513794,2.448699712753296,2.770848512649536,4.98939323425293,4.087589263916016,5.159143924713135,4.625128746032715,3.311255693435669,2.976308822631836,3.5170421600341797,3.142902374267578,2.8813326358795166,2.9454710483551025,2.603181838989258,2.2420504093170166,2.1142539978027344,1.900987148284912,1.777194857597351,1.8642281293869019,1.9155174493789673,1.8890812397003174,2.0336546897888184,1.9840328693389893,1.7656065225601196,1.8146321773529053,2.192063808441162,2.7693686485290527,3.030881881713867,3.287632465362549,3.9235620498657227,4.357025146484375,4.966577529907227
