earth/public/data/atmosphere/W07/ANN-temp-isobaric-700hPa-gfs-1.0.json
{"header": {"discipline": 0, "disciplineName": "Meteorological products", "gribEdition": 2, "gribLength": 17922.0, "center": 0, "centerName": "Kiel Climate Model", "subcenter": 0, "refTime": "1", "significanceOfRT": 1, "significanceOfRTName": "Start of forecast", "productStatus": 0, "productStatusName": "Operational products", "productType": 1, "productTypeName": "Forecast products", "productDefinitionTemplate": 0, "productDefinitionTemplateName": "Analysis/forecast at horizontal level/layer at a point in time", "parameterCategory": 2, "parameterCategoryName": "Momentum", "parameterNumber": 2, "parameterNumberName": "U-component_of_wind", "parameterUnit": "K", "genProcessType": 2, "genProcessTypeName": "Forecast", "forecastTime": 0, "surface1Type": 103, "surface1TypeName": "Specified height level above ground", "surface1Value": 10, "surface2Type": 255, "surface2TypeName": "Missing", "surface2Value": 0, "gridDefinitionTemplate": 0, "gridDefinitionTemplateName": "Latitude_Longitude", "numberPoints": 65160, "shape": 6, "shapeName": "Earth spherical with radius of 6,371,229.0 m", "gridUnits": "degrees", "resolution": 48, "winds": "true", "scanMode": 0, "nx": 128.0, "ny": 64.0, "basicAngle": 0, "subDivisions": 0, "lo1": 0.0, "la1": 87.86379883923263, "lo2": 357.1875, "la2": -87.86379883923263, "dx": 2.8125, "dy": 2.7893269472772264}, "data":
[rows 0 to 19 of 64, columns 0 to 43 of 128]
252.62454223632812,252.62399291992188,252.62245178222656,252.61996459960938,252.61647033691406,252.61199951171875,252.60655212402344,252.60015869140625,252.5928192138672,252.5845489501953,252.57540893554688,252.5653839111328,252.55455017089844,252.54293823242188,252.53060913085938,252.51756286621094,252.50393676757812,252.48974609375,252.4750518798828,252.4599609375,252.44448852539062,252.4287567138672,252.4127655029297,252.39663696289062,252.3804168701172,252.36415100097656,252.347900390625,252.3317108154297,252.3156280517578,252.2996826171875,252.28390502929688,252.26832580566406,252.25296020507812,252.23785400390625,252.22296142578125,252.2082977294922,252.1938934326172,252.1797332763672,252.1658172607422,252.15211486816406,252.13864135742188,252.12539672851562,252.1123504638672,252.09950256347656
253.19488525390625,253.1972198486328,253.19842529296875,253.1984100341797,253.19692993164062,253.19363403320312,253.18814086914062,253.1800537109375,253.1689910888672,253.1545867919922,253.13662719726562,253.11495971679688,253.08958435058594,253.0606231689453,253.02828979492188,252.99298095703125,252.95513916015625,252.91525268554688,252.8738555908203,252.83155822753906,252.78884887695312,252.7462921142578,252.70431518554688,252.66331481933594,252.62364196777344,252.58555603027344,252.54925537109375,252.5148468017578,252.48243713378906,252.45201110839844,252.4235382080078,252.39697265625,252.37220764160156,252.34913635253906,252.32762145996094,252.30752563476562,252.28868103027344,252.27096557617188,252.2541961669922,252.23828125,252.22305297851562,252.20840454101562,252.19422912597656,252.18043518066406
253.7167510986328,253.7052764892578,253.7009735107422,253.7030487060547,253.7096405029297,253.71798706054688,253.72494506835938,253.72732543945312,253.72215270996094,253.7072296142578,253.6810760498047,253.64317321777344,253.59390258789062,253.53443908691406,253.466552734375,253.3924102783203,253.3142852783203,253.2344207763672,253.15484619140625,253.0771942138672,253.0027313232422,252.93218994140625,252.8660125732422,252.8042449951172,252.74667358398438,252.69290161132812,252.64244079589844,252.59483337402344,252.54965209960938,252.50656127929688,252.46533203125,252.4258575439453,252.38815307617188,252.3522491455078,252.3182373046875,252.28623962402344,252.25628662109375,252.22842407226562,252.2025604248047,252.17857360839844,252.1562957763672,252.135498046875,252.1160125732422,252.09768676757812
254.52847290039062,254.4817657470703,254.46080017089844,254.463134765625,254.48179626464844,254.507080078125,254.5282745361328,254.5355987548828,254.52162170410156,254.48214721679688,254.41644287109375,254.32693481445312,254.21856689453125,254.09765625,253.97103881835938,253.8450927734375,253.72506713867188,253.61465454101562,253.5159149169922,253.42935180664062,253.35411071777344,253.28842163085938,253.2299346923828,253.17604064941406,253.124267578125,253.07235717773438,253.01864624023438,252.9619140625,252.90176391601562,252.8382110595703,252.77203369140625,252.7044219970703,252.6369171142578,252.57125854492188,252.5091552734375,252.4522247314453,252.40164184570312,252.35816955566406,252.32199096679688,252.2927703857422,252.2696533203125,252.25135803222656,252.23635864257812,252.2230682373047
255.65011596679688,255.56826782226562,255.53982543945312,255.55491638183594,255.5940399169922,255.6338348388672,255.65267944335938,255.6348876953125,255.57275390625,255.4671173095703,255.32559204101562,255.16030883789062,254.98486328125,254.8118438720703,254.65086364746094,254.5076141357422,254.3839111328125,254.27833557128906,254.1874542236328,254.10691833496094,254.03245544433594,253.96055603027344,253.88865661621094,253.8150634765625,253.73886108398438,253.6593475341797,253.5762176513672,253.4891815185547,253.3983917236328,253.30430603027344,253.20816040039062,253.11180114746094,253.01760864257812,252.9285430908203,252.8474578857422,252.77700805664062,252.71922302246094,252.67529296875,252.64544677734375,252.6290283203125,252.62457275390625,252.62991333007812,252.64251708984375,252.6595458984375
256.6525573730469,256.598876953125,256.61846923828125,256.6787109375,256.7411804199219,256.7723388671875,256.750732421875,256.6697082519531,256.5360412597656,256.3661193847656,256.180419921875,255.99807739257812,255.83277893066406,255.69068908691406,255.57012939453125,255.4636993408203,255.3609619140625,255.25192260742188,255.12960815429688,254.99160766601562,254.84022521972656,254.68130493164062,254.52239990234375,254.3704376220703,254.23020935058594,254.10324096679688,253.98788452148438,253.88027954101562,253.7757568359375,253.67047119140625,253.56256103515625,253.4527587890625,253.34405517578125,253.24099731445312,253.1483154296875,253.0698699951172,253.0076904296875,252.9617919921875,252.930419921875,252.91087341308594,252.90042114257812,252.89715576171875,252.90048217773438,252.9110565185547
257.6687927246094,257.75677490234375,257.860595703125,257.932373046875,257.94110107421875,257.87713623046875,257.74951171875,257.5794372558594,257.3928527832031,257.2135925292969,257.0584716796875,256.93463134765625,256.8388671875,256.7593078613281,256.67877197265625,256.5794677734375,256.44769287109375,256.27728271484375,256.0711364746094,255.8404541015625,255.6017303466797,255.37269592285156,255.16830444335938,254.9972686767578,254.86041259765625,254.75086975097656,254.65606689453125,254.56105041503906,254.45240783691406,254.3217010498047,254.16763305664062,253.9962921142578,253.81948852539062,253.65158081054688,253.505859375,253.39144897460938,253.31146240234375,253.26284790039062,253.23770141601562,253.22552490234375,253.2161407470703,253.20223999023438,253.1815948486328,253.1577606201172
259.13134765625,259.2792053222656,259.31536865234375,259.2370300292969,259.0738830566406,258.86956787109375,258.6637268066406,258.4815979003906,258.33233642578125,258.2132873535156,258.1157531738281,258.02862548828125,257.94012451171875,257.83795166015625,257.7110595703125,257.5517883300781,257.3587951660156,257.13818359375,256.9026184082031,256.6680908203125,256.4500732421875,256.2598571777344,256.1024475097656,255.97586059570312,255.8715362548828,255.775634765625,255.67129516601562,255.54156494140625,255.37319946289062,255.16067504882812,254.9086456298828,254.632080078125,254.35337829589844,254.0968017578125,253.8827362060547,253.72332763671875,253.62115478515625,253.57064819335938,253.5610809326172,253.5791015625,253.61041259765625,253.64100646972656,253.6593780517578,253.65992736816406
260.50164794921875,260.4476623535156,260.25738525390625,260.0054931640625,259.7709655761719,259.60400390625,259.51214599609375,259.4677734375,259.4299011230469,259.36614990234375,259.2640075683594,259.1285705566406,258.9723815917969,258.8052673339844,258.6307678222656,258.4485778808594,258.25958251953125,258.06829833984375,257.8814697265625,257.70440673828125,257.537841796875,257.37799072265625,257.2189025878906,257.0556945800781,256.8859558105469,256.7088317871094,256.52215576171875,256.32061767578125,256.096435546875,255.84347534179688,255.56272888183594,255.2657012939453,254.97299194335938,254.70761108398438,254.48635864257812,254.31390380859375,254.18357849121094,254.08447265625,254.0101776123047,253.9630126953125,253.9503631591797,253.97518920898438,254.0279998779297,254.08755493164062
261.2122497558594,260.9964294433594,260.76385498046875,260.5916748046875,260.5229797363281,260.5497131347656,260.62005615234375,260.6665344238281,260.6389465332031,260.52557373046875,260.3518371582031,260.1601257324219,259.9842529296875,259.8350524902344,259.70233154296875,259.5686340332031,259.42205810546875,259.26123046875,259.091064453125,258.91595458984375,258.73565673828125,258.5460205078125,258.3432922363281,258.1279602050781,257.9060974121094,257.6868896484375,257.4768981933594,257.27490234375,257.0703125,256.8476257324219,256.59576416015625,256.31689453125,256.02880859375,255.75791931152344,255.525390625,255.3347625732422,255.16925048828125,255.0024871826172,254.81800842285156,254.6250457763672,254.4588165283203,254.3618927001953,254.35633850097656,254.4264373779297
261.94036865234375,261.8596496582031,261.8152160644531,261.81219482421875,261.839111328125,261.8716125488281,261.87823486328125,261.83050537109375,261.71661376953125,261.5513610839844,261.37127685546875,261.21435546875,261.0976257324219,261.0094299316406,260.9216003417969,260.8096008300781,260.6645812988281,260.4920654296875,260.3036804199219,260.11083984375,259.9227600097656,259.7454528808594,259.58026123046875,259.4226989746094,259.2650451660156,259.10009765625,258.9231872558594,258.73040771484375,258.51495361328125,258.2666931152344,257.9767761230469,257.6455078125,257.2875671386719,256.9305725097656,256.6054382324219,256.3331298828125,256.1131896972656,255.9222412109375,255.72630310058594,255.5047149658203,255.27166748046875,255.0765838623047,254.9755859375,254.99072265625
263.1672058105469,263.22027587890625,263.2398376464844,263.194580078125,263.087158203125,262.954345703125,262.8376159667969,262.75079345703125,262.6766357421875,262.59185791015625,262.4921875,262.3902587890625,262.2955627441406,262.20306396484375,262.1019592285156,261.98876953125,261.8666076660156,261.7347412109375,261.5869445800781,261.422607421875,261.2554931640625,261.1055908203125,260.98114013671875,260.868896484375,260.7424011230469,260.57861328125,260.3681640625,260.1142578125,259.8260192871094,259.51348876953125,259.18634033203125,258.85260009765625,258.51580810546875,258.1736755371094,257.8240661621094,257.47686767578125,257.1590576171875,256.90106201171875,256.7099304199219,256.5569152832031,256.40020751953125,256.2284240722656,256.0787658691406,256.0037841796875
264.4197692871094,264.4017639160156,264.33056640625,264.19769287109375,264.0332336425781,263.9000549316406,263.8468322753906,263.8614501953125,263.8790283203125,263.84149169921875,263.7455749511719,263.6301574707031,263.528076171875,263.444091796875,263.3743896484375,263.324462890625,263.2932434082031,263.2521057128906,263.1601867675781,263.00555419921875,262.82037353515625,262.6477355957031,262.4989929199219,262.349853515625,262.1720275878906,261.9600524902344,261.7257385253906,261.4760437011719,261.204345703125,260.9042663574219,260.58990478515625,260.29815673828125,260.064453125,259.88653564453125,259.7098388671875,259.4613037109375,259.11444091796875,258.7256774902344,258.39453125,258.17742919921875,258.04229736328125,257.9150085449219,257.7632751464844,257.61968994140625
265.6583251953125,265.5364685058594,265.413330078125,265.30987548828125,265.2355651855469,265.202880859375,265.2121887207031,265.22454833984375,265.18072509765625,265.0667419433594,264.94305419921875,264.8843994140625,264.9004821777344,264.9405517578125,264.9695129394531,265.0009765625,265.0426330566406,265.0453186035156,264.94549560546875,264.74835205078125,264.5321960449219,264.3617248535156,264.2230529785156,264.0587463378906,263.84832763671875,263.630615234375,263.451904296875,263.3106689453125,263.1571350097656,262.9366455078125,262.63629150390625,262.3073425292969,262.04833984375,261.9397888183594,261.9613952636719,261.9715270996094,261.8011779785156,261.3992004394531,260.8827819824219,260.42974853515625,260.1225280761719,259.91046142578125,259.7113342285156,259.50872802734375
267.1163330078125,266.923583984375,266.75189208984375,266.6429138183594,266.5785217285156,266.5262145996094,266.4722900390625,266.40570068359375,266.3143310546875,266.2269287109375,266.2224426269531,266.3470153808594,266.5386962890625,266.6878967285156,266.76861572265625,266.8488464355469,266.9566650390625,267.00518798828125,266.90020751953125,266.6790466308594,266.47430419921875,266.3520202636719,266.25,266.0854797363281,265.8666076660156,265.66534423828125,265.5185852050781,265.4005126953125,265.27630615234375,265.1363525390625,264.97412109375,264.7770690917969,264.573486328125,264.4570007324219,264.5022888183594,264.6353454589844,264.6325378417969,264.30303955078125,263.6763610839844,262.9768371582031,262.4079895019531,261.99505615234375,261.6455078125,261.3064270019531
268.5143127441406,268.32537841796875,268.1534423828125,268.0352783203125,267.9440612792969,267.8412170410156,267.738037109375,267.6702880859375,267.6478271484375,267.6756591796875,267.7878112792969,267.99554443359375,268.2291259765625,268.40899658203125,268.5632629394531,268.7801208496094,269.032958984375,269.16021728515625,269.06951904296875,268.87054443359375,268.7263488769531,268.64404296875,268.5140075683594,268.3145751953125,268.1551818847656,268.1022033691406,268.0675048828125,267.9299621582031,267.7113952636719,267.5618896484375,267.5781555175781,267.69189453125,267.7618103027344,267.74273681640625,267.7099609375,267.7021484375,267.5929260253906,267.1873474121094,266.4526062011719,265.5921325683594,264.8535461425781,264.3003845214844,263.8210144042969,263.3283996582031
269.96588134765625,269.92218017578125,269.86749267578125,269.8105163574219,269.72845458984375,269.5867614746094,269.415771484375,269.2909851074219,269.2436828613281,269.25640869140625,269.3326416015625,269.50042724609375,269.7591552734375,270.09564208984375,270.5245361328125,271.0115051269531,271.3808288574219,271.4474182128906,271.26446533203125,271.0892333984375,271.0462646484375,270.9835510253906,270.7622985839844,270.536865234375,270.5770263671875,270.8930969238281,271.20806884765625,271.286865234375,271.1576232910156,270.99951171875,270.92449951171875,270.91131591796875,270.888916015625,270.82940673828125,270.7539367675781,270.6510925292969,270.4076232910156,269.87213134765625,269.02716064453125,268.0677795410156,267.2503662109375,266.6595458984375,266.1722717285156,265.6596984863281
271.844482421875,271.8465576171875,271.78167724609375,271.6731872558594,271.5340270996094,271.3297119140625,271.0732116699219,270.85528564453125,270.7478332519531,270.7470703125,270.8355712890625,271.0406494140625,271.4147644042969,271.9936218261719,272.7381591796875,273.44952392578125,273.81744384765625,273.7112121582031,273.38739013671875,273.2145080566406,273.2054443359375,273.0689697265625,272.7520446777344,272.6199951171875,272.95465087890625,273.5508728027344,274.0238342285156,274.2950744628906,274.5196838378906,274.685791015625,274.574951171875,274.1039123535156,273.497802734375,273.072509765625,272.9353332519531,272.9180603027344,272.73822021484375,272.207763671875,271.346435546875,270.35693359375,269.48712158203125,268.86053466796875,268.40985107421875,267.9945983886719
273.7333679199219,273.5523681640625,273.3022766113281,273.0563659667969,272.8698425292969,272.7042541503906,272.52227783203125,272.379638671875,272.3638916015625,272.48638916015625,272.68853759765625,272.94097900390625,273.30438232421875,273.87994384765625,274.6668395996094,275.4440612792969,275.8778076171875,275.8566589355469,275.6388854980469,275.5031433105469,275.36761474609375,275.04412841796875,274.76922607421875,275.0198974609375,275.7401428222656,276.2518615722656,276.15399169921875,275.8755187988281,276.0314636230469,276.5645751953125,276.8653869628906,276.55487060546875,275.8592529296875,275.2733154296875,275.03875732421875,274.969482421875,274.7138977050781,274.118896484375,273.3033447265625,272.4595031738281,271.7153625488281,271.1488037109375,270.7739562988281,270.4996337890625
275.3161315917969,275.0126037597656,274.6872863769531,274.4052734375,274.2273864746094,274.13934326171875,274.0834045410156,274.05743408203125,274.1291809082031,274.33111572265625,274.5945129394531,274.8411865234375,275.11004638671875,275.5321960449219,276.17041015625,276.9073181152344,277.52178955078125,277.893798828125,278.0740051269531,278.0888366699219,277.8358459472656,277.4107360839844,277.352783203125,278.0765686035156,279.08135986328125,279.300048828125,278.37811279296875,277.10479736328125,276.43084716796875,276.5332946777344,276.9717102050781,277.3007507324219,277.3548583984375,277.2267761230469,277.06793212890625,276.8190612792969,276.27069091796875,275.4521179199219,274.6850280761719,274.1642150878906,273.78485107421875,273.44610595703125,273.2095947265625,273.08636474609375
