earth/public/data/atmosphere/W07/ANN-wind-isobaric-10hPa-gfs-1.0.json
{"header": {"discipline": 0, "disciplineName": "Meteorological products", "gribEdition": 2, "gribLength": 17922.0, "center": 0, "centerName": "Kiel Climate Model", "subcenter": 0, "refTime": "1", "significanceOfRT": 1, "significanceOfRTName": "Start of forecast", "productStatus": 0, "productStatusName": "Operational products", "productType": 1, "productTypeName": "Forecast products", "productDefinitionTemplate": 0, "productDefinitionTemplateName": "Analysis/forecast at horizontal level/layer at a point in time", "parameterCategory": 2, "parameterCategoryName": "Momentum", "parameterNumber": 2, "parameterNumberName": "U-component_of_wind", "parameterUnit": "m/s", "genProcessType": 2, "genProcessTypeName": "Forecast", "forecastTime": 0, "surface1Type": 103, "surface1TypeName": "Specified height level above ground", "surface1Value": 10, "surface2Type": 255, "surface2TypeName": "Missing", "surface2Value": 0, "gridDefinitionTemplate": 0, "gridDefinitionTemplateName": "Latitude_Longitude", "numberPoints": 65160, "shape": 6, "shapeName": "Earth spherical with radius of 6,371,229.0 m", "gridUnits": "degrees", "resolution": 48, "winds": "true", "scanMode": 0, "nx": 128.0, "ny": 64.0, "basicAngle": 0, "subDivisions": 0, "lo1": 0.0, "la1": 87.86379883923263, "lo2": 357.1875, "la2": -87.86379883923263, "dx": 2.8125, "dy": 2.7893269472772264}, "data":
[rows 0 to 18 of 64, columns 43 to 85 of 128]
-0.8126348257064819,-0.27788031101226807,0.2663470208644867,0.8183436393737793,1.3763455152511597,1.938504695892334,2.503007650375366,3.067978620529175,3.631516695022583,4.191720008850098,4.746679782867432,5.294515132904053,5.83335018157959,6.361388683319092,6.8768110275268555,7.377910614013672,7.862965106964111,8.330438613891602,8.778773307800293,9.206542015075684,9.61241626739502,9.995148658752441,10.353615760803223,10.686765670776367,10.993757247924805,11.273746490478516,11.526062965393066,11.750175476074219,11.945648193359375,12.112140655517578,12.249502182006836,12.357632637023926,12.43656063079834,12.486419677734375,12.507468223571777,12.500061988830566,12.464629173278809,12.401701927185059,12.311932563781738,12.196002006530762,12.054672241210938,11.888790130615234,11.699254989624023
1.289282202720642,1.8634530305862427,2.4534873962402344,3.05708646774292,3.671797513961792,4.295061111450195,4.9242262840271,5.556550025939941,6.189204692840576,6.8194098472595215,7.444269180297852,8.06096363067627,8.666645050048828,9.258610725402832,9.834127426147461,10.390669822692871,10.92577838897705,11.437129974365234,11.922615051269531,12.380244255065918,12.808265686035156,13.205127716064453,13.569479942321777,13.900215148925781,14.196391105651855,14.457391738891602,14.682666778564453,14.872020721435547,15.02534008026123,15.14274787902832,15.22458267211914,15.271267890930176,15.28342342376709,15.261797904968262,15.207297325134277,15.120901107788086,15.003726959228516,14.857019424438477,14.682073593139648,14.480298042297363,14.253175735473633,14.002260208129883,13.729177474975586
3.644665479660034,4.234217643737793,4.845492839813232,5.475469589233398,6.1208882331848145,6.778238296508789,7.443920612335205,8.114197731018066,8.785287857055664,9.453384399414062,10.114738464355469,10.765698432922363,11.402669906616211,12.022233963012695,12.621066093444824,13.196029663085938,13.744227409362793,14.262894630432129,14.749604225158691,15.202082633972168,15.618473052978516,15.99714183807373,16.336793899536133,16.6364803314209,16.89556884765625,17.1137638092041,17.290979385375977,17.427507400512695,17.523826599121094,17.580537796020508,17.598569869995117,17.578901290893555,17.522632598876953,17.43103790283203,17.3054256439209,17.14722442626953,16.957975387573242,16.739253997802734,16.4928035736084,16.220375061035156,15.923908233642578,15.605365753173828,15.266779899597168
6.136770725250244,6.720075607299805,7.330097675323486,7.962718486785889,8.613353729248047,9.277119636535645,9.94900894165039,10.624007225036621,11.297270774841309,11.964132308959961,12.62026309967041,13.261568069458008,13.884334564208984,14.485084533691406,15.06058406829834,15.607845306396484,16.12406349182129,16.606700897216797,17.053401947021484,17.462135314941406,17.83115005493164,18.1590518951416,18.444866180419922,18.687992095947266,18.888233184814453,19.045696258544922,19.160877227783203,19.234458923339844,19.267353057861328,19.260650634765625,19.21558380126953,19.133464813232422,19.01576042175293,18.863964080810547,18.679704666137695,18.46473503112793,18.22086524963379,17.94999885559082,17.654178619384766,17.33547019958496,16.996028900146484,16.638107299804688,16.26393699645996
8.707518577575684,9.250725746154785,9.8228178024292,10.41894245147705,11.03376579284668,11.661505699157715,12.296430587768555,12.932761192321777,13.564984321594238,14.187958717346191,14.79691219329834,15.387611389160156,15.956191062927246,16.49931526184082,17.01390838623047,17.49724006652832,17.946788787841797,18.360307693481445,18.7357234954834,19.071325302124023,19.36577796936035,19.618221282958984,19.828266143798828,19.99601936340332,20.121997833251953,20.207040786743164,20.252212524414062,20.25870132446289,20.227718353271484,20.16058349609375,20.058645248413086,19.92339515686035,19.756465911865234,19.55962371826172,19.334766387939453,19.083871841430664,18.809011459350586,18.512245178222656,18.195629119873047,17.86119270324707,17.51093864440918,17.14690589904785,16.771095275878906
11.328052520751953,11.792342185974121,12.282374382019043,12.793667793273926,13.321540832519531,13.861114501953125,14.407325744628906,14.95490550994873,15.498546600341797,16.03290557861328,16.552833557128906,17.053613662719727,17.530929565429688,17.981191635131836,18.40131187438965,18.788715362548828,19.141176223754883,19.45672607421875,19.733646392822266,19.970579147338867,20.166690826416016,20.32175636291504,20.43636131286621,20.51175880432129,20.54967498779297,20.552082061767578,20.520849227905273,20.457683563232422,20.36405372619629,20.241296768188477,20.090852737426758,19.914411544799805,19.714017868041992,19.49199676513672,19.250747680664062,18.992544174194336,18.719404220581055,18.432788848876953,18.13372039794922,17.822866439819336,17.50065803527832,17.16758155822754,16.82431983947754
13.87151050567627,14.238249778747559,14.621540069580078,15.017474174499512,15.422710418701172,15.8340425491333,16.248077392578125,16.660999298095703,17.068523406982422,17.466032028198242,17.84882926940918,18.21243667602539,18.552824020385742,18.86662483215332,19.151195526123047,19.404495239257812,19.625051498413086,19.811622619628906,19.963106155395508,20.07870864868164,20.157981872558594,20.201444625854492,20.210552215576172,20.187774658203125,20.136035919189453,20.05828094482422,19.956817626953125,19.833145141601562,19.68802833557129,19.52202033996582,19.336034774780273,19.131759643554688,18.91181182861328,18.679523468017578,18.438505172729492,18.191940307617188,17.942331314086914,17.690988540649414,17.438074111938477,17.182710647583008,16.923274993896484,16.657743453979492,16.38425064086914
16.257232666015625,16.49182891845703,16.729984283447266,16.969942092895508,17.210798263549805,17.451684951782227,17.691307067871094,17.927688598632812,18.15851402282715,18.381196975708008,18.59296989440918,18.790552139282227,18.970239639282227,19.127826690673828,19.259443283081055,19.362207412719727,19.434635162353516,19.476564407348633,19.488725662231445,19.472248077392578,19.428482055664062,19.3592472076416,19.267114639282227,19.155353546142578,19.02737045288086,18.885942459106445,18.732463836669922,18.566862106323242,18.38802146911621,18.194854736328125,17.987045288085938,17.765884399414062,17.53421974182129,17.296262741088867,17.05668830871582,16.820226669311523,16.590822219848633,16.371400833129883,16.163469314575195,15.967130661010742,15.780903816223145,15.60180377960205,15.425570487976074
18.275169372558594,18.307634353637695,18.3382625579834,18.371387481689453,18.41067886352539,18.457767486572266,18.51192283630371,18.570533752441406,18.630624771118164,18.689769744873047,18.745811462402344,18.79566192626953,18.83404541015625,18.853734970092773,18.847095489501953,18.80872917175293,18.73725128173828,18.63533592224121,18.50832176208496,18.362096786499023,18.20163345336914,18.030643463134766,17.851978302001953,17.667850494384766,17.479955673217773,17.28883934020996,17.093727111816406,16.892911911010742,16.684465408325195,16.46738624572754,16.24199867248535,16.010059356689453,15.77453327178955,15.539259910583496,15.3085355758667,15.08700180053711,14.879090309143066,14.688782691955566,14.519272804260254,14.372666358947754,14.249564170837402,14.14838981628418,14.06493854522705
19.408042907714844,19.2342529296875,19.0744686126709,18.937530517578125,18.828493118286133,18.746726989746094,18.685518264770508,18.634172439575195,18.581787109375,18.520565032958984,18.446372985839844,18.35692024230957,18.249094009399414,18.117944717407227,17.95841407775879,17.768388748168945,17.55092430114746,17.31375503540039,17.066648483276367,16.8181209564209,16.573509216308594,16.334766387939453,16.101531982421875,15.872211456298828,15.644647598266602,15.41633415222168,15.185019493103027,14.949484825134277,14.710381507873535,14.47030258178711,14.232916831970215,14.001710891723633,13.779075622558594,13.566726684570312,13.366318702697754,13.180154800415039,13.011073112487793,12.86191177368164,12.735367774963379,12.634123802185059,12.560863494873047,12.517227172851562,12.502121925354004
19.51801872253418,19.25588035583496,19.030885696411133,18.845033645629883,18.694250106811523,18.567771911621094,18.448759078979492,18.317703247070312,18.15760040283203,17.958337783813477,17.71818733215332,17.441577911376953,17.135852813720703,16.80879020690918,16.46836280822754,16.123271942138672,15.782832145690918,15.455183029174805,15.145515441894531,14.855072975158691,14.581910133361816,14.322163581848145,14.071561813354492,13.826240539550781,13.582842826843262,13.338993072509766,13.093832969665527,12.848557472229004,12.606876373291016,12.374119758605957,12.15554428100586,11.954240798950195,11.770160675048828,11.60105037689209,11.444696426391602,11.30042839050293,11.169487953186035,11.054130554199219,10.957635879516602,10.884881019592285,10.842848777770996,10.839083671569824,10.877901077270508
19.206098556518555,18.96211814880371,18.747661590576172,18.548181533813477,18.34443473815918,18.116621017456055,17.849151611328125,17.533870697021484,17.170310974121094,16.764015197753906,16.324045181274414,15.861231803894043,15.38788890838623,14.917901992797852,14.465929985046387,14.04483413696289,13.661893844604492,13.316697120666504,13.002364158630371,12.709654808044434,12.431111335754395,12.162429809570312,11.901748657226562,11.648295402526855,11.402223587036133,11.164884567260742,10.938555717468262,10.725786209106445,10.528838157653809,10.349615097045898,10.189604759216309,10.048781394958496,9.92461109161377,9.812125205993652,9.705912590026855,9.60251522064209,9.501729965209961,9.4068603515625,9.32419490814209,9.263230323791504,9.236379623413086,9.256571769714355,9.333166122436523
18.88904571533203,18.622724533081055,18.338987350463867,18.015850067138672,17.629833221435547,17.167049407958984,16.633140563964844,16.053138732910156,15.459938049316406,14.880424499511719,14.328041076660156,13.804917335510254,13.308959007263184,12.84013557434082,12.40181827545166,11.997432708740234,11.62575626373291,11.279440879821777,10.948756217956543,10.627413749694824,10.315400123596191,10.0167236328125,9.734984397888184,9.47181510925293,9.228671073913574,9.008888244628906,8.81669807434082,8.654058456420898,8.51891803741455,8.406998634338379,8.314584732055664,8.239866256713867,8.181169509887695,8.134943962097168,8.095658302307129,8.057798385620117,8.0191011428833,7.981732368469238,7.95196008682251,7.938180446624756,7.949008464813232,7.992218017578125,8.075039863586426
18.248607635498047,17.824453353881836,17.338706970214844,16.787466049194336,16.166412353515625,15.483222961425781,14.76706600189209,14.061590194702148,13.404871940612793,12.813800811767578,12.283742904663086,11.799878120422363,11.34809684753418,10.919057846069336,10.50660228729248,10.10563850402832,9.711254119873047,9.320337295532227,8.934247016906738,8.560190200805664,8.208582878112793,7.8878173828125,7.600282192230225,7.343924045562744,7.11713981628418,6.922039031982422,6.762498378753662,6.64005184173584,6.551689147949219,6.4918975830078125,6.455863952636719,6.441179275512695,6.447017669677734,6.472235202789307,6.51433801651001,6.569888114929199,6.636245250701904,6.712695121765137,6.799668312072754,6.895926475524902,6.996295928955078,7.093064785003662,7.182418346405029
16.888843536376953,16.244853973388672,15.540197372436523,14.802248001098633,14.055068016052246,13.324567794799805,12.639793395996094,12.02090835571289,11.465256690979004,10.949424743652344,10.44772720336914,9.949285507202148,9.458575248718262,8.98335075378418,8.524401664733887,8.076379776000977,7.6353864669799805,7.204689979553223,6.794208526611328,6.41511869430542,6.074957370758057,5.775463581085205,5.514259338378906,5.288573741912842,5.097650527954102,4.9426045417785645,4.824545860290527,4.743473052978516,4.698968887329102,4.690125942230225,4.7144575119018555,4.767211437225342,4.843217849731445,4.939979553222656,5.058452606201172,5.200831413269043,5.367640018463135,5.556364059448242,5.761027812957764,5.971956253051758,6.176017761230469,6.358760356903076,6.509649753570557
14.850937843322754,14.099026679992676,13.327693939208984,12.574353218078613,11.867265701293945,11.223882675170898,10.647465705871582,10.12070369720459,9.608373641967773,9.076044082641602,8.51183032989502,7.9318413734436035,7.3646931648254395,6.830847263336182,6.334214210510254,5.8690185546875,5.4315385818481445,5.025339126586914,4.657398700714111,4.3310956954956055,4.043945789337158,3.7917890548706055,3.574094533920288,3.3946762084960938,3.2575716972351074,3.162929058074951,3.1073384284973145,3.0878467559814453,3.104841947555542,3.160743236541748,3.254974603652954,3.381380558013916,3.5315072536468506,3.7006192207336426,3.889784336090088,4.102819919586182,4.3417744636535645,4.604181289672852,4.882106781005859,5.163630962371826,5.4381022453308105,5.700604438781738,5.949472427368164
12.474349975585938,11.80151653289795,11.147815704345703,10.529394149780273,9.94729232788086,9.388269424438477,8.829705238342285,8.248568534851074,7.634091854095459,6.997052192687988,6.364980220794678,5.765501499176025,5.212568759918213,4.706127166748047,4.240644454956055,3.8126492500305176,3.4222207069396973,3.071434259414673,2.7617502212524414,2.491469144821167,2.2571322917938232,2.0577356815338135,1.8971874713897705,1.7810254096984863,1.7111786603927612,1.6855171918869019,1.7007720470428467,1.7546348571777344,1.8455431461334229,1.9719895124435425,2.1321983337402344,2.3235950469970703,2.5429558753967285,2.7872822284698486,3.053701877593994,3.3394365310668945,3.6433773040771484,3.9658796787261963,4.303016185760498,4.642439365386963,4.971189022064209,5.289128303527832,5.608517646789551
10.115145683288574,9.588129043579102,9.080145835876465,8.584386825561523,8.07751750946045,7.530162811279297,6.922813415527344,6.259909152984619,5.5745930671691895,4.915411949157715,4.319033622741699,3.7910079956054688,3.3128185272216797,2.866173267364502,2.448605537414551,2.0679242610931396,1.7293769121170044,1.4322937726974487,1.1749778985977173,0.9579119086265564,0.7827874422073364,0.6520920991897583,0.5680884122848511,0.5296562910079956,0.5322080850601196,0.5732907056808472,0.6560171246528625,0.783102810382843,0.9500714540481567,1.148327350616455,1.3734664916992188,1.6272815465927124,1.9127917289733887,2.2293102741241455,2.5706751346588135,2.92824387550354,3.2976832389831543,3.6825509071350098,4.085783958435059,4.496498107910156,4.893578052520752,5.266464710235596,5.626623153686523
7.873126983642578,7.425941467285156,6.9706010818481445,6.49429988861084,5.974372386932373,5.400611400604248,4.787516117095947,4.167592525482178,3.575518846511841,3.033393621444702,2.543012857437134,2.0906014442443848,1.6627273559570312,1.2601234912872314,0.8958014845848083,0.5806956887245178,0.314694881439209,0.09235216677188873,-0.08761996030807495,-0.22242946922779083,-0.3112712800502777,-0.3559879660606384,-0.35783928632736206,-0.3183218836784363,-0.24060148000717163,-0.12511348724365234,0.03275543078780174,0.23529084026813507,0.47591012716293335,0.7454841136932373,1.0412241220474243,1.3647457361221313,1.7154982089996338,2.0908191204071045,2.488185405731201,2.90347957611084,3.3312504291534424,3.770679473876953,4.225078105926514,4.690852165222168,5.151576042175293,5.589618682861328,6.00151252746582
