earth/public/data/atmosphere/W07/ANN-rh-isobaric-10hPa-gfs-1.0.json
{"header": {"discipline": 0, "disciplineName": "Meteorological products", "gribEdition": 2, "gribLength": 17922.0, "center": 0, "centerName": "Kiel Climate Model", "subcenter": 0, "refTime": "1", "significanceOfRT": 1, "significanceOfRTName": "Start of forecast", "productStatus": 0, "productStatusName": "Operational products", "productType": 1, "productTypeName": "Forecast products", "productDefinitionTemplate": 0, "productDefinitionTemplateName": "Analysis/forecast at horizontal level/layer at a point in time", "parameterCategory": 2, "parameterCategoryName": "Momentum", "parameterNumber": 2, "parameterNumberName": "U-component_of_wind", "parameterUnit": "%", "genProcessType": 2, "genProcessTypeName": "Forecast", "forecastTime": 0, "surface1Type": 103, "surface1TypeName": "Specified height level above ground", "surface1Value": 10, "surface2Type": 255, "surface2TypeName": "Missing", "surface2Value": 0, "gridDefinitionTemplate": 0, "gridDefinitionTemplateName": "Latitude_Longitude", "numberPoints": 65160, "shape": 6, "shapeName": "Earth spherical with radius of 6,371,229.0 m", "gridUnits": "degrees", "resolution": 48, "winds": "true", "scanMode": 0, "nx": 128.0, "ny": 64.0, "basicAngle": 0, "subDivisions": 0, "lo1": 0.0, "la1": 87.86379883923263, "lo2": 357.1875, "la2": -87.86379883923263, "dx": 2.8125, "dy": 2.7893269472772264}, "data":
[rows 17 to 33 of 64, columns 0 to 39 of 128]
0.0012800125405192375,0.0012728646397590637,0.0012631090357899666,0.0012497749412432313,0.0012332062469795346,0.0012153866700828075,0.001198674668557942,0.001183315645903349,0.0011665169149637222,0.0011461855610832572,0.0011235597776249051,0.0011021450627595186,0.0010848890524357557,0.001069952268153429,0.0010546627454459667,0.0010389600647613406,0.0010250912746414542,0.0010129126021638513,0.0009990604594349861,0.0009806512389332056,0.000959388620685786,0.0009394637309014797,0.000922652252484113,0.0009062854223884642,0.0008880574605427682,0.0008681833278387785,0.0008485206635668874,0.0008294199360534549,0.0008080287952907383,0.0007818957674317062,0.0007518621277995408,0.0007223132997751236,0.0006958309677429497,0.0006709907320328057,0.0006449584034271538,0.0006178700132295489,0.000592120923101902,0.0005682610790245235,0.0005453237099573016,0.0005230068927630782
0.0009426922770217061,0.0009321225224994123,0.0009191713761538267,0.0009051558445207775,0.0008912963094189763,0.0008784042438492179,0.0008667664951644838,0.0008565545431338251,0.0008464634884148836,0.0008351019350811839,0.0008221241878345609,0.0008098257821984589,0.0008005641866475344,0.000793426064774394,0.0007857643067836761,0.0007757827988825738,0.0007652589119970798,0.0007554742624051869,0.0007454666192643344,0.0007336447015404701,0.0007211240008473396,0.0007107678684405982,0.0007031286950223148,0.0006960966857150197,0.0006868406198918819,0.0006751689943484962,0.0006619683699682355,0.0006478631985373795,0.0006319615640677512,0.0006130525143817067,0.0005919626564718783,0.0005723834619857371,0.0005564519669860601,0.000541576708201319,0.0005249950918368995,0.0005078119575046003,0.0004930275026708841,0.0004799000744242221,0.00046471640234813094,0.00044713052920997143
0.000735569279640913,0.00072676339186728,0.0007157395011745393,0.0007042026845738292,0.0006931631360203028,0.0006826590979471803,0.0006733849295414984,0.0006667384877800941,0.0006630303105339408,0.0006604916416108608,0.0006560679175890982,0.0006483298493549228,0.000639012549072504,0.0006305812858045101,0.0006241705268621445,0.0006192412110976875,0.0006158582982607186,0.0006139894830994308,0.000612401869148016,0.0006091114482842386,0.0006034272955730557,0.0005955943488515913,0.0005864592385478318,0.0005770516581833363,0.0005690171383321285,0.0005620378069579601,0.000553840771317482,0.0005430743331089616,0.0005307373940013349,0.0005180067382752895,0.0005052172928117216,0.0004928680136799812,0.0004815307620447129,0.0004703316662926227,0.00045881702681072056,0.00044909323332831264,0.0004423130303621292,0.0004353304102551192,0.0004241338756401092,0.0004113427712582052
0.0005872865440323949,0.0005850701127201319,0.0005815927870571613,0.0005770895513705909,0.0005724874208681285,0.0005678078159689903,0.0005632799584418535,0.0005590227665379643,0.0005549550987780094,0.0005508001777343452,0.0005460080574266613,0.0005402275128290057,0.0005342772346921265,0.000529784127138555,0.0005274688010104001,0.0005264513310976326,0.0005255998112261295,0.0005244527128525078,0.0005224666674621403,0.0005194938858039677,0.0005157125415280461,0.0005112900398671627,0.0005055036745034158,0.0004987528664059937,0.0004931539879180491,0.0004886817769147456,0.0004828238161280751,0.0004747545171994716,0.00046621792716905475,0.0004590499447658658,0.0004516427288763225,0.0004426480445545167,0.0004327856295276433,0.0004233174549881369,0.00041505793342366815,0.0004091790469828993,0.0004045401292387396,0.00039819872472435236,0.00038907129783183336,0.00038194723310880363
0.0004533061000984162,0.000450077437562868,0.0004472936561796814,0.0004451687273103744,0.00044307601638138294,0.00044097984209656715,0.0004393005801830441,0.00043743944843299687,0.00043434082181192935,0.00043033325346186757,0.0004269819473847747,0.00042559512075968087,0.0004260753048583865,0.00042760177166201174,0.00042867742013186216,0.0004278492706362158,0.0004249390331096947,0.0004211828636471182,0.0004176315851509571,0.0004148305451963097,0.00041353789856657386,0.0004141037934459746,0.00041543072438798845,0.0004155263304710388,0.0004137700598221272,0.0004102510865777731,0.0004049787239637226,0.00039911881322041154,0.00039466022280976176,0.00039155149715952575,0.00038726208731532097,0.00038112004403956234,0.0003752237535081804,0.00037105806404724717,0.0003686189011204988,0.0003675561456475407,0.00036643975181505084,0.0003631121653597802,0.00035844778176397085,0.00035624855081550777
0.00040264366543851793,0.00039990406366996467,0.0003979943285230547,0.00039715878665447235,0.0003957281296607107,0.0003933625703211874,0.00039097320404835045,0.0003901963937096298,0.0003909983206540346,0.0003924242628272623,0.00039359391666948795,0.00039389997255057096,0.0003927950747311115,0.0003910638333763927,0.00038923401734791696,0.0003873480891343206,0.00038587357266806066,0.000386096682632342,0.0003881361335515976,0.00039024316356517375,0.0003907199716195464,0.0003893167886417359,0.0003869898500852287,0.00038411046261899173,0.0003806201566476375,0.00037652484024874866,0.0003724324342329055,0.00036947266198694706,0.0003677506756503135,0.0003662574745249003,0.0003630571882240474,0.00035864903475157917,0.00035534301423467696,0.00035360275069251657,0.0003525868814904243,0.00035288615617901087,0.0003549896355252713,0.00035690818913280964,0.00035783895873464644,0.0003595646994654089
0.00037276902003213763,0.00037410028744488955,0.000375505187548697,0.00037726631853729486,0.0003780256083700806,0.0003771675401367247,0.0003749952302314341,0.0003732845070771873,0.0003734405618160963,0.0003755226789508015,0.0003776766243390739,0.0003779873950406909,0.0003759762621484697,0.0003728948358912021,0.00037068911478854716,0.00036971946246922016,0.0003694289189297706,0.00036972746602259576,0.000371245521819219,0.00037311617052182555,0.000373605580534786,0.00037140637869015336,0.0003675719490274787,0.0003641396760940552,0.000361867860192433,0.0003607122926041484,0.00035992087214253843,0.0003591701097320765,0.0003580766206141561,0.00035605617449618876,0.0003530549583956599,0.0003501973988022655,0.0003480157465673983,0.0003458268183749169,0.0003433882666286081,0.0003423302841838449,0.00034423949546180665,0.00034757325192913413,0.0003504719352349639,0.0003532643604557961
0.00032303083571605384,0.0003212695010006428,0.00031969998963177204,0.00031846025376580656,0.0003179377526976168,0.00031784657039679587,0.0003174409212078899,0.0003166835231240839,0.0003163286892231554,0.00031699473038315773,0.0003185775422025472,0.0003204625390935689,0.0003221841179765761,0.0003236118354834616,0.0003245535772293806,0.0003247775021009147,0.00032344809733331203,0.00032051996095106006,0.00031777413096278906,0.0003167568938806653,0.00031798568670637906,0.00032020246726460755,0.000322455947753042,0.00032472479506395757,0.00032669337815605104,0.0003280089295003563,0.0003284451086074114,0.00032785991788841784,0.00032629258930683136,0.00032425817335024476,0.00032284759799949825,0.0003227597626391798,0.00032376620220020413,0.0003250180452596396,0.00032602756982669234,0.0003277264768257737,0.00033060903660953045,0.0003339778049848974,0.0003365097218193114,0.00033867789898067713
0.00032941505196504295,0.0003253716276958585,0.00032236307743005455,0.00031987298280000687,0.0003175617312081158,0.00031588057754561305,0.000315539917210117,0.00031688701710663736,0.00031979577033780515,0.0003227548731956631,0.0003246921405661851,0.00032555588404648006,0.0003255674964748323,0.00032507971627637744,0.0003245410043746233,0.0003244505205657333,0.0003247398999519646,0.0003256490745116025,0.0003269448643550277,0.00032862721127457917,0.0003299686359241605,0.00033021578565239906,0.0003300531243439764,0.0003299251839052886,0.000329654838424176,0.0003294320194981992,0.0003290704044047743,0.00032870261929929256,0.00032777528394944966,0.0003267348511144519,0.0003263408434577286,0.0003268081054557115,0.0003280430973973125,0.0003302042605355382,0.0003328862367197871,0.00033571964013390243,0.0003388611366972327,0.0003423484740778804,0.0003452781238593161,0.000347230612533167
0.0003345311270095408,0.00033296216861344874,0.0003333126660436392,0.0003343691350892186,0.00033442347194068134,0.00033272881410084665,0.00033089384669438004,0.00033094477839767933,0.00033371991594322026,0.00033753045136108994,0.0003398665285203606,0.00033971891389228404,0.0003378364199306816,0.00033506742329336703,0.0003332447668071836,0.0003331179032102227,0.000334470794769004,0.000336553028319031,0.00033940881257876754,0.00034231794415973127,0.0003432023513596505,0.0003409264318179339,0.0003372232895344496,0.0003346570301800966,0.0003342395357321948,0.0003351297345943749,0.000336640136083588,0.00033757821074686944,0.00033711735159158707,0.0003357919631525874,0.0003347315941937268,0.0003341879928484559,0.0003335811197757721,0.0003333590575493872,0.00033335405169054866,0.00033350737066939473,0.0003343608696013689,0.0003369848127476871,0.000339853810146451,0.0003414442762732506
0.00030075927497819066,0.0002974215312860906,0.00029599620029330254,0.00029629183700308204,0.0002973582595586777,0.0002979541022796184,0.00029775267466902733,0.0002975706593133509,0.00029763366910628974,0.00029811490094289184,0.0002994090609718114,0.00030172558035701513,0.000303682463709265,0.0003045042685698718,0.0003051187377423048,0.0003063542826566845,0.0003065826022066176,0.00030490141944028437,0.00030280003556981683,0.00030276106554083526,0.000304927583783865,0.0003071641840506345,0.0003086309297941625,0.0003103816998191178,0.00031309493351727724,0.0003161882341373712,0.0003184574597980827,0.00031898776069283485,0.0003174318990204483,0.00031498909811489284,0.00031352040241472423,0.00031364429742097855,0.00031464247149415314,0.00031622694223187864,0.0003175748570356518,0.00031828353530727327,0.0003192389558535069,0.00032149083563126624,0.0003241510421503335,0.0003254095499869436
0.0003153742291033268,0.0003116776351816952,0.0003093163832090795,0.00030870578484609723,0.0003094806452281773,0.0003109766112174839,0.00031295581720769405,0.0003148851974401623,0.0003154191072098911,0.0003142275381833315,0.00031384045723825693,0.00031593203311786056,0.000318514445098117,0.00031897041480988264,0.00031819919240660965,0.0003188767295796424,0.00032122305128723383,0.00032288944930769503,0.00032295132405124605,0.0003232942253816873,0.00032554264180362225,0.0003286331193521619,0.0003303481498733163,0.00033065382740460336,0.0003305177961010486,0.00033086820621974766,0.00033137790160253644,0.0003314426285214722,0.00033025405718944967,0.00032801777706481516,0.000325876462738961,0.00032474688487127423,0.00032500733505003154,0.00032629596535116434,0.00032755028223618865,0.000328351539792493,0.0003291447355877608,0.00033104565227404237,0.00033356991480104625,0.00033513925154693425
0.00032787019154056907,0.00032772973645478487,0.00032928423024713993,0.0003317522641737014,0.0003336170921102166,0.0003339636605232954,0.0003338814130984247,0.000334463722538203,0.0003348659083712846,0.00033429788891226053,0.00033400134998373687,0.00033533209352754056,0.0003366853343322873,0.00033589801751077175,0.0003335568180773407,0.0003328555903863162,0.0003352939966134727,0.000339445483405143,0.000343012303346768,0.00034502052585594356,0.0003465418121777475,0.0003478783764876425,0.0003480824816506356,0.00034746486926451325,0.0003473151009529829,0.00034826749470084906,0.0003497375291772187,0.00035099269007332623,0.0003508368681650609,0.00034905446227639914,0.0003460691368672997,0.0003429885837249458,0.00034009385854005814,0.00033727538539096713,0.0003343856951687485,0.0003321455151308328,0.0003311165201012045,0.00033149728551506996,0.00033257235190831125,0.00033348597935400903
0.00029894107137806714,0.00029765989165753126,0.00029781091143377125,0.0002988126943819225,0.00029968968010507524,0.00030002405401319265,0.0002997662522830069,0.00029897180502302945,0.00029756154981441796,0.0002961649151984602,0.00029653485398739576,0.00029939287924207747,0.00030307506676763296,0.0003060175513383001,0.00030788558069616556,0.000308493385091424,0.0003077469300478697,0.00030621251789852977,0.0003053121909033507,0.0003059969167225063,0.000309344643028453,0.0003147756215184927,0.00032086577266454697,0.00032646505860611796,0.00033136518322862685,0.00033520569559186697,0.0003369944170117378,0.0003368773031979799,0.0003351740015204996,0.00033279668423347175,0.00033083357266150415,0.0003301901160739362,0.00033012786298058927,0.0003291440079919994,0.0003269898588769138,0.0003255077754147351,0.00032529872260056436,0.00032499575172550976,0.0003237301134504378,0.0003227170673198998
0.0003158060717396438,0.00031545304227620363,0.0003144439251627773,0.0003120039764326066,0.0003100610920228064,0.0003107129014097154,0.0003137897001579404,0.0003165773523505777,0.000316479941830039,0.00031426548957824707,0.00031342997681349516,0.00031540566124022007,0.0003183047811035067,0.00032070232555270195,0.0003232117451261729,0.0003256422933191061,0.0003260368248447776,0.0003243907412979752,0.0003227802226319909,0.0003237444325350225,0.00032772598206065595,0.0003337551315780729,0.0003395724925212562,0.0003437114064581692,0.000346021173754707,0.00034677167423069477,0.0003461266169324517,0.0003442800953052938,0.00034200213849544525,0.0003403170849196613,0.00033979714498855174,0.00034102823701687157,0.0003432745288591832,0.0003439884749241173,0.0003425533068366349,0.0003410317876841873,0.00034113001311197877,0.00034063748898915946,0.00033838956733234227,0.0003369862388353795
0.0003229297581128776,0.0003275851777289063,0.0003312701592221856,0.00033089503995142877,0.0003281105018686503,0.00032657463452778757,0.00032847074908204377,0.00033236152376048267,0.000334546115482226,0.00033344695111736655,0.0003320690302643925,0.00033332285238429904,0.0003353592474013567,0.00033559277653694153,0.00033503887243568897,0.00033571184030734,0.0003373836225364357,0.000339475431246683,0.0003415619721636176,0.00034372840309515595,0.0003456777485553175,0.00034741952549666166,0.00034835224505513906,0.00034795046667568386,0.0003474385302979499,0.0003473592805676162,0.00034793445956893265,0.00034852861426770687,0.00034888507798314095,0.00034873938420787454,0.0003483965992927551,0.0003483026521280408,0.00034834721009247005,0.00034693043562583625,0.000342646730132401,0.0003379715490154922,0.00033582685864530504,0.00033540703589096665,0.00033465513843111694,0.0003346380835864693
0.00028383079916238785,0.000285493879346177,0.0002877553051803261,0.00028843083418905735,0.00028720838599838316,0.0002857855288311839,0.0002854031918104738,0.0002869779127649963,0.00028837434365414083,0.00028750734054483473,0.00028611929155886173,0.0002878574887290597,0.00029271768289618194,0.0002972918446175754,0.00029968266608193517,0.00029973144410178065,0.0002983726735692471,0.0002971267094835639,0.00029705921770073473,0.00029804458608850837,0.00029979925602674484,0.000302487111184746,0.0003053553809877485,0.00030804163543507457,0.0003107015509158373,0.0003134898724965751,0.000315465236781165,0.00031630112789571285,0.0003160795895382762,0.000315751472953707,0.0003160834894515574,0.00031742535065859556,0.00031955225858837366,0.0003209868154954165,0.00031972609576769173,0.00031682016560807824,0.0003157049650326371,0.0003168076800648123,0.00031763798324391246,0.0003177488106302917
