earth/public/data/atmosphere/W07/ANN-temp-surface-level-gfs-1.0.json
{"header": {"discipline": 0, "disciplineName": "Meteorological products", "gribEdition": 2, "gribLength": 17922.0, "center": 0, "centerName": "Kiel Climate Model", "subcenter": 0, "refTime": "1", "significanceOfRT": 1, "significanceOfRTName": "Start of forecast", "productStatus": 0, "productStatusName": "Operational products", "productType": 1, "productTypeName": "Forecast products", "productDefinitionTemplate": 0, "productDefinitionTemplateName": "Analysis/forecast at horizontal level/layer at a point in time", "parameterCategory": 2, "parameterCategoryName": "Momentum", "parameterNumber": 2, "parameterNumberName": "U-component_of_wind", "parameterUnit": "K", "genProcessType": 2, "genProcessTypeName": "Forecast", "forecastTime": 0, "surface1Type": 103, "surface1TypeName": "Specified height level above ground", "surface1Value": 10, "surface2Type": 255, "surface2TypeName": "Missing", "surface2Value": 0, "gridDefinitionTemplate": 0, "gridDefinitionTemplateName": "Latitude_Longitude", "numberPoints": 65160, "shape": 6, "shapeName": "Earth spherical with radius of 6,371,229.0 m", "gridUnits": "degrees", "resolution": 48, "winds": "true", "scanMode": 0, "nx": 128.0, "ny": 64.0, "basicAngle": 0, "subDivisions": 0, "lo1": 0.0, "la1": 87.86379883923263, "lo2": 357.1875, "la2": -87.86379883923263, "dx": 2.8125, "dy": 2.7893269472772264}, "data":
[rows 0 to 19 of 64, columns 44 to 87 of 128]
256.41973876953125,256.14764404296875,255.8198699951172,255.579345703125,255.37185668945312,255.50680541992188,255.640625,255.7382354736328,255.7955322265625,255.81143188476562,255.78538513183594,255.71798706054688,255.61199951171875,255.5402374267578,255.82022094726562,256.03326416015625,256.1591796875,256.1992492675781,256.15802001953125,256.0305480957031,255.81761169433594,255.541015625,255.6828155517578,255.7986602783203,255.87091064453125,255.89501953125,255.86978149414062,255.7957305908203,255.67491149902344,255.51290893554688,255.41363525390625,255.51341247558594,255.65054321289062,255.92251586914062,256.120849609375,256.2366638183594,256.26251220703125,256.1947326660156,256.0328369140625,255.7797393798828,255.44041442871094,255.02044677734375,255.05764770507812,255.1754913330078
256.4920654296875,257.21905517578125,257.41033935546875,257.05865478515625,256.3054504394531,256.3135986328125,256.6601867675781,256.8351135253906,256.74517822265625,256.92633056640625,256.85272216796875,256.46649169921875,256.0223083496094,256.31903076171875,256.3625793457031,256.11480712890625,256.14385986328125,256.1662292480469,255.82720947265625,255.41346740722656,256.0248718261719,256.3212585449219,256.2754821777344,256.521728515625,256.87017822265625,257.01654052734375,257.0058898925781,257.2906188964844,257.0954895019531,256.3880615234375,255.9508514404297,256.7027587890625,257.044189453125,256.93896484375,256.43133544921875,256.45892333984375,257.066162109375,257.2087707519531,256.822509765625,256.0796813964844,256.315185546875,256.70550537109375,256.691162109375,256.8404846191406
256.545166015625,256.6551208496094,256.6450500488281,256.0003662109375,255.9528045654297,256.4630126953125,256.1853332519531,255.6290740966797,255.63372802734375,255.53701782226562,256.2191162109375,256.4422912597656,256.2846374511719,255.93380737304688,254.97625732421875,255.48196411132812,255.37945556640625,255.7596893310547,255.90841674804688,256.1262512207031,256.2926940917969,256.1142883300781,256.1313171386719,255.62322998046875,256.3388366699219,256.61865234375,257.05010986328125,256.8962707519531,256.4517822265625,256.7132873535156,256.7386779785156,256.9710388183594,256.73846435546875,256.73760986328125,257.25469970703125,257.0202941894531,256.8133544921875,257.3394470214844,257.1969909667969,257.13739013671875,257.47760009765625,257.4128112792969,257.0427551269531,256.13323974609375
255.8214874267578,255.88150024414062,255.6275177001953,256.0162658691406,256.08203125,255.78775024414062,255.32525634765625,255.89772033691406,255.73263549804688,255.6628875732422,255.55426025390625,256.2842712402344,256.5970458984375,256.5454406738281,256.4864501953125,255.59239196777344,256.32666015625,256.5019836425781,256.8816833496094,256.83538818359375,256.0907897949219,256.62603759765625,256.54315185546875,256.8088684082031,256.8696594238281,256.7973327636719,256.7402648925781,255.27133178710938,256.45721435546875,256.7770690917969,256.6217956542969,256.4557800292969,256.8387145996094,257.00048828125,256.0418701171875,256.584716796875,256.61846923828125,256.9599609375,257.228271484375,257.39019775390625,257.50616455078125,257.2492980957031,256.4886779785156,256.8442077636719
255.54295349121094,255.904052734375,255.23941040039062,256.2877197265625,255.99090576171875,255.4507598876953,255.74755859375,254.79913330078125,255.43121337890625,255.99658203125,255.62596130371094,256.229736328125,256.05267333984375,255.67416381835938,256.75531005859375,257.27838134765625,257.04791259765625,256.28533935546875,257.15338134765625,257.2295227050781,256.51763916015625,257.0284423828125,257.6499938964844,257.51287841796875,256.4676513671875,257.18731689453125,257.7120056152344,257.7591247558594,257.56622314453125,257.8699645996094,257.64764404296875,257.4164123535156,257.6671142578125,257.652099609375,257.3578186035156,257.0779113769531,257.5205078125,255.48658752441406,257.6468505859375,257.78106689453125,257.25994873046875,256.8793029785156,256.23272705078125,259.34954833984375
255.1797637939453,256.4602355957031,255.8385009765625,255.6798858642578,256.1176452636719,256.3854064941406,255.7620391845703,255.7994384765625,255.05886840820312,253.7979736328125,252.99505615234375,255.03993225097656,256.4927062988281,256.79022216796875,256.09942626953125,254.72113037109375,256.5993957519531,257.1874694824219,257.3601379394531,257.3817443847656,257.19073486328125,256.6803894042969,257.1951599121094,257.9092712402344,258.4720153808594,259.0611877441406,259.373046875,259.2477722167969,258.7350769042969,258.2102355957031,259.1313171386719,259.19195556640625,259.1499328613281,259.18182373046875,258.5055847167969,258.7861328125,258.6722106933594,259.1658630371094,259.02288818359375,257.9929504394531,257.8396301269531,260.0833435058594,259.74365234375,259.37884521484375
258.161376953125,258.0306701660156,258.085205078125,257.92144775390625,258.02838134765625,258.2233581542969,258.53973388671875,258.6457214355469,258.8503112792969,259.105224609375,259.352294921875,259.7216491699219,255.58270263671875,256.7005615234375,257.16363525390625,257.50274658203125,257.4702453613281,256.9491882324219,256.4969787597656,256.66595458984375,257.1906433105469,257.7402648925781,258.3140563964844,259.08154296875,259.7873840332031,260.04595947265625,259.9054870605469,259.7063293457031,258.8302917480469,262.2752990722656,259.1833801269531,258.07958984375,259.05712890625,259.2174377441406,259.1922607421875,259.5037536621094,259.71063232421875,259.814208984375,259.6964111328125,258.9406433105469,258.1649475097656,256.6867370605469,260.4880676269531,260.3056335449219
257.84344482421875,257.50616455078125,257.15167236328125,256.92236328125,256.95001220703125,257.24517822265625,257.7051696777344,258.24664306640625,258.69561767578125,259.1901550292969,259.6214599609375,260.050537109375,260.4024963378906,260.5987548828125,260.66241455078125,260.6496887207031,260.53594970703125,260.400634765625,260.37762451171875,260.6327209472656,261.0543212890625,258.1265563964844,259.35467529296875,261.0059509277344,261.8844299316406,261.9256286621094,263.7034912109375,263.5343322753906,263.13262939453125,262.777099609375,262.456298828125,262.259765625,262.28656005859375,262.55615234375,262.8728332519531,263.3054504394531,263.61492919921875,263.5897216796875,263.4139099121094,263.0061950683594,262.5507507324219,262.0958251953125,261.7059631347656,261.50537109375
259.121337890625,258.7170104980469,258.0718688964844,257.4527587890625,256.87060546875,256.48297119140625,256.4856262207031,256.9531555175781,257.5569763183594,258.2794189453125,258.90692138671875,259.5208740234375,259.97906494140625,260.17742919921875,260.16375732421875,260.0835266113281,260.1343994140625,260.366943359375,260.72528076171875,261.25323486328125,261.9682312011719,262.7714538574219,263.6279602050781,263.0437316894531,263.7124328613281,263.9800720214844,264.8615417480469,264.5752258300781,264.12109375,263.63287353515625,263.1678161621094,262.7874450683594,262.57110595703125,262.599609375,262.6938781738281,263.0132751464844,263.51751708984375,264.0064697265625,264.3532409667969,264.4345397949219,264.18634033203125,263.8644104003906,263.44659423828125,263.1056213378906
261.2925720214844,260.9949951171875,260.2285461425781,259.2072448730469,258.2757568359375,257.59991455078125,257.2901611328125,257.46124267578125,258.0037536621094,258.74163818359375,259.50494384765625,260.2690124511719,260.9501037597656,261.3736267089844,261.60888671875,261.7855529785156,262.1331787109375,262.7322998046875,263.472900390625,263.19635009765625,263.9724426269531,265.0212707519531,265.64251708984375,266.1233825683594,266.05340576171875,265.9609069824219,266.3724060058594,265.97564697265625,265.468017578125,265.02716064453125,264.60760498046875,264.25238037109375,263.9690246582031,263.72589111328125,263.4529724121094,263.1795349121094,263.17364501953125,263.47509765625,264.12493896484375,265.1988220214844,266.2235107421875,266.7146301269531,266.82977294921875,266.31219482421875
261.2039794921875,261.2325744628906,261.0428771972656,260.5066833496094,260.03912353515625,260.12030029296875,260.683349609375,261.5929260253906,262.3714599609375,262.923828125,263.4315185546875,261.2952575683594,261.6968994140625,264.6739501953125,265.2695617675781,265.760986328125,265.9385986328125,266.9866943359375,268.09600830078125,269.0357971191406,269.4002380371094,269.3757629394531,269.25250244140625,269.0694885253906,269.0989990234375,268.7550354003906,267.80133056640625,267.8332824707031,267.28289794921875,267.02459716796875,267.0499267578125,265.574462890625,267.11480712890625,267.01885986328125,265.4670104980469,265.9940185546875,265.2167053222656,264.7170715332031,265.0494689941406,266.15386962890625,267.7823181152344,269.599609375,270.83642578125,270.9606628417969
260.5025939941406,260.5823974609375,260.80914306640625,261.0164489746094,261.5341491699219,262.8279724121094,262.6145935058594,265.3755187988281,266.8110046386719,267.3409423828125,267.5152282714844,267.0705871582031,266.8380126953125,268.37286376953125,267.6745300292969,269.1907958984375,271.1580505371094,272.4308776855469,273.0566101074219,273.20782470703125,273.002685546875,272.6614685058594,272.36651611328125,272.0163269042969,271.9501647949219,271.578857421875,270.8835754394531,270.1545715332031,270.43389892578125,269.8497619628906,270.474853515625,271.7536926269531,273.09014892578125,274.019775390625,274.1962890625,273.5897521972656,272.0623779296875,269.3025207519531,267.751220703125,267.5592041015625,268.75,270.5409851074219,272.5200500488281,273.72479248046875
262.24505615234375,262.2261657714844,262.28436279296875,262.40362548828125,262.9084167480469,264.16259765625,262.89129638671875,267.04864501953125,269.8388977050781,270.4483947753906,269.8018493652344,269.95062255859375,270.2068786621094,270.0188293457031,270.929931640625,272.5015563964844,273.8423156738281,274.7132873535156,275.1239013671875,275.2215576171875,275.16583251953125,275.11932373046875,275.1617431640625,275.134033203125,274.882080078125,274.4873962402344,274.0293273925781,273.7154541015625,273.63873291015625,274.0626525878906,274.7210693359375,275.3294677734375,275.8677673339844,276.3935546875,276.9590148925781,277.2809753417969,276.8020935058594,275.1017150878906,272.4612121582031,270.50177001953125,269.75933837890625,270.33697509765625,271.99053955078125,273.60791015625
266.1539001464844,266.36474609375,266.05743408203125,265.3320617675781,265.0945129394531,265.6476745605469,267.33502197265625,266.98583984375,269.06805419921875,270.79736328125,271.5164794921875,271.79779052734375,272.08367919921875,272.4444274902344,273.569091796875,274.9708557128906,275.96942138671875,276.489501953125,276.65484619140625,276.8349609375,277.075439453125,277.2869873046875,277.51513671875,277.53826904296875,277.1790771484375,276.7138366699219,276.3741149902344,276.2094421386719,276.22564697265625,276.39892578125,276.6212463378906,276.77630615234375,276.8315124511719,276.9139709472656,277.2312927246094,277.79241943359375,278.2486572265625,277.9871826171875,276.65283203125,274.45635986328125,272.6435546875,271.7821044921875,272.0673522949219,273.5828552246094
269.7005615234375,269.6981506347656,269.2488708496094,268.4096374511719,268.0255432128906,268.58819580078125,269.3707580566406,270.6153869628906,270.11065673828125,272.1527099609375,273.9972839355469,275.0677185058594,275.4169006347656,275.9169616699219,276.84991455078125,277.8892822265625,278.6542663574219,278.8898620605469,278.83770751953125,278.9918212890625,279.34393310546875,279.6360168457031,279.7991638183594,279.7618713378906,279.54888916015625,279.3415832519531,279.217529296875,279.05938720703125,278.8074645996094,278.5921936035156,278.60284423828125,278.8030090332031,278.9297790527344,278.8525085449219,278.74517822265625,278.8624572753906,279.2244567871094,279.5995788574219,279.6023864746094,278.8352355957031,277.57049560546875,275.93133544921875,275.0485534667969,275.54541015625
272.01995849609375,271.47021484375,270.99713134765625,270.93060302734375,271.8415222167969,274.0911560058594,275.1793212890625,274.66668701171875,273.6114501953125,276.592529296875,278.35015869140625,279.1698913574219,279.4776916503906,279.9091491699219,280.67462158203125,281.51324462890625,281.99676513671875,282.0779724121094,282.0784912109375,282.2551574707031,282.4563903808594,282.48382568359375,282.4034423828125,282.3249206542969,282.2782897949219,282.27435302734375,282.285888671875,282.1697082519531,281.81475830078125,281.3723449707031,281.1526794433594,281.2232971191406,281.30487060546875,281.2001953125,280.9819641113281,280.7921142578125,280.71795654296875,280.8739013671875,281.29473876953125,281.28839111328125,280.9154357910156,279.0166931152344,277.695068359375,277.7957763671875
274.5526123046875,273.8591613769531,273.902587890625,275.2237854003906,278.9065856933594,280.4068298339844,280.102294921875,279.41754150390625,280.93896484375,282.2635803222656,283.54400634765625,284.08880615234375,284.2222900390625,284.4384460449219,284.8467712402344,285.19158935546875,285.2354431152344,285.1629638671875,285.2666015625,285.4696044921875,285.4528503417969,285.184326171875,284.9970703125,285.000732421875,284.956298828125,284.7439270019531,284.521240234375,284.3828125,284.18341064453125,283.8519592285156,283.516845703125,283.23394775390625,282.9117126464844,282.62066650390625,282.53216552734375,282.4837646484375,282.18695068359375,281.8996887207031,282.121337890625,282.1882019042969,282.06536865234375,279.7606506347656,278.005615234375,278.2236328125
278.03753662109375,277.8658447265625,280.7617492675781,283.47357177734375,284.7051086425781,284.6924133300781,283.5862121582031,285.3463439941406,286.8134460449219,287.45233154296875,287.54766845703125,287.51324462890625,287.63189697265625,287.80877685546875,287.8821105957031,287.80645751953125,287.6200256347656,287.4978942871094,287.5704040527344,287.6481628417969,287.46405029296875,287.15423583984375,287.0990295410156,287.238037109375,287.119873046875,286.660400390625,286.2635192871094,286.137939453125,286.0310363769531,285.759033203125,285.4418640136719,285.09161376953125,284.5992431640625,284.183349609375,284.1807861328125,284.260009765625,283.7736511230469,283.0823974609375,283.1265563964844,283.5172424316406,284.3819580078125,282.1379699707031,279.96405029296875,279.5027770996094
283.28143310546875,282.94342041015625,286.59307861328125,287.8688659667969,287.44171142578125,286.5111999511719,285.26007080078125,289.13458251953125,290.5975646972656,290.4975891113281,289.7423400878906,289.5030822753906,289.7843017578125,289.8815612792969,289.6943664550781,289.59820556640625,289.64007568359375,289.61181640625,289.501708984375,289.376708984375,289.19976806640625,289.0218200683594,288.9653625488281,288.9160461425781,288.6326599121094,288.21966552734375,288.01513671875,287.973388671875,287.72381591796875,287.2584228515625,286.9537048339844,286.8084411621094,286.4219055175781,285.88916015625,285.72833251953125,285.73583984375,285.14935302734375,284.2762451171875,284.3388977050781,285.3984375,285.9562683105469,286.9287109375,285.45703125,284.6002197265625
287.0152282714844,287.7887268066406,289.5686950683594,289.40716552734375,287.41339111328125,287.3363952636719,290.0634460449219,291.7693176269531,292.5294189453125,291.9332275390625,291.15008544921875,291.2717590332031,291.6905517578125,291.51666259765625,291.1203918457031,291.18292236328125,291.4358215332031,291.3350524902344,291.00335693359375,290.8104553222656,290.7719421386719,290.686279296875,290.4526672363281,290.1056213378906,289.752685546875,289.5096740722656,289.40106201171875,289.24530029296875,288.8228759765625,288.2837219238281,288.0365905761719,288.0316162109375,287.70648193359375,287.0024108886719,286.5551452636719,286.4873962402344,286.1077880859375,285.348876953125,285.2030944824219,286.11199951171875,287.5564880371094,288.7184143066406,290.7791748046875,290.32305908203125
