earth/public/data/atmosphere/W07/ANN-wind-isobaric-500hPa-gfs-1.0.json
{"header": {"discipline": 0, "disciplineName": "Meteorological products", "gribEdition": 2, "gribLength": 17922.0, "center": 0, "centerName": "Kiel Climate Model", "subcenter": 0, "refTime": "1", "significanceOfRT": 1, "significanceOfRTName": "Start of forecast", "productStatus": 0, "productStatusName": "Operational products", "productType": 1, "productTypeName": "Forecast products", "productDefinitionTemplate": 0, "productDefinitionTemplateName": "Analysis/forecast at horizontal level/layer at a point in time", "parameterCategory": 2, "parameterCategoryName": "Momentum", "parameterNumber": 2, "parameterNumberName": "U-component_of_wind", "parameterUnit": "m/s", "genProcessType": 2, "genProcessTypeName": "Forecast", "forecastTime": 0, "surface1Type": 103, "surface1TypeName": "Specified height level above ground", "surface1Value": 10, "surface2Type": 255, "surface2TypeName": "Missing", "surface2Value": 0, "gridDefinitionTemplate": 0, "gridDefinitionTemplateName": "Latitude_Longitude", "numberPoints": 65160, "shape": 6, "shapeName": "Earth spherical with radius of 6,371,229.0 m", "gridUnits": "degrees", "resolution": 48, "winds": "true", "scanMode": 0, "nx": 128.0, "ny": 64.0, "basicAngle": 0, "subDivisions": 0, "lo1": 0.0, "la1": 87.86379883923263, "lo2": 357.1875, "la2": -87.86379883923263, "dx": 2.8125, "dy": 2.7893269472772264}, "data":
[rows 19 to 37 of 64, columns 0 to 42 of 128]
9.59911823272705,9.482757568359375,9.635011672973633,9.90003776550293,10.15440559387207,10.522214889526367,10.974297523498535,11.243128776550293,11.347770690917969,11.609650611877441,12.031684875488281,12.332426071166992,12.56919002532959,12.9639310836792,13.255434036254883,13.030240058898926,12.47671890258789,12.092069625854492,11.975919723510742,11.970824241638184,11.998699188232422,11.84702205657959,11.250492095947266,10.417153358459473,9.749821662902832,9.055816650390625,7.93505334854126,6.769037246704102,6.219259738922119,6.005287170410156,5.450752258300781,4.9120893478393555,5.2020416259765625,5.954957008361816,6.227789402008057,6.3694353103637695,7.468282699584961,9.287008285522461,10.639394760131836,11.433679580688477,12.477100372314453,13.750896453857422,14.647075653076172
8.162919044494629,8.281609535217285,8.763856887817383,9.399576187133789,9.917698860168457,10.457381248474121,11.202725410461426,11.922107696533203,12.42459774017334,12.944387435913086,13.580751419067383,14.016197204589844,14.141467094421387,14.21269702911377,14.227278709411621,13.913984298706055,13.31029987335205,12.684429168701172,12.147196769714355,11.813017845153809,11.802160263061523,11.782369613647461,11.273026466369629,10.547308921813965,10.311102867126465,10.451950073242188,10.103399276733398,8.929386138916016,7.3745503425598145,5.7937092781066895,4.395986557006836,3.820200204849243,4.48066520690918,5.503035068511963,5.744295120239258,5.670480728149414,6.573822498321533,8.260257720947266,9.469427108764648,10.157441139221191,11.226140022277832,12.550907135009766,13.381715774536133
7.158514976501465,7.530253887176514,8.143437385559082,8.93499755859375,9.577670097351074,10.112716674804688,10.915740013122559,11.928190231323242,12.735288619995117,13.269353866577148,13.674299240112305,13.837312698364258,13.682056427001953,13.427316665649414,13.17807388305664,12.812911033630371,12.34058666229248,11.841924667358398,11.292551040649414,10.837635040283203,10.74238109588623,10.84117603302002,10.691854476928711,10.334858894348145,10.217772483825684,10.438090324401855,10.655041694641113,10.617571830749512,10.327723503112793,9.820841789245605,9.176902770996094,8.71333122253418,8.730862617492676,8.957287788391113,8.842082023620605,8.577625274658203,8.886576652526855,9.641000747680664,10.050164222717285,10.23725414276123,10.93146800994873,11.857833862304688,12.276420593261719
6.4839768409729,6.938710689544678,7.427983283996582,8.18083381652832,8.941506385803223,9.497997283935547,10.14957046508789,11.046934127807617,11.823792457580566,12.207279205322266,12.269213676452637,12.063081741333008,11.634228706359863,11.174637794494629,10.772146224975586,10.344147682189941,9.893970489501953,9.451202392578125,8.966239929199219,8.549410820007324,8.414410591125488,8.505245208740234,8.614989280700684,8.679348945617676,8.641098022460938,8.476190567016602,8.45680046081543,8.857685089111328,9.56590747833252,10.335887908935547,10.966526985168457,11.189577102661133,11.01840877532959,10.898056983947754,11.004393577575684,11.058064460754395,10.979743957519531,10.858344078063965,10.590568542480469,10.323908805847168,10.442296028137207,10.725889205932617,10.695257186889648
5.361941337585449,5.8893232345581055,6.288412094116211,6.90139102935791,7.661866188049316,8.227531433105469,8.629546165466309,9.080304145812988,9.492959976196289,9.667251586914062,9.545323371887207,9.111791610717773,8.446701049804688,7.7997918128967285,7.318238735198975,6.926804542541504,6.532911777496338,6.072926998138428,5.54931116104126,5.180540084838867,5.1277947425842285,5.203488826751709,5.304134845733643,5.615972995758057,6.031271457672119,6.19175910949707,6.1831955909729,6.275394916534424,6.396840572357178,6.624009609222412,7.249247074127197,7.990022659301758,8.38589859008789,8.750251770019531,9.42031478881836,9.896271705627441,9.793795585632324,9.466175079345703,9.165315628051758,8.823680877685547,8.552385330200195,8.402066230773926,8.219765663146973
3.234095573425293,3.828835964202881,4.296292781829834,4.764555931091309,5.333105087280273,5.819389343261719,6.065889835357666,6.143534183502197,6.149364948272705,6.082729816436768,5.872856616973877,5.401967525482178,4.678523540496826,3.944209098815918,3.4077329635620117,3.0561933517456055,2.788153648376465,2.460188388824463,1.995893955230713,1.662192940711975,1.7459206581115723,1.9909851551055908,2.093324899673462,2.347764492034912,3.0015156269073486,3.7152152061462402,4.205277442932129,4.448095798492432,4.278073310852051,3.834923505783081,3.791409730911255,4.3297295570373535,4.939871311187744,5.457787990570068,6.012782096862793,6.3226470947265625,6.2114996910095215,6.0362348556518555,5.9496331214904785,5.746549606323242,5.487504005432129,5.359825611114502,5.302757740020752
0.45062315464019775,0.9390206336975098,1.4448927640914917,1.8031333684921265,2.101780652999878,2.3808140754699707,2.508399724960327,2.4341349601745605,2.236550807952881,1.9905059337615967,1.7280246019363403,1.3995246887207031,0.943752110004425,0.44896450638771057,0.024807950481772423,-0.34356650710105896,-0.6099042296409607,-0.725981593132019,-0.8748931288719177,-1.081067681312561,-0.9730283617973328,-0.49768394231796265,-0.09382463246583939,0.17248080670833588,0.6121978163719177,1.1431376934051514,1.5409473180770874,1.9254597425460815,2.275582790374756,2.327521800994873,2.2263166904449463,2.3541221618652344,2.6726527214050293,2.9172122478485107,3.0042829513549805,2.9468095302581787,2.801142454147339,2.653383731842041,2.4887404441833496,2.323301076889038,2.3016462326049805,2.4166147708892822,2.490565776824951
-2.0497372150421143,-1.789374589920044,-1.449300765991211,-1.241410493850708,-1.165722131729126,-1.1335240602493286,-1.1641755104064941,-1.2594820261001587,-1.4115656614303589,-1.646685004234314,-1.893240213394165,-2.085827589035034,-2.2914481163024902,-2.4838106632232666,-2.6007678508758545,-2.8037235736846924,-3.089388847351074,-3.0930306911468506,-2.817704439163208,-2.6747944355010986,-2.5583479404449463,-2.039762020111084,-1.2925902605056763,-0.7136865854263306,-0.2773493528366089,-0.01949957199394703,-0.13777706027030945,-0.31619226932525635,-0.07466460019350052,0.35976511240005493,0.5010195970535278,0.44877320528030396,0.5361582636833191,0.6867538690567017,0.6743207573890686,0.5620264410972595,0.4598083794116974,0.23636192083358765,-0.12681923806667328,-0.3043156862258911,-0.1411655992269516,0.0820632353425026,0.15117831528186798
-3.8255882263183594,-3.6678643226623535,-3.5285847187042236,-3.4778873920440674,-3.4966914653778076,-3.5350823402404785,-3.5817840099334717,-3.5926475524902344,-3.6052491664886475,-3.7321879863739014,-3.917654275894165,-4.094791889190674,-4.36610221862793,-4.610023021697998,-4.542952537536621,-4.375823020935059,-4.441593647003174,-4.387597560882568,-3.8465795516967773,-3.2254741191864014,-2.850799322128296,-2.3777694702148438,-1.6481103897094727,-0.9474800229072571,-0.33870139718055725,0.1558002084493637,0.16467685997486115,-0.32862329483032227,-0.6676434874534607,-0.5307232141494751,-0.3599284291267395,-0.4465360641479492,-0.5268163084983826,-0.4751787781715393,-0.51792973279953,-0.6927904486656189,-0.8649468421936035,-1.116281270980835,-1.4530937671661377,-1.5782544612884521,-1.44336998462677,-1.3533297777175903,-1.3889976739883423
-4.78892183303833,-4.557471752166748,-4.3816752433776855,-4.338747978210449,-4.369941711425781,-4.37000846862793,-4.313514232635498,-4.238073348999023,-4.243412494659424,-4.378475189208984,-4.511011600494385,-4.608557224273682,-4.8812255859375,-5.250338077545166,-5.262017726898193,-4.883441925048828,-4.554444313049316,-4.284432888031006,-3.67867374420166,-2.8056142330169678,-2.078174352645874,-1.5399715900421143,-1.0325415134429932,-0.5937206149101257,-0.18442976474761963,0.3468332290649414,0.7863820791244507,0.7774481773376465,0.5380663275718689,0.5620331764221191,0.7511635422706604,0.6698853969573975,0.3696586489677429,0.1439167559146881,-0.09942563623189926,-0.510554313659668,-0.9080008864402771,-1.1644667387008667,-1.3677760362625122,-1.537645936012268,-1.6924470663070679,-1.9056396484375,-2.115832805633545
-4.467491626739502,-4.303585052490234,-4.040700435638428,-3.925781011581421,-4.017798900604248,-4.124249458312988,-4.097073554992676,-4.035121917724609,-4.123843193054199,-4.335090160369873,-4.450002670288086,-4.4094767570495605,-4.401187896728516,-4.510963439941406,-4.516752243041992,-4.161290168762207,-3.500901699066162,-2.8002731800079346,-2.1330456733703613,-1.3872606754302979,-0.634355366230011,-0.07382849603891373,0.3021524250507355,0.5839782357215881,0.7574204802513123,0.9368659853935242,1.3077956438064575,1.731521487236023,1.9817702770233154,2.1731691360473633,2.368863821029663,2.288970470428467,1.8967440128326416,1.5195354223251343,1.1695075035095215,0.6278737783432007,0.08129503577947617,-0.18201957643032074,-0.33983370661735535,-0.7011664509773254,-1.2585651874542236,-1.8115501403808594,-2.217456340789795
-2.9426417350769043,-3.235016107559204,-3.2268588542938232,-3.145854949951172,-3.255634069442749,-3.469513416290283,-3.5382351875305176,-3.4868295192718506,-3.53857421875,-3.696392774581909,-3.7960429191589355,-3.7856650352478027,-3.636157989501953,-3.336986541748047,-3.008575677871704,-2.578136920928955,-1.7687023878097534,-0.7469719052314758,0.015989026054739952,0.5354411005973816,1.0568798780441284,1.4646885395050049,1.6985316276550293,1.9781723022460938,2.2634289264678955,2.3790552616119385,2.5381386280059814,2.9410274028778076,3.3497447967529297,3.5755350589752197,3.698481321334839,3.659986734390259,3.359239101409912,2.9544789791107178,2.518571615219116,1.9167455434799194,1.3027600049972534,0.9933607578277588,0.8203914761543274,0.33832430839538574,-0.47787749767303467,-1.2636044025421143,-1.7723212242126465
-1.5246496200561523,-2.308309555053711,-2.709604024887085,-2.702225685119629,-2.6432666778564453,-2.730590343475342,-2.792675495147705,-2.7171831130981445,-2.6618974208831787,-2.6668412685394287,-2.637735366821289,-2.6244661808013916,-2.530931234359741,-2.078716993331909,-1.3814698457717896,-0.7216540575027466,0.03118038736283779,0.9306151866912842,1.6234320402145386,2.0391712188720703,2.426036834716797,2.7164480686187744,2.793804407119751,2.9168944358825684,3.2283003330230713,3.518678903579712,3.7365386486053467,4.038874626159668,4.377438545227051,4.608000755310059,4.774759292602539,4.875093460083008,4.718364715576172,4.271775245666504,3.699371576309204,3.042646884918213,2.355964422225952,1.8933959007263184,1.657231092453003,1.2133852243423462,0.36465802788734436,-0.5011746883392334,-1.0006498098373413
-1.1509380340576172,-1.904778003692627,-2.353283643722534,-2.345703601837158,-2.135499954223633,-2.0611350536346436,-2.092153310775757,-2.0149037837982178,-1.886596918106079,-1.7688082456588745,-1.5222392082214355,-1.2078983783721924,-0.9449069499969482,-0.5095241665840149,0.20856796205043793,0.9210019111633301,1.4869685173034668,2.0136094093322754,2.468404769897461,2.7864058017730713,3.049577474594116,3.274456262588501,3.375452995300293,3.3910939693450928,3.4853274822235107,3.7160162925720215,3.971539258956909,4.180776119232178,4.393313407897949,4.615706443786621,4.80568790435791,4.925124645233154,4.8367486000061035,4.468491554260254,4.010403156280518,3.549412965774536,2.948411226272583,2.349851608276367,2.0125021934509277,1.6641508340835571,0.9356182813644409,0.11481978744268417,-0.359497606754303
-1.4908756017684937,-1.759365439414978,-1.8934444189071655,-1.8660500049591064,-1.6915651559829712,-1.5615317821502686,-1.5322507619857788,-1.3808245658874512,-1.1003437042236328,-0.8603513240814209,-0.5364561080932617,0.004792072344571352,0.5707969665527344,1.0328865051269531,1.494640588760376,1.969791293144226,2.3552286624908447,2.647756338119507,2.898715019226074,3.043936014175415,3.020259141921997,2.9852614402770996,3.0834407806396484,3.1583032608032227,3.115529775619507,3.151456594467163,3.294109344482422,3.364077091217041,3.3970229625701904,3.4637632369995117,3.448859214782715,3.343132972717285,3.2109899520874023,3.022641658782959,2.870720148086548,2.796229600906372,2.5286576747894287,2.0386202335357666,1.6865289211273193,1.4411147832870483,0.9439893960952759,0.3096773624420166,-0.13372844457626343
-2.0898234844207764,-1.9399830102920532,-1.7707152366638184,-1.677176833152771,-1.4976351261138916,-1.2549395561218262,-1.0913724899291992,-0.8454157710075378,-0.40059787034988403,0.006899675820022821,0.29186388850212097,0.7086361646652222,1.322275996208191,1.8471859693527222,2.124591588973999,2.326988697052002,2.5695321559906006,2.7393388748168945,2.800335168838501,2.777872323989868,2.563720464706421,2.2255115509033203,2.0442824363708496,1.9819129705429077,1.8343373537063599,1.724410891532898,1.7429431676864624,1.7133241891860962,1.6269335746765137,1.5537129640579224,1.3679014444351196,1.0977783203125,0.9286739230155945,0.840529203414917,0.8348153233528137,0.9994955658912659,1.1154906749725342,0.959981381893158,0.7411133646965027,0.6181809306144714,0.4203772246837616,0.09426946192979813,-0.2485715001821518
-2.648711919784546,-2.3934099674224854,-2.085144519805908,-1.8196731805801392,-1.5012948513031006,-1.1730775833129883,-0.9951597452163696,-0.832012414932251,-0.43112650513648987,0.10554534196853638,0.5055198073387146,0.8176600933074951,1.2796605825424194,1.793316125869751,2.0608673095703125,2.1488990783691406,2.2669641971588135,2.279315948486328,2.0911333560943604,1.9145129919052124,1.7451021671295166,1.3915330171585083,0.9738526344299316,0.6580852270126343,0.3788847029209137,0.15986482799053192,0.05458913743495941,-0.06720498204231262,-0.23498687148094177,-0.3726009726524353,-0.5554015636444092,-0.7825181484222412,-0.906390368938446,-0.9402508735656738,-0.9038182497024536,-0.6681990623474121,-0.3333835303783417,-0.183518648147583,-0.19976992905139923,-0.17860440909862518,-0.1303098052740097,-0.19362135231494904,-0.4048592746257782
-2.3785552978515625,-2.234691858291626,-1.9637876749038696,-1.6069893836975098,-1.2648621797561646,-1.081477165222168,-1.0488489866256714,-0.9819424748420715,-0.7143106460571289,-0.2273809015750885,0.29261842370033264,0.6394774913787842,0.9085323214530945,1.2618309259414673,1.5516910552978516,1.6619371175765991,1.7154030799865723,1.660929560661316,1.3903985023498535,1.1232969760894775,0.9889301061630249,0.7798394560813904,0.46360164880752563,0.21117684245109558,0.009644788689911366,-0.19318172335624695,-0.3583470582962036,-0.5419895052909851,-0.7836087942123413,-0.9963311553001404,-1.1690970659255981,-1.332606554031372,-1.413553237915039,-1.374412178993225,-1.2443232536315918,-1.0061613321304321,-0.7054272890090942,-0.47723737359046936,-0.3390459716320038,-0.20557427406311035,-0.09133078157901764,-0.08961545675992966,-0.20852075517177582
-0.6287057995796204,-0.6607963442802429,-0.624958872795105,-0.44023898243904114,-0.23693594336509705,-0.2607417702674866,-0.35752856731414795,-0.2623114287853241,-0.07272648066282272,0.12945663928985596,0.4196302890777588,0.6393215656280518,0.6853931546211243,0.830134391784668,1.1476870775222778,1.3483964204788208,1.3651690483093262,1.3383166790008545,1.2592458724975586,1.1274302005767822,1.0229846239089966,0.9378684163093567,0.8797823190689087,0.8910516500473022,0.8844926357269287,0.7971081733703613,0.7079092860221863,0.6168752312660217,0.45683717727661133,0.28868550062179565,0.18041691184043884,0.09729646891355515,0.05617260932922363,0.130217045545578,0.2908616065979004,0.43957725167274475,0.5481500029563904,0.662483811378479,0.7988606095314026,0.8940446972846985,0.887974202632904,0.8217580318450928,0.780015230178833
