earth/public/data/atmosphere/W07/ANN-temp-isobaric-850hPa-gfs-1.0.json
{"header": {"discipline": 0, "disciplineName": "Meteorological products", "gribEdition": 2, "gribLength": 17922.0, "center": 0, "centerName": "Kiel Climate Model", "subcenter": 0, "refTime": "1", "significanceOfRT": 1, "significanceOfRTName": "Start of forecast", "productStatus": 0, "productStatusName": "Operational products", "productType": 1, "productTypeName": "Forecast products", "productDefinitionTemplate": 0, "productDefinitionTemplateName": "Analysis/forecast at horizontal level/layer at a point in time", "parameterCategory": 2, "parameterCategoryName": "Momentum", "parameterNumber": 2, "parameterNumberName": "U-component_of_wind", "parameterUnit": "K", "genProcessType": 2, "genProcessTypeName": "Forecast", "forecastTime": 0, "surface1Type": 103, "surface1TypeName": "Specified height level above ground", "surface1Value": 10, "surface2Type": 255, "surface2TypeName": "Missing", "surface2Value": 0, "gridDefinitionTemplate": 0, "gridDefinitionTemplateName": "Latitude_Longitude", "numberPoints": 65160, "shape": 6, "shapeName": "Earth spherical with radius of 6,371,229.0 m", "gridUnits": "degrees", "resolution": 48, "winds": "true", "scanMode": 0, "nx": 128.0, "ny": 64.0, "basicAngle": 0, "subDivisions": 0, "lo1": 0.0, "la1": 87.86379883923263, "lo2": 357.1875, "la2": -87.86379883923263, "dx": 2.8125, "dy": 2.7893269472772264}, "data":
[rows 20 to 39 of 64, columns 0 to 43 of 128]
287.12408447265625,286.23040771484375,285.4615478515625,284.8116455078125,284.3907165527344,284.1911926269531,283.99298095703125,283.836181640625,284.0024108886719,284.4065856933594,284.7294616699219,285.137451171875,286.0382995605469,287.2274475097656,288.2103271484375,289.16552734375,290.4521789550781,291.4242248535156,291.1756591796875,290.26751708984375,290.05072021484375,290.49810791015625,290.60675048828125,290.5854797363281,291.3726501464844,292.28375244140625,291.544677734375,289.0338134765625,286.4814758300781,285.2544250488281,285.4256591796875,286.3392639160156,287.06597900390625,287.1837158203125,287.31207275390625,287.6308898925781,286.66754150390625,283.61236572265625,280.6130676269531,280.15545654296875,281.4481506347656,282.04119873046875,281.5794982910156,281.3718566894531
288.5840148925781,288.1432800292969,287.6688537597656,286.885498046875,286.07501220703125,285.51898193359375,285.1240234375,284.9471740722656,285.18524169921875,285.58123779296875,285.8391418457031,286.4830322265625,288.16619873046875,290.26043701171875,291.4140930175781,291.5787658691406,292.0672302246094,293.2720031738281,293.9626159667969,293.52459716796875,293.0804443359375,293.4447021484375,293.8712158203125,293.7969055175781,293.8232421875,294.09283447265625,293.637451171875,291.9836120605469,289.83349609375,288.062744140625,287.17987060546875,287.20440673828125,287.38470458984375,287.10186767578125,287.0092468261719,287.6044006347656,287.4830322265625,285.42987060546875,283.0793151855469,282.7044372558594,283.7027587890625,284.0270690917969,283.5516052246094,283.4292907714844
290.48809814453125,290.6722412109375,290.29840087890625,289.1124572753906,287.8521728515625,287.06951904296875,286.57830810546875,286.30914306640625,286.45770263671875,286.8475646972656,287.289794921875,288.32183837890625,290.5373229980469,293.2694396972656,294.8490295410156,294.5690002441406,293.7469177246094,293.9914245605469,294.9999694824219,295.3741149902344,294.94378662109375,294.58416748046875,294.40478515625,293.8612060546875,293.0277404785156,292.4322509765625,292.2748718261719,292.4258117675781,292.4532470703125,291.75836181640625,290.44866943359375,289.4104919433594,288.98468017578125,288.7232666015625,288.56927490234375,288.667236328125,288.28436279296875,286.82110595703125,285.32147216796875,285.0785827636719,285.60931396484375,285.7305908203125,285.47589111328125,285.4345397949219
292.2156066894531,292.5921325683594,292.0091552734375,290.5743408203125,289.4530944824219,289.038330078125,288.6280517578125,288.0046081542969,287.73565673828125,288.1440124511719,289.1170654296875,290.52166748046875,292.2846374511719,294.29644775390625,296.0509948730469,296.60260009765625,295.7716979980469,294.8197937011719,294.78094482421875,295.0503234863281,294.6689453125,293.7951965332031,293.04296875,292.4920959472656,291.9371032714844,291.42462158203125,291.3158874511719,291.88995361328125,292.7184753417969,292.84063720703125,291.971923828125,290.9251403808594,290.49102783203125,290.6072692871094,290.74359130859375,290.40509033203125,289.3818054199219,288.07293701171875,287.241455078125,287.10540771484375,287.1768798828125,287.1053161621094,286.99993896484375,286.9227600097656
293.0679626464844,293.26080322265625,292.6142578125,291.4675598144531,291.031982421875,291.29669189453125,291.0709228515625,290.0895690917969,289.2904052734375,289.4967041015625,290.82061767578125,292.55267333984375,293.6807861328125,294.3184509277344,295.50799560546875,297.04083251953125,297.3876037597656,296.1804504394531,294.7264404296875,293.9309997558594,293.42303466796875,292.69696044921875,291.91400146484375,291.4912414550781,291.4608154296875,291.501708984375,291.49560546875,291.6100769042969,291.7974853515625,291.7646789550781,291.4141540527344,290.89111328125,290.46917724609375,290.4942626953125,290.8534851074219,290.7705078125,289.902099609375,288.992431640625,288.6828918457031,288.6408386230469,288.4658508300781,288.3158264160156,288.2586975097656,288.08831787109375
293.1434326171875,293.24725341796875,292.9281311035156,292.35662841796875,292.4447937011719,293.05767822265625,293.0981750488281,292.29638671875,291.3313903808594,290.979248046875,291.85418701171875,293.6717834472656,295.0331115722656,295.2923278808594,295.48211669921875,296.2990417480469,296.8203125,296.05474853515625,294.37152099609375,292.8756103515625,292.11090087890625,291.6935729980469,291.14263916015625,290.6441955566406,290.55413818359375,290.75921630859375,291.0555419921875,291.36859130859375,291.4425964355469,291.18914794921875,290.9496154785156,290.75433349609375,290.32086181640625,289.99114990234375,290.2177429199219,290.44573974609375,290.0473327636719,289.50030517578125,289.351806640625,289.30828857421875,289.1658630371094,289.16357421875,289.187255859375,288.9869689941406
292.8770751953125,293.042236328125,293.081298828125,292.9241638183594,293.10247802734375,293.6566467285156,294.05682373046875,294.02349853515625,293.5012512207031,292.7936096191406,292.8979797363281,294.325927734375,296.085693359375,296.9296875,296.6462707519531,295.7095642089844,294.69915771484375,293.8965148925781,293.00067138671875,291.84429931640625,290.93609619140625,290.5228576660156,290.2094421386719,289.9225769042969,289.91595458984375,290.0935974121094,290.42962646484375,291.07989501953125,291.5805358886719,291.3641357421875,290.84552001953125,290.60369873046875,290.42840576171875,290.1863708496094,290.2124938964844,290.369873046875,290.1965026855469,289.8422546386719,289.67047119140625,289.61029052734375,289.6147766113281,289.7674255371094,289.80316162109375,289.549072265625
292.4931640625,292.6336975097656,292.729736328125,292.7706298828125,292.99005126953125,293.4385681152344,294.0436096191406,294.6064147949219,294.6324768066406,294.1617736816406,294.10565185546875,294.85491943359375,295.87286376953125,296.76556396484375,297.0563659667969,295.9161071777344,293.7408752441406,292.14599609375,291.52703857421875,290.92498779296875,290.1235046386719,289.616455078125,289.43798828125,289.5292663574219,289.92340087890625,290.2220458984375,290.26190185546875,290.5725402832031,291.13226318359375,291.1220397949219,290.477783203125,290.03521728515625,290.0697326660156,290.1485290527344,290.1148376464844,290.1138610839844,290.10235595703125,290.00390625,289.91436767578125,289.9218444824219,290.0525207519531,290.2528381347656,290.28076171875,290.025390625
291.78582763671875,291.88507080078125,291.8844299316406,292.0436096191406,292.494873046875,292.9841613769531,293.4747314453125,293.9819030761719,294.10858154296875,293.9736328125,294.2642517089844,294.6270751953125,294.34991455078125,294.31781005859375,295.26373291015625,295.5649108886719,293.8744201660156,291.60687255859375,290.4026184082031,289.9100036621094,289.4480895996094,289.1625671386719,289.12567138671875,289.2427978515625,289.5996398925781,289.9491271972656,289.91790771484375,289.8561096191406,290.224853515625,290.5714416503906,290.3226013183594,289.8792724609375,289.8526916503906,290.02886962890625,289.995849609375,289.9259033203125,290.0212097167969,290.079345703125,290.0303649902344,290.0751037597656,290.24822998046875,290.4359130859375,290.5381774902344,290.4425354003906
290.80230712890625,291.01641845703125,290.9593811035156,291.0794677734375,291.7165222167969,292.3514099121094,292.7019348144531,293.0096740722656,293.1022644042969,293.0025939941406,293.40179443359375,293.9964294433594,293.6114807128906,292.7676086425781,292.9790344238281,293.5611877441406,292.6424865722656,290.5859069824219,289.19915771484375,288.84423828125,288.8052062988281,288.9164733886719,289.1800231933594,289.2924499511719,289.30340576171875,289.4952087402344,289.6795349121094,289.65673828125,289.77069091796875,290.143310546875,290.2761535644531,290.05718994140625,290.00714111328125,290.18988037109375,290.192138671875,290.0957336425781,290.1942138671875,290.30560302734375,290.2857666015625,290.3247375488281,290.4349670410156,290.5299377441406,290.6532287597656,290.68145751953125
290.1485290527344,290.5132141113281,290.4421691894531,290.3285217285156,290.87213134765625,291.6238708496094,292.0115051269531,292.3404541015625,292.62908935546875,292.53631591796875,292.70367431640625,293.7505187988281,294.50836181640625,293.70166015625,292.1361083984375,291.0620422363281,290.2054748535156,289.1542663574219,288.5284423828125,288.5921630859375,288.774658203125,288.9412536621094,289.3413391113281,289.67706298828125,289.6591491699219,289.6587219238281,289.8742370605469,289.9365234375,289.7929992675781,289.801513671875,289.9242248535156,289.94134521484375,290.0334167480469,290.25689697265625,290.28778076171875,290.1748046875,290.2815856933594,290.5314636230469,290.6518249511719,290.6558532714844,290.6235046386719,290.639404296875,290.7791442871094,290.8554992675781
289.8748474121094,290.2728576660156,290.31622314453125,290.0743408203125,290.3503112792969,291.0787048339844,291.5433654785156,291.79852294921875,292.14483642578125,292.2536926269531,292.352294921875,293.4187927246094,294.80157470703125,294.2958984375,291.7555847167969,289.541015625,288.858154296875,288.81805419921875,288.81793212890625,289.0010986328125,289.166748046875,289.1652526855469,289.33026123046875,289.6810607910156,289.82501220703125,289.7641906738281,289.8067626953125,289.90521240234375,289.8526611328125,289.77301025390625,289.84814453125,290.0022277832031,290.16845703125,290.33685302734375,290.3619689941406,290.26025390625,290.3325500488281,290.6197509765625,290.7874755859375,290.6702575683594,290.48736572265625,290.5335693359375,290.78369140625,290.9306335449219
289.5543518066406,289.9047546386719,290.21563720703125,290.1478576660156,290.1842346191406,290.7761535644531,291.3891296386719,291.51617431640625,291.59210205078125,291.93853759765625,292.32415771484375,292.8497009277344,293.3045349121094,292.5203857421875,290.4466857910156,288.9223327636719,288.8354187011719,289.0817565917969,288.93798828125,288.86529541015625,289.06640625,289.21026611328125,289.2338562011719,289.3453063964844,289.52508544921875,289.57135009765625,289.5399169921875,289.66046142578125,289.8600769042969,289.9488220214844,290.0291442871094,290.1827392578125,290.28802490234375,290.364501953125,290.46563720703125,290.480712890625,290.47674560546875,290.6406555175781,290.80450439453125,290.70648193359375,290.5283203125,290.590576171875,290.7900695800781,290.8450927734375
289.3298034667969,289.6119079589844,290.0909423828125,290.3028259277344,290.228759765625,290.650390625,291.51861572265625,291.8319396972656,291.7090148925781,292.1133117675781,292.76422119140625,292.6277770996094,291.5346984863281,290.036865234375,288.86572265625,288.5467224121094,288.73333740234375,288.6958312988281,288.4327697753906,288.38323974609375,288.6488037109375,288.9964599609375,289.1495666503906,289.1433410644531,289.2669372558594,289.4488830566406,289.4508972167969,289.4718017578125,289.64764404296875,289.7349853515625,289.755615234375,289.88702392578125,289.9964294433594,290.0747985839844,290.27947998046875,290.4280700683594,290.3957824707031,290.4725646972656,290.7286376953125,290.8792724609375,290.8885192871094,290.9164733886719,290.900634765625,290.7589416503906
289.23040771484375,289.498046875,289.95135498046875,290.39715576171875,290.4324951171875,290.69134521484375,291.587890625,292.167724609375,292.0874938964844,292.32525634765625,292.87738037109375,292.41534423828125,290.57611083984375,288.66241455078125,287.9479064941406,288.1761779785156,288.2432556152344,288.00103759765625,288.0733642578125,288.3545227050781,288.4388427734375,288.5457763671875,288.74163818359375,288.759765625,288.7867431640625,288.9693908691406,289.0134582519531,288.96966552734375,289.0832824707031,289.1925964355469,289.25885009765625,289.47265625,289.695556640625,289.8109130859375,289.9873046875,290.1524963378906,290.147216796875,290.1724853515625,290.3795471191406,290.60528564453125,290.7376403808594,290.79217529296875,290.7572021484375,290.6690368652344
288.8002014160156,289.218505859375,289.70916748046875,290.39080810546875,290.74615478515625,290.9610595703125,291.5657958984375,292.1085205078125,292.1306457519531,292.1252746582031,292.2795104980469,291.8125915527344,290.24188232421875,288.39434814453125,287.56219482421875,287.7388000488281,287.7942199707031,287.55767822265625,287.7470703125,288.0946960449219,287.9747314453125,287.81683349609375,287.9732360839844,288.0260009765625,287.961669921875,288.0701904296875,288.169189453125,288.1982421875,288.3817443847656,288.60467529296875,288.7432556152344,288.96282958984375,289.2181396484375,289.358154296875,289.50030517578125,289.7084655761719,289.8567810058594,289.9283752441406,290.0057373046875,290.1222839355469,290.26348876953125,290.3883056640625,290.4844055175781,290.55419921875
288.050537109375,288.7703857421875,289.5142517089844,290.39093017578125,291.0730895996094,291.50494384765625,291.93499755859375,292.272216796875,292.3251037597656,292.1336975097656,291.758056640625,291.1441955566406,290.0569763183594,288.52490234375,287.4132080078125,287.3127136230469,287.4452209472656,287.1640319824219,286.9874572753906,287.12164306640625,287.11968994140625,287.0723876953125,287.2089538574219,287.24188232421875,287.14739990234375,287.2102355957031,287.3231201171875,287.36175537109375,287.4886169433594,287.6632080078125,287.74786376953125,287.857421875,288.0574035644531,288.25286865234375,288.46832275390625,288.7833557128906,289.1354064941406,289.4146423339844,289.63250732421875,289.8796691894531,290.1435241699219,290.34954833984375,290.5127258300781,290.59588623046875
287.13116455078125,288.1671142578125,289.2557373046875,290.23846435546875,291.149169921875,292.04119873046875,292.6432800292969,292.758544921875,292.65032958984375,292.3302001953125,291.47222900390625,290.3335266113281,289.33843994140625,288.3288879394531,287.4544677734375,287.240234375,287.263671875,286.80108642578125,286.27630615234375,286.2716064453125,286.435302734375,286.4162902832031,286.35040283203125,286.2711486816406,286.1657409667969,286.154296875,286.1857604980469,286.156005859375,286.1634826660156,286.265869140625,286.3846130371094,286.5212707519531,286.7333068847656,287.00146484375,287.291259765625,287.63067626953125,288.0444641113281,288.4940185546875,288.9670104980469,289.482666015625,289.94805908203125,290.2839050292969,290.5696105957031,290.7621765136719
285.90447998046875,287.12799072265625,288.4691162109375,289.5622863769531,290.7164306640625,292.1513977050781,293.0912780761719,292.9747619628906,292.5028381347656,292.09124755859375,291.0596923828125,289.39599609375,288.1294860839844,287.6303405761719,287.493896484375,287.46527099609375,287.20880126953125,286.47052001953125,285.7983093261719,285.7113037109375,285.766357421875,285.51116943359375,285.2138366699219,285.0948791503906,284.98944091796875,284.8496398925781,284.7697448730469,284.7264709472656,284.707275390625,284.79254150390625,284.9731140136719,285.1601867675781,285.3717041015625,285.67510986328125,286.0382385253906,286.43994140625,286.94598388671875,287.55029296875,288.18597412109375,288.8411865234375,289.4561462402344,289.9613037109375,290.4249267578125,290.832763671875
284.5384521484375,285.70245361328125,287.0889892578125,288.33770751953125,289.7696838378906,291.64306640625,292.9970703125,292.9342346191406,292.1875,291.6025695800781,290.59521484375,288.78741455078125,287.24835205078125,286.85858154296875,287.1648864746094,287.3044738769531,286.8365173339844,285.9110107421875,285.16943359375,284.9463806152344,284.81243896484375,284.45428466796875,284.17462158203125,284.1107482910156,283.97412109375,283.7197265625,283.5766906738281,283.5330810546875,283.4554748535156,283.41290283203125,283.4639587402344,283.527099609375,283.643310546875,283.9359130859375,284.3597717285156,284.86785888671875,285.5525817871094,286.37835693359375,287.1943054199219,288.0236511230469,288.8988342285156,289.6498107910156,290.17474365234375,290.553955078125
