earth/public/data/atmosphere/W07/ANN-rh-surface-level-gfs-1.0.json
{"header": {"discipline": 0, "disciplineName": "Meteorological products", "gribEdition": 2, "gribLength": 17922.0, "center": 0, "centerName": "Kiel Climate Model", "subcenter": 0, "refTime": "1", "significanceOfRT": 1, "significanceOfRTName": "Start of forecast", "productStatus": 0, "productStatusName": "Operational products", "productType": 1, "productTypeName": "Forecast products", "productDefinitionTemplate": 0, "productDefinitionTemplateName": "Analysis/forecast at horizontal level/layer at a point in time", "parameterCategory": 2, "parameterCategoryName": "Momentum", "parameterNumber": 2, "parameterNumberName": "U-component_of_wind", "parameterUnit": "%", "genProcessType": 2, "genProcessTypeName": "Forecast", "forecastTime": 0, "surface1Type": 103, "surface1TypeName": "Specified height level above ground", "surface1Value": 10, "surface2Type": 255, "surface2TypeName": "Missing", "surface2Value": 0, "gridDefinitionTemplate": 0, "gridDefinitionTemplateName": "Latitude_Longitude", "numberPoints": 65160, "shape": 6, "shapeName": "Earth spherical with radius of 6,371,229.0 m", "gridUnits": "degrees", "resolution": 48, "winds": "true", "scanMode": 0, "nx": 128.0, "ny": 64.0, "basicAngle": 0, "subDivisions": 0, "lo1": 0.0, "la1": 87.86379883923263, "lo2": 357.1875, "la2": -87.86379883923263, "dx": 2.8125, "dy": 2.7893269472772264}, "data":
[rows 19 to 37 of 64, columns 0 to 42 of 128]
0.4715123772621155,0.5170841217041016,0.5313702821731567,0.5617400407791138,0.6425579786300659,0.7281267046928406,0.7450798153877258,0.6865560412406921,0.622604489326477,0.6152576804161072,0.651259183883667,0.6651445627212524,0.6026523113250732,0.4657125473022461,0.32280468940734863,0.25453755259513855,0.26336461305618286,0.27690020203590393,0.25570160150527954,0.2315036803483963,0.22968296706676483,0.23650610446929932,0.24647372961044312,0.26395878195762634,0.2756097614765167,0.28893402218818665,0.35081133246421814,0.4643409550189972,0.5531506538391113,0.5642436146736145,0.5364945530891418,0.5283061265945435,0.5491036772727966,0.5902421474456787,0.6589575409889221,0.7545748353004456,0.8496446013450623,0.912773609161377,0.9339701533317566,0.919522225856781,0.8755105137825012,0.816288948059082,0.7785241007804871
0.3680604100227356,0.38984230160713196,0.3950052857398987,0.41853761672973633,0.4753478169441223,0.5519249439239502,0.6096319556236267,0.6174283027648926,0.605140209197998,0.6297929883003235,0.6815898418426514,0.6869397163391113,0.6004998683929443,0.4498811662197113,0.30762234330177307,0.231657013297081,0.21118509769439697,0.19603264331817627,0.18358981609344482,0.20058313012123108,0.21551764011383057,0.18819668889045715,0.1665109395980835,0.19716642796993256,0.21819937229156494,0.18809524178504944,0.2105228155851364,0.37640586495399475,0.5960685014724731,0.7205759286880493,0.727632999420166,0.697933554649353,0.6973286867141724,0.7383440136909485,0.7996313571929932,0.8557169437408447,0.8989678025245667,0.9271488189697266,0.9302666187286377,0.9110356569290161,0.8867018818855286,0.8644552230834961,0.8490491509437561
0.3252960443496704,0.32034939527511597,0.32458168268203735,0.3505849838256836,0.37652823328971863,0.41891708970069885,0.4754974842071533,0.49230632185935974,0.47480887174606323,0.4933454990386963,0.5387945175170898,0.5254700183868408,0.4335744380950928,0.3212834298610687,0.23676590621471405,0.19332487881183624,0.17233668267726898,0.142343670129776,0.12036443501710892,0.1441652476787567,0.17093650996685028,0.1416485607624054,0.1163330152630806,0.16814392805099487,0.2242836058139801,0.2040378600358963,0.19189131259918213,0.29366961121559143,0.4611010253429413,0.5944353938102722,0.6786367893218994,0.741755485534668,0.7989083528518677,0.8565576672554016,0.8977990746498108,0.8985311388969421,0.880109429359436,0.8783802390098572,0.8864126801490784,0.8923838138580322,0.9071980118751526,0.9188129901885986,0.9048121571540833
0.2722457945346832,0.25153210759162903,0.2746562659740448,0.3226529657840729,0.337613970041275,0.3569289445877075,0.4040589928627014,0.41062623262405396,0.37602242827415466,0.38392409682273865,0.4134625792503357,0.37375009059906006,0.2856200933456421,0.22093465924263,0.17751111090183258,0.14882364869117737,0.15441825985908508,0.1577356606721878,0.12026827037334442,0.09268814325332642,0.12465287744998932,0.1929977834224701,0.2759154736995697,0.3565722703933716,0.37846875190734863,0.3381277918815613,0.32618430256843567,0.3751843273639679,0.4211563169956207,0.45922839641571045,0.5456720590591431,0.6559585332870483,0.7246778011322021,0.763811469078064,0.8049168586730957,0.8324617743492126,0.8465555906295776,0.8687352538108826,0.8879918456077576,0.8996429443359375,0.9225155115127563,0.9312764406204224,0.8922526836395264
0.21333782374858856,0.1930735856294632,0.2276044338941574,0.2808433175086975,0.2858348786830902,0.29114383459091187,0.33614248037338257,0.35356685519218445,0.336433470249176,0.35177841782569885,0.3598175644874573,0.29841551184654236,0.2458416372537613,0.2536342740058899,0.23162148892879486,0.16132278740406036,0.14354059100151062,0.17324741184711456,0.15384681522846222,0.11582378298044205,0.18641114234924316,0.3907802402973175,0.6097325682640076,0.6881962418556213,0.5853583812713623,0.44894102215766907,0.44652968645095825,0.5349807143211365,0.563037097454071,0.537204384803772,0.5636851191520691,0.6215715408325195,0.6265419125556946,0.6113104820251465,0.6529653072357178,0.7393427491188049,0.8179780840873718,0.8600514531135559,0.8573340773582458,0.8453765511512756,0.8649404048919678,0.8754450082778931,0.8319423794746399
0.20736965537071228,0.19765743613243103,0.21942174434661865,0.2564641535282135,0.2514767646789551,0.2392723709344864,0.26538166403770447,0.2851655185222626,0.28752630949020386,0.3048707842826843,0.2868509888648987,0.2184060961008072,0.22124750912189484,0.31471508741378784,0.33635249733924866,0.23533354699611664,0.1446637213230133,0.13716746866703033,0.1753314882516861,0.2536616623401642,0.4103814363479614,0.6406053304672241,0.8464239239692688,0.8772730231285095,0.7029025554656982,0.5115199685096741,0.4944174587726593,0.6029879450798035,0.6718042492866516,0.6744650602340698,0.6885283589363098,0.7134896516799927,0.6966392993927002,0.6637554168701172,0.684294581413269,0.7612038850784302,0.8352526426315308,0.8518076539039612,0.8106210827827454,0.7780566215515137,0.799859344959259,0.8216943740844727,0.7953572869300842
0.23661746084690094,0.22729671001434326,0.22703711688518524,0.25506117939949036,0.2557103633880615,0.23421171307563782,0.23648332059383392,0.24508735537528992,0.2509109079837799,0.2645649313926697,0.2384766936302185,0.17820242047309875,0.19459697604179382,0.29685911536216736,0.3605380952358246,0.33034443855285645,0.24978628754615784,0.19424256682395935,0.2673846483230591,0.4832781255245209,0.6998765468597412,0.8166713118553162,0.8634486198425293,0.8465314507484436,0.7481355667114258,0.6406246423721313,0.6046102046966553,0.6263564825057983,0.667427122592926,0.718246340751648,0.7659838199615479,0.7941523790359497,0.7989049553871155,0.7853318452835083,0.774488091468811,0.7925236225128174,0.8285925388336182,0.8386017084121704,0.8124507069587708,0.795425534248352,0.8097215294837952,0.8137911558151245,0.7899706959724426
0.2992410659790039,0.2810024917125702,0.27328038215637207,0.29208165407180786,0.2798353433609009,0.24798190593719482,0.24835629761219025,0.2626795172691345,0.2745703458786011,0.2886730432510376,0.2685277760028839,0.22540131211280823,0.2278824746608734,0.2655741572380066,0.31077173352241516,0.3852839469909668,0.4286636710166931,0.39958029985427856,0.4587535560131073,0.6856333017349243,0.8688551187515259,0.8676602840423584,0.8033545613288879,0.7811791896820068,0.788325309753418,0.8009412884712219,0.7730729579925537,0.69254070520401,0.6601807475090027,0.725019097328186,0.787973165512085,0.7902021408081055,0.7811737060546875,0.7760105133056641,0.7496903538703918,0.7295631170272827,0.7524594068527222,0.7978675365447998,0.8318846821784973,0.8473127484321594,0.8388326168060303,0.8042492866516113,0.7738347053527832
0.4341978430747986,0.4244716465473175,0.43395259976387024,0.42795151472091675,0.3648827075958252,0.30970096588134766,0.32004326581954956,0.34732621908187866,0.36279797554016113,0.3673913776874542,0.32961517572402954,0.2993006408214569,0.3492361903190613,0.3904532492160797,0.3661123216152191,0.39467018842697144,0.48178789019584656,0.5213473439216614,0.5879069566726685,0.7507543563842773,0.8549649119377136,0.8277311325073242,0.7912288308143616,0.7902453541755676,0.7995465993881226,0.8339444398880005,0.8332204818725586,0.7408444881439209,0.6777499914169312,0.7345451712608337,0.7959564328193665,0.777140736579895,0.7498819828033447,0.7508832812309265,0.7327384352684021,0.7030378580093384,0.7180958390235901,0.778325617313385,0.8358180522918701,0.8539923429489136,0.8236117362976074,0.7728337645530701,0.7538356184959412
0.5969671010971069,0.6102720499038696,0.642625093460083,0.6251974701881409,0.5375803112983704,0.47361111640930176,0.4797452390193939,0.4922066926956177,0.496224969625473,0.4904541075229645,0.4208969473838806,0.37975504994392395,0.5082059502601624,0.6460046172142029,0.5762072205543518,0.4257029891014099,0.39205285906791687,0.464489609003067,0.6005014181137085,0.7497204542160034,0.8034334778785706,0.7852853536605835,0.8008685111999512,0.8106564283370972,0.7728943228721619,0.7682308554649353,0.7899317145347595,0.7514044642448425,0.7043099999427795,0.7356442809104919,0.7858738303184509,0.7841058373451233,0.7729215621948242,0.7843590974807739,0.7774742245674133,0.7505780458450317,0.756646990776062,0.7951410412788391,0.8176494240760803,0.8107513785362244,0.7828459739685059,0.745358407497406,0.739831805229187
0.7129263281822205,0.7262469530105591,0.7545958161354065,0.7615598440170288,0.719113826751709,0.6704128980636597,0.6473122835159302,0.6221141219139099,0.6139903664588928,0.6224697828292847,0.5584705471992493,0.4853956997394562,0.582086980342865,0.7368241548538208,0.6841506958007812,0.4810534715652466,0.38160595297813416,0.4664366841316223,0.6501527428627014,0.7965879440307617,0.8164808750152588,0.7791938185691833,0.7828335165977478,0.7890281677246094,0.7588133811950684,0.7476043105125427,0.7694068551063538,0.7742257714271545,0.7584779262542725,0.758196234703064,0.7738032341003418,0.7788185477256775,0.7745387554168701,0.7755348086357117,0.769589364528656,0.7627449035644531,0.7846065163612366,0.8006237149238586,0.7716623544692993,0.7564682960510254,0.7765694260597229,0.7583334445953369,0.7223837971687317
0.7726844549179077,0.7597953081130981,0.758399248123169,0.8004356622695923,0.8275186419487,0.7926291227340698,0.7347742319107056,0.6939996480941772,0.6915113925933838,0.7152686715126038,0.6885761618614197,0.6058270931243896,0.570296049118042,0.5890355706214905,0.5726629495620728,0.530691385269165,0.545549750328064,0.6423222422599792,0.7697935700416565,0.8369706273078918,0.8136284947395325,0.7708108425140381,0.7561168670654297,0.7536113262176514,0.7587218284606934,0.7641546726226807,0.7600963115692139,0.7693415880203247,0.7867091298103333,0.7810879349708557,0.7690865993499756,0.7659717202186584,0.7544889450073242,0.7397952079772949,0.7346032857894897,0.7543184161186218,0.8049625754356384,0.8092700839042664,0.7417184710502625,0.7503219246864319,0.8546651601791382,0.8514463901519775,0.7364781498908997
0.7828181385993958,0.7567610144615173,0.7308162450790405,0.7860393524169922,0.8598434925079346,0.8420441746711731,0.7770509123802185,0.7597836256027222,0.7787705659866333,0.7825504541397095,0.7630233764648438,0.7169826626777649,0.6217033863067627,0.5152806639671326,0.5112478733062744,0.627521812915802,0.7434561848640442,0.8008652925491333,0.8271086812019348,0.8078500032424927,0.7622237801551819,0.7574204802513123,0.7647310495376587,0.7453704476356506,0.7470034956932068,0.7579061388969421,0.7340412139892578,0.7272555232048035,0.7547539472579956,0.7591129541397095,0.7510442733764648,0.7580514550209045,0.7566663026809692,0.7462877035140991,0.7406396865844727,0.7620605230331421,0.8256860971450806,0.8341764211654663,0.7516089081764221,0.7762567400932312,0.9376253485679626,0.9482129812240601,0.7750006318092346
0.7686995267868042,0.7534732222557068,0.7169859409332275,0.753217339515686,0.8432443737983704,0.8611294031143188,0.8118994832038879,0.8101138472557068,0.8458161950111389,0.8219825625419617,0.7693247199058533,0.7631349563598633,0.7302636504173279,0.6323293447494507,0.6273340582847595,0.7573630213737488,0.8352827429771423,0.8125662207603455,0.7993097305297852,0.783797562122345,0.7480502128601074,0.7650960087776184,0.7932330965995789,0.7618245482444763,0.7430744171142578,0.7618164420127869,0.75339275598526,0.7393394112586975,0.7477883696556091,0.7448716163635254,0.7424460053443909,0.7556650042533875,0.7600411176681519,0.7568283081054688,0.7437742948532104,0.7409476041793823,0.7991004586219788,0.8326072096824646,0.7598310708999634,0.7535544633865356,0.883710503578186,0.9024213552474976,0.7597893476486206
0.7793808579444885,0.7714626789093018,0.7331106066703796,0.7342108488082886,0.8040379881858826,0.8498699069023132,0.8148825764656067,0.7863664031028748,0.8123950958251953,0.7981153130531311,0.7332555651664734,0.7356745004653931,0.7725433707237244,0.7352688312530518,0.7203896045684814,0.8012595772743225,0.8284760117530823,0.7727919816970825,0.7738622426986694,0.8021125197410583,0.7755113840103149,0.7670884132385254,0.790418803691864,0.7752082347869873,0.7601953148841858,0.7822988629341125,0.7927202582359314,0.7878292798995972,0.7855192422866821,0.7746467590332031,0.7694813013076782,0.7696868181228638,0.7596152424812317,0.7575704455375671,0.747249960899353,0.7246919274330139,0.7615163326263428,0.8139743804931641,0.7674556970596313,0.7146822214126587,0.7572981715202332,0.7714018225669861,0.7144795060157776
0.8029073476791382,0.7906942367553711,0.7721619606018066,0.7570279836654663,0.773155152797699,0.8120322227478027,0.8039986491203308,0.7520795464515686,0.7417579889297485,0.7518081068992615,0.720872163772583,0.7236244678497314,0.7816810607910156,0.7776695489883423,0.7372341752052307,0.7725647687911987,0.8087608218193054,0.7770053148269653,0.7735153436660767,0.8048883080482483,0.7877252697944641,0.761193573474884,0.7751470804214478,0.7871580719947815,0.7848817110061646,0.7859030961990356,0.7853420972824097,0.7905786037445068,0.7978861927986145,0.794464111328125,0.7960243821144104,0.7942782640457153,0.7767191529273987,0.7770118117332458,0.7817631959915161,0.7573065161705017,0.7611047625541687,0.8025948405265808,0.7901301980018616,0.7378355860710144,0.725493848323822,0.7277700901031494,0.7218372225761414
0.8096999526023865,0.7959458827972412,0.8124518394470215,0.8081754446029663,0.7626461386680603,0.7656264901161194,0.8049919605255127,0.7759806513786316,0.7249208688735962,0.7308154106140137,0.7353130578994751,0.7355083227157593,0.7909437417984009,0.8243773579597473,0.782502293586731,0.7690137028694153,0.8026145696640015,0.796535849571228,0.7728402614593506,0.7847739458084106,0.7955597639083862,0.787726640701294,0.7915172576904297,0.805240273475647,0.8078631162643433,0.7952023148536682,0.7841485142707825,0.7915538549423218,0.7984750866889954,0.7922446131706238,0.7980943918228149,0.8072282671928406,0.794643223285675,0.7897191643714905,0.7983517646789551,0.7821812629699707,0.7643072605133057,0.77931147813797,0.7887412905693054,0.7721739411354065,0.7600826025009155,0.7570798397064209,0.7516523599624634
0.8273319005966187,0.8151910901069641,0.842264711856842,0.8466887474060059,0.758750319480896,0.7126014828681946,0.7718658447265625,0.7748687267303467,0.7008380889892578,0.69314044713974,0.7195993065834045,0.7026499509811401,0.7277472019195557,0.8011490702629089,0.8054295778274536,0.7655255794525146,0.7737089991569519,0.7925636172294617,0.7800647616386414,0.7807791233062744,0.8058081865310669,0.8157472610473633,0.8064693212509155,0.8036288022994995,0.8111405372619629,0.8140645623207092,0.8135351538658142,0.8181370496749878,0.8136634826660156,0.796714186668396,0.794664204120636,0.8043258190155029,0.7966787219047546,0.7844632267951965,0.7870545983314514,0.7848140001296997,0.771713376045227,0.7673122882843018,0.7701264023780823,0.7688362002372742,0.7679221630096436,0.7693357467651367,0.7611123919487
0.8520024418830872,0.8419302701950073,0.8521171808242798,0.8567473292350769,0.7625101208686829,0.6709895730018616,0.6921533346176147,0.6936261057853699,0.6183448433876038,0.6163016557693481,0.6778295636177063,0.6706100106239319,0.6602672934532166,0.7283182740211487,0.7657488584518433,0.7309108376502991,0.73456871509552,0.7894182801246643,0.8092280030250549,0.7942845225334167,0.7951998710632324,0.8043015599250793,0.7973108291625977,0.7887323498725891,0.795942485332489,0.806614875793457,0.8074195384979248,0.8056083917617798,0.8050503730773926,0.799586832523346,0.7943869829177856,0.795663058757782,0.7944841384887695,0.7884052991867065,0.7893115282058716,0.7972747683525085,0.7977892756462097,0.7878304719924927,0.7790030837059021,0.7752617001533508,0.7715504169464111,0.7667214870452881,0.7547580003738403
