earth/public/data/atmosphere/W07/ANN-temp-isobaric-1000hPa-gfs-1.0.json
{"header": {"discipline": 0, "disciplineName": "Meteorological products", "gribEdition": 2, "gribLength": 17922.0, "center": 0, "centerName": "Kiel Climate Model", "subcenter": 0, "refTime": "1", "significanceOfRT": 1, "significanceOfRTName": "Start of forecast", "productStatus": 0, "productStatusName": "Operational products", "productType": 1, "productTypeName": "Forecast products", "productDefinitionTemplate": 0, "productDefinitionTemplateName": "Analysis/forecast at horizontal level/layer at a point in time", "parameterCategory": 2, "parameterCategoryName": "Momentum", "parameterNumber": 2, "parameterNumberName": "U-component_of_wind", "parameterUnit": "K", "genProcessType": 2, "genProcessTypeName": "Forecast", "forecastTime": 0, "surface1Type": 103, "surface1TypeName": "Specified height level above ground", "surface1Value": 10, "surface2Type": 255, "surface2TypeName": "Missing", "surface2Value": 0, "gridDefinitionTemplate": 0, "gridDefinitionTemplateName": "Latitude_Longitude", "numberPoints": 65160, "shape": 6, "shapeName": "Earth spherical with radius of 6,371,229.0 m", "gridUnits": "degrees", "resolution": 48, "winds": "true", "scanMode": 0, "nx": 128.0, "ny": 64.0, "basicAngle": 0, "subDivisions": 0, "lo1": 0.0, "la1": 87.86379883923263, "lo2": 357.1875, "la2": -87.86379883923263, "dx": 2.8125, "dy": 2.7893269472772264}, "data":
[rows 20 to 39 of 64, columns 0 to 43 of 128]
295.1241149902344,293.9572448730469,293.00152587890625,292.4764404296875,292.3774108886719,291.82574462890625,290.783203125,290.5137023925781,291.08062744140625,291.1083068847656,290.6580505371094,291.268798828125,293.0505065917969,294.5624694824219,295.21453857421875,295.7043762207031,296.74285888671875,298.37054443359375,299.72467041015625,299.614501953125,298.21063232421875,297.2078552246094,297.5960693359375,298.6546325683594,299.4398498535156,299.6536865234375,299.0225524902344,297.29669189453125,294.96044921875,293.19439697265625,292.9478454589844,293.8904724121094,294.5869140625,294.4454040527344,294.5483703613281,295.2302551269531,294.61566162109375,291.5741271972656,288.0301818847656,286.25213623046875,286.02044677734375,286.0960388183594,286.287841796875,286.9157409667969
295.73492431640625,295.5815734863281,295.0762023925781,294.30755615234375,294.2388916015625,293.9004821777344,292.5211181640625,291.736328125,292.3291015625,292.5645751953125,291.9862060546875,292.59283447265625,295.03173828125,297.4203796386719,298.260498046875,298.00140380859375,298.12091064453125,299.5600891113281,301.37847900390625,301.7205505371094,300.6702880859375,300.04443359375,300.285888671875,300.458984375,300.7125549316406,301.6102600097656,302.0963134765625,300.7702941894531,298.0036926269531,295.4208679199219,294.40899658203125,295.04180908203125,295.7317810058594,295.26995849609375,294.8783874511719,295.7083740234375,295.850341796875,293.3172607421875,289.75970458984375,287.8042907714844,287.4212341308594,287.5169677734375,288.14056396484375,289.44842529296875
297.6728515625,298.6378479003906,298.2970886230469,296.662841796875,295.80035400390625,295.2472229003906,293.7564392089844,292.77752685546875,293.3921203613281,293.92132568359375,293.74896240234375,294.7849426269531,297.65557861328125,300.5766906738281,301.9387512207031,301.5126037597656,300.4056091308594,300.4152526855469,301.71759033203125,302.4751281738281,301.9717712402344,301.29327392578125,300.6055603027344,299.4309997558594,298.79754638671875,299.5556335449219,300.44403076171875,300.3319091796875,299.63934326171875,298.6453552246094,297.5259704589844,297.2076721191406,297.49560546875,296.9601135253906,296.1356201171875,296.65179443359375,297.1875915527344,295.2986145019531,291.99755859375,289.9690246582031,289.6585998535156,290.3162536621094,291.7219543457031,293.24151611328125
299.908203125,300.8132019042969,300.158447265625,298.14813232421875,297.16314697265625,297.0073547363281,296.0118408203125,294.91778564453125,294.8385314941406,294.9913635253906,295.33837890625,297.0815734863281,299.86614990234375,302.2736511230469,303.7228088378906,303.7998352050781,302.55767822265625,301.67852783203125,302.1990051269531,302.61724853515625,301.6043701171875,299.8008117675781,297.9870300292969,296.7065734863281,296.9405517578125,298.2958984375,298.8891906738281,298.69805908203125,299.2476806640625,299.9229431152344,299.299072265625,298.5524597167969,298.9396057128906,299.10504150390625,298.39117431640625,298.174560546875,298.1224060058594,296.4593811035156,293.9082336425781,292.5992431640625,292.8220520019531,293.9309997558594,295.4661865234375,296.3379821777344
300.9803466796875,301.1473388671875,300.3870544433594,298.8195495605469,298.26031494140625,298.6741943359375,298.44232177734375,297.5556335449219,296.8222351074219,296.46051025390625,297.2227478027344,299.4917907714844,301.80145263671875,303.0767822265625,303.89044189453125,304.27197265625,303.7507629394531,303.1170654296875,302.9101257324219,301.9652404785156,299.6076354980469,296.88739013671875,295.0066833496094,294.7860107421875,296.61541748046875,299.00799560546875,299.56890869140625,298.6278076171875,298.55267333984375,299.3455810546875,299.23834228515625,298.7041320800781,299.16424560546875,299.6957702636719,299.0954284667969,298.1501159667969,297.330322265625,296.08282470703125,295.01458740234375,295.0706787109375,295.7630310058594,296.5462341308594,297.36700439453125,297.5257263183594
301.6041259765625,301.5632629394531,301.1047058105469,299.93414306640625,299.310546875,299.629638671875,299.83673095703125,299.431640625,298.6246337890625,298.0697326660156,298.9676208496094,301.30743408203125,303.39813232421875,304.3755798339844,304.6598205566406,304.378173828125,303.7904357910156,303.4156188964844,302.5267028808594,300.12451171875,297.1432189941406,295.2574462890625,294.7620849609375,295.2758483886719,296.7723388671875,298.7113952636719,299.7511901855469,299.4435119628906,298.94195556640625,299.03375244140625,299.0816345214844,298.81048583984375,298.8636474609375,299.0443115234375,298.5326843261719,297.5154724121094,296.59356689453125,295.977783203125,296.0765075683594,296.910888671875,297.58209228515625,297.7597351074219,297.87042236328125,297.79339599609375
301.94329833984375,302.0930480957031,301.7948913574219,300.85723876953125,300.3642883300781,300.7421875,301.2923583984375,301.3319091796875,300.595703125,299.8818664550781,300.5855712890625,302.5379333496094,304.4775085449219,305.9473876953125,306.3608093261719,305.0668029785156,303.4073181152344,302.6541748046875,301.2838439941406,298.28082275390625,295.7505798339844,295.4395751953125,296.3525085449219,296.89056396484375,296.84716796875,297.240966796875,298.6512145996094,299.9515380859375,299.9981994628906,299.4410095214844,299.12158203125,298.8375549316406,298.62664794921875,298.7672424316406,298.8078918457031,298.3721008300781,297.7635192871094,297.34100341796875,297.4019470214844,297.9732971191406,298.4583435058594,298.4859313964844,298.32659912109375,298.1265563964844
301.330078125,301.38336181640625,300.9145812988281,300.5398254394531,301.0032043457031,301.9203796386719,302.7457275390625,303.12689208984375,302.5326843261719,301.7392272949219,302.2933654785156,303.64959716796875,304.6322937011719,305.7521667480469,306.56622314453125,305.5091552734375,303.5991516113281,302.4182434082031,300.6515197753906,297.6980895996094,295.83453369140625,296.0843505859375,297.0226745605469,297.45758056640625,297.1644592285156,296.9480285644531,298.08441162109375,299.9022216796875,300.421875,299.6589660644531,298.93463134765625,298.5070495605469,298.3548583984375,298.72967529296875,299.19140625,299.2099914550781,298.9083557128906,298.4458923339844,298.06689453125,298.2295227050781,298.767333984375,299.0368347167969,298.8778991699219,298.5562744140625
300.19134521484375,300.0383605957031,299.52783203125,299.7907409667969,300.9278869628906,301.7957763671875,302.3680114746094,303.0404968261719,302.9169921875,302.2810363769531,302.8514099121094,303.8437805175781,303.5567321777344,303.32806396484375,304.2834777832031,304.7755432128906,304.0793762207031,302.7613220214844,300.38690185546875,297.648193359375,296.5833740234375,296.9198913574219,297.1535339355469,297.44580078125,297.93603515625,298.053955078125,298.3138427734375,299.13238525390625,299.5755615234375,299.25408935546875,298.82635498046875,298.5953674316406,298.53070068359375,298.6158447265625,298.6722412109375,298.7059326171875,298.7943420410156,298.6946716308594,298.4557800292969,298.5569152832031,299.0228271484375,299.37554931640625,299.30938720703125,298.96856689453125
299.098876953125,299.0941467285156,298.9339294433594,299.37164306640625,300.3344421386719,300.7857666015625,301.0240173339844,301.8263244628906,302.105712890625,301.5375061035156,301.9329833984375,303.0231628417969,302.7294616699219,301.85284423828125,302.32342529296875,303.36956787109375,303.42999267578125,302.01361083984375,299.3528747558594,297.2257080078125,297.29296875,298.18463134765625,298.18109130859375,298.19329833984375,298.89697265625,299.16839599609375,298.7394714355469,298.4961242675781,298.56683349609375,298.5960388183594,298.7085876464844,299.0393371582031,299.2117614746094,298.87744140625,298.42108154296875,298.4263000488281,298.76275634765625,299.0875549316406,299.3751220703125,299.4337158203125,299.2915344238281,299.4714660644531,299.67633056640625,299.1968994140625
298.2658996582031,298.6091003417969,298.8187255859375,298.907958984375,299.4884948730469,300.22381591796875,300.7177429199219,301.2787780761719,301.4523010253906,300.94146728515625,301.0906677246094,302.3760681152344,303.27325439453125,303.0723571777344,302.4517822265625,301.7900390625,301.0257263183594,299.7996520996094,298.04168701171875,297.1109924316406,297.929443359375,298.939453125,298.8404541015625,298.6673278808594,299.1477966308594,299.4586181640625,299.25408935546875,299.014404296875,298.7870178222656,298.4575500488281,298.482666015625,299.089599609375,299.5117492675781,299.2476501464844,298.9889221191406,299.03607177734375,298.8783264160156,298.97027587890625,299.69561767578125,299.6823425292969,298.7491455078125,298.91973876953125,299.91741943359375,299.4696350097656
298.1656188964844,298.6500549316406,298.9389343261719,298.5156555175781,298.65264892578125,299.7769775390625,300.6293029785156,300.6913757324219,300.5611267089844,300.58306884765625,300.93157958984375,301.9461669921875,303.3955383300781,303.9565124511719,302.4354553222656,299.7826232910156,298.1455383300781,297.756103515625,297.5279541015625,297.6927795410156,298.5141296386719,298.7933044433594,298.2203063964844,298.02532958984375,298.4881286621094,298.89703369140625,299.21868896484375,299.5773010253906,299.5107421875,298.98809814453125,298.79827880859375,299.17645263671875,299.3741455078125,299.3229064941406,299.6866760253906,299.74481201171875,298.65447998046875,298.11895751953125,299.1214599609375,299.19549560546875,297.7832336425781,298.0830383300781,300.1106262207031,300.3433837890625
298.4989929199219,298.8856201171875,299.2342834472656,298.7820129394531,298.44580078125,299.1817626953125,300.02679443359375,299.9042053222656,299.6366271972656,300.25164794921875,301.0601806640625,301.3788146972656,301.9200439453125,302.34942626953125,300.838623046875,298.00042724609375,296.69793701171875,297.1963195800781,297.65521240234375,298.03021240234375,298.7308044433594,298.704833984375,297.93182373046875,297.77471923828125,298.22955322265625,298.4416198730469,298.627685546875,299.0907897949219,299.3546447753906,299.3139953613281,299.40667724609375,299.4898376464844,299.198486328125,299.20574951171875,300.01141357421875,300.1453857421875,298.7381896972656,298.0088195800781,299.1082763671875,299.41754150390625,298.101318359375,298.19903564453125,300.2119445800781,301.0140075683594
298.3711853027344,298.64154052734375,299.13433837890625,299.2498474121094,298.9590759277344,299.1742248535156,299.98663330078125,300.2431640625,299.94854736328125,300.4395751953125,301.3480224609375,301.12646484375,300.3419189453125,300.0602111816406,299.175048828125,297.4437255859375,296.8836669921875,297.6273498535156,297.8599853515625,297.7829895019531,298.3578796386719,298.68109130859375,298.2947998046875,298.26531982421875,298.6676025390625,298.6853942871094,298.4893493652344,298.54742431640625,298.7171936035156,298.9375305175781,299.2032470703125,299.11920166015625,298.7270812988281,298.8763732910156,299.6620788574219,299.7940673828125,298.87481689453125,298.4809875488281,299.33245849609375,299.90399169921875,299.429443359375,299.1979064941406,299.8055725097656,300.2222900390625
297.7646789550781,298.0283508300781,298.3656921386719,298.87664794921875,299.23883056640625,299.54620361328125,300.27838134765625,300.8879699707031,300.72149658203125,300.71331787109375,301.28216552734375,300.95086669921875,299.50750732421875,298.5721740722656,298.2032470703125,297.5113525390625,297.2140197753906,297.72412109375,297.901123046875,297.609619140625,297.7136535644531,297.9334716796875,297.8343811035156,297.9463806152344,298.3371276855469,298.4555358886719,298.34490966796875,298.297119140625,298.2977294921875,298.3748779296875,298.4407958984375,298.2823181152344,298.2178955078125,298.6348876953125,299.06585693359375,298.9737854003906,298.6845703125,298.62664794921875,298.8145751953125,299.31768798828125,299.89166259765625,299.80535888671875,299.1914978027344,299.0322570800781
296.7862243652344,297.18927001953125,297.2219543457031,297.77960205078125,299.1212463378906,300.027587890625,300.252197265625,300.5863342285156,300.8070983886719,300.6414489746094,300.6394958496094,300.3932800292969,299.1383056640625,297.82598876953125,297.44281005859375,297.306884765625,296.98809814453125,297.0401306152344,297.3800964355469,297.43719482421875,297.22662353515625,296.99951171875,296.8992919921875,297.0279541015625,297.19671630859375,297.21435546875,297.27996826171875,297.4982604980469,297.72314453125,297.9294738769531,298.0179748535156,297.9304504394531,298.1014404296875,298.6264343261719,298.8075866699219,298.63250732421875,298.80584716796875,298.9547424316406,298.5314636230469,298.5301818847656,299.3901672363281,299.70147705078125,299.1607666015625,299.09564208984375
295.1588439941406,295.7695007324219,295.97064208984375,296.8932800292969,299.38446044921875,301.10321044921875,300.6885986328125,300.3428955078125,300.9749755859375,300.8965148925781,300.1410827636719,299.9026794433594,299.3981018066406,298.0177001953125,297.1355285644531,297.20355224609375,297.0121765136719,296.41131591796875,296.32843017578125,296.707763671875,296.80413818359375,296.59716796875,296.55224609375,296.6576232910156,296.54119873046875,296.26873779296875,296.2648620605469,296.5397033691406,296.826904296875,297.1446533203125,297.43267822265625,297.4742431640625,297.550048828125,297.9122619628906,298.112548828125,298.12579345703125,298.5340881347656,298.9335632324219,298.646484375,298.44696044921875,298.9493408203125,299.3302001953125,299.36859130859375,299.61456298828125
293.3626708984375,293.9844055175781,294.60943603515625,296.0321960449219,299.3042297363281,301.8335266113281,301.4058532714844,300.6477966308594,301.4444580078125,301.4510498046875,300.0341491699219,299.522705078125,299.6180114746094,298.44818115234375,297.21234130859375,297.46990966796875,297.6795959472656,296.5828857421875,295.6090087890625,295.78692626953125,296.1748046875,296.0899658203125,295.99420166015625,296.0967102050781,296.02813720703125,295.80389404296875,295.7872009277344,295.86431884765625,295.7506103515625,295.71258544921875,295.9519958496094,296.087890625,296.0526123046875,296.2313232421875,296.49896240234375,296.60400390625,296.8836975097656,297.410400390625,297.7835693359375,298.0854187011719,298.4991455078125,298.7951354980469,299.0814208984375,299.4300537109375
291.9979553222656,292.3414306640625,292.9382019042969,294.213623046875,297.5038757324219,300.933349609375,301.57171630859375,300.9288635253906,301.4245910644531,301.4942321777344,299.96209716796875,298.8701477050781,298.6789245605469,297.7752990722656,296.91644287109375,297.5622253417969,298.0999450683594,296.874267578125,295.38702392578125,295.19622802734375,295.4297790527344,295.1182861328125,294.7657470703125,294.8106689453125,294.85614013671875,294.7266540527344,294.7026672363281,294.69146728515625,294.4048156738281,294.13568115234375,294.2392883300781,294.41082763671875,294.4228515625,294.57470703125,294.85205078125,294.94122314453125,295.04302978515625,295.4833679199219,296.1560974121094,296.9452819824219,297.7453918457031,298.3035583496094,298.716796875,299.1799011230469
290.8144836425781,290.8895568847656,291.08660888671875,291.6864929199219,294.59600830078125,299.1314392089844,301.635986328125,301.405029296875,300.94671630859375,300.7288818359375,299.6076965332031,298.13983154296875,297.1606140136719,296.43310546875,296.3450012207031,297.1888122558594,297.4553527832031,296.1785583496094,294.83642578125,294.63970947265625,294.71875,294.27996826171875,293.8624267578125,293.82489013671875,293.7052001953125,293.3377685546875,293.1201171875,293.1339111328125,293.0847473144531,292.9787292480469,292.9883117675781,293.0005798339844,292.96484375,293.0732421875,293.2820739746094,293.4407958984375,293.7050476074219,294.14422607421875,294.67529296875,295.57757568359375,296.9331359863281,298.0485534667969,298.5631103515625,298.98553466796875
