earth/public/data/atmosphere/W07/ANN-wind-isobaric-100hPa-gfs-1.0.json
{"header": {"discipline": 0, "disciplineName": "Meteorological products", "gribEdition": 2, "gribLength": 17922.0, "center": 0, "centerName": "Kiel Climate Model", "subcenter": 0, "refTime": "1", "significanceOfRT": 1, "significanceOfRTName": "Start of forecast", "productStatus": 0, "productStatusName": "Operational products", "productType": 1, "productTypeName": "Forecast products", "productDefinitionTemplate": 0, "productDefinitionTemplateName": "Analysis/forecast at horizontal level/layer at a point in time", "parameterCategory": 2, "parameterCategoryName": "Momentum", "parameterNumber": 2, "parameterNumberName": "V-component_of_wind", "parameterUnit": "m/s", "genProcessType": 2, "genProcessTypeName": "Forecast", "forecastTime": 0, "surface1Type": 103, "surface1TypeName": "Specified height level above ground", "surface1Value": 10, "surface2Type": 255, "surface2TypeName": "Missing", "surface2Value": 0, "gridDefinitionTemplate": 0, "gridDefinitionTemplateName": "Latitude_Longitude", "numberPoints": 65160, "shape": 6, "shapeName": "Earth spherical with radius of 6,371,229.0 m", "gridUnits": "degrees", "resolution": 48, "winds": "true", "scanMode": 0, "nx": 128.0, "ny": 64.0, "basicAngle": 0, "subDivisions": 0, "lo1": 0.0, "la1": 87.86379883923263, "lo2": 357.1875, "la2": -87.86379883923263, "dx": 2.8125, "dy": 2.7893269472772264}, "data":
[rows 19 to 37 of 64, columns 43 to 85 of 128]
-3.837448835372925,-3.550588369369507,-3.1592471599578857,-2.7818551063537598,-2.518686056137085,-2.3886232376098633,-2.3484861850738525,-2.3245790004730225,-2.249666452407837,-2.1102261543273926,-1.9419536590576172,-1.7778432369232178,-1.6367249488830566,-1.5499225854873657,-1.548078179359436,-1.623828649520874,-1.7414836883544922,-1.8739514350891113,-2.005357027053833,-2.112279176712036,-2.1660540103912354,-2.149785041809082,-2.0644242763519287,-1.9209163188934326,-1.7268506288528442,-1.4810571670532227,-1.1865220069885254,-0.8628300428390503,-0.5323542356491089,-0.19781063497066498,0.15249502658843994,0.5215415358543396,0.8998889327049255,1.2806068658828735,1.6641042232513428,2.0509724617004395,2.4405713081359863,2.8319265842437744,3.2150256633758545,3.5655622482299805,3.8585216999053955,4.079427719116211,4.210849761962891
-3.4622139930725098,-3.2984046936035156,-3.082503080368042,-2.924640417098999,-2.8625905513763428,-2.855304002761841,-2.865642547607422,-2.870588779449463,-2.848482131958008,-2.8072338104248047,-2.77162766456604,-2.7354462146759033,-2.683934211730957,-2.6433017253875732,-2.6480062007904053,-2.68825364112854,-2.7357211112976074,-2.783712387084961,-2.8272550106048584,-2.840961217880249,-2.800792694091797,-2.6996099948883057,-2.5322797298431396,-2.2907650470733643,-1.9780687093734741,-1.6116774082183838,-1.213407039642334,-0.8007722496986389,-0.38233962655067444,0.0411941222846508,0.4680739939212799,0.8908662796020508,1.3040915727615356,1.7102137804031372,2.1136107444763184,2.5124382972717285,2.8986518383026123,3.2629284858703613,3.5979063510894775,3.8984975814819336,4.157844543457031,4.357646942138672,4.462827205657959
-3.0594124794006348,-3.0484001636505127,-3.0129127502441406,-3.0366342067718506,-3.1034862995147705,-3.157273054122925,-3.19840931892395,-3.235944986343384,-3.250347137451172,-3.2486300468444824,-3.2603378295898438,-3.277470350265503,-3.2792341709136963,-3.282837390899658,-3.3057572841644287,-3.327603816986084,-3.33072829246521,-3.322091817855835,-3.2951507568359375,-3.2248566150665283,-3.1040525436401367,-2.9383270740509033,-2.713308811187744,-2.406298875808716,-2.022138833999634,-1.5920302867889404,-1.1437900066375732,-0.6864894032478333,-0.21956492960453033,0.2506571412086487,0.7088456153869629,1.1463886499404907,1.5694955587387085,1.9854732751846313,2.391188859939575,2.780397415161133,3.1503078937530518,3.4951860904693604,3.8032925128936768,4.064674377441406,4.273348808288574,4.415698528289795,4.464583873748779
-2.746339797973633,-2.8154945373535156,-2.8857274055480957,-3.0064749717712402,-3.1289570331573486,-3.212946653366089,-3.286733388900757,-3.3564419746398926,-3.389723539352417,-3.3966474533081055,-3.4141526222229004,-3.439870834350586,-3.4605116844177246,-3.487382650375366,-3.5169851779937744,-3.5239596366882324,-3.5062029361724854,-3.4740965366363525,-3.410114049911499,-3.292358875274658,-3.1278016567230225,-2.9236955642700195,-2.662151336669922,-2.328167200088501,-1.932993769645691,-1.499245524406433,-1.0444526672363281,-0.5792285799980164,-0.10986802726984024,0.3549812436103821,0.8033626079559326,1.233237624168396,1.6542553901672363,2.0679235458374023,2.461796283721924,2.828967571258545,3.175854444503784,3.5047192573547363,3.800415515899658,4.039337635040283,4.204589366912842,4.285374641418457,4.266994953155518
-2.4363579750061035,-2.517320394515991,-2.6316282749176025,-2.7878153324127197,-2.9301390647888184,-3.0388150215148926,-3.13590145111084,-3.211378335952759,-3.248333692550659,-3.2734317779541016,-3.3057727813720703,-3.3288049697875977,-3.3463215827941895,-3.379016637802124,-3.4098408222198486,-3.410875082015991,-3.3881707191467285,-3.3459720611572266,-3.2633302211761475,-3.1343414783477783,-2.971531629562378,-2.766641139984131,-2.5011823177337646,-2.181131362915039,-1.8222618103027344,-1.4271334409713745,-1.0014792680740356,-0.5645695924758911,-0.12983353435993195,0.3013468384742737,0.7264930009841919,1.1411168575286865,1.5446168184280396,1.9359595775604248,2.310877561569214,2.6662678718566895,3.000908136367798,3.311317205429077,3.585507392883301,3.8011066913604736,3.937195062637329,3.981692314147949,3.9187073707580566
-1.9978212118148804,-2.0996816158294678,-2.2370522022247314,-2.3964457511901855,-2.550410509109497,-2.692126512527466,-2.8122763633728027,-2.8884825706481934,-2.9346184730529785,-2.9857261180877686,-3.0285534858703613,-3.0380592346191406,-3.0456454753875732,-3.0814080238342285,-3.116729259490967,-3.124763011932373,-3.112765312194824,-3.0741941928863525,-2.9940414428710938,-2.8864073753356934,-2.7606630325317383,-2.5915639400482178,-2.3638384342193604,-2.0945627689361572,-1.7943631410598755,-1.4560999870300293,-1.084121584892273,-0.6962336897850037,-0.3021322190761566,0.09705163538455963,0.4964585304260254,0.8860394954681396,1.257483959197998,1.612840175628662,1.9626518487930298,2.306563138961792,2.6273434162139893,2.9125401973724365,3.158857583999634,3.350837230682373,3.465383291244507,3.4897162914276123,3.4071311950683594
-1.4017692804336548,-1.5537092685699463,-1.7045150995254517,-1.8602945804595947,-2.033564805984497,-2.213994264602661,-2.36665415763855,-2.4702565670013428,-2.5477545261383057,-2.61629319190979,-2.6505179405212402,-2.650318145751953,-2.664994478225708,-2.707634687423706,-2.742788553237915,-2.7623445987701416,-2.7765283584594727,-2.7670960426330566,-2.7237300872802734,-2.664184331893921,-2.5852439403533936,-2.463256597518921,-2.2974424362182617,-2.097470998764038,-1.859900951385498,-1.5861830711364746,-1.2839726209640503,-0.9504000544548035,-0.589359700679779,-0.22401514649391174,0.131112739443779,0.47927936911582947,0.8183611631393433,1.1439768075942993,1.4631233215332031,1.7731472253799438,2.053447961807251,2.2971181869506836,2.5101609230041504,2.67659068107605,2.77087140083313,2.788309097290039,2.7226226329803467
-0.696804940700531,-0.887003481388092,-1.041011929512024,-1.203316330909729,-1.4026854038238525,-1.6116434335708618,-1.794316291809082,-1.9460890293121338,-2.0751633644104004,-2.166440963745117,-2.2063374519348145,-2.229365825653076,-2.2739810943603516,-2.322910785675049,-2.3553545475006104,-2.3920364379882812,-2.436357021331787,-2.4608983993530273,-2.4652979373931885,-2.458064079284668,-2.417485475540161,-2.3362109661102295,-2.233565092086792,-2.1029088497161865,-1.9296376705169678,-1.7326685190200806,-1.5165421962738037,-1.2498670816421509,-0.9379984140396118,-0.6315592527389526,-0.34527915716171265,-0.05245329067111015,0.25013062357902527,0.5434905886650085,0.8233218193054199,1.0849593877792358,1.312397837638855,1.5056707859039307,1.672170877456665,1.797255039215088,1.869875431060791,1.9046710729599,1.9029426574707031
-0.0036920506972819567,-0.1950792819261551,-0.33220168948173523,-0.4817477762699127,-0.6830840110778809,-0.9043668508529663,-1.111963152885437,-1.3103753328323364,-1.496103048324585,-1.6364792585372925,-1.726525902748108,-1.8045367002487183,-1.8813804388046265,-1.9323705434799194,-1.9701210260391235,-2.026052713394165,-2.0804359912872314,-2.1102967262268066,-2.140444755554199,-2.1725566387176514,-2.168851613998413,-2.1335980892181396,-2.093165397644043,-2.027737617492676,-1.9242023229599,-1.8129981756210327,-1.6894088983535767,-1.5102407932281494,-1.2869346141815186,-1.0696938037872314,-0.859458327293396,-0.6292331218719482,-0.38776513934135437,-0.15548944473266602,0.06928426772356033,0.2837696969509125,0.4724135100841522,0.6313223242759705,0.758809506893158,0.8468745350837708,0.9112399220466614,0.9818713665008545,1.054076910018921
0.5054188966751099,0.3580145537853241,0.2730541229248047,0.18211732804775238,0.01103195920586586,-0.22518396377563477,-0.46650102734565735,-0.6966667771339417,-0.9184182286262512,-1.1093214750289917,-1.2602354288101196,-1.3873727321624756,-1.4836106300354004,-1.5375025272369385,-1.5804316997528076,-1.6326237916946411,-1.6659845113754272,-1.6821497678756714,-1.7231570482254028,-1.7808310985565186,-1.815392017364502,-1.8354947566986084,-1.8554332256317139,-1.8505992889404297,-1.8197261095046997,-1.789155125617981,-1.7453724145889282,-1.6617398262023926,-1.5545933246612549,-1.4406514167785645,-1.3044703006744385,-1.145591378211975,-0.9874204397201538,-0.8330758213996887,-0.6711896657943726,-0.508292019367218,-0.35437631607055664,-0.210102379322052,-0.08781030029058456,0.0034644773695617914,0.09127284586429596,0.20263183116912842,0.32272252440452576
0.754499614238739,0.7072617411613464,0.6932539939880371,0.6585854887962341,0.5104625225067139,0.25326648354530334,-0.020967671647667885,-0.26765570044517517,-0.4946717321872711,-0.6922935843467712,-0.8505098223686218,-0.9800748229026794,-1.0777881145477295,-1.1355633735656738,-1.1691704988479614,-1.188334345817566,-1.1924697160720825,-1.209570050239563,-1.2624703645706177,-1.325441598892212,-1.3802454471588135,-1.4435703754425049,-1.5084123611450195,-1.5523806810379028,-1.5883495807647705,-1.6265498399734497,-1.6465967893600464,-1.6489710807800293,-1.6502385139465332,-1.6327513456344604,-1.578549861907959,-1.509148120880127,-1.4382851123809814,-1.349703311920166,-1.244018316268921,-1.1391651630401611,-1.0273010730743408,-0.8942829370498657,-0.7594531774520874,-0.6392516493797302,-0.510469377040863,-0.35817813873291016,-0.20128905773162842
0.7919527888298035,0.8795384764671326,0.9233512282371521,0.9049187302589417,0.7779670357704163,0.548850417137146,0.28549179434776306,0.03162886202335358,-0.19307924807071686,-0.3601520359516144,-0.4694512188434601,-0.554857611656189,-0.6284177899360657,-0.6754381060600281,-0.6893249750137329,-0.678972065448761,-0.6727937459945679,-0.7025015354156494,-0.7562062740325928,-0.8027569651603699,-0.857556164264679,-0.9428045749664307,-1.0313646793365479,-1.1066172122955322,-1.1920692920684814,-1.2844496965408325,-1.3602678775787354,-1.4319647550582886,-1.5088343620300293,-1.566217064857483,-1.6015090942382812,-1.6338820457458496,-1.6479978561401367,-1.621356725692749,-1.5717849731445312,-1.5162628889083862,-1.435172438621521,-1.3170644044876099,-1.1844066381454468,-1.0479756593704224,-0.8885402679443359,-0.7023242115974426,-0.5078855156898499
0.6436819434165955,0.8458375930786133,0.9415260553359985,0.952451765537262,0.9043501615524292,0.7940139174461365,0.6132042407989502,0.3849821984767914,0.1763116419315338,0.04375048354268074,-0.024566201493144035,-0.07062874734401703,-0.10431051254272461,-0.11711699515581131,-0.11028170585632324,-0.09287627041339874,-0.08757562935352325,-0.11285936087369919,-0.14943131804466248,-0.1808461844921112,-0.2359442561864853,-0.32741034030914307,-0.4219553470611572,-0.5125566720962524,-0.6235857009887695,-0.7481520175933838,-0.8690916895866394,-0.9934520125389099,-1.1172555685043335,-1.2285155057907104,-1.3402827978134155,-1.454279899597168,-1.5406275987625122,-1.5876554250717163,-1.605957269668579,-1.5887809991836548,-1.5275753736495972,-1.437416911125183,-1.3301424980163574,-1.1940664052963257,-1.0192092657089233,-0.8186604380607605,-0.6090569496154785
0.3446823060512543,0.625641942024231,0.7943353652954102,0.8835557699203491,0.9477498531341553,0.9733355641365051,0.9136430621147156,0.7867114543914795,0.6636105179786682,0.5764427781105042,0.507197916507721,0.4565446972846985,0.4481728971004486,0.4735097587108612,0.5021809339523315,0.5264665484428406,0.5449084043502808,0.545488715171814,0.5297107100486755,0.5028162598609924,0.45320072770118713,0.38076409697532654,0.30032169818878174,0.206560879945755,0.08880835771560669,-0.04519485682249069,-0.19274812936782837,-0.3537862002849579,-0.5125952363014221,-0.6666579246520996,-0.8270337581634521,-0.9793838858604431,-1.1083118915557861,-1.2231234312057495,-1.3107706308364868,-1.339731216430664,-1.3232003450393677,-1.2917605638504028,-1.2300207614898682,-1.1100772619247437,-0.942623496055603,-0.7558775544166565,-0.5622324347496033
0.08992581069469452,0.4558171331882477,0.7189950346946716,0.8890393376350403,1.0058326721191406,1.0789358615875244,1.1086344718933105,1.1250425577163696,1.1362236738204956,1.1021933555603027,1.0144498348236084,0.9374442100524902,0.9270389080047607,0.9654194116592407,1.0120201110839844,1.0590147972106934,1.1062476634979248,1.13856041431427,1.1487171649932861,1.1432188749313354,1.1269254684448242,1.0991957187652588,1.0498359203338623,0.9671797752380371,0.8585166335105896,0.7327548861503601,0.5799375176429749,0.4023216962814331,0.2203301191329956,0.03624153509736061,-0.14854902029037476,-0.31330549716949463,-0.4637550413608551,-0.6223564147949219,-0.763620138168335,-0.8545169234275818,-0.9171574711799622,-0.9672309756278992,-0.9705098271369934,-0.9076117873191833,-0.7974793314933777,-0.6565940976142883,-0.49589866399765015
0.08294714987277985,0.554740309715271,0.914837658405304,1.1450895071029663,1.265386700630188,1.3231700658798218,1.3838326930999756,1.4780761003494263,1.5456736087799072,1.510414958000183,1.3975613117218018,1.3014668226242065,1.2696201801300049,1.286137580871582,1.3314727544784546,1.3970445394515991,1.4675180912017822,1.530726671218872,1.5865943431854248,1.6330757141113281,1.6653085947036743,1.6805394887924194,1.66787850856781,1.6181503534317017,1.5411665439605713,1.441250205039978,1.3051090240478516,1.1368271112442017,0.955784261226654,0.7650108933448792,0.5708544254302979,0.3916558027267456,0.21900857985019684,0.036549776792526245,-0.13734328746795654,-0.28851431608200073,-0.4300687909126282,-0.5531613230705261,-0.633721649646759,-0.6735448241233826,-0.670151948928833,-0.6069017052650452,-0.5028937458992004
0.2707942724227905,0.8174431920051575,1.2514774799346924,1.5439708232879639,1.7037172317504883,1.7857897281646729,1.862086534500122,1.9410185813903809,1.9484432935714722,1.8428205251693726,1.688033938407898,1.565169334411621,1.4919154644012451,1.4621747732162476,1.4811900854110718,1.5382261276245117,1.6110669374465942,1.6999197006225586,1.8075147867202759,1.9086995124816895,1.9814013242721558,2.0315425395965576,2.0627081394195557,2.0645337104797363,2.0344982147216797,1.9717353582382202,1.8686414957046509,1.7314765453338623,1.5749778747558594,1.3997172117233276,1.2080734968185425,1.0145971775054932,0.8238751888275146,0.6334600448608398,0.4458654820919037,0.25662606954574585,0.06665103882551193,-0.1054968610405922,-0.25961410999298096,-0.40747591853141785,-0.5192816853523254,-0.5610411167144775,-0.5593531131744385
0.4551052749156952,1.0139250755310059,1.4800702333450317,1.8216439485549927,2.0458531379699707,2.1945433616638184,2.3032829761505127,2.353365898132324,2.295837879180908,2.136319160461426,1.944103479385376,1.7738674879074097,1.6399550437927246,1.5557582378387451,1.5323419570922852,1.5550669431686401,1.6107194423675537,1.7083542346954346,1.8410508632659912,1.9718393087387085,2.0810036659240723,2.178804636001587,2.262986898422241,2.313096761703491,2.322019100189209,2.293358564376831,2.2266383171081543,2.1276931762695312,2.0059778690338135,1.8592020273208618,1.6862640380859375,1.5010106563568115,1.3169043064117432,1.134711503982544,0.946159839630127,0.7448108196258545,0.5401354432106018,0.34282186627388,0.13844160735607147,-0.08101017028093338,-0.2832441031932831,-0.44510579109191895,-0.5814217329025269
0.5676980018615723,1.1253867149353027,1.60682213306427,1.9674092531204224,2.2189784049987793,2.4023277759552,2.5284433364868164,2.568328380584717,2.501479148864746,2.348728895187378,2.14867901802063,1.933894157409668,1.7408196926116943,1.604048252105713,1.5291484594345093,1.5034754276275635,1.5299694538116455,1.6153744459152222,1.7396574020385742,1.874825119972229,2.0160815715789795,2.1614584922790527,2.2858541011810303,2.366060733795166,2.4042086601257324,2.4064111709594727,2.3705971240997314,2.3033812046051025,2.215512752532959,2.104421615600586,1.9683353900909424,1.8207148313522339,1.6710065603256226,1.510943055152893,1.3316214084625244,1.1389540433883667,0.9445376396179199,0.7456874251365662,0.526103138923645,0.281602144241333,0.02456396259367466,-0.23885130882263184,-0.49918022751808167
