earth/public/data/atmosphere/W07/ANN-temp-isobaric-500hPa-gfs-1.0.json
{"header": {"discipline": 0, "disciplineName": "Meteorological products", "gribEdition": 2, "gribLength": 17922.0, "center": 0, "centerName": "Kiel Climate Model", "subcenter": 0, "refTime": "1", "significanceOfRT": 1, "significanceOfRTName": "Start of forecast", "productStatus": 0, "productStatusName": "Operational products", "productType": 1, "productTypeName": "Forecast products", "productDefinitionTemplate": 0, "productDefinitionTemplateName": "Analysis/forecast at horizontal level/layer at a point in time", "parameterCategory": 2, "parameterCategoryName": "Momentum", "parameterNumber": 2, "parameterNumberName": "U-component_of_wind", "parameterUnit": "K", "genProcessType": 2, "genProcessTypeName": "Forecast", "forecastTime": 0, "surface1Type": 103, "surface1TypeName": "Specified height level above ground", "surface1Value": 10, "surface2Type": 255, "surface2TypeName": "Missing", "surface2Value": 0, "gridDefinitionTemplate": 0, "gridDefinitionTemplateName": "Latitude_Longitude", "numberPoints": 65160, "shape": 6, "shapeName": "Earth spherical with radius of 6,371,229.0 m", "gridUnits": "degrees", "resolution": 48, "winds": "true", "scanMode": 0, "nx": 128.0, "ny": 64.0, "basicAngle": 0, "subDivisions": 0, "lo1": 0.0, "la1": 87.86379883923263, "lo2": 357.1875, "la2": -87.86379883923263, "dx": 2.8125, "dy": 2.7893269472772264}, "data":
[rows 20 to 39 of 64, columns 0 to 43 of 128]
258.3119812011719,258.2148132324219,258.11248779296875,258.0296630859375,257.9849548339844,257.9775390625,258.0301513671875,258.16668701171875,258.38134765625,258.6682434082031,259.0165100097656,259.3559265136719,259.6006774902344,259.7699890136719,259.9671325683594,260.2190246582031,260.429931640625,260.5152893066406,260.49908447265625,260.46258544921875,260.4675598144531,260.53118896484375,260.6062927246094,260.6099853515625,260.5661926269531,260.66595458984375,261.0328063964844,261.4879150390625,261.775390625,261.9806823730469,262.4225158691406,263.11529541015625,263.68182373046875,263.8705749511719,263.8075866699219,263.63714599609375,263.28662109375,262.7441711425781,262.2292785644531,261.9037170410156,261.679443359375,261.4426574707031,261.2265319824219,261.07147216796875
259.8960266113281,259.8195495605469,259.6994934082031,259.60589599609375,259.5804748535156,259.6346740722656,259.7865295410156,260.0226135253906,260.2955017089844,260.5971374511719,260.9399108886719,261.2576904296875,261.450439453125,261.5419006347656,261.6733703613281,261.91357421875,262.1667785644531,262.3030700683594,262.31494140625,262.3032531738281,262.3492126464844,262.4529724121094,262.5722351074219,262.66790771484375,262.741943359375,262.86834716796875,263.1064758300781,263.3498229980469,263.4182434082031,263.369384765625,263.49456787109375,263.88397216796875,264.2547302246094,264.3790283203125,264.39849853515625,264.501220703125,264.57275390625,264.4198913574219,264.0999755859375,263.7939147949219,263.5503234863281,263.3358459472656,263.16510009765625,263.053466796875
261.4509582519531,261.341064453125,261.2232360839844,261.1770935058594,261.21923828125,261.3408508300781,261.54705810546875,261.81243896484375,262.0842590332031,262.3561706542969,262.64776611328125,262.9163513183594,263.0865173339844,263.1578063964844,263.21673583984375,263.3495788574219,263.5572204589844,263.7465515136719,263.83917236328125,263.88079833984375,263.9732971191406,264.1340637207031,264.3125,264.4855041503906,264.65301513671875,264.8121643066406,264.9776916503906,265.1381530761719,265.21466064453125,265.1876220703125,265.1867980957031,265.2939758300781,265.379638671875,265.33966064453125,265.33685302734375,265.5526428222656,265.8477478027344,265.9338684082031,265.7564392089844,265.48577880859375,265.25738525390625,265.1002197265625,265.0090026855469,264.9610290527344
262.8051452636719,262.7005920410156,262.6440734863281,262.6852722167969,262.80157470703125,262.94989013671875,263.12042236328125,263.3162536621094,263.5315246582031,263.7632751464844,263.9966735839844,264.1958312988281,264.34246826171875,264.4349670410156,264.4681091308594,264.49609375,264.6296081542969,264.8682556152344,265.0755920410156,265.2021789550781,265.3448486328125,265.5453186035156,265.739990234375,265.90655517578125,266.06512451171875,266.18121337890625,266.22833251953125,266.27313232421875,266.38336181640625,266.5410461425781,266.70404052734375,266.83587646484375,266.8629455566406,266.7600402832031,266.666015625,266.73291015625,266.8959655761719,266.9722900390625,266.915771484375,266.8128356933594,266.72454833984375,266.6637878417969,266.634521484375,266.61883544921875
263.97698974609375,263.9524841308594,263.96319580078125,264.0325622558594,264.15386962890625,264.2819519042969,264.3863525390625,264.4852600097656,264.6147766113281,264.7842102050781,264.9533996582031,265.0756530761719,265.169677734375,265.26904296875,265.333251953125,265.3548583984375,265.4593505859375,265.7138366699219,265.9913024902344,266.1878967285156,266.36419677734375,266.5615234375,266.7206115722656,266.83660888671875,266.9638671875,267.0635986328125,267.0535583496094,266.9905090332031,267.0296325683594,267.2181396484375,267.4591369628906,267.6419982910156,267.7009582519531,267.62030029296875,267.4783935546875,267.4000549316406,267.4239196777344,267.5098571777344,267.631103515625,267.7491760253906,267.79534912109375,267.7633361816406,267.7166442871094,267.686279296875
264.9804382324219,265.024169921875,265.0508728027344,265.0746154785156,265.13812255859375,265.22833251953125,265.30126953125,265.3491516113281,265.3977966308594,265.4804992675781,265.5952453613281,265.6851806640625,265.7287902832031,265.7825927734375,265.8653564453125,265.94573974609375,266.0703430175781,266.3044738769531,266.58355712890625,266.8106689453125,266.9931945800781,267.15167236328125,267.25390625,267.3170471191406,267.41009521484375,267.51837158203125,267.5555114746094,267.5373229980469,267.5946960449219,267.7723083496094,267.9652099609375,268.08343505859375,268.1140441894531,268.0437927246094,267.8990478515625,267.79266357421875,267.8062744140625,267.92840576171875,268.11724853515625,268.29351806640625,268.3536682128906,268.2928161621094,268.2062072753906,268.1573791503906
265.7955322265625,265.8438720703125,265.8647155761719,265.8538818359375,265.8631591796875,265.91058349609375,265.9634094238281,265.9854431152344,265.9639892578125,265.949462890625,266.01153564453125,266.1026611328125,266.1212158203125,266.1080017089844,266.17340087890625,266.3115234375,266.476318359375,266.688720703125,266.94073486328125,267.1588439941406,267.3073425292969,267.4039306640625,267.4603576660156,267.49029541015625,267.5281066894531,267.5814514160156,267.6197814941406,267.6711120605469,267.83221435546875,268.0872497558594,268.2784423828125,268.34222412109375,268.347900390625,268.3029479980469,268.1941833496094,268.1169128417969,268.13446044921875,268.1960144042969,268.27850341796875,268.38336181640625,268.44281005859375,268.4112854003906,268.3370666503906,268.284423828125
266.40948486328125,266.4429626464844,266.46820068359375,266.4544372558594,266.4295349121094,266.4301452636719,266.44464111328125,266.43865966796875,266.3830871582031,266.3096923828125,266.3085632324219,266.3674011230469,266.3655700683594,266.3152770996094,266.3585205078125,266.5134582519531,266.693115234375,266.8890380859375,267.1134338378906,267.2967224121094,267.38525390625,267.4189758300781,267.4491271972656,267.47412109375,267.4876403808594,267.5006408691406,267.5054931640625,267.5346374511719,267.6925354003906,267.9601135253906,268.1409912109375,268.16595458984375,268.1622009277344,268.1670837402344,268.1359558105469,268.12542724609375,268.15985107421875,268.1638488769531,268.162353515625,268.2371520996094,268.3326110839844,268.3516845703125,268.3000793457031,268.23919677734375
266.7610168457031,266.79669189453125,266.822265625,266.7951965332031,266.7403869628906,266.7100830078125,266.6962890625,266.68658447265625,266.66925048828125,266.61383056640625,266.55120849609375,266.5257263183594,266.49151611328125,266.4394226074219,266.46441650390625,266.5890197753906,266.7474670410156,266.9326171875,267.14508056640625,267.3056945800781,267.36328125,267.36932373046875,267.37847900390625,267.3828125,267.38427734375,267.4175109863281,267.46002197265625,267.4803771972656,267.55999755859375,267.7330017089844,267.8453369140625,267.82080078125,267.7875061035156,267.80389404296875,267.82427978515625,267.8778991699219,267.966064453125,268.0118408203125,268.04052734375,268.1169738769531,268.1869201660156,268.19439697265625,268.16217041015625,268.1151428222656
266.8038024902344,266.8498229980469,266.8867492675781,266.86572265625,266.814453125,266.7882995605469,266.7720642089844,266.7807312011719,266.82598876953125,266.80450439453125,266.6768798828125,266.55859375,266.50213623046875,266.4747619628906,266.50341796875,266.61004638671875,266.7607727050781,266.94818115234375,267.1537780761719,267.3028869628906,267.3624267578125,267.3751525878906,267.3713073730469,267.3377990722656,267.2921142578125,267.3031311035156,267.37255859375,267.421875,267.458984375,267.5419616699219,267.6033935546875,267.575927734375,267.5348815917969,267.53265380859375,267.5496520996094,267.6136169433594,267.72906494140625,267.8346252441406,267.90863037109375,267.9425048828125,267.9272766113281,267.931640625,267.98577880859375,268.00732421875
266.66363525390625,266.7082214355469,266.7843322753906,266.8284912109375,266.83392333984375,266.8352355957031,266.82427978515625,266.83935546875,266.8934631347656,266.849853515625,266.66668701171875,266.5116882324219,266.46453857421875,266.4713134765625,266.5428161621094,266.6908874511719,266.8592834472656,267.0285949707031,267.19305419921875,267.3053283691406,267.35040283203125,267.36041259765625,267.355712890625,267.32843017578125,267.2728271484375,267.23455810546875,267.260009765625,267.30364990234375,267.3191833496094,267.3409423828125,267.3677062988281,267.35595703125,267.32965087890625,267.3270568847656,267.3466796875,267.4011535644531,267.4996643066406,267.6179504394531,267.7024230957031,267.6830749511719,267.6105041503906,267.6609802246094,267.8309326171875,267.9271545410156
266.56182861328125,266.5830383300781,266.68096923828125,266.7926940917969,266.8612060546875,266.8899841308594,266.89117431640625,266.9066162109375,266.9239501953125,266.8330993652344,266.65869140625,266.55377197265625,266.52044677734375,266.5137939453125,266.6163635253906,266.81866455078125,266.9853515625,267.097900390625,267.20428466796875,267.2784423828125,267.2996520996094,267.2890930175781,267.27117919921875,267.26629638671875,267.2580871582031,267.23309326171875,267.2337951660156,267.26556396484375,267.27972412109375,267.2780456542969,267.275146484375,267.2485046386719,267.2152099609375,267.22125244140625,267.2649230957031,267.32025146484375,267.3887939453125,267.4892578125,267.57427978515625,267.5416259765625,267.4532470703125,267.51776123046875,267.7178649902344,267.83905029296875
266.5882873535156,266.5811462402344,266.65771484375,266.78594970703125,266.88165283203125,266.91961669921875,266.9312438964844,266.9499816894531,266.9285888671875,266.80926513671875,266.69610595703125,266.6780090332031,266.6355285644531,266.55859375,266.64154052734375,266.85919189453125,267.001708984375,267.0693054199219,267.1564636230469,267.2276916503906,267.24932861328125,267.24114990234375,267.21234130859375,267.1949462890625,267.2048645019531,267.2110595703125,267.2207336425781,267.25482177734375,267.2899475097656,267.3144836425781,267.32415771484375,267.2982177734375,267.26470947265625,267.2784118652344,267.33233642578125,267.3829345703125,267.42547607421875,267.4936828613281,267.5680236816406,267.5596618652344,267.49603271484375,267.53802490234375,267.6876525878906,267.7922668457031
266.7011413574219,266.677734375,266.7212219238281,266.8359069824219,266.92730712890625,266.9410705566406,266.92596435546875,266.9293212890625,266.88519287109375,266.755126953125,266.68096923828125,266.7136535644531,266.6702880859375,266.55718994140625,266.6157531738281,266.81561279296875,266.93505859375,266.99591064453125,267.09356689453125,267.16766357421875,267.195068359375,267.21881103515625,267.224365234375,267.21588134765625,267.2271728515625,267.2414245605469,267.2476806640625,267.2657470703125,267.29595947265625,267.332275390625,267.36077880859375,267.3616638183594,267.3597412109375,267.39056396484375,267.44390869140625,267.4987487792969,267.54547119140625,267.58538818359375,267.6279602050781,267.6531982421875,267.6552429199219,267.69476318359375,267.7821960449219,267.8485107421875
266.8878173828125,266.8472900390625,266.8534851074219,266.9326477050781,266.994140625,266.9630432128906,266.8940734863281,266.86639404296875,266.8271789550781,266.7183532714844,266.6531982421875,266.6866149902344,266.66912841796875,266.597900390625,266.6597900390625,266.820556640625,266.911865234375,266.9750671386719,267.07977294921875,267.15338134765625,267.185546875,267.23284912109375,267.27972412109375,267.3143615722656,267.3565979003906,267.3885498046875,267.4024658203125,267.4201965332031,267.44342041015625,267.4686279296875,267.4931640625,267.5091857910156,267.5303039550781,267.56707763671875,267.61505126953125,267.6861877441406,267.76177978515625,267.7920837402344,267.7981872558594,267.83050537109375,267.8716735839844,267.90069580078125,267.9305419921875,267.95721435546875
267.1356506347656,267.08154296875,267.0384521484375,267.042236328125,267.03997802734375,266.9732666015625,266.8766174316406,266.8233947753906,266.7944030761719,266.73114013671875,266.6806335449219,266.685546875,266.6746520996094,266.6537780761719,266.7236328125,266.8402404785156,266.9059143066406,266.97442626953125,267.0905456542969,267.1890563964844,267.2536315917969,267.3146667480469,267.366455078125,267.4186096191406,267.48175048828125,267.5303039550781,267.5702209472656,267.62652587890625,267.68402099609375,267.73162841796875,267.7760009765625,267.809814453125,267.8339538574219,267.8567199707031,267.8861389160156,267.94573974609375,268.0184326171875,268.0439453125,268.0340881347656,268.0439758300781,268.0548400878906,268.0390319824219,268.02850341796875,268.03814697265625
267.3013916015625,267.264404296875,267.1922302246094,267.111328125,267.01702880859375,266.911865234375,266.814697265625,266.7417297363281,266.6885681152344,266.640869140625,266.6044616699219,266.5770568847656,266.54217529296875,266.5393981933594,266.609375,266.6915283203125,266.7420654296875,266.8231201171875,266.9558410644531,267.0838623046875,267.1905517578125,267.2839050292969,267.3596496582031,267.4380187988281,267.52276611328125,267.58935546875,267.6568298339844,267.7486877441406,267.8382568359375,267.916259765625,267.9957580566406,268.057861328125,268.0910339355469,268.113525390625,268.13525390625,268.1623840332031,268.19366455078125,268.20819091796875,268.2041931152344,268.1899108886719,268.14990234375,268.0975646972656,268.0721130371094,268.0562438964844
267.1960754394531,267.19268798828125,267.1402587890625,267.03314208984375,266.861083984375,266.6853942871094,266.5639953613281,266.47357177734375,266.38226318359375,266.31011962890625,266.2724609375,266.2411193847656,266.2103271484375,266.22601318359375,266.2841796875,266.31292724609375,266.320068359375,266.3938903808594,266.5357666015625,266.6754455566406,266.80059814453125,266.92999267578125,267.0633544921875,267.2054138183594,267.3454284667969,267.4622497558594,267.57562255859375,267.7001953125,267.8082275390625,267.89910888671875,267.994384765625,268.0757141113281,268.1285095214844,268.173583984375,268.2126770019531,268.22991943359375,268.233154296875,268.2364807128906,268.2322692871094,268.197021484375,268.1251525878906,268.0516357421875,267.9928894042969,267.899658203125
266.73248291015625,266.7533874511719,266.75390625,266.7022705078125,266.52362060546875,266.2760925292969,266.0869445800781,265.96697998046875,265.8528137207031,265.7497253417969,265.70086669921875,265.6971130371094,265.7162170410156,265.76080322265625,265.7901306152344,265.74444580078125,265.6791076660156,265.7137145996094,265.8485412597656,265.9950256347656,266.1252746582031,266.2615966796875,266.4114074707031,266.57501220703125,266.7420349121094,266.89666748046875,267.05133056640625,267.21484375,267.3628234863281,267.4885559082031,267.6086730957031,267.7153625488281,267.79644775390625,267.8636474609375,267.9194641113281,267.95208740234375,267.9648132324219,267.9669494628906,267.95050048828125,267.8976135253906,267.8038635253906,267.68402099609375,267.541015625,267.353759765625
265.8698425292969,265.92852783203125,265.984375,266.01605224609375,265.9054260253906,265.64923095703125,265.3907165527344,265.2118835449219,265.0705261230469,264.94696044921875,264.8911437988281,264.9199523925781,264.98870849609375,265.04901123046875,265.0551452636719,264.9798583984375,264.8818359375,264.8632507324219,264.9403076171875,265.0523681640625,265.1651306152344,265.2794494628906,265.39776611328125,265.5281982421875,265.6715087890625,265.8143310546875,265.9614562988281,266.1266784667969,266.29681396484375,266.45318603515625,266.59881591796875,266.73443603515625,266.847900390625,266.93511962890625,267.0057067871094,267.06866455078125,267.1193542480469,267.14398193359375,267.1361083984375,267.0899963378906,266.9808654785156,266.7903137207031,266.5479736328125,266.30865478515625
