earth/public/data/atmosphere/W07/ANN-wind-isobaric-850hPa-gfs-1.0.json
{"header": {"discipline": 0, "disciplineName": "Meteorological products", "gribEdition": 2, "gribLength": 17922.0, "center": 0, "centerName": "Kiel Climate Model", "subcenter": 0, "refTime": "1", "significanceOfRT": 1, "significanceOfRTName": "Start of forecast", "productStatus": 0, "productStatusName": "Operational products", "productType": 1, "productTypeName": "Forecast products", "productDefinitionTemplate": 0, "productDefinitionTemplateName": "Analysis/forecast at horizontal level/layer at a point in time", "parameterCategory": 2, "parameterCategoryName": "Momentum", "parameterNumber": 2, "parameterNumberName": "U-component_of_wind", "parameterUnit": "m/s", "genProcessType": 2, "genProcessTypeName": "Forecast", "forecastTime": 0, "surface1Type": 103, "surface1TypeName": "Specified height level above ground", "surface1Value": 10, "surface2Type": 255, "surface2TypeName": "Missing", "surface2Value": 0, "gridDefinitionTemplate": 0, "gridDefinitionTemplateName": "Latitude_Longitude", "numberPoints": 65160, "shape": 6, "shapeName": "Earth spherical with radius of 6,371,229.0 m", "gridUnits": "degrees", "resolution": 48, "winds": "true", "scanMode": 0, "nx": 128.0, "ny": 64.0, "basicAngle": 0, "subDivisions": 0, "lo1": 0.0, "la1": 87.86379883923263, "lo2": 357.1875, "la2": -87.86379883923263, "dx": 2.8125, "dy": 2.7893269472772264}, "data":
[rows 38 to 56 of 64, columns 43 to 85 of 128]
-3.8188252449035645,-3.9133026599884033,-4.029036045074463,-4.66931676864624,-5.378606796264648,-5.294173240661621,-4.815789222717285,-4.973447322845459,-5.603571891784668,-5.831768035888672,-5.530446529388428,-5.068174362182617,-4.5979437828063965,-4.2227911949157715,-4.043846607208252,-3.9576010704040527,-3.85714054107666,-3.767258882522583,-3.6836447715759277,-3.62060809135437,-3.6590967178344727,-3.7266275882720947,-3.6534128189086914,-3.5001485347747803,-3.4316353797912598,-3.370802402496338,-3.1956076622009277,-3.0419578552246094,-3.0351760387420654,-3.053119659423828,-3.013368606567383,-3.025317668914795,-3.1560592651367188,-3.343388080596924,-3.5183231830596924,-3.690718650817871,-3.9377357959747314,-4.242311000823975,-4.470961570739746,-4.646762847900391,-4.889466762542725,-5.101804733276367,-5.2111897468566895
-3.5981531143188477,-3.5966007709503174,-3.748727321624756,-4.452764987945557,-4.980350971221924,-4.469707012176514,-3.525686502456665,-3.3909945487976074,-4.1253275871276855,-4.865573406219482,-5.130708694458008,-4.988873481750488,-4.669586181640625,-4.432952404022217,-4.355258464813232,-4.2882184982299805,-4.1780314445495605,-4.0908427238464355,-4.005224227905273,-3.911111354827881,-3.874849796295166,-3.850961446762085,-3.7480719089508057,-3.641390323638916,-3.6153411865234375,-3.577610731124878,-3.4532277584075928,-3.3172543048858643,-3.22886061668396,-3.1631789207458496,-3.0935235023498535,-3.005516290664673,-2.9330828189849854,-2.9555537700653076,-3.0334081649780273,-3.050601005554199,-3.0670077800750732,-3.208198070526123,-3.416656494140625,-3.6054885387420654,-3.7791450023651123,-3.913902521133423,-4.0614399909973145
-3.1653645038604736,-3.317901611328125,-3.460167646408081,-3.8069989681243896,-3.893988609313965,-3.3105404376983643,-2.5149126052856445,-2.2428641319274902,-2.5837831497192383,-3.1377594470977783,-3.566023111343384,-3.7126412391662598,-3.6273066997528076,-3.522911548614502,-3.502467393875122,-3.5043604373931885,-3.5133371353149414,-3.5521535873413086,-3.583170175552368,-3.5886025428771973,-3.574449300765991,-3.5106236934661865,-3.4192543029785156,-3.3571856021881104,-3.2746777534484863,-3.131216049194336,-3.0174953937530518,-2.9379701614379883,-2.7703306674957275,-2.561962366104126,-2.4520273208618164,-2.3487186431884766,-2.136869430541992,-1.963161587715149,-1.9240285158157349,-1.877521276473999,-1.7960131168365479,-1.8141840696334839,-1.9087047576904297,-1.9789425134658813,-2.0664570331573486,-2.214404821395874,-2.3919544219970703
-2.402843475341797,-2.4547178745269775,-2.2712831497192383,-2.0049002170562744,-1.6823452711105347,-1.3583054542541504,-1.106168508529663,-0.9211689829826355,-0.8469120264053345,-1.0202713012695312,-1.3978679180145264,-1.706018090248108,-1.8101500272750854,-1.8423618078231812,-1.9257752895355225,-2.0485846996307373,-2.159461259841919,-2.2169835567474365,-2.2375357151031494,-2.2868058681488037,-2.3420681953430176,-2.3387508392333984,-2.3431947231292725,-2.3923652172088623,-2.3325579166412354,-2.1320319175720215,-2.001870632171631,-1.9595258235931396,-1.783875823020935,-1.506957769393921,-1.345866084098816,-1.227609634399414,-0.9793598651885986,-0.7195974588394165,-0.5781918168067932,-0.45213234424591064,-0.3149358928203583,-0.260255366563797,-0.21302995085716248,-0.09818295389413834,-0.08669701963663101,-0.26589518785476685,-0.43620556592941284
-0.14480207860469818,0.11879637092351913,0.515160322189331,0.973898708820343,1.2854583263397217,1.2264124155044556,0.9423695802688599,0.7909332513809204,0.8128030896186829,0.7764104604721069,0.6419154405593872,0.5390487909317017,0.42938876152038574,0.18689262866973877,-0.14242124557495117,-0.4194794297218323,-0.5713071823120117,-0.5880484580993652,-0.545082151889801,-0.557413637638092,-0.6005221605300903,-0.5833806395530701,-0.5779879689216614,-0.6642171144485474,-0.706836998462677,-0.6140459775924683,-0.5236234068870544,-0.4828442335128784,-0.35154151916503906,-0.1384371519088745,0.022057145833969116,0.17297466099262238,0.3956223130226135,0.6027307510375977,0.7769401669502258,1.0324225425720215,1.3034487962722778,1.4399268627166748,1.543155550956726,1.7261075973510742,1.815426230430603,1.7221075296401978,1.6694687604904175
3.405853509902954,3.804677724838257,4.013604640960693,4.1442742347717285,4.146643161773682,3.843438148498535,3.3103268146514893,2.815399169921875,2.4863362312316895,2.3550519943237305,2.4755489826202393,2.697633743286133,2.6595253944396973,2.2653751373291016,1.825573444366455,1.5849485397338867,1.481439232826233,1.4032113552093506,1.3254141807556152,1.2290611267089844,1.1435401439666748,1.1514397859573364,1.2256324291229248,1.2533589601516724,1.233668565750122,1.2460064888000488,1.3051739931106567,1.4012047052383423,1.5371789932250977,1.6751519441604614,1.8097736835479736,2.010089635848999,2.2467706203460693,2.4050750732421875,2.548391342163086,2.8277058601379395,3.146291732788086,3.319371461868286,3.429981231689453,3.6162033081054688,3.771596670150757,3.820409059524536,3.9028139114379883
6.607996940612793,6.788266181945801,6.635581970214844,6.406884670257568,6.217540264129639,5.95695161819458,5.571159839630127,5.128398895263672,4.723306179046631,4.506537437438965,4.572598934173584,4.695446014404297,4.518318176269531,4.088821887969971,3.80244517326355,3.7830870151519775,3.7626724243164062,3.579296588897705,3.3574845790863037,3.199829578399658,3.07513427734375,2.9975802898406982,3.034052848815918,3.151989221572876,3.23878812789917,3.25675368309021,3.284470796585083,3.396056652069092,3.546905517578125,3.6499085426330566,3.7456061840057373,3.9440953731536865,4.20426082611084,4.391495227813721,4.532347202301025,4.743890762329102,4.980039596557617,5.141428470611572,5.303783416748047,5.547307014465332,5.760706424713135,5.8672332763671875,5.972400665283203
9.103392601013184,8.984766960144043,8.651578903198242,8.334517478942871,8.109105110168457,7.8874101638793945,7.661457061767578,7.490190505981445,7.353541374206543,7.203150272369385,7.0187907218933105,6.726184844970703,6.275057792663574,5.8360981941223145,5.63948917388916,5.60493278503418,5.445171356201172,5.129145622253418,4.907777786254883,4.886441230773926,4.906147480010986,4.871265888214111,4.8945393562316895,5.051435470581055,5.222862243652344,5.282383441925049,5.286863803863525,5.36289644241333,5.500308036804199,5.598198890686035,5.660985946655273,5.785374641418457,5.980030536651611,6.168493747711182,6.343220233917236,6.545683860778809,6.747176170349121,6.918764114379883,7.127650260925293,7.399644374847412,7.617938041687012,7.711977481842041,7.785189151763916
11.462932586669922,11.228569030761719,10.948180198669434,10.718134880065918,10.44352912902832,10.022521018981934,9.61307430267334,9.443549156188965,9.45931339263916,9.383332252502441,9.055258750915527,8.549766540527344,8.03731918334961,7.641356945037842,7.356056213378906,7.049529552459717,6.638784885406494,6.258694171905518,6.1213483810424805,6.222408294677734,6.352977752685547,6.402157306671143,6.469670295715332,6.647403717041016,6.858277320861816,6.990869045257568,7.069259166717529,7.187040328979492,7.35076379776001,7.4956955909729,7.608756065368652,7.729334354400635,7.861017227172852,7.985803604125977,8.134157180786133,8.338820457458496,8.555926322937012,8.730573654174805,8.891212463378906,9.083434104919434,9.272255897521973,9.40546703338623,9.512404441833496
13.248320579528809,12.948165893554688,12.704336166381836,12.548226356506348,12.27580451965332,11.748724937438965,11.178873062133789,10.872627258300781,10.799577713012695,10.649578094482422,10.263053894042969,9.787308692932129,9.408055305480957,9.112086296081543,8.77478313446045,8.374410629272461,8.040326118469238,7.906911373138428,7.958490371704102,8.042299270629883,8.037185668945312,7.974964618682861,7.967065811157227,8.052141189575195,8.176277160644531,8.298973083496094,8.438514709472656,8.604578971862793,8.763294219970703,8.902140617370605,9.063263893127441,9.26416301727295,9.443561553955078,9.549686431884766,9.633729934692383,9.778826713562012,9.97055435180664,10.122344970703125,10.21316909790039,10.318090438842773,10.49637222290039,10.713207244873047,10.891660690307617
13.944297790527344,13.560081481933594,13.263581275939941,13.11487102508545,12.936263084411621,12.58594036102295,12.191181182861328,11.95013427734375,11.815971374511719,11.570158958435059,11.157862663269043,10.751919746398926,10.471423149108887,10.221734046936035,9.897133827209473,9.607275009155273,9.563337326049805,9.777902603149414,10.004103660583496,10.002947807312012,9.791778564453125,9.575535774230957,9.489093780517578,9.491430282592773,9.500438690185547,9.527522087097168,9.622615814208984,9.753328323364258,9.832761764526367,9.856983184814453,9.92607593536377,10.100098609924316,10.30518913269043,10.436373710632324,10.503276824951172,10.602744102478027,10.769346237182617,10.932145118713379,11.031418800354004,11.11093521118164,11.252839088439941,11.456698417663574,11.634413719177246
13.666295051574707,13.372943878173828,13.14321231842041,13.01959228515625,12.88956356048584,12.673943519592285,12.451362609863281,12.318656921386719,12.21944808959961,12.026203155517578,11.743229866027832,11.495790481567383,11.32247257232666,11.118179321289062,10.83880615234375,10.643779754638672,10.714913368225098,10.977324485778809,11.128817558288574,10.975390434265137,10.647689819335938,10.427972793579102,10.426382064819336,10.512344360351562,10.53919792175293,10.527263641357422,10.581311225891113,10.706196784973145,10.795682907104492,10.78996753692627,10.759145736694336,10.799675941467285,10.906460762023926,10.999980926513672,11.050935745239258,11.115950584411621,11.2455472946167,11.408357620239258,11.534573554992676,11.605368614196777,11.665239334106445,11.755663871765137,11.868996620178223
12.10130500793457,11.992878913879395,11.948633193969727,11.928168296813965,11.841316223144531,11.672178268432617,11.510891914367676,11.438029289245605,11.42735767364502,11.40501880645752,11.361371994018555,11.337098121643066,11.319212913513184,11.239940643310547,11.105851173400879,11.047649383544922,11.165711402893066,11.358881950378418,11.396952629089355,11.184874534606934,10.890015602111816,10.759122848510742,10.845593452453613,10.978317260742188,10.98960018157959,10.904449462890625,10.872889518737793,10.965417861938477,11.098710060119629,11.15788459777832,11.132418632507324,11.100964546203613,11.116344451904297,11.152175903320312,11.161942481994629,11.151182174682617,11.168309211730957,11.239124298095703,11.334005355834961,11.402276992797852,11.427751541137695,11.445863723754883,11.509441375732422
9.360552787780762,9.335657119750977,9.401715278625488,9.498515129089355,9.562471389770508,9.593345642089844,9.64770793914795,9.764544486999512,9.919524192810059,10.061994552612305,10.172308921813965,10.258182525634766,10.314027786254883,10.328035354614258,10.335768699645996,10.421049118041992,10.623353958129883,10.861384391784668,10.995710372924805,10.980267524719238,10.918303489685059,10.940922737121582,11.048492431640625,11.109536170959473,11.01889705657959,10.82349681854248,10.66867446899414,10.638276100158691,10.679459571838379,10.686530113220215,10.627679824829102,10.56554126739502,10.56430435180664,10.606907844543457,10.61758804321289,10.553497314453125,10.455768585205078,10.405884742736816,10.440328598022461,10.516325950622559,10.561994552612305,10.55494499206543,10.545594215393066
6.721911907196045,6.821169376373291,6.9258856773376465,7.040611267089844,7.17984676361084,7.364199638366699,7.602077007293701,7.872671604156494,8.13595962524414,8.365470886230469,8.565473556518555,8.750850677490234,8.918238639831543,9.051239013671875,9.154172897338867,9.263731002807617,9.414701461791992,9.600869178771973,9.784477233886719,9.943431854248047,10.09162712097168,10.242579460144043,10.367203712463379,10.411142349243164,10.360493659973145,10.273155212402344,10.226536750793457,10.234395027160645,10.230692863464355,10.145041465759277,9.987737655639648,9.847223281860352,9.799741744995117,9.828139305114746,9.83814811706543,9.755796432495117,9.604486465454102,9.482568740844727,9.465041160583496,9.52899169921875,9.576598167419434,9.5310697555542,9.410322189331055
4.071805000305176,4.303730010986328,4.379262447357178,4.370337963104248,4.378124237060547,4.475062847137451,4.676186561584473,4.953286647796631,5.2757368087768555,5.64163875579834,6.070684432983398,6.566288948059082,7.085404872894287,7.550168037414551,7.8950090408325195,8.108453750610352,8.234686851501465,8.338152885437012,8.463027000427246,8.614439964294434,8.764466285705566,8.873396873474121,8.917220115661621,8.910849571228027,8.908720970153809,8.970011711120605,9.105598449707031,9.25283145904541,9.312019348144531,9.224447250366211,9.024888038635254,8.816427230834961,8.684890747070312,8.629744529724121,8.57550048828125,8.452251434326172,8.268224716186523,8.105116844177246,8.041255950927734,8.075599670410156,8.124794960021973,8.095751762390137,7.967227935791016
-0.4894450902938843,-0.41932037472724915,-0.510281503200531,-0.641581654548645,-0.6731367111206055,-0.5140871405601501,-0.1512657105922699,0.37241145968437195,1.0047245025634766,1.7171316146850586,2.5011467933654785,3.3380613327026367,4.175006866455078,4.933802604675293,5.549389362335205,6.007838249206543,6.352533340454102,6.652231216430664,6.953107833862305,7.248703479766846,7.487496376037598,7.612563610076904,7.606695652008057,7.512112617492676,7.409199237823486,7.3659515380859375,7.392425060272217,7.434998512268066,7.4180121421813965,7.303297996520996,7.120612144470215,6.943253993988037,6.827986717224121,6.769745826721191,6.709700584411621,6.58969259262085,6.405680179595947,6.214083671569824,6.086134433746338,6.050249099731445,6.071244239807129,6.082094669342041,6.038670063018799
-6.343050479888916,-6.492774486541748,-6.622101783752441,-6.602970123291016,-6.331959247589111,-5.773972511291504,-4.972977161407471,-4.0256123542785645,-3.0363657474517822,-2.081242322921753,-1.1972498893737793,-0.3946512043476105,0.3254607617855072,0.9645715951919556,1.5337542295455933,2.062305450439453,2.5934083461761475,3.163628339767456,3.7774219512939453,4.395569801330566,4.94844388961792,5.368871688842773,5.62556266784668,5.736124038696289,5.752001762390137,5.726171970367432,5.6858954429626465,5.628948211669922,5.543936729431152,5.436527252197266,5.338572978973389,5.290582180023193,5.3099365234375,5.370711326599121,5.4132490158081055,5.379246711730957,5.248066425323486,5.04853630065918,4.838827610015869,4.6703033447265625,4.5612287521362305,4.496129035949707,4.446169853210449
-9.372977256774902,-9.302542686462402,-9.017171859741211,-8.487813949584961,-7.730434417724609,-6.809454441070557,-5.824782371520996,-4.884755611419678,-4.075437068939209,-3.4393911361694336,-2.9716060161590576,-2.631321907043457,-2.3610806465148926,-2.103586435317993,-1.811244249343872,-1.4498294591903687,-1.0003210306167603,-0.461615651845932,0.14749731123447418,0.7908012866973877,1.423771858215332,2.0064923763275146,2.5142767429351807,2.9401540756225586,3.288353681564331,3.564207077026367,3.768070936203003,3.898075819015503,3.9592156410217285,3.9708027839660645,3.9642765522003174,3.9701473712921143,4.001200199127197,4.043090343475342,4.060093402862549,4.013704776763916,3.8838918209075928,3.680558919906616,3.4391791820526123,3.2044174671173096,3.0116946697235107,2.8764679431915283,2.794616460800171
