earth/public/data/atmosphere/W07/ANN-temp-isobaric-1000hPa-gfs-1.0.json
{"header": {"discipline": 0, "disciplineName": "Meteorological products", "gribEdition": 2, "gribLength": 17922.0, "center": 0, "centerName": "Kiel Climate Model", "subcenter": 0, "refTime": "1", "significanceOfRT": 1, "significanceOfRTName": "Start of forecast", "productStatus": 0, "productStatusName": "Operational products", "productType": 1, "productTypeName": "Forecast products", "productDefinitionTemplate": 0, "productDefinitionTemplateName": "Analysis/forecast at horizontal level/layer at a point in time", "parameterCategory": 2, "parameterCategoryName": "Momentum", "parameterNumber": 2, "parameterNumberName": "U-component_of_wind", "parameterUnit": "K", "genProcessType": 2, "genProcessTypeName": "Forecast", "forecastTime": 0, "surface1Type": 103, "surface1TypeName": "Specified height level above ground", "surface1Value": 10, "surface2Type": 255, "surface2TypeName": "Missing", "surface2Value": 0, "gridDefinitionTemplate": 0, "gridDefinitionTemplateName": "Latitude_Longitude", "numberPoints": 65160, "shape": 6, "shapeName": "Earth spherical with radius of 6,371,229.0 m", "gridUnits": "degrees", "resolution": 48, "winds": "true", "scanMode": 0, "nx": 128.0, "ny": 64.0, "basicAngle": 0, "subDivisions": 0, "lo1": 0.0, "la1": 87.86379883923263, "lo2": 357.1875, "la2": -87.86379883923263, "dx": 2.8125, "dy": 2.7893269472772264}, "data":
[rows 20 to 39 of 64, columns 44 to 87 of 128]
287.94207763671875,289.1087646484375,289.9980163574219,290.3034973144531,290.3793029785156,290.724609375,291.1106872558594,291.10797119140625,290.91015625,290.87835693359375,290.9369201660156,290.87738037109375,290.7127685546875,290.57684326171875,290.548095703125,290.5377197265625,290.3905334472656,290.1524963378906,289.9578552246094,289.73553466796875,289.41876220703125,289.1545104980469,288.969482421875,288.7013854980469,288.39727783203125,288.2089538574219,288.01654052734375,287.6896057128906,287.3544921875,287.0357360839844,286.59014892578125,286.1387634277344,285.92108154296875,285.7923583984375,285.47283935546875,285.05755615234375,284.7899169921875,284.64154052734375,284.4753112792969,284.4695129394531,285.3002624511719,287.73553466796875,291.5401916503906,295.0440673828125
290.923583984375,292.1081237792969,292.6888427734375,292.55645751953125,292.30072021484375,292.4585876464844,292.6387939453125,292.461181640625,292.28924560546875,292.352783203125,292.38909912109375,292.26318359375,292.02252197265625,291.7442321777344,291.6450500488281,291.7060241699219,291.54034423828125,291.1455078125,290.9146423339844,290.7839050292969,290.45721435546875,290.1041564941406,289.8853759765625,289.57135009765625,289.17559814453125,288.97113037109375,288.849853515625,288.596435546875,288.35546875,288.17327880859375,287.819580078125,287.34326171875,287.00244140625,286.7442932128906,286.4208679199219,286.1384582519531,285.9925231933594,285.9340515136719,285.9356994628906,285.9227294921875,286.038330078125,287.19207763671875,290.1630554199219,293.900390625
294.0749816894531,294.406494140625,294.51605224609375,294.24365234375,293.9328308105469,293.9777526855469,294.0048522949219,293.85382080078125,293.8636474609375,293.8616943359375,293.6180114746094,293.5242919921875,293.5805969238281,293.2984313964844,292.8902282714844,292.7476501464844,292.5151672363281,292.0755615234375,291.9027099609375,291.8797607421875,291.563232421875,291.2229309082031,291.12298583984375,290.9071960449219,290.5145263671875,290.2602233886719,290.0067138671875,289.55828857421875,289.21514892578125,289.0990295410156,288.91400146484375,288.6016540527344,288.29046630859375,287.9302978515625,287.6045227050781,287.5174865722656,287.52032470703125,287.45892333984375,287.6117248535156,288.01123046875,288.25732421875,288.72552490234375,290.5057067871094,293.36883544921875
295.99945068359375,295.5355224609375,295.60345458984375,295.6562805175781,295.6341552734375,295.7469482421875,295.6275634765625,295.3955383300781,295.4739990234375,295.3392333984375,294.7427978515625,294.5409851074219,294.7546081542969,294.4818115234375,293.9452209472656,293.8110046386719,293.66412353515625,293.2322082519531,293.0158996582031,292.9187927246094,292.52471923828125,292.1914978027344,292.15130615234375,291.97637939453125,291.65313720703125,291.4849548339844,291.2596130371094,290.845458984375,290.5623474121094,290.3919677734375,290.09393310546875,289.8496398925781,289.76849365234375,289.60955810546875,289.45465087890625,289.54901123046875,289.64483642578125,289.5728759765625,289.7835388183594,290.45025634765625,291.0515441894531,291.5340270996094,292.632568359375,294.35791015625
296.88385009765625,296.62677001953125,296.97979736328125,297.0411376953125,296.9283142089844,297.03765869140625,296.8619079589844,296.4931640625,296.5477600097656,296.51763916015625,295.9703063964844,295.6595458984375,295.69195556640625,295.36834716796875,294.98291015625,295.01123046875,294.8974304199219,294.44732666015625,294.19036865234375,294.016357421875,293.62445068359375,293.3540954589844,293.2467346191406,292.9486083984375,292.65802001953125,292.5972595214844,292.4798889160156,292.3250732421875,292.3340148925781,292.1604309082031,291.6881408691406,291.47039794921875,291.59967041015625,291.6240234375,291.5940246582031,291.7803955078125,291.99273681640625,292.14453125,292.5323486328125,293.16534423828125,293.77288818359375,294.4242248535156,295.3185729980469,296.11737060546875
297.57745361328125,297.88983154296875,298.3492126464844,298.071044921875,297.6421203613281,297.7489318847656,297.7159423828125,297.3106384277344,297.21185302734375,297.305908203125,297.1297607421875,296.9258728027344,296.7601623535156,296.41839599609375,296.1812744140625,296.11614990234375,295.82171630859375,295.4608154296875,295.3622131347656,295.2195129394531,294.9449462890625,294.8446044921875,294.7120361328125,294.3531188964844,294.15008544921875,294.1043395996094,293.8778991699219,293.73773193359375,293.851806640625,293.72271728515625,293.3692626953125,293.3670349121094,293.5643310546875,293.5172424316406,293.4917907714844,293.7500915527344,294.0751647949219,294.4760437011719,295.0465087890625,295.4843444824219,295.7605285644531,296.3168640136719,297.07183837890625,297.3480529785156
298.0524597167969,298.451904296875,298.9106140136719,298.77471923828125,298.49676513671875,298.62347412109375,298.6748962402344,298.34588623046875,298.06768798828125,298.0074768066406,297.9764099121094,297.8859558105469,297.6781921386719,297.4499206542969,297.3370666503906,297.118408203125,296.755859375,296.6460876464844,296.6822509765625,296.4394836425781,296.1905212402344,296.20928955078125,296.0909423828125,295.80517578125,295.7677307128906,295.75347900390625,295.4525146484375,295.2545166015625,295.29180908203125,295.1885986328125,295.0812072753906,295.26385498046875,295.37518310546875,295.2334899902344,295.30352783203125,295.6535339355469,295.89788818359375,296.1432800292969,296.5917663574219,296.873291015625,296.8784484863281,297.1164245605469,297.58935546875,297.6795349121094
298.39892578125,298.6601257324219,299.15252685546875,299.44561767578125,299.4884948730469,299.4443054199219,299.3526306152344,299.2513122558594,299.1368408203125,298.9789733886719,298.871826171875,298.786865234375,298.6099548339844,298.5061340332031,298.5175476074219,298.3616943359375,298.1558532714844,298.18878173828125,298.1275634765625,297.764404296875,297.5697326660156,297.60650634765625,297.4373779296875,297.19769287109375,297.2019348144531,297.1971130371094,297.04022216796875,296.9731750488281,296.9693603515625,296.88787841796875,296.8771057128906,296.9582214355469,296.91839599609375,296.8380432128906,296.9989013671875,297.2710266113281,297.26025390625,297.0763244628906,297.2059631347656,297.5659484863281,297.67181396484375,297.63372802734375,297.77606201171875,297.82098388671875
298.8550109863281,299.23834228515625,299.7278137207031,299.9183349609375,299.8556823730469,299.6585693359375,299.5143737792969,299.6700744628906,299.9173278808594,299.9089660644531,299.7979431152344,299.7503967285156,299.6336975097656,299.5110778808594,299.4898681640625,299.42236328125,299.3072509765625,299.2245178222656,299.0432434082031,298.8399353027344,298.8239440917969,298.78369140625,298.5384521484375,298.3304443359375,298.2406005859375,298.14923095703125,298.1081848144531,298.07257080078125,297.95013427734375,297.89788818359375,297.9107360839844,297.8113708496094,297.7328186035156,297.7709045410156,297.7900085449219,297.8173522949219,297.71368408203125,297.2763671875,297.0940856933594,297.59368896484375,297.9610900878906,297.7764892578125,297.740966796875,297.89166259765625
298.81988525390625,299.4615783691406,300.1363830566406,299.92071533203125,299.5274353027344,299.4761657714844,299.4722900390625,299.5868835449219,299.8854064941406,299.96820068359375,299.84063720703125,299.8238525390625,299.8001708984375,299.6258544921875,299.4909973144531,299.4367370605469,299.2991027832031,299.07379150390625,298.91632080078125,298.89630126953125,298.8443603515625,298.60980224609375,298.3677978515625,298.2409973144531,298.085205078125,297.9687805175781,297.9752502441406,297.81060791015625,297.5209045410156,297.5008239746094,297.5163879394531,297.30511474609375,297.2665710449219,297.3411560058594,297.1388854980469,297.0716247558594,297.1842346191406,296.75933837890625,296.2969055175781,296.67681884765625,297.0318603515625,296.6966857910156,296.6126403808594,296.9278564453125
298.44989013671875,299.0414123535156,300.04156494140625,299.72906494140625,299.1795349121094,299.2588806152344,299.17694091796875,298.92144775390625,299.0487976074219,299.1452941894531,298.92755126953125,298.84796142578125,298.8994140625,298.7579040527344,298.5985107421875,298.5480041503906,298.38153076171875,298.1527404785156,298.0804748535156,298.0060729980469,297.73193359375,297.45159912109375,297.3340759277344,297.1893310546875,296.9537353515625,296.8897399902344,296.9305725097656,296.7210388183594,296.4560546875,296.44903564453125,296.3403625488281,296.0137634277344,295.93267822265625,295.9027099609375,295.5866394042969,295.56622314453125,295.8371276855469,295.51898193359375,295.0087585449219,295.15380859375,295.2323303222656,294.7733459472656,294.637451171875,294.8417053222656
299.02490234375,299.0538024902344,299.8939514160156,299.7678527832031,299.4271240234375,299.4580383300781,299.0083923339844,298.36419677734375,298.3720397949219,298.50067138671875,298.25091552734375,298.1102600097656,298.139892578125,297.9851379394531,297.8095397949219,297.69818115234375,297.4374694824219,297.2314453125,297.23931884765625,297.10595703125,296.8345642089844,296.79986572265625,296.80426025390625,296.5092468261719,296.2027893066406,296.1304931640625,296.02618408203125,295.79541015625,295.6748962402344,295.60968017578125,295.3575439453125,295.0763854980469,294.970947265625,294.7723388671875,294.4089660644531,294.300537109375,294.3631286621094,294.1492004394531,293.91204833984375,293.9089050292969,293.72698974609375,293.394287109375,293.3000183105469,293.1664123535156
300.0423278808594,299.49969482421875,299.7630615234375,299.95623779296875,300.195556640625,300.3255920410156,299.7236328125,298.93377685546875,298.734375,298.7217102050781,298.50994873046875,298.38873291015625,298.30682373046875,298.0610046386719,297.8802185058594,297.73455810546875,297.3974609375,297.1763000488281,297.1990051269531,297.06280517578125,296.87603759765625,296.94451904296875,296.87872314453125,296.5372009277344,296.3814392089844,296.3014221191406,295.95965576171875,295.6968994140625,295.65338134765625,295.4408874511719,295.159912109375,295.1332702636719,295.0992431640625,294.8231201171875,294.54473876953125,294.3548278808594,294.1354064941406,294.0102844238281,294.0083312988281,293.8125305175781,293.49114990234375,293.48699951171875,293.5580139160156,293.2381896972656
299.92388916015625,299.515869140625,299.51263427734375,299.9245910644531,300.4957275390625,300.78314208984375,300.5237121582031,299.97576904296875,299.5524597167969,299.35009765625,299.26776123046875,299.2029113769531,299.0389404296875,298.8399963378906,298.79608154296875,298.7607727050781,298.53375244140625,298.3518981933594,298.2919616699219,298.0713195800781,297.79998779296875,297.66796875,297.4412841796875,297.2200012207031,297.2735595703125,297.1954040527344,296.8315734863281,296.7149963378906,296.7105712890625,296.34820556640625,296.0548400878906,296.1219482421875,296.05322265625,295.8307800292969,295.81329345703125,295.75885009765625,295.52655029296875,295.47283935546875,295.47271728515625,295.14190673828125,294.8565979003906,295.01348876953125,295.08001708984375,294.760498046875
299.3353271484375,299.400390625,299.349609375,299.4825744628906,299.5641784667969,299.67864990234375,299.96575927734375,299.95550537109375,299.614013671875,299.5552978515625,299.730224609375,299.665283203125,299.50933837890625,299.5576171875,299.6678771972656,299.6707458496094,299.6107177734375,299.5448303222656,299.421630859375,299.1998291015625,298.9818420410156,298.7998352050781,298.5771179199219,298.4411315917969,298.4275817871094,298.27032470703125,298.08770751953125,298.17535400390625,298.16778564453125,297.8081970214844,297.546875,297.4636535644531,297.2546081542969,297.14520263671875,297.27618408203125,297.2767639160156,297.13006591796875,297.08203125,297.0082702636719,296.82470703125,296.71343994140625,296.6700439453125,296.50628662109375,296.2496643066406
299.4902038574219,299.4537353515625,299.2589111328125,299.0381774902344,298.3948669433594,298.06060791015625,298.58172607421875,298.9344787597656,298.81256103515625,299.0942077636719,299.5264892578125,299.4068298339844,299.2801513671875,299.5470275878906,299.6623840332031,299.5382080078125,299.5450439453125,299.5662841796875,299.43804931640625,299.37139892578125,299.43133544921875,299.42584228515625,299.30828857421875,299.170654296875,299.010009765625,298.8587341308594,298.8646545410156,298.9317626953125,298.81109619140625,298.629638671875,298.5481872558594,298.36187744140625,298.1235656738281,298.0989685058594,298.068115234375,297.86279296875,297.7242126464844,297.5874328613281,297.37786865234375,297.3646545410156,297.3188781738281,296.94036865234375,296.6833801269531,296.6103515625
299.6361999511719,299.276123046875,299.40606689453125,299.5628356933594,298.6830749511719,297.82403564453125,298.041748046875,298.2379150390625,297.969482421875,298.244384765625,298.8057861328125,298.7818298339844,298.68243408203125,298.9350891113281,298.9961242675781,298.8597106933594,298.91644287109375,298.9317626953125,298.7787170410156,298.81134033203125,299.00897216796875,299.0536193847656,298.9642028808594,298.865234375,298.75872802734375,298.74945068359375,298.8406982421875,298.7654724121094,298.5495910644531,298.53125,298.573974609375,298.3664245605469,298.185791015625,298.16192626953125,297.9086608886719,297.5782775878906,297.5022277832031,297.273681640625,296.8746032714844,296.8211669921875,296.68975830078125,296.1564025878906,296.0087890625,296.089599609375
299.3564758300781,299.2894592285156,300.1465759277344,300.8490905761719,299.99908447265625,298.86956787109375,298.7827453613281,298.5547790527344,297.55072021484375,297.10443115234375,297.5492248535156,297.86358642578125,297.8755187988281,297.9580993652344,298.01171875,298.0308532714844,298.1252136230469,298.1025085449219,297.9830627441406,298.0422668457031,298.1723327636719,298.14141845703125,298.0686950683594,298.0596923828125,298.0301513671875,298.0193176269531,298.05615234375,297.9864807128906,297.85260009765625,297.8478088378906,297.82373046875,297.6343078613281,297.524658203125,297.47906494140625,297.2218933105469,297.0008544921875,296.9817810058594,296.71728515625,296.3003845214844,296.20037841796875,296.0083312988281,295.5190124511719,295.3713684082031,295.3017272949219
299.4848327636719,299.8056335449219,300.525634765625,300.8788146972656,300.1993713378906,299.652099609375,299.9039001464844,299.389404296875,297.4342956542969,295.87762451171875,295.88714599609375,296.4466247558594,296.62847900390625,296.6455993652344,296.7439880371094,296.81414794921875,296.8068542480469,296.7886962890625,296.8201599121094,296.88665771484375,296.8920593261719,296.8231506347656,296.798828125,296.8394775390625,296.8123474121094,296.70330810546875,296.6683654785156,296.732177734375,296.7476501464844,296.67718505859375,296.6083679199219,296.5782470703125,296.5697021484375,296.5306396484375,296.4271545410156,296.3153076171875,296.1663818359375,295.9007263183594,295.6796875,295.566162109375,295.2847595214844,294.8932189941406,294.66143798828125,294.3298034667969
299.4739685058594,299.60430908203125,299.3478088378906,299.0217590332031,298.9395751953125,299.4627685546875,300.14105224609375,299.5182800292969,297.3214416503906,295.3415832519531,294.8572998046875,295.1398620605469,295.283203125,295.39581298828125,295.57177734375,295.52056884765625,295.343505859375,295.38092041015625,295.51348876953125,295.4728088378906,295.3531188964844,295.2942199707031,295.2547912597656,295.2535400390625,295.2897033691406,295.25299072265625,295.2236022949219,295.3265075683594,295.36712646484375,295.2507019042969,295.2509765625,295.3890380859375,295.37884521484375,295.2888488769531,295.319580078125,295.2593688964844,294.9834899902344,294.8116760253906,294.7945251464844,294.5523986816406,294.1184387207031,293.8885498046875,293.73956298828125,293.3495788574219
