earth/public/data/atmosphere/W07/ANN-temp-isobaric-700hPa-gfs-1.0.json
{"header": {"discipline": 0, "disciplineName": "Meteorological products", "gribEdition": 2, "gribLength": 17922.0, "center": 0, "centerName": "Kiel Climate Model", "subcenter": 0, "refTime": "1", "significanceOfRT": 1, "significanceOfRTName": "Start of forecast", "productStatus": 0, "productStatusName": "Operational products", "productType": 1, "productTypeName": "Forecast products", "productDefinitionTemplate": 0, "productDefinitionTemplateName": "Analysis/forecast at horizontal level/layer at a point in time", "parameterCategory": 2, "parameterCategoryName": "Momentum", "parameterNumber": 2, "parameterNumberName": "U-component_of_wind", "parameterUnit": "K", "genProcessType": 2, "genProcessTypeName": "Forecast", "forecastTime": 0, "surface1Type": 103, "surface1TypeName": "Specified height level above ground", "surface1Value": 10, "surface2Type": 255, "surface2TypeName": "Missing", "surface2Value": 0, "gridDefinitionTemplate": 0, "gridDefinitionTemplateName": "Latitude_Longitude", "numberPoints": 65160, "shape": 6, "shapeName": "Earth spherical with radius of 6,371,229.0 m", "gridUnits": "degrees", "resolution": 48, "winds": "true", "scanMode": 0, "nx": 128.0, "ny": 64.0, "basicAngle": 0, "subDivisions": 0, "lo1": 0.0, "la1": 87.86379883923263, "lo2": 357.1875, "la2": -87.86379883923263, "dx": 2.8125, "dy": 2.7893269472772264}, "data":
[rows 0 to 19 of 64, columns 44 to 87 of 128]
252.08685302734375,252.07440185546875,252.0621337890625,252.05006408691406,252.03819274902344,252.0265350341797,252.01507568359375,252.00387573242188,251.992919921875,251.9822540283203,251.97190856933594,251.96192932128906,251.9523162841797,251.9431610107422,251.93447875976562,251.9263458251953,251.9188232421875,251.91192626953125,251.90577697753906,251.90040588378906,251.8958740234375,251.89224243164062,251.88958740234375,251.88795471191406,251.8874053955078,251.88796997070312,251.88967895507812,251.89259338378906,251.896728515625,251.90206909179688,251.9086456298828,251.91644287109375,251.92543029785156,251.93556213378906,251.94683837890625,251.95916748046875,251.9724884033203,251.98672485351562,252.00180053710938,252.01763916015625,252.03414916992188,252.05125427246094,252.06881713867188,252.08677673339844
252.16696166992188,252.1537322998047,252.14071655273438,252.12782287597656,252.11508178710938,252.1023712158203,252.0896759033203,252.07691955566406,252.06399536132812,252.05084228515625,252.037353515625,252.0233917236328,252.00885009765625,251.99366760253906,251.97772216796875,251.96099853515625,251.94349670410156,251.92529296875,251.9064483642578,251.8872528076172,251.86785888671875,251.84860229492188,251.829833984375,251.81198120117188,251.7954559326172,251.7806854248047,251.76812744140625,251.7581787109375,251.75123596191406,251.74761962890625,251.74761962890625,251.75140380859375,251.75909423828125,251.770751953125,251.78627014160156,251.8054962158203,251.8282012939453,251.85398864746094,251.88247680664062,251.91311645507812,251.9453582763672,251.97857666015625,252.01214599609375,252.0454559326172
252.0804901123047,252.06443786621094,252.04971313476562,252.03656005859375,252.025390625,252.01654052734375,252.0103759765625,252.0071563720703,252.0069580078125,252.00970458984375,252.01498413085938,252.02223205566406,252.0305633544922,252.03900146484375,252.04647827148438,252.0518798828125,252.0542755126953,252.05288696289062,252.04727172851562,252.0372772216797,252.02305603027344,252.00509643554688,251.984130859375,251.96102905273438,251.93678283691406,251.91232299804688,251.8884735107422,251.86598205566406,251.8453826904297,251.8270263671875,251.81118774414062,251.7980194091797,251.78765869140625,251.7803192138672,251.77615356445312,251.77552795410156,251.7787322998047,251.78602600097656,251.79766845703125,251.81362915039062,251.8336181640625,251.85704040527344,251.88296508789062,251.9100799560547
252.21006774902344,252.19630432128906,252.18121337890625,252.1648712158203,252.14804077148438,252.13198852539062,252.11843872070312,252.1091766357422,252.10592651367188,252.10984802246094,252.12139892578125,252.1400909423828,252.16458129882812,252.19271850585938,252.22178649902344,252.2489471435547,252.2715301513672,252.2874755859375,252.29554748535156,252.29554748535156,252.28822326660156,252.2752685546875,252.25892639160156,252.2418212890625,252.22634887695312,252.21450805664062,252.2074432373047,252.20535278320312,252.20733642578125,252.21160888671875,252.21572875976562,252.21693420410156,252.2126922607422,252.2011260986328,252.1812744140625,252.15354919433594,252.11953735351562,252.0819091796875,252.0441131591797,252.00975036621094,251.9822540283203,251.96417236328125,251.95689392089844,251.9603271484375
252.67808532714844,252.69540405273438,252.7091827392578,252.71788024902344,252.72093200683594,252.71900939941406,252.71405029296875,252.70887756347656,252.70681762695312,252.71095275878906,252.72332763671875,252.74449157714844,252.773193359375,252.80661010742188,252.8408203125,252.87164306640625,252.8954315185547,252.90951538085938,252.91275024414062,252.9054412841797,252.8892059326172,252.86666870117188,252.8411407470703,252.81637573242188,252.7960968017578,252.78370666503906,252.78182983398438,252.79173278808594,252.81292724609375,252.84292602539062,252.87734985351562,252.9104766845703,252.93606567382812,252.9485321044922,252.94383239746094,252.92031860351562,252.8789825439453,252.82321166992188,252.7581329345703,252.68980407714844,252.6243133544922,252.56703186035156,252.52210998535156,252.49224853515625
252.93006896972656,252.95848083496094,252.99618530273438,253.04153442382812,253.09161376953125,253.14320373535156,253.19384765625,253.24270629882812,253.2906951904297,253.3396759033203,253.3912811279297,253.4454803466797,253.50009155273438,253.5512237548828,253.5947265625,253.62791442871094,253.6506805419922,253.66566467285156,253.67713928222656,253.6891632080078,253.70384216308594,253.7202911376953,253.73504638671875,253.7435760498047,253.74241638183594,253.73077392578125,253.71142578125,253.69003295898438,253.67324829101562,253.66650390625,253.6719970703125,253.68780517578125,253.70860290527344,253.7272186279297,253.73721313476562,253.73458862304688,253.71859741210938,253.69129943847656,253.6558380126953,253.6146697998047,253.56846618652344,253.51626586914062,253.45684814453125,253.39073181152344
253.1392822265625,253.13711547851562,253.16094970703125,253.21560668945312,253.29933166503906,253.404541015625,253.52096557617188,253.63961791992188,253.7554931640625,253.86741638183594,253.97547912597656,254.07760620117188,254.16751098632812,254.23609924316406,254.27560424804688,254.28472900390625,254.27175903320312,254.2535858154297,254.25067138671875,254.27975463867188,254.34739685058594,254.44703674316406,254.56076049804688,254.66513061523438,254.73878479003906,254.7692108154297,254.75645446777344,254.71249389648438,254.65684509277344,254.60987854003906,254.586181640625,254.59034729003906,254.6165313720703,254.65194702148438,254.68255615234375,254.69894409179688,254.69921875,254.6884307861328,254.67434692382812,254.661865234375,254.6487274169922,254.6248779296875,254.57623291015625,254.4911651611328
253.6461944580078,253.63156127929688,253.63536071777344,253.6749725341797,253.75779724121094,253.87777709960938,254.01901245117188,254.16445922851562,254.30459594726562,254.43997192382812,254.5761260986328,254.71417236328125,254.8443145751953,254.94705200195312,255.00274658203125,255.00396728515625,254.96328735351562,254.91131591796875,254.88571166992188,254.91644287109375,255.01406860351562,255.1663818359375,255.34335327148438,255.50794982910156,255.6280517578125,255.685546875,255.68092346191406,255.6322479248047,255.56939697265625,255.52484130859375,255.52322387695312,255.5731201171875,255.66439819335938,255.77210998535156,255.866455078125,255.92422485351562,255.93728637695312,255.9138641357422,255.87266540527344,255.83265686035156,255.8034210205078,255.780517578125,255.74752807617188,255.68353271484375
254.13180541992188,254.1525421142578,254.16287231445312,254.1905059814453,254.2600555419922,254.3767547607422,254.52310180664062,254.67239379882812,254.8079376220703,254.9340362548828,255.0694122314453,255.22850036621094,255.40505981445312,255.57151794433594,255.69528198242188,255.7606658935547,255.78123474121094,255.79415893554688,255.84036254882812,255.94393920898438,256.10174560546875,256.2879943847656,256.46783447265625,256.6111755371094,256.7001953125,256.73004150390625,256.70721435546875,256.6479187011719,256.5769348144531,256.52435302734375,256.5174865722656,256.5707092285156,256.6780090332031,256.8138122558594,256.94287109375,257.03521728515625,257.0774230957031,257.0752868652344,257.0466003417969,257.0097961425781,256.9751281738281,256.9425964355469,256.9059143066406,256.857421875
254.52651977539062,254.6116943359375,254.66934204101562,254.72677612304688,254.8271484375,254.9918975830078,255.2010498046875,255.4076385498047,255.57452392578125,255.7020721435547,255.8240509033203,255.97622680664062,256.1649475097656,256.36212158203125,256.529052734375,256.6487731933594,256.7405090332031,256.84576416015625,256.99822998046875,257.20050048828125,257.42315673828125,257.6242980957031,257.7734069824219,257.86309814453125,257.9038391113281,257.9102478027344,257.8912658691406,257.8515319824219,257.7994384765625,257.752685546875,257.7334289550781,257.7559814453125,257.8162536621094,257.8922119140625,257.9567565917969,257.995361328125,258.015380859375,258.039306640625,258.08642578125,258.155029296875,258.2196960449219,258.2459411621094,258.2130126953125,258.1277770996094
255.0908203125,255.21592712402344,255.3289337158203,255.4484100341797,255.6292266845703,255.90472412109375,256.243896484375,256.5653076171875,256.7973327636719,256.9309997558594,257.0202331542969,257.13330078125,257.3003845214844,257.5006408691406,257.6919250488281,257.8512268066406,257.9908447265625,258.14178466796875,258.3233337402344,258.5254821777344,258.716552734375,258.8660888671875,258.9638671875,259.020751953125,259.0547180175781,259.0756530761719,259.08251953125,259.07354736328125,259.05792236328125,259.0567932128906,259.0902404785156,259.15966796875,259.2396240234375,259.28778076171875,259.2705383300781,259.1889343261719,259.087158203125,259.033203125,259.0799865722656,259.2298583984375,259.4273376464844,259.5871276855469,259.64117431640625,259.5737609863281
256.0177917480469,256.0833435058594,256.16021728515625,256.2638244628906,256.4611511230469,256.79803466796875,257.2310485839844,257.6399230957031,257.9154357910156,258.0397644042969,258.08880615234375,258.1639099121094,258.32183837890625,258.5570983886719,258.8313903808594,259.10943603515625,259.3717041015625,259.6078186035156,259.8086853027344,259.9677429199219,260.0867614746094,260.1781311035156,260.25897216796875,260.3397216796875,260.41558837890625,260.4695739746094,260.4873352050781,260.4731750488281,260.453369140625,260.46221923828125,260.5201110839844,260.618408203125,260.71917724609375,260.7699890136719,260.7284240722656,260.5882263183594,260.3929748535156,260.2247009277344,260.16558837890625,260.2525634765625,260.45428466796875,260.6878967285156,260.8648681640625,260.9349365234375
257.5224914550781,257.4594421386719,257.3966369628906,257.3559265136719,257.4297790527344,257.69342041015625,258.10791015625,258.530517578125,258.82916259765625,258.9814758300781,259.0671691894531,259.1831970214844,259.3787536621094,259.6556701660156,259.9969787597656,260.376953125,260.7543640136719,261.0796813964844,261.3216857910156,261.4859924316406,261.6055603027344,261.7142028808594,261.8275146484375,261.9405517578125,262.03594970703125,262.0963134765625,262.1165466308594,262.1091003417969,262.0958251953125,262.0916442871094,262.0966796875,262.1031799316406,262.1048889160156,262.0948791503906,262.0577392578125,261.97369384765625,261.8395080566406,261.6861877441406,261.5716247558594,261.5498962402344,261.6396789550781,261.81475830078125,262.0195617675781,262.19757080078125
259.329833984375,259.16802978515625,258.9862365722656,258.80523681640625,258.7366638183594,258.8841247558594,259.22216796875,259.6082763671875,259.9191589355469,260.1490478515625,260.37060546875,260.6344909667969,260.9353332519531,261.25689697265625,261.6050109863281,261.98138427734375,262.3510437011719,262.66339111328125,262.9017639160156,263.0943603515625,263.2742614746094,263.44232177734375,263.57501220703125,263.6566162109375,263.69342041015625,263.7037048339844,263.7051696777344,263.71038818359375,263.72015380859375,263.7170104980469,263.6763610839844,263.5938720703125,263.4986572265625,263.430419921875,263.4028625488281,263.3942565917969,263.371337890625,263.3179931640625,263.2449951171875,263.1861572265625,263.1882019042969,263.2902526855469,263.49212646484375,263.7385559082031
261.0047912597656,260.76025390625,260.5430603027344,260.3501281738281,260.2637023925781,260.37188720703125,260.64813232421875,260.96588134765625,261.2381896972656,261.4963684082031,261.8149719238281,262.20355224609375,262.609375,262.9999084472656,263.3897705078125,263.785400390625,264.1483459472656,264.438720703125,264.6702575683594,264.89105224609375,265.1162109375,265.30718994140625,265.4217529296875,265.4618835449219,265.46160888671875,265.44500732421875,265.4153747558594,265.3747863769531,265.3298645019531,265.2760009765625,265.1979064941406,265.0956726074219,264.9957275390625,264.9239807128906,264.88232421875,264.86187744140625,264.862548828125,264.8771057128906,264.8706359863281,264.8161315917969,264.7630615234375,264.8372802734375,265.13458251953125,265.6073303222656
262.8709716796875,262.5375061035156,262.3355712890625,262.2197265625,262.18939208984375,262.2818603515625,262.482177734375,262.712646484375,262.92962646484375,263.1750793457031,263.5036315917969,263.9018859863281,264.3163757324219,264.7296447753906,265.159912109375,265.59710693359375,265.9889831542969,266.30157470703125,266.5570068359375,266.7901611328125,266.99237060546875,267.1270751953125,267.19061279296875,267.2245178222656,267.26007080078125,267.2776184082031,267.2408752441406,267.1519775390625,267.04656982421875,266.9442443847656,266.8372497558594,266.7253723144531,266.6247253417969,266.5333557128906,266.4314270019531,266.3388977050781,266.32647705078125,266.4193115234375,266.5201416015625,266.50518798828125,266.4122009277344,266.4740905761719,266.9168701171875,267.7281799316406
265.1593322753906,264.8056945800781,264.644287109375,264.59259033203125,264.5682373046875,264.5773620605469,264.6617736816406,264.8267517089844,265.0559387207031,265.3489990234375,265.7033996582031,266.08734130859375,266.4674377441406,266.8435974121094,267.2255859375,267.5935363769531,267.913818359375,268.1817321777344,268.416259765625,268.61572265625,268.7499084472656,268.8050537109375,268.8153381347656,268.8298645019531,268.854248046875,268.8470153808594,268.7815856933594,268.688720703125,268.6141052246094,268.5531005859375,268.4673156738281,268.3553771972656,268.25323486328125,268.1613464355469,268.04296875,267.92645263671875,267.9307556152344,268.1139221191406,268.34991455078125,268.462158203125,268.4779968261719,268.66033935546875,269.25762939453125,270.2665710449219
267.58148193359375,267.2623291015625,267.09710693359375,267.0198974609375,266.9402160644531,266.87115478515625,266.8984375,267.0631408691406,267.3310241699219,267.65228271484375,267.99835205078125,268.3511657714844,268.6973571777344,269.0302429199219,269.33624267578125,269.5931396484375,269.7978515625,269.9740905761719,270.1357116699219,270.2661437988281,270.3468322753906,270.3846435546875,270.3977966308594,270.3910217285156,270.3537292480469,270.2768859863281,270.1746520996094,270.0854797363281,270.03228759765625,269.9847717285156,269.8984069824219,269.7905578613281,269.7241516113281,269.7054443359375,269.6712341308594,269.6161804199219,269.65234375,269.86578369140625,270.1795349121094,270.46356201171875,270.741943359375,271.177490234375,271.8735046386719,272.7988586425781
270.2130126953125,269.9067077636719,269.647216796875,269.4568786621094,269.3182067871094,269.25982666015625,269.3369445800781,269.5339050292969,269.7672119140625,269.98529052734375,270.2015075683594,270.4338073730469,270.67138671875,270.90020751953125,271.11309814453125,271.3003845214844,271.4576110839844,271.5869445800781,271.6794738769531,271.727783203125,271.7542419433594,271.7851867675781,271.80523681640625,271.7841491699219,271.7316589355469,271.6790466308594,271.6296081542969,271.56842041015625,271.4943542480469,271.4093933105469,271.30963134765625,271.2164306640625,271.1766052246094,271.1993103027344,271.23785400390625,271.2759704589844,271.38714599609375,271.64764404296875,272.0318603515625,272.4673767089844,272.9461669921875,273.4809265136719,274.0209655761719,274.5668029785156
272.94024658203125,272.6817932128906,272.37774658203125,272.1293029785156,271.9776611328125,271.9409484863281,272.0219421386719,272.1591491699219,272.26690673828125,272.3399963378906,272.4361877441406,272.5616455078125,272.66534423828125,272.73590087890625,272.81048583984375,272.90289306640625,272.9949645996094,273.0697326660156,273.1082763671875,273.1008605957031,273.075927734375,273.0608215332031,273.03173828125,272.9687805175781,272.9151916503906,272.9092102050781,272.9129638671875,272.8765563964844,272.8175354003906,272.78082275390625,272.768798828125,272.75616455078125,272.7406005859375,272.7475280761719,272.8013916015625,272.920166015625,273.1356201171875,273.4852600097656,273.9644775390625,274.5162048339844,275.0681457519531,275.52655029296875,275.7851867675781,275.90118408203125
