earth/public/data/atmosphere/W07/ANN-rh-isobaric-850hPa-gfs-1.0.json
{"header": {"discipline": 0, "disciplineName": "Meteorological products", "gribEdition": 2, "gribLength": 17922.0, "center": 0, "centerName": "Kiel Climate Model", "subcenter": 0, "refTime": "1", "significanceOfRT": 1, "significanceOfRTName": "Start of forecast", "productStatus": 0, "productStatusName": "Operational products", "productType": 1, "productTypeName": "Forecast products", "productDefinitionTemplate": 0, "productDefinitionTemplateName": "Analysis/forecast at horizontal level/layer at a point in time", "parameterCategory": 2, "parameterCategoryName": "Momentum", "parameterNumber": 2, "parameterNumberName": "U-component_of_wind", "parameterUnit": "%", "genProcessType": 2, "genProcessTypeName": "Forecast", "forecastTime": 0, "surface1Type": 103, "surface1TypeName": "Specified height level above ground", "surface1Value": 10, "surface2Type": 255, "surface2TypeName": "Missing", "surface2Value": 0, "gridDefinitionTemplate": 0, "gridDefinitionTemplateName": "Latitude_Longitude", "numberPoints": 65160, "shape": 6, "shapeName": "Earth spherical with radius of 6,371,229.0 m", "gridUnits": "degrees", "resolution": 48, "winds": "true", "scanMode": 0, "nx": 128.0, "ny": 64.0, "basicAngle": 0, "subDivisions": 0, "lo1": 0.0, "la1": 87.86379883923263, "lo2": 357.1875, "la2": -87.86379883923263, "dx": 2.8125, "dy": 2.7893269472772264}, "data":
[rows 0 to 18 of 64, columns 43 to 85 of 128]
0.8160831332206726,0.8166127800941467,0.8171542286872864,0.8177034854888916,0.8182558417320251,0.8188071846961975,0.819352924823761,0.8198893070220947,0.8204126358032227,0.8209195137023926,0.8214068412780762,0.8218721747398376,0.8223129510879517,0.8227279186248779,0.823115348815918,0.8234744071960449,0.8238045573234558,0.8241053223609924,0.8243767023086548,0.824618399143219,0.8248308897018433,0.8250138163566589,0.8251676559448242,0.8252920508384705,0.8253867626190186,0.825451135635376,0.8254843950271606,0.825485348701477,0.8254525065422058,0.825384259223938,0.8252779841423035,0.8251317143440247,0.8249427080154419,0.8247081637382507,0.8244249820709229,0.8240904211997986,0.8237015604972839,0.8232557773590088,0.822750449180603,0.8221836686134338,0.8215540051460266,0.8208600282669067,0.8201014995574951
0.8040511012077332,0.8055016994476318,0.8069688081741333,0.8084220290184021,0.8098312616348267,0.8111677765846252,0.8124042749404907,0.8135181069374084,0.8144896030426025,0.815305233001709,0.8159562349319458,0.8164396286010742,0.8167579770088196,0.8169188499450684,0.8169347047805786,0.8168220520019531,0.8166003227233887,0.8162919282913208,0.8159204721450806,0.8155104517936707,0.815086841583252,0.8146729469299316,0.8142911791801453,0.813961923122406,0.813701868057251,0.8135248422622681,0.8134402632713318,0.8134526610374451,0.8135616183280945,0.8137618899345398,0.8140425682067871,0.814387857913971,0.8147775530815125,0.8151872158050537,0.8155891299247742,0.8159544467926025,0.8162519335746765,0.8164506554603577,0.8165205121040344,0.8164332509040833,0.8161627054214478,0.8156858086585999,0.8149833083152771
0.8084060549736023,0.8093902468681335,0.8104357123374939,0.8114923238754272,0.8125051856040955,0.8134201765060425,0.8141864538192749,0.8147637844085693,0.8151244521141052,0.8152574896812439,0.8151687383651733,0.8148810267448425,0.8144296407699585,0.813858151435852,0.8132128715515137,0.8125364184379578,0.8118639588356018,0.8112197518348694,0.8106162548065186,0.8100561499595642,0.8095362782478333,0.8090506792068481,0.8085970878601074,0.8081796765327454,0.8078107833862305,0.8075113296508789,0.8073078393936157,0.807228147983551,0.8072963953018188,0.8075277805328369,0.8079243898391724,0.8084725141525269,0.8091436624526978,0.8098955154418945,0.8106759786605835,0.8114294409751892,0.8121010661125183,0.812641978263855,0.81301349401474,0.8131885528564453,0.8131516575813293,0.8128975629806519,0.8124280571937561
0.8062857985496521,0.8050144910812378,0.8040196895599365,0.8033304810523987,0.8029254078865051,0.8027350902557373,0.8026542067527771,0.8025656938552856,0.8023673892021179,0.8019990921020508,0.80146324634552,0.8008322715759277,0.8002409338951111,0.7998636364936829,0.7998793125152588,0.8004344701766968,0.8016065359115601,0.8033826947212219,0.8056529760360718,0.8082243800163269,0.8108515739440918,0.8132785558700562,0.8152835369110107,0.816713273525238,0.8175073862075806,0.8177018165588379,0.8174118995666504,0.8168052434921265,0.8160622119903564,0.8153421878814697,0.8147532343864441,0.814339816570282,0.8140822649002075,0.8139100670814514,0.8137238621711731,0.8134217262268066,0.8129206895828247,0.8121752738952637,0.8111841678619385,0.8099914193153381,0.8086766004562378,0.8073419332504272,0.806094229221344
0.7908271551132202,0.7873528599739075,0.7847501039505005,0.783286988735199,0.7830502986907959,0.7839149236679077,0.7855578660964966,0.7875162363052368,0.7892815470695496,0.7904105186462402,0.7906293272972107,0.7899031043052673,0.7884540557861328,0.7867193818092346,0.7852553129196167,0.784610390663147,0.7851932644844055,0.7871697545051575,0.790413498878479,0.7945248484611511,0.7989147901535034,0.8029323816299438,0.8060070872306824,0.8077691793441772,0.8081197142601013,0.8072319030761719,0.8054876923561096,0.8033686280250549,0.8013318777084351,0.7997053861618042,0.7986297607421875,0.7980585694313049,0.7978068590164185,0.7976331114768982,0.7973211407661438,0.7967386841773987,0.7958617210388184,0.7947593331336975,0.7935574054718018,0.7923956513404846,0.7913959622383118,0.7906502485275269,0.7902252078056335
0.7832860946655273,0.7793362736701965,0.7764343023300171,0.7748901844024658,0.7748296856880188,0.7761385440826416,0.7784534096717834,0.781213104724884,0.7837585210800171,0.7854665517807007,0.7858843803405762,0.7848381996154785,0.7824849486351013,0.7792913913726807,0.7759392261505127,0.7731731534004211,0.7716221809387207,0.7716428637504578,0.773219883441925,0.7759605050086975,0.7791886925697327,0.7821214199066162,0.7840861082077026,0.7847146987915039,0.7840548753738403,0.7825554609298706,0.7809169888496399,0.7798537611961365,0.7798383235931396,0.7809234261512756,0.7827136516571045,0.784498929977417,0.7855143547058105,0.7852299809455872,0.7835591435432434,0.7809069156646729,0.7780354022979736,0.7757964134216309,0.774833083152771,0.7753618955612183,0.7771164774894714,0.7794684767723083,0.7816746830940247
0.7996663451194763,0.7994803786277771,0.7995558977127075,0.799242377281189,0.7979215979576111,0.7951427102088928,0.790770411491394,0.7850737571716309,0.7787066698074341,0.7725629210472107,0.7675530314445496,0.7643742561340332,0.7633503079414368,0.7643848061561584,0.7670307159423828,0.7706465721130371,0.7745798826217651,0.7783196568489075,0.7815651893615723,0.7841994762420654,0.7862004041671753,0.7875596284866333,0.7882719039916992,0.7884223461151123,0.7883154153823853,0.7885459661483765,0.7899065017700195,0.7931056022644043,0.7983802556991577,0.8051830530166626,0.8121355772018433,0.8173476457595825,0.8190332055091858,0.8162068724632263,0.8091616630554199,0.7995083332061768,0.789720892906189,0.782334566116333,0.7790974378585815,0.7803855538368225,0.7851032614707947,0.7910962700843811,0.7959267497062683
0.8188996911048889,0.8237031102180481,0.8303921818733215,0.837323009967804,0.8422316908836365,0.8427912592887878,0.8374558091163635,0.8261899948120117,0.8107054233551025,0.794069766998291,0.779836893081665,0.7710275650024414,0.7692926526069641,0.7744849324226379,0.7847414016723633,0.7970578670501709,0.8081989288330078,0.8156728148460388,0.8184215426445007,0.8169612288475037,0.8129286170005798,0.8082666397094727,0.8044624328613281,0.8022011518478394,0.8015514612197876,0.8024768829345703,0.8052712678909302,0.8105731010437012,0.8188890218734741,0.8299053311347961,0.8420464992523193,0.8526549339294434,0.85882568359375,0.8585506677627563,0.851618230342865,0.8398211598396301,0.826361894607544,0.8147335648536682,0.8075579404830933,0.8058127164840698,0.8086512684822083,0.8137853145599365,0.8182682394981384
0.8082083463668823,0.8081227540969849,0.8146975040435791,0.8284651637077332,0.8469090461730957,0.8650935888290405,0.8776820302009583,0.8811532855033875,0.8750358819961548,0.8617573976516724,0.8455190062522888,0.8308812379837036,0.8215003609657288,0.8191609382629395,0.8232203722000122,0.8307309150695801,0.8374327421188354,0.83941251039505,0.8347309827804565,0.8241878151893616,0.8108075857162476,0.7983304858207703,0.789549708366394,0.785372257232666,0.7850220203399658,0.7871147394180298,0.7908564805984497,0.7965909838676453,0.8053810000419617,0.8179360628128052,0.833638072013855,0.85035240650177,0.8651833534240723,0.875695526599884,0.8808085918426514,0.8808267712593079,0.8767261505126953,0.8693788647651672,0.8593944311141968,0.847649872303009,0.8358604311943054,0.826364278793335,0.8209266662597656
0.8018845319747925,0.7907546758651733,0.7862757444381714,0.7932997941970825,0.8112349510192871,0.8345190286636353,0.8560847043991089,0.8709518909454346,0.8774944543838501,0.8763625025749207,0.8689622282981873,0.857052206993103,0.8431873321533203,0.8306289315223694,0.8220459818840027,0.8179147839546204,0.8161182999610901,0.813289225101471,0.8069576025009155,0.7969838380813599,0.7854486703872681,0.7753399014472961,0.7690225839614868,0.7673564553260803,0.769753634929657,0.7749250531196594,0.781781792640686,0.7899510264396667,0.7996465563774109,0.8110659718513489,0.8238482475280762,0.8371120095252991,0.8501328825950623,0.8630759716033936,0.876906156539917,0.8920566439628601,0.9065549969673157,0.9152489900588989,0.9115852117538452,0.8916929364204407,0.8583362698554993,0.8214750289916992,0.7939522862434387
0.8395447731018066,0.8298987746238708,0.8206267952919006,0.8169000148773193,0.8176130652427673,0.8170486688613892,0.811225175857544,0.8023876547813416,0.7969282865524292,0.7989583015441895,0.8062151074409485,0.8122271299362183,0.8120666742324829,0.8058804273605347,0.7974889874458313,0.7905258536338806,0.7861950397491455,0.7839343547821045,0.7830626964569092,0.783288836479187,0.7841039299964905,0.7845042943954468,0.7837414145469666,0.782274067401886,0.7817543148994446,0.7839229702949524,0.7893534302711487,0.7970049381256104,0.8047729730606079,0.8105391263961792,0.8131070137023926,0.8127515316009521,0.8114266991615295,0.8126879334449768,0.8209752440452576,0.8396353125572205,0.8677616119384766,0.8976319432258606,0.9157220721244812,0.9088588356971741,0.8730186223983765,0.8186779022216797,0.7674203515052795
0.8563696146011353,0.8552545309066772,0.8536271452903748,0.8540329337120056,0.8503760099411011,0.8319441676139832,0.7959530353546143,0.7550107836723328,0.7295921444892883,0.731703519821167,0.7557825446128845,0.785040020942688,0.8053988218307495,0.8132209181785583,0.8121997117996216,0.8065367341041565,0.7986053824424744,0.7911202311515808,0.7881016731262207,0.7919957637786865,0.8005163669586182,0.8076865673065186,0.8085771203041077,0.8030674457550049,0.7952725887298584,0.7897926568984985,0.7883963584899902,0.7894247174263,0.7895629405975342,0.7863121628761292,0.779586136341095,0.7715616226196289,0.7650692462921143,0.7621762752532959,0.7645969390869141,0.7752195596694946,0.7976264953613281,0.8317855000495911,0.8690398931503296,0.8926769495010376,0.8867985010147095,0.8481650948524475,0.7912376523017883
0.7952456474304199,0.7922748327255249,0.7946887016296387,0.8080713152885437,0.8235867619514465,0.821479856967926,0.7919362187385559,0.750059187412262,0.7252103090286255,0.7343479990959167,0.7679684162139893,0.8022637367248535,0.8214806914329529,0.8263195753097534,0.8243498802185059,0.818858802318573,0.8092798590660095,0.798242449760437,0.7926742434501648,0.7968141436576843,0.8068101406097412,0.8142052292823792,0.8140476942062378,0.8083202242851257,0.8020491600036621,0.7978509664535522,0.794684648513794,0.7903134822845459,0.7835444808006287,0.7747741937637329,0.7661361694335938,0.7612608075141907,0.7629326581954956,0.7695542573928833,0.7752087116241455,0.775760293006897,0.7754923701286316,0.7855645418167114,0.8132811188697815,0.8518957495689392,0.8816078901290894,0.882116436958313,0.8467610478401184
0.7118468880653381,0.7115163803100586,0.7154748439788818,0.7360353469848633,0.7688453793525696,0.7901246547698975,0.7815198302268982,0.7535269260406494,0.7364547848701477,0.7480458617210388,0.7764005064964294,0.7967674136161804,0.7988139986991882,0.7920199036598206,0.7884932160377502,0.789291262626648,0.789388120174408,0.788917064666748,0.793121337890625,0.802959144115448,0.81168133020401,0.8127372860908508,0.8079362511634827,0.8048514127731323,0.8072068095207214,0.8108091354370117,0.8095988035202026,0.8031682968139648,0.7961458563804626,0.7916663885116577,0.7888845205307007,0.7873489260673523,0.7899150848388672,0.7979711890220642,0.8055887222290039,0.8030856847763062,0.788207471370697,0.7716739773750305,0.7695253491401672,0.7894026637077332,0.8229027390480042,0.8488928079605103,0.8451335430145264
0.6600624918937683,0.6784923672676086,0.6922188997268677,0.7110965251922607,0.7384538650512695,0.7596904039382935,0.757911205291748,0.737682580947876,0.7231438755989075,0.7307454347610474,0.7519567608833313,0.7671927213668823,0.7698426842689514,0.7691231966018677,0.7734421491622925,0.7808984518051147,0.7871198058128357,0.7936862707138062,0.8036168813705444,0.8132650852203369,0.8149654865264893,0.8073015213012695,0.7983992099761963,0.7972496747970581,0.8034645318984985,0.8077589869499207,0.8029808402061462,0.7928890585899353,0.7876673340797424,0.7911577820777893,0.7962591648101807,0.7948927879333496,0.7888612151145935,0.7864668369293213,0.7900847792625427,0.7921018600463867,0.7835569977760315,0.7634487748146057,0.7400708198547363,0.7268345952033997,0.7343934178352356,0.7587591409683228,0.7759120464324951
0.631202220916748,0.6578220725059509,0.6781675815582275,0.6868588328361511,0.6926952004432678,0.702406108379364,0.7109981179237366,0.7127417922019958,0.7134101390838623,0.7237692475318909,0.7449910640716553,0.7683441042900085,0.7870677709579468,0.8007426857948303,0.8093792200088501,0.8118340373039246,0.810699999332428,0.8111618757247925,0.8134174346923828,0.8123418688774109,0.8060123324394226,0.7991378307342529,0.7966287732124329,0.7981554865837097,0.7999626398086548,0.7983754277229309,0.7916171550750732,0.7820647358894348,0.776049792766571,0.7770519256591797,0.7799695134162903,0.7770504951477051,0.7685560584068298,0.762073814868927,0.7619673609733582,0.7647949457168579,0.7635128498077393,0.7506300210952759,0.7218713164329529,0.686852216720581,0.6711583137512207,0.6905120015144348,0.7213773727416992
0.6098693013191223,0.6262785792350769,0.6483231782913208,0.6529240608215332,0.6478387713432312,0.6587623953819275,0.6923245787620544,0.7285965085029602,0.7502456307411194,0.762523353099823,0.7788729667663574,0.8009107112884521,0.8203999400138855,0.8308538794517517,0.8312328457832336,0.8256673216819763,0.821769654750824,0.8224071860313416,0.8207363486289978,0.8113348484039307,0.8017589449882507,0.8022130131721497,0.8082558512687683,0.8068513870239258,0.7968773245811462,0.7897692918777466,0.7903178334236145,0.7904521226882935,0.7837592363357544,0.7739173769950867,0.7659340500831604,0.7596365809440613,0.7544155120849609,0.7509689927101135,0.7470889091491699,0.740399956703186,0.7329009771347046,0.7220779657363892,0.6950799822807312,0.6510092616081238,0.6215422749519348,0.6387432813644409,0.6804925203323364
0.5837273001670837,0.5961048007011414,0.6312704682350159,0.6597695350646973,0.6763395071029663,0.7028408050537109,0.748238742351532,0.7892425656318665,0.8051848411560059,0.8076757788658142,0.8168942332267761,0.8310902714729309,0.83771151304245,0.8351510167121887,0.8292408585548401,0.8240897059440613,0.8236574530601501,0.8281354904174805,0.8282538056373596,0.8176247477531433,0.8062829375267029,0.8060066103935242,0.8089630603790283,0.7993603944778442,0.7806676030158997,0.7712205648422241,0.7750785946846008,0.7770715951919556,0.7677598595619202,0.7546613216400146,0.7455980181694031,0.7383913993835449,0.7308897376060486,0.7244945168495178,0.715179443359375,0.6983678936958313,0.6816468834877014,0.6707225441932678,0.6476109027862549,0.5953225493431091,0.5419532656669617,0.5364133715629578,0.5725228190422058
0.5687628388404846,0.5799489617347717,0.6264504790306091,0.691077709197998,0.7450411319732666,0.7830930948257446,0.8125189542770386,0.8255274295806885,0.8199116587638855,0.8189270496368408,0.8355664014816284,0.8495977520942688,0.8459406495094299,0.8387439250946045,0.8394437432289124,0.8385716080665588,0.830765962600708,0.8244866132736206,0.821733295917511,0.8152014017105103,0.8052740097045898,0.7986503839492798,0.7938385009765625,0.7847853302955627,0.7739903330802917,0.7676403522491455,0.7619534730911255,0.748569905757904,0.7314592599868774,0.7228130102157593,0.721403181552887,0.7130705118179321,0.6955299973487854,0.6810653805732727,0.6705958247184753,0.6517091393470764,0.6269199848175049,0.6099675893783569,0.5879954099655151,0.5310686230659485,0.45223450660705566,0.40833649039268494,0.4199676811695099
