earth/public/data/atmosphere/W07/ANN-rh-isobaric-10hPa-gfs-1.0.json
{"header": {"discipline": 0, "disciplineName": "Meteorological products", "gribEdition": 2, "gribLength": 17922.0, "center": 0, "centerName": "Kiel Climate Model", "subcenter": 0, "refTime": "1", "significanceOfRT": 1, "significanceOfRTName": "Start of forecast", "productStatus": 0, "productStatusName": "Operational products", "productType": 1, "productTypeName": "Forecast products", "productDefinitionTemplate": 0, "productDefinitionTemplateName": "Analysis/forecast at horizontal level/layer at a point in time", "parameterCategory": 2, "parameterCategoryName": "Momentum", "parameterNumber": 2, "parameterNumberName": "U-component_of_wind", "parameterUnit": "%", "genProcessType": 2, "genProcessTypeName": "Forecast", "forecastTime": 0, "surface1Type": 103, "surface1TypeName": "Specified height level above ground", "surface1Value": 10, "surface2Type": 255, "surface2TypeName": "Missing", "surface2Value": 0, "gridDefinitionTemplate": 0, "gridDefinitionTemplateName": "Latitude_Longitude", "numberPoints": 65160, "shape": 6, "shapeName": "Earth spherical with radius of 6,371,229.0 m", "gridUnits": "degrees", "resolution": 48, "winds": "true", "scanMode": 0, "nx": 128.0, "ny": 64.0, "basicAngle": 0, "subDivisions": 0, "lo1": 0.0, "la1": 87.86379883923263, "lo2": 357.1875, "la2": -87.86379883923263, "dx": 2.8125, "dy": 2.7893269472772264}, "data":
[rows 34 to 50 of 64, columns 0 to 39 of 128]
0.00030209418036974967,0.00029987108428031206,0.00029817220638506114,0.00029668555362150073,0.00029672152595594525,0.0002989096974488348,0.00030197849264368415,0.000304145913105458,0.0003042366006411612,0.00030194228747859597,0.0002987609477713704,0.0002975749666802585,0.0002997197152581066,0.0003043015312869102,0.00030927403713576496,0.000312249205308035,0.0003122295893263072,0.0003107329539489001,0.0003099412133451551,0.00031066962401382625,0.0003127501695416868,0.00031519521144218743,0.0003166776441503316,0.0003167928080074489,0.0003164991794619709,0.0003159685875289142,0.0003151257405988872,0.00031382753513753414,0.00031241856049746275,0.0003116150910500437,0.0003124811337329447,0.00031490661785937846,0.00031847532954998314,0.0003220101643819362,0.00032386943348683417,0.000323865853715688,0.00032378407195210457,0.0003248201101087034,0.0003255201445426792,0.00032502415706403553
0.000319721206324175,0.00032019655918702483,0.0003211577713955194,0.00032039874349720776,0.0003193289740011096,0.00032059583463706076,0.00032380802440457046,0.0003261492820456624,0.0003260175872128457,0.00032391754211857915,0.0003216570767108351,0.0003197196056134999,0.00031801717705093324,0.0003170782292727381,0.0003181709907948971,0.0003208107082173228,0.00032394053414463997,0.00032686718623153865,0.0003296488430351019,0.0003317020309623331,0.0003325648431200534,0.00033131660893559456,0.0003275989438407123,0.0003225899417884648,0.00031843659235164523,0.0003162164648529142,0.0003160822088830173,0.0003172054421156645,0.00031820457661524415,0.00031837544520385563,0.0003184483211953193,0.00031849354854784906,0.0003184566739946604,0.00031844264594838023,0.00031826895428821445,0.0003174544544890523,0.00031648503500036895,0.0003162329376209527,0.0003168740659020841,0.0003172716242261231
0.0002868078008759767,0.00028474375721998513,0.00028575811302289367,0.00028667718288488686,0.0002853891928680241,0.0002834821061696857,0.0002827031712513417,0.00028292214847169816,0.00028252374613657594,0.00028138875495642424,0.00028112760628573596,0.00028208905132487416,0.0002835006162058562,0.0002843802503775805,0.00028468016535043716,0.00028478133026510477,0.00028486561495810747,0.00028544405358843505,0.00028648669831454754,0.0002876651124097407,0.0002887293812818825,0.00028874134295620024,0.00028797273989766836,0.0002870536409318447,0.0002870627795346081,0.0002880156971514225,0.00028962097712792456,0.0002909099275711924,0.0002914245123974979,0.0002908598689828068,0.0002905278524849564,0.0002910517796408385,0.0002923185529652983,0.00029419403290376067,0.00029653499950654805,0.0002984590537380427,0.0002996347320731729,0.0003007281047757715,0.0003018006682395935,0.00030244115623645484
0.0003129061369691044,0.00030735754990018904,0.0003045406483579427,0.0003049572987947613,0.0003065770724788308,0.0003074772539548576,0.00030783331021666527,0.0003085925127379596,0.00030924915336072445,0.0003082916373386979,0.00030600541504099965,0.00030421026167459786,0.0003048242360819131,0.00030768822762183845,0.00031080562621355057,0.0003119049943052232,0.000311048177536577,0.00030936842085793614,0.0003085389325860888,0.00030905278981663287,0.0003102571936324239,0.0003112457343377173,0.00031139457132667303,0.00031067105010151863,0.00030958137358538806,0.0003081846225541085,0.0003064332704525441,0.0003043070319108665,0.0003021182492375374,0.00030041695572435856,0.0003001508885063231,0.000301799998851493,0.00030493413214571774,0.00030901478021405637,0.0003132314304821193,0.00031680287793278694,0.00031937420135363936,0.0003208881535101682,0.0003214634780306369,0.00032122322591021657
0.0003362970019225031,0.0003363157156854868,0.0003354532236699015,0.0003353710926603526,0.0003370096383150667,0.0003392502840142697,0.0003407078329473734,0.0003417193947825581,0.0003431870718486607,0.00034430864616297185,0.00034336972748860717,0.00034043597406707704,0.000337379053235054,0.000336018274538219,0.0003366568125784397,0.00033825403079390526,0.0003398135304450989,0.0003411776851862669,0.00034279184183105826,0.00034402869641780853,0.00034382729791104794,0.000341737613780424,0.00033789308508858085,0.0003333283821120858,0.0003292473265901208,0.0003265748964622617,0.00032565376022830606,0.0003256867057643831,0.00032594986259937286,0.0003258073702454567,0.00032510695746168494,0.0003238412318751216,0.00032275504781864583,0.0003220811777282506,0.0003218406345695257,0.0003218000056222081,0.0003222576342523098,0.00032300487509928644,0.0003236602060496807,0.00032399824704043567
0.0003018365823663771,0.00030410432373173535,0.00030632279231213033,0.0003068744554184377,0.0003063699114136398,0.00030590323149226606,0.0003056232526432723,0.0003048912330996245,0.00030483139562420547,0.0003067691286560148,0.00031036094878800213,0.0003136299201287329,0.00031509349355474114,0.0003147498646285385,0.0003135845181532204,0.0003126114315818995,0.00031188156572170556,0.00031164646497927606,0.0003117650339845568,0.0003117262094747275,0.0003111788537353277,0.00031046828371472657,0.00031019269954413176,0.0003106817603111267,0.00031157248304225504,0.00031302578281611204,0.00031469640089198947,0.0003158914914820343,0.0003163058136124164,0.0003157685569021851,0.00031442646286450326,0.00031283721909858286,0.000311849667923525,0.00031186596606858075,0.0003124713839497417,0.00031322846189141273,0.00031439814483746886,0.0003157402970828116,0.0003167579707223922,0.0003175036399625242
0.00034108725958503783,0.00033973861718550324,0.00034113405854441226,0.00034346399479545653,0.0003453351091593504,0.00034706745645962656,0.0003491522802505642,0.0003508710069581866,0.0003512046532705426,0.00035109242890030146,0.0003518884477671236,0.0003544421342667192,0.00035785179352387786,0.000361182086635381,0.0003631232539191842,0.0003633486048784107,0.00036191975232213736,0.00035977078368887305,0.0003580378252081573,0.00035716904676519334,0.0003568610700313002,0.0003575325827114284,0.00035919842775911093,0.000360778794856742,0.0003613709704950452,0.0003604884259402752,0.000358005054295063,0.0003543119237292558,0.0003502583713270724,0.00034685758873820305,0.000344772357493639,0.00034433681867085397,0.00034555423189885914,0.0003475956036709249,0.00034968426916748285,0.00035114854108542204,0.0003519103047437966,0.0003515993885230273,0.00035073800245299935,0.00034962466452270746
0.0003958605229854584,0.0003958592133130878,0.00039709528209641576,0.00040019844891503453,0.00040369422640651464,0.00040626246482133865,0.0004088855057489127,0.00041264569154009223,0.0004165444406680763,0.0004189303726889193,0.0004190348263364285,0.0004177803930360824,0.000416668044636026,0.00041701638838276267,0.0004185049037914723,0.0004207707825116813,0.000422877463279292,0.0004244256124366075,0.0004257763794157654,0.0004264840390533209,0.0004262613656464964,0.0004245569871272892,0.0004215785884298384,0.00041764514753594995,0.00041372026316821575,0.0004102600214537233,0.00040762018761597574,0.00040539176552556455,0.0004034087178297341,0.0004010809934698045,0.00039820271194912493,0.00039466837188228965,0.0003906412748619914,0.0003865129838231951,0.00038261429290287197,0.0003791122289840132,0.0003758053935598582,0.00037303633871488273,0.00037120128399692476,0.00037015543784946203
0.00039658506284467876,0.00039828530861996114,0.00039992888923734426,0.00040200690273195505,0.0004032656433992088,0.0004025075468234718,0.00040040494059212506,0.00040008084033615887,0.00040349888149648905,0.0004105190164409578,0.0004179165989626199,0.00042281541391275823,0.00042459749965928495,0.0004240821290295571,0.00042308340198360384,0.000423021730966866,0.00042409211164340377,0.00042561008012853563,0.00042685767402872443,0.000427902297815308,0.00042851542821154,0.0004287632182240486,0.0004284809692762792,0.00042803812539204955,0.0004278932174202055,0.00042821193346753716,0.00042873830534517765,0.0004289139178581536,0.0004281702567823231,0.0004260469868313521,0.00042232952546328306,0.00041760093881748617,0.00041236731340177357,0.00040754463407211006,0.0004034719313494861,0.0004005040682386607,0.0003978495951741934,0.00039549905341118574,0.00039392992039211094,0.00039311693399213254
0.0004893852164968848,0.000488980149384588,0.0004901285283267498,0.0004922418738715351,0.0004949448630213737,0.0004970415611751378,0.000497570144943893,0.0004967567510902882,0.0004969998844899237,0.0005001641693525016,0.0005059075192548335,0.0005124144372530282,0.0005178390420041978,0.0005214738775976002,0.0005236977012827992,0.0005248989327810705,0.0005255441064946353,0.0005257136072032154,0.0005255590658634901,0.0005257716402411461,0.00052704504923895,0.0005293086287565529,0.0005318158655427396,0.000533885380718857,0.0005341380019672215,0.0005319335032254457,0.0005271383561193943,0.0005208802176639438,0.0005141411675140262,0.0005079506663605571,0.0005028695450164378,0.0004993973416276276,0.0004971713060513139,0.000495630782097578,0.000494037289172411,0.0004916274338029325,0.000488295394461602,0.000484138960018754,0.00047948738210834563,0.00047493542660959065
0.0006180573254823685,0.0006169317057356238,0.0006166007951833308,0.000617623794823885,0.0006203989614732563,0.0006246836856007576,0.0006292137550190091,0.0006326463189907372,0.0006344463326968253,0.0006350473267957568,0.000634936906863004,0.000635034404695034,0.0006366154993884265,0.0006405942258425057,0.0006460834410972893,0.000651728711090982,0.0006565809599123895,0.0006604880327358842,0.0006638045306317508,0.0006663277745246887,0.0006676358752883971,0.0006673147436231375,0.0006654408061876893,0.0006621847278438509,0.0006579549517482519,0.0006527207442559302,0.0006468314095400274,0.0006409588968381286,0.0006351679912768304,0.0006292961770668626,0.000623056257609278,0.0006164364749565721,0.0006092761759646237,0.000601080886553973,0.0005922552081756294,0.0005829358124174178,0.0005740316701121628,0.0005661147297360003,0.0005592287634499371,0.0005531064816750586
0.0007029158878140152,0.0007000973564572632,0.0006976511212997139,0.0006959239253774285,0.0006944601191207767,0.0006927059730514884,0.0006911871023476124,0.0006919798906892538,0.0006961078033782542,0.0007027360261417925,0.000708816631231457,0.0007128895376808941,0.0007159971282817423,0.0007195416837930679,0.0007241355488076806,0.0007288478664122522,0.0007329187938012183,0.0007369339582510293,0.0007410982507281005,0.0007452204590663314,0.0007479858468286693,0.0007489571580663323,0.0007486024987883866,0.0007477363687939942,0.0007468679104931653,0.0007460257620550692,0.0007450794219039381,0.0007433667778968811,0.0007402967312373221,0.000734770146664232,0.0007267624605447054,0.0007166689028963447,0.0007055150927044451,0.0006941656465642154,0.0006832966464571655,0.0006731192115694284,0.0006641953950747848,0.0006565116345882416,0.0006498026195913553,0.0006431439542211592
0.0009118459420278668,0.0009062366443686187,0.0009025951731018722,0.0009015069808810949,0.0009016754338517785,0.0009010242647491395,0.0008982743602246046,0.000895693723578006,0.000896507641300559,0.000901893014088273,0.000910164846573025,0.0009188976837322116,0.0009269443689845502,0.0009340582764707506,0.0009404282318428159,0.0009455812396481633,0.0009494572877883911,0.0009523045737296343,0.000954841380007565,0.0009572038543410599,0.0009598788456059992,0.0009626883547753096,0.0009653956512920558,0.000966800726018846,0.0009658937924541533,0.0009618120966479182,0.0009544460917823017,0.000944443978369236,0.0009328653104603291,0.0009207794209942222,0.0009086981299333274,0.0008974600932560861,0.0008871708996593952,0.0008780410280451179,0.0008692169212736189,0.0008596644620411098,0.0008491796324960887,0.0008378947386518121,0.000826192379463464,0.0008137348922900856
0.0011914523784071207,0.0011845369590446353,0.0011779709020629525,0.001173424068838358,0.0011726315133273602,0.0011754980077967048,0.0011792139848694205,0.001181152299977839,0.0011809085262939334,0.0011798826744779944,0.001180529478006065,0.0011838123900815845,0.001189954811707139,0.0011981514981016517,0.0012076172279193997,0.001217695651575923,0.0012274603359401226,0.0012359940446913242,0.0012422242434695363,0.0012459313729777932,0.0012474512914195657,0.0012470828369259834,0.0012448178604245186,0.0012401315616443753,0.0012327918084338307,0.0012231603031978011,0.0012113945558667183,0.0011981312418356538,0.001184239168651402,0.0011702484916895628,0.0011557776015251875,0.0011402530362829566,0.0011229767696931958,0.0011044216807931662,0.001084928517229855,0.0010649230098351836,0.0010446676751598716,0.0010256002424284816,0.001008820254355669,0.000993941561318934
0.0014745088992640376,0.0014647870557382703,0.001453453442081809,0.0014397990889847279,0.00142715685069561,0.0014195358380675316,0.0014179605059325695,0.001420166459865868,0.0014232149114832282,0.001426057773642242,0.0014297962188720703,0.0014353799633681774,0.0014423991087824106,0.0014498826349154115,0.0014574455562978983,0.0014656685525551438,0.0014748338144272566,0.0014844282995909452,0.0014932277845218778,0.0015002941945567727,0.0015047765336930752,0.0015061957528814673,0.0015043182065710425,0.0015000976854935288,0.0014946935698390007,0.0014889835147187114,0.0014824701938778162,0.0014742071507498622,0.0014633462997153401,0.0014495206996798515,0.0014321096241474152,0.0014106214512139559,0.001385309500619769,0.0013581254752352834,0.0013313153758645058,0.0013059894554316998,0.0012824557488784194,0.0012610363774001598,0.001242313301190734,0.0012261323863640428
0.0020306480582803488,0.00201491080224514,0.0020025852136313915,0.0019897266756743193,0.0019748974591493607,0.0019599769730120897,0.0019478328758850694,0.0019404644845053554,0.0019384840270504355,0.0019415640272200108,0.0019488733960315585,0.0019587089773267508,0.0019689612090587616,0.0019776972476392984,0.0019847010262310505,0.0019906118977814913,0.0019962619990110397,0.002002196852117777,0.0020087079610675573,0.0020159161649644375,0.0020231062080711126,0.0020287439692765474,0.0020312881097197533,0.0020298913586884737,0.0020247555803507566,0.002015545964241028,0.0020016746129840612,0.0019825315102934837,0.0019590125884860754,0.00193313870113343,0.0019066566601395607,0.0018798422534018755,0.0018525897758081555,0.0018253687303513288,0.0017986237071454525,0.0017722981283441186,0.001745139597915113,0.0017162809381261468,0.0016860932810232043,0.0016560415970161557
0.002961688442155719,0.0029327808879315853,0.0029107392765581608,0.0028946888633072376,0.0028811651282012463,0.002867212751880288,0.002851716475561261,0.002835955936461687,0.0028218007646501064,0.0028110253624618053,0.002804225543513894,0.0028017146978527308,0.0028031491674482822,0.002808612072840333,0.0028174850158393383,0.0028285158332437277,0.0028396835550665855,0.0028488822281360626,0.0028561505023390055,0.0028620585799217224,0.0028669582679867744,0.002869856311008334,0.0028691908810287714,0.002863839967176318,0.0028533765580505133,0.002837617415934801,0.002816007938235998,0.0027886349707841873,0.002756907371804118,0.002723158337175846,0.002688751323148608,0.0026534665375947952,0.0026161561254411936,0.002575857564806938,0.0025329457130283117,0.00248813908547163,0.0024422311689704657,0.0023957157973200083,0.002349774120375514,0.002305250382050872
