earth/public/data/atmosphere/W07/ANN-temp-isobaric-10hPa-gfs-1.0.json
{"header": {"discipline": 0, "disciplineName": "Meteorological products", "gribEdition": 2, "gribLength": 17922.0, "center": 0, "centerName": "Kiel Climate Model", "subcenter": 0, "refTime": "1", "significanceOfRT": 1, "significanceOfRTName": "Start of forecast", "productStatus": 0, "productStatusName": "Operational products", "productType": 1, "productTypeName": "Forecast products", "productDefinitionTemplate": 0, "productDefinitionTemplateName": "Analysis/forecast at horizontal level/layer at a point in time", "parameterCategory": 2, "parameterCategoryName": "Momentum", "parameterNumber": 2, "parameterNumberName": "U-component_of_wind", "parameterUnit": "K", "genProcessType": 2, "genProcessTypeName": "Forecast", "forecastTime": 0, "surface1Type": 103, "surface1TypeName": "Specified height level above ground", "surface1Value": 10, "surface2Type": 255, "surface2TypeName": "Missing", "surface2Value": 0, "gridDefinitionTemplate": 0, "gridDefinitionTemplateName": "Latitude_Longitude", "numberPoints": 65160, "shape": 6, "shapeName": "Earth spherical with radius of 6,371,229.0 m", "gridUnits": "degrees", "resolution": 48, "winds": "true", "scanMode": 0, "nx": 128.0, "ny": 64.0, "basicAngle": 0, "subDivisions": 0, "lo1": 0.0, "la1": 87.86379883923263, "lo2": 357.1875, "la2": -87.86379883923263, "dx": 2.8125, "dy": 2.7893269472772264}, "data":
[rows 0 to 18 of 64, columns 0 to 43 of 128]
217.89610290527344,217.87486267089844,217.85504150390625,217.836669921875,217.81979370117188,217.80445861816406,217.7906951904297,217.778564453125,217.76806640625,217.75927734375,217.75218200683594,217.746826171875,217.74325561523438,217.74143981933594,217.74143981933594,217.7432403564453,217.7468719482422,217.7523193359375,217.7595977783203,217.76870727539062,217.7796173095703,217.79234313964844,217.8068389892578,217.8231201171875,217.84112548828125,217.86085510253906,217.8822479248047,217.9052734375,217.92987060546875,217.95602416992188,217.98367309570312,218.01271057128906,218.04310607910156,218.0747833251953,218.107666015625,218.1416778564453,218.17672729492188,218.21273803710938,218.24960327148438,218.2872314453125,218.32553100585938,218.36439514160156,218.40371704101562,218.44342041015625
217.42095947265625,217.37403869628906,217.329833984375,217.28842163085938,217.2499237060547,217.2144317626953,217.18202209472656,217.15281677246094,217.12689208984375,217.1043243408203,217.08522033691406,217.06964111328125,217.05770874023438,217.0494842529297,217.0450439453125,217.04444885253906,217.04779052734375,217.05511474609375,217.06651306152344,217.0819854736328,217.10162353515625,217.12542724609375,217.1534423828125,217.1856689453125,217.22210693359375,217.26275634765625,217.30755615234375,217.35647583007812,217.40945434570312,217.46641540527344,217.52725219726562,217.59185791015625,217.66009521484375,217.73179626464844,217.8068389892578,217.8849639892578,217.96603393554688,218.04978942871094,218.13604736328125,218.22450256347656,218.31492614746094,218.40704345703125,218.5006103515625,218.5952606201172
217.22393798828125,217.15435791015625,217.08834838867188,217.02601623535156,216.96749877929688,216.91297912597656,216.86257934570312,216.8164825439453,216.77481079101562,216.7377471923828,216.70545959472656,216.67807006835938,216.65573120117188,216.6386260986328,216.62689208984375,216.6206817626953,216.62014770507812,216.62545776367188,216.63674926757812,216.6541748046875,216.67788696289062,216.70803833007812,216.74478149414062,216.78817749023438,216.83836364746094,216.89540100097656,216.9593505859375,217.0301971435547,217.10792541503906,217.19248962402344,217.2837371826172,217.38156127929688,217.48573303222656,217.59603881835938,217.7122344970703,217.83401489257812,217.9610137939453,218.09291076660156,218.2292938232422,218.3697509765625,218.51388549804688,218.66116333007812,218.8111114501953,218.96322631835938
217.2882843017578,217.20025634765625,217.11622619628906,217.03640747070312,216.96096801757812,216.89012145996094,216.8240966796875,216.76315307617188,216.70753479003906,216.65745544433594,216.6131591796875,216.5749053955078,216.5428924560547,216.517333984375,216.49842834472656,216.4863739013672,216.4813995361328,216.48370361328125,216.4935302734375,216.5111083984375,216.53671264648438,216.57058715820312,216.61306762695312,216.66436767578125,216.7248077392578,216.79461669921875,216.87399291992188,216.9630584716797,217.0619354248047,217.17062377929688,217.28904724121094,217.41705322265625,217.5543975830078,217.7008056640625,217.85592651367188,218.0193328857422,218.19056701660156,218.36917114257812,218.5545654296875,218.74620056152344,218.9434356689453,219.1456298828125,219.35203552246094,219.56182861328125
217.58265686035156,217.4814910888672,217.38461303710938,217.2921905517578,217.20443725585938,217.12161254882812,217.04397583007812,216.9718780517578,216.9056396484375,216.8455810546875,216.79202270507812,216.7452392578125,216.7055206298828,216.67312622070312,216.64834594726562,216.6314239501953,216.62265014648438,216.6223602294922,216.63084411621094,216.6484375,216.6754913330078,216.71238708496094,216.75950622558594,216.81727600097656,216.88612365722656,216.96646118164062,217.0587158203125,217.16322326660156,217.2802734375,217.41001892089844,217.55250549316406,217.70762634277344,217.87518310546875,218.0548553466797,218.24618530273438,218.44869995117188,218.66183471679688,218.88497924804688,219.11744689941406,219.35853576660156,219.607421875,219.86314392089844,220.1246795654297,220.39083862304688
218.07098388671875,217.9618682861328,217.8573760986328,217.75770568847656,217.66305541992188,217.57366943359375,217.48976135253906,217.41163635253906,217.33963012695312,217.27403259277344,217.21514892578125,217.16322326660156,217.11854553222656,217.0813751220703,217.05210876464844,217.0312042236328,217.0192413330078,217.0167694091797,217.02442932128906,217.04270935058594,217.0720672607422,217.11289978027344,217.16558837890625,217.23052978515625,217.30824279785156,217.3992462158203,217.50411987304688,217.62342834472656,217.75762939453125,217.90708923339844,218.07196044921875,218.25225830078125,218.4477996826172,218.6582489013672,218.88319396972656,219.1220703125,219.3743133544922,219.63922119140625,219.91600036621094,220.20376586914062,220.5014190673828,220.8076934814453,221.1210479736328,221.43980407714844
218.7113037109375,218.59828186035156,218.4907989501953,218.38897705078125,218.29275512695312,218.20201110839844,218.1167755126953,218.0372314453125,217.9637908935547,217.89686584472656,217.83682250976562,217.78387451171875,217.7381591796875,217.69984436035156,217.66934204101562,217.64730834960938,217.6347198486328,217.63262939453125,217.6419677734375,217.66343688964844,217.697509765625,217.74440002441406,217.80442810058594,217.87791442871094,217.9655303955078,218.06802368164062,218.18617248535156,218.32070922851562,218.47219848632812,218.64097595214844,218.82723999023438,219.03097534179688,219.25204467773438,219.490234375,219.74522399902344,220.01666259765625,220.3040313720703,220.6067352294922,220.92393493652344,221.25450134277344,221.5970001220703,221.94952392578125,222.30987548828125,222.6754913330078
219.46348571777344,219.35206604003906,219.24769592285156,219.14968872070312,219.0570831298828,218.9689483642578,218.8849639892578,218.8055877685547,218.7318115234375,218.6648406982422,218.60552978515625,218.55433654785156,218.5111846923828,218.4759521484375,218.44876098632812,218.43045043945312,218.42222595214844,218.4254913330078,218.4413604736328,218.4702606201172,218.51219177246094,218.5670623779297,218.63510131835938,218.7170867919922,218.81431579589844,218.92819213867188,219.0598602294922,219.21002197265625,219.37901306152344,219.5668182373047,219.77340698242188,219.99871826171875,220.2428436279297,220.50584411621094,220.78778076171875,221.08868408203125,221.40843200683594,221.74656677246094,222.1020965576172,222.47344970703125,222.85816955566406,223.2533721923828,223.655517578125,224.06082153320312
220.30026245117188,220.197265625,220.1016082763672,220.0113525390625,219.92462158203125,219.8402557373047,219.75831604003906,219.68002319335938,219.60733032226562,219.54217529296875,219.4859161376953,219.4390106201172,219.40115356445312,219.37176513671875,219.35081481933594,219.33917236328125,219.3384552001953,219.35040283203125,219.37591552734375,219.4149169921875,219.46653747558594,219.53024291992188,219.60659790039062,219.6973876953125,219.80511474609375,219.93186950683594,220.07879638671875,220.24606323242188,220.4333038330078,220.64022827148438,220.86697387695312,221.11392211914062,221.38153076171875,221.6701202392578,221.9800567626953,222.31150817871094,222.66455078125,223.03855895996094,223.43191528320312,223.8417510986328,224.2640838623047,224.69418334960938,225.1269989013672,225.55763244628906
221.1971435546875,221.10440063476562,221.01641845703125,220.93101501464844,220.8472900390625,220.76583862304688,220.6883087158203,220.61666870117188,220.55250549316406,220.496826171875,220.4501190185547,220.41244506835938,220.3834228515625,220.36251831054688,220.34967041015625,220.34588623046875,220.35311889648438,220.37353515625,220.40823364257812,220.4568634033203,220.5181884765625,220.5915985107422,220.67832946777344,220.78118896484375,220.90328979492188,221.04644775390625,221.21075439453125,221.39532470703125,221.59962463378906,221.8244171142578,222.07119750976562,222.34130859375,222.63522338867188,222.9525909423828,223.29299926757812,223.65628051757812,224.04197692871094,224.44859313964844,224.87274169921875,225.3094482421875,225.7529296875,226.19737243652344,226.6375732421875,227.06912231445312
222.11801147460938,222.03355407714844,221.9512481689453,221.86988830566406,221.79049682617188,221.71609497070312,221.6498260498047,221.59335327148438,221.54620361328125,221.50685119628906,221.47425842285156,221.44859313964844,221.4305419921875,221.42044067382812,221.41822814941406,221.42431640625,221.44032287597656,221.468505859375,221.51065063476562,221.56707763671875,221.63726806640625,221.72134399414062,221.8209686279297,221.93893432617188,222.07745361328125,222.23680114746094,222.41567993164062,222.6131134033203,222.830078125,223.0697021484375,223.33522033691406,223.62783813476562,223.9461669921875,224.2878875732422,224.6518096923828,225.0380096435547,225.44589233398438,225.8719482421875,226.30955505371094,226.75082397460938,227.18923950195312,227.62081909179688,228.0435028076172,228.45582580566406
223.033447265625,222.96231079101562,222.89508056640625,222.8302764892578,222.76837158203125,222.7121124267578,222.66468811035156,222.62710571289062,222.59750366210938,222.5728759765625,222.5518798828125,222.5357666015625,222.52679443359375,222.5261993408203,222.53369140625,222.548828125,222.57261657714844,222.60720825195312,222.6548614501953,222.7169189453125,222.7942657470703,222.88812255859375,223.0001220703125,223.13143920898438,223.28211975097656,223.45120239257812,223.637939453125,223.84339904785156,224.0709228515625,224.3247833251953,224.60723876953125,224.91639709472656,225.2472686767578,225.5959014892578,225.96258544921875,226.35052490234375,226.76039123535156,227.18624877929688,227.61679077148438,228.04147338867188,228.4556121826172,228.8604736328125,229.25927734375,229.65333557128906
223.9434814453125,223.89605712890625,223.85545349121094,223.8184051513672,223.78306579589844,223.7503662109375,223.7227783203125,223.70164489746094,223.68588256835938,223.67332458496094,223.6632080078125,223.65682983398438,223.65597534179688,223.66131591796875,223.67262268066406,223.690673828125,223.71783447265625,223.7566680908203,223.8087615966797,223.87535095214844,223.95852661132812,224.06088256835938,224.18336486816406,224.32406616210938,224.48028564453125,224.651611328125,224.84107971191406,225.05337524414062,225.29220581054688,225.55892944335938,225.85154724121094,226.16455078125,226.49082946777344,226.82667541503906,227.1753692626953,227.54437255859375,227.9364776611328,228.34385681152344,228.7519073486328,229.14971923828125,229.53720092773438,229.92169189453125,230.30905151367188,230.69833374023438
224.85330200195312,224.83114624023438,224.8116455078125,224.79269409179688,224.77456665039062,224.75917053222656,224.748291015625,224.74252319335938,224.74119567871094,224.74351501464844,224.74920654296875,224.758056640625,224.7689971923828,224.78073120117188,224.7939910888672,224.81304931640625,224.843505859375,224.88864135742188,224.9482879638672,225.02230834960938,225.1136932373047,225.2264404296875,225.360107421875,225.50852966308594,225.66590881347656,225.8341064453125,226.0220947265625,226.238037109375,226.48272705078125,226.75111389160156,227.03750610351562,227.33753967285156,227.64694213867188,227.9629669189453,228.28826904296875,228.6304473876953,228.99380493164062,229.3717041015625,229.75042724609375,230.12171936035156,230.48971557617188,230.86399841308594,231.247314453125,231.6316375732422
225.74778747558594,225.7421875,225.72964477539062,225.7140350341797,225.70347595214844,225.70286560058594,225.71112060546875,225.72421264648438,225.73988342285156,225.7586669921875,225.78134155273438,225.80661010742188,225.83132934570312,225.85369873046875,225.87606811523438,225.90469360351562,225.9459991455078,226.00282287597656,226.07455444335938,226.16116333007812,226.26577758789062,226.3914031982422,226.5349578857422,226.68692016601562,226.84034729003906,227.000244140625,227.1809844970703,227.39288330078125,227.63282775878906,227.8894500732422,228.15545654296875,228.4315948486328,228.71986389160156,229.01795959472656,229.3231964111328,229.6384735107422,229.9691162109375,230.31387329101562,230.663818359375,231.01234436035156,231.36265563964844,231.72146606445312,232.0864715576172,232.44386291503906
226.62498474121094,226.6293182373047,226.62384033203125,226.61756896972656,226.62342834472656,226.6456756591797,226.67745971679688,226.7100372314453,226.7412872314453,226.77444458007812,226.81097412109375,226.8477325439453,226.88160705566406,226.91444396972656,226.9519805908203,226.9987335205078,227.05589294433594,227.12417602539062,227.20684814453125,227.307861328125,227.42796325683594,227.5630340576172,227.70587158203125,227.84962463378906,227.99249267578125,228.14199829101562,228.31239318847656,228.51394653320312,228.7433624267578,228.98721313476562,229.2350311279297,229.48745727539062,229.75047302246094,230.02499389648438,230.3059539794922,230.5909881591797,230.8851776123047,231.19384765625,231.5137939453125,231.83631896972656,232.15768432617188,232.47996520996094,232.80093383789062,233.10768127441406
227.52883911132812,227.54344177246094,227.55770874023438,227.5785675048828,227.61380004882812,227.6615753173828,227.71119689941406,227.75518798828125,227.7966766357422,227.84243774414062,227.8916015625,227.93630981445312,227.97332763671875,228.01087951660156,228.06039428710938,228.12347412109375,228.19236755371094,228.26470947265625,228.35101318359375,228.46238708496094,228.59422302246094,228.7297821044922,228.85858154296875,228.9845428466797,229.11715698242188,229.26242065429688,229.4249725341797,229.61158752441406,229.8255615234375,230.05882263183594,230.29502868652344,230.52432250976562,230.75196838378906,230.989013671875,231.2366485595703,231.48712158203125,231.73968505859375,232.00439453125,232.28578186035156,232.5723114013672,232.84957885742188,233.1158905029297,233.3754425048828,233.6217041015625
228.5184783935547,228.54501342773438,228.58511352539062,228.63751220703125,228.69923400878906,228.76271057128906,228.81834411621094,228.86412048339844,228.90887451171875,228.9613494873047,229.0189971923828,229.07066345214844,229.11170959472656,229.15216064453125,229.2061309814453,229.27430725097656,229.34402465820312,229.41102600097656,229.49160766601562,229.60252380371094,229.73489379882812,229.86239624023438,229.97412109375,230.08505249023438,230.2129669189453,230.3583984375,230.51333618164062,230.67955017089844,230.86793518066406,231.07962036132812,231.29571533203125,231.49502563476562,231.68069458007812,231.8758544921875,232.08985900878906,232.3061981201172,232.5133819580078,232.72711181640625,232.96383666992188,233.20950317382812,233.43634033203125,233.63894653320312,233.83091735839844,234.01351928710938
229.62380981445312,229.65968322753906,229.71595764160156,229.78421020507812,229.85540771484375,229.92184448242188,229.9772186279297,230.02191162109375,230.0647430419922,230.11471557617188,230.1724090576172,230.23065185546875,230.282470703125,230.3289794921875,230.37818908691406,230.43341064453125,230.4881591796875,230.54055786132812,230.60629272460938,230.7017059326172,230.81822204589844,230.93109130859375,231.03173828125,231.13427734375,231.25181579589844,231.3826904296875,231.52032470703125,231.6648712158203,231.82257080078125,231.99624633789062,232.1746063232422,232.33981323242188,232.4932403564453,232.65872192382812,232.84483337402344,233.026611328125,233.18792724609375,233.35427856445312,233.55087280273438,233.75460815429688,233.9241943359375,234.0572967529297,234.18032836914062,234.29934692382812
