earth/public/data/atmosphere/W07/ANN-slp-surface-level-gfs-1.0.json
{"header": {"discipline": 0, "disciplineName": "Meteorological products", "gribEdition": 2, "gribLength": 17922.0, "center": 0, "centerName": "Kiel Climate Model", "subcenter": 0, "refTime": "1", "significanceOfRT": 1, "significanceOfRTName": "Start of forecast", "productStatus": 0, "productStatusName": "Operational products", "productType": 1, "productTypeName": "Forecast products", "productDefinitionTemplate": 0, "productDefinitionTemplateName": "Analysis/forecast at horizontal level/layer at a point in time", "parameterCategory": 2, "parameterCategoryName": "Momentum", "parameterNumber": 2, "parameterNumberName": "U-component_of_wind", "parameterUnit": "Pa", "genProcessType": 2, "genProcessTypeName": "Forecast", "forecastTime": 0, "surface1Type": 103, "surface1TypeName": "Specified height level above ground", "surface1Value": 10, "surface2Type": 255, "surface2TypeName": "Missing", "surface2Value": 0, "gridDefinitionTemplate": 0, "gridDefinitionTemplateName": "Latitude_Longitude", "numberPoints": 65160, "shape": 6, "shapeName": "Earth spherical with radius of 6,371,229.0 m", "gridUnits": "degrees", "resolution": 48, "winds": "true", "scanMode": 0, "nx": 128.0, "ny": 64.0, "basicAngle": 0, "subDivisions": 0, "lo1": 0.0, "la1": 87.86379883923263, "lo2": 357.1875, "la2": -87.86379883923263, "dx": 2.8125, "dy": 2.7893269472772264}, "data":
[rows 23 to 45 of 64, columns 0 to 49 of 128]
101359.9375,101365.6484375,101505.453125,101659.40625,101671.5234375,101638.390625,101658.140625,101675.46875,101626.90625,101534.5703125,101399.796875,101200.6015625,100966.796875,100793.1015625,100760.3046875,100875.53125,100906.8203125,100725.90625,100603.59375,100608.9453125,100635.4296875,100618.875,100638.515625,100703.8046875,100710.90625,100646.625,100590.6171875,100520.7734375,100429.5,100446.5859375,100549.046875,100592.6875,100593.1171875,100676.4296875,100801.3359375,100916.984375,100988.4296875,101073.859375,101112.2421875,101155.1015625,101199.5234375,101215.0625,101203.984375,101192.5390625,101216.46875,101252.21875,101271.53125,101297.5390625,101337.8203125,101368.921875
101272.8515625,101296.2421875,101392.7265625,101490.9375,101457.28125,101370.2265625,101363.171875,101430.6640625,101462.96875,101396.3671875,101248.625,101069.1953125,100886.5625,100736.2265625,100677.2421875,100766.90625,100881.3984375,100775.6015625,100625.203125,100612.4296875,100689.0390625,100725.03125,100730.078125,100727.6328125,100699.8046875,100707.4921875,100759.9140625,100774.78125,100635.8515625,100458.515625,100397.328125,100419.1171875,100443.453125,100510.65625,100672.390625,100869.609375,101006.984375,101025.34375,100996.4765625,100988.1171875,100989.0,100995.984375,101014.0625,101050.46875,101092.3359375,101111.984375,101124.6015625,101155.953125,101188.5,101212.2578125
101193.796875,101181.90625,101214.5234375,101265.2109375,101232.5546875,101149.0390625,101132.5546875,101201.21875,101302.375,101314.3828125,101165.8125,100963.9765625,100816.8671875,100718.6328125,100656.8125,100706.0703125,100857.140625,100844.453125,100734.5625,100725.921875,100797.9921875,100843.1328125,100862.4609375,100846.9375,100744.0390625,100646.4765625,100654.5390625,100724.640625,100710.4296875,100619.609375,100570.015625,100586.8203125,100623.1796875,100678.484375,100774.1875,100876.09375,100942.484375,100949.84375,100911.4765625,100855.5078125,100824.375,100845.890625,100901.609375,100959.6640625,100988.3359375,100989.75,101006.625,101049.7421875,101077.0,101095.078125
101109.296875,101085.453125,101114.4140625,101170.5234375,101150.3515625,101068.015625,101011.296875,101017.3984375,101110.6875,101190.0,101055.609375,100836.5703125,100732.65625,100707.71875,100674.015625,100690.5859375,100798.03125,100831.234375,100774.828125,100781.0703125,100825.890625,100837.4609375,100856.0546875,100890.203125,100864.375,100770.46875,100693.078125,100652.890625,100580.84375,100521.109375,100504.296875,100532.3671875,100590.0546875,100658.1796875,100716.875,100755.2265625,100784.921875,100822.3515625,100837.078125,100797.2421875,100757.9921875,100764.84375,100805.9609375,100859.71875,100892.4375,100896.5625,100909.0,100944.78125,100965.53125,100973.4765625
101087.0390625,101078.4765625,101102.2890625,101130.7265625,101082.75,100976.5703125,100883.9296875,100848.8515625,100915.59375,101010.921875,100916.6875,100756.609375,100727.5625,100807.578125,100759.96875,100705.9296875,100758.265625,100783.21875,100755.1328125,100787.484375,100848.9921875,100867.3203125,100846.9609375,100847.609375,100856.3984375,100862.1484375,100848.375,100779.703125,100625.4296875,100504.5625,100480.03125,100509.4453125,100543.390625,100583.21875,100633.671875,100675.859375,100709.421875,100763.7265625,100811.0859375,100791.78125,100749.0625,100735.6640625,100758.5546875,100811.265625,100854.6875,100851.640625,100836.265625,100849.78125,100876.9296875,100889.078125
101103.078125,101088.53125,101082.890625,101091.625,101059.25,100984.53125,100923.4609375,100893.25,100916.234375,100948.0234375,100861.8359375,100762.3046875,100814.375,101016.421875,100992.3046875,100806.578125,100779.5703125,100811.0859375,100807.25,100834.78125,100905.5078125,100946.03125,100931.1875,100874.1171875,100797.015625,100767.8984375,100797.1640625,100794.296875,100713.3359375,100638.015625,100647.4609375,100689.34375,100693.65625,100684.5859375,100710.9453125,100734.703125,100735.1796875,100741.328125,100743.046875,100714.5546875,100694.734375,100708.546875,100741.09375,100788.390625,100830.8515625,100825.5,100792.71875,100797.828125,100833.3671875,100856.7421875
101108.328125,101086.1796875,101078.5,101118.75,101160.5703125,101127.6953125,101064.9296875,100998.1953125,100956.0546875,100942.234375,100869.1484375,100778.9296875,100844.5625,101068.140625,101089.9609375,100944.3125,100859.546875,100899.1328125,100922.359375,100918.8359375,100910.8359375,100901.671875,100911.859375,100914.0234375,100862.421875,100786.296875,100746.7265625,100733.265625,100705.9453125,100673.8671875,100671.9140625,100688.3828125,100689.375,100696.5859375,100732.2734375,100753.8828125,100730.2578125,100695.8671875,100672.96875,100669.109375,100698.28125,100731.7890625,100733.0,100739.359375,100776.140625,100789.75,100768.6484375,100768.328125,100791.671875,100808.359375
101129.0546875,101106.1953125,101093.3125,101124.8203125,101174.109375,101127.9375,101028.90625,100946.375,100904.859375,100934.7421875,100958.4921875,100885.03125,100855.875,100960.0703125,101023.9296875,100975.1328125,100944.1328125,100958.8671875,100973.1875,100962.28125,100916.09375,100849.625,100825.3515625,100855.6875,100889.78125,100886.078125,100844.390625,100800.34375,100771.0546875,100733.0234375,100682.9140625,100650.390625,100646.3515625,100666.296875,100709.5390625,100750.421875,100752.765625,100717.84375,100699.953125,100734.8515625,100808.453125,100826.578125,100761.1875,100726.0,100750.7578125,100767.2109375,100755.75,100758.7265625,100771.3359375,100776.5078125
101154.328125,101123.2734375,101088.0078125,101090.109375,101111.078125,101067.125,100990.1171875,100949.15625,100938.6875,100988.4140625,101073.734375,101081.890625,101012.859375,100957.125,100968.046875,101009.4453125,101011.1640625,100989.109375,100959.5078125,100945.6875,100939.640625,100919.2578125,100872.6015625,100821.359375,100806.171875,100826.71875,100832.5625,100817.9375,100813.0859375,100806.0859375,100780.4375,100760.59375,100752.5234375,100741.3671875,100747.5703125,100786.0546875,100802.546875,100746.1484375,100705.4765625,100744.7578125,100842.390625,100865.5,100790.328125,100752.390625,100758.6953125,100749.6640625,100741.1796875,100767.1640625,100794.53125,100800.71875
101145.34375,101120.0703125,101090.59375,101097.34375,101129.265625,101114.3671875,101053.640625,101018.0859375,101001.484375,101007.5625,101057.3515625,101129.4375,101147.6015625,101127.828125,101055.890625,101053.53125,101058.390625,101032.703125,100973.546875,100922.3984375,100905.5,100920.1875,100922.8515625,100876.703125,100814.0625,100791.5,100789.8359375,100773.921875,100760.25,100756.59375,100749.28125,100745.328125,100739.59375,100718.03125,100709.703125,100743.3671875,100765.3203125,100719.4140625,100673.359375,100705.953125,100785.09375,100806.140625,100773.5625,100764.484375,100763.8828125,100740.0390625,100742.4296875,100785.3125,100824.234375,100842.921875
101137.671875,101117.8515625,101097.53125,101089.9375,101102.4140625,101099.140625,101044.609375,100990.671875,100984.453125,101001.7109375,101026.515625,101102.15625,101222.1953125,101271.2734375,101174.6875,101104.8203125,101074.6171875,101053.265625,101017.265625,100971.1328125,100907.078125,100858.234375,100866.3046875,100893.9453125,100891.296875,100876.28125,100861.234375,100831.875,100793.75,100756.3828125,100715.59375,100685.2265625,100673.28125,100664.3828125,100666.9921875,100694.546875,100727.515625,100734.171875,100726.921875,100738.59375,100753.9453125,100748.21875,100743.5234375,100762.359375,100776.84375,100766.78125,100770.59375,100798.9140625,100832.46875,100879.4921875
101163.1640625,101135.34375,101099.078125,101047.4375,101030.125,101060.71875,101091.765625,101057.6171875,101050.03125,101096.75,101135.078125,101181.125,101272.5859375,101309.3671875,101230.9921875,101152.09375,101097.765625,101055.1015625,101026.71875,101026.4140625,101004.9765625,100939.8203125,100896.2734375,100895.8828125,100892.625,100878.296875,100871.0390625,100865.1875,100851.609375,100834.03125,100805.078125,100775.0234375,100756.8203125,100744.15625,100728.8359375,100720.0,100728.3515625,100748.328125,100753.6171875,100732.1875,100707.578125,100705.34375,100726.5,100759.7890625,100782.0234375,100782.015625,100777.5703125,100793.6015625,100825.6796875,100862.8828125
101210.1640625,101178.09375,101133.171875,101060.4921875,101040.0,101117.6796875,101261.796875,101245.4921875,101164.671875,101174.15625,101219.0703125,101252.8984375,101310.515625,101339.8359375,101269.34375,101209.796875,101173.046875,101125.1484375,101057.859375,101037.8828125,101059.125,101057.7265625,101025.96875,100988.84375,100946.6171875,100914.3203125,100898.53125,100887.8671875,100872.90625,100859.453125,100846.078125,100828.21875,100805.625,100784.171875,100763.6796875,100738.546875,100720.53125,100720.1953125,100716.078125,100697.8125,100695.9375,100724.671875,100752.9921875,100768.625,100783.734375,100791.7578125,100795.265625,100821.3203125,100853.3671875,100857.8046875
101300.9140625,101253.4140625,101185.6328125,101097.703125,101052.5,101135.078125,101285.3046875,101266.0859375,101176.6796875,101183.3828125,101235.2109375,101255.6875,101315.953125,101372.234375,101319.9453125,101255.8125,101248.421875,101260.84375,101212.078125,101136.4296875,101100.3203125,101102.09375,101107.9375,101108.4765625,101105.609375,101100.171875,101085.0859375,101054.65625,101010.6484375,100964.7890625,100924.7890625,100891.265625,100859.9609375,100836.8671875,100829.046875,100816.9375,100795.046875,100779.1875,100773.1953125,100770.2421875,100777.8671875,100790.640625,100788.1875,100788.3515625,100819.859375,100857.8671875,100876.6015625,100906.453125,100942.9609375,100937.671875
101440.1328125,101364.0,101253.046875,101139.0390625,101077.71875,101132.453125,101242.8046875,101238.7734375,101191.0546875,101260.71875,101342.8203125,101330.265625,101332.75,101368.140625,101338.1328125,101283.359375,101292.734375,101373.796875,101387.0859375,101327.046875,101267.3671875,101241.0703125,101232.234375,101233.4375,101242.859375,101246.53125,101234.546875,101220.3203125,101208.015625,101185.609375,101154.015625,101124.765625,101094.0234375,101062.2890625,101035.5546875,101006.3515625,100963.0625,100918.0078125,100882.8515625,100848.125,100813.921875,100789.9296875,100781.7578125,100807.6796875,100875.21875,100934.4921875,100950.9296875,100974.453125,101025.0234375,101058.203125
101585.46875,101507.171875,101383.703125,101245.9921875,101171.3359375,101191.046875,101291.796875,101295.0234375,101246.4375,101306.6640625,101419.609375,101424.3515625,101380.9375,101359.4453125,101345.640625,101338.5390625,101391.1796875,101499.4921875,101495.453125,101457.8046875,101449.765625,101468.6171875,101460.9296875,101432.9375,101415.3359375,101400.5234375,101380.3359375,101373.3984375,101383.5625,101380.078125,101358.4921875,101338.0078125,101313.6875,101271.203125,101223.859375,101174.40625,101115.1875,101050.234375,100982.609375,100911.1015625,100851.0390625,100829.8125,100846.203125,100885.0703125,100939.359375,100993.65625,101025.65625,101060.3125,101103.9296875,101126.328125
101749.125,101678.8828125,101571.1640625,101398.375,101251.453125,101200.2734375,101277.5859375,101321.34375,101267.7734375,101294.3125,101420.9453125,101490.65625,101467.21875,101417.1328125,101385.8203125,101410.4296875,101520.4921875,101640.53125,101621.5859375,101571.390625,101581.359375,101634.9375,101658.2734375,101656.140625,101669.0859375,101684.8046875,101676.5546875,101659.03125,101636.8515625,101599.4140625,101555.4609375,101522.953125,101490.359375,101447.8203125,101406.3046875,101364.34375,101307.609375,101240.1953125,101163.4296875,101077.5,101008.4375,100988.3203125,101007.8515625,101025.3203125,101045.703125,101103.5703125,101197.1875,101270.8125,101270.09375,101216.5859375
101935.625,101850.265625,101760.3359375,101588.8046875,101371.078125,101236.0546875,101251.3125,101344.2265625,101384.2109375,101442.3125,101544.6875,101588.890625,101572.0625,101526.9609375,101469.0078125,101477.6328125,101584.21875,101715.0,101762.453125,101757.7109375,101767.4609375,101801.46875,101817.640625,101831.3125,101868.9375,101900.328125,101904.453125,101893.4609375,101881.1171875,101856.984375,101831.171875,101809.4375,101773.7109375,101728.4375,101684.25,101630.171875,101548.625,101457.96875,101360.7734375,101241.59375,101134.5390625,101096.9609375,101146.65625,101199.1875,101220.0078125,101278.5703125,101387.09375,101459.625,101426.3828125,101354.3359375
102101.8046875,102006.234375,101928.125,101807.2265625,101610.515625,101438.8515625,101360.859375,101385.703125,101464.53125,101566.9375,101632.2890625,101611.65625,101581.8828125,101601.171875,101607.59375,101617.28125,101662.25,101750.703125,101836.9765625,101899.6015625,101950.34375,101987.6640625,102002.875,102014.5625,102029.3828125,102029.109375,102017.0625,102022.046875,102037.015625,102040.7890625,102035.0625,102020.015625,101985.1640625,101935.3359375,101883.6875,101815.765625,101723.4296875,101629.078125,101524.71875,101381.8203125,101246.578125,101208.890625,101315.53125,101424.8359375,101452.828125,101468.828125,101505.59375,101519.328125,101487.1875,101455.40625
102234.0703125,102148.1953125,102056.484375,101955.078125,101806.0859375,101639.5546875,101495.15625,101405.515625,101423.390625,101516.3359375,101574.890625,101579.2734375,101598.109375,101674.828125,101748.375,101789.3984375,101812.1484375,101850.3828125,101905.8828125,101968.65625,102031.75,102087.734375,102129.8515625,102168.1484375,102197.6328125,102206.328125,102206.9921875,102214.65625,102214.359375,102184.8671875,102144.8203125,102108.609375,102071.3125,102030.46875,101989.609375,101937.0,101870.5546875,101799.953125,101715.09375,101590.1953125,101464.9375,101420.4765625,101492.078125,101572.6328125,101594.3203125,101600.0703125,101614.65625,101614.21875,101588.3359375,101554.265625
102293.828125,102237.8828125,102145.4453125,102032.640625,101904.4296875,101775.4375,101659.7734375,101566.890625,101534.546875,101557.09375,101599.3203125,101648.265625,101701.9921875,101739.609375,101777.1484375,101821.28125,101878.7421875,101942.7421875,101995.421875,102031.59375,102067.7265625,102106.96875,102144.25,102184.703125,102227.65625,102258.421875,102277.109375,102286.640625,102278.046875,102245.875,102208.96875,102183.2265625,102159.96875,102127.484375,102088.3828125,102034.8203125,101968.25,101892.4609375,101802.21875,101695.3203125,101591.828125,101532.7734375,101534.2578125,101559.6015625,101585.15625,101626.6875,101674.796875,101697.5625,101682.7890625,101644.28125
102191.0703125,102177.4765625,102144.53125,102076.40625,101977.1640625,101872.734375,101796.2578125,101744.484375,101699.3828125,101653.796875,101632.3125,101649.71875,101681.890625,101711.953125,101733.9375,101761.15625,101819.9765625,101894.4921875,101952.296875,101993.3984375,102035.8984375,102071.6171875,102092.6796875,102102.3984375,102115.125,102122.6875,102120.0625,102116.546875,102118.1640625,102115.7265625,102108.4609375,102097.4296875,102073.28125,102032.109375,101983.8515625,101931.6015625,101872.0546875,101798.3828125,101717.453125,101636.390625,101567.6953125,101522.1328125,101510.390625,101529.234375,101559.8828125,101590.9453125,101612.296875,101621.3203125,101617.5390625,101608.703125
101964.171875,101959.75,101962.8828125,101957.5,101907.6171875,101811.8828125,101713.4765625,101652.09375,101611.0,101561.171875,101507.0,101498.203125,101554.34375,101641.59375,101702.6953125,101730.5625,101744.921875,101760.7578125,101782.484375,101815.8125,101865.09375,101911.28125,101938.1484375,101952.5859375,101962.90625,101960.515625,101944.84375,101924.90625,101909.140625,101886.75,101851.9453125,101808.3671875,101762.140625,101717.4921875,101679.140625,101651.953125,101627.4375,101595.5390625,101557.2578125,101519.8359375,101481.375,101446.9609375,101433.953125,101448.90625,101471.9375,101475.09375,101464.390625,101466.578125,101480.9375,101499.9296875
