earth/public/data/atmosphere/W07/ANN-rh-isobaric-250hPa-gfs-1.0.json
{"header": {"discipline": 0, "disciplineName": "Meteorological products", "gribEdition": 2, "gribLength": 17922.0, "center": 0, "centerName": "Kiel Climate Model", "subcenter": 0, "refTime": "1", "significanceOfRT": 1, "significanceOfRTName": "Start of forecast", "productStatus": 0, "productStatusName": "Operational products", "productType": 1, "productTypeName": "Forecast products", "productDefinitionTemplate": 0, "productDefinitionTemplateName": "Analysis/forecast at horizontal level/layer at a point in time", "parameterCategory": 2, "parameterCategoryName": "Momentum", "parameterNumber": 2, "parameterNumberName": "U-component_of_wind", "parameterUnit": "%", "genProcessType": 2, "genProcessTypeName": "Forecast", "forecastTime": 0, "surface1Type": 103, "surface1TypeName": "Specified height level above ground", "surface1Value": 10, "surface2Type": 255, "surface2TypeName": "Missing", "surface2Value": 0, "gridDefinitionTemplate": 0, "gridDefinitionTemplateName": "Latitude_Longitude", "numberPoints": 65160, "shape": 6, "shapeName": "Earth spherical with radius of 6,371,229.0 m", "gridUnits": "degrees", "resolution": 48, "winds": "true", "scanMode": 0, "nx": 128.0, "ny": 64.0, "basicAngle": 0, "subDivisions": 0, "lo1": 0.0, "la1": 87.86379883923263, "lo2": 357.1875, "la2": -87.86379883923263, "dx": 2.8125, "dy": 2.7893269472772264}, "data":
[rows 0 to 18 of 64, columns 43 to 85 of 128]
0.7453145980834961,0.7450376749038696,0.7447375059127808,0.7444138526916504,0.7440664768218994,0.7436952590942383,0.7433002591133118,0.7428818941116333,0.7424403429031372,0.7419761419296265,0.7414902448654175,0.7409831285476685,0.7404561042785645,0.7399103045463562,0.7393470406532288,0.7387675642967224,0.7381737232208252,0.7375670671463013,0.7369493246078491,0.736322283744812,0.7356881499290466,0.735048770904541,0.7344062328338623,0.7337628602981567,0.733120322227478,0.7324813008308411,0.7318475842475891,0.7312214970588684,0.7306050062179565,0.7300001382827759,0.7294092178344727,0.7288340330123901,0.7282764315605164,0.7277382016181946,0.7272211313247681,0.7267267107963562,0.7262567281723022,0.7258120775222778,0.7253944873809814,0.7250049710273743,0.7246444821357727,0.7243140339851379,0.7240145206451416
0.7552445530891418,0.7548035383224487,0.7542859315872192,0.7536881566047668,0.753008246421814,0.7522454261779785,0.7513996362686157,0.7504721879959106,0.749466061592102,0.7483850121498108,0.7472330927848816,0.7460158467292786,0.7447384595870972,0.7434068918228149,0.7420268058776855,0.7406036853790283,0.739142894744873,0.7376494407653809,0.7361277937889099,0.734582781791687,0.7330181002616882,0.731438398361206,0.7298482656478882,0.7282524108886719,0.7266564965248108,0.7250664234161377,0.7234888076782227,0.7219305038452148,0.7203993201255798,0.7189033031463623,0.7174500823020935,0.7160477042198181,0.7147037386894226,0.7134252190589905,0.7122184634208679,0.7110892534255981,0.7100423574447632,0.7090814113616943,0.7082093954086304,0.7074283957481384,0.7067393064498901,0.7061426639556885,0.7056378126144409
0.7603633403778076,0.7596359252929688,0.7587664127349854,0.7577515840530396,0.7565900683403015,0.7552831172943115,0.7538348436355591,0.7522526979446411,0.7505483031272888,0.7487361431121826,0.7468351721763611,0.7448657751083374,0.7428500056266785,0.7408092021942139,0.7387619614601135,0.7367223501205444,0.7346986532211304,0.7326925992965698,0.730698823928833,0.7287067174911499,0.7267016172409058,0.7246673703193665,0.7225892543792725,0.7204561829566956,0.7182628512382507,0.716011106967926,0.7137104868888855,0.7113770842552185,0.7090326547622681,0.7067028880119324,0.7044141292572021,0.7021927237510681,0.7000621557235718,0.6980425715446472,0.6961501240730286,0.6943963766098022,0.6927900910377502,0.6913377642631531,0.6900435090065002,0.688912034034729,0.6879475116729736,0.6871545314788818,0.6865378618240356
0.762130081653595,0.7608745694160461,0.7595108151435852,0.7580581903457642,0.7565227746963501,0.7548968195915222,0.7531614303588867,0.7512921094894409,0.7492654323577881,0.7470685243606567,0.744705319404602,0.7422012090682983,0.7396025657653809,0.7369714379310608,0.7343757152557373,0.7318786978721619,0.7295257449150085,0.7273361086845398,0.7252982258796692,0.7233707308769226,0.7214892506599426,0.7195786833763123,0.7175647616386414,0.7153885364532471,0.713015079498291,0.7104395031929016,0.7076866030693054,0.7048053741455078,0.7018613219261169,0.6989250779151917,0.6960617899894714,0.6933244466781616,0.6907473206520081,0.6883454918861389,0.6861165165901184,0.6840456128120422,0.6821117997169495,0.680295467376709,0.678584098815918,0.6769763827323914,0.6754860281944275,0.6741398572921753,0.6729762554168701
0.7651531100273132,0.7631430625915527,0.7611923217773438,0.7593997716903687,0.7578138709068298,0.7564187049865723,0.7551314234733582,0.7538138628005981,0.7522975206375122,0.7504199147224426,0.74806147813797,0.745175838470459,0.7418051958084106,0.7380748391151428,0.7341683506965637,0.7302888631820679,0.7266164422035217,0.7232714295387268,0.7202935814857483,0.7176406979560852,0.715207576751709,0.7128569483757019,0.7104572057723999,0.7079150080680847,0.7051945924758911,0.7023232579231262,0.6993803977966309,0.6964741945266724,0.6937156915664673,0.6911928653717041,0.6889542937278748,0.6870023608207703,0.6852982640266418,0.6837731599807739,0.6823442578315735,0.6809304356575012,0.6794646978378296,0.6779014468193054,0.6762211918830872,0.6744309067726135,0.6725643277168274,0.6706798672676086,0.6688575148582458
0.7695507407188416,0.7673571705818176,0.7652093172073364,0.7632505297660828,0.7615910172462463,0.7602697610855103,0.7592225670814514,0.7582720518112183,0.7571517825126648,0.7555608749389648,0.7532386779785156,0.7500346899032593,0.7459530234336853,0.7411542534828186,0.7359144687652588,0.7305524945259094,0.7253515720367432,0.7204968929290771,0.7160500884056091,0.7119632959365845,0.708126425743103,0.7044287919998169,0.7008154988288879,0.6973204016685486,0.6940665245056152,0.691236138343811,0.6890174150466919,0.6875473856925964,0.6868643164634705,0.686886191368103,0.6874211430549622,0.688204824924469,0.6889588832855225,0.6894468665122986,0.6895183324813843,0.6891224384307861,0.6882950663566589,0.6871218681335449,0.6856970191001892,0.6840883493423462,0.6823254227638245,0.6804120540618896,0.6783543825149536
0.7737005949020386,0.7730922698974609,0.7723084688186646,0.7712717652320862,0.7699878215789795,0.7685162425041199,0.7669087052345276,0.7651506662368774,0.7631365656852722,0.7606965899467468,0.7576645612716675,0.7539564967155457,0.7496194243431091,0.7448229193687439,0.7397947311401367,0.7347303032875061,0.7297174334526062,0.724715530872345,0.7195969820022583,0.7142338156700134,0.7085915207862854,0.7027923464775085,0.6971288323402405,0.6920214295387268,0.6879382133483887,0.6852975487709045,0.6843764185905457,0.6852401494979858,0.6877091526985168,0.691372811794281,0.6956519484519958,0.6999051570892334,0.7035549879074097,0.706203043460846,0.7077012658119202,0.7081517577171326,0.7078382968902588,0.7071054577827454,0.7062283158302307,0.7053173780441284,0.7042905688285828,0.7029213905334473,0.700951099395752
0.7730542421340942,0.7742642760276794,0.7756401300430298,0.7767974138259888,0.7774375677108765,0.7773804068565369,0.7765483856201172,0.7749201655387878,0.7724899649620056,0.769262433052063,0.7652905583381653,0.7607278823852539,0.7558373212814331,0.7509211301803589,0.7461839318275452,0.7416024208068848,0.7368865609169006,0.7315819263458252,0.7252786755561829,0.717829704284668,0.7094728350639343,0.7008034586906433,0.6926205158233643,0.685722827911377,0.6807425022125244,0.6780588030815125,0.6777875423431396,0.6798107624053955,0.6838093996047974,0.6892926692962646,0.6956353187561035,0.7021498084068298,0.7081959843635559,0.7133026719093323,0.7172558903694153,0.7201122641563416,0.7221259474754333,0.7236107587814331,0.7247932553291321,0.7257061004638672,0.7261587381362915,0.7257910370826721,0.7241968512535095
0.7631220817565918,0.7635934352874756,0.7649361491203308,0.7670276165008545,0.7695216536521912,0.7719089388847351,0.7736557722091675,0.7743292450904846,0.7736405730247498,0.7714328169822693,0.7676947712898254,0.7626214027404785,0.7566502094268799,0.7503570318222046,0.7441987991333008,0.7382399439811707,0.732068657875061,0.725009024143219,0.7165324091911316,0.7066298127174377,0.6959224939346313,0.685456395149231,0.6763184666633606,0.6692931652069092,0.664712131023407,0.6625252962112427,0.6624875664710999,0.6643304824829102,0.6678321361541748,0.6727825999259949,0.6789125204086304,0.6858611106872559,0.693217933177948,0.7006170749664307,0.7078061699867249,0.7146419286727905,0.7210058569908142,0.7267087697982788,0.7314614653587341,0.7349430322647095,0.7369184494018555,0.7373093962669373,0.7361633777618408
0.7514669895172119,0.7499894499778748,0.7489453554153442,0.7490083575248718,0.7501648664474487,0.7517447471618652,0.752910852432251,0.753150224685669,0.7523512840270996,0.7505073547363281,0.7474499940872192,0.742942214012146,0.7370240688323975,0.7301986813545227,0.7231802940368652,0.7163826823234558,0.7096093893051147,0.7022430300712585,0.6937927007675171,0.6843597292900085,0.6746810674667358,0.6657688021659851,0.6584567427635193,0.6531522870063782,0.6498777270317078,0.6484721899032593,0.6487666964530945,0.6506350636482239,0.6539403796195984,0.658462643623352,0.6638855934143066,0.6698722243309021,0.6762027740478516,0.6828916072845459,0.6901777386665344,0.6983327865600586,0.7073439359664917,0.7166544795036316,0.7251846194267273,0.7317104935646057,0.7354351282119751,0.7363926768302917,0.7353792786598206
0.7426726818084717,0.7406190037727356,0.7379078269004822,0.7356461882591248,0.7337425947189331,0.7310008406639099,0.7263808846473694,0.7201849818229675,0.7139613032341003,0.7091944813728333,0.706078052520752,0.7035171985626221,0.7002421617507935,0.6958494186401367,0.6908328533172607,0.6857976317405701,0.6808127760887146,0.6755246520042419,0.6697479486465454,0.663803219795227,0.6582692861557007,0.6534982919692993,0.6494433879852295,0.6459447145462036,0.6431267261505127,0.6414817571640015,0.6415650248527527,0.643577516078949,0.6471736431121826,0.6515970826148987,0.6560192108154297,0.6598736643791199,0.6630669832229614,0.6660439968109131,0.6697006821632385,0.6751025319099426,0.6829915046691895,0.6932324767112732,0.7045393586158752,0.7148085832595825,0.7220466732978821,0.7253875136375427,0.7254998087882996
0.7237275242805481,0.7206447720527649,0.7171478271484375,0.7143767476081848,0.7116873264312744,0.7066630721092224,0.6974377036094666,0.6850615739822388,0.6732978224754333,0.6658178567886353,0.6634676456451416,0.6641215085983276,0.6649047136306763,0.6643454432487488,0.6625965237617493,0.6602128148078918,0.6572816371917725,0.6537672877311707,0.6502197980880737,0.6476567983627319,0.6466245651245117,0.6465523838996887,0.6462084054946899,0.6448284387588501,0.6427916288375854,0.6412484645843506,0.6411475539207458,0.6425548195838928,0.6447325944900513,0.6467506289482117,0.6480751633644104,0.6487588286399841,0.649235188961029,0.6500085592269897,0.6515524387359619,0.6544574499130249,0.6595215201377869,0.6674141883850098,0.6779745817184448,0.6897481679916382,0.7003766298294067,0.7077716588973999,0.7112290263175964
0.6902788877487183,0.6842746734619141,0.678451418876648,0.6745375990867615,0.6723383665084839,0.6687729954719543,0.6606963276863098,0.6486304402351379,0.6370539665222168,0.6306442022323608,0.6304069757461548,0.6335722804069519,0.6367766857147217,0.638737142086029,0.6399526596069336,0.6407999992370605,0.640836775302887,0.6399266719818115,0.6392159461975098,0.6403325200080872,0.6436601877212524,0.6477975845336914,0.6508713364601135,0.6522113084793091,0.6526332497596741,0.65327388048172,0.6543967127799988,0.6552963852882385,0.6550952196121216,0.6535083651542664,0.6510471105575562,0.6487410664558411,0.647607147693634,0.6480581760406494,0.6496386528015137,0.6514960527420044,0.6533612012863159,0.6560763716697693,0.6609441041946411,0.6683850288391113,0.6772302985191345,0.6853595972061157,0.6910333037376404
0.6551464796066284,0.6473954319953918,0.6387808918952942,0.6319406628608704,0.6284605860710144,0.626200258731842,0.6214633584022522,0.6134659647941589,0.6055652499198914,0.601786732673645,0.6028992533683777,0.6064848303794861,0.6102617979049683,0.6142319440841675,0.6194300055503845,0.625679075717926,0.6316043138504028,0.636618971824646,0.6418370604515076,0.6485356688499451,0.6562339663505554,0.6629573106765747,0.6673540472984314,0.670012354850769,0.6724714636802673,0.6753140687942505,0.6776560544967651,0.678377091884613,0.6773244738578796,0.6751191020011902,0.6722544431686401,0.6689180135726929,0.6655476093292236,0.6628713607788086,0.6610790491104126,0.6593647003173828,0.6568036079406738,0.6536064743995667,0.6510947942733765,0.6503887176513672,0.6514383554458618,0.6534243822097778,0.6557134985923767
0.6232590675354004,0.6165133714675903,0.6077840328216553,0.5995674133300781,0.5944040417671204,0.5916630029678345,0.5885999798774719,0.584014892578125,0.579769492149353,0.5785624980926514,0.5810979008674622,0.5861165523529053,0.5926847457885742,0.6012828946113586,0.6123389005661011,0.6247143745422363,0.6365830302238464,0.6474276185035706,0.6581751704216003,0.6692415475845337,0.6792953610420227,0.686519980430603,0.6907369494438171,0.6936217546463013,0.6967167854309082,0.6997037529945374,0.7010682225227356,0.7002814412117004,0.6986213326454163,0.697464644908905,0.6962830424308777,0.6931231021881104,0.6870160102844238,0.6790974736213684,0.6710551977157593,0.6632400155067444,0.6549214124679565,0.6458253264427185,0.6365000605583191,0.6273937225341797,0.6186652183532715,0.611225962638855,0.6070956587791443
0.5963358283042908,0.5913695693016052,0.5849552154541016,0.5784423351287842,0.5731633305549622,0.5693762302398682,0.5668037533760071,0.5654709935188293,0.5659679770469666,0.5691750049591064,0.575636625289917,0.5851966142654419,0.5973911285400391,0.6118259429931641,0.6277145743370056,0.643552303314209,0.65803062915802,0.6710463762283325,0.6831387281417847,0.6941626667976379,0.7032155990600586,0.7097972631454468,0.7144578695297241,0.7181724905967712,0.7212907671928406,0.7231308221817017,0.7226890325546265,0.7199889421463013,0.716521143913269,0.7137176394462585,0.711010217666626,0.706237256526947,0.6981770992279053,0.687747061252594,0.6762588620185852,0.6635692119598389,0.648872971534729,0.632432222366333,0.6152830719947815,0.5979331135749817,0.5810537934303284,0.5673506259918213,0.5608336329460144
0.5876778364181519,0.5839681029319763,0.579399049282074,0.5749458074569702,0.5700644850730896,0.5654148459434509,0.5638126730918884,0.5669581294059753,0.5735549926757812,0.5819567441940308,0.5923968553543091,0.6054784655570984,0.6204991936683655,0.6362559795379639,0.6520407795906067,0.6673308610916138,0.6815747022628784,0.6943756937980652,0.7052315473556519,0.713594913482666,0.7197837829589844,0.7249644994735718,0.7295801639556885,0.7327723503112793,0.7339476943016052,0.7337550520896912,0.7327815294265747,0.7304663062095642,0.7261859178543091,0.7203489542007446,0.7134959101676941,0.7053084969520569,0.6954028010368347,0.6840164661407471,0.6708522439002991,0.6544037461280823,0.6338353157043457,0.6105934977531433,0.5867997407913208,0.5633769035339355,0.5419049263000488,0.5270746350288391,0.5237697958946228
0.6042155027389526,0.5998292565345764,0.5943788290023804,0.5904956459999084,0.5865458846092224,0.5826619267463684,0.5834091305732727,0.5908563733100891,0.6011183261871338,0.6107997894287109,0.6211135387420654,0.6334519982337952,0.6462894082069397,0.6582452654838562,0.6699587106704712,0.6819208860397339,0.6934488415718079,0.703798770904541,0.7122372388839722,0.7179564833641052,0.7214495539665222,0.724406898021698,0.7270638942718506,0.7276574373245239,0.7256418466567993,0.7231329083442688,0.7216841578483582,0.719740092754364,0.7149735689163208,0.7073765993118286,0.6982934474945068,0.6879323720932007,0.6756404638290405,0.6613078117370605,0.6446923017501831,0.6246472597122192,0.6009429693222046,0.5756292939186096,0.5507113933563232,0.5263184905052185,0.5041161179542542,0.490551620721817,0.4916275441646576
0.6308079957962036,0.6225149631500244,0.6137797832489014,0.6104122996330261,0.6095867156982422,0.6088264584541321,0.6123887300491333,0.6216038465499878,0.6304804682731628,0.6361578106880188,0.6427634358406067,0.6521809697151184,0.6612104773521423,0.6687167882919312,0.6767446398735046,0.6850762367248535,0.6916340589523315,0.6966609358787537,0.7014120817184448,0.7050920724868774,0.7067121267318726,0.7072983980178833,0.7077385783195496,0.7070882320404053,0.7047708034515381,0.7018670439720154,0.6987247467041016,0.6937099099159241,0.6858664155006409,0.6766270399093628,0.6671888828277588,0.6561711430549622,0.6417809128761292,0.624510645866394,0.6056448221206665,0.5848729610443115,0.5617745518684387,0.5380599498748779,0.515630304813385,0.49417147040367126,0.4745064079761505,0.46298179030418396,0.4667389988899231
