earth/public/data/atmosphere/W07/ANN-temp-isobaric-100hPa-gfs-1.0.json
{"header": {"discipline": 0, "disciplineName": "Meteorological products", "gribEdition": 2, "gribLength": 17922.0, "center": 0, "centerName": "Kiel Climate Model", "subcenter": 0, "refTime": "1", "significanceOfRT": 1, "significanceOfRTName": "Start of forecast", "productStatus": 0, "productStatusName": "Operational products", "productType": 1, "productTypeName": "Forecast products", "productDefinitionTemplate": 0, "productDefinitionTemplateName": "Analysis/forecast at horizontal level/layer at a point in time", "parameterCategory": 2, "parameterCategoryName": "Momentum", "parameterNumber": 2, "parameterNumberName": "U-component_of_wind", "parameterUnit": "K", "genProcessType": 2, "genProcessTypeName": "Forecast", "forecastTime": 0, "surface1Type": 103, "surface1TypeName": "Specified height level above ground", "surface1Value": 10, "surface2Type": 255, "surface2TypeName": "Missing", "surface2Value": 0, "gridDefinitionTemplate": 0, "gridDefinitionTemplateName": "Latitude_Longitude", "numberPoints": 65160, "shape": 6, "shapeName": "Earth spherical with radius of 6,371,229.0 m", "gridUnits": "degrees", "resolution": 48, "winds": "true", "scanMode": 0, "nx": 128.0, "ny": 64.0, "basicAngle": 0, "subDivisions": 0, "lo1": 0.0, "la1": 87.86379883923263, "lo2": 357.1875, "la2": -87.86379883923263, "dx": 2.8125, "dy": 2.7893269472772264}, "data":
[rows 38 to 56 of 64, columns 44 to 87 of 128]
193.20623779296875,193.3097686767578,193.4311981201172,193.54710388183594,193.66822814941406,193.80203247070312,193.93890380859375,194.06381225585938,194.16754150390625,194.25885009765625,194.34251403808594,194.39772033691406,194.42144775390625,194.44625854492188,194.4795379638672,194.49887084960938,194.5126495361328,194.54498291015625,194.5850067138672,194.6167449951172,194.65586853027344,194.7169952392578,194.7909698486328,194.8733367919922,194.97177124023438,195.08021545410156,195.18853759765625,195.3089599609375,195.44908142089844,195.59158325195312,195.73977661132812,195.92147827148438,196.13314819335938,196.35711669921875,196.60269165039062,196.86900329589844,197.1427001953125,197.43603515625,197.73983764648438,198.01535034179688,198.27700805664062,198.54476928710938,198.7629852294922,198.9097900390625
194.33120727539062,194.4445037841797,194.57778930664062,194.7257537841797,194.90890502929688,195.118896484375,195.31121826171875,195.45809936523438,195.57748413085938,195.6986541748047,195.8089599609375,195.87110900878906,195.89459228515625,195.92251586914062,195.9521484375,195.9559326171875,195.9539794921875,195.9762725830078,196.0045928955078,196.02215576171875,196.0526580810547,196.1079559326172,196.16795349121094,196.2274169921875,196.30093383789062,196.38734436035156,196.47669982910156,196.57431030273438,196.6842803955078,196.79859924316406,196.92076110839844,197.06546020507812,197.23583984375,197.4318389892578,197.6585235595703,197.91067504882812,198.18209838867188,198.47445678710938,198.7740020751953,199.06576538085938,199.3594207763672,199.6449432373047,199.8855438232422,200.0853271484375
195.774658203125,195.89303588867188,196.03451538085938,196.20596313476562,196.4251251220703,196.6776580810547,196.91932678222656,197.11788940429688,197.2740020751953,197.40313720703125,197.50808715820312,197.58262634277344,197.63526916503906,197.67831420898438,197.7037811279297,197.70687866210938,197.70773315429688,197.71717834472656,197.72361755371094,197.73141479492188,197.7598419189453,197.80413818359375,197.84678649902344,197.8915557861328,197.95010375976562,198.01902770996094,198.0908203125,198.16465759277344,198.24192810058594,198.3266143798828,198.42320251464844,198.52978515625,198.64813232421875,198.79269409179688,198.97216796875,199.17967224121094,199.41116333007812,199.66761779785156,199.9427947998047,200.2308349609375,200.5222930908203,200.79246520996094,201.03372192382812,201.2642059326172
197.6401824951172,197.7613525390625,197.9069366455078,198.08775329589844,198.30470275878906,198.54574584960938,198.79913330078125,199.0418701171875,199.234130859375,199.35850524902344,199.44659423828125,199.53709411621094,199.6256103515625,199.6820068359375,199.70140075683594,199.70870971679688,199.7169189453125,199.7149658203125,199.70330810546875,199.70326232910156,199.72079467773438,199.7417449951172,199.76638793945312,199.80702209472656,199.85955810546875,199.9131622314453,199.96856689453125,200.0250701904297,200.07762145996094,200.13217163085938,200.19540405273438,200.26138305664062,200.33184814453125,200.42306518554688,200.5411376953125,200.68202209472656,200.850341796875,201.04945373535156,201.27284240722656,201.5166473388672,201.77023315429688,202.01145935058594,202.24050903320312,202.46954345703125
199.9387969970703,200.0404510498047,200.1686248779297,200.33383178710938,200.51959228515625,200.715087890625,200.93678283691406,201.17807006835938,201.3814239501953,201.50904846191406,201.59982299804688,201.70542907714844,201.81036376953125,201.8683624267578,201.88140869140625,201.88536071777344,201.88674926757812,201.87107849121094,201.8493194580078,201.8427734375,201.84536743164062,201.8466796875,201.86122131347656,201.8970947265625,201.93515014648438,201.96542358398438,202.00003051757812,202.0401153564453,202.0738067626953,202.10214233398438,202.13107299804688,202.1582489013672,202.18882751464844,202.23350524902344,202.29017639160156,202.35955810546875,202.45852661132812,202.5912628173828,202.74307250976562,202.91232299804688,203.10330200195312,203.30108642578125,203.49449157714844,203.68728637695312
202.5182342529297,202.5816650390625,202.67709350585938,202.8076171875,202.95033264160156,203.09442138671875,203.25941467285156,203.44761657714844,203.6177215576172,203.74041748046875,203.84130859375,203.95079040527344,204.0487060546875,204.10009765625,204.11099243164062,204.1075897216797,204.09246826171875,204.0601806640625,204.0252685546875,204.00120544433594,203.98187255859375,203.9669647216797,203.96987915039062,203.9871826171875,204.00015258789062,204.00936889648438,204.0277557373047,204.0497589111328,204.06301879882812,204.07058715820312,204.07589721679688,204.07508850097656,204.07418823242188,204.08087158203125,204.08822631835938,204.0985107421875,204.13436889648438,204.20069885253906,204.2789306640625,204.37014770507812,204.49024963378906,204.62728881835938,204.7587890625,204.88961791992188
205.1565399169922,205.1766815185547,205.2274169921875,205.30491638183594,205.39633178710938,205.49530029296875,205.6053466796875,205.72183227539062,205.8286895751953,205.921630859375,206.01393127441406,206.10763549804688,206.1802978515625,206.21380615234375,206.2153778076172,206.1983184814453,206.1634063720703,206.11143493652344,206.053466796875,205.99960327148438,205.95469665527344,205.92523193359375,205.91183471679688,205.9024658203125,205.89198303222656,205.8915557861328,205.90255737304688,205.90728759765625,205.89967346191406,205.89193725585938,205.88427734375,205.865478515625,205.84060668945312,205.8209228515625,205.80062866210938,205.77728271484375,205.76776123046875,205.7777862548828,205.79336547851562,205.8177032470703,205.8690643310547,205.93882751464844,206.00331115722656,206.06935119628906
207.63128662109375,207.60427856445312,207.59527587890625,207.60484313964844,207.6377716064453,207.69383239746094,207.7594451904297,207.8174285888672,207.86563110351562,207.9175262451172,207.98028564453125,208.039794921875,208.07437133789062,208.076904296875,208.05465698242188,208.01341247558594,207.95289611816406,207.87547302246094,207.7906494140625,207.71267700195312,207.6557159423828,207.62258911132812,207.59796142578125,207.56643676757812,207.53604125976562,207.52320861816406,207.520263671875,207.50631713867188,207.4834442138672,207.46798706054688,207.45452880859375,207.42593383789062,207.38771057128906,207.35574340820312,207.3262176513672,207.2899932861328,207.25552368164062,207.23013305664062,207.2061004638672,207.1841583251953,207.1791534423828,207.19009399414062,207.20082092285156,207.21409606933594
209.74127197265625,209.6787109375,209.6221466064453,209.57948303222656,209.56210327148438,209.57012939453125,209.58599853515625,209.59291076660156,209.59425354003906,209.6044158935547,209.6240997314453,209.63677978515625,209.62847900390625,209.59918212890625,209.55319213867188,209.48924255371094,209.4049835205078,209.30581665039062,209.20587158203125,209.12290954589844,209.06797790527344,209.0330047607422,208.9952392578125,208.9439697265625,208.89414978027344,208.86146545410156,208.83741760253906,208.80755615234375,208.77830505371094,208.7611846923828,208.74600219726562,208.7168426513672,208.68026733398438,208.6501007080078,208.62045288085938,208.579833984375,208.53526306152344,208.4977569580078,208.46163940429688,208.41981506347656,208.38038635253906,208.35108947753906,208.32608032226562,208.30165100097656
211.3872833251953,211.31704711914062,211.2469482421875,211.18405151367188,211.13296508789062,211.09091186523438,211.04930114746094,211.00473022460938,210.96408081054688,210.93319702148438,210.9058380126953,210.8706817626953,210.8248291015625,210.772216796875,210.71119689941406,210.63340759277344,210.53659057617188,210.43206787109375,210.33775329589844,210.26544189453125,210.21263122558594,210.16363525390625,210.10342407226562,210.03421020507812,209.97293090820312,209.9285888671875,209.89259338378906,209.85667419433594,209.82650756835938,209.80699157714844,209.7887420654297,209.76327514648438,209.737548828125,209.71807861328125,209.6947021484375,209.6574249267578,209.615478515625,209.5813751220703,209.54861450195312,209.5037841796875,209.45034790039062,209.40219116210938,209.3612060546875,209.318359375
212.56436157226562,212.49989318847656,212.43023681640625,212.35951232910156,212.28736877441406,212.21121215820312,212.1312713623047,212.05323791503906,211.9832000732422,211.91995239257812,211.8559112548828,211.78701782226562,211.71726989746094,211.6495819091797,211.57716369628906,211.49014282226562,211.39015197753906,211.29266357421875,211.21261596679688,211.15061950683594,211.0935821533203,211.02801513671875,210.95294189453125,210.88038635253906,210.82235717773438,210.77835083007812,210.73947143554688,210.70262145996094,210.67288208007812,210.65142822265625,210.63153076171875,210.61032104492188,210.59384155273438,210.5835723876953,210.56903076171875,210.54283142089844,210.51280212402344,210.48793029785156,210.4611358642578,210.41940307617188,210.36566162109375,210.31544494628906,210.2738800048828,210.22970581054688
213.26744079589844,213.2089080810547,213.13995361328125,213.06597900390625,212.988525390625,212.90673828125,212.82147216796875,212.736083984375,212.65286254882812,212.57015991210938,212.48553466796875,212.4009246826172,212.32098388671875,212.24549865722656,212.1669158935547,212.07891845703125,211.98590087890625,211.9000244140625,211.828369140625,211.76548767089844,211.70042419433594,211.62953186035156,211.56033325195312,211.50259399414062,211.45742797851562,211.41748046875,211.3776092529297,211.3419952392578,211.31736755371094,211.30252075195312,211.28970336914062,211.27572631835938,211.264404296875,211.2569580078125,211.24716186523438,211.2303466796875,211.21075439453125,211.1930694580078,211.17205810546875,211.1387176513672,211.09445190429688,211.0503387451172,211.01144409179688,210.97018432617188
213.5046844482422,213.45916748046875,213.4014892578125,213.33749389648438,213.27029418945312,213.19960021972656,213.12425231933594,213.04429626464844,212.96078491210938,212.87496948242188,212.7886505126953,212.70465087890625,212.62496948242188,212.54849243164062,212.47186279296875,212.39404296875,212.31846618652344,212.2490997314453,212.1851806640625,212.12168884277344,212.05633544921875,211.99427795410156,211.94358825683594,211.90618896484375,211.87503051757812,211.842041015625,211.80755615234375,211.780029296875,211.76548767089844,211.76004028320312,211.75477600097656,211.74600219726562,211.73699951171875,211.73019409179688,211.7222900390625,211.70916748046875,211.69198608398438,211.6745147705078,211.65618896484375,211.63204956054688,211.5994873046875,211.5613250732422,211.52133178710938,211.47967529296875
213.30758666992188,213.28150939941406,213.24476623535156,213.2002410888672,213.14981079101562,213.093994140625,213.03321838378906,212.96910095214844,212.9040985107422,212.84002685546875,212.777099609375,212.7141876220703,212.64987182617188,212.58389282226562,212.51809692382812,212.45590209960938,212.39999389648438,212.34974670410156,212.3013916015625,212.25201416015625,212.20346069335938,212.16146850585938,212.13002014160156,212.1066436767578,212.08462524414062,212.0602569580078,212.0368194580078,212.02044677734375,212.0122833251953,212.006591796875,211.99710083007812,211.98411560058594,211.9730224609375,211.966552734375,211.96047973632812,211.94821166992188,211.92819213867188,211.9049072265625,211.88275146484375,211.86077880859375,211.83387756347656,211.79835510253906,211.7557373046875,211.71145629882812
212.69537353515625,212.69073486328125,212.6791534423828,212.66078186035156,212.63609313964844,212.60626220703125,212.5733642578125,212.5402374267578,212.5093536376953,212.48150634765625,212.45513916015625,212.42723083496094,212.39532470703125,212.35916137695312,212.32102966308594,212.28424072265625,212.25083923339844,212.22071838378906,212.19244384765625,212.16549682617188,212.14102172851562,212.1203155517578,212.10256958007812,212.0849609375,212.0654754638672,212.04571533203125,212.02975463867188,212.01963806152344,212.01210021972656,212.00100708007812,211.98350524902344,211.9632568359375,211.94676208496094,211.93612670898438,211.92623901367188,211.909423828125,211.88299560546875,211.85150146484375,211.82164001464844,211.79527282714844,211.767822265625,211.7330322265625,211.68943786621094,211.641845703125
211.75930786132812,211.78109741210938,211.79917907714844,211.81375122070312,211.825439453125,211.83480834960938,211.84219360351562,211.84771728515625,211.85174560546875,211.85491943359375,211.858154296875,211.86212158203125,211.86703491210938,211.87229919433594,211.8766632080078,211.8786163330078,211.87709045410156,211.8722686767578,211.86566162109375,211.85934448242188,211.85433959960938,211.8494873046875,211.84194946289062,211.8293914794922,211.81251525878906,211.79507446289062,211.78102111816406,211.77093505859375,211.76112365722656,211.74667358398438,211.72579956054688,211.70140075683594,211.6779327392578,211.6566619873047,211.63417053222656,211.60543823242188,211.5689697265625,211.52850341796875,211.48971557617188,211.455078125,211.4217529296875,211.38430786132812,211.33966064453125,211.28953552246094
210.66461181640625,210.7115020751953,210.75479125976562,210.79747009277344,210.84243774414062,210.89065551757812,210.94036865234375,210.98805236816406,211.03065490722656,211.06744384765625,211.10055541992188,211.13368225097656,211.16978454589844,211.20909118652344,211.2488250732422,211.28463745117188,211.31309509277344,211.3334503173828,211.34771728515625,211.35891723632812,211.36883544921875,211.376708984375,211.37997436523438,211.37649536132812,211.36634826660156,211.35183715820312,211.33563232421875,211.3186798095703,211.29954528808594,211.2760467529297,211.24742126464844,211.2150115966797,211.18099975585938,211.14627075195312,211.10955810546875,211.06883239746094,211.02352905273438,210.9753875732422,210.92727661132812,210.8807830810547,210.83509826660156,210.78793334960938,210.7377471923828,210.6850128173828
209.49851989746094,209.5645294189453,209.6277313232422,209.69354248046875,209.76708984375,209.85047912597656,209.94166564941406,210.03536987304688,210.12557983398438,210.2081756591797,210.28228759765625,210.34976196289062,210.41319274902344,210.47393798828125,210.53118896484375,210.5826416015625,210.62606811523438,210.66078186035156,210.6879119873047,210.7094268798828,210.72674560546875,210.73973083496094,210.74697875976562,210.74688720703125,210.73867797851562,210.72288513183594,210.7006072998047,210.6728515625,210.6400146484375,210.60232543945312,210.56044006347656,210.51571655273438,210.4697265625,210.42337036132812,210.3765869140625,210.32846069335938,210.27804565429688,210.22496032714844,210.16944885253906,210.1119384765625,210.05291748046875,209.99288940429688,209.93272399902344,209.87355041503906
208.3418731689453,208.43115234375,208.52218627929688,208.61880493164062,208.724365234375,208.8398895263672,208.9631805419922,209.0894317626953,209.2127685546875,209.32821655273438,209.43307495117188,209.5270233154297,209.61129760742188,209.68736267089844,209.7559814453125,209.8168487548828,209.86911010742188,209.9119110107422,209.94497680664062,209.968505859375,209.9830780029297,209.98915100097656,209.98716735839844,209.9774932861328,209.96072387695312,209.93759155273438,209.90875244140625,209.8746795654297,209.8355712890625,209.79156494140625,209.74305725097656,209.69088745117188,209.6361541748047,209.57998657226562,209.52313232421875,209.46578979492188,209.40762329101562,209.3480987548828,209.28671264648438,209.22320556640625,209.1577606201172,209.0909881591797,209.02378845214844,208.95709228515625
