earth/public/data/atmosphere/W07/ANN-rh-surface-level-gfs-1.0.json
{"header": {"discipline": 0, "disciplineName": "Meteorological products", "gribEdition": 2, "gribLength": 17922.0, "center": 0, "centerName": "Kiel Climate Model", "subcenter": 0, "refTime": "1", "significanceOfRT": 1, "significanceOfRTName": "Start of forecast", "productStatus": 0, "productStatusName": "Operational products", "productType": 1, "productTypeName": "Forecast products", "productDefinitionTemplate": 0, "productDefinitionTemplateName": "Analysis/forecast at horizontal level/layer at a point in time", "parameterCategory": 2, "parameterCategoryName": "Momentum", "parameterNumber": 2, "parameterNumberName": "U-component_of_wind", "parameterUnit": "%", "genProcessType": 2, "genProcessTypeName": "Forecast", "forecastTime": 0, "surface1Type": 103, "surface1TypeName": "Specified height level above ground", "surface1Value": 10, "surface2Type": 255, "surface2TypeName": "Missing", "surface2Value": 0, "gridDefinitionTemplate": 0, "gridDefinitionTemplateName": "Latitude_Longitude", "numberPoints": 65160, "shape": 6, "shapeName": "Earth spherical with radius of 6,371,229.0 m", "gridUnits": "degrees", "resolution": 48, "winds": "true", "scanMode": 0, "nx": 128.0, "ny": 64.0, "basicAngle": 0, "subDivisions": 0, "lo1": 0.0, "la1": 87.86379883923263, "lo2": 357.1875, "la2": -87.86379883923263, "dx": 2.8125, "dy": 2.7893269472772264}, "data":
[rows 38 to 56 of 64, columns 43 to 85 of 128]
0.644737720489502,0.6158342957496643,0.5867542028427124,0.5314793586730957,0.4870341420173645,0.516882061958313,0.5631433725357056,0.5526034832000732,0.5762408971786499,0.7043130993843079,0.8101784586906433,0.8020956516265869,0.7688875198364258,0.7748922109603882,0.7810990810394287,0.7765547633171082,0.7815710306167603,0.7872019410133362,0.7880678772926331,0.7916226983070374,0.7935348749160767,0.7935026288032532,0.794746458530426,0.7920841574668884,0.7903021574020386,0.7952324748039246,0.7957798838615417,0.791455864906311,0.7939743995666504,0.7959573268890381,0.7900481820106506,0.7875679731369019,0.7872823476791382,0.7804033160209656,0.7791518568992615,0.7858120203018188,0.7811660170555115,0.774103045463562,0.7848694324493408,0.7917903065681458,0.7815566658973694,0.785327672958374,0.8005130290985107
0.5152614116668701,0.49232491850852966,0.4975875914096832,0.5151342153549194,0.5045173168182373,0.476622611284256,0.4551078677177429,0.45476940274238586,0.5247278213500977,0.6692629456520081,0.7836077213287354,0.8029744029045105,0.78825843334198,0.7888741493225098,0.784699559211731,0.7752888202667236,0.781151294708252,0.7904551029205322,0.7892715334892273,0.788639485836029,0.7947112917900085,0.8005102276802063,0.8025802969932556,0.8026653528213501,0.8031662702560425,0.8036697506904602,0.8014636039733887,0.797940194606781,0.7963982820510864,0.7972222566604614,0.7997241020202637,0.7989379167556763,0.7912110686302185,0.7879686951637268,0.7954514622688293,0.7955337762832642,0.7853711247444153,0.7907993197441101,0.8062494397163391,0.798843264579773,0.7833353877067566,0.7927151322364807,0.8037509918212891
0.4924633800983429,0.47736603021621704,0.4745124876499176,0.5073077082633972,0.5054954886436462,0.4474635422229767,0.4067508280277252,0.43116629123687744,0.5037128329277039,0.5953497290611267,0.6813870668411255,0.7449296712875366,0.7832156419754028,0.79390949010849,0.7831862568855286,0.7779882550239563,0.7894814014434814,0.7968001365661621,0.7916029095649719,0.7896730899810791,0.7941300868988037,0.7955033779144287,0.7965825796127319,0.8019260764122009,0.8041031956672668,0.8012694120407104,0.8027723431587219,0.8074251413345337,0.8050941824913025,0.8010480403900146,0.8057259917259216,0.8098767399787903,0.8052518367767334,0.8044701218605042,0.8091943860054016,0.8034608364105225,0.7945010662078857,0.7991548180580139,0.801596462726593,0.7909790873527527,0.7927255630493164,0.807457447052002,0.8028034567832947
0.5474419593811035,0.536273181438446,0.5041573643684387,0.5056672096252441,0.48612913489341736,0.42051661014556885,0.38839399814605713,0.4274999797344208,0.4809834361076355,0.5222764015197754,0.5898199081420898,0.6882884502410889,0.7628512978553772,0.7816237807273865,0.7754965424537659,0.7816736698150635,0.7938480377197266,0.7926843762397766,0.7874143719673157,0.7923726439476013,0.7961963415145874,0.7888050079345703,0.7842796444892883,0.790300726890564,0.7932820320129395,0.7905710339546204,0.7958346605300903,0.8062043190002441,0.8066593408584595,0.8020623922348022,0.8049576282501221,0.8092888593673706,0.8081385493278503,0.8076556324958801,0.8071334958076477,0.8025572896003723,0.8020269274711609,0.8030726909637451,0.7925718426704407,0.786554217338562,0.8030815720558167,0.8114755153656006,0.793266236782074
0.5646194219589233,0.5599687695503235,0.5463027358055115,0.5617188811302185,0.5490524768829346,0.4784315526485443,0.4235212504863739,0.43476930260658264,0.4760420024394989,0.5251055955886841,0.6056723594665527,0.7039440870285034,0.7646993398666382,0.7767232060432434,0.779992938041687,0.7925695180892944,0.7959519624710083,0.7869172096252441,0.7869561314582825,0.7996044754981995,0.8048390746116638,0.7982351779937744,0.7961331605911255,0.8019148111343384,0.8034130334854126,0.8003243207931519,0.8016770482063293,0.8049181699752808,0.8043395280838013,0.8045309782028198,0.807182252407074,0.8070640563964844,0.8069370985031128,0.8101555705070496,0.8095764517784119,0.807315468788147,0.8142862319946289,0.819232165813446,0.8086757063865662,0.8037018179893494,0.8142309784889221,0.8080567717552185,0.787394642829895
0.6127561926841736,0.6120755076408386,0.6357020139694214,0.6863582134246826,0.6920486092567444,0.6144827008247375,0.518756091594696,0.48262009024620056,0.5152596235275269,0.5883918404579163,0.6719384789466858,0.7318294644355774,0.7533037066459656,0.7611545324325562,0.7791183590888977,0.7948222160339355,0.7935360670089722,0.7894924879074097,0.7963640689849854,0.8027615547180176,0.7998208403587341,0.7997336387634277,0.8093332052230835,0.8165357112884521,0.8153969645500183,0.814831018447876,0.8164275288581848,0.8136218190193176,0.8116562962532043,0.8178221583366394,0.8221574425697327,0.8176988363265991,0.8178855776786804,0.8267980813980103,0.8273981213569641,0.8194743394851685,0.8216292262077332,0.8288116455078125,0.8240870237350464,0.8185129165649414,0.8220072984695435,0.8162709474563599,0.8042529821395874
0.7405522465705872,0.7359894514083862,0.7545652389526367,0.7886553406715393,0.785916268825531,0.7178105711936951,0.6262331604957581,0.5781914591789246,0.5998690128326416,0.6632001399993896,0.717109203338623,0.7340716123580933,0.7341291904449463,0.750080943107605,0.7773429155349731,0.7897415161132812,0.7900147438049316,0.7988120913505554,0.8078645467758179,0.7954385280609131,0.7750861644744873,0.7773541212081909,0.7964621186256409,0.8044281601905823,0.8020923733711243,0.808554470539093,0.8189715147018433,0.8185737729072571,0.8167209029197693,0.8254196047782898,0.831224262714386,0.8248197436332703,0.8236580491065979,0.8347220420837402,0.8375985026359558,0.827303409576416,0.8245794773101807,0.8316434621810913,0.830855667591095,0.8257812857627869,0.831221878528595,0.8388969302177429,0.8372387886047363
0.817290723323822,0.8140432834625244,0.8109054565429688,0.8071621656417847,0.7930748462677002,0.7616300582885742,0.7217543125152588,0.6966255903244019,0.7038707733154297,0.7338480949401855,0.7570163607597351,0.7617499828338623,0.7683191299438477,0.7903637886047363,0.8083065748214722,0.8060200214385986,0.8028172850608826,0.8149147629737854,0.8184177875518799,0.791847288608551,0.7625371217727661,0.7653986811637878,0.7867226600646973,0.7947447299957275,0.7947434186935425,0.8073568344116211,0.8228116035461426,0.8226299285888672,0.8180862069129944,0.8256391882896423,0.8336552381515503,0.8292990922927856,0.8260366320610046,0.8342828750610352,0.8401850461959839,0.8368988037109375,0.8384875059127808,0.8471178412437439,0.847236156463623,0.8401470184326172,0.8431974053382874,0.8540507555007935,0.8545569181442261
0.8063086271286011,0.8136032819747925,0.8122212886810303,0.8024672269821167,0.7976857423782349,0.8013138771057129,0.7998713254928589,0.7861508131027222,0.7731671929359436,0.7742188572883606,0.7849745750427246,0.7975661754608154,0.8143046498298645,0.8328097462654114,0.8383097648620605,0.8282151818275452,0.8217774629592896,0.8265380859375,0.8214437961578369,0.7952176332473755,0.7725446224212646,0.7760037779808044,0.7908029556274414,0.7953952550888062,0.7979722619056702,0.8123486638069153,0.8260176777839661,0.8240103721618652,0.8188825845718384,0.8268312215805054,0.8381684422492981,0.8385884165763855,0.835614025592804,0.8400140404701233,0.8451791405677795,0.8449379205703735,0.8472368717193604,0.8545671701431274,0.8560305237770081,0.850045919418335,0.8491744995117188,0.8550655841827393,0.8549774289131165
0.8105550408363342,0.8219097256660461,0.8264559507369995,0.8234238624572754,0.8260208368301392,0.8363325595855713,0.8377740979194641,0.820367157459259,0.7979907393455505,0.7896138429641724,0.7961376905441284,0.8070902824401855,0.8180432915687561,0.8287821412086487,0.8349525332450867,0.8341886401176453,0.8315165638923645,0.8288611173629761,0.8201922178268433,0.805800199508667,0.7974395155906677,0.7996309399604797,0.8013932704925537,0.7968482375144958,0.7966358661651611,0.8070681095123291,0.8164511322975159,0.8158280849456787,0.815097987651825,0.8238345980644226,0.8337360620498657,0.8352339863777161,0.8346460461616516,0.839823305606842,0.8447065353393555,0.8425778150558472,0.8399155735969543,0.8438811302185059,0.8495898246765137,0.8511546850204468,0.8524636626243591,0.8571967482566833,0.8604871034622192
0.8368558287620544,0.8413034677505493,0.840026319026947,0.8351399898529053,0.8345034718513489,0.8381919860839844,0.8370611667633057,0.827887773513794,0.8200149536132812,0.8214197158813477,0.8270482420921326,0.8283807039260864,0.827201783657074,0.8309801816940308,0.8393953442573547,0.8443706631660461,0.8414894938468933,0.8347623944282532,0.8311707377433777,0.8343473672866821,0.8415462970733643,0.8447801470756531,0.8387289047241211,0.8285970091819763,0.8244991302490234,0.8275721073150635,0.8296880722045898,0.8278185725212097,0.8280582427978516,0.8325653076171875,0.834477424621582,0.8311960697174072,0.830930769443512,0.8386279940605164,0.846181333065033,0.8454574942588806,0.8417248129844666,0.844374418258667,0.8517758250236511,0.8555799126625061,0.8549016714096069,0.8561683893203735,0.8612496256828308
0.8380159139633179,0.837047278881073,0.8343073725700378,0.831798255443573,0.8317991495132446,0.8333814740180969,0.8341399431228638,0.835250735282898,0.8404619693756104,0.8490308523178101,0.8545746207237244,0.8537084460258484,0.8514102101325989,0.853538990020752,0.8572801947593689,0.854681134223938,0.8449703454971313,0.8380717635154724,0.8439373970031738,0.8610075116157532,0.8773710131645203,0.8828301429748535,0.8783819079399109,0.8730008602142334,0.8720455765724182,0.8718844056129456,0.8674085736274719,0.8608033657073975,0.8578857779502869,0.8581622242927551,0.8556464314460754,0.8496778011322021,0.8471892476081848,0.8515658378601074,0.8565197587013245,0.8557901382446289,0.8528577089309692,0.8545188307762146,0.8590527176856995,0.8586286902427673,0.8521819114685059,0.848084032535553,0.8520921468734741
0.8410764932632446,0.8408114314079285,0.8429486155509949,0.8465633392333984,0.8498157858848572,0.8508791923522949,0.849631667137146,0.8481038212776184,0.8483117818832397,0.8499787449836731,0.8517305850982666,0.8540788888931274,0.8586938977241516,0.8638699054718018,0.8636395335197449,0.8545555472373962,0.8424695730209351,0.8389513492584229,0.8494154214859009,0.8666635751724243,0.8781734704971313,0.8790754675865173,0.875849187374115,0.8769607543945312,0.8823444843292236,0.8845858573913574,0.8795197606086731,0.8719180822372437,0.8690062761306763,0.871303141117096,0.8733403086662292,0.8719687461853027,0.8694987297058105,0.8681989312171936,0.8663110733032227,0.8620929718017578,0.8583004474639893,0.8586007952690125,0.8612383008003235,0.8607767820358276,0.8563071489334106,0.8536273837089539,0.8571870923042297
0.8629617691040039,0.8625151515007019,0.8629449009895325,0.8640677332878113,0.8653201460838318,0.8662254214286804,0.8665615320205688,0.8661594390869141,0.8649102449417114,0.8634487986564636,0.8637231588363647,0.8678028583526611,0.8749946355819702,0.880535364151001,0.8790085315704346,0.8703308701515198,0.8614909648895264,0.8605038523674011,0.8681308031082153,0.8767784237861633,0.878560483455658,0.873749315738678,0.8699352741241455,0.8729308247566223,0.8801642060279846,0.8841866850852966,0.8816768527030945,0.8770120143890381,0.8766666650772095,0.8819338083267212,0.8885158896446228,0.8920373916625977,0.8917774558067322,0.8891231417655945,0.8848667144775391,0.8794988393783569,0.8746568560600281,0.8721126317977905,0.871494710445404,0.8707594275474548,0.8692559599876404,0.8686896562576294,0.8700726628303528
0.8827125430107117,0.8800628185272217,0.875808835029602,0.8712326884269714,0.8683931231498718,0.8691065311431885,0.8735743761062622,0.8799707889556885,0.8857314586639404,0.8896306157112122,0.8925960063934326,0.8961577415466309,0.8999737501144409,0.9013418555259705,0.8978610634803772,0.890710175037384,0.8846271634101868,0.8838651180267334,0.8881053328514099,0.8929042816162109,0.8944533467292786,0.8934601545333862,0.8938359022140503,0.8978086709976196,0.9032173156738281,0.9060691595077515,0.9052056670188904,0.9035665392875671,0.9047830700874329,0.9092867374420166,0.9142496585845947,0.9167986512184143,0.9164310097694397,0.9143266677856445,0.9112839698791504,0.9070370197296143,0.901235818862915,0.8943369388580322,0.8874067664146423,0.8815054297447205,0.8773729801177979,0.8752130270004272,0.8744059801101685
0.9025663137435913,0.9022096395492554,0.9017740488052368,0.9000427722930908,0.8976207971572876,0.8963632583618164,0.8977176547050476,0.9015151858329773,0.9062433242797852,0.9103614091873169,0.9132457375526428,0.9148768782615662,0.9148862361907959,0.9123528599739075,0.9068654775619507,0.8997419476509094,0.8938208818435669,0.8916517496109009,0.8937080502510071,0.8983581066131592,0.9035135507583618,0.9081522822380066,0.9122710824012756,0.9157775640487671,0.917999804019928,0.9185101985931396,0.9180958271026611,0.9183783531188965,0.9202477335929871,0.9228550791740417,0.9244063496589661,0.9239451885223389,0.9221739768981934,0.9204699993133545,0.9192567467689514,0.9175000190734863,0.9137865900993347,0.9078192710876465,0.9008908867835999,0.8949993848800659,0.8914511203765869,0.8901141285896301,0.8898627161979675
0.9036303758621216,0.9074768424034119,0.9135922193527222,0.9185997247695923,0.9208292365074158,0.9208831787109375,0.9206722378730774,0.9219174385070801,0.9252067804336548,0.9299848675727844,0.9350722432136536,0.9391533136367798,0.9410572648048401,0.9400302767753601,0.9361152648925781,0.9303863644599915,0.9246601462364197,0.9206838607788086,0.9192982912063599,0.9201520085334778,0.9220952987670898,0.9238693714141846,0.9246340990066528,0.924180805683136,0.9229329228401184,0.9217739105224609,0.9216137528419495,0.9227667450904846,0.92457115650177,0.9257126450538635,0.9251810908317566,0.9231157302856445,0.9207521677017212,0.9194296598434448,0.919505774974823,0.9201327562332153,0.9200884103775024,0.9188908338546753,0.9171967506408691,0.9161359667778015,0.9161760807037354,0.9165198802947998,0.9155960083007812
0.8506691455841064,0.8511658906936646,0.853204607963562,0.8553076982498169,0.8567051291465759,0.8579190969467163,0.860381543636322,0.8655002117156982,0.873834490776062,0.8848291039466858,0.8971194624900818,0.909112274646759,0.9195177555084229,0.9276540875434875,0.9334927797317505,0.937489926815033,0.9402762651443481,0.9423245787620544,0.9437415599822998,0.9442926645278931,0.9436505436897278,0.941724419593811,0.9388846755027771,0.9359504580497742,0.9339237213134766,0.9335652589797974,0.9349939227104187,0.9375339150428772,0.9399593472480774,0.9410779476165771,0.9403531551361084,0.9381603598594666,0.9354826807975769,0.9332384467124939,0.9317256808280945,0.93059241771698,0.9293306469917297,0.9278588891029358,0.9266945719718933,0.9265313148498535,0.927548885345459,0.9290097951889038,0.9295181632041931
0.8000921010971069,0.7957537174224854,0.7905826568603516,0.7848552465438843,0.7789923548698425,0.7737113237380981,0.769911527633667,0.7684022784233093,0.7696736454963684,0.7738575339317322,0.7808727622032166,0.7906186580657959,0.8030651807785034,0.8181645274162292,0.835634171962738,0.8547406196594238,0.8742254972457886,0.8924511075019836,0.9077451825141907,0.9188401699066162,0.9252484440803528,0.92742520570755,0.926643967628479,0.9246124625205994,0.9229531288146973,0.9227322340011597,0.9242103099822998,0.9269044399261475,0.9299198985099792,0.93239825963974,0.9338616132736206,0.9342949390411377,0.9339654445648193,0.9331286549568176,0.9318425059318542,0.9300270080566406,0.9277151226997375,0.9253022074699402,0.9235713481903076,0.923424482345581,0.9254545569419861,0.9296096563339233,0.9351640939712524
