earth/public/data/atmosphere/W07/ANN-temp-isobaric-500hPa-gfs-1.0.json
{"header": {"discipline": 0, "disciplineName": "Meteorological products", "gribEdition": 2, "gribLength": 17922.0, "center": 0, "centerName": "Kiel Climate Model", "subcenter": 0, "refTime": "1", "significanceOfRT": 1, "significanceOfRTName": "Start of forecast", "productStatus": 0, "productStatusName": "Operational products", "productType": 1, "productTypeName": "Forecast products", "productDefinitionTemplate": 0, "productDefinitionTemplateName": "Analysis/forecast at horizontal level/layer at a point in time", "parameterCategory": 2, "parameterCategoryName": "Momentum", "parameterNumber": 2, "parameterNumberName": "U-component_of_wind", "parameterUnit": "K", "genProcessType": 2, "genProcessTypeName": "Forecast", "forecastTime": 0, "surface1Type": 103, "surface1TypeName": "Specified height level above ground", "surface1Value": 10, "surface2Type": 255, "surface2TypeName": "Missing", "surface2Value": 0, "gridDefinitionTemplate": 0, "gridDefinitionTemplateName": "Latitude_Longitude", "numberPoints": 65160, "shape": 6, "shapeName": "Earth spherical with radius of 6,371,229.0 m", "gridUnits": "degrees", "resolution": 48, "winds": "true", "scanMode": 0, "nx": 128.0, "ny": 64.0, "basicAngle": 0, "subDivisions": 0, "lo1": 0.0, "la1": 87.86379883923263, "lo2": 357.1875, "la2": -87.86379883923263, "dx": 2.8125, "dy": 2.7893269472772264}, "data":
[rows 20 to 39 of 64, columns 44 to 87 of 128]
260.93609619140625,260.8072204589844,260.72308349609375,260.6740417480469,260.617919921875,260.5608825683594,260.51947021484375,260.4714050292969,260.41448974609375,260.3803405761719,260.3523864746094,260.27862548828125,260.1711730957031,260.0789489746094,259.98638916015625,259.8510437011719,259.6951904296875,259.5602722167969,259.42877197265625,259.2707824707031,259.1044921875,258.95684814453125,258.82427978515625,258.7002258300781,258.5911560058594,258.49981689453125,258.4247741699219,258.3677673339844,258.3291015625,258.3097229003906,258.3126525878906,258.3351135253906,258.3810729980469,258.47064208984375,258.60748291015625,258.7686767578125,258.9580078125,259.210205078125,259.5129699707031,259.8026123046875,260.0577087402344,260.3006286621094,260.4962463378906,260.5709533691406
262.97467041015625,262.91656494140625,262.8746032714844,262.8121643066406,262.7182922363281,262.6396484375,262.5907897949219,262.5268859863281,262.4368591308594,262.3504333496094,262.2519836425781,262.10638427734375,261.9418640136719,261.79547119140625,261.635498046875,261.4337463378906,261.22998046875,261.0494384765625,260.8580627441406,260.64825439453125,260.4610900878906,260.3039245605469,260.1480712890625,259.9983825683594,259.881591796875,259.7982177734375,259.7387390136719,259.7027282714844,259.68310546875,259.67694091796875,259.69793701171875,259.7491455078125,259.8223571777344,259.9289245605469,260.0764465332031,260.2416687011719,260.4186706542969,260.64129638671875,260.9132080078125,261.1866760253906,261.4391784667969,261.6899719238281,261.9166564941406,262.0378112792969
264.926513671875,264.89483642578125,264.8482666015625,264.7556457519531,264.6332092285156,264.534912109375,264.4617004394531,264.36480712890625,264.2340393066406,264.0955505371094,263.9471130371094,263.77386474609375,263.5882263183594,263.3957214355469,263.1779479980469,262.94366455078125,262.7247314453125,262.51220703125,262.28057861328125,262.05792236328125,261.88067626953125,261.7230224609375,261.55560302734375,261.4079284667969,261.30474853515625,261.2242431640625,261.15643310546875,261.11627197265625,261.0982971191406,261.095947265625,261.127197265625,261.19134521484375,261.2654113769531,261.35772705078125,261.48968505859375,261.64617919921875,261.80926513671875,261.9942626953125,262.21112060546875,262.4405822753906,262.66400146484375,262.88140869140625,263.0893249511719,263.2409362792969
266.5895080566406,266.5401916503906,266.46771240234375,266.3677062988281,266.25726318359375,266.1515197753906,266.0362548828125,265.8993225097656,265.749267578125,265.5896301269531,265.4178161621094,265.24029541015625,265.05316162109375,264.8376770019531,264.59967041015625,264.37030029296875,264.15350341796875,263.9255676269531,263.693603515625,263.4929504394531,263.32147216796875,263.1470947265625,262.9804382324219,262.86029052734375,262.77496337890625,262.68524169921875,262.6020202636719,262.5548400878906,262.53131103515625,262.51971435546875,262.5401916503906,262.5914306640625,262.65106201171875,262.72979736328125,262.8470764160156,262.9889831542969,263.1390686035156,263.2972106933594,263.4636535644531,263.6421203613281,263.82489013671875,263.9843444824219,264.1220703125,264.2472229003906
267.6533508300781,267.5987243652344,267.51788330078125,267.427734375,267.348388671875,267.2593994140625,267.13519287109375,267.0025634765625,266.8826904296875,266.74188232421875,266.5661315917969,266.38824462890625,266.2113037109375,266.0115051269531,265.804443359375,265.6112060546875,265.4088439941406,265.19036865234375,264.99481201171875,264.82977294921875,264.6551513671875,264.4683837890625,264.3158874511719,264.20794677734375,264.1040344238281,263.99224853515625,263.90948486328125,263.86883544921875,263.8393859863281,263.8122863769531,263.8106994628906,263.8370666503906,263.8835144042969,263.96038818359375,264.0628662109375,264.17401123046875,264.30426025390625,264.45452880859375,264.59637451171875,264.7323913574219,264.8720397949219,264.97430419921875,265.02685546875,265.0718688964844
268.1413879394531,268.1223449707031,268.0633544921875,267.97955322265625,267.9172668457031,267.860595703125,267.76995849609375,267.67401123046875,267.59814453125,267.4980163574219,267.3546142578125,267.20684814453125,267.06072998046875,266.8968505859375,266.73284912109375,266.5755310058594,266.3958740234375,266.20751953125,266.05267333984375,265.91021728515625,265.74273681640625,265.5828857421875,265.4633483886719,265.3498840332031,265.219482421875,265.1084289550781,265.04248046875,264.99847412109375,264.9534606933594,264.918212890625,264.9069519042969,264.9153747558594,264.9471740722656,265.01123046875,265.0853576660156,265.1558532714844,265.2562561035156,265.3873291015625,265.49444580078125,265.5718994140625,265.6500244140625,265.70269775390625,265.70697021484375,265.6949462890625
268.28314208984375,268.30877685546875,268.29071044921875,268.2198181152344,268.1661682128906,268.141845703125,268.0955810546875,268.02825927734375,267.9681396484375,267.9010925292969,267.8181457519531,267.73370361328125,267.6358947753906,267.5110778808594,267.3802490234375,267.2508850097656,267.1068115234375,266.963134765625,266.8372802734375,266.70294189453125,266.5572814941406,266.4418640136719,266.34625244140625,266.2249450683594,266.10369873046875,266.0281982421875,265.9724426269531,265.90411376953125,265.84490966796875,265.81524658203125,265.80352783203125,265.7993469238281,265.810546875,265.84283447265625,265.88128662109375,265.9195861816406,265.9808044433594,266.0581970214844,266.106201171875,266.1236572265625,266.13983154296875,266.145263671875,266.1298828125,266.10516357421875
268.2288513183594,268.2743835449219,268.2981262207031,268.2597961425781,268.2213134765625,268.2195129394531,268.2158203125,268.18499755859375,268.137451171875,268.08575439453125,268.0395812988281,267.9939880371094,267.92987060546875,267.8456726074219,267.7554931640625,267.6612548828125,267.5614318847656,267.4649963378906,267.3668518066406,267.25189208984375,267.1391906738281,267.0505676269531,266.9523010253906,266.8288269042969,266.7366027832031,266.68768310546875,266.62200927734375,266.54052734375,266.4934387207031,266.4705810546875,266.4439697265625,266.42535400390625,266.4210510253906,266.4241638183594,266.436279296875,266.4535217285156,266.47113037109375,266.4859924316406,266.4895935058594,266.4861755371094,266.4775390625,266.4508972167969,266.4173889160156,266.38818359375
268.0939636230469,268.1362609863281,268.190185546875,268.19305419921875,268.17156982421875,268.1723937988281,268.1962585449219,268.2164001464844,268.207763671875,268.1769714355469,268.14471435546875,268.1041564941406,268.0506896972656,268.0025329589844,267.9579162597656,267.8998107910156,267.83343505859375,267.7682800292969,267.697265625,267.6180725097656,267.54443359375,267.4752197265625,267.3868408203125,267.28997802734375,267.2262268066406,267.17864990234375,267.1075439453125,267.0491638183594,267.03076171875,267.001953125,266.95330810546875,266.9281311035156,266.91778564453125,266.903564453125,266.9007873535156,266.897705078125,266.8768615722656,266.8555908203125,266.8403625488281,266.8243713378906,266.8061828613281,266.7763366699219,266.7417297363281,266.71588134765625
267.9928894042969,268.03082275390625,268.1097717285156,268.15533447265625,268.1608581542969,268.1611633300781,268.18280029296875,268.22003173828125,268.2381896972656,268.2359619140625,268.23223876953125,268.21112060546875,268.1729431152344,268.1495056152344,268.1335754394531,268.10101318359375,268.0592041015625,268.0141296386719,267.9627990722656,267.91339111328125,267.868408203125,267.8206787109375,267.7685852050781,267.7205810546875,267.6820983886719,267.6368103027344,267.5828552246094,267.5555419921875,267.54571533203125,267.5051574707031,267.4581604003906,267.4424743652344,267.42340087890625,267.3945617675781,267.3838806152344,267.3603210449219,267.3147277832031,267.29046630859375,267.2677001953125,267.2156677246094,267.1744079589844,267.1555480957031,267.12939453125,267.1056213378906
267.93292236328125,267.9864501953125,268.0904541015625,268.1697082519531,268.2184753417969,268.249755859375,268.27423095703125,268.3024597167969,268.3193359375,268.328125,268.3447265625,268.3465881347656,268.3290100097656,268.3202819824219,268.3135986328125,268.2958068847656,268.2784423828125,268.2540283203125,268.2159423828125,268.1799011230469,268.144775390625,268.1054992675781,268.07354736328125,268.04815673828125,268.01824951171875,267.98052978515625,267.94232177734375,267.9162902832031,267.8878479003906,267.841064453125,267.8101806640625,267.8013000488281,267.7686767578125,267.7322082519531,267.72271728515625,267.68829345703125,267.63287353515625,267.618896484375,267.6001892089844,267.53125,267.4831848144531,267.468017578125,267.423828125,267.3771057128906
267.8750915527344,267.9590148925781,268.0688781738281,268.14373779296875,268.2111511230469,268.27801513671875,268.3325500488281,268.3877258300781,268.43145751953125,268.4522705078125,268.4618225097656,268.456298828125,268.4436340332031,268.44244384765625,268.43621826171875,268.41925048828125,268.40985107421875,268.39385986328125,268.36016845703125,268.3270568847656,268.2929992675781,268.2516784667969,268.2141418457031,268.1790771484375,268.1434326171875,268.10955810546875,268.0697021484375,268.0270080566406,267.985107421875,267.9375305175781,267.9019470214844,267.8811340332031,267.84521484375,267.81353759765625,267.80609130859375,267.7746887207031,267.7259521484375,267.7132263183594,267.69537353515625,267.64251708984375,267.61248779296875,267.5884704589844,267.5174560546875,267.4592590332031
267.8507995605469,267.9485778808594,268.04266357421875,268.0879821777344,268.12603759765625,268.17138671875,268.224853515625,268.3074951171875,268.395751953125,268.45159912109375,268.47186279296875,268.46234130859375,268.44610595703125,268.4451904296875,268.4390563964844,268.41766357421875,268.39959716796875,268.3778991699219,268.3441162109375,268.31060791015625,268.2754821777344,268.2362365722656,268.1982421875,268.1564025878906,268.11810302734375,268.087646484375,268.04425048828125,267.9956970214844,267.96099853515625,267.9181213378906,267.86572265625,267.8327331542969,267.8082275390625,267.77923583984375,267.757568359375,267.73419189453125,267.7090759277344,267.69305419921875,267.66204833984375,267.6197204589844,267.59619140625,267.5572204589844,267.4884338378906,267.4556884765625
267.89959716796875,267.9872131347656,268.07635498046875,268.1190490722656,268.12701416015625,268.1177978515625,268.1155090332031,268.14849853515625,268.20697021484375,268.2706604003906,268.3221130371094,268.33221435546875,268.310302734375,268.29718017578125,268.2919006347656,268.2757263183594,268.25323486328125,268.2278137207031,268.2001953125,268.1697692871094,268.1304016113281,268.0935363769531,268.06475830078125,268.0252685546875,267.9836730957031,267.95556640625,267.91741943359375,267.8702392578125,267.8405456542969,267.8079528808594,267.75946044921875,267.72857666015625,267.71246337890625,267.6796569824219,267.6397399902344,267.6158752441406,267.60693359375,267.5936584472656,267.56103515625,267.5261535644531,267.49920654296875,267.4559631347656,267.4093017578125,267.39306640625
267.99249267578125,268.0704345703125,268.1675720214844,268.2243957519531,268.2269592285156,268.19915771484375,268.16009521484375,268.11669921875,268.0873718261719,268.10400390625,268.14892578125,268.1546936035156,268.111328125,268.07318115234375,268.0594482421875,268.0456848144531,268.0174255371094,267.98260498046875,267.9556579589844,267.92718505859375,267.879638671875,267.8349609375,267.8083801269531,267.76922607421875,267.718505859375,267.6884460449219,267.6607666015625,267.61370849609375,267.57476806640625,267.55206298828125,267.5240173339844,267.49310302734375,267.46820068359375,267.44158935546875,267.4091796875,267.37646484375,267.3507995605469,267.3316345214844,267.3116455078125,267.29205322265625,267.2703552246094,267.23956298828125,267.2118835449219,267.18658447265625
268.0623474121094,268.1211242675781,268.20123291015625,268.244384765625,268.2380676269531,268.217041015625,268.1850280761719,268.1251220703125,268.0639953613281,268.0435791015625,268.0425109863281,268.00640869140625,267.9376220703125,267.87823486328125,267.84222412109375,267.81414794921875,267.7740478515625,267.72088623046875,267.6778259277344,267.64251708984375,267.5866394042969,267.52630615234375,267.4893798828125,267.4480285644531,267.38916015625,267.3494567871094,267.3249816894531,267.2795104980469,267.2306823730469,267.2099609375,267.1939697265625,267.15423583984375,267.1123962402344,267.0957336425781,267.0839538574219,267.04632568359375,266.9959716796875,266.9599609375,266.9356689453125,266.9104309082031,266.8821716308594,266.85498046875,266.8301086425781,266.7945556640625
268.02239990234375,268.0088195800781,268.03680419921875,268.0589904785156,268.0475158691406,268.0190124511719,267.9787292480469,267.93255615234375,267.9070739746094,267.8977966308594,267.8640441894531,267.79931640625,267.7332458496094,267.6721496582031,267.61248779296875,267.5687561035156,267.5315246582031,267.4757080078125,267.41851806640625,267.37750244140625,267.3251647949219,267.257568359375,267.20562744140625,267.1590576171875,267.09454345703125,267.03546142578125,266.9946594238281,266.9448547363281,266.8872985839844,266.8514404296875,266.8265075683594,266.7813415527344,266.7293701171875,266.6996154785156,266.6773986816406,266.6359558105469,266.5848388671875,266.5397644042969,266.4939270019531,266.4421081542969,266.3902282714844,266.34283447265625,266.2969055175781,266.2442626953125
267.75225830078125,267.62603759765625,267.58294677734375,267.5934143066406,267.59954833984375,267.5679626464844,267.5009765625,267.4488830566406,267.4512634277344,267.4659118652344,267.43792724609375,267.3907470703125,267.359130859375,267.3168029785156,267.2519836425781,267.2061767578125,267.1829833984375,267.1403503417969,267.0833435058594,267.0443115234375,267.00677490234375,266.94842529296875,266.8889465332031,266.8369445800781,266.7740783691406,266.7034606933594,266.6409912109375,266.5797424316406,266.5110168457031,266.445556640625,266.3902587890625,266.3369140625,266.2794494628906,266.21795654296875,266.15380859375,266.09320068359375,266.0386657714844,265.9800720214844,265.91259765625,265.84393310546875,265.7765808105469,265.70904541015625,265.64105224609375,265.5675354003906
267.12860107421875,266.92529296875,266.8009033203125,266.762451171875,266.7674560546875,266.7480163574219,266.6788330078125,266.619384765625,266.6254577636719,266.661376953125,266.67388916015625,266.6769104003906,266.6899719238281,266.68402099609375,266.64764404296875,266.6160583496094,266.59954833984375,266.5699768066406,266.5254821777344,266.4894714355469,266.4578857421875,266.41094970703125,266.35308837890625,266.2987976074219,266.24444580078125,266.17999267578125,266.1089782714844,266.0401916503906,265.9689636230469,265.885009765625,265.7964172363281,265.72039794921875,265.65020751953125,265.5646667480469,265.4671936035156,265.3766174316406,265.29052734375,265.198486328125,265.1091613769531,265.0283203125,264.9476623535156,264.87249755859375,264.8080749511719,264.7359924316406
266.0928955078125,265.8865966796875,265.7007141113281,265.583984375,265.5459289550781,265.5181579589844,265.4488220214844,265.3819580078125,265.3821716308594,265.43878173828125,265.50189208984375,265.5543212890625,265.6019287109375,265.63909912109375,265.6559753417969,265.6557312011719,265.64996337890625,265.6437683105469,265.6307067871094,265.60552978515625,265.5730895996094,265.53521728515625,265.486083984375,265.43048095703125,265.37744140625,265.3173828125,265.2411804199219,265.1650085449219,265.0977783203125,265.0185546875,264.92010498046875,264.8243408203125,264.7359619140625,264.6373291015625,264.5291442871094,264.42144775390625,264.3082580566406,264.1919860839844,264.08734130859375,263.9858703613281,263.8785705566406,263.7925720214844,263.73565673828125,263.6700134277344
