earth/public/data/atmosphere/W07/ANN-temp-isobaric-850hPa-gfs-1.0.json
{"header": {"discipline": 0, "disciplineName": "Meteorological products", "gribEdition": 2, "gribLength": 17922.0, "center": 0, "centerName": "Kiel Climate Model", "subcenter": 0, "refTime": "1", "significanceOfRT": 1, "significanceOfRTName": "Start of forecast", "productStatus": 0, "productStatusName": "Operational products", "productType": 1, "productTypeName": "Forecast products", "productDefinitionTemplate": 0, "productDefinitionTemplateName": "Analysis/forecast at horizontal level/layer at a point in time", "parameterCategory": 2, "parameterCategoryName": "Momentum", "parameterNumber": 2, "parameterNumberName": "U-component_of_wind", "parameterUnit": "K", "genProcessType": 2, "genProcessTypeName": "Forecast", "forecastTime": 0, "surface1Type": 103, "surface1TypeName": "Specified height level above ground", "surface1Value": 10, "surface2Type": 255, "surface2TypeName": "Missing", "surface2Value": 0, "gridDefinitionTemplate": 0, "gridDefinitionTemplateName": "Latitude_Longitude", "numberPoints": 65160, "shape": 6, "shapeName": "Earth spherical with radius of 6,371,229.0 m", "gridUnits": "degrees", "resolution": 48, "winds": "true", "scanMode": 0, "nx": 128.0, "ny": 64.0, "basicAngle": 0, "subDivisions": 0, "lo1": 0.0, "la1": 87.86379883923263, "lo2": 357.1875, "la2": -87.86379883923263, "dx": 2.8125, "dy": 2.7893269472772264}, "data":
[rows 40 to 59 of 64, columns 44 to 87 of 128]
289.5362548828125,289.5606689453125,289.35430908203125,288.9104919433594,288.55084228515625,288.5220947265625,288.4742736816406,287.8208923339844,286.6434326171875,285.6234436035156,285.1181640625,284.91522216796875,284.7803649902344,284.71063232421875,284.7288818359375,284.7691345214844,284.7666320800781,284.7358093261719,284.72454833984375,284.7278137207031,284.70574951171875,284.6571960449219,284.616455078125,284.6134338378906,284.6399230957031,284.6401062011719,284.5999450683594,284.58917236328125,284.6114807128906,284.5829162597656,284.53240966796875,284.5473327636719,284.5567626953125,284.49163818359375,284.4529724121094,284.4403076171875,284.30279541015625,284.0965881347656,283.97479248046875,283.80450439453125,283.45941162109375,283.1676940917969,283.04388427734375,282.8097839355469
287.1676025390625,287.1163024902344,287.08575439453125,286.9906311035156,286.8887023925781,286.85528564453125,286.81048583984375,286.525390625,285.8821105957031,285.0432434082031,284.2900085449219,283.7886047363281,283.539306640625,283.446044921875,283.40557861328125,283.3740539550781,283.36138916015625,283.37103271484375,283.3736877441406,283.34466552734375,283.28887939453125,283.2122497558594,283.122314453125,283.0589599609375,283.03900146484375,283.01251220703125,282.9757995605469,283.0036926269531,283.0774230957031,283.09197998046875,283.0668640136719,283.08416748046875,283.0991516113281,283.0732116699219,283.07745361328125,283.0876770019531,283.0091247558594,282.9127502441406,282.8578186035156,282.6982116699219,282.43060302734375,282.2857666015625,282.2155456542969,281.9369812011719
284.313720703125,284.22552490234375,284.3272399902344,284.51580810546875,284.6878967285156,284.8218078613281,284.9623718261719,285.01983642578125,284.75018310546875,284.08538818359375,283.31549072265625,282.7846984863281,282.5277404785156,282.3403015136719,282.1108703613281,281.9285888671875,281.8834228515625,281.9049377441406,281.87237548828125,281.79718017578125,281.77337646484375,281.7921142578125,281.7624206542969,281.6837463378906,281.624267578125,281.57867431640625,281.5154724121094,281.4732666015625,281.4750671386719,281.48138427734375,281.4928283691406,281.5353698730469,281.5693054199219,281.5670471191406,281.56951904296875,281.5747375488281,281.5491943359375,281.5313415527344,281.5311279296875,281.47418212890625,281.3827209472656,281.3339538574219,281.2237854003906,280.95916748046875
281.6968688964844,281.6895751953125,281.7902526855469,281.9657897949219,282.1843566894531,282.4595947265625,282.79144287109375,283.01507568359375,282.8907165527344,282.4347229003906,281.9580993652344,281.67755126953125,281.488037109375,281.2202453613281,280.92742919921875,280.7771911621094,280.7819519042969,280.78631591796875,280.69293212890625,280.5769348144531,280.5335388183594,280.5169372558594,280.4371643066406,280.3290710449219,280.2786560058594,280.258056640625,280.18829345703125,280.08441162109375,280.0066223144531,279.9602966308594,279.931396484375,279.9217224121094,279.9177551269531,279.91204833984375,279.92724609375,279.95965576171875,279.9726257324219,279.966796875,279.9725341796875,279.9908142089844,279.9976501464844,279.9605712890625,279.8623352050781,279.7622985839844
279.4057312011719,279.5024108886719,279.586669921875,279.6736755371094,279.80328369140625,280.0228271484375,280.2951965332031,280.46435546875,280.4314880371094,280.313232421875,280.2673034667969,280.230224609375,280.03460693359375,279.7284240722656,279.54364013671875,279.5624694824219,279.62799072265625,279.6023254394531,279.5314636230469,279.5050354003906,279.48895263671875,279.3893737792969,279.2164306640625,279.0782470703125,279.0195617675781,278.9737548828125,278.8966979980469,278.83233642578125,278.8064880371094,278.7748107910156,278.714111328125,278.6571044921875,278.62030029296875,278.5942687988281,278.5920104980469,278.61798095703125,278.6287841796875,278.6024475097656,278.5882873535156,278.61578369140625,278.623779296875,278.56982421875,278.53741455078125,278.6002197265625
277.09307861328125,277.1615905761719,277.279296875,277.45489501953125,277.6517333984375,277.84124755859375,277.9971923828125,278.0988464355469,278.1969299316406,278.3790283203125,278.5894775390625,278.6204528808594,278.40423583984375,278.1673583984375,278.1324462890625,278.2098388671875,278.17913818359375,278.05279541015625,278.03106689453125,278.16253662109375,278.27886962890625,278.2643127441406,278.1909484863281,278.14239501953125,278.0718994140625,277.92474365234375,277.7728271484375,277.70697021484375,277.68408203125,277.6109924316406,277.5091247558594,277.45989990234375,277.4483642578125,277.40362548828125,277.3399353027344,277.3179016113281,277.3202819824219,277.30120849609375,277.29437255859375,277.3359069824219,277.3598937988281,277.32073974609375,277.316650390625,277.405517578125
274.96356201171875,274.9989929199219,275.13568115234375,275.38238525390625,275.6447448730469,275.8436279296875,275.97979736328125,276.11004638671875,276.2987976074219,276.5467834472656,276.7434997558594,276.7732238769531,276.69622802734375,276.7037353515625,276.8403015136719,276.9217529296875,276.82275390625,276.6902770996094,276.7278137207031,276.8988342285156,277.0192565917969,277.0465087890625,277.08001708984375,277.124755859375,277.06610107421875,276.89129638671875,276.74005126953125,276.6786804199219,276.59716796875,276.41815185546875,276.24737548828125,276.19464111328125,276.1847229003906,276.0960998535156,275.9720458984375,275.92828369140625,275.9442138671875,275.9226989746094,275.88165283203125,275.902099609375,275.94879150390625,275.931884765625,275.89111328125,275.9222717285156
273.4524841308594,273.5491638183594,273.6506042480469,273.781982421875,273.9128723144531,274.0298767089844,274.1636657714844,274.3382873535156,274.53143310546875,274.6915588378906,274.7847595214844,274.8384094238281,274.9310607910156,275.09814453125,275.2588195800781,275.30828857421875,275.28375244140625,275.3358459472656,275.5080871582031,275.6619567871094,275.6839904785156,275.6483459472656,275.6725158691406,275.71746826171875,275.6720275878906,275.5658874511719,275.5275573730469,275.55511474609375,275.5066833496094,275.3426818847656,275.20037841796875,275.16278076171875,275.12188720703125,274.97845458984375,274.82720947265625,274.79522705078125,274.815673828125,274.7413024902344,274.6019287109375,274.55242919921875,274.603759765625,274.609130859375,274.5230407714844,274.48095703125
272.1123046875,272.2413024902344,272.34088134765625,272.4249267578125,272.5072937011719,272.61724853515625,272.7818603515625,272.9828186035156,273.1609802246094,273.28009033203125,273.368896484375,273.4826354980469,273.6251220703125,273.7271728515625,273.7242126464844,273.6581115722656,273.6639099121094,273.8187561035156,274.0335998535156,274.1551818847656,274.1602783203125,274.166748046875,274.2425537109375,274.3058166503906,274.26873779296875,274.1853332519531,274.1598205566406,274.17236328125,274.1206970214844,274.00579833984375,273.9355163574219,273.9324035644531,273.88189697265625,273.7296142578125,273.59375,273.5809020996094,273.6007385253906,273.50372314453125,273.3314514160156,273.26397705078125,273.3369140625,273.3828430175781,273.2920837402344,273.1807861328125
270.6001892089844,270.7474365234375,270.92529296875,271.1219482421875,271.3150329589844,271.4931945800781,271.6585998535156,271.8076171875,271.9311218261719,272.0401306152344,272.169921875,272.33734130859375,272.5022888183594,272.5968933105469,272.6047668457031,272.59283447265625,272.6394958496094,272.736328125,272.79534912109375,272.7684326171875,272.72161865234375,272.7506103515625,272.8453674316406,272.8990478515625,272.8526611328125,272.7634582519531,272.7009582519531,272.6415100097656,272.5291442871094,272.39373779296875,272.319091796875,272.3042907714844,272.2538146972656,272.12945556640625,272.0205078125,272.0061950683594,272.0241394042969,271.963623046875,271.84405517578125,271.7930603027344,271.8504638671875,271.90167236328125,271.8438720703125,271.7316589355469
269.55120849609375,269.7375793457031,269.93804931640625,270.14520263671875,270.3230895996094,270.4452819824219,270.519775390625,270.5757141113281,270.63623046875,270.7091369628906,270.794921875,270.89324951171875,271.004638671875,271.1343994140625,271.2919616699219,271.47235107421875,271.63287353515625,271.70556640625,271.6560363769531,271.5303955078125,271.4209899902344,271.3738708496094,271.3478088378906,271.2833557128906,271.1922607421875,271.1424560546875,271.1551208496094,271.1629638671875,271.0964050292969,270.97747802734375,270.885009765625,270.843017578125,270.7967529296875,270.70648193359375,270.6123962402344,270.5727844238281,270.57489013671875,270.55450439453125,270.48956298828125,270.4252014160156,270.4015808105469,270.40283203125,270.39691162109375,270.38775634765625
268.6899108886719,268.8399658203125,268.9873046875,269.13446044921875,269.2640380859375,269.3708801269531,269.47686767578125,269.6072082519531,269.7550048828125,269.876953125,269.92926025390625,269.9103698730469,269.86968994140625,269.8724365234375,269.9479064941406,270.0643310546875,270.1541748046875,270.1719055175781,270.13360595703125,270.0965881347656,270.09326171875,270.0900573730469,270.0240173339844,269.8839111328125,269.73907470703125,269.671630859375,269.68377685546875,269.6923828125,269.6224365234375,269.4880676269531,269.3662414550781,269.3026123046875,269.2695007324219,269.218994140625,269.1510925292969,269.1092834472656,269.1197509765625,269.15704345703125,269.1728515625,269.14483642578125,269.09375,269.0632629394531,269.0871887207031,269.16278076171875
267.2197265625,267.3818359375,267.5838928222656,267.8018493652344,268.006103515625,268.1878967285156,268.36297607421875,268.5466613769531,268.7267761230469,268.864990234375,268.92950439453125,268.9273376464844,268.90167236328125,268.8940124511719,268.9059753417969,268.89990234375,268.8406982421875,268.7398986816406,268.6556701660156,268.6418762207031,268.69232177734375,268.73785400390625,268.7054443359375,268.58404541015625,268.4293212890625,268.3016052246094,268.20379638671875,268.0875244140625,267.9184875488281,267.7253723144531,267.57550048828125,267.5061340332031,267.4898376464844,267.4709777832031,267.4286193847656,267.3958435058594,267.4188537597656,267.50360107421875,267.60552978515625,267.6689758300781,267.675537109375,267.6559143066406,267.65692138671875,267.6957092285156
266.3166809082031,266.5943908691406,266.8477783203125,267.04058837890625,267.1510314941406,267.1823425292969,267.1580810546875,267.10491943359375,267.03955078125,266.97174072265625,266.9180603027344,266.90814208984375,266.96954345703125,267.1009521484375,267.25897216796875,267.3770446777344,267.40643310546875,267.34716796875,267.24200439453125,267.1386413574219,267.0538330078125,266.9712829589844,266.8713073730469,266.75946044921875,266.6628112792969,266.59912109375,266.5539245605469,266.49383544921875,266.40338134765625,266.30535888671875,266.24078369140625,266.22735595703125,266.2403564453125,266.23651123046875,266.1972961425781,266.1482849121094,266.1358337402344,266.18414306640625,266.27392578125,266.35986328125,266.4083251953125,266.4200744628906,266.41998291015625,266.42828369140625
266.0067138671875,266.12408447265625,266.09442138671875,265.9593811035156,265.78765869140625,265.6463928222656,265.5727844238281,265.5609130859375,265.5707092285156,265.5555419921875,265.49188232421875,265.39306640625,265.2984619140625,265.24652099609375,265.2513122558594,265.29705810546875,265.3510437011719,265.38275146484375,265.37432861328125,265.3210754394531,265.227783203125,265.10894775390625,264.9902648925781,264.90380859375,264.873291015625,264.89801025390625,264.9507751464844,264.99462890625,265.0077209472656,264.9954833984375,264.9807434082031,264.9813232421875,264.9958801269531,265.00933837890625,265.0110778808594,265.006591796875,265.0121154785156,265.0390319824219,265.0834045410156,265.1313781738281,265.1737060546875,265.2151184082031,265.2690734863281,265.3426818847656
262.4613342285156,262.1094055175781,261.6031188964844,261.09979248046875,260.77606201171875,260.76434326171875,261.1029052734375,261.7203063964844,262.4610290527344,263.1417236328125,263.614501953125,263.8116149902344,263.7560729980469,263.5387268066406,263.2755432128906,263.0653076171875,262.9622802734375,262.97003173828125,263.0533447265625,263.1609802246094,263.24871826171875,263.2954406738281,263.30596923828125,263.30096435546875,263.2996520996094,263.30621337890625,263.3076477050781,263.2847595214844,263.227783203125,263.1465148925781,263.067626953125,263.0219421386719,263.0303955078125,263.09637451171875,263.20684814453125,263.3387756347656,263.46673583984375,263.5689392089844,263.6329650878906,263.66021728515625,263.66680908203125,263.67816162109375,263.71734619140625,263.792724609375
254.42172241210938,253.89068603515625,253.17735290527344,252.4675750732422,251.97198486328125,251.8630828857422,252.22216796875,253.0160369873047,254.1112060546875,255.31954956054688,256.4573974609375,257.396240234375,258.08880615234375,258.5643005371094,258.8999328613281,259.1820373535156,259.47320556640625,259.7955322265625,260.133544921875,260.4512634277344,260.71429443359375,260.90643310546875,261.0349426269531,261.1238708496094,261.2003479003906,261.2823791503906,261.3731384277344,261.46490478515625,261.548095703125,261.6202087402344,261.6895446777344,261.7716064453125,261.8813171386719,262.0249938964844,262.1958923339844,262.3753662109375,262.53900146484375,262.6648254394531,262.7412109375,262.7709045410156,262.76953125,262.75909423828125,262.75848388671875,262.7760009765625
246.03321838378906,245.8441162109375,245.34136962890625,244.63140869140625,243.87814331054688,243.26361083984375,242.9462127685547,243.02871704101562,243.5440216064453,244.46038818359375,245.70030212402344,247.16488647460938,248.7547607421875,250.382080078125,251.9736328125,253.46795654296875,254.81214904785156,255.9619598388672,256.886962890625,257.577880859375,258.0525817871094,258.3563232421875,258.5545349121094,258.71917724609375,258.91265869140625,259.17437744140625,259.5143127441406,259.91473388671875,260.3393249511719,260.7455749511719,261.0966491699219,261.3693542480469,261.556884765625,261.6669921875,261.7174987792969,261.7309875488281,261.73040771484375,261.7359619140625,261.7630615234375,261.8208312988281,261.9107666015625,262.0259704589844,262.1511535644531,262.26531982421875
239.5321044921875,239.81541442871094,239.81158447265625,239.52920532226562,239.04559326171875,238.49082946777344,238.02239990234375,237.79647827148438,237.94158935546875,238.53912353515625,239.61329650878906,241.13035583496094,243.00584411621094,245.11782836914062,247.32339477539062,249.47695922851562,251.44789123535156,253.13597106933594,254.4826202392578,255.4760284423828,256.1493835449219,256.5716857910156,256.8327331542969,257.0254211425781,257.2280578613281,257.4910583496094,257.8305969238281,258.2298583984375,258.6472473144531,259.0291442871094,259.32427978515625,259.495849609375,259.5294494628906,259.4353942871094,259.24591064453125,259.0079345703125,258.7734375,258.5894775390625,258.4898986816406,258.4893493652344,258.58154296875,258.7408752441406,258.9279479980469,259.097412109375
234.29808044433594,234.90643310546875,235.47328186035156,235.9593048095703,236.36517333984375,236.72869873046875,237.1153106689453,237.60389709472656,238.2704315185547,239.17311096191406,240.34075927734375,241.76657104492188,243.40818786621094,245.1932373046875,247.0299072265625,248.81985473632812,250.47213745117188,251.91510009765625,253.1050567626953,254.0299530029297,254.7079620361328,255.1811981201172,255.5059356689453,255.74136352539062,255.93878173828125,256.1334228515625,256.340087890625,256.5533752441406,256.751708984375,256.9046936035156,256.9813232421875,256.95794677734375,256.823974609375,256.5843505859375,256.25885009765625,255.87808227539062,255.4776153564453,255.0913543701172,254.74530029296875,254.4534454345703,254.21597290039062,254.02040100097656,253.8452911376953,253.66546630859375
