earth/public/data/atmosphere/W07/ANN-temp-surface-level-gfs-1.0.json
{"header": {"discipline": 0, "disciplineName": "Meteorological products", "gribEdition": 2, "gribLength": 17922.0, "center": 0, "centerName": "Kiel Climate Model", "subcenter": 0, "refTime": "1", "significanceOfRT": 1, "significanceOfRTName": "Start of forecast", "productStatus": 0, "productStatusName": "Operational products", "productType": 1, "productTypeName": "Forecast products", "productDefinitionTemplate": 0, "productDefinitionTemplateName": "Analysis/forecast at horizontal level/layer at a point in time", "parameterCategory": 2, "parameterCategoryName": "Momentum", "parameterNumber": 2, "parameterNumberName": "U-component_of_wind", "parameterUnit": "K", "genProcessType": 2, "genProcessTypeName": "Forecast", "forecastTime": 0, "surface1Type": 103, "surface1TypeName": "Specified height level above ground", "surface1Value": 10, "surface2Type": 255, "surface2TypeName": "Missing", "surface2Value": 0, "gridDefinitionTemplate": 0, "gridDefinitionTemplateName": "Latitude_Longitude", "numberPoints": 65160, "shape": 6, "shapeName": "Earth spherical with radius of 6,371,229.0 m", "gridUnits": "degrees", "resolution": 48, "winds": "true", "scanMode": 0, "nx": 128.0, "ny": 64.0, "basicAngle": 0, "subDivisions": 0, "lo1": 0.0, "la1": 87.86379883923263, "lo2": 357.1875, "la2": -87.86379883923263, "dx": 2.8125, "dy": 2.7893269472772264}, "data":
[rows 20 to 39 of 64, columns 0 to 43 of 128]
290.40460205078125,290.6859436035156,290.8616943359375,291.21014404296875,291.9561767578125,292.09039306640625,291.1629943847656,291.1223449707031,291.8878173828125,291.2911682128906,291.9725646972656,292.5052185058594,292.01007080078125,292.4934997558594,293.3434143066406,295.17767333984375,296.53997802734375,295.5018005371094,291.9501953125,288.4683837890625,289.0114440917969,291.5243225097656,291.1199035644531,288.4790344238281,289.15350341796875,294.441650390625,295.50103759765625,287.1033630371094,273.96685791015625,264.8812255859375,262.632568359375,263.3965148925781,265.8847961425781,268.96728515625,270.0796813964844,270.4657897949219,273.830078125,279.9167785644531,282.9447021484375,283.4071350097656,284.4009094238281,286.15911865234375,286.6035461425781,286.7236328125
293.2248840332031,294.175537109375,293.15924072265625,292.47332763671875,292.540283203125,292.17230224609375,291.7088317871094,292.145263671875,292.66485595703125,292.15484619140625,292.0775451660156,293.3365783691406,294.1524658203125,293.46087646484375,292.7451477050781,294.4772644042969,297.6447448730469,299.40533447265625,298.08013916015625,294.1402282714844,293.2171630859375,295.26995849609375,295.86065673828125,293.72955322265625,295.02984619140625,300.60662841796875,304.05322265625,300.15948486328125,291.1526184082031,283.2163391113281,277.147705078125,273.41082763671875,273.66302490234375,276.4227600097656,277.2093505859375,276.6719970703125,278.8061218261719,283.4952697753906,286.0858154296875,286.0328063964844,286.2056579589844,287.2683410644531,287.56011962890625,288.32073974609375
296.9774169921875,296.71142578125,294.2338562011719,292.60455322265625,292.29730224609375,291.9767150878906,291.8299865722656,292.10028076171875,293.50714111328125,293.25421142578125,292.6282958984375,294.3898620605469,297.5611267089844,298.6387023925781,296.9557800292969,296.0361633300781,297.0841979980469,299.846923828125,301.8304748535156,300.80621337890625,298.92742919921875,298.9716491699219,299.1856689453125,298.0254821777344,297.6358337402344,298.7422790527344,300.47705078125,300.85833740234375,300.5194396972656,298.93017578125,294.567138671875,289.9798583984375,288.5124816894531,289.634033203125,289.076416015625,285.63311767578125,284.32733154296875,286.0503845214844,287.63922119140625,287.6717834472656,288.0110778808594,289.2489013671875,290.3052673339844,293.4539794921875
298.2404479980469,297.19146728515625,294.4637451171875,292.5010681152344,293.0203857421875,293.46856689453125,292.51239013671875,292.3014221191406,292.6500244140625,293.16510009765625,293.4107360839844,296.0370788574219,299.92950439453125,299.9908752441406,302.1170959472656,298.8672180175781,297.5977783203125,299.5412292480469,302.42694091796875,303.3939208984375,301.4474792480469,299.8026123046875,297.2536926269531,296.80950927734375,297.43756103515625,298.6097412109375,297.5130310058594,296.81805419921875,298.2013854980469,300.30511474609375,300.518310546875,299.5437927246094,299.6224365234375,300.56231689453125,298.561279296875,292.7626037597656,288.7093200683594,288.78643798828125,290.4259948730469,291.3228759765625,291.7406005859375,292.96343994140625,295.912109375,297.122802734375
298.406982421875,297.9765930175781,296.08197021484375,294.2472839355469,294.5472717285156,295.6265563964844,295.45123291015625,294.02557373046875,293.069091796875,293.6395263671875,295.34515380859375,298.1015930175781,300.52166748046875,302.578857421875,300.81640625,300.2966613769531,298.3115539550781,299.48028564453125,301.629150390625,301.5550537109375,299.6753845214844,297.20452880859375,296.0862121582031,295.6515808105469,297.9239196777344,301.259521484375,299.95184326171875,297.4656066894531,296.4637145996094,296.80096435546875,297.8942565917969,299.6558532714844,300.63873291015625,300.0073547363281,297.85076904296875,294.34063720703125,291.7648620605469,292.051513671875,294.7274169921875,296.2917175292969,297.2319030761719,297.906005859375,298.5064697265625,298.599365234375
299.6405944824219,299.908935546875,299.0274658203125,297.1669616699219,295.6729431152344,296.7942810058594,297.7666931152344,296.77569580078125,295.2643127441406,294.5863952636719,296.925048828125,300.0098571777344,301.6446533203125,302.7406005859375,301.3392639160156,301.2124328613281,297.99560546875,298.86181640625,300.6182861328125,299.2782897949219,296.3162841796875,296.5667724609375,296.52545166015625,295.9620056152344,297.4488830566406,299.58465576171875,299.7477722167969,298.6470031738281,298.3348693847656,298.2800598144531,299.04412841796875,299.6158142089844,299.6623229980469,298.74395751953125,296.749755859375,295.79974365234375,294.8968200683594,295.21160888671875,296.4281921386719,298.38922119140625,299.1912841796875,299.4560546875,299.3389892578125,298.9774169921875
300.75360107421875,300.7618408203125,300.1101989746094,298.4317321777344,298.0573425292969,299.46343994140625,300.4957275390625,299.807373046875,297.540283203125,295.68310546875,297.41644287109375,301.2824401855469,303.22235107421875,303.5311279296875,304.3606262207031,301.128173828125,299.2023010253906,298.6001281738281,300.9079284667969,298.0278015136719,296.2593994140625,296.6514892578125,297.79229736328125,297.8764953613281,298.1377868652344,298.52276611328125,297.7071228027344,297.60345458984375,299.64178466796875,300.5321960449219,300.52593994140625,300.0301513671875,300.1540222167969,300.23101806640625,299.6123352050781,298.8988037109375,298.1725158691406,296.9327392578125,296.0343322753906,297.6458740234375,299.1324768066406,299.94061279296875,299.791015625,299.3592529296875
300.42510986328125,300.1868591308594,299.3851623535156,298.6829833984375,299.6393127441406,301.33880615234375,302.18524169921875,301.7501220703125,299.75439453125,297.632568359375,299.142578125,302.9059753417969,302.3367614746094,299.6415710449219,300.4853210449219,302.66253662109375,300.30694580078125,299.1355895996094,299.73419189453125,299.198486328125,297.403564453125,297.20477294921875,298.13604736328125,298.8059387207031,299.4040222167969,299.5623779296875,298.6315002441406,298.3428649902344,299.8626403808594,300.6546325683594,300.2438049316406,299.67987060546875,300.1422119140625,300.7236633300781,300.4822692871094,299.4614562988281,299.6472473144531,298.0014953613281,296.88995361328125,298.154296875,299.769775390625,300.48779296875,300.2984924316406,299.7379455566406
299.6662902832031,299.6534423828125,298.8806457519531,298.113037109375,298.5389099121094,299.7732238769531,300.529296875,301.1535949707031,300.7217712402344,299.3543395996094,300.8582763671875,303.80694580078125,300.036376953125,293.2818908691406,293.3452453613281,299.64569091796875,302.61688232421875,301.20306396484375,300.77667236328125,298.634521484375,298.0830078125,298.1716613769531,298.47509765625,298.6396179199219,299.28082275390625,299.9961242675781,299.8927307128906,299.4569091796875,300.59246826171875,300.48138427734375,300.1817626953125,299.87042236328125,300.05120849609375,300.1179504394531,299.7818603515625,299.0920104980469,300.2399597167969,299.8772888183594,299.2798156738281,299.7301025390625,300.599609375,300.7705993652344,300.66387939453125,299.97967529296875
298.91009521484375,299.458984375,299.44305419921875,297.9388122558594,297.09332275390625,297.3512878417969,298.1904296875,299.33343505859375,299.78369140625,298.7330322265625,299.3116149902344,302.1313171386719,299.98858642578125,293.4476013183594,291.7215270996094,297.7888488769531,301.8829040527344,301.48370361328125,298.857421875,298.2373352050781,298.4420166015625,299.2795715332031,299.72412109375,299.47442626953125,299.3974609375,299.5812072753906,299.67767333984375,299.7558288574219,299.8413391113281,300.2279357910156,300.3094177246094,300.4075622558594,300.5244140625,300.4209899902344,300.0888977050781,299.87664794921875,299.8778381347656,299.85498046875,300.2158203125,300.5752868652344,300.196044921875,300.0432434082031,300.7520446777344,300.5120544433594
299.2879638671875,299.7342224121094,300.0605773925781,298.485107421875,296.7727355957031,296.850830078125,297.89593505859375,298.994873046875,299.35430908203125,297.9914245605469,297.0987548828125,298.58770751953125,299.7437744140625,298.6335144042969,298.2524108886719,300.095458984375,301.281982421875,300.9058532714844,299.3565368652344,298.942626953125,298.9983215332031,299.7096862792969,300.2297668457031,300.4076232910156,300.5282287597656,300.3431396484375,300.0902099609375,300.1240234375,300.0572814941406,299.9638977050781,300.05401611328125,300.28973388671875,300.5526123046875,300.647216796875,300.3204040527344,298.69354248046875,297.8712158203125,299.3129577636719,300.7493896484375,300.5128479003906,298.1877746582031,296.701171875,299.9787292480469,300.9503479003906
299.64898681640625,299.73291015625,300.5174560546875,299.1661376953125,297.275634765625,297.3618469238281,298.7395935058594,299.4216613769531,299.1297607421875,298.0195007324219,296.61065673828125,295.7521057128906,296.2339782714844,298.7617492675781,301.56988525390625,302.2727966308594,299.42694091796875,298.8804931640625,299.3625183105469,299.5415344238281,299.6236572265625,299.7794189453125,299.72216796875,299.95635986328125,300.5231628417969,300.611083984375,300.4780578613281,300.55303955078125,300.4531555175781,300.24957275390625,300.2784118652344,300.3721618652344,300.4289245605469,300.4933776855469,300.2366638183594,299.0945739746094,298.08349609375,299.164794921875,301.17303466796875,300.13067626953125,295.99432373046875,295.66485595703125,298.8586730957031,300.6885070800781
299.5596923828125,299.6501770019531,300.50836181640625,299.6412353515625,297.49774169921875,297.2817687988281,298.3999938964844,298.759521484375,297.9339294433594,296.91363525390625,296.4153137207031,294.3888244628906,292.93121337890625,295.21124267578125,299.5271911621094,299.78082275390625,298.7012634277344,298.40301513671875,299.01202392578125,299.3146057128906,299.74346923828125,300.13677978515625,299.88592529296875,299.7240295410156,299.8880615234375,299.80963134765625,299.8491516113281,300.1687316894531,300.2485656738281,300.3445129394531,300.6789245605469,300.7242126464844,300.5199890136719,300.61492919921875,300.8096618652344,300.18109130859375,298.86236572265625,298.5075378417969,300.69866943359375,300.2191467285156,296.7115173339844,296.4335021972656,299.39532470703125,300.47369384765625
299.3955993652344,299.71044921875,300.29656982421875,299.95330810546875,298.1405944824219,297.3932189941406,297.5302734375,297.8642578125,297.4659423828125,296.6231994628906,296.21875,294.5202331542969,292.88275146484375,294.3420104980469,298.7401428222656,299.0872497558594,298.4984436035156,298.7690124511719,299.3796081542969,299.23101806640625,299.46807861328125,300.0526123046875,300.0846252441406,300.0435791015625,300.0928039550781,299.839599609375,299.7745666503906,299.968017578125,299.8909606933594,299.9101257324219,300.22149658203125,300.2467346191406,300.1025695800781,300.35272216796875,300.874755859375,300.8656311035156,299.7884521484375,298.3586730957031,299.7498474121094,300.6326904296875,300.328857421875,300.3569641113281,300.92388916015625,300.571533203125
299.38348388671875,299.53704833984375,299.5908508300781,300.1513671875,299.8194580078125,298.26263427734375,296.4872741699219,296.7236633300781,297.5054626464844,296.9990539550781,295.9735107421875,294.39825439453125,293.2160339355469,295.02349853515625,297.98309326171875,299.2747497558594,298.5900573730469,298.9967041015625,299.62530517578125,299.2945251464844,299.09588623046875,299.3030090332031,299.196533203125,299.3031005859375,299.6929626464844,299.71014404296875,299.6443176269531,299.70794677734375,299.5583190917969,299.45477294921875,299.5884094238281,299.6720275878906,299.7998046875,299.9730224609375,300.1359558105469,300.4124450683594,300.31854248046875,299.5815734863281,298.5960388183594,300.5162658691406,301.15960693359375,301.21295166015625,301.00347900390625,300.5452880859375
298.58612060546875,298.4878234863281,298.34893798828125,299.7967529296875,300.6173095703125,297.9256591796875,294.3330993652344,293.98675537109375,295.4344482421875,295.4125061035156,294.6484375,293.8589782714844,293.0722961425781,294.2099609375,297.22161865234375,298.95574951171875,298.4819641113281,298.4535827636719,298.7940673828125,298.6953125,298.6832580566406,298.8534240722656,298.5632629394531,298.3651428222656,298.6271057128906,298.67376708984375,298.61492919921875,298.7862548828125,298.9657287597656,299.1331481933594,299.30072021484375,299.4576416015625,299.7767639160156,299.92706298828125,299.78277587890625,300.058837890625,300.63873291015625,300.5487365722656,300.1138916015625,300.2500915527344,300.4123229980469,300.3215637207031,300.3857727050781,300.7015075683594
296.8957824707031,297.0187683105469,297.3487243652344,299.0106201171875,299.84881591796875,296.62860107421875,292.78985595703125,292.66021728515625,294.14471435546875,293.8269958496094,293.74505615234375,294.80670166015625,294.7276306152344,294.5454406738281,296.5206604003906,298.6458740234375,298.3581848144531,297.6074523925781,297.60137939453125,297.8791198730469,298.2418212890625,298.5399169921875,298.4400634765625,298.2073059082031,298.1759033203125,298.0892639160156,298.0379333496094,298.1680603027344,298.3474426269531,298.57171630859375,298.7277526855469,298.7734680175781,299.0039978027344,299.2915954589844,299.35076904296875,299.5626220703125,300.037841796875,300.2107238769531,300.1955871582031,300.3392333984375,300.34417724609375,300.2955322265625,300.68646240234375,301.047607421875
295.3238220214844,295.8023376464844,296.51885986328125,297.965087890625,298.6750793457031,296.35723876953125,293.44683837890625,294.3248596191406,296.4110107421875,295.24072265625,294.12335205078125,295.7703552246094,296.80767822265625,296.40374755859375,297.43975830078125,298.8480224609375,297.65875244140625,296.12982177734375,296.63787841796875,297.69287109375,297.8257141113281,297.5376892089844,297.5843811035156,297.69976806640625,297.6318664550781,297.5785217285156,297.6769714355469,297.6539611816406,297.4830017089844,297.5238952636719,297.6705627441406,297.64495849609375,297.7037048339844,297.9783630371094,298.16705322265625,298.2857666015625,298.4858703613281,298.7265625,299.173095703125,299.76824951171875,300.08831787109375,300.3304443359375,300.82720947265625,300.8009338378906
294.0552978515625,294.45794677734375,294.8658142089844,296.173095703125,297.76007080078125,297.1031494140625,294.32135009765625,294.7767028808594,297.3275451660156,296.7264709472656,294.4647216796875,295.087158203125,297.00860595703125,297.29278564453125,298.66497802734375,299.0921936035156,296.484619140625,294.1502685546875,295.52313232421875,297.5617370605469,297.4370422363281,296.5274963378906,296.5758972167969,296.82025146484375,296.5149230957031,296.34136962890625,296.5362548828125,296.4479064941406,296.1435546875,296.21527099609375,296.4599304199219,296.463134765625,296.49542236328125,296.67413330078125,296.7125549316406,296.7842102050781,297.11041259765625,297.4625549316406,297.86871337890625,298.5533752441406,299.2032775878906,299.689453125,300.1205139160156,299.96417236328125
292.8952331542969,292.971923828125,292.7292175292969,293.74603271484375,296.3494567871094,296.6434631347656,294.58251953125,293.5355224609375,295.50360107421875,295.9732666015625,294.5746765136719,294.9095458984375,296.4610595703125,297.9782409667969,298.83392333984375,298.6321716308594,295.9382629394531,293.5976257324219,294.9682312011719,297.0574035644531,296.92303466796875,296.0273742675781,296.2159423828125,296.37530517578125,295.7416687011719,295.37762451171875,295.5087890625,295.32623291015625,295.03375244140625,295.1542053222656,295.2033996582031,294.9785461425781,295.0223693847656,295.2176208496094,295.0936584472656,295.1991271972656,295.85308837890625,296.3241271972656,296.6107482910156,297.50762939453125,298.633056640625,298.81610107421875,298.0074157714844,298.07757568359375
