earth/public/data/atmosphere/W07/ANN-tsw-surface-level-gfs-1.0.json
{"header": {"discipline": 0, "disciplineName": "Meteorological products", "gribEdition": 2, "gribLength": 131138.0, "center": 0, "centerName": "Kiel Climate Model", "subcenter": 0, "refTime": "1", "significanceOfRT": 1, "significanceOfRTName": "Start of forecast", "productStatus": 0, "productStatusName": "Operational products", "productType": 1, "productTypeName": "Forecast products", "productDefinitionTemplate": 0, "productDefinitionTemplateName": "Analysis/forecast at horizontal level/layer at a point in time", "parameterCategory": 2, "parameterCategoryName": "Momentum", "parameterNumber": 2, "parameterNumberName": "U-component_of_wind", "parameterUnit": "K", "genProcessType": 2, "genProcessTypeName": "Forecast", "forecastTime": 0, "surface1Type": 103, "surface1TypeName": "Specified height level above ground", "surface1Value": 10, "surface2Type": 255, "surface2TypeName": "Missing", "surface2Value": 0, "gridDefinitionTemplate": 0, "gridDefinitionTemplateName": "Latitude_Longitude", "numberPoints": 65160, "shape": 6, "shapeName": "Earth spherical with radius of 6,371,229.0 m", "gridUnits": "degrees", "resolution": 48, "winds": "true", "scanMode": 0, "nx": 360.0, "ny": 180.0, "basicAngle": 0, "subDivisions": 0, "lo1": 0.0, "la1": -89.5, "lo2": 359.0, "la2": 89.5, "dx": 1.0, "dy": -1.0}, "data":
[rows 42 to 62 of 180, columns 48 to 95 of 360]
278.80902099609375,278.7113952636719,278.5346984863281,278.43707275390625,278.380126953125,278.2739562988281,278.26397705078125,278.3460998535156,278.39312744140625,278.4529113769531,278.56036376953125,278.62017822265625,278.59552001953125,278.5529479980469,278.5282897949219,278.4263610839844,278.2427673339844,278.14080810546875,278.06884765625,277.93701171875,277.88275146484375,277.9164123535156,277.9341125488281,278.18939208984375,278.6513366699219,278.9066467285156,279.0409240722656,279.2750244140625,279.4093017578125,279.6127014160156,279.988037109375,280.19140625,280.35150146484375,280.64794921875,280.8639221191406,280.9651184082031,281.0210266113281,281.0209045410156,281.02069091796875,281.02056884765625,280.9930114746094,280.945556640625,280.9179992675781,280.8282470703125,280.66705322265625,280.57733154296875,280.4791259765625,280.30023193359375
279.5499572753906,279.44354248046875,279.2492980957031,279.14288330078125,279.1142883300781,279.0648193359375,279.12017822265625,279.2762145996094,279.3601989746094,279.43414306640625,279.5699157714844,279.64385986328125,279.59521484375,279.50457763671875,279.4559326171875,279.33465576171875,279.1124267578125,278.9911804199219,278.9306335449219,278.82159423828125,278.7623291015625,278.7631530761719,278.7644348144531,279.0440673828125,279.5547180175781,279.8343505859375,280.0795593261719,280.5354919433594,280.78070068359375,280.9230041503906,281.17620849609375,281.31854248046875,281.41937255859375,281.59735107421875,281.7586669921875,281.8690185546875,281.9294738769531,281.929443359375,281.92938232421875,281.9293518066406,281.8725280761719,281.76654052734375,281.709716796875,281.5985107421875,281.39434814453125,281.28314208984375,281.1894836425781,281.01959228515625
280.87725830078125,280.7658996582031,280.5633544921875,280.45196533203125,280.4422302246094,280.42425537109375,280.50994873046875,280.68505859375,280.7804870605469,280.85308837890625,280.986572265625,281.05914306640625,281.000732421875,280.893798828125,280.8353576660156,280.7066650390625,280.4720458984375,280.3433532714844,280.3231201171875,280.2812805175781,280.2752380371094,280.29754638671875,280.31170654296875,280.58990478515625,281.0981140136719,281.37628173828125,281.64715576171875,282.1458435058594,282.41668701171875,282.4796142578125,282.6004943847656,282.6634216308594,282.69000244140625,282.74420166015625,282.8078308105469,282.87908935546875,282.9161071777344,282.9026184082031,282.880126953125,282.86663818359375,282.7895202636719,282.6497497558594,282.5726318359375,282.4612121582031,282.2566833496094,282.145263671875,282.0700378417969,281.93084716796875
282.5496520996094,282.4387512207031,282.2371520996094,282.1262512207031,282.1196594238281,282.1079406738281,282.17889404296875,282.3182373046875,282.3957824707031,282.4519348144531,282.55255126953125,282.60870361328125,282.5580139160156,282.466552734375,282.4158630371094,282.2940673828125,282.0732421875,281.9514465332031,281.987060546875,282.05682373046875,282.14447021484375,282.2425537109375,282.2945861816406,282.5460205078125,283.0007019042969,283.25213623046875,283.454833984375,283.8171691894531,284.0198669433594,284.01153564453125,283.9898681640625,283.9815368652344,283.943603515625,283.8687744140625,283.82421875,283.8081970214844,283.80157470703125,283.76556396484375,283.697998046875,283.6619873046875,283.5803527832031,283.4315185546875,283.3498840332031,283.2595520019531,283.09722900390625,283.00689697265625,282.9578552246094,282.87109375
283.469482421875,283.3588562011719,283.1577453613281,283.047119140625,283.0423889160156,283.0338134765625,283.0959167480469,283.2173767089844,283.2841796875,283.3304748535156,283.4146423339844,283.4609680175781,283.4148864746094,283.3311767578125,283.2851257324219,283.16748046875,282.95355224609375,282.8359069824219,282.90496826171875,283.03057861328125,283.1744384765625,283.3103942871094,283.3851623535156,283.62054443359375,284.0484924316406,284.2838439941406,284.4456481933594,284.7398376464844,284.9016418457031,284.85052490234375,284.7575988769531,284.70648193359375,284.6298522949219,284.490478515625,284.38104248046875,284.3213806152344,284.28857421875,284.2390441894531,284.1489562988281,284.09942626953125,284.01507568359375,283.8616943359375,283.77734375,283.6996765136719,283.5584716796875,283.4808044433594,283.4474792480469,283.38690185546875
284.716796875,284.60223388671875,284.3945617675781,284.2799987792969,284.25225830078125,284.2052917480469,284.2117004394531,284.2787780761719,284.31292724609375,284.3356628417969,284.38055419921875,284.40325927734375,284.3666687011719,284.2987365722656,284.26214599609375,284.17816162109375,284.0203857421875,283.9364013671875,283.9992980957031,284.1146240234375,284.24444580078125,284.3673095703125,284.4342346191406,284.61676025390625,284.9566345214844,285.13916015625,285.24359130859375,285.442138671875,285.54656982421875,285.4726257324219,285.3416748046875,285.2677307128906,285.179443359375,285.0207214355469,284.88916015625,284.81207275390625,284.768798828125,284.7134704589844,284.61370849609375,284.558349609375,284.4736633300781,284.31976318359375,284.2350769042969,284.1600646972656,284.0232849121094,283.9482727050781,283.9139099121094,283.8515930175781
286.98468017578125,286.8635559082031,286.6427001953125,286.5215759277344,286.4554443359375,286.3317565917969,286.2453918457031,286.2036437988281,286.18341064453125,286.1668395996094,286.13311767578125,286.1165466308594,286.0957336425781,286.0593566894531,286.0385437011719,286.0107116699219,285.9651794433594,285.93731689453125,285.98992919921875,286.0846252441406,286.1910705566406,286.28778076171875,286.34161376953125,286.43609619140625,286.5998229980469,286.69427490234375,286.70306396484375,286.7103576660156,286.7191467285156,286.607177734375,286.4001770019531,286.2882080078125,286.1805114746094,285.98297119140625,285.8145751953125,285.7026672363281,285.6419677734375,285.5769348144531,285.45782470703125,285.3927917480469,285.30755615234375,285.15252685546875,285.0672912597656,284.9967041015625,284.8688049316406,284.7982482910156,284.7621154785156,284.6962890625
288.2320251464844,288.10693359375,287.8795166015625,287.75445556640625,287.665283203125,287.5032043457031,287.3612060546875,287.2650451660156,287.212158203125,287.1719970703125,287.0989990234375,287.058837890625,287.0475158691406,287.02691650390625,287.0155944824219,287.02142333984375,287.0320129394531,287.037841796875,287.0842590332031,287.16864013671875,287.26104736328125,287.3446960449219,287.39068603515625,287.43231201171875,287.5079650878906,287.549560546875,287.5010070800781,287.41265869140625,287.36407470703125,287.22930908203125,286.9842529296875,286.8494567871094,286.7301330566406,286.51318359375,286.32269287109375,286.193359375,286.1221923828125,286.0513610839844,285.92254638671875,285.8517150878906,285.7661437988281,285.6105651855469,285.5250244140625,285.45709228515625,285.3336181640625,285.2657165527344,285.2285461425781,285.1609802246094
288.90423583984375,288.78387451171875,288.5643005371094,288.4439392089844,288.3602294921875,288.2071838378906,288.070068359375,287.97308349609375,287.9197082519531,287.8748779296875,287.7940673828125,287.7492370605469,287.7344970703125,287.7082214355469,287.6934814453125,287.6991271972656,287.7094421386719,287.715087890625,287.74395751953125,287.79913330078125,287.8431396484375,287.87530517578125,287.8904113769531,287.8961181640625,287.9118957519531,287.9176025390625,287.8567810058594,287.74798583984375,287.6871643066406,287.5612487792969,287.33099365234375,287.205078125,287.0954895019531,286.8947448730469,286.7194519042969,286.59918212890625,286.5334777832031,286.4671936035156,286.3459777832031,286.2796936035156,286.19464111328125,286.0398864746094,285.954833984375,285.88104248046875,285.747802734375,285.67401123046875,285.6319580078125,285.55621337890625
290.12640380859375,290.013916015625,289.8100891113281,289.6976013183594,289.6229248046875,289.48797607421875,289.35906982421875,289.2603454589844,289.20611572265625,289.15350341796875,289.05712890625,289.0045166015625,288.9841003417969,288.9464416503906,288.926025390625,288.9313659667969,288.9410705566406,288.9464111328125,288.94610595703125,288.9428405761719,288.9061584472656,288.83538818359375,288.79901123046875,288.7448425292969,288.64093017578125,288.5867614746094,288.5054931640625,288.3558654785156,288.27459716796875,288.1634826660156,287.9627990722656,287.8516845703125,287.75830078125,287.5899963378906,287.44000244140625,287.337890625,287.28125,287.2225646972656,287.11651611328125,287.05780029296875,286.97357177734375,286.8205261230469,286.7362976074219,286.6527404785156,286.49993896484375,286.4163818359375,286.3661804199219,286.274169921875
290.7986145019531,290.6908264160156,290.494873046875,290.3871154785156,290.31787109375,290.19195556640625,290.06793212890625,289.9683837890625,289.91363525390625,289.8563537597656,289.752197265625,289.6949157714844,289.67108154296875,289.62774658203125,289.6039123535156,289.6091003417969,289.61846923828125,289.6236572265625,289.6058044433594,289.5733337402344,289.48822021484375,289.365966796875,289.2987365722656,289.2086486816406,289.04486083984375,288.9548034667969,288.86126708984375,288.6911926269531,288.59765625,288.49542236328125,288.3095703125,288.20733642578125,288.1236877441406,287.9715881347656,287.8367614746094,287.74371337890625,287.6925354003906,287.6383972167969,287.5399169921875,287.48577880859375,287.4020690917969,287.2498474121094,287.1661376953125,287.0766906738281,286.9140930175781,286.8246765136719,286.76959228515625,286.66943359375
291.1178894042969,291.02032470703125,290.8414306640625,290.7438659667969,290.68597412109375,290.5789489746094,290.4720153808594,290.3819885253906,290.33294677734375,290.2703857421875,290.15740966796875,290.0948181152344,290.0585021972656,289.99432373046875,289.9580078125,289.9515075683594,289.94146728515625,289.9349670410156,289.9048767089844,289.8520202636719,289.7481689453125,289.6150817871094,289.54132080078125,289.4584655761719,289.3066711425781,289.22381591796875,289.1421203613281,288.99176025390625,288.9100646972656,288.8147888183594,288.64056396484375,288.5453186035156,288.46337890625,288.3141174316406,288.184326171875,288.0968017578125,288.0489501953125,288.003662109375,287.9200134277344,287.874755859375,287.7977600097656,287.65673828125,287.5797119140625,287.4879455566406,287.3214416503906,287.2296447753906,287.1693115234375,287.06036376953125
291.6983642578125,291.61785888671875,291.4730529785156,291.392578125,291.3535461425781,291.2843322753906,291.205810546875,291.1348571777344,291.0953369140625,291.0239562988281,290.893310546875,290.8218994140625,290.7647705078125,290.658935546875,290.6017761230469,290.5758361816406,290.52691650390625,290.5010070800781,290.45050048828125,290.3568420410156,290.22174072265625,290.0669860839844,289.9823913574219,289.9115295410156,289.7837829589844,289.71295166015625,289.65093994140625,289.5400085449219,289.47802734375,289.3944091796875,289.2434387207031,289.1598205566406,289.0807189941406,288.93719482421875,288.81573486328125,288.7392578125,288.6969299316406,288.6664733886719,288.6124572753906,288.58203125,288.5162048339844,288.3975524902344,288.3317565917969,288.2360534667969,288.0616760253906,287.9659729003906,287.8968505859375,287.7703857421875
292.01763916015625,291.9473571777344,291.8196105957031,291.74932861328125,291.7216491699219,291.67132568359375,291.60986328125,291.5484619140625,291.5146789550781,291.43798828125,291.29852294921875,291.2218017578125,291.15216064453125,291.0255126953125,290.9558410644531,290.9182434082031,290.84991455078125,290.81231689453125,290.74957275390625,290.635498046875,290.481689453125,290.3160705566406,290.2249755859375,290.16131591796875,290.04559326171875,289.9819641113281,289.9317932128906,289.840576171875,289.7904052734375,289.7137756347656,289.5744323730469,289.497802734375,289.42041015625,289.27972412109375,289.1632995605469,289.09234619140625,289.0533142089844,289.0317687988281,288.9925537109375,288.97100830078125,288.91192626953125,288.8044738769531,288.745361328125,288.6473083496094,288.468994140625,288.3709411621094,288.29656982421875,288.1613464355469
292.31671142578125,292.23370361328125,292.084716796875,292.0017395019531,291.9820861816406,291.9451599121094,291.9028015136719,291.85980224609375,291.83709716796875,291.7626647949219,291.62701416015625,291.5525817871094,291.4869384765625,291.366943359375,291.3013000488281,291.2648620605469,291.1983947753906,291.1619567871094,291.1022033691406,290.9931335449219,290.85064697265625,290.69891357421875,290.61614990234375,290.5556945800781,290.44525146484375,290.3847961425781,290.3327941894531,290.2385559082031,290.1865539550781,290.11041259765625,289.97186279296875,289.89569091796875,289.822265625,289.68817138671875,289.5826416015625,289.523193359375,289.4910583496094,289.4769287109375,289.45013427734375,289.43597412109375,289.3744201660156,289.2628479003906,289.2012634277344,289.0939636230469,288.9002685546875,288.7929992675781,288.6985168457031,288.52984619140625
292.8604431152344,292.7562561035156,292.5648193359375,292.4606018066406,292.4543762207031,292.44427490234375,292.4337158203125,292.42755126953125,292.42327880859375,292.3526611328125,292.224609375,292.15399169921875,292.0950012207031,291.9883728027344,291.9294128417969,291.8948669433594,291.8321838378906,291.7976379394531,291.7428894042969,291.6438293457031,291.5202331542969,291.3962707519531,291.327392578125,291.272216796875,291.1723937988281,291.1172180175781,291.06219482421875,290.96185302734375,290.9068298339844,290.83148193359375,290.6945495605469,290.61920166015625,290.5523376464844,290.4314270019531,290.343994140625,290.3075866699219,290.2869873046875,290.28521728515625,290.2831726074219,290.2814025878906,290.2157287597656,290.0959167480469,290.03021240234375,289.9075012207031,289.6830139160156,289.5603332519531,289.4324035644531,289.1967468261719
293.6819763183594,293.5343933105469,293.27069091796875,293.12310791015625,293.1200866699219,293.1153259277344,293.11846923828125,293.1297912597656,293.1359558105469,293.0726318359375,292.9567565917969,292.8934631347656,292.84423828125,292.75390625,292.7047119140625,292.66302490234375,292.5885009765625,292.54681396484375,292.4881286621094,292.38250732421875,292.26751708984375,292.1645202636719,292.10821533203125,292.05877685546875,291.9685363769531,291.9190979003906,291.8595275878906,291.7516174316406,291.6920471191406,291.6265869140625,291.5061950683594,291.44073486328125,291.39556884765625,291.310791015625,291.254638671875,291.23431396484375,291.2233581542969,291.2154235839844,291.2030944824219,291.1951599121094,291.12542724609375,290.9988708496094,290.9291076660156,290.8157043457031,290.606689453125,290.4932556152344,290.36785888671875,290.1364440917969
294.6318664550781,294.4332275390625,294.06744384765625,293.8688049316406,293.85772705078125,293.83685302734375,293.83099365234375,293.8403625488281,293.8455505371094,293.7906188964844,293.69146728515625,293.6365051269531,293.596923828125,293.52581787109375,293.4862060546875,293.4307861328125,293.3287353515625,293.2733154296875,293.20306396484375,293.0742492675781,292.95477294921875,292.8658752441406,292.8166198730469,292.771484375,292.68975830078125,292.6446228027344,292.58050537109375,292.4635314941406,292.3994140625,292.3497009277344,292.2607116699219,292.21099853515625,292.19537353515625,292.1696472167969,292.1476135253906,292.1363525390625,292.12994384765625,292.099365234375,292.04168701171875,292.0111389160156,291.9387512207031,291.8069152832031,291.73455810546875,291.6520080566406,291.5047302246094,291.42218017578125,291.33447265625,291.1784362792969
295.154296875,294.925048828125,294.5082092285156,294.2789306640625,294.2630310058594,294.2341003417969,294.2228088378906,294.2312316894531,294.23583984375,294.1859130859375,294.0951232910156,294.0451965332031,294.0113525390625,293.9498596191406,293.9160461425781,293.85235595703125,293.7365417480469,293.6728515625,293.5956726074219,293.4552917480469,293.3330993652344,293.2512512207031,293.20623779296875,293.1636657714844,293.08624267578125,293.04364013671875,292.976806640625,292.8553161621094,292.7884826660156,292.7481689453125,292.6749267578125,292.6346435546875,292.63671875,292.6405334472656,292.6389465332031,292.63226318359375,292.6285400390625,292.5843811035156,292.5040588378906,292.45989990234375,292.3859558105469,292.2514953613281,292.17755126953125,292.113525390625,291.9971008300781,291.9330749511719,291.8680114746094,291.7496643066406
295.4320373535156,295.24566650390625,294.9003601074219,294.7140197753906,294.7140808105469,294.7117614746094,294.6942138671875,294.66558837890625,294.6479797363281,294.58343505859375,294.4682312011719,294.4036560058594,294.37176513671875,294.3134460449219,294.2815246582031,294.22198486328125,294.1131286621094,294.0535888671875,293.9718017578125,293.82373046875,293.69854736328125,293.619384765625,293.5760192871094,293.5448913574219,293.486572265625,293.4554443359375,293.3915710449219,293.2750244140625,293.211181640625,293.1616516113281,293.0729675292969,293.0234375,293.0181579589844,293.0097351074219,292.99127197265625,292.96868896484375,292.9554748535156,292.9034423828125,292.81005859375,292.7580261230469,292.69866943359375,292.58856201171875,292.52923583984375,292.4894104003906,292.413330078125,292.37353515625,292.32720947265625,292.2402038574219
295.93695068359375,295.8221435546875,295.619873046875,295.50506591796875,295.53173828125,295.5826110839844,295.5546569824219,295.45196533203125,295.3973388671875,295.3083801269531,295.1444091796875,295.055419921875,295.0267028808594,294.9747619628906,294.946044921875,294.8934326171875,294.7984313964844,294.745849609375,294.6563415527344,294.4929504394531,294.3627624511719,294.28900146484375,294.248291015625,294.23626708984375,294.21612548828125,294.2041015625,294.1452331542969,294.0386047363281,293.979736328125,293.914794921875,293.7952880859375,293.7303466796875,293.71282958984375,293.6798400878906,293.6332702636719,293.5789794921875,293.5498962402344,293.4847717285156,293.3652038574219,293.3000793457031,293.26507568359375,293.20367431640625,293.16864013671875,293.169189453125,293.1737976074219,293.17431640625,293.1593322753906,293.13494873046875
