earth/public/data/atmosphere/W07/ANN-temp-isobaric-250hPa-gfs-1.0.json
{"header": {"discipline": 0, "disciplineName": "Meteorological products", "gribEdition": 2, "gribLength": 17922.0, "center": 0, "centerName": "Kiel Climate Model", "subcenter": 0, "refTime": "1", "significanceOfRT": 1, "significanceOfRTName": "Start of forecast", "productStatus": 0, "productStatusName": "Operational products", "productType": 1, "productTypeName": "Forecast products", "productDefinitionTemplate": 0, "productDefinitionTemplateName": "Analysis/forecast at horizontal level/layer at a point in time", "parameterCategory": 2, "parameterCategoryName": "Momentum", "parameterNumber": 2, "parameterNumberName": "U-component_of_wind", "parameterUnit": "K", "genProcessType": 2, "genProcessTypeName": "Forecast", "forecastTime": 0, "surface1Type": 103, "surface1TypeName": "Specified height level above ground", "surface1Value": 10, "surface2Type": 255, "surface2TypeName": "Missing", "surface2Value": 0, "gridDefinitionTemplate": 0, "gridDefinitionTemplateName": "Latitude_Longitude", "numberPoints": 65160, "shape": 6, "shapeName": "Earth spherical with radius of 6,371,229.0 m", "gridUnits": "degrees", "resolution": 48, "winds": "true", "scanMode": 0, "nx": 128.0, "ny": 64.0, "basicAngle": 0, "subDivisions": 0, "lo1": 0.0, "la1": 87.86379883923263, "lo2": 357.1875, "la2": -87.86379883923263, "dx": 2.8125, "dy": 2.7893269472772264}, "data":
[rows 0 to 18 of 64, columns 44 to 87 of 128]
211.58856201171875,211.59329223632812,211.59835815429688,211.603759765625,211.60951232910156,211.6156005859375,211.62200927734375,211.62875366210938,211.63580322265625,211.64317321777344,211.6508331298828,211.65879821777344,211.66705322265625,211.67555236816406,211.684326171875,211.69334411621094,211.7025604248047,211.7119903564453,211.72158813476562,211.73135375976562,211.74122619628906,211.751220703125,211.7612762451172,211.77137756347656,211.78147888183594,211.79156494140625,211.8015899658203,211.81150817871094,211.8212890625,211.83091735839844,211.84033203125,211.84951782226562,211.85841369628906,211.86700439453125,211.875244140625,211.88311767578125,211.89056396484375,211.8975830078125,211.9041290283203,211.91018676757812,211.9157257080078,211.92071533203125,211.9251708984375,211.92906188964844
211.5640106201172,211.57276916503906,211.58203125,211.591796875,211.60208129882812,211.61289978027344,211.62428283691406,211.63629150390625,211.64892578125,211.6622314453125,211.67626953125,211.69102478027344,211.70652770996094,211.7227783203125,211.73977661132812,211.7574920654297,211.77590942382812,211.79498291015625,211.81466674804688,211.83489990234375,211.85562133789062,211.8767547607422,211.8982391357422,211.91998291015625,211.94192504882812,211.96395874023438,211.9860076904297,212.00796508789062,212.02972412109375,212.0511932373047,212.072265625,212.0928192138672,212.1127166748047,212.1318817138672,212.150146484375,212.1674346923828,212.18362426757812,212.1986083984375,212.21231079101562,212.22463989257812,212.23553466796875,212.24496459960938,212.25286865234375,212.25926208496094
211.53125,211.545654296875,211.56051635742188,211.5758056640625,211.59156799316406,211.60789489746094,211.6248779296875,211.64271545410156,211.66156005859375,211.68157958984375,211.702880859375,211.72555541992188,211.7496337890625,211.77505493164062,211.80174255371094,211.8295135498047,211.85821533203125,211.8876190185547,211.91751098632812,211.94766235351562,211.9779510498047,212.00823974609375,212.03843688964844,212.0685272216797,212.0985107421875,212.12838745117188,212.158203125,212.18795776367188,212.2176055908203,212.24708557128906,212.2762908935547,212.30502319335938,212.3330841064453,212.36024475097656,212.38623046875,212.41079711914062,212.4336700439453,212.45465087890625,212.47349548339844,212.49008178710938,212.5042266845703,212.51583862304688,212.52487182617188,212.53128051757812
211.47874450683594,211.49905395507812,211.51976013183594,211.54074096679688,211.56207275390625,211.58395385742188,211.60667419433594,211.63064575195312,211.65623474121094,211.68382263183594,211.71368408203125,211.74606323242188,211.78099060058594,211.818359375,211.85789489746094,211.89913940429688,211.94151306152344,211.98434448242188,212.0269775390625,212.0687713623047,212.10926818847656,212.14820861816406,212.18551635742188,212.22137451171875,212.256103515625,212.2901611328125,212.32395935058594,212.35792541503906,212.39227294921875,212.4270477294922,212.46209716796875,212.49708557128906,212.53155517578125,212.5649871826172,212.59686279296875,212.62673950195312,212.654296875,212.67938232421875,212.701904296875,212.72186279296875,212.73927307128906,212.754150390625,212.76634216308594,212.7756805419922
211.50523376464844,211.5282745361328,211.55166625976562,211.57562255859375,211.6005096435547,211.626708984375,211.65457153320312,211.684326171875,211.71617126464844,211.750244140625,211.78672790527344,211.82586669921875,211.8679656982422,211.9132537841797,211.9617919921875,212.01345825195312,212.06768798828125,212.12359619140625,212.17999267578125,212.23553466796875,212.28892517089844,212.339111328125,212.38551330566406,212.4280242919922,212.467041015625,212.50335693359375,212.53793334960938,212.5717315673828,212.60545349121094,212.639404296875,212.6734619140625,212.70713806152344,212.73965454101562,212.7701416015625,212.7979278564453,212.82252502441406,212.84385681152344,212.86224365234375,212.87835693359375,212.8929901123047,212.90704345703125,212.92117309570312,212.93563842773438,212.95013427734375
211.5420684814453,211.56324768066406,211.5843963623047,211.6069793701172,211.632568359375,211.66236877441406,211.69691467285156,211.7360076904297,211.77882385253906,211.82427978515625,211.87144470214844,211.91978454589844,211.9694366455078,212.0211639404297,212.07614135742188,212.135498046875,212.1999969482422,212.26953125,212.3429718017578,212.418212890625,212.49244689941406,212.56265258789062,212.62606811523438,212.6807861328125,212.7260284423828,212.76211547851562,212.79034423828125,212.81256103515625,212.8307342529297,212.84646606445312,212.86090087890625,212.87451171875,212.88731384277344,212.89907836914062,212.9095458984375,212.91856384277344,212.92623901367188,212.93295288085938,212.9393768310547,212.94635009765625,212.95486450195312,212.96588134765625,212.98016357421875,212.9978790283203
211.57582092285156,211.59356689453125,211.6090087890625,211.6245880126953,211.6433563232422,211.66806030273438,211.7006378173828,211.74185180664062,211.7911834716797,211.84722900390625,211.9080352783203,211.97169494628906,212.036865234375,212.1032257080078,212.17160034179688,212.24374389648438,212.32174682617188,212.40719604492188,212.50027465820312,212.5991668701172,212.69998168945312,212.79721069335938,212.8848419189453,212.95750427246094,213.0116729736328,213.04629516601562,213.062744140625,213.06430053710938,213.05516052246094,213.03936767578125,213.02027893066406,213.00022888183594,212.98072814941406,212.96292114257812,212.94789123535156,212.93673706054688,212.93040466308594,212.92941284179688,212.93365478515625,212.94244384765625,212.9548797607422,212.97012329101562,212.98776245117188,213.0078125
211.73426818847656,211.75843811035156,211.77935791015625,211.79762268066406,211.81472778320312,211.83274841308594,211.8542938232422,211.8822479248047,211.91961669921875,211.96875,212.03053283691406,212.10391235351562,212.18609619140625,212.27345275878906,212.36312866210938,212.4542694091797,212.5482940673828,212.6481475830078,212.75645446777344,212.87356567382812,212.99627685546875,213.11778259277344,213.22900390625,213.32080078125,213.38644409179688,213.4232635498047,213.43310546875,213.42138671875,213.3950653076172,213.36038208007812,213.3213653564453,213.27957153320312,213.2350616455078,213.18792724609375,213.1395721435547,213.0930633544922,213.05239868164062,213.0213623046875,213.00234985351562,212.99595642089844,213.00106811523438,213.01539611816406,213.03611755371094,213.06036376953125
211.9891357421875,212.02981567382812,212.0750732421875,212.12289428710938,212.16983032226562,212.2119598388672,212.246826171875,212.27548217773438,212.30322265625,212.33819580078125,212.388427734375,212.45838928222656,212.54721069335938,212.64926147460938,212.75729370117188,212.86585998535156,212.9739227294922,213.08447265625,213.20211791992188,213.32957458496094,213.46499633789062,213.60121154785156,213.7272491455078,213.831298828125,213.90438842773438,213.9430389404297,213.9503173828125,213.93455505371094,213.90585327148438,213.87225341796875,213.8369140625,213.79769897460938,213.7495880126953,213.68821716308594,213.61273193359375,213.5266876220703,213.43673706054688,213.35035705566406,213.27423095703125,213.21380615234375,213.17347717285156,213.15618896484375,213.16192626953125,213.18630981445312
212.28695678710938,212.335693359375,212.40066528320312,212.4824981689453,212.5759735107422,212.67108154296875,212.75662231445312,212.8251953125,212.87692260742188,212.919921875,212.96702575683594,213.03004455566406,213.11441040039062,213.2175750732422,213.33160400390625,213.44851684570312,213.56471252441406,213.68170166015625,213.8035430908203,213.93280029296875,214.067626953125,214.20114135742188,214.32296752929688,214.42201232910156,214.48953247070312,214.52220153808594,214.52349853515625,214.50296020507812,214.4725341796875,214.4415283203125,214.4127655029297,214.38185119628906,214.3404541015625,214.2812957763672,214.20208740234375,214.10592651367188,213.99856567382812,213.885009765625,213.76873779296875,213.65426635742188,213.55076599121094,213.47235107421875,213.4329376220703,213.43788146972656
212.7573699951172,212.8097381591797,212.8784942626953,212.969970703125,213.0843505859375,213.2145538330078,213.3476104736328,213.46849060058594,213.56610107421875,213.63900756835938,213.6969451904297,213.75628662109375,213.8312225341797,213.92674255371094,214.0380401611328,214.1558837890625,214.27320861816406,214.38795471191406,214.50135803222656,214.6144561767578,214.72581481933594,214.83152770996094,214.92588806152344,215.00238037109375,215.05499267578125,215.08050537109375,215.0807342529297,215.0629119873047,215.036865234375,215.01039123535156,214.98526000976562,214.95657348632812,214.91574096679688,214.85580444335938,214.7755889892578,214.67999267578125,214.575927734375,214.4666748046875,214.3495330810547,214.2202911376953,214.0822296142578,213.9522705078125,213.857421875,213.82093811035156
213.44261169433594,213.5205535888672,213.60543823242188,213.70281982421875,213.8177032470703,213.9528045654297,214.10391235351562,214.2565460205078,214.38992309570312,214.48880004882812,214.5548095703125,214.60671997070312,214.66847229003906,214.7540283203125,214.86109924316406,214.9766845703125,215.08738708496094,215.18601989746094,215.27157592773438,215.34625244140625,215.41297912597656,215.4741668701172,215.53021240234375,215.57843017578125,215.61402893066406,215.6334991455078,215.6378173828125,215.63238525390625,215.623291015625,215.61338806152344,215.60073852539062,215.57965087890625,215.54225158691406,215.48072814941406,215.39085388183594,215.276123046875,215.14825439453125,215.02137756347656,214.9027557373047,214.78857421875,214.67037963867188,214.5480499267578,214.4379119873047,214.366943359375
214.24728393554688,214.36465454101562,214.4859161376953,214.60948181152344,214.7376708984375,214.87838745117188,215.03712463378906,215.20513916015625,215.35797119140625,215.47059631347656,215.5375518798828,215.57888793945312,215.62518310546875,215.69581604003906,215.78872680664062,215.8872528076172,215.973876953125,216.03878784179688,216.08099365234375,216.1058807373047,216.1222381591797,216.13827514648438,216.15707397460938,216.17471313476562,216.18405151367188,216.18202209472656,216.17340087890625,216.16665649414062,216.16558837890625,216.16598510742188,216.1605224609375,216.14540100097656,216.11953735351562,216.0776824951172,216.00775146484375,215.89993286132812,215.7602081298828,215.61322021484375,215.48841857910156,215.4002685546875,215.3396759033203,215.28448486328125,215.22021484375,215.1534423828125
215.20323181152344,215.34388732910156,215.4910125732422,215.64024353027344,215.78903198242188,215.94248962402344,216.10812377929688,216.2818145751953,216.4419708251953,216.56260681152344,216.635009765625,216.6753387451172,216.7099151611328,216.7544708251953,216.8069305419922,216.85560607910156,216.88978576660156,216.90379333496094,216.8971405029297,216.87509155273438,216.8473663330078,216.82281494140625,216.80308532714844,216.78192138671875,216.7515411376953,216.71145629882812,216.67120361328125,216.64273071289062,216.62841796875,216.61767578125,216.5980987548828,216.56968688964844,216.5441131591797,216.52796936035156,216.50936889648438,216.46499633789062,216.38258361816406,216.2760467529297,216.17916870117188,216.1226806640625,216.1126708984375,216.1268310546875,216.13186645507812,216.10951232910156
216.39981079101562,216.5472412109375,216.70040893554688,216.85693359375,217.0136260986328,217.17050170898438,217.3300018310547,217.48928833007812,217.6342010498047,217.74623107910156,217.81735229492188,217.8555450439453,217.87417602539062,217.87945556640625,217.87091064453125,217.84896850585938,217.8163299560547,217.77342224121094,217.71923828125,217.65689086914062,217.59341430664062,217.5325927734375,217.471923828125,217.40737915039062,217.33827209472656,217.26756286621094,217.20103454589844,217.14601135253906,217.10560607910156,217.0733642578125,217.03868103027344,217.00047302246094,216.97120666503906,216.96363830566406,216.9759521484375,216.99212646484375,216.9948272705078,216.97784423828125,216.95216369628906,216.94252014160156,216.97096252441406,217.03533935546875,217.10581970214844,217.14971923828125
217.81800842285156,217.9644317626953,218.1185302734375,218.2739715576172,218.42735290527344,218.57427978515625,218.71011352539062,218.83175659179688,218.9341278076172,219.00779724121094,219.04576110839844,219.050537109375,219.02951049804688,218.9864044189453,218.9232177734375,218.84642028808594,218.7626953125,218.67144775390625,218.57057189941406,218.4666290283203,218.3687744140625,218.27452087402344,218.1739044189453,218.0675048828125,217.96800231933594,217.88172912597656,217.801025390625,217.71969604492188,217.64498901367188,217.587890625,217.5501251220703,217.52731323242188,217.51776123046875,217.52285766601562,217.54537963867188,217.5903778076172,217.65908813476562,217.73910522460938,217.8136444091797,217.88662719726562,217.9841766357422,218.11810302734375,218.25979614257812,218.36624145507812
219.40565490722656,219.5352020263672,219.6802215576172,219.82479858398438,219.96148681640625,220.08090209960938,220.17398071289062,220.24234008789062,220.29270935058594,220.3198699951172,220.30929565429688,220.2588348388672,220.18292236328125,220.0935516357422,219.9921112060547,219.880126953125,219.76072692871094,219.62985229492188,219.4835205078125,219.3329315185547,219.19412231445312,219.06344604492188,218.9240264892578,218.77749633789062,218.64674377441406,218.5421905517578,218.44715881347656,218.34619140625,218.24917602539062,218.17666625976562,218.13648986816406,218.1256561279297,218.14064025878906,218.17654418945312,218.23106384277344,218.31698608398438,218.45217895507812,218.62843322753906,218.8126678466797,218.99124145507812,219.18576049804688,219.405029296875,219.6085662841797,219.74853515625
221.1582489013672,221.25192260742188,221.36534118652344,221.47866821289062,221.57748413085938,221.64749145507812,221.679443359375,221.685546875,221.68865966796875,221.68458557128906,221.6417999267578,221.5486297607422,221.4292449951172,221.30271911621094,221.16116333007812,220.99896240234375,220.8282470703125,220.6548614501953,220.4703826904297,220.27713012695312,220.09268188476562,219.92172241210938,219.75035095214844,219.57579040527344,219.41656494140625,219.28428649902344,219.1689910888672,219.0634307861328,218.9787139892578,218.92337036132812,218.889892578125,218.87673950195312,218.90025329589844,218.9700164794922,219.07716369628906,219.2218475341797,219.4215545654297,219.6732177734375,219.9398956298828,220.19815063476562,220.46214294433594,220.7321014404297,220.95994567871094,221.1088409423828
223.1510772705078,223.19723510742188,223.26565551757812,223.3328857421875,223.37588500976562,223.38388061523438,223.35133361816406,223.29232788085938,223.23878479003906,223.19052124023438,223.10501098632812,222.96432495117188,222.80084228515625,222.63356018066406,222.43878173828125,222.20628356933594,221.96734619140625,221.7455291748047,221.52719116210938,221.29762268066406,221.0692901611328,220.8597412109375,220.66763305664062,220.48468017578125,220.31332397460938,220.16082763671875,220.02978515625,219.9265899658203,219.86351013183594,219.8382110595703,219.8301239013672,219.83518981933594,219.8815460205078,219.9896240234375,220.14401245117188,220.32875061035156,220.5569305419922,220.83541870117188,221.1342315673828,221.42449951171875,221.71038818359375,221.98838806152344,222.2183837890625,222.3819580078125
