earth/public/data/atmosphere/W07/ANN-temp-isobaric-500hPa-gfs-1.0.json
{"header": {"discipline": 0, "disciplineName": "Meteorological products", "gribEdition": 2, "gribLength": 17922.0, "center": 0, "centerName": "Kiel Climate Model", "subcenter": 0, "refTime": "1", "significanceOfRT": 1, "significanceOfRTName": "Start of forecast", "productStatus": 0, "productStatusName": "Operational products", "productType": 1, "productTypeName": "Forecast products", "productDefinitionTemplate": 0, "productDefinitionTemplateName": "Analysis/forecast at horizontal level/layer at a point in time", "parameterCategory": 2, "parameterCategoryName": "Momentum", "parameterNumber": 2, "parameterNumberName": "U-component_of_wind", "parameterUnit": "K", "genProcessType": 2, "genProcessTypeName": "Forecast", "forecastTime": 0, "surface1Type": 103, "surface1TypeName": "Specified height level above ground", "surface1Value": 10, "surface2Type": 255, "surface2TypeName": "Missing", "surface2Value": 0, "gridDefinitionTemplate": 0, "gridDefinitionTemplateName": "Latitude_Longitude", "numberPoints": 65160, "shape": 6, "shapeName": "Earth spherical with radius of 6,371,229.0 m", "gridUnits": "degrees", "resolution": 48, "winds": "true", "scanMode": 0, "nx": 128.0, "ny": 64.0, "basicAngle": 0, "subDivisions": 0, "lo1": 0.0, "la1": 87.86379883923263, "lo2": 357.1875, "la2": -87.86379883923263, "dx": 2.8125, "dy": 2.7893269472772264}, "data":
[rows 0 to 19 of 64, columns 44 to 87 of 128]
237.2865447998047,237.27882385253906,237.2713623046875,237.26416015625,237.25723266601562,237.2505645751953,237.24417114257812,237.23802185058594,237.23214721679688,237.22653198242188,237.22119140625,237.2161102294922,237.21131896972656,237.20680236816406,237.20260620117188,237.1986846923828,237.19508361816406,237.19180297851562,237.1888427734375,237.18624877929688,237.18399047851562,237.18211364746094,237.1806182861328,237.17950439453125,237.17877197265625,237.178466796875,237.17857360839844,237.17909240722656,237.1800537109375,237.18142700195312,237.18325805664062,237.18551635742188,237.188232421875,237.1913604736328,237.1949462890625,237.19898986816406,237.20347595214844,237.20838928222656,237.2137451171875,237.2195587158203,237.22579956054688,237.2324676513672,237.2395782470703,237.2471160888672
237.17518615722656,237.167724609375,237.1610107421875,237.1549072265625,237.14932250976562,237.14414978027344,237.1392364501953,237.13446044921875,237.12974548339844,237.12493896484375,237.1200408935547,237.1149139404297,237.10958862304688,237.10401916503906,237.09823608398438,237.09230041503906,237.0862579345703,237.0802001953125,237.07424926757812,237.06846618652344,237.06295776367188,237.0578155517578,237.0531463623047,237.04896545410156,237.0453643798828,237.04234313964844,237.03993225097656,237.03811645507812,237.0369110107422,237.03627014160156,237.03616333007812,237.03659057617188,237.03750610351562,237.0388946533203,237.04075622558594,237.0430908203125,237.04591369628906,237.0492401123047,237.0531005859375,237.05755615234375,237.0626678466797,237.06851196289062,237.07513427734375,237.0826416015625
237.2368927001953,237.2338409423828,237.23313903808594,237.23460388183594,237.2379608154297,237.24288940429688,237.2489013671875,237.2555389404297,237.2622528076172,237.26852416992188,237.2738800048828,237.27789306640625,237.2802734375,237.2808837890625,237.27969360351562,237.27682495117188,237.2725067138672,237.26705932617188,237.2609100341797,237.25439453125,237.24786376953125,237.2416229248047,237.23582458496094,237.23057556152344,237.22581481933594,237.22145080566406,237.21725463867188,237.2130126953125,237.20849609375,237.20350646972656,237.19786071777344,237.1914825439453,237.1843719482422,237.17657470703125,237.16822814941406,237.15953063964844,237.15069580078125,237.1419677734375,237.1335906982422,237.1258087158203,237.1188201904297,237.11282348632812,237.10800170898438,237.10455322265625
237.48280334472656,237.48135375976562,237.4836883544922,237.49000549316406,237.50035095214844,237.5145263671875,237.53213500976562,237.55247497558594,237.57455444335938,237.59727478027344,237.61936950683594,237.6396484375,237.6571044921875,237.67108154296875,237.68125915527344,237.68780517578125,237.6912078857422,237.69224548339844,237.69186401367188,237.69094848632812,237.69021606445312,237.6901092529297,237.69070434570312,237.69175720214844,237.69271850585938,237.69284057617188,237.69131469726562,237.68740844726562,237.68045043945312,237.6701202392578,237.65621948242188,237.6389617919922,237.61868286132812,237.59596252441406,237.57151794433594,237.546142578125,237.5205841064453,237.4955291748047,237.47158813476562,237.44920349121094,237.42869567871094,237.41017150878906,237.3937225341797,237.37930297851562
237.86061096191406,237.8714599609375,237.88473510742188,237.9009552001953,237.92088317871094,237.94525146484375,237.9745635986328,238.0088348388672,238.04737854003906,238.0887908935547,238.1310577392578,238.1719207763672,238.2091522216797,238.2410888671875,238.266845703125,238.28659057617188,238.30130004882812,238.3125762939453,238.322265625,238.33197021484375,238.34271240234375,238.35476684570312,238.36761474609375,238.38009643554688,238.39080810546875,238.39825439453125,238.40130615234375,238.3992156982422,238.39178466796875,238.37930297851562,238.36233520507812,238.34153747558594,238.31761169433594,238.29107666015625,238.2623291015625,238.23165893554688,238.1992950439453,238.16551208496094,238.13063049316406,238.0950927734375,238.059326171875,238.02374267578125,237.98875427246094,237.95468139648438
238.27340698242188,238.31320190429688,238.35610961914062,238.40167236328125,238.45008850097656,238.50209045410156,238.55865478515625,238.620361328125,238.6868896484375,238.756591796875,238.8264923095703,238.89280700683594,238.95181274414062,239.00067138671875,239.03836059570312,239.0658416748047,239.08590698242188,239.102294921875,239.1186981201172,239.13783264160156,239.16067504882812,239.18643188476562,239.21287536621094,239.237060546875,239.25625610351562,239.26864624023438,239.2738494873047,239.27279663085938,239.2676239013672,239.2607879638672,239.2544403076172,239.24974060058594,239.24647521972656,239.2429962158203,239.2366485595703,239.22433471679688,239.2032928466797,239.1717529296875,239.12924194335938,239.0765838623047,239.01565551757812,238.94879150390625,238.87844848632812,238.8067169189453
238.64443969726562,238.70901489257812,238.785400390625,238.8713836669922,238.96466064453125,239.0634765625,239.16677856445312,239.27381896972656,239.38333129882812,239.49264526367188,239.59739685058594,239.69204711914062,239.7711944580078,239.83143615722656,239.87255859375,239.89816284179688,239.9147491455078,239.9300079345703,239.95057678222656,239.98033142089844,240.0194091796875,240.06451416015625,240.11024475097656,240.15061950683594,240.18092346191406,240.19888305664062,240.20509338378906,240.20298767089844,240.19773864746094,240.19503784179688,240.1995086669922,240.21337890625,240.2356414794922,240.26210021972656,240.28616333007812,240.3004150390625,240.29847717285156,240.2763214111328,240.23309326171875,240.17086791992188,240.09375,240.00657653808594,239.91383361816406,239.81887817382812
239.04078674316406,239.11595153808594,239.21141052246094,239.32510375976562,239.4530792236328,239.59054565429688,239.7333526611328,239.87843322753906,240.0233154296875,240.1649627685547,240.2987060546875,240.4182586669922,240.517333984375,240.5919952392578,240.64285278320312,240.67576599121094,240.7005157470703,240.72792053222656,240.76638793945312,240.81959533691406,240.88565063476562,240.95809936523438,241.0281982421875,241.08740234375,241.1293182373047,241.15103149414062,241.15347290039062,241.14117431640625,241.1214141845703,241.1028289794922,241.09353637695312,241.0989227294922,241.12002563476562,241.15293884277344,241.1897430419922,241.22091674804688,241.2379913330078,241.2359161376953,241.21363830566406,241.17335510253906,241.11863708496094,241.0527801513672,240.9778289794922,240.89486694335938
239.54949951171875,239.64010620117188,239.74758911132812,239.87310791015625,240.014892578125,240.1681365966797,240.32669067382812,240.48550415039062,240.641845703125,240.79454040527344,240.94186401367188,241.07997131347656,241.20338439941406,241.30747985839844,241.39149475097656,241.4600067138672,241.52178955078125,241.58670043945312,241.66180419921875,241.7490234375,241.844482421875,241.94009399414062,242.02609252929688,242.0935516357422,242.13613891601562,242.15101623535156,242.13919067382812,242.10548400878906,242.05821228027344,242.00823974609375,241.9669952392578,241.9435577392578,241.94195556640625,241.9598388671875,241.98963928222656,242.0218505859375,242.0488739013672,242.06741333007812,242.0780029296875,242.08230590820312,242.07980346679688,242.0662841796875,242.03500366210938,241.98016357421875
240.12774658203125,240.24465942382812,240.36985778808594,240.50950622558594,240.66741943359375,240.84002685546875,241.0175018310547,241.18959045410156,241.35134887695312,241.50448608398438,241.65391540527344,241.80282592773438,241.9500732421875,242.0914764404297,242.22317504882812,242.3444366455078,242.45803833007812,242.568603515625,242.67999267578125,242.79327392578125,242.90574645996094,243.01144409179688,243.10238647460938,243.17062377929688,243.21034240722656,243.2191925048828,243.1990966796875,243.15586853027344,243.0984344482422,243.03761291503906,242.98385620117188,242.9447784423828,242.92250061035156,242.9131622314453,242.90933227539062,242.90478515625,242.89889526367188,242.8975067138672,242.90916442871094,242.93849182128906,242.98092651367188,243.02223205566406,243.043701171875,243.03012084960938
240.76820373535156,240.89453125,241.02957153320312,241.1853790283203,241.37181091308594,241.584228515625,241.8033905029297,242.00704956054688,242.18341064453125,242.33648681640625,242.48057556152344,242.63021850585938,242.79270935058594,242.96685791015625,243.1460723876953,243.3224334716797,243.48944091796875,243.64349365234375,243.7841796875,243.9134063720703,244.0332489013672,244.14337158203125,244.239501953125,244.31488037109375,244.36351013183594,244.38356018066406,244.37875366210938,244.3566436767578,244.3256072998047,244.29241943359375,244.2606201171875,244.229736328125,244.19491577148438,244.14808654785156,244.08248901367188,243.998779296875,243.90908813476562,243.83482360839844,243.79771423339844,243.80886840820312,243.86212158203125,243.93592834472656,244.002685546875,244.0402374267578
241.6243896484375,241.71839904785156,241.82505798339844,241.96380615234375,242.15325927734375,242.38925170898438,242.6422576904297,242.8752899169922,243.0670166015625,243.22195434570312,243.36302185058594,243.51568603515625,243.69558715820312,243.90467834472656,244.1342010498047,244.36962890625,244.595703125,244.8007354736328,244.9796142578125,245.13392639160156,245.2691650390625,245.38980102539062,245.495849609375,245.5828094482422,245.6455078125,245.6829071044922,245.69979858398438,245.70416259765625,245.70237731933594,245.69659423828125,245.68492126464844,245.66250610351562,245.6211700439453,245.55018615722656,245.44122314453125,245.29661560058594,245.13490295410156,244.98709106445312,244.88404846191406,244.84298706054688,244.86117553710938,244.9197235107422,244.9934539794922,245.0609893798828
242.80636596679688,242.83580017089844,242.86831665039062,242.93374633789062,243.0665740966797,243.27281188964844,243.52139282226562,243.7657928466797,243.97506713867188,244.1498260498047,244.3148651123047,244.49951171875,244.72137451171875,244.98097229003906,245.26553344726562,245.55615234375,245.83474731445312,246.08888244628906,246.31292724609375,246.5064239501953,246.6719207763672,246.81292724609375,246.9319610595703,247.0286865234375,247.10064697265625,247.14682006835938,247.17030334472656,247.1766815185547,247.16978454589844,247.15057373046875,247.1199188232422,247.08009338378906,247.0304718017578,246.96240234375,246.86216735839844,246.72286987304688,246.55455017089844,246.38230895996094,246.23406982421875,246.1292724609375,246.07595825195312,246.07350158691406,246.1150665283203,246.18832397460938
244.23663330078125,244.20152282714844,244.1544647216797,244.13345336914062,244.18606567382812,244.3319091796875,244.54945373535156,244.7937469482422,245.02818298339844,245.2455291748047,245.4649658203125,245.7117462158203,245.99844360351562,246.31900024414062,246.65467834472656,246.98426818847656,247.29312133789062,247.5761260986328,247.83302307128906,248.06153869628906,248.2564697265625,248.4155731201172,248.5425262451172,248.64222717285156,248.71493530273438,248.75827026367188,248.77337646484375,248.7652130126953,248.73670959472656,248.6870574951172,248.61849975585938,248.54132080078125,248.46653747558594,248.3937530517578,248.30996704101562,248.20262145996094,248.07122802734375,247.92494201660156,247.77374267578125,247.6283721923828,247.50836181640625,247.44161987304688,247.44912719726562,247.5296173095703
245.83450317382812,245.75611877441406,245.6752471923828,245.62442016601562,245.63865661621094,245.73765563964844,245.9164581298828,246.14678955078125,246.3955535888672,246.64950561523438,246.92031860351562,247.2252197265625,247.56729125976562,247.93325805664062,248.30271911621094,248.656494140625,248.9828338623047,249.28016662597656,249.55116271972656,249.792236328125,249.9928741455078,250.1475372314453,250.26268005371094,250.34750366210938,250.40232849121094,250.42262268066406,250.41213989257812,250.38323974609375,250.3425750732422,250.2838897705078,250.19989013671875,250.09674072265625,249.98974609375,249.88766479492188,249.78854370117188,249.69097900390625,249.5983123779297,249.50625610351562,249.39627075195312,249.25686645507812,249.11276245117188,249.0198211669922,249.0225830078125,249.12132263183594
247.70742797851562,247.59730529785156,247.51942443847656,247.48934936523438,247.50531005859375,247.57467651367188,247.71377563476562,247.91815185546875,248.16078186035156,248.42578125,248.72183227539062,249.05667114257812,249.4180145263672,249.78680419921875,250.1522674560547,250.50595092773438,250.83450317382812,251.12767028808594,251.38424682617188,251.6027374267578,251.7751922607422,251.89797973632812,251.98045349121094,252.03370666503906,252.05592346191406,252.04005432128906,251.9932403564453,251.93629455566406,251.88121032714844,251.8189697265625,251.73524475097656,251.63055419921875,251.5172882080078,251.40306091308594,251.29083251953125,251.19366455078125,251.1305694580078,251.09559631347656,251.04666137695312,250.94854736328125,250.82638549804688,250.755126953125,250.78855895996094,250.91567993164062
250.045654296875,249.89590454101562,249.7996063232422,249.76646423339844,249.76820373535156,249.80697631835938,249.917236328125,250.10250854492188,250.32794189453125,250.57740783691406,250.86724853515625,251.19761657714844,251.53578186035156,251.85772705078125,252.1702880859375,252.4795379638672,252.76657104492188,253.0087890625,253.20423889160156,253.3608856201172,253.4775848388672,253.55039978027344,253.58680725097656,253.59898376464844,253.58766174316406,253.5463104248047,253.4792022705078,253.4025421142578,253.32623291015625,253.24530029296875,253.15414428710938,253.0596160888672,252.9713592529297,252.8858642578125,252.7960205078125,252.7179718017578,252.6866912841797,252.70802307128906,252.73287963867188,252.7090301513672,252.6529998779297,252.6378173828125,252.70852661132812,252.84576416015625
252.86170959472656,252.66909790039062,252.52023315429688,252.44158935546875,252.40452575683594,252.41319274902344,252.50360107421875,252.6639404296875,252.84381103515625,253.0360107421875,253.2723388671875,253.54673767089844,253.8106689453125,254.04263305664062,254.26412963867188,254.48483276367188,254.67880249023438,254.82257080078125,254.92324829101562,254.9973602294922,255.0446014404297,255.0559844970703,255.0345001220703,254.99423217773438,254.94395446777344,254.88291931152344,254.8105926513672,254.73072814941406,254.64610290527344,254.55709838867188,254.46852111816406,254.39202880859375,254.3354949951172,254.29122924804688,254.24668884277344,254.2154541015625,254.24053955078125,254.34197998046875,254.4735565185547,254.568603515625,254.62094116210938,254.67703247070312,254.75758361816406,254.8490447998047
255.8663330078125,255.65237426757812,255.47259521484375,255.3692169189453,255.31298828125,255.2992401123047,255.35084533691406,255.44342041015625,255.5327911376953,255.63174438476562,255.77407836914062,255.9378204345703,256.0758361816406,256.18646240234375,256.2947082519531,256.3960266113281,256.46514892578125,256.4971618652344,256.50640869140625,256.5001220703125,256.4726257324219,256.41864013671875,256.3427734375,256.25640869140625,256.1686706542969,256.08221435546875,255.9970245361328,255.9144287109375,255.83740234375,255.76927185058594,255.71165466308594,255.66592407226562,255.63751220703125,255.63140869140625,255.6455078125,255.6880340576172,255.794921875,255.99111938476562,256.2351989746094,256.45159912109375,256.6150207519531,256.7449645996094,256.8326110839844,256.86492919921875
258.6266784667969,258.4338684082031,258.2849426269531,258.2080383300781,258.1595764160156,258.12506103515625,258.1188049316406,258.12158203125,258.1173400878906,258.1353759765625,258.1847229003906,258.219970703125,258.2180480957031,258.2089538574219,258.2041320800781,258.1754150390625,258.11614990234375,258.0512390136719,257.98590087890625,257.9022521972656,257.797607421875,257.6865234375,257.5775146484375,257.47113037109375,257.3681945800781,257.2696228027344,257.177490234375,257.0973205566406,257.03558349609375,256.99615478515625,256.97540283203125,256.9652099609375,256.97100830078125,257.01275634765625,257.0967102050781,257.21588134765625,257.3880615234375,257.6404113769531,257.9425354003906,258.2216796875,258.45233154296875,258.64959716796875,258.7832946777344,258.81463623046875
