earth/public/data/atmosphere/W07/ANN-temp-isobaric-700hPa-gfs-1.0.json
{"header": {"discipline": 0, "disciplineName": "Meteorological products", "gribEdition": 2, "gribLength": 17922.0, "center": 0, "centerName": "Kiel Climate Model", "subcenter": 0, "refTime": "1", "significanceOfRT": 1, "significanceOfRTName": "Start of forecast", "productStatus": 0, "productStatusName": "Operational products", "productType": 1, "productTypeName": "Forecast products", "productDefinitionTemplate": 0, "productDefinitionTemplateName": "Analysis/forecast at horizontal level/layer at a point in time", "parameterCategory": 2, "parameterCategoryName": "Momentum", "parameterNumber": 2, "parameterNumberName": "U-component_of_wind", "parameterUnit": "K", "genProcessType": 2, "genProcessTypeName": "Forecast", "forecastTime": 0, "surface1Type": 103, "surface1TypeName": "Specified height level above ground", "surface1Value": 10, "surface2Type": 255, "surface2TypeName": "Missing", "surface2Value": 0, "gridDefinitionTemplate": 0, "gridDefinitionTemplateName": "Latitude_Longitude", "numberPoints": 65160, "shape": 6, "shapeName": "Earth spherical with radius of 6,371,229.0 m", "gridUnits": "degrees", "resolution": 48, "winds": "true", "scanMode": 0, "nx": 128.0, "ny": 64.0, "basicAngle": 0, "subDivisions": 0, "lo1": 0.0, "la1": 87.86379883923263, "lo2": 357.1875, "la2": -87.86379883923263, "dx": 2.8125, "dy": 2.7893269472772264}, "data":
[rows 40 to 59 of 64, columns 0 to 43 of 128]
280.128173828125,280.5887451171875,281.0074768066406,281.1442565917969,281.0241394042969,280.75628662109375,280.37078857421875,279.9687805175781,279.6144104003906,279.16998291015625,278.64715576171875,278.3892822265625,278.5299072265625,278.71893310546875,278.630859375,278.2925720214844,277.8748474121094,277.5496826171875,277.4181823730469,277.3665771484375,277.2456359863281,277.1540222167969,277.2135314941406,277.3062438964844,277.34588623046875,277.443115234375,277.61279296875,277.738525390625,277.8503112792969,278.0452575683594,278.2724609375,278.47918701171875,278.7126770019531,278.95281982421875,279.1402282714844,279.3229064941406,279.5380554199219,279.73626708984375,279.9162902832031,280.0702819824219,280.0751037597656,279.8996276855469,279.71270751953125,279.6171875
278.0623779296875,278.5359191894531,279.13238525390625,279.6690673828125,279.9583740234375,279.9021301269531,279.5715637207031,279.197265625,278.859619140625,278.39349365234375,277.84381103515625,277.59381103515625,277.75311279296875,277.9211730957031,277.7967529296875,277.519775390625,277.2833557128906,277.0703125,276.82861328125,276.5853271484375,276.39208984375,276.28607177734375,276.24749755859375,276.2203369140625,276.2215270996094,276.29827880859375,276.39971923828125,276.4737548828125,276.57757568359375,276.7283020019531,276.8460998535156,276.936279296875,277.0720520019531,277.2174987792969,277.32122802734375,277.4507751464844,277.6483459472656,277.86883544921875,278.1116943359375,278.3514404296875,278.4376220703125,278.3243713378906,278.19189453125,278.15032958984375
275.9061279296875,276.26611328125,276.7331237792969,277.3296203613281,277.87713623046875,278.0835876464844,277.87420654296875,277.5120849609375,277.2192077636719,276.9251708984375,276.6065673828125,276.5006408691406,276.6978759765625,276.9016418457031,276.8503723144531,276.6285095214844,276.3968505859375,276.15472412109375,275.8865966796875,275.673828125,275.567626953125,275.50543212890625,275.4058532714844,275.27923583984375,275.19549560546875,275.1605529785156,275.1166076660156,275.075927734375,275.1085205078125,275.187255859375,275.22808837890625,275.2582092285156,275.34881591796875,275.4678649902344,275.57470703125,275.7132263183594,275.8955383300781,276.0802307128906,276.2793884277344,276.47637939453125,276.5325012207031,276.3932800292969,276.2244873046875,276.1715087890625
273.7098693847656,273.9261169433594,274.167724609375,274.5840148925781,275.1617126464844,275.611328125,275.6875305175781,275.5156555175781,275.39105224609375,275.3910827636719,275.41900634765625,275.46514892578125,275.56378173828125,275.6302185058594,275.5585021972656,275.37353515625,275.1570739746094,274.9366149902344,274.723388671875,274.55242919921875,274.43096923828125,274.317626953125,274.1858215332031,274.06317138671875,273.98028564453125,273.9118347167969,273.81878662109375,273.7245788574219,273.674072265625,273.64849853515625,273.61328125,273.5981140136719,273.6336364746094,273.6874694824219,273.74322509765625,273.8358154296875,273.9676513671875,274.1158752441406,274.30047607421875,274.50018310546875,274.58062744140625,274.4661865234375,274.28607177734375,274.2200927734375
271.4778137207031,271.6650390625,271.8500671386719,272.1111145019531,272.53692626953125,273.0070495605469,273.2792053222656,273.31085205078125,273.3075866699219,273.4270324707031,273.6090087890625,273.7272033691406,273.74884033203125,273.70428466796875,273.6155700683594,273.502197265625,273.3960876464844,273.31304931640625,273.229248046875,273.10693359375,272.94354248046875,272.779541015625,272.65106201171875,272.5544738769531,272.46685791015625,272.37786865234375,272.28948974609375,272.1993408203125,272.0934143066406,271.9618835449219,271.82281494140625,271.7066955566406,271.6111755371094,271.51251220703125,271.42315673828125,271.3807067871094,271.3924865722656,271.4583435058594,271.60882568359375,271.8357238769531,272.0377197265625,272.1259765625,272.136474609375,272.1714782714844
269.403564453125,269.5415954589844,269.685302734375,269.7923583984375,269.9376525878906,270.1788024902344,270.436279296875,270.6104431152344,270.73492431640625,270.9092102050781,271.1405029296875,271.34735107421875,271.47857666015625,271.5462646484375,271.56719970703125,271.5457763671875,271.5073547363281,271.48516845703125,271.4665222167969,271.40521240234375,271.29656982421875,271.1866760253906,271.0932312011719,270.9749450683594,270.8055725097656,270.62359619140625,270.47564697265625,270.3511657714844,270.2101135253906,270.047119140625,269.8924560546875,269.76251220703125,269.64422607421875,269.5312194824219,269.4425354003906,269.3885803222656,269.35137939453125,269.32421875,269.3385009765625,269.4219055175781,269.5584716796875,269.71368408203125,269.8671569824219,270.005615234375
267.406982421875,267.4106750488281,267.4698486328125,267.5101623535156,267.53271484375,267.6316833496094,267.8505859375,268.1250305175781,268.38232421875,268.6144104003906,268.83428955078125,269.0310974121094,269.1924743652344,269.32183837890625,269.4136962890625,269.45111083984375,269.44091796875,269.416259765625,269.393310546875,269.35931396484375,269.30987548828125,269.2574462890625,269.19390869140625,269.0869140625,268.93115234375,268.763916015625,268.6134338378906,268.46783447265625,268.3113708496094,268.15631103515625,268.0174560546875,267.88568115234375,267.7522277832031,267.636474609375,267.56353759765625,267.5273742675781,267.5013122558594,267.4745178222656,267.4560852050781,267.4550476074219,267.48211669921875,267.55755615234375,267.6864318847656,267.8360595703125
265.2912902832031,265.2625732421875,265.3327331542969,265.4437561035156,265.5302734375,265.61102294921875,265.7344665527344,265.89764404296875,266.06256103515625,266.21136474609375,266.34686279296875,266.467041015625,266.57208251953125,266.67803955078125,266.79669189453125,266.91412353515625,267.0054931640625,267.0614318847656,267.0870361328125,267.0861511230469,267.05914306640625,267.0086975097656,266.94024658203125,266.86212158203125,266.78240966796875,266.69586181640625,266.58026123046875,266.4233093261719,266.2458801269531,266.07745361328125,265.9142150878906,265.7287292480469,265.5191345214844,265.318603515625,265.1529541015625,265.0218505859375,264.9315185546875,264.9095764160156,264.9651184082031,265.0622253417969,265.1610412597656,265.26422119140625,265.39501953125,265.5478515625
263.19427490234375,263.21405029296875,263.2730407714844,263.3483581542969,263.3985900878906,263.41412353515625,263.4147644042969,263.42291259765625,263.46240234375,263.5605773925781,263.7235107421875,263.9188232421875,264.1044616699219,264.26898193359375,264.4267272949219,264.58087158203125,264.7121887207031,264.8035583496094,264.8583068847656,264.8865051269531,264.8847961425781,264.84136962890625,264.75823974609375,264.65631103515625,264.55108642578125,264.4311828613281,264.2756042480469,264.09222412109375,263.92041015625,263.7864685058594,263.67523193359375,263.56072998046875,263.4477844238281,263.35699462890625,263.2804260253906,263.1887512207031,263.0859069824219,263.02191162109375,263.0345153808594,263.105224609375,263.1942138671875,263.2962341308594,263.43243408203125,263.5995788574219
261.2635498046875,261.2608947753906,261.2291564941406,261.194580078125,261.19012451171875,261.2353210449219,261.3220520019531,261.4269714355469,261.54278564453125,261.6861572265625,261.8670959472656,262.0623474121094,262.232177734375,262.357421875,262.44708251953125,262.5136413574219,262.5581970214844,262.58294677734375,262.60302734375,262.631591796875,262.6584167480469,262.6554260253906,262.6061096191406,262.5191650390625,262.4115905761719,262.28839111328125,262.1499938964844,262.0110778808594,261.8945007324219,261.8052978515625,261.7276306152344,261.6570739746094,261.6191101074219,261.63800048828125,261.69561767578125,261.7427978515625,261.75244140625,261.7415466308594,261.73699951171875,261.742919921875,261.7567443847656,261.7997741699219,261.90533447265625,262.0776062011719
259.3917236328125,259.3716735839844,259.364013671875,259.3809509277344,259.4481201171875,259.57794189453125,259.7459411621094,259.90142822265625,260.0059509277344,260.05792236328125,260.08148193359375,260.10003662109375,260.1258544921875,260.16668701171875,260.227783203125,260.304443359375,260.38140869140625,260.4455261230469,260.4959716796875,260.5367431640625,260.5639343261719,260.5672302246094,260.5442810058594,260.5057067871094,260.4625549316406,260.4141845703125,260.3531188964844,260.2772521972656,260.18914794921875,260.0848388671875,259.95526123046875,259.8041076660156,259.6573791503906,259.54693603515625,259.4872131347656,259.47540283203125,259.5089111328125,259.5906066894531,259.7138977050781,259.855712890625,259.99444580078125,260.1307373046875,260.28143310546875,260.4563293457031
257.685791015625,257.72674560546875,257.8121643066406,257.8915100097656,257.9383239746094,257.9562683105469,257.9603271484375,257.960693359375,257.9634094238281,257.97845458984375,258.02001953125,258.0990905761719,258.2177429199219,258.3697204589844,258.541748046875,258.7145690917969,258.8665771484375,258.9809265136719,259.05035400390625,259.0758056640625,259.06268310546875,259.02081298828125,258.9648742675781,258.9084777832031,258.8539733886719,258.7908935546875,258.7086181640625,258.61187744140625,258.52142333984375,258.45819091796875,258.42694091796875,258.4141845703125,258.3990478515625,258.3671569824219,258.3199768066406,258.27764892578125,258.2722473144531,258.3306884765625,258.45782470703125,258.6345520019531,258.8320617675781,259.0270690917969,259.20513916015625,259.3571472167969
256.5079650878906,256.5640869140625,256.609375,256.61029052734375,256.56341552734375,256.5008850097656,256.4710693359375,256.51165771484375,256.6335754394531,256.8208923339844,257.0414733886719,257.2586975097656,257.441650390625,257.57183837890625,257.64630126953125,257.6757507324219,257.6788330078125,257.6743469238281,257.6737976074219,257.67816162109375,257.681396484375,257.6776428222656,257.6658020019531,257.646484375,257.6152648925781,257.56195068359375,257.48065185546875,257.3823547363281,257.29754638671875,257.2633972167969,257.3038635253906,257.41693115234375,257.57684326171875,257.7479248046875,257.9004211425781,258.0193176269531,258.1038818359375,258.1617431640625,258.2043762207031,258.24737548828125,258.31024169921875,258.41058349609375,258.553955078125,258.7284240722656
255.63845825195312,255.5798797607422,255.5109100341797,255.4707794189453,255.4932861328125,255.5938262939453,255.7615203857422,255.96182250976562,256.1495361328125,256.28662109375,256.354736328125,256.3571472167969,256.3113708496094,256.2401428222656,256.1653747558594,256.1065979003906,256.0796813964844,256.0934753417969,256.1455993652344,256.2214660644531,256.3002624511719,256.3655700683594,256.4134826660156,256.4517822265625,256.4903564453125,256.53045654296875,256.56072998046875,256.5626525878906,256.52130126953125,256.4347229003906,256.31744384765625,256.1976623535156,256.1095275878906,256.082275390625,256.1294860839844,256.24212646484375,256.390869140625,256.5382080078125,256.6571350097656,256.7456970214844,256.8284912109375,256.94256591796875,257.1159973144531,257.3524169921875
254.4691162109375,254.3423309326172,254.28573608398438,254.3277130126953,254.459228515625,254.63275146484375,254.78042602539062,254.8437042236328,254.8009490966797,254.6786346435547,254.53988647460938,254.45538330078125,254.47232055664062,254.596435546875,254.79522705078125,255.01760864257812,255.21710205078125,255.36619567871094,255.45681762695312,255.4921875,255.47886657714844,255.42518615722656,255.34506225585938,255.26153564453125,255.20370483398438,255.1969757080078,255.25100708007812,255.3529052734375,255.47000122070312,255.5623779296875,255.59930419921875,255.5727081298828,255.5006103515625,255.41954040527344,255.36903381347656,255.37603759765625,255.44699096679688,255.57025146484375,255.72616577148438,255.89752197265625,256.0738525390625,256.2488098144531,256.4148864746094,256.561279296875
253.38514709472656,253.43777465820312,253.55140686035156,253.6848907470703,253.78733825683594,253.81640625,253.7582550048828,253.63978576660156,253.52456665039062,253.49041748046875,253.59530639648438,253.84683227539062,254.19041442871094,254.525146484375,254.74217224121094,254.76954650878906,254.60226440429688,254.30360412597656,253.9770965576172,253.72262573242188,253.59767150878906,253.60052490234375,253.68125915527344,253.77236938476562,253.82301330566406,253.8213653564453,253.79612731933594,253.7994384765625,253.8807373046875,254.0639190673828,254.3370819091797,254.657470703125,254.96823120117188,255.21905517578125,255.3832244873047,255.4650115966797,255.49610900878906,255.52264404296875,255.58685302734375,255.7100067138672,255.8820037841797,256.0630187988281,256.19769287109375,256.2380065917969
252.77931213378906,252.91696166992188,253.01568603515625,253.03997802734375,252.98532104492188,252.88552856445312,252.8059539794922,252.82138061523438,252.98367309570312,253.29019165039062,253.66604614257812,253.97116088867188,254.03587341308594,253.7169952392578,252.95616149902344,251.8184356689453,250.49270629882812,249.24911499023438,248.36404418945312,248.03770446777344,248.33203125,249.15176391601562,250.27418518066406,251.41696166992188,252.31976318359375,252.81228637695312,252.84799194335938,252.4966583251953,251.903564453125,251.23333740234375,250.61956787109375,250.13543701171875,249.7920379638672,249.55902099609375,249.39561462402344,249.27783203125,249.2106475830078,249.2215576171875,249.34036254882812,249.57501220703125,249.89610290527344,250.23814392089844,250.5192413330078,250.67205810546875
250.74057006835938,250.31822204589844,249.84957885742188,249.38079833984375,248.98165893554688,248.73049926757812,248.68893432617188,248.8729248046875,249.2297821044922,249.6309051513672,249.88821411132812,249.79461669921875,249.1812744140625,247.97669982910156,246.24923706054688,244.21603393554688,242.21115112304688,240.61599731445312,239.76907348632812,239.8792266845703,240.96737670898438,242.85415649414062,245.1974334716797,247.56948852539062,249.55149841308594,250.82020568847656,251.20443725585938,250.70071411132812,249.44879150390625,247.68028259277344,245.65765380859375,243.62152099609375,241.7573699951172,240.18472290039062,238.9639892578125,238.11172485351562,237.614990234375,237.4392547607422,237.52981567382812,237.81057739257812,238.18678283691406,238.55609130859375,238.828369140625,238.94924926757812
245.8849334716797,244.59803771972656,243.357177734375,242.2610321044922,241.40045166015625,240.83834838867188,240.58985900878906,240.6088104248047,240.78585815429688,240.96185302734375,240.95672607421875,240.60948181152344,239.8212127685547,238.5900421142578,237.0277557373047,235.35110473632812,233.84657287597656,232.81439208984375,232.50445556640625,233.05825805664062,234.47186279296875,236.58901977539062,239.1267547607422,241.72689819335938,244.0218505859375,245.6991424560547,246.5507354736328,246.49850463867188,245.59268188476562,243.98788452148438,241.90460205078125,239.58651733398438,237.2628936767578,235.12078857421875,233.29022216796875,231.8402099609375,230.78286743164062,230.0829315185547,229.6699676513672,229.4527130126953,229.33489990234375,229.23214721679688,229.08811950683594,228.8874969482422
241.75009155273438,240.11997985839844,238.56153869628906,237.15821838378906,235.97560119628906,235.0499725341797,234.380615234375,233.92770385742188,233.61793518066406,233.35699462890625,233.04811096191406,232.6129913330078,232.01121520996094,231.25340270996094,230.4049530029297,229.57814025878906,228.91351318359375,228.5538330078125,228.61529541015625,229.16226196289062,230.1907501220703,231.62432861328125,233.32333374023438,235.1053924560547,236.77325439453125,238.14407348632812,239.0749969482422,239.4803009033203,239.33816528320312,238.68692016601562,237.6126708984375,236.23193359375,234.67251586914062,233.05621337890625,231.4856414794922,230.03622436523438,228.75389099121094,227.65750122070312,226.7449493408203,226.0018310546875,225.410888671875,224.96095275878906,224.65391540527344,224.50831604003906
