earth/public/data/atmosphere/W07/ANN-temp-isobaric-500hPa-gfs-1.0.json
{"header": {"discipline": 0, "disciplineName": "Meteorological products", "gribEdition": 2, "gribLength": 17922.0, "center": 0, "centerName": "Kiel Climate Model", "subcenter": 0, "refTime": "1", "significanceOfRT": 1, "significanceOfRTName": "Start of forecast", "productStatus": 0, "productStatusName": "Operational products", "productType": 1, "productTypeName": "Forecast products", "productDefinitionTemplate": 0, "productDefinitionTemplateName": "Analysis/forecast at horizontal level/layer at a point in time", "parameterCategory": 2, "parameterCategoryName": "Momentum", "parameterNumber": 2, "parameterNumberName": "U-component_of_wind", "parameterUnit": "K", "genProcessType": 2, "genProcessTypeName": "Forecast", "forecastTime": 0, "surface1Type": 103, "surface1TypeName": "Specified height level above ground", "surface1Value": 10, "surface2Type": 255, "surface2TypeName": "Missing", "surface2Value": 0, "gridDefinitionTemplate": 0, "gridDefinitionTemplateName": "Latitude_Longitude", "numberPoints": 65160, "shape": 6, "shapeName": "Earth spherical with radius of 6,371,229.0 m", "gridUnits": "degrees", "resolution": 48, "winds": "true", "scanMode": 0, "nx": 128.0, "ny": 64.0, "basicAngle": 0, "subDivisions": 0, "lo1": 0.0, "la1": 87.86379883923263, "lo2": 357.1875, "la2": -87.86379883923263, "dx": 2.8125, "dy": 2.7893269472772264}, "data":
[rows 0 to 19 of 64, columns 0 to 43 of 128]
237.63865661621094,237.63983154296875,237.64024353027344,237.63986206054688,237.63870239257812,237.63677978515625,237.63409423828125,237.6306610107422,237.6265106201172,237.6216583251953,237.61611938476562,237.60992431640625,237.60311889648438,237.59571838378906,237.58778381347656,237.57933044433594,237.57041931152344,237.5610809326172,237.55136108398438,237.5413055419922,237.5309600830078,237.52037048339844,237.50958251953125,237.4986114501953,237.487548828125,237.4763946533203,237.46519470214844,237.4539794921875,237.44281005859375,237.43170166015625,237.42066955566406,237.40975952148438,237.39898681640625,237.3883819580078,237.37796020507812,237.36773681640625,237.35772705078125,237.34796142578125,237.33840942382812,237.32913208007812,237.32008361816406,237.31129455566406,237.30279541015625,237.29452514648438
237.99102783203125,237.9918212890625,237.99041748046875,237.98672485351562,237.980712890625,237.97238159179688,237.9617156982422,237.94874572753906,237.93356323242188,237.916259765625,237.89697265625,237.8758544921875,237.85308837890625,237.82888793945312,237.80343627929688,237.77699279785156,237.749755859375,237.72195434570312,237.69378662109375,237.66543579101562,237.63711547851562,237.6089630126953,237.5811309814453,237.55372619628906,237.52687072753906,237.5006561279297,237.4751434326172,237.4503936767578,237.42648315429688,237.40342712402344,237.3812713623047,237.3600311279297,237.33975219726562,237.3204345703125,237.3021240234375,237.28480529785156,237.26852416992188,237.25328063964844,237.23907470703125,237.2259063720703,237.21380615234375,237.20269775390625,237.19259643554688,237.18344116210938
238.55369567871094,238.5496368408203,238.54193115234375,238.5302276611328,238.5142059326172,238.4936981201172,238.4686279296875,238.43910217285156,238.40533447265625,238.36773681640625,238.3267822265625,238.28305053710938,238.23716735839844,238.18975830078125,238.14144897460938,238.09280395507812,238.04428100585938,237.996337890625,237.94927978515625,237.9033660888672,237.8587646484375,237.81558227539062,237.77391052246094,237.73374938964844,237.6951446533203,237.65805053710938,237.62245178222656,237.58834838867188,237.5556640625,237.52439880371094,237.49447631835938,237.46592712402344,237.43869018554688,237.4127655029297,237.38819885253906,237.36500549316406,237.34327697753906,237.32308959960938,237.30459594726562,237.28790283203125,237.273193359375,237.2606201171875,237.2503204345703,237.24240112304688
239.29959106445312,239.28846740722656,239.27227783203125,239.25015258789062,239.22146606445312,239.18592834472656,239.14356994628906,239.09475708007812,239.04022216796875,238.98086547851562,238.91781616210938,238.85226440429688,238.78533935546875,238.71807861328125,238.65135192871094,238.58572387695312,238.52163696289062,238.459228515625,238.39846801757812,238.33932495117188,238.2816162109375,238.2252197265625,238.17010498046875,238.11630249023438,238.0639190673828,238.0131378173828,237.96417236328125,237.91722106933594,237.8724822998047,237.83009338378906,237.79013061523438,237.7526397705078,237.7175750732422,237.6849365234375,237.65464782714844,237.62669372558594,237.6009979248047,237.57757568359375,237.556396484375,237.5375518798828,237.5211181640625,237.50718688964844,237.49600219726562,237.48779296875
240.09230041503906,240.0786895751953,240.0578155517578,240.02926635742188,239.99290466308594,239.94888305664062,239.89755249023438,239.83944702148438,239.7752685546875,239.70594787597656,239.63246154785156,239.555908203125,239.47731018066406,239.39749145507812,239.31707763671875,239.2364044189453,239.15553283691406,239.07437133789062,238.99278259277344,238.91070556640625,238.82826232910156,238.74578857421875,238.6638946533203,238.5833282470703,238.5049591064453,238.4295196533203,238.3577117919922,238.2899627685547,238.2265167236328,238.16751098632812,238.11297607421875,238.06297302246094,238.01759338378906,237.97706604003906,237.9416046142578,237.91146850585938,237.8868865966797,237.8678741455078,237.85427856445312,237.84584045410156,237.84201049804688,237.84217834472656,237.845703125,237.85198974609375
240.95596313476562,240.9410400390625,240.9163360595703,240.88372802734375,240.8447723388672,240.80039978027344,240.7508087158203,240.69570922851562,240.6345672607422,240.5669403076172,240.49258422851562,240.41160583496094,240.32431030273438,240.2311248779297,240.13250732421875,240.0289306640625,239.92088317871094,239.80905151367188,239.69442749023438,239.57827758789062,239.4622344970703,239.3480987548828,239.2376708984375,239.13247680664062,239.03347778320312,238.9409637451172,238.8544921875,238.7730255126953,238.6952667236328,238.62008666992188,238.54690551757812,238.47592163085938,238.40823364257812,238.34555053710938,238.28988647460938,238.24302673339844,238.20640563964844,238.1807403564453,238.16619873046875,238.16238403320312,238.16864013671875,238.18405151367188,238.20750427246094,238.23773193359375
241.9051971435547,241.8851318359375,241.85389709472656,241.8153533935547,241.77218627929688,241.7254638671875,241.67495727539062,241.61947631835938,241.55760192871094,241.48814392089844,241.41041564941406,241.32412719726562,241.22926330566406,241.1258544921875,241.01397705078125,240.8939666748047,240.76666259765625,240.63368225097656,240.4973602294922,240.36053466796875,240.2261505126953,240.0968475341797,239.97450256347656,239.86000061035156,239.7530975341797,239.6522674560547,239.55490112304688,239.45765686035156,239.35728454589844,239.25161743164062,239.1405487060547,239.02639770507812,238.91383361816406,238.8086700439453,238.716552734375,238.64151000976562,238.5851593017578,238.54681396484375,238.52426147460938,238.5149688720703,238.51719665527344,238.53045654296875,238.55538940429688,238.59315490722656
242.82493591308594,242.80642700195312,242.77481079101562,242.7338409423828,242.68670654296875,242.63522338867188,242.57965087890625,242.5191650390625,242.45254516601562,242.37904357910156,242.2985076904297,242.21128845214844,242.11749267578125,242.01673889160156,241.90798950195312,241.79037475585938,241.6638641357422,241.53005981445312,241.3919219970703,241.2530059814453,241.11622619628906,240.9830780029297,240.85353088378906,240.72654724121094,240.6007080078125,240.47425842285156,240.34500122070312,240.2097625732422,240.06515502929688,239.90875244140625,239.74124145507812,239.5675811767578,239.39703369140625,239.24102783203125,239.11013793945312,239.01107788085938,238.94505310058594,238.9081573486328,238.89341735839844,238.8934783935547,238.90306091308594,238.92027282714844,238.94647216796875,238.9852752685547
243.7125701904297,243.69607543945312,243.66075134277344,243.61424255371094,243.56448364257812,243.51651000976562,243.47079467773438,243.4241485595703,243.37161254882812,243.3092041015625,243.23541259765625,243.1513671875,243.05953979492188,242.96163940429688,242.8573455810547,242.74465942382812,242.6217498779297,242.48915100097656,242.35023498535156,242.20982360839844,242.07130432128906,241.93466186523438,241.79685974121094,241.654052734375,241.50424194335938,241.3480987548828,241.187255859375,241.0216064453125,240.84814453125,240.662353515625,240.46188354492188,240.2499237060547,240.0363311767578,239.83505249023438,239.6597900390625,239.5198974609375,239.41854858398438,239.3535919189453,239.32015991210938,239.31304931640625,239.32797241210938,239.36146545410156,239.41064453125,239.47348022460938
244.6797332763672,244.63864135742188,244.576171875,244.5108184814453,244.4577178955078,244.4229736328125,244.4027862548828,244.38626098632812,244.3602752685547,244.3144989013672,244.24502563476562,244.15560913085938,244.05519104003906,243.9524688720703,243.85073852539062,243.74627685546875,243.63194274902344,243.50347900390625,243.36358642578125,243.22047424316406,243.08184814453125,242.94920349121094,242.8168182373047,242.67645263671875,242.52340698242188,242.3592529296875,242.18894958496094,242.0152587890625,241.8352813720703,241.64210510253906,241.43051147460938,241.20216369628906,240.96644592285156,240.73663330078125,240.5242919921875,240.33567810058594,240.1724090576172,240.0352325439453,239.92791748046875,239.8579864501953,239.83346557617188,239.8571319580078,239.92306518554688,240.01795959472656
245.72622680664062,245.65664672851562,245.57662963867188,245.50802612304688,245.46249389648438,245.4390411376953,245.42776489257812,245.41543579101562,245.38937377929688,245.3398895263672,245.26327514648438,245.1648406982422,245.0583953857422,244.95912170410156,244.87355041503906,244.7943572998047,244.7053985595703,244.593994140625,244.4607391357422,244.31881713867188,244.18331909179688,244.05978393554688,243.94058227539062,243.8118438720703,243.66400146484375,243.49693298339844,243.31614685058594,243.1246795654297,242.9188690185547,242.6920166015625,242.44248962402344,242.17855834960938,241.9158935546875,241.66986083984375,241.44859313964844,241.25115966796875,241.071044921875,240.90277099609375,240.74830627441406,240.62005615234375,240.5373077392578,240.51625061035156,240.55908203125,240.65084838867188
246.82632446289062,246.7689666748047,246.7122802734375,246.66775512695312,246.63560485839844,246.60684204101562,246.57192993164062,246.527587890625,246.47494506835938,246.4130401611328,246.33717346191406,246.24612426757812,246.14901733398438,246.06155395507812,245.9925537109375,245.9339141845703,245.8648681640625,245.76808166503906,245.64306640625,245.50540161132812,245.37301635742188,245.25192260742188,245.13270568847656,244.99984741210938,244.8442840576172,244.6682891845703,244.47862243652344,244.2758331298828,244.0513153076172,243.79588317871094,243.51148986816406,243.214111328125,242.92575073242188,242.66342163085938,242.4349365234375,242.24131774902344,242.07896423339844,241.93907165527344,241.80984497070312,241.6858673095703,241.57754516601562,241.50843811035156,241.4978485107422,241.5437774658203
248.0594482421875,248.01107788085938,247.95191955566406,247.89572143554688,247.848388671875,247.80201721191406,247.74560546875,247.67916870117188,247.6131134033203,247.5536346435547,247.4940185546875,247.42425537109375,247.34625244140625,247.2744140625,247.21942138671875,247.17437744140625,247.11920166015625,247.03761291503906,246.92877197265625,246.8040771484375,246.6754150390625,246.545654296875,246.40835571289062,246.25538635253906,246.0857391357422,245.90708923339844,245.72674560546875,245.5399169921875,245.3297576904297,245.08218383789062,244.80201721191406,244.51217651367188,244.23593139648438,243.98214721679688,243.75001525878906,243.54454040527344,243.37945556640625,243.26010131835938,243.16807556152344,243.07266235351562,242.96153259277344,242.85633850097656,242.7922821044922,242.7824249267578
249.41824340820312,249.3105926513672,249.1728057861328,249.04762268066406,248.96502685546875,248.91616821289062,248.86940002441406,248.8079071044922,248.7425537109375,248.68954467773438,248.64781188964844,248.606201171875,248.56520080566406,248.53880310058594,248.53408813476562,248.53753662109375,248.5254364013672,248.4822540283203,248.4054718017578,248.29855346679688,248.16683959960938,248.0180206298828,247.85992431640625,247.69581604003906,247.52581787109375,247.35182189941406,247.17520141601562,246.9868927001953,246.76690673828125,246.50271606445312,246.20999145507812,245.9283447265625,245.6899871826172,245.493408203125,245.3131561279297,245.13584899902344,244.97787475585938,244.86068725585938,244.77447509765625,244.68057250976562,244.55474853515625,244.41802978515625,244.3145751953125,244.26246643066406
250.74659729003906,250.56585693359375,250.3594970703125,250.1890869140625,250.0936279296875,250.04959106445312,250.00042724609375,249.92166137695312,249.84107971191406,249.79551696777344,249.7878875732422,249.798095703125,249.81976318359375,249.86468505859375,249.9341278076172,250.00564575195312,250.05233764648438,250.0609588623047,250.0260009765625,249.9414520263672,249.81155395507812,249.65943908691406,249.5100555419922,249.36648559570312,249.21371459960938,249.04263305664062,248.85789489746094,248.66079711914062,248.4384002685547,248.17999267578125,247.90203857421875,247.64784240722656,247.4547576904297,247.31910705566406,247.19827270507812,247.05345153808594,246.88771057128906,246.73187255859375,246.59657287597656,246.45716857910156,246.2933349609375,246.12522888183594,245.9921875,245.90435791015625
252.0106201171875,251.82911682128906,251.63882446289062,251.47854614257812,251.3716583251953,251.2863311767578,251.17172241210938,251.02957153320312,250.9210968017578,250.89645385742188,250.9417266845703,251.01019287109375,251.082763671875,251.1722869873047,251.28213500976562,251.39210510253906,251.4840545654297,251.55184936523438,251.58139038085938,251.55101013183594,251.46543884277344,251.3630828857422,251.26934814453125,251.16407775878906,251.0169677734375,250.8381805419922,250.6677703857422,250.52601623535156,250.3988800048828,250.26705932617188,250.12802124023438,249.99124145507812,249.8665008544922,249.7508544921875,249.6175994873047,249.4317169189453,249.19105529785156,248.9364776611328,248.7056427001953,248.4951171875,248.28843688964844,248.09738159179688,247.94476318359375,247.82330322265625
253.3269500732422,253.18519592285156,253.03590393066406,252.8799285888672,252.72900390625,252.56747436523438,252.37530517578125,252.18197631835938,252.05792236328125,252.04080200195312,252.09783935546875,252.17596435546875,252.26324462890625,252.3777313232422,252.51840209960938,252.66383361816406,252.80642700195312,252.9459228515625,253.05296325683594,253.08888244628906,253.06793212890625,253.04576110839844,253.029052734375,252.95669555664062,252.80435180664062,252.64881896972656,252.5775909423828,252.58059692382812,252.5871124267578,252.5673828125,252.53518676757812,252.48422241210938,252.392578125,252.26913452148438,252.13160705566406,251.9570770263672,251.7152862548828,251.43324279785156,251.16746520996094,250.93075561523438,250.70416259765625,250.498046875,250.3359832763672,250.1976776123047
254.658447265625,254.51722717285156,254.37355041503906,254.20962524414062,254.0362091064453,253.85498046875,253.665283203125,253.49534606933594,253.38992309570312,253.36463928222656,253.39675903320312,253.4673614501953,253.58790588378906,253.76771545410156,253.97760009765625,254.17669677734375,254.3586883544922,254.5287322998047,254.6515655517578,254.6881866455078,254.6796112060547,254.70684814453125,254.7534942626953,254.71658325195312,254.59979248046875,254.57373046875,254.75291442871094,255.0159454345703,255.16171264648438,255.1566162109375,255.10006713867188,255.02798461914062,254.90805053710938,254.77484130859375,254.70106506347656,254.65255737304688,254.52108764648438,254.2921142578125,254.04837036132812,253.823486328125,253.5850067138672,253.3473358154297,253.16647338867188,253.0277099609375
255.8435821533203,255.67428588867188,255.5327911376953,255.3986358642578,255.2728271484375,255.15101623535156,255.036865234375,254.95445251464844,254.92739868164062,254.96051025390625,255.04884338378906,255.19337463378906,255.39947509765625,255.65602111816406,255.92007446289062,256.14239501953125,256.3096008300781,256.43048095703125,256.48779296875,256.4660949707031,256.42901611328125,256.46728515625,256.5448303222656,256.53338623046875,256.467529296875,256.60052490234375,257.06768798828125,257.640380859375,257.99713134765625,258.1175231933594,258.1972961425781,258.28936767578125,258.28851318359375,258.2008972167969,258.14422607421875,258.0942077636719,257.896240234375,257.54132080078125,257.1932067871094,256.9277648925781,256.6688537597656,256.3929443359375,256.1790466308594,256.0342712402344
256.9681091308594,256.8131103515625,256.697265625,256.6096496582031,256.5450744628906,256.4902648925781,256.4582214355469,256.4832458496094,256.5835876464844,256.75933837890625,257.0008850097656,257.2759704589844,257.54400634765625,257.7967834472656,258.04571533203125,258.2702941894531,258.4263000488281,258.49566650390625,258.4906921386719,258.4398498535156,258.40606689453125,258.4506530761719,258.52520751953125,258.5077209472656,258.4411926269531,258.59564208984375,259.1235656738281,259.7872009277344,260.2566223144531,260.5631408691406,260.97210693359375,261.4914245605469,261.8449401855469,261.9064025878906,261.8067321777344,261.597412109375,261.1679382324219,260.55999755859375,260.0285949707031,259.70074462890625,259.4512939453125,259.1805725097656,258.9498291015625,258.7908020019531
