earth/public/data/atmosphere/W07/ANN-rh-isobaric-850hPa-gfs-1.0.json
{"header": {"discipline": 0, "disciplineName": "Meteorological products", "gribEdition": 2, "gribLength": 17922.0, "center": 0, "centerName": "Kiel Climate Model", "subcenter": 0, "refTime": "1", "significanceOfRT": 1, "significanceOfRTName": "Start of forecast", "productStatus": 0, "productStatusName": "Operational products", "productType": 1, "productTypeName": "Forecast products", "productDefinitionTemplate": 0, "productDefinitionTemplateName": "Analysis/forecast at horizontal level/layer at a point in time", "parameterCategory": 2, "parameterCategoryName": "Momentum", "parameterNumber": 2, "parameterNumberName": "U-component_of_wind", "parameterUnit": "%", "genProcessType": 2, "genProcessTypeName": "Forecast", "forecastTime": 0, "surface1Type": 103, "surface1TypeName": "Specified height level above ground", "surface1Value": 10, "surface2Type": 255, "surface2TypeName": "Missing", "surface2Value": 0, "gridDefinitionTemplate": 0, "gridDefinitionTemplateName": "Latitude_Longitude", "numberPoints": 65160, "shape": 6, "shapeName": "Earth spherical with radius of 6,371,229.0 m", "gridUnits": "degrees", "resolution": 48, "winds": "true", "scanMode": 0, "nx": 128.0, "ny": 64.0, "basicAngle": 0, "subDivisions": 0, "lo1": 0.0, "la1": 87.86379883923263, "lo2": 357.1875, "la2": -87.86379883923263, "dx": 2.8125, "dy": 2.7893269472772264}, "data":
[rows 19 to 37 of 64, columns 43 to 85 of 128]
0.6128214001655579,0.6099742650985718,0.6442451477050781,0.7183570861816406,0.7817826867103577,0.8087071180343628,0.8167375922203064,0.8162845373153687,0.8121500611305237,0.8242027759552002,0.8509886860847473,0.8591269850730896,0.8425508737564087,0.8343362212181091,0.8442561626434326,0.84592604637146,0.8297677040100098,0.814896821975708,0.8117644190788269,0.8119509220123291,0.8076359033584595,0.7988824248313904,0.7898809909820557,0.7856374382972717,0.7853170037269592,0.7806901931762695,0.7658531665802002,0.744209349155426,0.72515869140625,0.7152137160301208,0.7084718942642212,0.6910935640335083,0.6632901430130005,0.642699658870697,0.6334463357925415,0.6151186227798462,0.5794654488563538,0.5463825464248657,0.5212671160697937,0.4757120907306671,0.40097877383232117,0.33936697244644165,0.3267045319080353
0.706683874130249,0.6929364800453186,0.7081085443496704,0.7614614367485046,0.7944589257240295,0.7914348244667053,0.7933041453361511,0.8093323707580566,0.8225415349006653,0.8395968675613403,0.8581529855728149,0.8518194556236267,0.8278068900108337,0.8218057155609131,0.8314710259437561,0.8295807838439941,0.8194474577903748,0.8173213005065918,0.818133533000946,0.8148801326751709,0.811238169670105,0.8052557110786438,0.7947335243225098,0.7867159843444824,0.7805858850479126,0.7674700617790222,0.7516577839851379,0.7420147657394409,0.7311808466911316,0.7106107473373413,0.6865764260292053,0.6629176139831543,0.6347905397415161,0.6071290969848633,0.5881585478782654,0.56638503074646,0.5273525714874268,0.48409342765808105,0.45542702078819275,0.4285159111022949,0.3827785551548004,0.334539532661438,0.31500616669654846
0.7920950055122375,0.7802104353904724,0.7856824398040771,0.8118075728416443,0.8082965612411499,0.7843292951583862,0.7926484942436218,0.822027325630188,0.8331220149993896,0.8350111246109009,0.8392323851585388,0.8313573598861694,0.8221687078475952,0.8298726677894592,0.8325079083442688,0.8179487586021423,0.8154690861701965,0.8284642100334167,0.8251315355300903,0.8080146908760071,0.8033297657966614,0.8042817711830139,0.7954075336456299,0.7850008010864258,0.7740911245346069,0.7532932162284851,0.7356002330780029,0.7327874898910522,0.7226452827453613,0.6895955801010132,0.6563439965248108,0.6386797428131104,0.617366373538971,0.5796074867248535,0.542052149772644,0.5155842304229736,0.4870685935020447,0.44980400800704956,0.41774845123291016,0.3961341083049774,0.3718964457511902,0.34684401750564575,0.3413219153881073
0.8499884605407715,0.8377236723899841,0.8322509527206421,0.8386998772621155,0.8239586353302002,0.8049495816230774,0.8195614814758301,0.8397747278213501,0.8330706357955933,0.8254993557929993,0.8300708532333374,0.8278914093971252,0.8308265209197998,0.8486208319664001,0.8476359248161316,0.8256545066833496,0.8249431252479553,0.8380643129348755,0.8257321119308472,0.80635666847229,0.8109376430511475,0.8158093094825745,0.8034199476242065,0.7968233227729797,0.7966445088386536,0.7805136442184448,0.7578203678131104,0.7448171377182007,0.7255018353462219,0.6906724572181702,0.6608603000640869,0.6436137557029724,0.6196243762969971,0.579559326171875,0.5382543206214905,0.510418176651001,0.49065864086151123,0.464805543422699,0.43473154306411743,0.41265228390693665,0.3971030116081238,0.3866081237792969,0.39733317494392395
0.8798937797546387,0.8655847907066345,0.8493450284004211,0.8482900857925415,0.8433301448822021,0.8384397625923157,0.8495439887046814,0.8531096577644348,0.8401244878768921,0.8427945375442505,0.8564745187759399,0.8494269847869873,0.8398581147193909,0.849361777305603,0.8505401611328125,0.838468074798584,0.842351496219635,0.8484503030776978,0.8331413865089417,0.825855553150177,0.8398722410202026,0.8368022441864014,0.8135360479354858,0.8072023391723633,0.8126453161239624,0.8011906743049622,0.7797328233718872,0.7616361379623413,0.7417656183242798,0.7219821810722351,0.7030388116836548,0.672994077205658,0.637162446975708,0.6120462417602539,0.5906363725662231,0.5633015632629395,0.5407388806343079,0.5256866812705994,0.5104583501815796,0.5007671117782593,0.49767038226127625,0.49181556701660156,0.4963281750679016
0.8776770830154419,0.8695412874221802,0.8535003662109375,0.8541848063468933,0.8586208820343018,0.8569268584251404,0.8585432767868042,0.8563588261604309,0.8490800261497498,0.8568642735481262,0.8701261878013611,0.8618781566619873,0.8474287986755371,0.8484824299812317,0.8502659797668457,0.8484082221984863,0.8550400733947754,0.8554650545120239,0.8424368500709534,0.8415324687957764,0.8495026230812073,0.837587296962738,0.8191739320755005,0.8173559308052063,0.8135284185409546,0.7977108955383301,0.7873108983039856,0.7777749300003052,0.7619211673736572,0.7575620412826538,0.754508376121521,0.7224015593528748,0.6856034398078918,0.6808850169181824,0.6800452470779419,0.654208779335022,0.6319214105606079,0.6295468807220459,0.6273477673530579,0.6274145841598511,0.6381918787956238,0.6385322213172913,0.6257573962211609
0.8664395809173584,0.8661486506462097,0.8540800213813782,0.8550289273262024,0.8609789609909058,0.8570374846458435,0.8551554083824158,0.859541118144989,0.8579379320144653,0.8535139560699463,0.8542966842651367,0.8558619618415833,0.8583634495735168,0.8630594611167908,0.8621008396148682,0.8583215475082397,0.8600151538848877,0.8591638207435608,0.8531381487846375,0.85179603099823,0.8482024073600769,0.8381478190422058,0.8411608934402466,0.851742148399353,0.8409336805343628,0.8237839937210083,0.8276940584182739,0.8276004195213318,0.8080022931098938,0.8032947182655334,0.8129880428314209,0.7984999418258667,0.7749199867248535,0.7765811085700989,0.7786088585853577,0.7600399851799011,0.7515514492988586,0.7582772374153137,0.7508202195167542,0.740161657333374,0.7509635090827942,0.7604347467422485,0.746311604976654
0.8612651228904724,0.866528332233429,0.856467604637146,0.8526229858398438,0.8578683137893677,0.8568426966667175,0.8550767302513123,0.8626294136047363,0.8660004734992981,0.8576563000679016,0.8517552018165588,0.8546584844589233,0.8599032163619995,0.8639283776283264,0.8641397953033447,0.8606657385826111,0.8592571020126343,0.8606441020965576,0.8623940348625183,0.8639808893203735,0.8602734804153442,0.8545622825622559,0.8621758818626404,0.8744561672210693,0.8681647181510925,0.858441948890686,0.8688631057739258,0.8756603598594666,0.859661340713501,0.8506512641906738,0.8610830307006836,0.8627403974533081,0.8522576689720154,0.8491814732551575,0.8472746014595032,0.8402564525604248,0.843001127243042,0.8486931920051575,0.836114227771759,0.8187419176101685,0.8186454176902771,0.8238067626953125,0.816462516784668
0.8505105376243591,0.8644043803215027,0.8587834239006042,0.8474307656288147,0.8510477542877197,0.8571333885192871,0.8526643514633179,0.849669873714447,0.8529274463653564,0.8558592796325684,0.8583983182907104,0.8566536903381348,0.8483639359474182,0.8450692296028137,0.8489828109741211,0.850189208984375,0.8503518104553223,0.8522415161132812,0.8515285849571228,0.8534197807312012,0.8591158390045166,0.8565732836723328,0.8507982492446899,0.8557071685791016,0.8604219555854797,0.8563542366027832,0.8601165413856506,0.8726904392242432,0.8739842176437378,0.8676833510398865,0.8711010217666626,0.877142071723938,0.874327540397644,0.8710076212882996,0.8723399639129639,0.8714492917060852,0.8687685132026672,0.8686754703521729,0.868172824382782,0.8646594285964966,0.858377993106842,0.8501258492469788,0.8437408208847046
0.8354116082191467,0.8563359975814819,0.8531151413917542,0.831889271736145,0.8314838409423828,0.8461171984672546,0.846519410610199,0.8388490080833435,0.8373587727546692,0.8406357765197754,0.8473151922225952,0.8511862754821777,0.848453164100647,0.8488587141036987,0.8509796857833862,0.8477258086204529,0.8493272662162781,0.8537311553955078,0.8464392423629761,0.8427383899688721,0.8547680974006653,0.8575267791748047,0.8481278419494629,0.8539862036705017,0.8654588460922241,0.8591822385787964,0.8552900552749634,0.8697404265403748,0.8779230117797852,0.8721200823783875,0.8740774989128113,0.8820294141769409,0.880599856376648,0.8799185752868652,0.8872814178466797,0.8862647414207458,0.8767673969268799,0.8780332803726196,0.8870479464530945,0.8880063891410828,0.8833272457122803,0.8803178071975708,0.8786689043045044
0.8192667365074158,0.8357966542243958,0.8289730548858643,0.8027969598770142,0.7977017164230347,0.8097639083862305,0.8151816725730896,0.8212021589279175,0.8274016976356506,0.8222042918205261,0.8183814287185669,0.8265049457550049,0.8386500477790833,0.8487423658370972,0.8485185503959656,0.8403064608573914,0.8447015881538391,0.8552196621894836,0.8501293659210205,0.846247673034668,0.8568755388259888,0.8594517111778259,0.8564457297325134,0.8672115206718445,0.8723961114883423,0.8617593050003052,0.8641573190689087,0.8779069185256958,0.8741149306297302,0.8662387728691101,0.8775821328163147,0.8865982890129089,0.8780800104141235,0.8760777711868286,0.8849993348121643,0.8827453255653381,0.8785092830657959,0.8901015520095825,0.8950785398483276,0.8818750977516174,0.8817757368087769,0.8996285200119019,0.9052250981330872
0.8013303875923157,0.8060367703437805,0.7987077832221985,0.7815049886703491,0.7739893794059753,0.7610507607460022,0.7419735789299011,0.7465551495552063,0.7629122138023376,0.7606791853904724,0.7524147629737854,0.7528696060180664,0.7550991773605347,0.7587842345237732,0.7610533237457275,0.7594441175460815,0.7641043066978455,0.7688978314399719,0.7648358941078186,0.767691969871521,0.7749166488647461,0.7695818543434143,0.7700832486152649,0.7828308939933777,0.7785434126853943,0.7684674859046936,0.7820825576782227,0.7914566397666931,0.7761123180389404,0.7733027935028076,0.7915641069412231,0.7935347557067871,0.7803924083709717,0.7823237180709839,0.7906817197799683,0.7861562967300415,0.7868409752845764,0.803644061088562,0.8097314834594727,0.8013693690299988,0.811001718044281,0.8353756070137024,0.8423622846603394
0.7970752716064453,0.79888916015625,0.7982413172721863,0.7966978549957275,0.7967815399169922,0.7686988711357117,0.7200837731361389,0.6953905820846558,0.690556526184082,0.6820529699325562,0.6777395009994507,0.6727346181869507,0.6542844176292419,0.6393515467643738,0.6374258399009705,0.6374526619911194,0.6344156265258789,0.6229286193847656,0.6099274754524231,0.6136910915374756,0.6177845597267151,0.605557918548584,0.6045676469802856,0.6164352893829346,0.6111568808555603,0.605693519115448,0.6177035570144653,0.6163845658302307,0.6028946042060852,0.6090216040611267,0.6181479692459106,0.60945063829422,0.6070167422294617,0.6198604702949524,0.6274961829185486,0.6280154585838318,0.6322285532951355,0.6407299637794495,0.6543443202972412,0.6752734780311584,0.696150541305542,0.7094677090644836,0.7224180698394775
0.8056414723396301,0.816662073135376,0.8187580108642578,0.8235691785812378,0.8413737416267395,0.8405917286872864,0.8145320415496826,0.7868478894233704,0.7533157467842102,0.7162646651268005,0.7003530859947205,0.6940430402755737,0.6749793887138367,0.6547489166259766,0.6399930715560913,0.6265052556991577,0.6179021596908569,0.6049479842185974,0.5864861011505127,0.5814568400382996,0.5797362923622131,0.5651017427444458,0.5569363832473755,0.557708740234375,0.5509290099143982,0.5485478639602661,0.550697386264801,0.5410619974136353,0.5390700101852417,0.5505580902099609,0.5455160140991211,0.5372002124786377,0.5519247651100159,0.56404048204422,0.5668866038322449,0.5874884724617004,0.6076701283454895,0.6063748598098755,0.6171453595161438,0.651049017906189,0.6712681651115417,0.6757310628890991,0.6972575783729553
0.8074039220809937,0.818405032157898,0.811618447303772,0.8112146258354187,0.8355701565742493,0.8609944581985474,0.8791863918304443,0.8948538303375244,0.8841893076896667,0.8446346521377563,0.8114703893661499,0.7951420545578003,0.7856130599975586,0.778760552406311,0.7625450491905212,0.7414358258247375,0.7368023991584778,0.7362300157546997,0.7221816778182983,0.7108420729637146,0.7061194777488708,0.6957905292510986,0.6845265626907349,0.6731162667274475,0.6617169380187988,0.6610071659088135,0.6593402028083801,0.6499915719032288,0.6566728353500366,0.6685805320739746,0.6612619161605835,0.6648164391517639,0.6860119700431824,0.683891773223877,0.6798419952392578,0.7133513689041138,0.742588222026825,0.7396414875984192,0.744293749332428,0.763545036315918,0.7718587517738342,0.7786210775375366,0.7936292290687561
0.8008315563201904,0.7949227094650269,0.7789801955223083,0.7752286195755005,0.7879315614700317,0.7941460013389587,0.805156409740448,0.8461675643920898,0.8895056843757629,0.8966931700706482,0.8748564720153809,0.8503980040550232,0.8416484594345093,0.8463456034660339,0.8429903388023376,0.8320675492286682,0.8318672180175781,0.8331583738327026,0.824830174446106,0.8196660280227661,0.8189622163772583,0.8160135746002197,0.8141633868217468,0.8083430528640747,0.7999069094657898,0.8013389110565186,0.8017573356628418,0.7952215671539307,0.8002905249595642,0.8079765439033508,0.8053433895111084,0.8149479031562805,0.8296518921852112,0.8225067853927612,0.8202112317085266,0.838696300983429,0.8457344174385071,0.8452059626579285,0.854863166809082,0.8548043966293335,0.8529037833213806,0.8684110641479492,0.8688637614250183
0.7776024341583252,0.7643584609031677,0.7528670430183411,0.7530715465545654,0.7606438398361206,0.7480992674827576,0.7258144617080688,0.7422887682914734,0.7995544672012329,0.8471004962921143,0.8565136790275574,0.8459603786468506,0.8421432971954346,0.8466144800186157,0.8477285504341125,0.847814679145813,0.8490616083145142,0.8435811996459961,0.8393497467041016,0.844948410987854,0.8454318046569824,0.8402185440063477,0.84510338306427,0.8501846194267273,0.8463701605796814,0.8468884825706482,0.8489069938659668,0.8451690077781677,0.8465263843536377,0.8501347303390503,0.8489055037498474,0.8522281646728516,0.8559573888778687,0.8560279607772827,0.8628700971603394,0.8606499433517456,0.8442073464393616,0.8496880531311035,0.8638622760772705,0.8487194180488586,0.8435398936271667,0.8645728230476379,0.856121838092804
0.7220577597618103,0.723170816898346,0.7237999439239502,0.722477376461029,0.7360302805900574,0.7455664873123169,0.7297353744506836,0.7228501439094543,0.7570128440856934,0.8019858002662659,0.8229963183403015,0.8336725234985352,0.8498183488845825,0.8556269407272339,0.8478904366493225,0.8482585549354553,0.854713499546051,0.8507428765296936,0.8484731912612915,0.8555604815483093,0.8524890542030334,0.8427552580833435,0.8458009362220764,0.8497641682624817,0.8440240621566772,0.8424074053764343,0.8444033265113831,0.8423891663551331,0.8434277772903442,0.8458980321884155,0.8439388871192932,0.8421110510826111,0.8397577404975891,0.8400409817695618,0.8464904427528381,0.8420140743255615,0.8328782916069031,0.8452849388122559,0.8504824638366699,0.8287121057510376,0.8304774761199951,0.8488308191299438,0.8313039541244507
0.6523381471633911,0.6665191650390625,0.6741456985473633,0.6632376909255981,0.6726412177085876,0.703340470790863,0.7154416441917419,0.7199317812919617,0.751743733882904,0.7866454124450684,0.7936909198760986,0.8024524450302124,0.8330447673797607,0.8497099280357361,0.840252161026001,0.8395663499832153,0.8528460264205933,0.8556023836135864,0.8519048690795898,0.8535277843475342,0.8526632785797119,0.8517206907272339,0.8565426468849182,0.8556073904037476,0.8502863645553589,0.8526995778083801,0.8536496162414551,0.847865879535675,0.8470506072044373,0.8475806713104248,0.843517005443573,0.8438336849212646,0.8449159860610962,0.83913254737854,0.8350951075553894,0.8358857035636902,0.8404518961906433,0.8477727174758911,0.841801643371582,0.831387460231781,0.8465809226036072,0.8570656180381775,0.8343963027000427
