earth/public/data/atmosphere/W07/ANN-temp-isobaric-10hPa-gfs-1.0.json
{"header": {"discipline": 0, "disciplineName": "Meteorological products", "gribEdition": 2, "gribLength": 17922.0, "center": 0, "centerName": "Kiel Climate Model", "subcenter": 0, "refTime": "1", "significanceOfRT": 1, "significanceOfRTName": "Start of forecast", "productStatus": 0, "productStatusName": "Operational products", "productType": 1, "productTypeName": "Forecast products", "productDefinitionTemplate": 0, "productDefinitionTemplateName": "Analysis/forecast at horizontal level/layer at a point in time", "parameterCategory": 2, "parameterCategoryName": "Momentum", "parameterNumber": 2, "parameterNumberName": "U-component_of_wind", "parameterUnit": "K", "genProcessType": 2, "genProcessTypeName": "Forecast", "forecastTime": 0, "surface1Type": 103, "surface1TypeName": "Specified height level above ground", "surface1Value": 10, "surface2Type": 255, "surface2TypeName": "Missing", "surface2Value": 0, "gridDefinitionTemplate": 0, "gridDefinitionTemplateName": "Latitude_Longitude", "numberPoints": 65160, "shape": 6, "shapeName": "Earth spherical with radius of 6,371,229.0 m", "gridUnits": "degrees", "resolution": 48, "winds": "true", "scanMode": 0, "nx": 128.0, "ny": 64.0, "basicAngle": 0, "subDivisions": 0, "lo1": 0.0, "la1": 87.86379883923263, "lo2": 357.1875, "la2": -87.86379883923263, "dx": 2.8125, "dy": 2.7893269472772264}, "data":
[rows 19 to 37 of 64, columns 44 to 87 of 128]
234.52218627929688,234.5487518310547,234.5641632080078,234.56417846679688,234.53146362304688,234.4593048095703,234.3560791015625,234.2355194091797,234.10804748535156,233.97349548339844,233.8243865966797,233.659912109375,233.4888916015625,233.31591796875,233.1368408203125,232.95175170898438,232.77081298828125,232.60260009765625,232.44578552246094,232.295654296875,232.1520233154297,232.0171356201172,231.89024353027344,231.7674102783203,231.6458282470703,231.5267791748047,231.4136199951172,231.3076629638672,231.20750427246094,231.1117706298828,231.01959228515625,230.9288787841797,230.83668518066406,230.74240112304688,230.64859008789062,230.5579833984375,230.4707794189453,230.38587951660156,230.30519104003906,230.2350616455078,230.1803741455078,230.13844299316406,230.1060333251953,230.0922393798828
234.56643676757812,234.56716918945312,234.5596923828125,234.5305938720703,234.46292114257812,234.3647918701172,234.25485229492188,234.14151000976562,234.0225830078125,233.89109802246094,233.7426300048828,233.5838165283203,233.42572021484375,233.26951599121094,233.1102752685547,232.951416015625,232.80126953125,232.66099548339844,232.52740478515625,232.40208435058594,232.28756713867188,232.18043518066406,232.07559204101562,231.97254943847656,231.8733367919922,231.77862548828125,231.68844604492188,231.6035614013672,231.5247344970703,231.45211791992188,231.38461303710938,231.31887817382812,231.25074768066406,231.1793975830078,231.1081085205078,231.04119873046875,230.98123168945312,230.92933654785156,230.88673400878906,230.85470581054688,230.83294677734375,230.8192138671875,230.8146514892578,230.8300323486328
234.55889892578125,234.5406036376953,234.51377868652344,234.46334838867188,234.3832244873047,234.2904510498047,234.19618225097656,234.0967254638672,233.98878479003906,233.87118530273438,233.74205017089844,233.60568237304688,233.4699249267578,233.33587646484375,233.20350646972656,233.0792999267578,232.96641540527344,232.8583984375,232.75250244140625,232.65570068359375,232.57080078125,232.4898681640625,232.40725708007812,232.32647705078125,232.2510528564453,232.17906188964844,232.1095428466797,232.04580688476562,231.99057006835938,231.94273376464844,231.89889526367188,231.85531616210938,231.80918884277344,231.7608184814453,231.713623046875,231.67132568359375,231.6365203857422,231.61245727539062,231.60232543945312,231.60491943359375,231.6150360107422,231.63111877441406,231.659423828125,231.70852661132812
234.5335235595703,234.50633239746094,234.46780395507812,234.4066925048828,234.33200073242188,234.26168823242188,234.1917724609375,234.11068725585938,234.0219268798828,233.93008422851562,233.83029174804688,233.72296142578125,233.61672973632812,233.5152130126953,233.4178924560547,233.3278045654297,233.24642944335938,233.16993713378906,233.09735107421875,233.03182983398438,232.97207641601562,232.9129638671875,232.85414123535156,232.798828125,232.7462158203125,232.69369506835938,232.64418029785156,232.6035614013672,232.5730743408203,232.54855346679688,232.5261993408203,232.5041046142578,232.48072814941406,232.4558563232422,232.43203735351562,232.41275024414062,232.40011596679688,232.3977508544922,232.4112091064453,232.44100952148438,232.4797821044922,232.52349853515625,232.57859802246094,232.6497344970703
234.53427124023438,234.51080322265625,234.46788024902344,234.4027557373047,234.33685302734375,234.28660583496094,234.2406463623047,234.18653869628906,234.12881469726562,234.06854248046875,233.9976043701172,233.91836547851562,233.84359741210938,233.77810668945312,233.71710205078125,233.6579132080078,233.60313415527344,233.5559539794922,233.51597595214844,233.4786376953125,233.43992614746094,233.40110778808594,233.36544799804688,233.33213806152344,233.298095703125,233.26463317871094,233.237548828125,233.2202606201172,233.21075439453125,233.20590209960938,233.2048797607422,233.20660400390625,233.2079315185547,233.2064971923828,233.20391845703125,233.203857421875,233.2075653076172,233.21661376953125,233.23855590820312,233.28074645996094,233.33935546875,233.4053955078125,233.47683715820312,233.55149841308594
234.58457946777344,234.56764221191406,234.52426147460938,234.46051025390625,234.40077209472656,234.3610382080078,234.3342742919922,234.3090057373047,234.28175354003906,234.24951171875,234.2091827392578,234.164306640625,234.12098693847656,234.08163452148438,234.0463409423828,234.0153045654297,233.9893035888672,233.96958923339844,233.9544677734375,233.93923950195312,233.9219207763672,233.90440368652344,233.88670349121094,233.86721801757812,233.84803771972656,233.8341522216797,233.8282928466797,233.8295440673828,233.8366241455078,233.85015869140625,233.87010192871094,233.89306640625,233.91470336914062,233.93333435058594,233.94937133789062,233.9630889892578,233.97308349609375,233.9794464111328,233.99142456054688,234.0245819091797,234.0841522216797,234.1593780517578,234.2368621826172,234.3052215576172
234.6543731689453,234.64230346679688,234.60903930664062,234.55661010742188,234.50132751464844,234.4648895263672,234.45346069335938,234.45260620117188,234.44581604003906,234.43202209472656,234.42083740234375,234.41412353515625,234.4026336669922,234.38348388671875,234.366943359375,234.3611297607422,234.3629913330078,234.36680603027344,234.37088012695312,234.37570190429688,234.38047790527344,234.3810272216797,234.37380981445312,234.36318969726562,234.35720825195312,234.35787963867188,234.3634490966797,234.37477111816406,234.39401245117188,234.4211883544922,234.45364379882812,234.4868927001953,234.5189208984375,234.5501251220703,234.5772705078125,234.59393310546875,234.59768676757812,234.5914306640625,234.58380126953125,234.5917205810547,234.62908935546875,234.69105529785156,234.75991821289062,234.81842041015625
234.71336364746094,234.71212768554688,234.70936584472656,234.68141174316406,234.62933349609375,234.5899200439453,234.5889129638672,234.60826110839844,234.6179656982422,234.61636352539062,234.6211395263672,234.63697814941406,234.65122985839844,234.65721130371094,234.6637420654297,234.6788330078125,234.6998291015625,234.72169494628906,234.7437744140625,234.7662811279297,234.7852783203125,234.7935791015625,234.79037475585938,234.78518676757812,234.7850799560547,234.78758239746094,234.79275512695312,234.8063201904297,234.82882690429688,234.85614013671875,234.8867950439453,234.91961669921875,234.9530487060547,234.98590087890625,235.0108642578125,235.01788330078125,235.00787353515625,234.98892211914062,234.96536254882812,234.9459991455078,234.9479217529297,234.9771728515625,235.02113342285156,235.06410217285156
234.78761291503906,234.7977294921875,234.83421325683594,234.8397674560547,234.79571533203125,234.75184631347656,234.75228881835938,234.78173828125,234.80519104003906,234.81532287597656,234.825439453125,234.84469604492188,234.8708038330078,234.89785766601562,234.92481994628906,234.95391845703125,234.98623657226562,235.02137756347656,235.056396484375,235.08547973632812,235.1038818359375,235.10989379882812,235.10552978515625,235.0965576171875,235.08702087402344,235.07879638671875,235.07774353027344,235.08724975585938,235.1013946533203,235.1169891357422,235.13861083984375,235.16537475585938,235.19102478027344,235.2130889892578,235.2261505126953,235.2212371826172,235.2015380859375,235.17752075195312,235.14903259277344,235.11471557617188,235.08795166015625,235.081787109375,235.093017578125,235.1143341064453
234.91152954101562,234.9157257080078,234.97006225585938,235.00523376464844,234.982666015625,234.94857788085938,234.95233154296875,234.98196411132812,235.00662231445312,235.020263671875,235.03160095214844,235.0489501953125,235.07452392578125,235.1034393310547,235.13314819335938,235.16668701171875,235.20509338378906,235.24537658691406,235.28054809570312,235.30250549316406,235.3104705810547,235.30889892578125,235.29721069335938,235.2736358642578,235.24478149414062,235.22222900390625,235.21209716796875,235.20986938476562,235.20892333984375,235.2134552001953,235.22874450683594,235.24615478515625,235.2561492919922,235.26205444335938,235.26455688476562,235.25550842285156,235.23587036132812,235.21597290039062,235.19662475585938,235.17132568359375,235.1421661376953,235.11740112304688,235.1017608642578,235.10012817382812
235.05960083007812,235.04544067382812,235.08538818359375,235.13262939453125,235.13601684570312,235.12786865234375,235.15220642089844,235.1905059814453,235.2103271484375,235.2130889892578,235.21461486816406,235.22430419921875,235.24093627929688,235.25717163085938,235.27490234375,235.30191040039062,235.33555603027344,235.36721801757812,235.3907012939453,235.4004364013672,235.39637756347656,235.3829345703125,235.3573760986328,235.3170928955078,235.2728729248047,235.23826599121094,235.21435546875,235.1953887939453,235.18252563476562,235.18338012695312,235.1959686279297,235.20553588867188,235.20574951171875,235.20440673828125,235.2032470703125,235.19479370117188,235.17996215820312,235.16943359375,235.1695098876953,235.17471313476562,235.17324829101562,235.1587371826172,235.13742065429688,235.1230926513672
235.1628875732422,235.14617919921875,235.16709899902344,235.21337890625,235.2275390625,235.23403930664062,235.27865600585938,235.33631896972656,235.36532592773438,235.36534118652344,235.35362243652344,235.34432983398438,235.34339904785156,235.34503173828125,235.34828186035156,235.36000061035156,235.3771209716797,235.39163208007812,235.40077209472656,235.39952087402344,235.3838348388672,235.3560028076172,235.31626892089844,235.26564025878906,235.21348571777344,235.16754150390625,235.1282958984375,235.09771728515625,235.0814208984375,235.08163452148438,235.09234619140625,235.10345458984375,235.11062622070312,235.1145477294922,235.1131591796875,235.10543823242188,235.0968780517578,235.0960693359375,235.11209106445312,235.14596557617188,235.18125915527344,235.19955444335938,235.2015380859375,235.19927978515625
235.18646240234375,235.19363403320312,235.22084045410156,235.27200317382812,235.28424072265625,235.2821807861328,235.31976318359375,235.37840270996094,235.42312622070312,235.44723510742188,235.44378662109375,235.41795349121094,235.39480590820312,235.38232421875,235.37347412109375,235.3700714111328,235.37271118164062,235.37545776367188,235.37429809570312,235.3635711669922,235.3387451171875,235.30247497558594,235.25665283203125,235.20199584960938,235.14398193359375,235.08819580078125,235.0395965576172,235.00526428222656,234.98806762695312,234.98574829101562,234.9964141845703,235.01583862304688,235.03485107421875,235.04478454589844,235.04412841796875,235.04000854492188,235.03945922851562,235.0450897216797,235.06451416015625,235.10594177246094,235.159423828125,235.2063446044922,235.24295043945312,235.27426147460938
235.17633056640625,235.2113494873047,235.25888061523438,235.31898498535156,235.33351135253906,235.32879638671875,235.3488311767578,235.37948608398438,235.41683959960938,235.46607971191406,235.48802185058594,235.46109008789062,235.42225646972656,235.39810180664062,235.38272094726562,235.37551879882812,235.37718200683594,235.37863159179688,235.3740692138672,235.36062622070312,235.33578491210938,235.3016357421875,235.2581787109375,235.20338439941406,235.1427459716797,235.08447265625,235.03341674804688,234.9941864013672,234.97103881835938,234.9662628173828,234.9789581298828,235.000732421875,235.01971435546875,235.02978515625,235.03207397460938,235.0317840576172,235.03355407714844,235.03944396972656,235.0552215576172,235.08816528320312,235.13368225097656,235.18130493164062,235.2317657470703,235.2905731201172
235.19882202148438,235.24122619628906,235.29190063476562,235.34335327148438,235.35865783691406,235.3671417236328,235.38433837890625,235.38563537597656,235.39682006835938,235.4470672607422,235.48428344726562,235.46517944335938,235.4241485595703,235.39642333984375,235.3830108642578,235.38427734375,235.39480590820312,235.40167236328125,235.404296875,235.4026641845703,235.3887481689453,235.36224365234375,235.3256072998047,235.27676391601562,235.2213134765625,235.16848754882812,235.11831665039062,235.0725860595703,235.0439453125,235.04022216796875,235.05210876464844,235.0649871826172,235.0748748779297,235.0835723876953,235.08680725097656,235.0816192626953,235.0752410888672,235.0763397216797,235.08743286132812,235.10707092285156,235.13026428222656,235.1544647216797,235.18907165527344,235.2476348876953
235.23907470703125,235.26864624023438,235.30555725097656,235.33436584472656,235.33416748046875,235.33663940429688,235.3458251953125,235.3364715576172,235.34100341796875,235.38893127441406,235.42770385742188,235.41513061523438,235.38104248046875,235.35658264160156,235.34786987304688,235.35926818847656,235.3808135986328,235.39878845214844,235.41893005371094,235.4387664794922,235.44058227539062,235.4247589111328,235.40101623535156,235.3658905029297,235.3206787109375,235.27565002441406,235.23106384277344,235.1887969970703,235.1645050048828,235.16317749023438,235.16848754882812,235.16995239257812,235.1732940673828,235.17825317382812,235.17288208007812,235.15615844726562,235.14195251464844,235.13836669921875,235.14141845703125,235.14569091796875,235.1473388671875,235.14598083496094,235.1536102294922,235.18978881835938
235.218994140625,235.22857666015625,235.25538635253906,235.27391052246094,235.25607299804688,235.22793579101562,235.2108612060547,235.20440673828125,235.23033142089844,235.28736877441406,235.32125854492188,235.3092041015625,235.2839813232422,235.2657012939453,235.25833129882812,235.272705078125,235.302734375,235.3344268798828,235.37149047851562,235.4085235595703,235.42652893066406,235.42823791503906,235.4239044189453,235.40545654296875,235.37158203125,235.33628845214844,235.30410766601562,235.27593994140625,235.2615509033203,235.2604522705078,235.26011657714844,235.2589874267578,235.2606964111328,235.25543212890625,235.23529052734375,235.21121215820312,235.19544982910156,235.18600463867188,235.17825317382812,235.17247009277344,235.16458129882812,235.1493682861328,235.13607788085938,235.1457977294922
235.10366821289062,235.09413146972656,235.1138153076172,235.1348114013672,235.11965942382812,235.082763671875,235.0568389892578,235.0596160888672,235.0996551513672,235.15245056152344,235.17138671875,235.15594482421875,235.14117431640625,235.13330078125,235.1268768310547,235.13668823242188,235.1665802001953,235.20364379882812,235.24560546875,235.2895050048828,235.3230743408203,235.3447723388672,235.35658264160156,235.3515167236328,235.33230590820312,235.3120574951172,235.29393005371094,235.27792358398438,235.26998901367188,235.2694549560547,235.27151489257812,235.27670288085938,235.27859497070312,235.26434326171875,235.23727416992188,235.21165466308594,235.1890869140625,235.16659545898438,235.1522979736328,235.14981079101562,235.14581298828125,235.1293182373047,235.10882568359375,235.1031036376953
234.93052673339844,234.91078186035156,234.91929626464844,234.9353790283203,234.93338012695312,234.92202758789062,234.9186553955078,234.9283447265625,234.95382690429688,234.98211669921875,234.98841857910156,234.9784698486328,234.97650146484375,234.9786834716797,234.97360229492188,234.97506713867188,234.99435424804688,235.02333068847656,235.0582733154297,235.1006622314453,235.14218139648438,235.17242431640625,235.1881866455078,235.1918182373047,235.1892547607422,235.1835479736328,235.17364501953125,235.16378784179688,235.16030883789062,235.162353515625,235.1686553955078,235.17843627929688,235.1815185546875,235.1697235107422,235.14923095703125,235.12319946289062,235.08648681640625,235.04991149902344,235.0343475341797,235.03744506835938,235.0389404296875,235.0316162109375,235.02267456054688,235.02005004882812
