earth/public/data/atmosphere/W07/ANN-wind-isobaric-250hPa-gfs-1.0.json
{"header": {"discipline": 0, "disciplineName": "Meteorological products", "gribEdition": 2, "gribLength": 17922.0, "center": 0, "centerName": "Kiel Climate Model", "subcenter": 0, "refTime": "1", "significanceOfRT": 1, "significanceOfRTName": "Start of forecast", "productStatus": 0, "productStatusName": "Operational products", "productType": 1, "productTypeName": "Forecast products", "productDefinitionTemplate": 0, "productDefinitionTemplateName": "Analysis/forecast at horizontal level/layer at a point in time", "parameterCategory": 2, "parameterCategoryName": "Momentum", "parameterNumber": 2, "parameterNumberName": "V-component_of_wind", "parameterUnit": "m/s", "genProcessType": 2, "genProcessTypeName": "Forecast", "forecastTime": 0, "surface1Type": 103, "surface1TypeName": "Specified height level above ground", "surface1Value": 10, "surface2Type": 255, "surface2TypeName": "Missing", "surface2Value": 0, "gridDefinitionTemplate": 0, "gridDefinitionTemplateName": "Latitude_Longitude", "numberPoints": 65160, "shape": 6, "shapeName": "Earth spherical with radius of 6,371,229.0 m", "gridUnits": "degrees", "resolution": 48, "winds": "true", "scanMode": 0, "nx": 128.0, "ny": 64.0, "basicAngle": 0, "subDivisions": 0, "lo1": 0.0, "la1": 87.86379883923263, "lo2": 357.1875, "la2": -87.86379883923263, "dx": 2.8125, "dy": 2.7893269472772264}, "data":
[rows 38 to 56 of 64, columns 0 to 42 of 128]
-4.10223388671875,-3.5897464752197266,-2.9596447944641113,-2.2268569469451904,-1.3727750778198242,-0.42185208201408386,0.5378448367118835,1.3873786926269531,2.017378568649292,2.391702890396118,2.5433664321899414,2.4873476028442383,2.2200610637664795,1.7845348119735718,1.240527629852295,0.6172477006912231,-0.06496238708496094,-0.804034948348999,-1.6183371543884277,-2.4598076343536377,-3.2031712532043457,-3.764361619949341,-4.139643669128418,-4.353588581085205,-4.454763889312744,-4.499785423278809,-4.5051984786987305,-4.481747150421143,-4.466166973114014,-4.45509672164917,-4.408097743988037,-4.333089828491211,-4.241389751434326,-4.068732738494873,-3.7716455459594727,-3.409336566925049,-3.04325270652771,-2.6719889640808105,-2.2900619506835938,-1.8985142707824707,-1.4803016185760498,-1.026384711265564,-0.5224843621253967
-3.877220630645752,-3.4174020290374756,-2.87032151222229,-2.267362117767334,-1.5939134359359741,-0.82212895154953,0.052119843661785126,0.9534133672714233,1.7352465391159058,2.2999205589294434,2.6366031169891357,2.726776599884033,2.5419633388519287,2.1259162425994873,1.566108226776123,0.9322930574417114,0.28517815470695496,-0.3586743175983429,-1.054951786994934,-1.8197414875030518,-2.5620851516723633,-3.188054084777832,-3.660907745361328,-3.964019775390625,-4.124448299407959,-4.217370510101318,-4.274275302886963,-4.281184673309326,-4.262948989868164,-4.247456073760986,-4.2025146484375,-4.104085445404053,-3.9728035926818848,-3.800987958908081,-3.5540151596069336,-3.2390520572662354,-2.888559103012085,-2.5185627937316895,-2.1395111083984375,-1.7513396739959717,-1.3330985307693481,-0.8632679581642151,-0.30214256048202515
-3.56687068939209,-3.216073513031006,-2.7490885257720947,-2.2157254219055176,-1.6867852210998535,-1.1615843772888184,-0.5257196426391602,0.28012487292289734,1.1251648664474487,1.8328373432159424,2.3398497104644775,2.6268320083618164,2.641944408416748,2.3684794902801514,1.8746719360351562,1.2858283519744873,0.7274911403656006,0.226241797208786,-0.31405091285705566,-0.9580137133598328,-1.6358733177185059,-2.2482106685638428,-2.751006603240967,-3.118567705154419,-3.352786064147949,-3.50882625579834,-3.622042655944824,-3.6775496006011963,-3.685570001602173,-3.682412624359131,-3.661201000213623,-3.5940237045288086,-3.483999490737915,-3.3388073444366455,-3.1495444774627686,-2.9147138595581055,-2.6410489082336426,-2.3365232944488525,-2.0151493549346924,-1.672857403755188,-1.2732186317443848,-0.7790127992630005,-0.15824230015277863
-3.114790201187134,-2.9285483360290527,-2.6137876510620117,-2.199553966522217,-1.8165560960769653,-1.521528720855713,-1.1608867645263672,-0.576831579208374,0.1556319296360016,0.8554546236991882,1.4576492309570312,1.9545079469680786,2.255068778991699,2.2496562004089355,1.95205557346344,1.5137699842453003,1.1049237251281738,0.7657832503318787,0.39496496319770813,-0.08226699382066727,-0.6079535484313965,-1.0937730073928833,-1.515789270401001,-1.8668326139450073,-2.1285197734832764,-2.312983989715576,-2.449556589126587,-2.5424766540527344,-2.589958667755127,-2.606437921524048,-2.6043431758880615,-2.587214946746826,-2.553551435470581,-2.4905924797058105,-2.388178586959839,-2.2556350231170654,-2.1045591831207275,-1.936019778251648,-1.746948003768921,-1.5159910917282104,-1.1973683834075928,-0.753933846950531,-0.17196911573410034
-2.450939893722534,-2.436149835586548,-2.340170383453369,-2.1389012336730957,-1.9402834177017212,-1.8411448001861572,-1.7461365461349487,-1.489927053451538,-1.0535168647766113,-0.5118885040283203,0.11460215598344803,0.7979848980903625,1.3894151449203491,1.7079802751541138,1.7085528373718262,1.5079126358032227,1.2680529356002808,1.0620324611663818,0.8487030863761902,0.5803888440132141,0.28656041622161865,0.017274612560868263,-0.22545602917671204,-0.4499618113040924,-0.634284496307373,-0.764432966709137,-0.8620354533195496,-0.9494172930717468,-1.0211372375488281,-1.063660740852356,-1.086479902267456,-1.1181964874267578,-1.1676621437072754,-1.2082300186157227,-1.2172256708145142,-1.2070353031158447,-1.1991811990737915,-1.1942864656448364,-1.1750330924987793,-1.1112086772918701,-0.9631017446517944,-0.6986747980117798,-0.2996712923049927
-1.6052627563476562,-1.704602599143982,-1.7944562435150146,-1.8180254697799683,-1.820377230644226,-1.897542953491211,-2.0365121364593506,-2.115650177001953,-2.0292391777038574,-1.7236003875732422,-1.1796870231628418,-0.46296173334121704,0.25486990809440613,0.796692430973053,1.0866730213165283,1.1578329801559448,1.1036502122879028,1.0193169116973877,0.9496545791625977,0.8916619420051575,0.841553807258606,0.8074777126312256,0.7855517268180847,0.7647828459739685,0.7504338622093201,0.7515798807144165,0.7546185255050659,0.7359498143196106,0.6959439516067505,0.6567702889442444,0.6238623261451721,0.5727429986000061,0.48531416058540344,0.37643811106681824,0.2668900787830353,0.15112122893333435,0.010738206095993519,-0.15593916177749634,-0.32820913195610046,-0.47275736927986145,-0.5533903241157532,-0.5372873544692993,-0.39260387420654297
-0.7887667417526245,-0.9106371998786926,-1.0763585567474365,-1.2440166473388672,-1.4086474180221558,-1.6209861040115356,-1.8994276523590088,-2.175029993057251,-2.3302338123321533,-2.2647268772125244,-1.9476765394210815,-1.4414489269256592,-0.8621155619621277,-0.3105374872684479,0.14451199769973755,0.45321765542030334,0.6132923364639282,0.6935586929321289,0.7779520153999329,0.8960029482841492,1.0353198051452637,1.1915538311004639,1.37018620967865,1.561353087425232,1.7451074123382568,1.9108296632766724,2.052678346633911,2.1582190990448,2.219642400741577,2.246166229248047,2.247988224029541,2.2149128913879395,2.1277682781219482,1.9843618869781494,1.7977646589279175,1.5729583501815796,1.3005343675613403,0.9754042029380798,0.615962028503418,0.26330938935279846,-0.03616035357117653,-0.24391549825668335,-0.3269413709640503
-0.20441460609436035,-0.28760281205177307,-0.440115362405777,-0.6592737436294556,-0.9183162450790405,-1.206294059753418,-1.5211259126663208,-1.8356927633285522,-2.088320255279541,-2.2110302448272705,-2.170849323272705,-1.981034755706787,-1.6699423789978027,-1.2613725662231445,-0.802972137928009,-0.3787563145160675,-0.0492592491209507,0.20538243651390076,0.44854795932769775,0.7131447196006775,0.9966362714767456,1.3034363985061646,1.6463899612426758,2.013518810272217,2.3696563243865967,2.6912424564361572,2.975529670715332,3.217836380004883,3.403946876525879,3.5263867378234863,3.588035821914673,3.584892988204956,3.501987934112549,3.3326785564422607,3.0892369747161865,2.785569906234741,2.4187846183776855,1.979596734046936,1.480373740196228,0.964758574962616,0.4885479509830475,0.0980391800403595,-0.17411528527736664
0.1366201639175415,0.08538331091403961,-0.03500436246395111,-0.25016844272613525,-0.5386037230491638,-0.8578405380249023,-1.1779234409332275,-1.4860914945602417,-1.7675702571868896,-1.9931344985961914,-2.128838539123535,-2.149693250656128,-2.04016375541687,-1.7978441715240479,-1.4523526430130005,-1.0655217170715332,-0.6895198225975037,-0.3293881416320801,0.03980293124914169,0.4324927031993866,0.8480938673019409,1.2911360263824463,1.7672488689422607,2.2614707946777344,2.7421984672546387,3.1872611045837402,3.5901103019714355,3.9413228034973145,4.221447467803955,4.415595054626465,4.521055698394775,4.5352783203125,4.448727130889893,4.2572503089904785,3.9725587368011475,3.6107590198516846,3.1749610900878906,2.65946888923645,2.0721380710601807,1.4468820095062256,0.8345090746879578,0.28681105375289917,-0.15417608618736267
0.31048619747161865,0.24307644367218018,0.12730927765369415,-0.06528235226869583,-0.3339546322822571,-0.6497550010681152,-0.9777913689613342,-1.2950974702835083,-1.587687373161316,-1.8376661539077759,-2.0209858417510986,-2.1167187690734863,-2.113187789916992,-2.0074498653411865,-1.805827021598816,-1.5239002704620361,-1.1785438060760498,-0.779251217842102,-0.3308822214603424,0.15883386135101318,0.680388867855072,1.2273520231246948,1.7927604913711548,2.3624494075775146,2.918016195297241,3.4440009593963623,3.925309181213379,4.340222358703613,4.664398193359375,4.883450984954834,4.995800018310547,5.002224445343018,4.898808002471924,4.682962894439697,4.361025333404541,3.9451897144317627,3.44539475440979,2.868192672729492,2.2241933345794678,1.5354887247085571,0.8387423753738403,0.1826937049627304,-0.3837715983390808
0.364285409450531,0.23974432051181793,0.0931675061583519,-0.08952835947275162,-0.3224167227745056,-0.6057405471801758,-0.9200001358985901,-1.234412670135498,-1.5203860998153687,-1.7590519189834595,-1.941480040550232,-2.0647757053375244,-2.124797821044922,-2.1094207763671875,-2.00014591217041,-1.7831659317016602,-1.4594625234603882,-1.0443116426467896,-0.5583924055099487,-0.02004954405128956,0.5560039281845093,1.1559265851974487,1.7652451992034912,2.3702497482299805,2.9584245681762695,3.514434814453125,4.015449047088623,4.433502674102783,4.746021747589111,4.943875789642334,5.028850555419922,5.004379749298096,4.8702473640441895,4.624645233154297,4.26894998550415,3.8104894161224365,3.2624011039733887,2.641227960586548,1.9637991189956665,1.2479634284973145,0.5191896557807922,-0.1843472123146057,-0.8193995356559753
0.3930402398109436,0.19935110211372375,-0.0015278826467692852,-0.2087036669254303,-0.43389207124710083,-0.6905168890953064,-0.9761591553688049,-1.2686985731124878,-1.539656639099121,-1.7698618173599243,-1.953262209892273,-2.088190793991089,-2.1659727096557617,-2.1672043800354004,-2.0692851543426514,-1.8595407009124756,-1.542344570159912,-1.1343623399734497,-0.653826892375946,-0.1150452196598053,0.46856531500816345,1.0799204111099243,1.6991850137710571,2.3075459003448486,2.8871943950653076,3.417543649673462,3.874566078186035,4.2370219230651855,4.493557453155518,4.642852783203125,4.6872735023498535,4.627404689788818,4.461846828460693,4.189680576324463,3.812410593032837,3.3358829021453857,2.772158622741699,2.1388425827026367,1.4552295207977295,0.7397885322570801,0.013096794486045837,-0.6978761553764343,-1.3619341850280762
0.5149686932563782,0.2623905539512634,0.001849810709245503,-0.2587091326713562,-0.5188525915145874,-0.7851325273513794,-1.0603715181350708,-1.335910677909851,-1.594820499420166,-1.8202484846115112,-1.9993901252746582,-2.1211628913879395,-2.172976493835449,-2.141946315765381,-2.0196523666381836,-1.8056526184082031,-1.5060501098632812,-1.1288774013519287,-0.6814173460006714,-0.17261072993278503,0.38289985060691833,0.9642905592918396,1.5485317707061768,2.1136717796325684,2.638338327407837,3.100595712661743,3.481055498123169,3.768584966659546,3.9615626335144043,4.061995506286621,4.068605422973633,3.9762113094329834,3.781235694885254,3.4858760833740234,3.097276210784912,2.624608278274536,2.0783331394195557,1.471482753753662,0.819771945476532,0.1400897204875946,-0.5503901839256287,-1.2333738803863525,-1.8885514736175537
0.7172896265983582,0.42365676164627075,0.1173076406121254,-0.19351771473884583,-0.4996715188026428,-0.7957179546356201,-1.0792492628097534,-1.3469295501708984,-1.591849684715271,-1.8033368587493896,-1.9682661294937134,-2.0731325149536133,-2.1068153381347656,-2.0630407333374023,-1.9405975341796875,-1.740944266319275,-1.465723991394043,-1.1171146631240845,-0.7014352679252625,-0.23251941800117493,0.269132524728775,0.781402587890625,1.2851438522338867,1.7642614841461182,2.202385902404785,2.5818278789520264,2.887403964996338,3.111146926879883,3.2518084049224854,3.308882236480713,3.2779436111450195,3.15291166305542,2.932725667953491,2.6248669624328613,2.2419662475585938,1.7955999374389648,1.2937028408050537,0.7432448863983154,0.15406595170497894,-0.4604109525680542,-1.085641622543335,-1.7081754207611084,-2.3147192001342773
0.9125567674636841,0.5954939723014832,0.2686780095100403,-0.06376063078641891,-0.39415809512138367,-0.7133519649505615,-1.013144850730896,-1.2870663404464722,-1.5295398235321045,-1.7343682050704956,-1.8939493894577026,-1.9997811317443848,-2.043900728225708,-2.0198285579681396,-1.9224287271499634,-1.7477988004684448,-1.4947043657302856,-1.1680951118469238,-0.7818251848220825,-0.3575141429901123,0.08110761642456055,0.5145779848098755,0.9300028681755066,1.3178858757019043,1.667356252670288,1.9650444984436035,2.198563575744629,2.3605992794036865,2.4487946033477783,2.4621288776397705,2.398151159286499,2.25476336479187,2.0343880653381348,1.7453968524932861,1.3984949588775635,1.0016889572143555,0.558936357498169,0.07367971539497375,-0.4464993178844452,-0.9889019131660461,-1.5392156839370728,-2.085489273071289,-2.6183536052703857
1.0805350542068481,0.7515465021133423,0.41896724700927734,0.08222609758377075,-0.2577005922794342,-0.5955729484558105,-0.9217841625213623,-1.2244149446487427,-1.4919133186340332,-1.7148603200912476,-1.8864187002182007,-2.0015509128570557,-2.0558245182037354,-2.044316530227661,-1.9618028402328491,-1.8044960498809814,-1.573349118232727,-1.2770562171936035,-0.9325038194656372,-0.56155925989151,-0.18575306236743927,0.17794257402420044,0.517682671546936,0.824185311794281,1.0882480144500732,1.300856113433838,1.455602765083313,1.5504752397537231,1.5867137908935547,1.5657117366790771,1.4870625734329224,1.3495726585388184,1.1539654731750488,0.9042342901229858,0.6063797473907471,0.2659618556499481,-0.11234959214925766,-0.5230911374092102,-0.9579828977584839,-1.406448483467102,-1.8586175441741943,-2.3076841831207275,-2.748900890350342
1.213706374168396,0.8677781224250793,0.516728937625885,0.1615792214870453,-0.19718267023563385,-0.555794894695282,-0.9052066206932068,-1.2319904565811157,-1.5214447975158691,-1.761059045791626,-1.9423969984054565,-2.061035633087158,-2.1149508953094482,-2.102741003036499,-2.0231711864471436,-1.8763703107833862,-1.6662839651107788,-1.402593731880188,-1.1009873151779175,-0.781147837638855,-0.46350860595703125,-0.16628895699977875,0.0962061658501625,0.3141443133354187,0.48243874311447144,0.6008319854736328,0.6733080744743347,0.7059853672981262,0.7036926746368408,0.6670771837234497,0.5922204852104187,0.47326743602752686,0.30656927824020386,0.09361649304628372,-0.15867331624031067,-0.4401537775993347,-0.74031001329422,-1.0507105588912964,-1.3663769960403442,-1.6863971948623657,-2.0132882595062256,-2.350177764892578,-2.696197032928467
1.2826255559921265,0.9047380685806274,0.5145862102508545,0.12156301736831665,-0.26572832465171814,-0.6387944221496582,-0.9885479807853699,-1.3054842948913574,-1.5807456970214844,-1.807291865348816,-1.9803493022918701,-2.096846580505371,-2.1542534828186035,-2.1498258113861084,-2.0809881687164307,-1.94721257686615,-1.752555012702942,-1.5077515840530396,-1.230750560760498,-0.9448848366737366,-0.6754240393638611,-0.44504857063293457,-0.26967063546180725,-0.1556098312139511,-0.09899362176656723,-0.08771652728319168,-0.10575249791145325,-0.13867013156414032,-0.17851462960243225,-0.22592656314373016,-0.28861114382743835,-0.37665483355522156,-0.4969799518585205,-0.6495834589004517,-0.8272235989570618,-1.0185588598251343,-1.213128924369812,-1.405863642692566,-1.599222183227539,-1.8019201755523682,-2.024400472640991,-2.272470474243164,-2.541318655014038
1.3221642971038818,0.9178242683410645,0.498218297958374,0.07963494211435318,-0.3218756914138794,-0.6928161382675171,-1.0236477851867676,-1.3091269731521606,-1.5476936101913452,-1.7399110794067383,-1.8864926099777222,-1.986488699913025,-2.036353349685669,-2.03049635887146,-1.9634321928024292,-1.8331913948059082,-1.6447066068649292,-1.4120160341262817,-1.1582109928131104,-0.9125500321388245,-0.7053213119506836,-0.561673104763031,-0.4960397779941559,-0.5089718103408813,-0.587325394153595,-0.7079607844352722,-0.8439832925796509,-0.9716675281524658,-1.0757849216461182,-1.1518254280090332,-1.2045509815216064,-1.2437655925750732,-1.279473900794983,-1.3182446956634521,-1.3623244762420654,-1.4114439487457275,-1.4658972024917603,-1.5292071104049683,-1.6086204051971436,-1.712700605392456,-1.8469406366348267,-2.0087969303131104,-2.1847763061523438
