earth/public/data/atmosphere/W07/ANN-wind-isobaric-1000hPa-gfs-1.0.json
{"header": {"discipline": 0, "disciplineName": "Meteorological products", "gribEdition": 2, "gribLength": 17922.0, "center": 0, "centerName": "Kiel Climate Model", "subcenter": 0, "refTime": "1", "significanceOfRT": 1, "significanceOfRTName": "Start of forecast", "productStatus": 0, "productStatusName": "Operational products", "productType": 1, "productTypeName": "Forecast products", "productDefinitionTemplate": 0, "productDefinitionTemplateName": "Analysis/forecast at horizontal level/layer at a point in time", "parameterCategory": 2, "parameterCategoryName": "Momentum", "parameterNumber": 2, "parameterNumberName": "U-component_of_wind", "parameterUnit": "m/s", "genProcessType": 2, "genProcessTypeName": "Forecast", "forecastTime": 0, "surface1Type": 103, "surface1TypeName": "Specified height level above ground", "surface1Value": 10, "surface2Type": 255, "surface2TypeName": "Missing", "surface2Value": 0, "gridDefinitionTemplate": 0, "gridDefinitionTemplateName": "Latitude_Longitude", "numberPoints": 65160, "shape": 6, "shapeName": "Earth spherical with radius of 6,371,229.0 m", "gridUnits": "degrees", "resolution": 48, "winds": "true", "scanMode": 0, "nx": 128.0, "ny": 64.0, "basicAngle": 0, "subDivisions": 0, "lo1": 0.0, "la1": 87.86379883923263, "lo2": 357.1875, "la2": -87.86379883923263, "dx": 2.8125, "dy": 2.7893269472772264}, "data":
[rows 38 to 56 of 64, columns 43 to 85 of 128]
-1.38852858543396,-1.1804472208023071,-1.7272536754608154,-2.761929988861084,-3.363348960876465,-3.059584856033325,-2.270853042602539,-1.9613128900527954,-2.889583110809326,-4.750864028930664,-6.348308563232422,-6.882599353790283,-6.594706058502197,-6.178013324737549,-6.054825782775879,-6.125761985778809,-6.082693576812744,-5.956386089324951,-5.986799716949463,-6.10717248916626,-6.148759365081787,-6.160008430480957,-6.101383686065674,-5.8870625495910645,-5.726678848266602,-5.7013726234436035,-5.54287576675415,-5.324202537536621,-5.369805335998535,-5.45683479309082,-5.270216941833496,-5.112833499908447,-5.21483039855957,-5.32462215423584,-5.415571689605713,-5.671873092651367,-5.954489707946777,-6.141973972320557,-6.358868598937988,-6.5774102210998535,-6.749058723449707,-6.999915599822998,-7.235919952392578
-2.187730073928833,-2.4392244815826416,-2.9776034355163574,-3.6837732791900635,-3.7589058876037598,-3.004439353942871,-2.297396421432495,-2.3510167598724365,-3.011918306350708,-4.02745246887207,-5.367982387542725,-6.547549247741699,-6.843242168426514,-6.4625749588012695,-6.315083980560303,-6.559101104736328,-6.615516662597656,-6.413560390472412,-6.348176002502441,-6.4145917892456055,-6.421936988830566,-6.456907272338867,-6.543639183044434,-6.551858425140381,-6.5195770263671875,-6.473258972167969,-6.314443588256836,-6.1556806564331055,-6.126480579376221,-6.036143779754639,-5.833599090576172,-5.757541656494141,-5.744010925292969,-5.5908308029174805,-5.501342296600342,-5.611242294311523,-5.670252799987793,-5.669791221618652,-5.816009044647217,-5.971317291259766,-6.010493755340576,-6.101498126983643,-6.206684589385986
-3.2079319953918457,-3.5515267848968506,-3.520127058029175,-3.308027982711792,-2.7327427864074707,-2.1344656944274902,-2.369243621826172,-3.239720582962036,-3.530093193054199,-3.1468331813812256,-3.3597946166992188,-4.4882683753967285,-5.385705947875977,-5.526852130889893,-5.587513446807861,-5.8665642738342285,-5.97824239730835,-5.934665679931641,-6.039303302764893,-6.157181262969971,-6.100553035736084,-6.058231353759766,-6.127991199493408,-6.157564163208008,-6.123641014099121,-6.090080738067627,-6.021506309509277,-5.902056694030762,-5.723005771636963,-5.477442741394043,-5.336296081542969,-5.379846572875977,-5.314081192016602,-5.0266852378845215,-4.848904132843018,-4.82663631439209,-4.6650848388671875,-4.485054016113281,-4.560603141784668,-4.672478199005127,-4.6214094161987305,-4.610215663909912,-4.674304008483887
-3.4196324348449707,-3.5731608867645264,-3.3232319355010986,-2.898982048034668,-2.248577356338501,-1.7441750764846802,-2.0592732429504395,-2.8131606578826904,-2.782461404800415,-1.9501290321350098,-1.6922342777252197,-2.55564022064209,-3.593266248703003,-4.101810932159424,-4.33484411239624,-4.50752592086792,-4.552652359008789,-4.64185905456543,-4.9036865234375,-5.080729961395264,-5.044005393981934,-5.0025434494018555,-5.014445781707764,-4.9526872634887695,-4.858582496643066,-4.833136081695557,-4.834835052490234,-4.798722267150879,-4.686763286590576,-4.496349811553955,-4.343966960906982,-4.268852233886719,-4.102055549621582,-3.8460681438446045,-3.724602460861206,-3.6676642894744873,-3.4415955543518066,-3.2017250061035156,-3.1497304439544678,-3.0756149291992188,-2.8824377059936523,-2.838124990463257,-2.9524402618408203
-2.6489992141723633,-2.613830089569092,-2.5750255584716797,-2.5213024616241455,-2.139002561569214,-1.552568793296814,-1.352519154548645,-1.5979427099227905,-1.6643970012664795,-1.3597345352172852,-1.233101487159729,-1.5738551616668701,-2.051429033279419,-2.412038564682007,-2.695303201675415,-2.875930070877075,-2.935826539993286,-3.0149593353271484,-3.1250383853912354,-3.1339964866638184,-3.115004539489746,-3.2202606201171875,-3.3530516624450684,-3.3871357440948486,-3.3944036960601807,-3.4039740562438965,-3.349838972091675,-3.2978031635284424,-3.3180062770843506,-3.286975145339966,-3.1157891750335693,-2.8994178771972656,-2.717644453048706,-2.575023651123047,-2.466897487640381,-2.3218085765838623,-2.096508502960205,-1.9065563678741455,-1.7791529893875122,-1.5466101169586182,-1.2485170364379883,-1.1624784469604492,-1.2662878036499023
-1.014353632926941,-0.9952458739280701,-1.0992240905761719,-1.139703631401062,-0.8203012943267822,-0.31885990500450134,-0.18410667777061462,-0.5847970843315125,-1.0718135833740234,-1.1834217309951782,-0.9188733100891113,-0.568673312664032,-0.40498003363609314,-0.5313894748687744,-0.8159105181694031,-1.041702151298523,-1.1602723598480225,-1.2165759801864624,-1.1640406847000122,-1.0316580533981323,-1.0247679948806763,-1.1952539682388306,-1.3499975204467773,-1.4296015501022339,-1.5358154773712158,-1.5847927331924438,-1.4409631490707397,-1.2664037942886353,-1.2523224353790283,-1.2555280923843384,-1.1051180362701416,-0.9270956516265869,-0.8582582473754883,-0.7917217016220093,-0.6050804257392883,-0.35657840967178345,-0.16197873651981354,-0.044658418744802475,0.07306422293186188,0.2658703625202179,0.4825173616409302,0.6088109016418457,0.661037266254425
1.5140868425369263,1.339247465133667,1.1894550323486328,1.237188696861267,1.5032230615615845,1.5943381786346436,1.1128722429275513,0.2303672879934311,-0.3983348608016968,-0.3063627779483795,0.3327334523200989,0.9228271842002869,1.0394818782806396,0.7973083853721619,0.6178790330886841,0.6816943883895874,0.7957178354263306,0.8032075762748718,0.7924529314041138,0.8180332183837891,0.795049250125885,0.7557764053344727,0.8198118805885315,0.8969772458076477,0.8269359469413757,0.7278842329978943,0.7963917851448059,0.9419620633125305,1.0018423795700073,1.0528165102005005,1.1819199323654175,1.2749406099319458,1.290287971496582,1.3889720439910889,1.6152359247207642,1.8008692264556885,1.8871464729309082,2.003746271133423,2.178865432739258,2.2880184650421143,2.32590389251709,2.444157361984253,2.674553871154785
4.759301662445068,4.506154537200928,4.2888970375061035,4.203289031982422,4.168484210968018,3.820666790008545,2.9640955924987793,1.9728453159332275,1.5068193674087524,1.8200429677963257,2.464879274368286,2.7399344444274902,2.418410301208496,1.957319736480713,1.916212797164917,2.2812488079071045,2.566577911376953,2.4958932399749756,2.2678253650665283,2.161370038986206,2.2273330688476562,2.406226873397827,2.6314749717712402,2.778646469116211,2.7694361209869385,2.7066094875335693,2.7152538299560547,2.767327070236206,2.8181674480438232,2.9158499240875244,3.045722007751465,3.11553692817688,3.172412872314453,3.342564344406128,3.5410261154174805,3.5873942375183105,3.5831737518310547,3.7756941318511963,4.0845160484313965,4.200832843780518,4.136080265045166,4.208914279937744,4.4723711013793945
7.798057556152344,7.58476448059082,7.308008193969727,7.021939754486084,6.740757942199707,6.300602436065674,5.582437515258789,4.785157203674316,4.306089878082275,4.31765604019165,4.545266151428223,4.544949531555176,4.200303077697754,3.840949773788452,3.787799119949341,3.899911642074585,3.7685375213623047,3.308692216873169,2.905738592147827,2.931248664855957,3.327975273132324,3.752384901046753,3.9644362926483154,3.9929816722869873,4.014687538146973,4.138165473937988,4.305595397949219,4.420864582061768,4.514680862426758,4.663803577423096,4.8160319328308105,4.886207580566406,4.953951358795166,5.12738037109375,5.296253681182861,5.308750629425049,5.298702239990234,5.495513439178467,5.793469429016113,5.899148941040039,5.847469329833984,5.937607765197754,6.171137809753418
9.454496383666992,9.161078453063965,8.840593338012695,8.521280288696289,8.269984245300293,8.046088218688965,7.7034912109375,7.166561126708984,6.557348251342773,6.10012149810791,5.898495674133301,5.8490166664123535,5.791890621185303,5.673720836639404,5.486810207366943,5.132990837097168,4.530372142791748,3.8747153282165527,3.603297710418701,3.9631240367889404,4.693138122558594,5.256533145904541,5.3725738525390625,5.235835075378418,5.21119499206543,5.409994125366211,5.648820400238037,5.773383140563965,5.857421875,6.0176310539245605,6.19708776473999,6.287684440612793,6.34489107131958,6.484556198120117,6.655474662780762,6.7300028800964355,6.748774528503418,6.841945171356201,6.969359874725342,7.000261306762695,7.006624221801758,7.178167819976807,7.447375297546387
9.902490615844727,9.607711791992188,9.358570098876953,9.12098503112793,8.926806449890137,8.80709171295166,8.683714866638184,8.406431198120117,7.930253505706787,7.40946102142334,7.059233665466309,6.9363508224487305,6.902238368988037,6.783520698547363,6.503954887390137,6.0771002769470215,5.586082935333252,5.22066593170166,5.221689701080322,5.654886245727539,6.255534648895264,6.615931510925293,6.573168754577637,6.347252368927002,6.254586696624756,6.356201171875,6.4727301597595215,6.491693496704102,6.5092058181762695,6.635740756988525,6.810613632202148,6.916792869567871,6.976529598236084,7.094766616821289,7.2694926261901855,7.403402328491211,7.471398830413818,7.532538414001465,7.592992305755615,7.608007431030273,7.621438503265381,7.743661403656006,7.958162307739258
9.904295921325684,9.818743705749512,9.74397087097168,9.571377754211426,9.291152000427246,9.011540412902832,8.820549964904785,8.682482719421387,8.506413459777832,8.278090476989746,8.067218780517578,7.916213035583496,7.785031795501709,7.623054027557373,7.442151069641113,7.284612655639648,7.160965442657471,7.066409587860107,7.027634620666504,7.068499565124512,7.133531093597412,7.115387916564941,6.98854398727417,6.8640899658203125,6.864476203918457,6.9770588874816895,7.08927059173584,7.147787094116211,7.205905437469482,7.305031776428223,7.395267963409424,7.423348903656006,7.432768821716309,7.5022101402282715,7.624345779418945,7.728764533996582,7.805354118347168,7.913582801818848,8.06091594696045,8.161165237426758,8.15390682220459,8.10250473022461,8.121770858764648
8.728645324707031,8.667016983032227,8.640359878540039,8.535368919372559,8.308736801147461,8.047567367553711,7.875838756561279,7.827650547027588,7.834973335266113,7.819650173187256,7.763315200805664,7.6944379806518555,7.649913787841797,7.665095329284668,7.764158248901367,7.92074728012085,8.039018630981445,8.014673233032227,7.830485820770264,7.576222896575928,7.367518901824951,7.259705066680908,7.242029666900635,7.285167217254639,7.367155075073242,7.46669864654541,7.562855243682861,7.644940376281738,7.7026848793029785,7.71041202545166,7.6523847579956055,7.570456027984619,7.547031879425049,7.611714839935303,7.693830490112305,7.710341930389404,7.686367988586426,7.7332844734191895,7.894874095916748,8.066393852233887,8.108966827392578,8.024421691894531,7.968994140625
6.3148956298828125,6.157419204711914,6.127006530761719,6.171329498291016,6.235106468200684,6.309857368469238,6.409093379974365,6.515089988708496,6.574174880981445,6.547565460205078,6.455581188201904,6.369720935821533,6.369278907775879,6.5007429122924805,6.753714084625244,7.054460048675537,7.292705059051514,7.387644290924072,7.35063362121582,7.2801127433776855,7.279627799987793,7.371288299560547,7.485766410827637,7.5327982902526855,7.480444431304932,7.372441291809082,7.277111530303955,7.220518589019775,7.166729927062988,7.067352771759033,6.935050010681152,6.858053207397461,6.919440269470215,7.094482421875,7.249179840087891,7.26579475402832,7.16698694229126,7.091794013977051,7.141263961791992,7.26947546005249,7.347618579864502,7.32447624206543,7.291744232177734
4.615196704864502,4.675353050231934,4.724433422088623,4.763583660125732,4.804934024810791,4.869205474853516,4.966377258300781,5.078514575958252,5.168734073638916,5.212357044219971,5.2206645011901855,5.235349655151367,5.301148891448975,5.438657283782959,5.632449150085449,5.838124752044678,6.007053375244141,6.119359970092773,6.201848030090332,6.308151721954346,6.468724250793457,6.653284072875977,6.786314010620117,6.809159278869629,6.73398494720459,6.636987209320068,6.592555046081543,6.607693672180176,6.620521068572998,6.569005489349365,6.4655985832214355,6.399512767791748,6.454668998718262,6.620611667633057,6.790792942047119,6.858006954193115,6.812240123748779,6.738823890686035,6.720209121704102,6.749217510223389,6.746795177459717,6.659364223480225,6.524062633514404
2.748119354248047,2.9204282760620117,2.825096845626831,2.5108437538146973,2.1041927337646484,1.7579444646835327,1.5952434539794922,1.6727925539016724,1.9762734174728394,2.442835807800293,2.9921422004699707,3.5497450828552246,4.0577168464660645,4.476645469665527,4.784717559814453,4.977650165557861,5.070253372192383,5.097191333770752,5.106482982635498,5.141998291015625,5.221905708312988,5.330540657043457,5.435637474060059,5.521080017089844,5.606618404388428,5.731857776641846,5.913171768188477,6.111599922180176,6.246659755706787,6.252610683441162,6.132226943969727,5.959618091583252,5.826357841491699,5.776566982269287,5.787013053894043,5.80478572845459,5.800175666809082,5.78233003616333,5.768775939941406,5.749581813812256,5.689401626586914,5.565302848815918,5.397341251373291
-2.5769853591918945,-2.835458755493164,-3.236708641052246,-3.672375202178955,-4.000561714172363,-4.094981670379639,-3.8850831985473633,-3.3720810413360596,-2.6184871196746826,-1.720395803451538,-0.7770682573318481,0.13070185482501984,0.9492347836494446,1.6504510641098022,2.225888252258301,2.68121337890625,3.0330581665039062,3.3066976070404053,3.531155586242676,3.7303316593170166,3.913966417312622,4.075376033782959,4.200403690338135,4.2826385498046875,4.3326263427734375,4.371755599975586,4.414085865020752,4.451715469360352,4.458552360534668,4.412019729614258,4.315338611602783,4.200461387634277,4.107455730438232,4.056868076324463,4.03751277923584,4.018557548522949,3.973801612854004,3.897737503051758,3.8039636611938477,3.712858200073242,3.641733407974243,3.6020045280456543,3.597827434539795
-9.07210636138916,-9.585376739501953,-9.792606353759766,-9.58913803100586,-8.96713924407959,-8.019041061401367,-6.907894134521484,-5.814883708953857,-4.883522987365723,-4.18106746673584,-3.689828634262085,-3.328336715698242,-2.9908485412597656,-2.587900161743164,-2.0729000568389893,-1.4476709365844727,-0.7499419450759888,-0.03233721852302551,0.6557353734970093,1.2765127420425415,1.8030765056610107,2.2153825759887695,2.499540328979492,2.652496576309204,2.6882898807525635,2.639899730682373,2.553516149520874,2.477522134780884,2.4515392780303955,2.4995994567871094,2.6274547576904297,2.821788787841797,3.0503289699554443,3.2652807235717773,3.41302752494812,3.449977159500122,3.3588438034057617,3.1576740741729736,2.896425485610962,2.641599178314209,2.454664945602417,2.371593713760376,2.3900575637817383
-10.671001434326172,-10.72835636138916,-10.252359390258789,-9.247776985168457,-7.859480381011963,-6.335415363311768,-4.955602645874023,-3.9503989219665527,-3.435755968093872,-3.387005090713501,-3.658190965652466,-4.037539005279541,-4.317268371582031,-4.352896213531494,-4.093554973602295,-3.577376365661621,-2.899611473083496,-2.1697897911071777,-1.475304365158081,-0.86311936378479,-0.3413297235965729,0.10576508194208145,0.49955835938453674,0.8547295928001404,1.175929069519043,1.4617959260940552,1.7113765478134155,1.9284640550613403,2.121757745742798,2.301161289215088,2.4723386764526367,2.6320126056671143,2.766122579574585,2.8521461486816406,2.8655624389648438,2.7887749671936035,2.619403839111328,2.3744938373565674,2.0883212089538574,1.8037662506103516,1.559787631034851,1.379417061805725,1.262799859046936
