earth/public/data/atmosphere/W07/ANN-tsw-surface-level-gfs-1.0.json
{"header": {"discipline": 0, "disciplineName": "Meteorological products", "gribEdition": 2, "gribLength": 131138.0, "center": 0, "centerName": "Kiel Climate Model", "subcenter": 0, "refTime": "1", "significanceOfRT": 1, "significanceOfRTName": "Start of forecast", "productStatus": 0, "productStatusName": "Operational products", "productType": 1, "productTypeName": "Forecast products", "productDefinitionTemplate": 0, "productDefinitionTemplateName": "Analysis/forecast at horizontal level/layer at a point in time", "parameterCategory": 2, "parameterCategoryName": "Momentum", "parameterNumber": 2, "parameterNumberName": "U-component_of_wind", "parameterUnit": "K", "genProcessType": 2, "genProcessTypeName": "Forecast", "forecastTime": 0, "surface1Type": 103, "surface1TypeName": "Specified height level above ground", "surface1Value": 10, "surface2Type": 255, "surface2TypeName": "Missing", "surface2Value": 0, "gridDefinitionTemplate": 0, "gridDefinitionTemplateName": "Latitude_Longitude", "numberPoints": 65160, "shape": 6, "shapeName": "Earth spherical with radius of 6,371,229.0 m", "gridUnits": "degrees", "resolution": 48, "winds": "true", "scanMode": 0, "nx": 360.0, "ny": 180.0, "basicAngle": 0, "subDivisions": 0, "lo1": 0.0, "la1": -89.5, "lo2": 359.0, "la2": 89.5, "dx": 1.0, "dy": -1.0}, "data":
[rows 63 to 83 of 180, columns 288 to 335 of 360]
291.9158020019531,null,null,null,null,null,null,null,null,null,null,null,null,null,null,null,null,null,null,null,null,null,null,294.7336730957031,294.7336730957031,294.888916015625,295.171142578125,295.32635498046875,295.4402160644531,295.6471862792969,295.76104736328125,295.6223449707031,295.37017822265625,295.2314758300781,295.13720703125,294.96575927734375,294.8802185058594,294.8960876464844,294.9048156738281,294.8435363769531,294.7321472167969,294.6708984375,294.6069641113281,294.49072265625,294.4267883300781,294.440185546875,294.464599609375,294.4779968261719
292.228271484375,null,null,null,null,null,null,null,null,null,null,null,null,null,null,null,null,null,null,null,null,null,null,294.7336730957031,294.7336730957031,294.8866271972656,295.17340087890625,295.32635498046875,295.47015380859375,295.67926025390625,295.77044677734375,295.7090148925781,295.58563232421875,295.524169921875,295.4410095214844,295.28814697265625,295.2144470214844,295.2315979003906,295.2410888671875,295.1778259277344,295.06304931640625,294.999755859375,294.93255615234375,294.8108215332031,294.7436218261719,294.7508544921875,294.76495361328125,294.772216796875
292.8140869140625,null,null,null,null,null,null,null,null,null,null,null,null,null,null,null,null,null,null,null,null,null,null,null,null,null,null,null,null,295.7470397949219,295.78759765625,295.85491943359375,295.9890441894531,296.0563659667969,295.9917297363281,295.87591552734375,295.82208251953125,295.8417663574219,295.8525390625,295.785888671875,295.66436767578125,295.59771728515625,295.5250244140625,295.3923645019531,295.3196716308594,295.3166198730469,295.3101501464844,295.3070983886719
293.12652587890625,null,null,null,null,null,null,null,null,null,null,null,null,null,null,null,null,null,null,null,null,null,null,null,null,null,null,null,null,295.7970275878906,295.7970275878906,295.9416198730469,296.2044982910156,296.34906005859375,296.2955627441406,296.1982727050781,296.15631103515625,296.17730712890625,296.1888427734375,296.12017822265625,295.99530029296875,295.9266052246094,295.8506164550781,295.71246337890625,295.636474609375,295.62725830078125,295.61053466796875,295.601318359375
293.3446350097656,null,null,null,null,null,null,null,null,null,null,null,null,null,null,null,null,null,null,null,null,null,null,null,null,null,null,null,null,295.7970275878906,295.7970275878906,296.0046691894531,296.3033447265625,296.43524169921875,296.41748046875,296.3797912597656,296.37347412109375,296.3943176269531,296.4057922363281,296.3409423828125,296.2224426269531,296.1576232910156,296.08184814453125,295.944091796875,295.8683166503906,295.8492126464844,295.8160095214844,295.7969055175781
293.75360107421875,null,null,null,null,null,null,null,null,null,null,null,null,null,null,null,null,null,null,null,null,null,null,null,null,null,null,null,null,null,null,null,296.52294921875,296.5919494628906,296.6337585449219,296.7152099609375,296.7683410644531,296.7889099121094,296.80023193359375,296.74176025390625,296.6360778808594,296.5776062011719,296.5022277832031,296.365234375,296.28985595703125,296.2542724609375,296.1881103515625,296.15252685546875
293.81622314453125,null,null,null,null,null,null,null,null,null,null,null,null,null,null,null,null,null,null,null,null,null,null,null,null,null,null,null,null,null,null,null,296.6781311035156,296.6781311035156,296.823486328125,297.0286560058594,297.12091064453125,297.12200927734375,297.12164306640625,297.0658264160156,296.96453857421875,296.90875244140625,296.8365478515625,296.7048034667969,296.6325988769531,296.58392333984375,296.4959411621094,296.447265625
293.5246887207031,null,null,null,null,null,null,null,null,null,null,null,null,null,null,null,null,null,null,null,null,null,null,null,null,null,null,null,null,null,null,null,null,null,null,297.3278503417969,297.3688659667969,297.331298828125,297.31158447265625,297.2538146972656,297.1485595703125,297.0907897949219,297.02349853515625,296.9015808105469,296.8342590332031,296.7802734375,296.68157958984375,296.6275634765625
293.36920166015625,null,null,null,null,null,null,null,null,null,null,null,null,null,null,null,null,null,null,null,null,null,null,null,null,null,null,null,null,null,null,null,null,null,null,297.53558349609375,297.5042724609375,297.4473571777344,297.4160461425781,297.3570861816406,297.2498779296875,297.19091796875,297.1265563964844,297.0095520019531,296.9451904296875,296.8879699707031,296.783935546875,296.72674560546875
293.36920166015625,null,null,null,null,null,null,null,null,null,null,null,null,null,null,null,null,null,null,null,null,null,null,null,null,null,null,null,null,null,null,null,null,null,null,297.6454772949219,297.6081237792969,297.53839111328125,297.4993896484375,297.440185546875,297.3325500488281,297.2733459472656,297.21209716796875,297.10028076171875,297.0390319824219,296.9889221191406,296.8967590332031,296.8466796875
null,null,null,null,null,null,null,null,null,null,null,null,null,null,null,null,null,null,null,null,null,null,null,null,null,null,null,null,null,null,null,null,null,null,null,297.8515319824219,297.798095703125,297.7027282714844,297.6509094238281,297.5912780761719,297.4828186035156,297.4231872558594,297.36712646484375,297.26568603515625,297.2096252441406,297.17138671875,297.10296630859375,297.0647277832031
null,null,null,null,null,null,null,null,null,null,null,null,null,null,null,null,null,null,null,null,null,null,null,null,null,null,null,null,null,null,null,null,null,null,null,297.96142578125,297.90191650390625,297.7937316894531,297.7342529296875,297.6743469238281,297.56549072265625,297.505615234375,297.4526672363281,297.3564147949219,297.303466796875,297.2723388671875,297.21575927734375,297.1846618652344
null,null,null,null,null,null,null,null,null,null,null,null,null,null,null,null,null,null,null,null,null,null,null,null,null,null,null,null,null,null,null,null,null,null,null,298.04412841796875,297.9853515625,297.8763122558594,297.8163146972656,297.7687683105469,297.680419921875,297.63287353515625,297.58673095703125,297.5018310546875,297.4557189941406,297.4284973144531,297.3783874511719,297.35113525390625
null,null,null,null,null,null,null,null,null,null,null,null,null,null,null,null,null,null,null,null,null,null,null,null,null,null,null,null,null,null,null,null,null,null,null,298.19915771484375,298.1370849609375,298.0263671875,297.96551513671875,297.9385070800781,297.8912658691406,297.8642272949219,297.8294677734375,297.767333984375,297.7325744628906,297.7117919921875,297.6745910644531,297.65380859375
null,null,null,null,null,null,null,null,null,null,null,null,null,null,null,null,null,null,null,null,null,null,null,null,null,null,null,null,null,null,null,null,null,null,null,298.2818298339844,298.2204895019531,298.10894775390625,298.047607421875,298.03289794921875,298.00616455078125,297.9914855957031,297.96356201171875,297.9127502441406,297.88482666015625,297.867919921875,297.8371887207031,297.8202819824219
null,null,null,null,null,null,null,null,null,null,null,null,null,null,null,null,null,null,null,null,null,null,null,null,null,null,null,null,null,null,null,null,null,null,null,298.2818298339844,298.2229919433594,298.1350402832031,298.0978698730469,298.0931701660156,298.0831298828125,298.07843017578125,298.07025146484375,298.0523681640625,298.0441589355469,298.02459716796875,297.9894104003906,297.9698486328125
null,null,null,null,null,null,null,null,null,null,null,null,null,null,null,null,null,null,null,null,null,null,null,null,null,null,null,null,null,null,null,null,null,null,null,null,null,298.1981506347656,298.1893005371094,298.2012634277344,298.22454833984375,298.23651123046875,298.26123046875,298.3091735839844,298.3338623046875,298.30987548828125,298.2657775878906,298.24176025390625
null,null,null,null,null,null,null,null,null,null,null,null,null,null,null,null,null,null,null,null,null,null,null,null,null,null,null,null,null,null,null,null,null,null,null,null,null,298.2395935058594,298.2395935058594,298.2615661621094,298.3014831542969,298.3234558105469,298.367919921875,298.4487609863281,298.49322509765625,298.4665222167969,298.4179992675781,298.39129638671875
null,null,null,null,null,null,null,null,null,null,null,null,null,null,null,null,null,null,null,null,null,null,null,null,null,null,null,null,null,null,null,null,null,null,null,null,null,298.2611999511719,298.26153564453125,298.2987060546875,298.364013671875,298.40118408203125,298.4569396972656,298.5566101074219,298.61236572265625,298.5926818847656,298.55584716796875,298.5361633300781
null,null,null,null,null,null,null,null,null,null,null,null,null,null,null,null,null,null,null,null,null,null,null,null,null,null,null,null,null,null,null,null,null,null,null,null,null,298.3017272949219,298.3014221191406,298.36395263671875,298.47998046875,298.54254150390625,298.6170959472656,298.75439453125,298.8289794921875,298.82098388671875,298.8075256347656,298.7995300292969
null,null,null,null,null,null,null,null,null,null,null,null,null,null,null,null,null,null,null,null,null,null,null,null,null,null,null,null,null,null,null,null,null,null,null,null,null,298.33203125,298.33062744140625,298.4146728515625,298.5665283203125,298.65057373046875,298.7415771484375,298.90625,298.99725341796875,299.0026550292969,299.0115051269531,299.01690673828125
