earth/public/data/atmosphere/W07/ANN-rh-isobaric-100hPa-gfs-1.0.json
{"header": {"discipline": 0, "disciplineName": "Meteorological products", "gribEdition": 2, "gribLength": 17922.0, "center": 0, "centerName": "Kiel Climate Model", "subcenter": 0, "refTime": "1", "significanceOfRT": 1, "significanceOfRTName": "Start of forecast", "productStatus": 0, "productStatusName": "Operational products", "productType": 1, "productTypeName": "Forecast products", "productDefinitionTemplate": 0, "productDefinitionTemplateName": "Analysis/forecast at horizontal level/layer at a point in time", "parameterCategory": 2, "parameterCategoryName": "Momentum", "parameterNumber": 2, "parameterNumberName": "U-component_of_wind", "parameterUnit": "%", "genProcessType": 2, "genProcessTypeName": "Forecast", "forecastTime": 0, "surface1Type": 103, "surface1TypeName": "Specified height level above ground", "surface1Value": 10, "surface2Type": 255, "surface2TypeName": "Missing", "surface2Value": 0, "gridDefinitionTemplate": 0, "gridDefinitionTemplateName": "Latitude_Longitude", "numberPoints": 65160, "shape": 6, "shapeName": "Earth spherical with radius of 6,371,229.0 m", "gridUnits": "degrees", "resolution": 48, "winds": "true", "scanMode": 0, "nx": 128.0, "ny": 64.0, "basicAngle": 0, "subDivisions": 0, "lo1": 0.0, "la1": 87.86379883923263, "lo2": 357.1875, "la2": -87.86379883923263, "dx": 2.8125, "dy": 2.7893269472772264}, "data":
[rows 0 to 18 of 64, columns 43 to 85 of 128]
0.12659716606140137,0.12618957459926605,0.125777930021286,0.12536339461803436,0.1249472051858902,0.12453051656484604,0.12411416321992874,0.12369956821203232,0.12328755855560303,0.12287938594818115,0.1224762424826622,0.12207892537117004,0.12168863415718079,0.12130642682313919,0.12093306332826614,0.12056972086429596,0.12021709233522415,0.11987590789794922,0.11954721063375473,0.1192314475774765,0.11892949044704437,0.1186419427394867,0.11836925148963928,0.1181119754910469,0.1178707554936409,0.11764585226774216,0.11743781715631485,0.11724696308374405,0.11707353591918945,0.11691805720329285,0.11678066104650497,0.11666169762611389,0.11656126379966736,0.11647975444793701,0.11641698330640793,0.11637349426746368,0.11634927988052368,0.1163443997502327,0.11635898053646088,0.11639302968978882,0.11644678562879562,0.11651992797851562,0.11661258339881897
0.12560665607452393,0.12468627095222473,0.12374820560216904,0.1227959394454956,0.12183292210102081,0.12086315453052521,0.11989004164934158,0.11891799420118332,0.1179506778717041,0.11699194461107254,0.11604535579681396,0.11511489003896713,0.11420303583145142,0.11331338435411453,0.11244803667068481,0.11160974949598312,0.11080016195774078,0.11002133786678314,0.10927451401948929,0.10856091976165771,0.10788127779960632,0.1072365790605545,0.10662708431482315,0.10605323314666748,0.10551516711711884,0.10501307249069214,0.10454697906970978,0.10411681234836578,0.10372267663478851,0.10336492210626602,0.1030430942773819,0.10275787860155106,0.10250923782587051,0.1022978276014328,0.10212412476539612,0.10198850184679031,0.10189205408096313,0.1018354594707489,0.10181925445795059,0.10184449702501297,0.1019120067358017,0.1020224392414093,0.10217660665512085
0.12268131226301193,0.12134939432144165,0.11998280882835388,0.11858805269002914,0.11717187613248825,0.1157417967915535,0.114305280148983,0.11286953836679459,0.11144158989191055,0.11002808809280396,0.10863467305898666,0.10726676136255264,0.10592874884605408,0.10462479293346405,0.10335785150527954,0.10213064402341843,0.10094551742076874,0.09980431944131851,0.0987088680267334,0.0976606160402298,0.09666115045547485,0.09571179747581482,0.09481373429298401,0.0939684733748436,0.09317646920681,0.09243886917829514,0.09175561368465424,0.09112664312124252,0.09055176377296448,0.09003050625324249,0.08956216275691986,0.08914685994386673,0.08878443390130997,0.08847527205944061,0.08822038024663925,0.08802106231451035,0.0878792256116867,0.08779675513505936,0.08777602016925812,0.08781925588846207,0.08792845904827118,0.08810574561357498,0.08835276961326599
0.11761017143726349,0.11597037315368652,0.11429896205663681,0.11260727047920227,0.11090600490570068,0.10920371860265732,0.10750743746757507,0.10582210123538971,0.10415191203355789,0.10249990969896317,0.1008698046207428,0.09926524758338928,0.09768979996442795,0.09614775329828262,0.09464248269796371,0.09317657351493835,0.09175227582454681,0.09037118405103683,0.0890355333685875,0.08774825185537338,0.08651287853717804,0.08533482998609543,0.08422074466943741,0.08317707479000092,0.08220956474542618,0.08132229000329971,0.08051733672618866,0.07979420572519302,0.07915026694536209,0.07858140021562576,0.07808324694633484,0.07765188068151474,0.07728532701730728,0.07698257267475128,0.07674498111009598,0.07657478749752045,0.0764751210808754,0.07644852250814438,0.07649773359298706,0.07662443816661835,0.07682981342077255,0.07711432874202728,0.07747840136289597
0.1116267666220665,0.10967990010976791,0.10773130506277084,0.10580303519964218,0.10390818119049072,0.1020498275756836,0.10022211074829102,0.09841274470090866,0.09660858660936356,0.09480046480894089,0.09298674017190933,0.0911749079823494,0.08937950432300568,0.08761835843324661,0.08590826392173767,0.08426062762737274,0.0826798751950264,0.08116374164819717,0.07970630377531052,0.0783027932047844,0.07695309072732925,0.07566378265619278,0.07444804161787033,0.07332274317741394,0.07230396568775177,0.07140251994132996,0.07062076777219772,0.06995196640491486,0.069381944835186,0.06889379024505615,0.06847147643566132,0.06810525804758072,0.06779251247644424,0.06753768771886826,0.06735099107027054,0.0672428160905838,0.06722155213356018,0.06729015707969666,0.06744586676359177,0.06768116354942322,0.06798611581325531,0.06835177540779114,0.06877243518829346
0.10420631617307663,0.1020662859082222,0.09993784874677658,0.09786130487918854,0.09586133807897568,0.0939399003982544,0.09207537025213242,0.09022991359233856,0.08836228400468826,0.08644288033246994,0.08446493744850159,0.08244835585355759,0.0804358422756195,0.07847999036312103,0.07662856578826904,0.07491035014390945,0.07332896441221237,0.07186416536569595,0.0704817995429039,0.06914852559566498,0.06784506142139435,0.06657416373491287,0.06536009907722473,0.06424122303724289,0.06325539201498032,0.06242759898304939,0.06176077201962471,0.06123414263129234,0.06081140786409378,0.060451120138168335,0.060121793299913406,0.05980963632464409,0.059523314237594604,0.05928763747215271,0.05913499370217323,0.05909306928515434,0.05917573720216751,0.059378281235694885,0.05967969074845314,0.06004883348941803,0.06045450270175934,0.06087410822510719,0.061299845576286316
0.0950709730386734,0.09294487535953522,0.09077963978052139,0.08863251656293869,0.08655625581741333,0.08457815647125244,0.0826926976442337,0.08086293190717697,0.07903697341680527,0.07716991752386093,0.0752430260181427,0.07327472418546677,0.07131561636924744,0.06943347305059433,0.06768926233053207,0.06611799448728561,0.06471607089042664,0.06344567239284515,0.06224919483065605,0.06107202172279358,0.05988363176584244,0.05868934094905853,0.05752909928560257,0.05646306276321411,0.055549513548612595,0.05482367426156998,0.05428498610854149,0.05389914661645889,0.05361030995845795,0.05336291342973709,0.0531211718916893,0.05288043990731239,0.052666448056697845,0.05252141132950783,0.052487559616565704,0.05258970335125923,0.052827395498752594,0.053176023066043854,0.05359574779868126,0.05404478684067726,0.05449003726243973,0.05491461977362633,0.05532127991318703
0.08572488278150558,0.083685003221035,0.08156754821538925,0.07941433042287827,0.0772814154624939,0.07521983981132507,0.07325800508260727,0.07139753550291061,0.06961869448423386,0.0678938776254654,0.06620237231254578,0.06453973799943924,0.06292092800140381,0.06137113273143768,0.059915270656347275,0.05856646969914436,0.05732075124979019,0.056159790605306625,0.05505770817399025,0.05399274080991745,0.052956338971853256,0.05195939540863037,0.05102963373064995,0.05020280182361603,0.049508944153785706,0.04896092787384987,0.04854705184698105,0.04823581129312515,0.04798887297511101,0.047777142375707626,0.04759401082992554,0.04745817929506302,0.04740364849567413,0.047461360692977905,0.04764152318239212,0.04792654141783714,0.0482783317565918,0.048656802624464035,0.04903886839747429,0.04942645877599716,0.049838121980428696,0.050292592495679855,0.05079172924160957
0.07616259157657623,0.07417629659175873,0.07219940423965454,0.07023686915636063,0.06829630583524704,0.06638608872890472,0.06452159583568573,0.0627262145280838,0.06102503091096878,0.059436529874801636,0.057967040687799454,0.056610576808452606,0.055351994931697845,0.054168522357940674,0.05303361266851425,0.051926132291555405,0.050841882824897766,0.049798041582107544,0.04882717877626419,0.047962091863155365,0.0472201332449913,0.04659891873598099,0.04607931151986122,0.045634303241968155,0.04523911699652672,0.04487653076648712,0.0445399284362793,0.044232990592718124,0.04396568238735199,0.043751440942287445,0.04360710456967354,0.043554920703172684,0.04361889511346817,0.04381255805492401,0.04412316530942917,0.04450533911585808,0.04489659518003464,0.04525011032819748,0.04556593298912048,0.04589536041021347,0.04631277173757553,0.04686710238456726,0.047545548528432846
0.06678533554077148,0.06481380015611649,0.06296607106924057,0.061265718191862106,0.05967644229531288,0.05813693255186081,0.05661502480506897,0.055128276348114014,0.05371544882655144,0.05240006744861603,0.05118430778384209,0.05006784945726395,0.049060482531785965,0.048168450593948364,0.04737384244799614,0.04664045572280884,0.045942530035972595,0.045288097113370895,0.04471048712730408,0.04423677548766136,0.04386456683278084,0.04356531798839569,0.04330212622880936,0.04304448142647743,0.042772095650434494,0.042481742799282074,0.042195677757263184,0.041958943009376526,0.04181594401597977,0.04177834093570709,0.0418158657848835,0.04188605025410652,0.041976772248744965,0.04212193191051483,0.0423697829246521,0.042733389884233475,0.04317111149430275,0.04361638426780701,0.04403088986873627,0.044431526213884354,0.044868163764476776,0.04537404701113701,0.045935146510601044
0.05959169194102287,0.05769526958465576,0.05595104396343231,0.05444398149847984,0.05310434848070145,0.05181116238236427,0.05053820461034775,0.04936811700463295,0.04837343096733093,0.04751406982541084,0.04668016359210014,0.0458228662610054,0.04501304775476456,0.044363658875226974,0.04391453042626381,0.04360954836010933,0.04337790235877037,0.04320473223924637,0.0431089773774147,0.0430750735104084,0.04303678497672081,0.04293612763285637,0.04277908429503441,0.042615413665771484,0.042471665889024734,0.042329609394073486,0.04217948392033577,0.04207771271467209,0.04211996868252754,0.04234194755554199,0.042659174650907516,0.042923085391521454,0.04305127635598183,0.04309976100921631,0.04320685565471649,0.043465256690979004,0.043855220079422,0.044289324432611465,0.044709235429763794,0.04512029141187668,0.045540060847997665,0.045936454087495804,0.046237606555223465
0.05453545227646828,0.05286166071891785,0.0514388345181942,0.05037221312522888,0.04945467785000801,0.04842250794172287,0.047278352081775665,0.046284884214401245,0.04563671350479126,0.045221779495477676,0.04476460441946983,0.04416687414050102,0.04362204670906067,0.043375805020332336,0.04344284161925316,0.04361886531114578,0.043742433190345764,0.043859947472810745,0.04410426318645477,0.04447189345955849,0.044799041002988815,0.044961437582969666,0.04502824321389198,0.0451686792075634,0.045426759868860245,0.04564983397722244,0.04567187279462814,0.04553043097257614,0.04545562341809273,0.04563150182366371,0.046000685542821884,0.046330515295267105,0.04646087810397148,0.04645174369215965,0.046479593962430954,0.04662115126848221,0.04678449034690857,0.0468621701002121,0.0469067208468914,0.04710743948817253,0.047576289623975754,0.04818946495652199,0.04866749420762062
0.05180921405553818,0.05043671652674675,0.049442846328020096,0.04898056760430336,0.04871758446097374,0.04820776730775833,0.047432463616132736,0.04680469632148743,0.04662105813622475,0.04667571559548378,0.046549901366233826,0.04619540274143219,0.04604218900203705,0.04647782817482948,0.047362565994262695,0.048189833760261536,0.04867091029882431,0.049009520560503006,0.049561575055122375,0.05035318806767464,0.051063984632492065,0.051451120525598526,0.051653094589710236,0.051994096487760544,0.052550770342350006,0.05303025245666504,0.05310456454753876,0.05279812216758728,0.052469220012426376,0.05241570249199867,0.0525706484913826,0.052627671509981155,0.052421849220991135,0.05210941284894943,0.05194927752017975,0.051967646926641464,0.0519275963306427,0.0516493134200573,0.051298387348651886,0.05127272009849548,0.05179068073630333,0.05263769254088402,0.05335714668035507
0.05378991365432739,0.052991773933172226,0.05233658850193024,0.052180588245391846,0.05238453298807144,0.052522752434015274,0.052503373473882675,0.05268358811736107,0.053298648446798325,0.05403237044811249,0.05439109355211258,0.05440941080451012,0.05470675602555275,0.055756814777851105,0.057302143424749374,0.05866605043411255,0.059541553258895874,0.060257211327552795,0.0612485371530056,0.06247226148843765,0.06348200142383575,0.06399016082286835,0.06418108940124512,0.0644311010837555,0.064833864569664,0.06511203199625015,0.06498406827449799,0.06451741605997086,0.06404158473014832,0.06374721229076385,0.0634622871875763,0.06287316232919693,0.06192151457071304,0.06091246381402016,0.06020411103963852,0.05983685702085495,0.059532541781663895,0.05907616391777992,0.05862371250987053,0.05853941664099693,0.05895061418414116,0.059588417410850525,0.06012330949306488
0.06117821857333183,0.06148739531636238,0.06160835176706314,0.06206152215600014,0.06302804499864578,0.06420351564884186,0.06531433761119843,0.0664438009262085,0.06774179637432098,0.06904874742031097,0.07005836069583893,0.07080806791782379,0.07174629718065262,0.07320477813482285,0.07498659938573837,0.07664217799901962,0.07802575081586838,0.07935744524002075,0.080787293612957,0.08214091509580612,0.08314738422632217,0.08374309539794922,0.0840512365102768,0.08416018635034561,0.08402144908905029,0.0835481807589531,0.08275462687015533,0.08177187293767929,0.08072585612535477,0.07961182296276093,0.07831920683383942,0.07678140699863434,0.07508253306150436,0.07342071831226349,0.0719776451587677,0.07079476863145828,0.06977781653404236,0.06887416541576385,0.06823483109474182,0.06807630509138107,0.06836976110935211,0.0688832625746727,0.0696197897195816
0.0755348652601242,0.07717645168304443,0.07897136360406876,0.08119360357522964,0.08386650681495667,0.08662495762109756,0.08903573453426361,0.09093745052814484,0.09252595156431198,0.09413053095340729,0.09590719640254974,0.09780094027519226,0.09975709766149521,0.10178710520267487,0.10385655611753464,0.10589797049760818,0.10788945853710175,0.10971666127443314,0.11107043921947479,0.11174539476633072,0.11194401234388351,0.11199990659952164,0.1118747815489769,0.11121556162834167,0.10987095534801483,0.1080828383564949,0.10615627467632294,0.10413698107004166,0.10186317563056946,0.09924959391355515,0.09647482633590698,0.09386231750249863,0.09155222028493881,0.08938362449407578,0.08718983829021454,0.08507005870342255,0.0832357108592987,0.08178719133138657,0.080826036632061,0.08054662495851517,0.08099667727947235,0.08207528293132782,0.08401251584291458
0.1034495010972023,0.10642027854919434,0.11024730652570724,0.11463533341884613,0.11891065537929535,0.12272696942090988,0.1260935664176941,0.12895774841308594,0.1313972920179367,0.1338815987110138,0.13673412799835205,0.1396809220314026,0.14234672486782074,0.14474914968013763,0.1470007747411728,0.14900344610214233,0.15060822665691376,0.15163129568099976,0.15173693001270294,0.1507972776889801,0.14923305809497833,0.14749868214130402,0.14544177055358887,0.14267195761203766,0.1393098533153534,0.13586123287677765,0.13254676759243011,0.129180908203125,0.1255584955215454,0.12169434875249863,0.11783243715763092,0.11431488394737244,0.1112280860543251,0.10826130956411362,0.10522858798503876,0.10251466929912567,0.10057199001312256,0.09931372851133347,0.0985608920454979,0.09864505380392075,0.09992538392543793,0.1023019403219223,0.10593213140964508
0.15263265371322632,0.15653270483016968,0.1616242676973343,0.16733263432979584,0.17213599383831024,0.17597725987434387,0.1799769103527069,0.18436047434806824,0.18855883181095123,0.19250640273094177,0.1962057650089264,0.1990547627210617,0.20085427165031433,0.2022782564163208,0.20351934432983398,0.2037956267595291,0.20269186794757843,0.20066894590854645,0.19803370535373688,0.1946266144514084,0.19051627814769745,0.1859661489725113,0.1809329241514206,0.175429567694664,0.16995584964752197,0.164867103099823,0.15988028049468994,0.15476372838020325,0.14984022080898285,0.14536574482917786,0.14114771783351898,0.13709767162799835,0.1333775818347931,0.12990105152130127,0.12658002972602844,0.12396618723869324,0.12263794243335724,0.12227193266153336,0.12246239930391312,0.12386564910411835,0.1271902620792389,0.13193319737911224,0.1377236396074295
0.2286628633737564,0.23164620995521545,0.236326202750206,0.242473766207695,0.24757659435272217,0.25154241919517517,0.2563054859638214,0.2618131935596466,0.26650965213775635,0.2701503038406372,0.2728714644908905,0.27376437187194824,0.2727750241756439,0.2713453769683838,0.2696605920791626,0.2661161422729492,0.26027846336364746,0.25359129905700684,0.24689605832099915,0.23970802128314972,0.23182982206344604,0.22370707988739014,0.21555539965629578,0.20754782855510712,0.20018355548381805,0.19348305463790894,0.18678143620491028,0.1800440400838852,0.17418159544467926,0.16949358582496643,0.16520002484321594,0.16099813580513,0.15753872692584991,0.154999241232872,0.15286016464233398,0.15129996836185455,0.15106628835201263,0.15205413103103638,0.1539025753736496,0.15753020346164703,0.16390930116176605,0.17209136486053467,0.18094266951084137
