earth/public/data/atmosphere/W07/ANN-wind-surface-level-gfs-1.0.json
{"header": {"discipline": 0, "disciplineName": "Meteorological products", "gribEdition": 2, "gribLength": 17922.0, "center": 0, "centerName": "Kiel Climate Model", "subcenter": 0, "refTime": "1", "significanceOfRT": 1, "significanceOfRTName": "Start of forecast", "productStatus": 0, "productStatusName": "Operational products", "productType": 1, "productTypeName": "Forecast products", "productDefinitionTemplate": 0, "productDefinitionTemplateName": "Analysis/forecast at horizontal level/layer at a point in time", "parameterCategory": 2, "parameterCategoryName": "Momentum", "parameterNumber": 2, "parameterNumberName": "U-component_of_wind", "parameterUnit": "m/s", "genProcessType": 2, "genProcessTypeName": "Forecast", "forecastTime": 0, "surface1Type": 103, "surface1TypeName": "Specified height level above ground", "surface1Value": 10, "surface2Type": 255, "surface2TypeName": "Missing", "surface2Value": 0, "gridDefinitionTemplate": 0, "gridDefinitionTemplateName": "Latitude_Longitude", "numberPoints": 65160, "shape": 6, "shapeName": "Earth spherical with radius of 6,371,229.0 m", "gridUnits": "degrees", "resolution": 48, "winds": "true", "scanMode": 0, "nx": 128.0, "ny": 64.0, "basicAngle": 0, "subDivisions": 0, "lo1": 0.0, "la1": 87.86379883923263, "lo2": 357.1875, "la2": -87.86379883923263, "dx": 2.8125, "dy": 2.7893269472772264}, "data":
[rows 19 to 37 of 64, columns 0 to 42 of 128]
-0.33562707901000977,-0.38734760880470276,-0.19207975268363953,0.22082574665546417,1.0511709451675415,1.5838645696640015,1.9813318252563477,2.311244249343872,2.4221105575561523,2.3479089736938477,2.2424051761627197,2.113405227661133,1.7159488201141357,0.9930257201194763,1.1633775234222412,1.0942730903625488,0.2690490484237671,-0.42519786953926086,-0.5545296669006348,-0.374131441116333,-0.4413009583950043,-0.5379807353019714,-0.24778468906879425,0.25552430748939514,0.48843055963516235,0.30683907866477966,0.37117892503738403,0.9002655148506165,1.4631435871124268,1.2072317600250244,1.464119791984558,1.6445523500442505,1.4013952016830444,0.8517131209373474,0.6325384974479675,0.5420922040939331,-0.09780137240886688,-0.6724839210510254,-0.7427472472190857,-0.13893426954746246,-0.10448487848043442,-0.8048179149627686,-1.2404835224151611
-0.6923643350601196,-1.1910632848739624,-1.4919586181640625,-1.140955924987793,-0.3467983305454254,0.21714304387569427,0.8986393213272095,1.7497283220291138,2.18886137008667,2.7505273818969727,2.82574725151062,2.714467763900757,2.1065917015075684,1.067848563194275,0.9828628301620483,1.0379396677017212,0.9658199548721313,0.16052578389644623,-0.26915472745895386,-0.3515649437904358,-0.2542788088321686,-0.1205717921257019,0.2605036497116089,0.6725174784660339,0.687782347202301,0.06857769936323166,-0.20356261730194092,0.2187032848596573,0.9699331521987915,2.0825467109680176,2.5315067768096924,2.84098482131958,2.3441553115844727,1.528454303741455,1.4425631761550903,1.4686627388000488,0.23359006643295288,-0.7903349995613098,-1.5387929677963257,-0.8939765691757202,-0.7487424612045288,-1.0206944942474365,-1.158014178276062
-1.5980608463287354,-1.9393106698989868,-2.0450680255889893,-1.7530089616775513,-1.3920460939407349,-1.0989444255828857,-0.6229670643806458,0.30238255858421326,1.0323315858840942,1.1092278957366943,1.1355245113372803,1.3676363229751587,1.0231995582580566,0.3665246367454529,-0.31536728143692017,-0.18338745832443237,0.6373988389968872,1.173081636428833,0.45355141162872314,-0.011985359713435173,-0.1284673810005188,0.050891175866127014,0.3661067485809326,0.8681268692016602,0.5847364068031311,0.1709059774875641,-0.32477524876594543,0.0669184997677803,0.2099762260913849,0.35673338174819946,0.7932530045509338,1.7808899879455566,1.5842798948287964,0.7013711333274841,0.7516934275627136,1.4030672311782837,0.537871241569519,-0.955877959728241,-2.005441427230835,-1.5250601768493652,-1.1972601413726807,-1.03736412525177,-0.9344729781150818
-2.2403082847595215,-1.9767838716506958,-1.8230725526809692,-1.5597285032272339,-1.7522367238998413,-2.042308807373047,-1.7956818342208862,-0.834542989730835,-0.13223251700401306,-0.10256382822990417,0.17106899619102478,0.8991572260856628,1.1278325319290161,0.38124608993530273,-0.6058482527732849,-1.0311533212661743,-0.2152053415775299,1.069425344467163,1.4211053848266602,0.3836764097213745,-0.002477305708453059,0.24341998994350433,0.6153027415275574,1.077387809753418,1.3002113103866577,1.4538003206253052,1.0621615648269653,1.0003920793533325,0.578515887260437,-0.3295930325984955,-0.43075546622276306,0.18119937181472778,0.28268226981163025,-0.04379908740520477,0.15787075459957123,0.7446949481964111,0.6996232867240906,-0.6290954947471619,-1.6575599908828735,-1.3782172203063965,-0.8101222515106201,-0.8268011212348938,-1.3187652826309204
-1.9074591398239136,-1.6207791566848755,-1.6529489755630493,-1.7276575565338135,-1.785327672958374,-2.2488772869110107,-2.115450859069824,-1.2957693338394165,-0.6502039432525635,-0.3897543251514435,0.06466802954673767,0.8605921268463135,1.3295248746871948,1.0835587978363037,0.3067792057991028,-0.7450202703475952,-0.8831586837768555,0.006574440281838179,0.7128062844276428,0.4408801794052124,0.21027666330337524,0.7177277207374573,1.9184861183166504,2.8701627254486084,3.326033353805542,2.7877538204193115,1.9805935621261597,1.95460844039917,1.4095288515090942,-0.014973007142543793,-0.9677056670188904,-0.5227852463722229,0.13738466799259186,0.05078472942113876,0.03588118031620979,0.40983062982559204,0.5142326951026917,-0.18074700236320496,-0.9680044054985046,-1.1751130819320679,-0.9965800046920776,-1.4338726997375488,-3.5831358432769775
-1.3593125343322754,-1.4713313579559326,-2.0471255779266357,-2.0557615756988525,-1.837825894355774,-1.8681055307388306,-1.7692101001739502,-1.5115998983383179,-1.4735934734344482,-0.8520019054412842,-0.06648838520050049,0.462287575006485,0.6654167175292969,0.9497838020324707,0.944990873336792,0.21018439531326294,-0.6461274027824402,-0.6160080432891846,-0.1943230926990509,0.04087051376700401,0.5660853385925293,1.5478172302246094,2.795393943786621,3.8750061988830566,4.357342720031738,2.9783947467803955,1.7600202560424805,1.7513303756713867,1.7095355987548828,0.6431021690368652,-0.3762061595916748,-0.3451066017150879,0.734818696975708,1.1085771322250366,0.4912206828594208,0.1179121732711792,-0.053290221840143204,-0.291591078042984,-0.9705856442451477,-1.9296668767929077,-3.0900256633758545,-3.694715976715088,-4.65989875793457
-1.3253793716430664,-1.6457668542861938,-2.2882320880889893,-1.8346792459487915,-1.3773669004440308,-1.3023107051849365,-2.1119191646575928,-2.5357165336608887,-2.135643243789673,-1.2758829593658447,-0.03351280093193054,0.4881891906261444,0.27720221877098083,0.30614566802978516,0.5470033884048462,0.3379392921924591,0.08800382167100906,-0.10452286899089813,-0.3154168426990509,-0.1884697526693344,0.7238729000091553,2.0541141033172607,2.837054967880249,3.557713508605957,4.2425432205200195,3.7629616260528564,1.7961446046829224,1.5016143321990967,1.1464297771453857,0.7278802990913391,0.5902438163757324,0.5281848311424255,0.9528443813323975,1.3685698509216309,0.7301290035247803,-0.034854989498853683,-0.4867299199104309,-0.5046572089195251,-1.068157434463501,-2.90120530128479,-3.651121139526367,-3.683434247970581,-3.936960458755493
-1.0043072700500488,-1.112338662147522,-1.3729783296585083,-1.302590012550354,-0.747712254524231,-0.6372213363647461,-1.2785669565200806,-1.9706487655639648,-1.8779542446136475,-0.935932457447052,0.4160533845424652,1.1881667375564575,0.875700056552887,0.16308018565177917,-0.24029356241226196,-0.7327923774719238,-0.13410954177379608,-0.0660293847322464,-0.5041594505310059,-0.9037903547286987,0.4826333820819855,2.0638933181762695,2.612417459487915,2.8924567699432373,3.5438385009765625,4.05997896194458,3.63801646232605,1.7686471939086914,0.5167205333709717,0.3388320207595825,0.9494261741638184,1.0555236339569092,0.6781482100486755,0.8200500011444092,0.8944266438484192,0.1140662282705307,-0.36322495341300964,-0.41776522994041443,-0.6626947522163391,-2.140993356704712,-2.4307124614715576,-2.128751039505005,-2.2285349369049072
-0.19934311509132385,-0.3492181897163391,-0.52939772605896,-0.46045100688934326,-0.06899621337652206,0.23715779185295105,0.11221376806497574,-0.32157692313194275,-0.6142034530639648,-0.23193207383155823,0.6387895345687866,1.291202187538147,1.3270630836486816,0.4244738519191742,-0.4124995172023773,-1.2942590713500977,-1.6632493734359741,-1.3979438543319702,-1.5425546169281006,-1.2254804372787476,0.2350326031446457,1.8019828796386719,2.582308292388916,2.769148111343384,2.9510231018066406,3.6581568717956543,4.200470924377441,1.981881856918335,0.6779348254203796,0.370346337556839,1.3309129476547241,1.6556744575500488,1.1271235942840576,1.183579683303833,1.408618688583374,0.4963279366493225,0.19478748738765717,-0.03197341039776802,-0.30835410952568054,-1.0869581699371338,-1.1217447519302368,-1.0032203197479248,-1.251452088356018
0.5313529968261719,0.16199737787246704,-0.07423520088195801,0.05033724382519722,0.3944438099861145,0.7047533392906189,0.9132780432701111,0.6901779770851135,0.24775224924087524,0.2376980036497116,0.6472812294960022,0.9188730716705322,0.7917163372039795,0.5058326721191406,-0.09206860512495041,-0.7965486645698547,-1.1285704374313354,-1.016375184059143,-0.6731549501419067,0.06029226630926132,1.1063133478164673,1.7210228443145752,2.350254774093628,2.7824859619140625,2.717139482498169,3.0738027095794678,4.023807525634766,3.8937292098999023,2.11853289604187,2.1643974781036377,2.6228511333465576,2.5988597869873047,2.208920478820801,2.2980549335479736,2.0756523609161377,0.6634624004364014,0.3588893413543701,0.3567224442958832,0.13388365507125854,-0.19015264511108398,-0.26032358407974243,-0.56253981590271,-0.9902778267860413
1.496971845626831,1.086668848991394,0.7236549854278564,0.678864598274231,0.5728914737701416,0.6662089824676514,0.8561367988586426,0.7148910760879517,0.3417680263519287,0.40467435121536255,0.7851704955101013,0.7207737565040588,0.22873111069202423,-0.20171022415161133,-0.31042709946632385,-0.33376938104629517,-0.2973589599132538,-0.2459871619939804,0.3959585428237915,1.800182819366455,2.2393205165863037,1.7352564334869385,1.8374664783477783,2.4357316493988037,2.5042383670806885,2.676567792892456,3.579413414001465,4.203832626342773,4.133022785186768,4.224904537200928,4.156052112579346,3.50783634185791,3.0305025577545166,3.0186662673950195,2.3231794834136963,0.8842451572418213,0.1947290599346161,0.5149036049842834,0.76097571849823,0.7232953906059265,0.5669751763343811,-0.08296471834182739,-0.8188297152519226
3.460822582244873,3.128382921218872,2.383251667022705,1.0597772598266602,0.8161531090736389,0.6770613193511963,0.6806028485298157,0.5980968475341797,0.24270807206630707,0.2780645191669464,0.7147700190544128,0.6470232009887695,-0.24276499450206757,-1.3527780771255493,-1.5249195098876953,-0.8889763355255127,-0.011293645016849041,0.17203529179096222,0.5398989915847778,1.6278032064437866,1.9750981330871582,1.4485571384429932,1.4727091789245605,2.0049304962158203,2.1494789123535156,2.351367235183716,3.0421059131622314,3.6595449447631836,4.142090797424316,4.750186443328857,4.863215923309326,4.211254596710205,3.6703760623931885,3.523679256439209,2.784447193145752,0.6369667053222656,0.07099422812461853,0.5406367182731628,1.223823070526123,1.3902029991149902,0.9892971515655518,0.07947377115488052,-0.7587276697158813
3.332166910171509,3.314648151397705,2.6192312240600586,1.9440268278121948,1.0348697900772095,0.9424866437911987,0.8196061253547668,0.6339025497436523,0.3427385091781616,0.16568610072135925,0.2606576085090637,0.2823311984539032,-0.4172494411468506,-1.44240140914917,-2.762289047241211,-1.9823905229568481,-0.90627121925354,-0.6028276681900024,-0.4431130290031433,0.35175782442092896,0.8869597911834717,0.9236568808555603,1.2481822967529297,1.6601296663284302,1.7276933193206787,1.997023582458496,2.6161882877349854,3.066410541534424,3.47314715385437,4.1430439949035645,4.638708114624023,4.539029598236084,4.193066120147705,4.075557231903076,3.7345075607299805,2.3795695304870605,0.40284764766693115,0.6440086364746094,1.5544757843017578,1.7479454278945923,0.5420940518379211,0.07250218093395233,-0.41730690002441406
2.153284788131714,2.3781259059906006,1.9793428182601929,1.6345365047454834,1.1603940725326538,1.2933471202850342,0.9395856857299805,0.5919450521469116,0.4475375711917877,0.25838378071784973,-0.02619134448468685,-0.29113298654556274,-0.8195095062255859,-1.3791218996047974,-2.2800211906433105,-2.4247641563415527,-1.6606227159500122,-1.3619518280029297,-0.9644287824630737,-0.1813591569662094,0.20869067311286926,0.22206377983093262,0.4870995879173279,0.7882882952690125,0.8731496334075928,1.1710656881332397,1.7649290561676025,2.282348871231079,2.651542901992798,3.035717725753784,3.4970502853393555,3.7713193893432617,3.6358659267425537,3.6371946334838867,3.9308009147644043,3.277210235595703,0.8532969355583191,0.6243153214454651,1.8510785102844238,1.909060001373291,0.5483260750770569,0.26091721653938293,0.3609486222267151
1.0572412014007568,1.367529273033142,1.2990998029708862,1.2853161096572876,1.1233079433441162,1.257027268409729,0.7860594987869263,0.3118880093097687,0.32583364844322205,0.31325551867485046,-0.18417848646640778,-0.9145999550819397,-1.5015183687210083,-1.4661757946014404,-1.6594500541687012,-2.0687270164489746,-1.9569729566574097,-1.8449286222457886,-1.2697227001190186,-0.6012648344039917,-0.5683096051216125,-0.8929060101509094,-0.9350787997245789,-0.765091061592102,-0.6123595237731934,-0.4236263334751129,-0.12188557535409927,0.36233463883399963,0.8463571667671204,1.0517244338989258,1.2717078924179077,1.6157130002975464,1.5647791624069214,1.5415269136428833,2.29105544090271,2.6936569213867188,1.8483400344848633,0.7119579315185547,1.5782595872879028,1.4554015398025513,0.7671042084693909,0.6241186261177063,0.5516663193702698
-0.527519702911377,-0.12981291115283966,0.3601582646369934,0.9961976408958435,1.5075937509536743,0.9393008351325989,0.4658346176147461,0.013113178312778473,0.00211474415846169,-0.047090835869312286,-0.5525637865066528,-1.1898176670074463,-1.7998898029327393,-1.5191025733947754,-2.331655740737915,-2.298344135284424,-2.5178699493408203,-2.599313259124756,-2.2788188457489014,-2.0080714225769043,-2.1379332542419434,-2.3792693614959717,-2.4789226055145264,-2.494422197341919,-2.4276223182678223,-2.381242513656616,-2.4181058406829834,-2.197749614715576,-1.7475172281265259,-1.5849276781082153,-1.4977707862854004,-1.132515788078308,-1.084216594696045,-1.2802600860595703,-0.6490557193756104,0.4027940630912781,0.6149338483810425,0.3715856373310089,0.2680463492870331,0.2565975785255432,-0.01930967904627323,-0.036850929260253906,-0.3320230543613434
-2.5531740188598633,-1.9231574535369873,-0.7301599979400635,0.8561267256736755,1.7697933912277222,0.8419412970542908,0.1671777069568634,-0.3043256103992462,-0.44324666261672974,-0.7152655720710754,-1.164443016052246,-1.4090293645858765,-1.3447285890579224,-1.5887395143508911,-2.700516939163208,-2.9636144638061523,-3.4021077156066895,-3.7519400119781494,-3.770939350128174,-3.7623846530914307,-3.9031383991241455,-4.012918472290039,-4.135831832885742,-4.383345127105713,-4.507449626922607,-4.447401523590088,-4.455876350402832,-4.385357856750488,-4.113589286804199,-4.029162883758545,-4.050670623779297,-3.732130527496338,-3.486233711242676,-3.651808023452759,-3.4419775009155273,-2.544717311859131,-1.7811018228530884,-1.4416168928146362,-1.1927133798599243,-1.032797932624817,-0.984915554523468,-1.0383249521255493,-1.3836714029312134
-3.8742544651031494,-3.067735195159912,-1.6793303489685059,0.3651713728904724,1.633577585220337,1.012200951576233,-0.33332952857017517,-0.8314492106437683,-1.014647126197815,-1.4824947118759155,-1.8895940780639648,-1.4829832315444946,-1.1909027099609375,-1.5021376609802246,-2.5506443977355957,-2.8686163425445557,-3.7642152309417725,-4.850949287414551,-5.196232795715332,-5.097736835479736,-5.295799255371094,-5.68682336807251,-5.979859352111816,-6.283201694488525,-6.495931148529053,-6.412315368652344,-6.2838873863220215,-6.258204936981201,-6.148532867431641,-6.073747158050537,-6.137088775634766,-5.9794921875,-5.585270404815674,-5.377989292144775,-5.238163948059082,-4.7472124099731445,-3.996121883392334,-3.23411226272583,-2.5158331394195557,-1.963468313217163,-1.7096929550170898,-1.70325767993927,-1.7742249965667725
-4.723511219024658,-3.9532668590545654,-2.90759015083313,-1.0482864379882812,0.5039328336715698,0.1933632642030716,-0.7900387048721313,-1.3283342123031616,-1.6285722255706787,-2.2085564136505127,-2.3188605308532715,-1.7505079507827759,-1.3260191679000854,-1.5677721500396729,-1.9854307174682617,-1.7615565061569214,-3.1167287826538086,-5.243708610534668,-6.094878196716309,-5.929789066314697,-6.28214168548584,-7.047882080078125,-7.369786262512207,-7.443687438964844,-7.631882190704346,-7.6898322105407715,-7.65535306930542,-7.761331558227539,-7.754637718200684,-7.537986755371094,-7.457886219024658,-7.44275426864624,-7.131777286529541,-6.658699989318848,-6.283036708831787,-5.852412700653076,-5.187039852142334,-4.343921661376953,-3.443770170211792,-2.658332347869873,-2.168713331222534,-1.9090062379837036,-1.5882176160812378
