earth/public/data/atmosphere/W07/ANN-tsw-surface-level-gfs-1.0.json
{"header": {"discipline": 0, "disciplineName": "Meteorological products", "gribEdition": 2, "gribLength": 131138.0, "center": 0, "centerName": "Kiel Climate Model", "subcenter": 0, "refTime": "1", "significanceOfRT": 1, "significanceOfRTName": "Start of forecast", "productStatus": 0, "productStatusName": "Operational products", "productType": 1, "productTypeName": "Forecast products", "productDefinitionTemplate": 0, "productDefinitionTemplateName": "Analysis/forecast at horizontal level/layer at a point in time", "parameterCategory": 2, "parameterCategoryName": "Momentum", "parameterNumber": 2, "parameterNumberName": "U-component_of_wind", "parameterUnit": "K", "genProcessType": 2, "genProcessTypeName": "Forecast", "forecastTime": 0, "surface1Type": 103, "surface1TypeName": "Specified height level above ground", "surface1Value": 10, "surface2Type": 255, "surface2TypeName": "Missing", "surface2Value": 0, "gridDefinitionTemplate": 0, "gridDefinitionTemplateName": "Latitude_Longitude", "numberPoints": 65160, "shape": 6, "shapeName": "Earth spherical with radius of 6,371,229.0 m", "gridUnits": "degrees", "resolution": 48, "winds": "true", "scanMode": 0, "nx": 360.0, "ny": 180.0, "basicAngle": 0, "subDivisions": 0, "lo1": 0.0, "la1": -89.5, "lo2": 359.0, "la2": 89.5, "dx": 1.0, "dy": -1.0}, "data":
[rows 63 to 83 of 180, columns 48 to 95 of 360]
296.21466064453125,296.14276123046875,296.0120544433594,295.9401550292969,295.9827575683594,296.0602722167969,296.02606201171875,295.8863220214844,295.80950927734375,295.70587158203125,295.51751708984375,295.4139099121094,295.3870849609375,295.33831787109375,295.3115234375,295.2630615234375,295.1750183105469,295.1265563964844,295.032470703125,294.86138916015625,294.72821044921875,294.6571350097656,294.6180419921875,294.61749267578125,294.616455078125,294.61590576171875,294.55999755859375,294.4583435058594,294.4024353027344,294.3282470703125,294.1933288574219,294.119140625,294.0942687988281,294.0490417480469,293.9855651855469,293.9154052734375,293.8768310546875,293.8038635253906,293.6711730957031,293.59820556640625,293.57781982421875,293.5407409667969,293.5203552246094,293.5450744628906,293.59002685546875,293.61474609375,293.6185607910156,293.62548828125
296.1830749511719,296.1592102050781,296.1085510253906,296.0846862792969,296.1590576171875,296.2894592285156,296.29437255859375,296.1669921875,296.0975646972656,295.9834899902344,295.7777099609375,295.66363525390625,295.6421813964844,295.6023864746094,295.5809326171875,295.5439758300781,295.47503662109375,295.4381103515625,295.3423156738281,295.1684265136719,295.02386474609375,294.9366455078125,294.88787841796875,294.8849182128906,294.8798828125,294.8769226074219,294.82110595703125,294.7196350097656,294.6638488769531,294.58599853515625,294.44500732421875,294.3671569824219,294.34039306640625,294.2919921875,294.228515625,294.1614685058594,294.124755859375,294.0588073730469,293.93780517578125,293.8718566894531,293.8560791015625,293.82666015625,293.81085205078125,293.837158203125,293.884765625,293.91107177734375,293.9100646972656,293.908935546875
296.1255798339844,296.1817932128906,296.2912902832031,296.3475036621094,296.4747619628906,296.71099853515625,296.7811279296875,296.67840576171875,296.6213073730469,296.4898376464844,296.24920654296875,296.11773681640625,296.105224609375,296.0832824707031,296.0707702636719,296.0529479980469,296.0223083496094,296.0045166015625,295.90594482421875,295.7264404296875,295.56292724609375,295.44342041015625,295.37847900390625,295.37152099609375,295.3584899902344,295.35150146484375,295.2958679199219,295.19476318359375,295.1391296386719,295.0552062988281,294.90203857421875,294.818115234375,294.7881774902344,294.73345947265625,294.669921875,294.609130859375,294.5755310058594,294.5212707519531,294.4236755371094,294.3694152832031,294.36126708984375,294.34716796875,294.3390197753906,294.3680114746094,294.4209289550781,294.44989013671875,294.4407958984375,294.4235534667969
296.093994140625,296.1982421875,296.3877868652344,296.4920349121094,296.65106201171875,296.940185546875,297.0494689941406,296.9590759277344,296.90936279296875,296.7674560546875,296.5093994140625,296.3674621582031,296.3603210449219,296.3473205566406,296.3401794433594,296.3338623046875,296.3223571777344,296.3160400390625,296.2157897949219,296.03350830078125,295.8586120605469,295.7229309082031,295.6483154296875,295.6389465332031,295.6219177246094,295.612548828125,295.5570068359375,295.4560546875,295.4005432128906,295.3129577636719,295.1537170410156,295.0661315917969,295.0343017578125,294.9764099121094,294.912841796875,294.85516357421875,294.82342529296875,294.77618408203125,294.6903076171875,294.64306640625,294.6395263671875,294.6330871582031,294.6295166015625,294.66009521484375,294.7156677246094,294.7462463378906,294.7322998046875,294.7070007324219
295.8829345703125,296.0677795410156,296.39166259765625,296.5765075683594,296.7567443847656,297.0812683105469,297.208251953125,297.11199951171875,297.05877685546875,296.9165344238281,296.657958984375,296.5157165527344,296.51171875,296.5039367675781,296.49993896484375,296.4887390136719,296.4691467285156,296.45794677734375,296.3560485839844,296.1710205078125,295.99786376953125,295.86773681640625,295.7964782714844,295.7875061035156,295.7711181640625,295.76214599609375,295.7117004394531,295.6191711425781,295.5687255859375,295.4950866699219,295.3591003417969,295.2854919433594,295.263671875,295.22247314453125,295.17822265625,295.1360168457031,295.1135559082031,295.075439453125,295.00469970703125,294.9665832519531,294.964111328125,294.9595031738281,294.95703125,294.98651123046875,295.0402526855469,295.0697326660156,295.061767578125,295.0463562011719
295.4992370605469,295.81842041015625,296.4109191894531,296.7301025390625,296.9457092285156,297.3409729003906,297.49749755859375,297.3894958496094,297.33038330078125,297.1876220703125,296.9280090332031,296.7852478027344,296.7864685058594,296.7891845703125,296.7904357910156,296.7711181640625,296.73529052734375,296.7159729003906,296.611328125,296.42083740234375,296.25048828125,296.13153076171875,296.0658264160156,296.0575256347656,296.0425109863281,296.0342102050781,295.9921875,295.9165344238281,295.8744812011719,295.8241271972656,295.7346496582031,295.6842956542969,295.6791687011719,295.67138671875,295.6593017578125,295.6480407714844,295.6410827636719,295.61810302734375,295.5777587890625,295.5547790527344,295.55413818359375,295.5531311035156,295.552490234375,295.58013916015625,295.6302185058594,295.6578674316406,295.65985107421875,295.664306640625
295.5889587402344,295.948486328125,296.6083068847656,296.96783447265625,297.1890869140625,297.5937194824219,297.7482604980469,297.6275634765625,297.56085205078125,297.431640625,297.19464111328125,297.0654602050781,297.06890869140625,297.0753173828125,297.0787353515625,297.0575256347656,297.01849365234375,296.9972839355469,296.91064453125,296.7501220703125,296.61517333984375,296.525146484375,296.476806640625,296.4701232910156,296.4577941894531,296.45111083984375,296.41912841796875,296.3601989746094,296.3282165527344,296.2987976074219,296.2442626953125,296.21484375,296.22027587890625,296.2301025390625,296.2398681640625,296.2474060058594,296.2517395019531,296.2440185546875,296.22906494140625,296.2213439941406,296.2275085449219,296.2378234863281,296.24395751953125,296.2752380371094,296.33135986328125,296.36260986328125,296.37835693359375,296.4058532714844
296.1357727050781,296.42828369140625,296.9540100097656,297.24652099609375,297.4417724609375,297.7944030761719,297.9161071777344,297.78179931640625,297.708251953125,297.6021728515625,297.41143798828125,297.30535888671875,297.3072814941406,297.31060791015625,297.3125,297.29620361328125,297.2669982910156,297.250732421875,297.1968078613281,297.1017761230469,297.02288818359375,296.9796447753906,296.9546813964844,296.95001220703125,296.94171142578125,296.9370422363281,296.9133605957031,296.8710632324219,296.8473815917969,296.8296203613281,296.7984313964844,296.78070068359375,296.7870178222656,296.79864501953125,296.8126220703125,296.82684326171875,296.83447265625,296.8370056152344,296.842529296875,296.8450622558594,296.8607482910156,296.8901062011719,296.90576171875,296.94488525390625,297.0166931152344,297.0557861328125,297.0846252441406,297.13824462890625
296.4365234375,296.6888122558594,297.1474914550781,297.3997802734375,297.5794372558594,297.9060363769531,298.0080871582031,297.866943359375,297.789306640625,297.6971435546875,297.5295104980469,297.43731689453125,297.43829345703125,297.4400634765625,297.4410400390625,297.4277038574219,297.4034729003906,297.3901062011719,297.3558349609375,297.29351806640625,297.2483215332031,297.22845458984375,297.217529296875,297.21405029296875,297.207763671875,297.2043151855469,297.18560791015625,297.151611328125,297.1329040527344,297.1221923828125,297.1026611328125,297.0919189453125,297.0987854003906,297.11126708984375,297.1278076171875,297.1453552246094,297.1549987792969,297.1636657714844,297.179443359375,297.1881103515625,297.2095031738281,297.2483825683594,297.2697448730469,297.3135681152344,297.3932189941406,297.4370422363281,297.4737243652344,297.5404052734375
296.81146240234375,296.9881591796875,297.3209228515625,297.4976501464844,297.659912109375,297.95751953125,298.0804748535156,298.0032043457031,297.9638977050781,297.88372802734375,297.73614501953125,297.6559753417969,297.6545104980469,297.6521911621094,297.6507263183594,297.6395568847656,297.6189270019531,297.6077880859375,297.5827331542969,297.5357666015625,297.50347900390625,297.48980712890625,297.4825744628906,297.478759765625,297.47186279296875,297.4680480957031,297.4546813964844,297.4295959472656,297.4162292480469,297.40997314453125,297.39794921875,297.3916931152344,297.40087890625,297.41717529296875,297.4420471191406,297.4697570800781,297.4855041503906,297.5028381347656,297.5330810546875,297.5504455566406,297.5779724121094,297.6270751953125,297.65460205078125,297.70001220703125,297.78228759765625,297.82769775390625,297.8671875,297.9385681152344
297.4931335449219,297.5439147949219,297.62481689453125,297.67559814453125,297.808837890625,298.0484924316406,298.206298828125,298.2567138671875,298.2812805175781,298.2211608886719,298.1136779785156,298.0535583496094,298.0479736328125,298.0375061035156,298.0319519042969,298.0244140625,298.01104736328125,298.0035095214844,297.99383544921875,297.97760009765625,297.9668884277344,297.9655456542969,297.9645080566406,297.9600830078125,297.95196533203125,297.9475402832031,297.9430847167969,297.935791015625,297.93133544921875,297.9325866699219,297.935546875,297.9367980957031,297.94976806640625,297.9736633300781,298.01251220703125,298.0605163574219,298.0863952636719,298.1181945800781,298.1773681640625,298.2091979980469,298.2469482421875,298.3165588378906,298.35430908203125,298.4023742675781,298.4899597167969,298.5379943847656,298.5821533203125,298.6628723144531
297.8680419921875,297.84326171875,297.7982482910156,297.7734680175781,297.8893127441406,298.0999755859375,298.2786865234375,298.3929748535156,298.4558410644531,298.4077453613281,298.3203125,298.272216796875,298.2641906738281,298.2496337890625,298.24163818359375,298.23626708984375,298.2265319824219,298.22119140625,298.220703125,298.2198486328125,298.2220458984375,298.2268981933594,298.22955322265625,298.2247619628906,298.216064453125,298.2112731933594,298.2121276855469,298.2137451171875,298.2146301269531,298.2203674316406,298.2308349609375,298.2366027832031,298.2518310546875,298.279541015625,298.3267822265625,298.3849182128906,298.4168701171875,298.4573669433594,298.531005859375,298.5715026855469,298.61541748046875,298.69525146484375,298.7391662597656,298.7887878417969,298.8790283203125,298.92864990234375,298.9756164550781,299.06103515625
297.9873352050781,297.94854736328125,297.88018798828125,297.8414306640625,297.9715881347656,298.2060546875,298.4089050292969,298.53961181640625,298.6123046875,298.5709228515625,298.49468994140625,298.45330810546875,298.4443359375,298.4281311035156,298.41912841796875,298.4059753417969,298.3832092285156,298.3700256347656,298.3687744140625,298.36663818359375,298.3661804199219,298.36785888671875,298.3686218261719,298.3665466308594,298.3623962402344,298.3603210449219,298.3692626953125,298.38427734375,298.3932189941406,298.4051818847656,298.4259948730469,298.4379577636719,298.45855712890625,298.4952392578125,298.5542907714844,298.6231994628906,298.66162109375,298.70770263671875,298.79058837890625,298.8366394042969,298.8829650878906,298.9668273925781,299.0131530761719,299.0647277832031,299.1581726074219,299.209716796875,299.2613525390625,299.3544921875
298.2042236328125,298.1421203613281,298.0270690917969,297.9649658203125,298.11895751953125,298.401123046875,298.64422607421875,298.80767822265625,298.896728515625,298.8665771484375,298.812744140625,298.7825622558594,298.77197265625,298.75250244140625,298.74188232421875,298.7156982421875,298.6668701171875,298.6406555175781,298.6381530761719,298.6334228515625,298.6285095214844,298.6238708496094,298.6214599609375,298.62396240234375,298.6288757324219,298.6313781738281,298.6537170410156,298.69561767578125,298.7179870605469,298.7402648925781,298.7817687988281,298.8040771484375,298.8336486816406,298.8882141113281,298.96697998046875,299.0574035644531,299.10662841796875,299.1619567871094,299.26336669921875,299.3186950683594,299.3690490722656,299.46099853515625,299.5113525390625,299.56610107421875,299.6659851074219,299.72076416015625,299.7801208496094,299.8887939453125
298.3235168457031,298.2474060058594,298.1090087890625,298.03289794921875,298.2012023925781,298.5072326660156,298.7744445800781,298.95428466796875,299.0531921386719,299.0297546386719,298.98712158203125,298.96368408203125,298.95208740234375,298.9309997558594,298.9194030761719,298.8853759765625,298.82354736328125,298.7895202636719,298.7862243652344,298.7802429199219,298.77264404296875,298.76483154296875,298.7605285644531,298.7657470703125,298.77520751953125,298.7804260253906,298.81085205078125,298.86614990234375,298.8965759277344,298.9250793457031,298.9769287109375,299.00543212890625,299.0403747558594,299.1039123535156,299.19451904296875,299.29571533203125,299.3513488769531,299.4122619628906,299.52294921875,299.5838317871094,299.6366271972656,299.7325744628906,299.78533935546875,299.842041015625,299.94512939453125,300.0018310546875,300.06585693359375,300.1822814941406
298.48834228515625,298.42901611328125,298.3185729980469,298.2592468261719,298.4393615722656,298.7650146484375,299.0039367675781,299.116943359375,299.1757507324219,299.15142822265625,299.1073303222656,299.0830078125,299.0783996582031,299.0689697265625,299.0643615722656,299.03887939453125,298.9912109375,298.9657287597656,298.9675598144531,298.9700622558594,298.96844482421875,298.96209716796875,298.95867919921875,298.9631652832031,298.97149658203125,298.97601318359375,299.0065002441406,299.0618896484375,299.0923767089844,299.11767578125,299.16412353515625,299.1894226074219,299.2210388183594,299.2790832519531,299.3638610839844,299.4609069824219,299.5140380859375,299.5696105957031,299.67138671875,299.7269287109375,299.7767639160156,299.86785888671875,299.9176940917969,299.97283935546875,300.0733337402344,300.1284484863281,300.1930847167969,300.3105163574219
298.7880554199219,298.75665283203125,298.7021484375,298.6707763671875,298.87054443359375,299.2355041503906,299.42724609375,299.4066162109375,299.3985900878906,299.372802734375,299.3257751464844,299.29998779296875,299.3070373535156,299.32086181640625,299.3279113769531,299.3166198730469,299.2973937988281,299.2861328125,299.29644775390625,299.3160095214844,299.3243408203125,299.3208923339844,299.31890869140625,299.322265625,299.3282470703125,299.33160400390625,299.3621826171875,299.4178161621094,299.4483947753906,299.4682922363281,299.5039978027344,299.5238952636719,299.5500183105469,299.5970764160156,299.67218017578125,299.7608947753906,299.80987548828125,299.85650634765625,299.9404602050781,299.9870910644531,300.03204345703125,300.1133728027344,300.1583251953125,300.21087646484375,300.3061828613281,300.35870361328125,300.4243469238281,300.54376220703125
298.952880859375,298.9382629394531,298.9117126464844,298.8971252441406,299.1086730957031,299.4933166503906,299.65673828125,299.56927490234375,299.5211486816406,299.4944763183594,299.44598388671875,299.4193115234375,299.433349609375,299.4588623046875,299.4728698730469,299.4700927734375,299.465087890625,299.46234130859375,299.477783203125,299.5058288574219,299.5201721191406,299.5181579589844,299.51702880859375,299.5196838378906,299.5245361328125,299.52716064453125,299.5578308105469,299.6135559082031,299.64422607421875,299.660888671875,299.6911926269531,299.7078552246094,299.730712890625,299.7722473144531,299.841552734375,299.92608642578125,299.9725646972656,300.01385498046875,300.0888977050781,300.1301574707031,300.1722106933594,300.2486572265625,300.2906799316406,300.3416748046875,300.43438720703125,300.4853515625,300.55157470703125,300.6719970703125
299.2405090332031,299.2159729003906,299.1728515625,299.1483154296875,299.3170166015625,299.6302185058594,299.7672424316406,299.7071228027344,299.6754150390625,299.6585693359375,299.6264343261719,299.609619140625,299.6227111816406,299.64666748046875,299.6597900390625,299.6604919433594,299.6612854003906,299.6619873046875,299.67816162109375,299.7074890136719,299.7261657714844,299.73016357421875,299.732666015625,299.7342834472656,299.7374267578125,299.7390441894531,299.7626037597656,299.8065185546875,299.830078125,299.8411865234375,299.86224365234375,299.8733215332031,299.8892822265625,299.9192810058594,299.98077392578125,300.06378173828125,300.1093444824219,300.1470947265625,300.2162170410156,300.2539367675781,300.29254150390625,300.36322021484375,300.4018249511719,300.4507141113281,300.5398864746094,300.5887756347656,300.653076171875,300.7702941894531
299.76348876953125,299.7223815917969,299.6461181640625,299.60504150390625,299.7023010253906,299.8727111816406,299.96563720703125,299.96026611328125,299.9559326171875,299.9554443359375,299.9560241699219,299.9555358886719,299.9671325683594,299.988037109375,299.9996337890625,300.0061340332031,300.01849365234375,300.02496337890625,300.04241943359375,300.07421875,300.10015869140625,300.11614990234375,300.1246643066406,300.1246032714844,300.12432861328125,300.124267578125,300.1360168457031,300.15631103515625,300.16802978515625,300.16986083984375,300.17236328125,300.1741943359375,300.1786193847656,300.1855773925781,300.2340087890625,300.3139953613281,300.3580627441406,300.3898620605469,300.4471435546875,300.47894287109375,300.5118103027344,300.571044921875,300.6039123535156,300.6492919921875,300.7314147949219,300.77679443359375,300.8379211425781,300.9487609863281
300.0368347167969,300.0278625488281,300.005126953125,299.9961242675781,300.02947998046875,300.0932922363281,300.1473388671875,300.1836853027344,300.2043762207031,300.23236083984375,300.2803955078125,300.3083801269531,300.3270568847656,300.3597717285156,300.37841796875,300.3824157714844,300.39056396484375,300.3945617675781,300.4053955078125,300.42620849609375,300.44720458984375,300.4660339355469,300.4761962890625,300.4747314453125,300.4720764160156,300.4705810546875,300.47381591796875,300.47998046875,300.48321533203125,300.4793701171875,300.472412109375,300.4685363769531,300.4665832519531,300.462890625,300.50054931640625,300.5731506347656,300.61279296875,300.6387939453125,300.68646240234375,300.7124938964844,300.7380065917969,300.78497314453125,300.81048583984375,300.85357666015625,300.93194580078125,300.97503662109375,301.0284729003906,301.1264953613281
