earth/public/data/atmosphere/W07/ANN-rh-isobaric-10hPa-gfs-1.0.json
{"header": {"discipline": 0, "disciplineName": "Meteorological products", "gribEdition": 2, "gribLength": 17922.0, "center": 0, "centerName": "Kiel Climate Model", "subcenter": 0, "refTime": "1", "significanceOfRT": 1, "significanceOfRTName": "Start of forecast", "productStatus": 0, "productStatusName": "Operational products", "productType": 1, "productTypeName": "Forecast products", "productDefinitionTemplate": 0, "productDefinitionTemplateName": "Analysis/forecast at horizontal level/layer at a point in time", "parameterCategory": 2, "parameterCategoryName": "Momentum", "parameterNumber": 2, "parameterNumberName": "U-component_of_wind", "parameterUnit": "%", "genProcessType": 2, "genProcessTypeName": "Forecast", "forecastTime": 0, "surface1Type": 103, "surface1TypeName": "Specified height level above ground", "surface1Value": 10, "surface2Type": 255, "surface2TypeName": "Missing", "surface2Value": 0, "gridDefinitionTemplate": 0, "gridDefinitionTemplateName": "Latitude_Longitude", "numberPoints": 65160, "shape": 6, "shapeName": "Earth spherical with radius of 6,371,229.0 m", "gridUnits": "degrees", "resolution": 48, "winds": "true", "scanMode": 0, "nx": 128.0, "ny": 64.0, "basicAngle": 0, "subDivisions": 0, "lo1": 0.0, "la1": 87.86379883923263, "lo2": 357.1875, "la2": -87.86379883923263, "dx": 2.8125, "dy": 2.7893269472772264}, "data":
[rows 17 to 33 of 64, columns 80 to 119 of 128]
0.0009249659487977624,0.0009487205534242094,0.000972902518697083,0.0009973287815228105,0.001022381940856576,0.0010479629272595048,0.0010730978101491928,0.001095859333872795,0.001114938873797655,0.0011317647295072675,0.0011469206074252725,0.001158960978500545,0.001164753339253366,0.00116456497926265,0.0011628008214756846,0.0011630697408691049,0.00116548512596637,0.0011668564984574914,0.0011662141187116504,0.001165389665402472,0.0011669439263641834,0.0011725819204002619,0.0011821584776043892,0.001193519332446158,0.0012029652716591954,0.0012086851056665182,0.0012116064317524433,0.0012149900430813432,0.0012205312959849834,0.0012278942158445716,0.0012363451533019543,0.00124597258400172,0.0012568495003506541,0.0012686157133430243,0.0012802716810256243,0.0012914342805743217,0.0013018430909141898,0.001310459803789854,0.0013164673000574112,0.0013209240278229117
0.0008736025192774832,0.0008926091250032187,0.0009108769008889794,0.0009275221964344382,0.0009419223642908037,0.000955094990786165,0.0009678960777819157,0.0009799085091799498,0.000989339780062437,0.0009962159674614668,0.0010016527958214283,0.001005228841677308,0.0010043930960819125,0.0009987922385334969,0.0009914212860167027,0.0009857419645413756,0.0009812033968046308,0.0009757688385434449,0.0009699365473352373,0.0009662071242928505,0.0009649637504480779,0.0009649583953432739,0.0009651606087572873,0.0009655016474425793,0.000965785002335906,0.0009655921021476388,0.000964981154538691,0.0009643984376452863,0.0009643089724704623,0.0009643373196013272,0.0009651200380176306,0.0009671136504039168,0.0009704518597573042,0.0009747329750098288,0.0009797728853300214,0.0009855881799012423,0.0009914148831740022,0.0009957163129001856,0.0009965709177777171,0.0009946107165887952
0.0007833077106624842,0.000794168678112328,0.0008054294157773256,0.0008165441686287522,0.0008263447089120746,0.0008345961105078459,0.0008415429037995636,0.0008469142485409975,0.0008485399885103106,0.0008463635458610952,0.0008428407018072903,0.0008401390514336526,0.000836749270092696,0.000830300385132432,0.0008218692382797599,0.0008140357676893473,0.0008068131865002215,0.0007999438093975186,0.0007947412668727338,0.0007929566781967878,0.000793030543718487,0.0007914899615570903,0.0007870285771787167,0.0007810965762473643,0.0007755590486340225,0.0007709531928412616,0.0007674276130273938,0.0007652731146663427,0.0007644508732482791,0.0007651508785784245,0.0007668874459341168,0.0007695542299188673,0.0007724855677224696,0.0007754253456369042,0.0007783487089909613,0.000781267648562789,0.0007838467718102038,0.0007853397983126342,0.0007847827509976923,0.0007816428551450372
0.0006644692621193826,0.0006683949031867087,0.0006723441765643656,0.0006768713938072324,0.0006817432586103678,0.0006859820568934083,0.0006896912818774581,0.0006917807622812688,0.0006902999593876302,0.0006848652847111225,0.000678461161442101,0.000674110371619463,0.0006707272259518504,0.0006652958109043539,0.0006574249709956348,0.0006489746156148612,0.0006403435836546123,0.0006318111554719508,0.000624514592345804,0.000620500126387924,0.0006188005791045725,0.0006169357220642269,0.0006140441400930285,0.0006106166983954608,0.000606709741987288,0.0006023761816322803,0.0005982820875942707,0.000595380028244108,0.0005944087170064449,0.0005954515072517097,0.0005986211472190917,0.0006030065705999732,0.0006086066132411361,0.0006151447305455804,0.0006215856992639601,0.0006262234528549016,0.0006280841771513224,0.0006277033826336265,0.0006263831746764481,0.0006250081933103502
0.000600805098656565,0.0006041363230906427,0.0006052911630831659,0.0006047592614777386,0.0006029872456565499,0.0006002011941745877,0.0005969327758066356,0.0005933040520176291,0.0005887725274078548,0.0005827419809065759,0.0005762219079770148,0.0005706364754587412,0.0005651383544318378,0.0005578428972512484,0.000548888579942286,0.0005403383984230459,0.0005326979444362223,0.0005253069684840739,0.0005184678011573851,0.0005131474463269114,0.000508945609908551,0.0005048387101851404,0.0005008726147934794,0.0004972163587808609,0.0004935787874273956,0.0004898184561170638,0.0004862425848841667,0.00048335606697946787,0.0004809977544937283,0.0004792775434907526,0.00047892742441035807,0.00048021634574979544,0.00048327833064831793,0.00048804489779286087,0.0004936570767313242,0.0004980493104085326,0.0004995971685275435,0.0004979295190423727,0.0004946130211465061,0.0004914451274089515
0.0005147113115526736,0.0005150753422640264,0.0005145891918800771,0.0005131213692948222,0.0005107300821691751,0.0005073777865618467,0.0005026162834838033,0.000497121422085911,0.0004914590390399098,0.00048590745427645743,0.00048061952111311257,0.00047535618068650365,0.0004700692370533943,0.0004639764374587685,0.00045755895553156734,0.0004523785610217601,0.00044854049338027835,0.0004457548202481121,0.0004438691248651594,0.0004433042777236551,0.00044264199095778167,0.0004404526553116739,0.0004364030319266021,0.00043172170990146697,0.00042703450890257955,0.0004232229548506439,0.0004208144382573664,0.0004194659413769841,0.00041869774577207863,0.00041888566920533776,0.00042071903590112925,0.0004241737478878349,0.0004284728493075818,0.0004327555652707815,0.00043615794857032597,0.00043881041347049177,0.00044006877578794956,0.00043905392521992326,0.0004354262782726437,0.00043019436998292804
0.00041715867700986564,0.0004143645928706974,0.00041211419738829136,0.00041038531344383955,0.0004089984577149153,0.0004075582546647638,0.0004050533752888441,0.000401186611270532,0.0003971559926867485,0.0003937093133572489,0.00039092430961318314,0.00038842440699227154,0.00038627145113423467,0.00038444873644039035,0.0003824976447504014,0.00038003805093467236,0.00037687274743802845,0.00037352574872784317,0.0003710970049723983,0.00037056399742141366,0.0003713910118676722,0.00037217148928903043,0.0003720710228662938,0.0003711681056302041,0.0003700065135490149,0.0003684654366225004,0.0003670952864922583,0.00036613456904888153,0.00036591108073480427,0.0003672513703349978,0.0003707232535816729,0.00037613496533595026,0.0003825515159405768,0.00038900310755707324,0.0003936594584956765,0.00039627691148780286,0.0003969301760662347,0.0003959171299356967,0.0003933947009500116,0.00038992988993413746
0.00039268870023079216,0.0003924506017938256,0.00039155225385911763,0.0003896436537615955,0.0003865381295327097,0.0003826562315225601,0.00037844403414055705,0.00037409612559713423,0.00037050002720206976,0.0003682655224110931,0.0003668637073133141,0.0003650755970738828,0.00036309202550910413,0.0003616658505052328,0.00036050466587767005,0.00035888643469661474,0.00035599336843006313,0.00035241676960140467,0.0003491341194603592,0.00034671122557483613,0.0003458409628365189,0.00034583068918436766,0.000346663553500548,0.00034760101698338985,0.00034845067420974374,0.0003485686029307544,0.0003475075354799628,0.0003457539132796228,0.00034393632085993886,0.00034257504739798605,0.00034161037183366716,0.0003414966049604118,0.00034291419433429837,0.00034615991171449423,0.0003495668643154204,0.00035140736144967377,0.00035038375062868,0.00034723454155027866,0.00034325168235227466,0.0003398141998331994
0.0003555655712261796,0.0003555223229341209,0.00035614552325569093,0.00035662029404193163,0.0003554834984242916,0.0003530519315972924,0.0003498828154988587,0.00034693710040301085,0.0003447844064794481,0.0003438133862800896,0.0003431278746575117,0.0003417684056330472,0.0003398147237021476,0.00033849512692540884,0.00033826142316684127,0.0003386435273569077,0.00033931087818928063,0.0003405163006391376,0.00034235636121593416,0.0003443949099164456,0.000345880922395736,0.0003467499336693436,0.0003470136143732816,0.0003467789792921394,0.00034647632855921984,0.0003462994936853647,0.0003464729234110564,0.0003465026384219527,0.00034650025190785527,0.00034645386040210724,0.0003464308683760464,0.0003461726300884038,0.00034606317058205605,0.0003467373608145863,0.0003481076564639807,0.00034906002110801637,0.00034824584145098925,0.0003453425597399473,0.00034082954516634345,0.00033610823447816074
0.00030525782494805753,0.0003037745482288301,0.00030417321249842644,0.0003061550378333777,0.0003083786286879331,0.0003098684537690133,0.00031044307979755104,0.0003101250622421503,0.00030972639797255397,0.00030941591830924153,0.0003094974672421813,0.0003096774744335562,0.0003102705522906035,0.00031181599479168653,0.0003140468616038561,0.0003156461752951145,0.0003161233616992831,0.0003167394606862217,0.0003183653170708567,0.0003209953720215708,0.00032361605553887784,0.0003259501827415079,0.0003274680348113179,0.0003284730773884803,0.0003291982866358012,0.00033029765472747386,0.0003319456591270864,0.00033327782875858247,0.000333503820002079,0.00033355015330016613,0.0003344102296978235,0.0003363807045388967,0.000338325829943642,0.00034013058757409453,0.00034167003468610346,0.00034296431113034487,0.00034312388743273914,0.0003418583073653281,0.00033935270039364696,0.00033600744791328907
0.0003250623703934252,0.00032658723648637533,0.00032746270881034434,0.0003284559934400022,0.00032944593112915754,0.0003300164535176009,0.0003298387164250016,0.00032916743657551706,0.0003280112287029624,0.0003265835402999073,0.00032519674277864397,0.0003239503421355039,0.00032384853693656623,0.00032528475276194513,0.00032796533196233213,0.00032974936766549945,0.00032951278262771666,0.0003283015685155988,0.00032728834776207805,0.00032686107442714274,0.00032657579868100584,0.0003267198917455971,0.0003274838672950864,0.0003286923165433109,0.0003305305726826191,0.00033265972160734236,0.0003347425954416394,0.0003353157953824848,0.0003334612993057817,0.0003296993381809443,0.0003252041933592409,0.00032175699016079307,0.0003198482154402882,0.00031962228240445256,0.0003205545654054731,0.000321129453368485,0.00032017458579503,0.0003175717138219625,0.00031431159004569054,0.00031158438650891185
0.0003239565121475607,0.0003251478192396462,0.0003259299846831709,0.00032653886592015624,0.0003273606998845935,0.00032812272547744215,0.0003288603911641985,0.0003296115028206259,0.0003299907548353076,0.0003293231129646301,0.00032719032606109977,0.00032409699633717537,0.0003216270124539733,0.00032142610871233046,0.00032401675707660615,0.00032781402114778757,0.00033127894857898355,0.00033422920387238264,0.0003369809128344059,0.00033881401759572327,0.0003391944046597928,0.00033866887679323554,0.000337748700985685,0.00033725544926710427,0.00033769692527130246,0.00033907609758898616,0.00034114401205442846,0.00034323896397836506,0.000344547675922513,0.0003438092826399952,0.0003409380733501166,0.0003372126957401633,0.0003341422707308084,0.00033271400025114417,0.0003329539904370904,0.0003335570509079844,0.00033294068998657167,0.00033024061121977866,0.00032622209982946515,0.00032230146462097764
0.0002944425505120307,0.00029299937887117267,0.00029296561842784286,0.00029355083825066686,0.00029495180933736265,0.00029719973099417984,0.0002998439595103264,0.0003024627221748233,0.0003046906495001167,0.0003057090798392892,0.0003049817169085145,0.00030316904303617775,0.0003018713614437729,0.0003026163321919739,0.00030585654894821346,0.00031004741322249174,0.00031333850347436965,0.0003155628510285169,0.0003172114957123995,0.0003182572836522013,0.0003188390692230314,0.0003189684066455811,0.0003190920106135309,0.0003194375603925437,0.00032043660758063197,0.0003219663049094379,0.00032376148737967014,0.000326293840771541,0.00032937221112661064,0.00033185488427989185,0.00033311586594209075,0.00033362911199219525,0.0003337154630571604,0.0003336311783641577,0.00033391782199032605,0.0003346587182022631,0.00033552927197888494,0.0003353315987624228,0.00033345361589454114,0.0003305317950434983
0.00032648423803038895,0.0003278473159298301,0.00032804193324409425,0.00032676637056283653,0.00032488536089658737,0.00032354227732867,0.0003227938723284751,0.0003224958782084286,0.0003222583618480712,0.0003218115889467299,0.0003208783455193043,0.0003197542973794043,0.00031930365366861224,0.00032068451400846243,0.0003238170756958425,0.00032728788210079074,0.0003285422862973064,0.0003272531903348863,0.00032430797000415623,0.00032066815765574574,0.0003171359421685338,0.0003150890988763422,0.00031509119435213506,0.0003173984005115926,0.0003205001703463495,0.00032305510831065476,0.00032443637610413134,0.0003253151662647724,0.0003256266063544899,0.0003245029365643859,0.0003224056272301823,0.0003203463857062161,0.00031856689020060003,0.0003168930998072028,0.00031586806289851665,0.00031537291943095624,0.00031535993912257254,0.0003148308314848691,0.00031314382795244455,0.0003108286182396114
0.0003301040851511061,0.0003310655301902443,0.00033043455914594233,0.0003285031416453421,0.0003259349032305181,0.00032337536686100066,0.00032141568954102695,0.0003200082283001393,0.00031893065897747874,0.00031790786306373775,0.00031667662551626563,0.00031552609289065003,0.00031513284193351865,0.00031650831806473434,0.00032002528314478695,0.00032501021632924676,0.0003293367335572839,0.00033162604086101055,0.00033158474252559245,0.00032893192837946117,0.0003245926054660231,0.00032097400981001556,0.0003200822393409908,0.0003222597297281027,0.00032567745074629784,0.0003285538696218282,0.00033068141783587635,0.0003329427563585341,0.0003351117775309831,0.0003359334368724376,0.00033527956111356616,0.00033351057209074497,0.00033133913530036807,0.000329930626321584,0.00032969791209325194,0.0003302341210655868,0.00033059396082535386,0.0003300671523902565,0.0003282858233433217,0.00032546266447752714
0.00029508586158044636,0.00029243595781736076,0.00029144977452233434,0.0002916606026701629,0.00029180519049987197,0.0002918727695941925,0.0002918125537689775,0.0002915327495429665,0.00029089063173159957,0.0002897633530665189,0.0002887247537728399,0.00028881203616037965,0.0002909440954681486,0.00029479351360350847,0.00029957405058667064,0.00030449143378064036,0.0003080776077695191,0.00030982698081061244,0.0003095301508437842,0.0003069624362979084,0.00030291956500150263,0.0002997667179442942,0.00029971697949804366,0.00030241478816606104,0.00030605538631789386,0.0003090435639023781,0.00031137169571593404,0.00031389278592541814,0.0003171015123371035,0.00032027263659983873,0.0003233059833291918,0.0003253211616538465,0.0003262771642766893,0.00032688971259631217,0.00032824990921653807,0.00033040091511793435,0.0003327744489070028,0.0003349843027535826,0.00033605541102588177,0.0003353597712703049
0.00032103003468364477,0.0003218194760847837,0.00032310429378412664,0.00032326538348570466,0.0003225149994250387,0.00032129266764968634,0.00031986762769520283,0.00031761679565533996,0.0003142878122162074,0.00031012960243970156,0.0003066389763262123,0.0003058974980376661,0.00030871317721903324,0.0003138207539450377,0.00031915580620989203,0.0003225789696443826,0.00032305088825523853,0.0003209492133464664,0.000317039288347587,0.0003119298198726028,0.00030625570798292756,0.00030257206526584923,0.0003021642623934895,0.0003044236800633371,0.00030778677319176495,0.00031102399225346744,0.0003130360855720937,0.0003134388825856149,0.0003126142546534538,0.0003108227683696896,0.0003091756079811603,0.00030798185616731644,0.0003069615922868252,0.000306011555949226,0.0003057822468690574,0.0003063793119508773,0.00030783633701503277,0.0003097015433013439,0.0003112710255663842,0.00031211570603773
