earth/public/data/atmosphere/W07/ANN-rh-isobaric-500hPa-gfs-1.0.json
{"header": {"discipline": 0, "disciplineName": "Meteorological products", "gribEdition": 2, "gribLength": 17922.0, "center": 0, "centerName": "Kiel Climate Model", "subcenter": 0, "refTime": "1", "significanceOfRT": 1, "significanceOfRTName": "Start of forecast", "productStatus": 0, "productStatusName": "Operational products", "productType": 1, "productTypeName": "Forecast products", "productDefinitionTemplate": 0, "productDefinitionTemplateName": "Analysis/forecast at horizontal level/layer at a point in time", "parameterCategory": 2, "parameterCategoryName": "Momentum", "parameterNumber": 2, "parameterNumberName": "U-component_of_wind", "parameterUnit": "%", "genProcessType": 2, "genProcessTypeName": "Forecast", "forecastTime": 0, "surface1Type": 103, "surface1TypeName": "Specified height level above ground", "surface1Value": 10, "surface2Type": 255, "surface2TypeName": "Missing", "surface2Value": 0, "gridDefinitionTemplate": 0, "gridDefinitionTemplateName": "Latitude_Longitude", "numberPoints": 65160, "shape": 6, "shapeName": "Earth spherical with radius of 6,371,229.0 m", "gridUnits": "degrees", "resolution": 48, "winds": "true", "scanMode": 0, "nx": 128.0, "ny": 64.0, "basicAngle": 0, "subDivisions": 0, "lo1": 0.0, "la1": 87.86379883923263, "lo2": 357.1875, "la2": -87.86379883923263, "dx": 2.8125, "dy": 2.7893269472772264}, "data":
[rows 0 to 18 of 64, columns 0 to 42 of 128]
0.7686952352523804,0.7690160870552063,0.7693412899971008,0.7696684002876282,0.7699947357177734,0.7703184485435486,0.7706378102302551,0.770952045917511,0.7712604403495789,0.7715626955032349,0.7718588709831238,0.7721498012542725,0.7724359035491943,0.7727183103561401,0.7729982733726501,0.7732769846916199,0.7735558152198792,0.7738363742828369,0.7741201519966125,0.7744083404541016,0.7747027277946472,0.7750042080879211,0.7753143906593323,0.7756338119506836,0.7759636640548706,0.7763046026229858,0.776657223701477,0.7770216464996338,0.7773982286453247,0.7777864933013916,0.7781863212585449,0.7785972356796265,0.7790184020996094,0.7794488668441772,0.7798875570297241,0.7803328633308411,0.7807836532592773,0.7812379598617554,0.7816941142082214,0.782150387763977,0.7826045155525208,0.7830545902252197,0.7834985852241516
0.7530471086502075,0.7546542286872864,0.7561209201812744,0.7574386596679688,0.7586058378219604,0.7596253156661987,0.7605052590370178,0.7612578272819519,0.7618982195854187,0.7624436616897583,0.762912392616272,0.7633227109909058,0.7636922001838684,0.7640363574028015,0.7643693089485168,0.7647026181221008,0.765045166015625,0.7654035687446594,0.7657827734947205,0.7661852836608887,0.7666127681732178,0.7670652866363525,0.7675427794456482,0.7680448889732361,0.768571138381958,0.769120991230011,0.7696945667266846,0.7702919244766235,0.770913302898407,0.7715586423873901,0.7722281813621521,0.772921085357666,0.7736363410949707,0.7743715047836304,0.7751240730285645,0.7758896350860596,0.7766632437705994,0.777438759803772,0.7782091498374939,0.7789667844772339,0.7797032594680786,0.7804101705551147,0.7810786366462708
0.7478847503662109,0.7501301169395447,0.7519702315330505,0.7533921003341675,0.7544106245040894,0.75506591796875,0.7554195523262024,0.7555476427078247,0.7555341720581055,0.7554633617401123,0.7554129362106323,0.7554478645324707,0.7556180357933044,0.7559548616409302,0.756472110748291,0.7571671009063721,0.7580232620239258,0.7590141296386719,0.7601062655448914,0.7612641453742981,0.7624525427818298,0.7636404633522034,0.7648026347160339,0.7659201622009277,0.7669826745986938,0.7679863572120667,0.7689331769943237,0.7698297500610352,0.770685076713562,0.7715082168579102,0.7723073363304138,0.773087203502655,0.7738485932350159,0.7745892405509949,0.7753021717071533,0.775977611541748,0.7766044735908508,0.7771708965301514,0.7776658535003662,0.7780802845954895,0.7784074544906616,0.7786429524421692,0.7787841558456421
0.7439132332801819,0.7467432618141174,0.7487413883209229,0.7498453259468079,0.7501022219657898,0.7496521472930908,0.7487021088600159,0.7474921345710754,0.7462620735168457,0.7452224493026733,0.7445342540740967,0.7442981004714966,0.7445541024208069,0.745288610458374,0.7464475035667419,0.7479490041732788,0.7496982216835022,0.7515981793403625,0.7535589933395386,0.7555016875267029,0.7573651075363159,0.7591055631637573,0.7606999278068542,0.7621446847915649,0.7634551525115967,0.7646614909172058,0.7658047676086426,0.7669285535812378,0.7680718898773193,0.7692611813545227,0.7705031633377075,0.7717822790145874,0.7730584740638733,0.7742733955383301,0.7753539681434631,0.7762237191200256,0.7768120169639587,0.7770649790763855,0.7769539952278137,0.7764797806739807,0.775675892829895,0.7746045589447021,0.773349940776825
0.7348126173019409,0.7390936017036438,0.7415249943733215,0.7421224117279053,0.7411700487136841,0.7391424775123596,0.7366028428077698,0.7340972423553467,0.7320669889450073,0.7307922840118408,0.7303768992424011,0.7307706475257874,0.7318189144134521,0.7333220839500427,0.7350912690162659,0.7369819283485413,0.7389075756072998,0.7408300042152405,0.7427380084991455,0.7446249127388,0.746472954750061,0.748251736164093,0.7499282360076904,0.7514845728874207,0.7529339790344238,0.754331111907959,0.7557672262191772,0.7573531866073608,0.759192705154419,0.7613532543182373,0.763839840888977,0.7665835618972778,0.7694414854049683,0.772214412689209,0.7746732234954834,0.7765916585922241,0.7777773141860962,0.7780974507331848,0.7774941921234131,0.775993824005127,0.7737056612968445,0.7708155512809753,0.7675702571868896
0.7264218926429749,0.7291214466094971,0.7292701005935669,0.7272988557815552,0.7239400744438171,0.7200812101364136,0.7165876030921936,0.7141298651695251,0.7130558490753174,0.7133450508117676,0.7146610021591187,0.7164880037307739,0.7183086276054382,0.7197629809379578,0.7207417488098145,0.7213894128799438,0.7220214605331421,0.7229946851730347,0.7245741486549377,0.7268442511558533,0.7296857237815857,0.7328222990036011,0.7359165549278259,0.7386812567710876,0.7409726977348328,0.7428359389305115,0.7444930076599121,0.7462775111198425,0.748532772064209,0.7515044212341309,0.7552564740180969,0.7596348524093628,0.7642894387245178,0.7687472105026245,0.7725169062614441,0.7751916646957397,0.7765233516693115,0.7764490246772766,0.775068998336792,0.7725938558578491,0.7692841291427612,0.765404224395752,0.761207103729248
0.7159752249717712,0.7144632935523987,0.7125871777534485,0.7106539607048035,0.7089704871177673,0.7079086303710938,0.7078519463539124,0.7090287804603577,0.711331844329834,0.7142457962036133,0.7169613838195801,0.718646764755249,0.7187706828117371,0.7173290252685547,0.7148790955543518,0.7123633027076721,0.7107996940612793,0.7109553813934326,0.7131219506263733,0.7170542478561401,0.722076952457428,0.727304995059967,0.7319017052650452,0.7353017330169678,0.7373461127281189,0.7383081316947937,0.7388145327568054,0.7396812438964844,0.7416996955871582,0.7454150319099426,0.7509492635726929,0.7579199075698853,0.7654921412467957,0.7725653052330017,0.77805095911026,0.7811592817306519,0.7815982103347778,0.7796187996864319,0.7758930921554565,0.77128005027771,0.7665689587593079,0.7622921466827393,0.7586565017700195
0.6968489289283752,0.697260856628418,0.7016785144805908,0.7083052396774292,0.7152398228645325,0.7212569117546082,0.7260224223136902,0.7297495007514954,0.7326226830482483,0.7344159483909607,0.7345460653305054,0.7324946522712708,0.7282947301864624,0.7227568030357361,0.717287540435791,0.7133995294570923,0.7121659517288208,0.7138744592666626,0.7179993987083435,0.7234606146812439,0.7290182113647461,0.7336407899856567,0.7367357611656189,0.7382064461708069,0.7383790016174316,0.7378731369972229,0.7374798059463501,0.7380627393722534,0.7404546141624451,0.7452982068061829,0.752825915813446,0.7626447081565857,0.7736498117446899,0.7841799259185791,0.7924225926399231,0.7969484925270081,0.797154426574707,0.7934209704399109,0.7869176864624023,0.7791649103164673,0.7715680599212646,0.7651216387748718,0.7603462934494019
0.6895634531974792,0.6990896463394165,0.7137619853019714,0.7285214066505432,0.7391840815544128,0.7440420389175415,0.7439677715301514,0.7411865592002869,0.7376495003700256,0.734063982963562,0.7300530076026917,0.7250948548316956,0.7194202542304993,0.714208722114563,0.7110183238983154,0.7109173536300659,0.7139156460762024,0.7189928293228149,0.7246154546737671,0.7293899655342102,0.7325311303138733,0.7340041399002075,0.7343688607215881,0.7344452142715454,0.7349430322647095,0.7362078428268433,0.7382044792175293,0.7407479286193848,0.7438399791717529,0.7478627562522888,0.7534303665161133,0.760924220085144,0.769985020160675,0.7793306708335876,0.7871045470237732,0.7916234731674194,0.79210364818573,0.7889317870140076,0.7833153605461121,0.7765608429908752,0.7694845199584961,0.7623534202575684,0.7553595900535583
0.7089766263961792,0.723353922367096,0.739270031452179,0.7501953840255737,0.7519121170043945,0.7445663213729858,0.7321900725364685,0.720049262046814,0.7116547226905823,0.7074059247970581,0.7055043578147888,0.7040631175041199,0.7026406526565552,0.7021836638450623,0.7038004994392395,0.7076166868209839,0.7126173973083496,0.7173931002616882,0.7210010886192322,0.7232893109321594,0.7246513962745667,0.7256377339363098,0.7267741560935974,0.7285559773445129,0.7313672304153442,0.735231339931488,0.7396198511123657,0.7436262965202332,0.7465304136276245,0.7483588457107544,0.7499505281448364,0.7523620128631592,0.7559968829154968,0.7601214051246643,0.7632022500038147,0.7639033198356628,0.7620669007301331,0.7589450478553772,0.7564124464988708,0.7556116580963135,0.7559691667556763,0.7554123997688293,0.751839280128479
0.7219722867012024,0.7304986715316772,0.7383129596710205,0.7402814626693726,0.733270525932312,0.7187195420265198,0.7022619843482971,0.6902832984924316,0.685956597328186,0.6878693103790283,0.6920972466468811,0.6955922245979309,0.6978915333747864,0.7001203894615173,0.7028973698616028,0.7054600119590759,0.7066845297813416,0.7066181302070618,0.7067674398422241,0.7088268399238586,0.7131376266479492,0.7183671593666077,0.7226551175117493,0.725115954875946,0.7263696193695068,0.7277584671974182,0.7301039695739746,0.7331545352935791,0.736120879650116,0.7386410236358643,0.7411754727363586,0.7444408535957336,0.748449981212616,0.7521052360534668,0.7537809014320374,0.7524879574775696,0.7487706542015076,0.7447150945663452,0.7429932355880737,0.7453510761260986,0.7513041496276855,0.7579460144042969,0.7613943815231323
0.7048715353012085,0.7027222514152527,0.7027143239974976,0.7023146748542786,0.6979098320007324,0.6887788772583008,0.6786817312240601,0.6729374527931213,0.6737250685691833,0.6784541606903076,0.6827598810195923,0.6846637725830078,0.6854832172393799,0.6870722770690918,0.6890676617622375,0.6893773674964905,0.6871134638786316,0.6843910217285156,0.6848296523094177,0.6902331709861755,0.6987619996070862,0.7062959671020508,0.70963454246521,0.708706259727478,0.706143319606781,0.7049444913864136,0.7063711881637573,0.7096813321113586,0.7135517001152039,0.7176250219345093,0.7226901650428772,0.7294434309005737,0.73722904920578,0.7441747188568115,0.7486428618431091,0.7504834532737732,0.750849723815918,0.7510022521018982,0.7515594363212585,0.7527710199356079,0.7548785209655762,0.7576476335525513,0.7597532868385315
0.6800814867019653,0.6717950701713562,0.6696065068244934,0.6728515625,0.675777018070221,0.673914909362793,0.668886661529541,0.6659096479415894,0.667240560054779,0.6697441339492798,0.6692785024642944,0.6659082174301147,0.663337767124176,0.6637639999389648,0.6650669574737549,0.6638109683990479,0.6600088477134705,0.6576571464538574,0.6604541540145874,0.6677075624465942,0.6748430132865906,0.6776707172393799,0.6759089231491089,0.6728533506393433,0.6721509695053101,0.6749715805053711,0.6797686815261841,0.68423992395401,0.6875757575035095,0.6912944316864014,0.698041558265686,0.7090885043144226,0.7225348949432373,0.7342063784599304,0.7410138249397278,0.7436479926109314,0.7455188632011414,0.748745322227478,0.751638650894165,0.7506677508354187,0.7445834875106812,0.7358015775680542,0.727715253829956
0.657058596611023,0.6536005139350891,0.6570002436637878,0.66612708568573,0.6729043126106262,0.6715423464775085,0.6655226349830627,0.6629464626312256,0.6661233305931091,0.6690294146537781,0.6655915379524231,0.6573124527931213,0.6504011154174805,0.6472680568695068,0.6442087888717651,0.6376538276672363,0.6297821998596191,0.6260648369789124,0.6284202337265015,0.6328068971633911,0.6338414549827576,0.6305885910987854,0.6270050406455994,0.6271446943283081,0.6308944225311279,0.6347513794898987,0.6361263394355774,0.6360803246498108,0.6380957961082458,0.6453661918640137,0.6596635580062866,0.6812266707420349,0.7075930833816528,0.7325307726860046,0.7485165596008301,0.7523100972175598,0.7477198243141174,0.7414337396621704,0.7361159324645996,0.7288659811019897,0.7165239453315735,0.7006596922874451,0.6860845685005188
0.6276851296424866,0.6357327103614807,0.6479371786117554,0.6610063910484314,0.6661515235900879,0.6600328087806702,0.6510934829711914,0.6505035758018494,0.6580882668495178,0.6622085571289062,0.654299795627594,0.6386816501617432,0.62543785572052,0.6178045868873596,0.611172080039978,0.6023976802825928,0.5945579409599304,0.591508686542511,0.5916581153869629,0.5896928310394287,0.583139955997467,0.5752581357955933,0.5712445974349976,0.572212278842926,0.5735266804695129,0.5699154138565063,0.5623889565467834,0.5586562752723694,0.5653590559959412,0.581088125705719,0.599331259727478,0.6176950335502625,0.6405611038208008,0.6707640290260315,0.7015013694763184,0.7204582095146179,0.7219609022140503,0.711969256401062,0.7001926898956299,0.6901819109916687,0.6792693138122559,0.6658662557601929,0.6528945565223694
0.6006745100021362,0.610883891582489,0.6207773089408875,0.6278464198112488,0.6265687942504883,0.6172953844070435,0.6100406050682068,0.6139269471168518,0.6241015791893005,0.6256203055381775,0.6115503907203674,0.5910523533821106,0.577033519744873,0.5722266435623169,0.5717646479606628,0.5732161402702332,0.5769204497337341,0.579717755317688,0.5757854580879211,0.5635097622871399,0.546811044216156,0.5302213430404663,0.5164672136306763,0.507686197757721,0.5046563148498535,0.5053169131278992,0.5080163478851318,0.5154771208763123,0.53047114610672,0.5469709038734436,0.5518312454223633,0.5398884415626526,0.5241500735282898,0.5249572992324829,0.5485923886299133,0.5810540318489075,0.6042455434799194,0.6138921976089478,0.6185111999511719,0.6247228384017944,0.6295875906944275,0.6274449229240417,0.6190250515937805
0.56549072265625,0.5651657581329346,0.5608593225479126,0.5552344918251038,0.549242377281189,0.5445871949195862,0.5455917716026306,0.5543386936187744,0.5640065670013428,0.563658595085144,0.5521016716957092,0.5402682423591614,0.5370305180549622,0.5407426357269287,0.5481364727020264,0.5606561899185181,0.5751517415046692,0.5791134238243103,0.5650102496147156,0.541079580783844,0.5183284878730774,0.4953640103340149,0.46797001361846924,0.4468303620815277,0.4505113661289215,0.4808765947818756,0.5175523161888123,0.5398789644241333,0.5454712510108948,0.5426890254020691,0.5329002737998962,0.5099210143089294,0.4757029712200165,0.446687251329422,0.43914005160331726,0.45280832052230835,0.4746907651424408,0.49592286348342896,0.5181278586387634,0.5435969829559326,0.5664027333259583,0.5771476030349731,0.5739180445671082
0.5032389760017395,0.4989660978317261,0.4880683422088623,0.4763169586658478,0.46973395347595215,0.46975114941596985,0.4737144410610199,0.47900694608688354,0.4829217493534088,0.48272180557250977,0.4808848798274994,0.4841161370277405,0.4923880100250244,0.4984026849269867,0.5024722814559937,0.5135196447372437,0.5283217430114746,0.5278017520904541,0.5050784945487976,0.4786580801010132,0.46365639567375183,0.44878584146499634,0.42131921648979187,0.4001713693141937,0.4196423590183258,0.4828430712223053,0.5499241352081299,0.5771842002868652,0.5589410662651062,0.5267284512519836,0.5124324560165405,0.5186501741409302,0.5256034731864929,0.5191747546195984,0.5036889910697937,0.4903411865234375,0.48438283801078796,0.4861478805541992,0.49579259753227234,0.5117830038070679,0.5283573865890503,0.5379873514175415,0.5368052124977112
0.44654181599617004,0.4502410888671875,0.44393104314804077,0.43094301223754883,0.41874605417251587,0.4107942283153534,0.40358057618141174,0.39538872241973877,0.38894087076187134,0.3851638436317444,0.38428327441215515,0.38906529545783997,0.39698708057403564,0.3988005816936493,0.39529675245285034,0.4001980125904083,0.4149126708507538,0.42054495215415955,0.40821558237075806,0.39430949091911316,0.3908112049102783,0.38528943061828613,0.3687475323677063,0.3619379997253418,0.3934182822704315,0.46283894777297974,0.5385435819625854,0.5841853022575378,0.5848098397254944,0.5573496222496033,0.5375334620475769,0.5487181544303894,0.5838313698768616,0.6198328733444214,0.6410208940505981,0.644156277179718,0.6327957510948181,0.6144965291023254,0.596696138381958,0.5815481543540955,0.5684839487075806,0.5583274364471436,0.5497915148735046
