earth/public/data/atmosphere/W07/ANN-rh-isobaric-700hPa-gfs-1.0.json
{"header": {"discipline": 0, "disciplineName": "Meteorological products", "gribEdition": 2, "gribLength": 17922.0, "center": 0, "centerName": "Kiel Climate Model", "subcenter": 0, "refTime": "1", "significanceOfRT": 1, "significanceOfRTName": "Start of forecast", "productStatus": 0, "productStatusName": "Operational products", "productType": 1, "productTypeName": "Forecast products", "productDefinitionTemplate": 0, "productDefinitionTemplateName": "Analysis/forecast at horizontal level/layer at a point in time", "parameterCategory": 2, "parameterCategoryName": "Momentum", "parameterNumber": 2, "parameterNumberName": "U-component_of_wind", "parameterUnit": "%", "genProcessType": 2, "genProcessTypeName": "Forecast", "forecastTime": 0, "surface1Type": 103, "surface1TypeName": "Specified height level above ground", "surface1Value": 10, "surface2Type": 255, "surface2TypeName": "Missing", "surface2Value": 0, "gridDefinitionTemplate": 0, "gridDefinitionTemplateName": "Latitude_Longitude", "numberPoints": 65160, "shape": 6, "shapeName": "Earth spherical with radius of 6,371,229.0 m", "gridUnits": "degrees", "resolution": 48, "winds": "true", "scanMode": 0, "nx": 128.0, "ny": 64.0, "basicAngle": 0, "subDivisions": 0, "lo1": 0.0, "la1": 87.86379883923263, "lo2": 357.1875, "la2": -87.86379883923263, "dx": 2.8125, "dy": 2.7893269472772264}, "data":
[rows 19 to 37 of 64, columns 43 to 85 of 128]
0.5634956955909729,0.5427002310752869,0.534020185470581,0.5521273016929626,0.5809937119483948,0.5997229218482971,0.6103047132492065,0.6167059540748596,0.6177272796630859,0.6251927018165588,0.6455073356628418,0.6568400263786316,0.6447123289108276,0.6305881142616272,0.6312832832336426,0.6292985677719116,0.610019862651825,0.5878731608390808,0.5769172310829163,0.570078432559967,0.5581690669059753,0.5439873933792114,0.5328139662742615,0.5246528387069702,0.5171956419944763,0.5086266398429871,0.4974803626537323,0.4836631417274475,0.4706904888153076,0.4634346067905426,0.46034741401672363,0.45336616039276123,0.44088390469551086,0.4316025376319885,0.4282023310661316,0.42016398906707764,0.4018173813819885,0.3821309208869934,0.3664771616458893,0.34542807936668396,0.31426823139190674,0.2897287905216217,0.2940007150173187
0.6405175924301147,0.605827271938324,0.580909013748169,0.5878565311431885,0.6013519763946533,0.5965065360069275,0.590451180934906,0.5961205363273621,0.6016795635223389,0.6075748205184937,0.6183828115463257,0.6158007383346558,0.5935555100440979,0.5775853991508484,0.577155590057373,0.5708960294723511,0.5539142489433289,0.5420499444007874,0.5349887609481812,0.5219088792800903,0.5059452652931213,0.4934213161468506,0.4817114472389221,0.46947914361953735,0.45815402269363403,0.4458051919937134,0.43297529220581055,0.42374134063720703,0.4167168140411377,0.40760257840156555,0.39687487483024597,0.3858882784843445,0.37462371587753296,0.3661615252494812,0.3615783751010895,0.3536017835140228,0.33713552355766296,0.3187868595123291,0.30599555373191833,0.2960524559020996,0.2843988835811615,0.275712788105011,0.2800942659378052
0.7072131037712097,0.6646528244018555,0.6281306147575378,0.6199474930763245,0.6133873462677002,0.5912948250770569,0.5819612741470337,0.5919885635375977,0.5934903025627136,0.5857080221176147,0.5834802985191345,0.5759972929954529,0.5597988367080688,0.5521904230117798,0.5462052822113037,0.5253579020500183,0.5076507329940796,0.5068657994270325,0.4989394247531891,0.4743634760379791,0.45682045817375183,0.45069974660873413,0.43831080198287964,0.4208317697048187,0.40790900588035583,0.3947540521621704,0.3809341788291931,0.3747808635234833,0.37113648653030396,0.3602466583251953,0.3486752212047577,0.34431061148643494,0.34025436639785767,0.33008885383605957,0.3186299800872803,0.3106335699558258,0.3046451807022095,0.29866352677345276,0.29300475120544434,0.2895755469799042,0.2908322215080261,0.29753926396369934,0.3090752065181732
0.7272588014602661,0.6853339672088623,0.6469501256942749,0.6309168934822083,0.6169606447219849,0.5958505272865295,0.5921400189399719,0.5988971590995789,0.5860577821731567,0.5664014220237732,0.5607502460479736,0.5531546473503113,0.541227400302887,0.5415934920310974,0.5356159210205078,0.5068150162696838,0.4865548312664032,0.48555856943130493,0.4695981442928314,0.44052043557167053,0.43181124329566956,0.4321819543838501,0.4152512550354004,0.3974781334400177,0.3939063251018524,0.3862212300300598,0.3695797026157379,0.3598038852214813,0.3543906807899475,0.3433074355125427,0.33471623063087463,0.33453765511512756,0.33245572447776794,0.32326072454452515,0.3144325911998749,0.3115709125995636,0.3134138882160187,0.31624776124954224,0.3172847032546997,0.3185993432998657,0.3251979351043701,0.33778226375579834,0.354918897151947
0.6964864134788513,0.6693497896194458,0.6416110396385193,0.6291050910949707,0.620480477809906,0.6081776022911072,0.6069028377532959,0.6060795187950134,0.587601363658905,0.5742707848548889,0.576053261756897,0.5612314939498901,0.5327782034873962,0.5230712294578552,0.5170968770980835,0.4935227930545807,0.4771690368652344,0.47189033031463623,0.4491262137889862,0.4237216114997864,0.4222865104675293,0.41774705052375793,0.39213451743125916,0.37745362520217896,0.3812674880027771,0.3744620382785797,0.35755497217178345,0.3505926728248596,0.3489631116390228,0.34418681263923645,0.34141889214515686,0.33902373909950256,0.333099365234375,0.3312879502773285,0.33656206727027893,0.34103187918663025,0.3432295322418213,0.3486393988132477,0.35777175426483154,0.3688209056854248,0.3820539712905884,0.3947789669036865,0.4059484601020813
0.6550948619842529,0.6493522524833679,0.6345540881156921,0.6285014152526855,0.627116858959198,0.618685245513916,0.6126750707626343,0.6072388291358948,0.5930303335189819,0.5880005359649658,0.5941745042800903,0.578795313835144,0.5460126996040344,0.5296504497528076,0.5208843350410461,0.5022301077842712,0.49008098244667053,0.4819437861442566,0.4586448073387146,0.43794387578964233,0.43237483501434326,0.41662147641181946,0.39230743050575256,0.38680991530418396,0.3878524601459503,0.3751274645328522,0.3663789927959442,0.3709034323692322,0.37324100732803345,0.3750033378601074,0.38260242342948914,0.3841315507888794,0.38038450479507446,0.387531042098999,0.4017457365989685,0.40910807251930237,0.41343262791633606,0.42395928502082825,0.43887701630592346,0.4540955722332001,0.47086101770401,0.48655006289482117,0.4919980764389038
0.6503285765647888,0.655937671661377,0.6447813510894775,0.6400735974311829,0.6431004405021667,0.6359162926673889,0.626618504524231,0.6245327591896057,0.6166330575942993,0.6046760082244873,0.5996525287628174,0.5928738713264465,0.5830824971199036,0.5795831680297852,0.571835458278656,0.5548398494720459,0.5436189770698547,0.5344083309173584,0.5170537233352661,0.5035473704338074,0.492919385433197,0.4730653762817383,0.4614710807800293,0.4664304554462433,0.46066293120384216,0.445553183555603,0.4491046965122223,0.4590561091899872,0.45500195026397705,0.45585936307907104,0.4696034789085388,0.47658011317253113,0.4785246253013611,0.48785820603370667,0.4971460700035095,0.5034077167510986,0.5150888562202454,0.5299809575080872,0.5415449142456055,0.5499098896980286,0.5612679719924927,0.5822901129722595,0.5981695652008057
0.679924488067627,0.6880508661270142,0.676856279373169,0.669723629951477,0.6749915480613708,0.6715106964111328,0.6629517078399658,0.6675697565078735,0.6708961129188538,0.6583415269851685,0.6446236371994019,0.6404532790184021,0.6418489813804626,0.6433456540107727,0.6384148001670837,0.6292591094970703,0.6230342388153076,0.6148245334625244,0.6049198508262634,0.6021115779876709,0.5958645343780518,0.5799074769020081,0.5751664638519287,0.5806818008422852,0.5727040767669678,0.5634148120880127,0.5718726515769958,0.5774474143981934,0.5717257261276245,0.5762844085693359,0.5873085260391235,0.5896844267845154,0.5935412645339966,0.6006145477294922,0.601031482219696,0.6057548522949219,0.619429349899292,0.6282323002815247,0.6352157592773438,0.6435806155204773,0.644541323184967,0.6539804339408875,0.6759488582611084
0.7146352529525757,0.7299334406852722,0.7220743894577026,0.7087420225143433,0.7133606672286987,0.7161646485328674,0.7063573598861694,0.7051429748535156,0.7126286029815674,0.714236855506897,0.7140474915504456,0.7146276831626892,0.7101306915283203,0.7038737535476685,0.7014909982681274,0.7032162547111511,0.7048565149307251,0.6997992396354675,0.6937927007675171,0.697433590888977,0.700804591178894,0.694320023059845,0.6905746459960938,0.6938953995704651,0.694546103477478,0.6950656175613403,0.6979417204856873,0.6986062526702881,0.7056355476379395,0.720397412776947,0.7244893908500671,0.7216709852218628,0.7300407886505127,0.7374610304832458,0.7342133522033691,0.7372824549674988,0.7420154213905334,0.7364280223846436,0.7435453534126282,0.7618221640586853,0.7530415654182434,0.7341880202293396,0.7419973015785217
0.7420220375061035,0.7675268650054932,0.7588401436805725,0.733299732208252,0.7355426549911499,0.7488877773284912,0.7445061802864075,0.7354278564453125,0.7321264147758484,0.7326256036758423,0.741340160369873,0.7513745427131653,0.7529495358467102,0.7531915903091431,0.7562668919563293,0.7584871053695679,0.7613362669944763,0.762567400932312,0.7594909071922302,0.7602380514144897,0.7669721841812134,0.7703558206558228,0.7697178721427917,0.7737141251564026,0.783077597618103,0.7872473001480103,0.7815515398979187,0.7805564403533936,0.7937227487564087,0.8027453422546387,0.7976730465888977,0.7993828654289246,0.8128752112388611,0.8167955279350281,0.8128727674484253,0.8153138160705566,0.8108780980110168,0.7967715263366699,0.8008347153663635,0.8158315420150757,0.8037377595901489,0.7790523171424866,0.7796138525009155
0.7535808682441711,0.7761908769607544,0.757552444934845,0.7205009460449219,0.7166222929954529,0.7296794652938843,0.7345759868621826,0.7400731444358826,0.7401414513587952,0.7280967235565186,0.7207252979278564,0.7224880456924438,0.7277265191078186,0.737984299659729,0.7425439953804016,0.7342991232872009,0.7306187748908997,0.7364516258239746,0.7351577877998352,0.72713702917099,0.7257452607154846,0.7277076244354248,0.7241249680519104,0.7205274105072021,0.7215529680252075,0.7170683145523071,0.7064592838287354,0.7054827809333801,0.7087810039520264,0.6978663206100464,0.6877061724662781,0.6965173482894897,0.7030617594718933,0.6953235268592834,0.6932995319366455,0.6965875029563904,0.6898820400238037,0.6830887198448181,0.6841604709625244,0.6810423135757446,0.6755994558334351,0.6804021596908569,0.6911107301712036
0.7516014575958252,0.7552793622016907,0.7290930151939392,0.69459468126297,0.6810612082481384,0.6638818383216858,0.6465246677398682,0.656274676322937,0.6694627404212952,0.6604457497596741,0.6438983678817749,0.6280840039253235,0.6150146126747131,0.6128329038619995,0.6088201999664307,0.5926368832588196,0.5817574262619019,0.5809211730957031,0.5737351179122925,0.559461236000061,0.5486980080604553,0.5406208634376526,0.5294541120529175,0.5166479349136353,0.5052607655525208,0.4927230179309845,0.4824026823043823,0.4815651476383209,0.47738218307495117,0.4607892334461212,0.4557037949562073,0.4656556248664856,0.4604467451572418,0.4484420716762543,0.4538779854774475,0.455160528421402,0.44566500186920166,0.4527460038661957,0.4606526792049408,0.44904202222824097,0.45362117886543274,0.4826691150665283,0.4959281384944916
0.7584779858589172,0.7492284178733826,0.728491485118866,0.713060736656189,0.7059968709945679,0.6671841740608215,0.61109858751297,0.5804407596588135,0.564134955406189,0.5468813180923462,0.534853458404541,0.5157132148742676,0.4864191710948944,0.4652535915374756,0.4498341381549835,0.4320000410079956,0.417482852935791,0.40295690298080444,0.38550224900245667,0.37221717834472656,0.3603770136833191,0.3464660048484802,0.3351821303367615,0.3252716362476349,0.3153570592403412,0.3073751926422119,0.3001447319984436,0.2965488135814667,0.2949657738208771,0.2886394262313843,0.2868228256702423,0.2914901673793793,0.2864857316017151,0.2822985053062439,0.2915208041667938,0.28944286704063416,0.27847927808761597,0.2891988456249237,0.3016725480556488,0.2965798079967499,0.30669087171554565,0.3312021493911743,0.33924251794815063
0.7682235240936279,0.7657858729362488,0.7518339157104492,0.7500708699226379,0.7698806524276733,0.7679007649421692,0.7325583696365356,0.6822543740272522,0.6218118667602539,0.5701424479484558,0.5409021973609924,0.5132580995559692,0.4816354513168335,0.45739856362342834,0.4333241581916809,0.410415917634964,0.39540982246398926,0.37584325671195984,0.35414960980415344,0.34310680627822876,0.3310028314590454,0.31494438648223877,0.30691635608673096,0.29910707473754883,0.28932681679725647,0.28682711720466614,0.2809438705444336,0.2708011269569397,0.2712908089160919,0.2706657946109772,0.2605201005935669,0.2585304379463196,0.261437326669693,0.2563760280609131,0.25315967202186584,0.2540150284767151,0.2530273199081421,0.25484439730644226,0.2564045786857605,0.2582050859928131,0.26968154311180115,0.2802540361881256,0.2903054356575012
0.7488663792610168,0.7514161467552185,0.7292686104774475,0.7161659002304077,0.7441328167915344,0.7883780002593994,0.8205248713493347,0.8249902725219727,0.7932640910148621,0.7442978024482727,0.6943362951278687,0.6441929936408997,0.6115307807922363,0.5963770747184753,0.5705018639564514,0.542186975479126,0.5306220054626465,0.517468273639679,0.4989263415336609,0.4878482520580292,0.4729168117046356,0.4568716287612915,0.4522889256477356,0.44078120589256287,0.422598659992218,0.4191721975803375,0.4135313928127289,0.3975076675415039,0.3952833414077759,0.39322078227996826,0.3753148019313812,0.3713308572769165,0.37716740369796753,0.3588205575942993,0.3381536900997162,0.34278231859207153,0.34679079055786133,0.33377230167388916,0.3231485188007355,0.32501420378685,0.32907357811927795,0.3284587860107422,0.3364035487174988
0.6999650001525879,0.68902587890625,0.6570736765861511,0.6310675740242004,0.6364462375640869,0.6634962558746338,0.7067718505859375,0.7601967453956604,0.8004835844039917,0.8122156262397766,0.7896065711975098,0.746812105178833,0.7242347598075867,0.7237340211868286,0.7095606327056885,0.690342128276825,0.687282919883728,0.681320071220398,0.6695247888565063,0.6649765372276306,0.6550883054733276,0.644748330116272,0.6480806469917297,0.6424332857131958,0.6265007853507996,0.6261981725692749,0.6243728995323181,0.6086283922195435,0.6048640012741089,0.603359043598175,0.5875164270401001,0.5840257406234741,0.5865074396133423,0.5649250745773315,0.545295238494873,0.5434006452560425,0.5261527895927429,0.4997894763946533,0.49224555492401123,0.48402950167655945,0.4621581733226776,0.44879937171936035,0.44436249136924744
0.6439511179924011,0.6247010231018066,0.6038782000541687,0.5924950838088989,0.5863624215126038,0.5685269832611084,0.558961808681488,0.5854305624961853,0.6371070742607117,0.6882386207580566,0.7183772325515747,0.7253860235214233,0.7333287596702576,0.7476174235343933,0.7504973411560059,0.7509440779685974,0.7578545808792114,0.7552066445350647,0.7517472505569458,0.7611343264579773,0.7628850340843201,0.757389485836029,0.7641563415527344,0.7677945494651794,0.7622833847999573,0.7666610479354858,0.7689183950424194,0.7595515251159668,0.7589796185493469,0.7601940035820007,0.7497060298919678,0.7444760799407959,0.7407088875770569,0.7281306982040405,0.7243323922157288,0.7132304310798645,0.6726375818252563,0.6476442813873291,0.6505709886550903,0.6212983131408691,0.5686376690864563,0.548332929611206,0.5331427454948425
0.6001988053321838,0.5992361903190613,0.6003191471099854,0.6069483160972595,0.6065025329589844,0.5767256021499634,0.5375627279281616,0.5224219560623169,0.5310466885566711,0.5569021701812744,0.5987355709075928,0.6431445479393005,0.677977979183197,0.6993035078048706,0.7101032733917236,0.7237191796302795,0.7385228276252747,0.7409138679504395,0.7445637583732605,0.7609483003616333,0.7687099575996399,0.765297532081604,0.7694035768508911,0.7734527587890625,0.7706339359283447,0.7722331881523132,0.7730057835578918,0.7692477703094482,0.7717209458351135,0.7726631760597229,0.7658981084823608,0.761820912361145,0.753933310508728,0.7431699633598328,0.7446718811988831,0.733687162399292,0.6995860934257507,0.6902356147766113,0.693062961101532,0.646611213684082,0.5910744667053223,0.5785688757896423,0.5504181385040283
0.5826934576034546,0.6098397970199585,0.6240954399108887,0.6249532103538513,0.6146679520606995,0.5875688195228577,0.561515748500824,0.5516269207000732,0.5395151376724243,0.5209415555000305,0.5232747197151184,0.5547515153884888,0.5921424031257629,0.6155264973640442,0.6284313797950745,0.6457188129425049,0.6661971211433411,0.6781162619590759,0.6867528557777405,0.6989671587944031,0.7062867879867554,0.7099542617797852,0.7175206542015076,0.7216498851776123,0.72068190574646,0.7219293713569641,0.721225917339325,0.7188631296157837,0.7207224369049072,0.7187786102294922,0.7142271399497986,0.7169995903968811,0.7136082053184509,0.699580729007721,0.6933925747871399,0.6869086027145386,0.6719731092453003,0.6686959862709045,0.657620370388031,0.6128231883049011,0.582952082157135,0.580237090587616,0.5341556668281555
