earth/public/data/atmosphere/W07/ANN-rh-isobaric-100hPa-gfs-1.0.json
{"header": {"discipline": 0, "disciplineName": "Meteorological products", "gribEdition": 2, "gribLength": 17922.0, "center": 0, "centerName": "Kiel Climate Model", "subcenter": 0, "refTime": "1", "significanceOfRT": 1, "significanceOfRTName": "Start of forecast", "productStatus": 0, "productStatusName": "Operational products", "productType": 1, "productTypeName": "Forecast products", "productDefinitionTemplate": 0, "productDefinitionTemplateName": "Analysis/forecast at horizontal level/layer at a point in time", "parameterCategory": 2, "parameterCategoryName": "Momentum", "parameterNumber": 2, "parameterNumberName": "U-component_of_wind", "parameterUnit": "%", "genProcessType": 2, "genProcessTypeName": "Forecast", "forecastTime": 0, "surface1Type": 103, "surface1TypeName": "Specified height level above ground", "surface1Value": 10, "surface2Type": 255, "surface2TypeName": "Missing", "surface2Value": 0, "gridDefinitionTemplate": 0, "gridDefinitionTemplateName": "Latitude_Longitude", "numberPoints": 65160, "shape": 6, "shapeName": "Earth spherical with radius of 6,371,229.0 m", "gridUnits": "degrees", "resolution": 48, "winds": "true", "scanMode": 0, "nx": 128.0, "ny": 64.0, "basicAngle": 0, "subDivisions": 0, "lo1": 0.0, "la1": 87.86379883923263, "lo2": 357.1875, "la2": -87.86379883923263, "dx": 2.8125, "dy": 2.7893269472772264}, "data":
[rows 38 to 56 of 64, columns 43 to 85 of 128]
0.8688329458236694,0.8692434430122375,0.8646668791770935,0.8579379320144653,0.8517597317695618,0.8458057641983032,0.8384861946105957,0.8292059302330017,0.8196275234222412,0.8115978240966797,0.8038623332977295,0.7951895594596863,0.7880657911300659,0.783994197845459,0.780703067779541,0.7774225473403931,0.7758283615112305,0.77554851770401,0.7750635147094727,0.7747089862823486,0.7749248147010803,0.7746636867523193,0.773038387298584,0.7702710032463074,0.7666415572166443,0.7618088126182556,0.755821704864502,0.7493928074836731,0.7422363758087158,0.7337448000907898,0.7248913049697876,0.7155507206916809,0.7032113075256348,0.6876557469367981,0.670767605304718,0.6518334150314331,0.6300415396690369,0.6069257259368896,0.5824766755104065,0.5566552877426147,0.5321338176727295,0.508763313293457,0.4846417009830475
0.7941559553146362,0.7916359901428223,0.7850399613380432,0.7758969068527222,0.7656267285346985,0.7534770369529724,0.7387819290161133,0.7237375974655151,0.7120136618614197,0.7037614583969116,0.6952846050262451,0.6859918832778931,0.6796521544456482,0.6766511797904968,0.6736531853675842,0.6710776090621948,0.6714275479316711,0.6730152368545532,0.673428475856781,0.6739598512649536,0.6755003929138184,0.6762100458145142,0.6752879619598389,0.6738059520721436,0.6719337105751038,0.6689159274101257,0.6648469567298889,0.6602448225021362,0.6548428535461426,0.6484417915344238,0.6417288780212402,0.6345855593681335,0.6254530549049377,0.6136158108711243,0.5994967818260193,0.5828258991241455,0.5633231997489929,0.5416494011878967,0.5184653401374817,0.4947662055492401,0.47161123156547546,0.44842836260795593,0.4253511428833008
0.6758304834365845,0.6725084185600281,0.6657221913337708,0.655881941318512,0.6434817314147949,0.6285279989242554,0.6112631559371948,0.5937600135803223,0.5794702768325806,0.5696079730987549,0.5621631145477295,0.5559942126274109,0.551832914352417,0.5487975478172302,0.5456327199935913,0.5440926551818848,0.545488715171814,0.5476292371749878,0.5491989850997925,0.5514746904373169,0.5540670156478882,0.5551049113273621,0.5549470782279968,0.5548363924026489,0.5542847514152527,0.5526778101921082,0.5505748987197876,0.548336923122406,0.5456772446632385,0.5424073934555054,0.5384538769721985,0.5337356925010681,0.5282288193702698,0.5214712023735046,0.5123910903930664,0.500337541103363,0.48567837476730347,0.46892493963241577,0.4503122568130493,0.4303896129131317,0.4098205864429474,0.38919490575790405,0.36971035599708557
0.5331915616989136,0.5295512080192566,0.5232251286506653,0.5144637823104858,0.5033766627311707,0.49093320965766907,0.47755688428878784,0.4629669189453125,0.44867244362831116,0.43794748187065125,0.43224257230758667,0.42959797382354736,0.4269351065158844,0.42311370372772217,0.4199047386646271,0.41935569047927856,0.42065635323524475,0.4220198094844818,0.424050897359848,0.4275374412536621,0.4307008981704712,0.4322589337825775,0.4334137737751007,0.4345914423465729,0.4346388876438141,0.43369820713996887,0.43286776542663574,0.4321792423725128,0.43148455023765564,0.4309965670108795,0.4300660789012909,0.42806005477905273,0.42566579580307007,0.4230794608592987,0.4188814163208008,0.412187397480011,0.4034859538078308,0.39292699098587036,0.3801858127117157,0.3656221628189087,0.3499829173088074,0.33403828740119934,0.31872689723968506
0.3933603763580322,0.3903864026069641,0.3862829804420471,0.38082581758499146,0.3734053671360016,0.3653174638748169,0.3574336767196655,0.34835565090179443,0.33774733543395996,0.32879719138145447,0.3243706524372101,0.32280248403549194,0.320378839969635,0.3166826665401459,0.314519464969635,0.3149873614311218,0.3161139488220215,0.3169326186180115,0.3188805878162384,0.3221159875392914,0.32479557394981384,0.3266303539276123,0.3287120759487152,0.33040016889572144,0.33064091205596924,0.3304860591888428,0.33092138171195984,0.331210196018219,0.3312978744506836,0.33212360739707947,0.3331959545612335,0.3334450125694275,0.33329981565475464,0.3331373333930969,0.33199337124824524,0.3294042944908142,0.32572653889656067,0.3204699754714966,0.3130435347557068,0.30415716767311096,0.29452791810035706,0.28402918577194214,0.27293139696121216
0.2780819535255432,0.2774028480052948,0.27649328112602234,0.27444013953208923,0.27024227380752563,0.26506876945495605,0.2604416012763977,0.25581634044647217,0.2502525746822357,0.2449253797531128,0.24155595898628235,0.23957251012325287,0.2372695505619049,0.23489739000797272,0.23410820960998535,0.23494768142700195,0.23604990541934967,0.23732805252075195,0.23965021967887878,0.24247796833515167,0.24470826983451843,0.24673667550086975,0.24899616837501526,0.25043007731437683,0.250745564699173,0.251406192779541,0.2527768909931183,0.25361156463623047,0.2539484202861786,0.25498491525650024,0.25655052065849304,0.2577997148036957,0.2589274048805237,0.2599981725215912,0.2603289783000946,0.2600070834159851,0.2594326436519623,0.2577332854270935,0.25419673323631287,0.24974848330020905,0.24497090280056,0.2390655279159546,0.23203802108764648
0.19565726816654205,0.19670294225215912,0.19721204042434692,0.1966497153043747,0.19461877644062042,0.19168823957443237,0.188888818025589,0.18657635152339935,0.1844138652086258,0.18222659826278687,0.1801939457654953,0.1784111112356186,0.17693649232387543,0.17608782649040222,0.17607708275318146,0.17666029930114746,0.1777506172657013,0.17977778613567352,0.18271352350711823,0.18564863502979279,0.18808865547180176,0.1904224306344986,0.19253748655319214,0.19372747838497162,0.19433265924453735,0.19538429379463196,0.19667232036590576,0.197368785738945,0.19788780808448792,0.1989767849445343,0.20024345815181732,0.2013363540172577,0.20274096727371216,0.20431450009346008,0.2052513211965561,0.20575667917728424,0.20639082789421082,0.20645509660243988,0.20530375838279724,0.2037145048379898,0.20206725597381592,0.19942112267017365,0.19574548304080963
0.13998982310295105,0.14102131128311157,0.14138682186603546,0.14144545793533325,0.14145824313163757,0.14107771217823029,0.14000362157821655,0.13866421580314636,0.13768969476222992,0.1370622217655182,0.13634689152240753,0.13553014397621155,0.13505996763706207,0.1351480334997177,0.13557122647762299,0.13626828789710999,0.13765187561511993,0.14000123739242554,0.14288665354251862,0.1456412374973297,0.1480846107006073,0.15026263892650604,0.15194664895534515,0.1531074047088623,0.15425819158554077,0.15555201470851898,0.1564219892024994,0.15683913230895996,0.15763737261295319,0.15893448889255524,0.1598747968673706,0.16041792929172516,0.16144677996635437,0.16290384531021118,0.16389839351177216,0.1644819974899292,0.1652652472257614,0.16592659056186676,0.16599442064762115,0.16597115993499756,0.16608715057373047,0.1655278354883194,0.16413195431232452
0.10263576358556747,0.10343300551176071,0.10398813337087631,0.10469678789377213,0.105836883187294,0.10679349303245544,0.10682602971792221,0.10621868073940277,0.10587774217128754,0.10607176274061203,0.10632402449846268,0.10636302083730698,0.10645583271980286,0.10687065124511719,0.10762766003608704,0.10879507660865784,0.11051462590694427,0.11267707496881485,0.1149636059999466,0.1172041967511177,0.11931828409433365,0.12103311717510223,0.12220747768878937,0.1233007162809372,0.12479192018508911,0.12627820670604706,0.12707245349884033,0.12750224769115448,0.12842926383018494,0.12968018651008606,0.13037428259849548,0.13060621917247772,0.13123652338981628,0.13225741684436798,0.13296090066432953,0.13339635729789734,0.13411027193069458,0.1349298655986786,0.1354178786277771,0.13585634529590607,0.136550635099411,0.13704010844230652,0.13703055679798126
0.07955339550971985,0.0804666131734848,0.08139530569314957,0.08218656480312347,0.08295546472072601,0.08366098999977112,0.0841606855392456,0.08459991961717606,0.0852762833237648,0.0861603319644928,0.08693598955869675,0.08747400343418121,0.08795391768217087,0.08858395367860794,0.08947578817605972,0.09070448577404022,0.09224091470241547,0.09392014145851135,0.09566348791122437,0.0975412130355835,0.0994267612695694,0.10091200470924377,0.10189138352870941,0.10286860913038254,0.10422855615615845,0.10557796061038971,0.106385737657547,0.1068800538778305,0.10758788138628006,0.10837288200855255,0.10878264904022217,0.108989417552948,0.10946132242679596,0.11004091799259186,0.11030177026987076,0.11046759784221649,0.11102002114057541,0.11176612973213196,0.11222611367702484,0.11255581676959991,0.11321046948432922,0.11409793794155121,0.11485658586025238
0.06666667014360428,0.06734795868396759,0.06819979846477509,0.06885619461536407,0.06934201717376709,0.06999281048774719,0.07103386521339417,0.07235651463270187,0.07364605367183685,0.07468169927597046,0.07552815228700638,0.07641332596540451,0.07742604613304138,0.07844401150941849,0.07938452810049057,0.08036065101623535,0.08150660991668701,0.08280998468399048,0.08421533554792404,0.08571132272481918,0.08718492090702057,0.08840246498584747,0.08930936455726624,0.09015800058841705,0.0911351814866066,0.09207363426685333,0.09275515377521515,0.09325499832630157,0.09371720999479294,0.09405530989170074,0.09420067816972733,0.09437057375907898,0.09470921754837036,0.09495794773101807,0.09490328282117844,0.0948544591665268,0.09519168734550476,0.09573265165090561,0.09607797861099243,0.0963430404663086,0.09697256237268448,0.09799103438854218,0.09899478405714035
0.06081419810652733,0.061178915202617645,0.06195946782827377,0.06289125978946686,0.06384392082691193,0.06495364010334015,0.06631786376237869,0.06773779541254044,0.0689002126455307,0.06977342814207077,0.0706753209233284,0.07188843190670013,0.0733003318309784,0.07454989105463028,0.07549045979976654,0.07635024935007095,0.07740405946969986,0.07863618433475494,0.07981786131858826,0.0808064341545105,0.08164318650960922,0.0824199914932251,0.08316514641046524,0.08384625613689423,0.08441263437271118,0.0848538875579834,0.08523985743522644,0.085637167096138,0.0859735831618309,0.08610457926988602,0.08605685085058212,0.08604000508785248,0.08613921701908112,0.08619390428066254,0.08611840009689331,0.08612073957920074,0.08639637380838394,0.08679711818695068,0.08708391338586807,0.08736730366945267,0.08797188103199005,0.08891573548316956,0.08985275030136108
0.06175887584686279,0.06222989037632942,0.0631156787276268,0.06422422081232071,0.06535737961530685,0.06649564951658249,0.06769616901874542,0.06892252713441849,0.07008497416973114,0.071214459836483,0.07245998084545135,0.07386253029108047,0.07522480934858322,0.07630803436040878,0.0771353542804718,0.0779840424656868,0.07904617488384247,0.08018369972705841,0.08109227567911148,0.08165905624628067,0.08207137882709503,0.08256816118955612,0.08315970748662949,0.08363532274961472,0.08382125943899155,0.08378342539072037,0.08374873548746109,0.08384312689304352,0.08396096527576447,0.0839274600148201,0.08373629301786423,0.08354488760232925,0.08345437049865723,0.08341860771179199,0.08339962363243103,0.08348078280687332,0.08373306691646576,0.08406738936901093,0.08435806632041931,0.08466309309005737,0.08517590165138245,0.08596087247133255,0.08686812967061996
0.0690956711769104,0.06980094313621521,0.07071992754936218,0.07171504944562912,0.07270192354917526,0.07373705506324768,0.07493323087692261,0.07631557434797287,0.07779091596603394,0.07923837751150131,0.08058233559131622,0.08177433162927628,0.08277220278978348,0.08358713239431381,0.0843297690153122,0.08513131737709045,0.08599089831113815,0.08674068003892899,0.08721345663070679,0.08743450045585632,0.08760549128055573,0.08788134157657623,0.08819790929555893,0.08834782242774963,0.0882176011800766,0.08791310340166092,0.08763844519853592,0.08747977763414383,0.0873480960726738,0.08713366091251373,0.08686289936304092,0.0866590067744255,0.08657975494861603,0.08656108379364014,0.08653538674116135,0.08654621243476868,0.08669783920049667,0.08702294528484344,0.08745452761650085,0.08792679756879807,0.08845845609903336,0.08912792801856995,0.08999823033809662
0.08339716494083405,0.08413838595151901,0.08500918000936508,0.08594956994056702,0.0869678258895874,0.08812090009450912,0.08943304419517517,0.09082435816526413,0.09213681519031525,0.09323762357234955,0.09410173445940018,0.09480420500040054,0.09544375538825989,0.0960761308670044,0.09669055789709091,0.09722566604614258,0.0976032018661499,0.09777745604515076,0.09777691960334778,0.09769424796104431,0.09761208295822144,0.0975271612405777,0.0973593145608902,0.09705299884080887,0.0966595783829689,0.09630323946475983,0.09605343639850616,0.09584902971982956,0.09557176381349564,0.09519758820533752,0.09484990686178207,0.09468391537666321,0.09472513943910599,0.09484563022851944,0.09491241723299026,0.09494199603796005,0.09509334713220596,0.09550733119249344,0.09616588801145554,0.09690619260072708,0.09757339954376221,0.09816181659698486,0.09882225096225739
0.10671760141849518,0.10725165903568268,0.10788347572088242,0.10860206931829453,0.10940350592136383,0.11026068031787872,0.11110027134418488,0.11181998997926712,0.1123468428850174,0.11269059032201767,0.11294162273406982,0.11319966614246368,0.11348831653594971,0.11372645944356918,0.11378472298383713,0.11358565092086792,0.11316771805286407,0.11266513168811798,0.11221521347761154,0.11186031252145767,0.1115218922495842,0.11107023060321808,0.11044542491436005,0.10972738265991211,0.10908897966146469,0.1086580902338028,0.10840582102537155,0.10816970467567444,0.10780294984579086,0.10732048749923706,0.10690091550350189,0.10673561692237854,0.10686490684747696,0.10715296119451523,0.10742633789777756,0.10764261335134506,0.10792707651853561,0.1084483191370964,0.10925322026014328,0.11021158844232559,0.1111220270395279,0.1118793711066246,0.1125597208738327
0.13904762268066406,0.13903804123401642,0.13904975354671478,0.13907848298549652,0.13908955454826355,0.1390186995267868,0.13879936933517456,0.13840505480766296,0.13787734508514404,0.13731101155281067,0.13679446280002594,0.1363401859998703,0.1358570009469986,0.13519644737243652,0.1342533528804779,0.13305231928825378,0.13175375759601593,0.13056576251983643,0.12961634993553162,0.12887553870677948,0.12818950414657593,0.12739937007427216,0.12646831572055817,0.12551192939281464,0.12471137195825577,0.12417587637901306,0.12386060506105423,0.12361298501491547,0.12330601364374161,0.1229500025510788,0.12268821150064468,0.12267986685037613,0.12297002226114273,0.12345670908689499,0.12398047000169754,0.12445734441280365,0.12494298815727234,0.12558022141456604,0.12647676467895508,0.12762126326560974,0.12889525294303894,0.13016566634178162,0.13137470185756683
0.1789884716272354,0.17799706757068634,0.17694707214832306,0.1758255511522293,0.17458270490169525,0.17315362393856049,0.1714974194765091,0.16963127255439758,0.16763420403003693,0.165615051984787,0.1636563241481781,0.16177338361740112,0.15991385281085968,0.15800510346889496,0.15601897239685059,0.15401192009449005,0.15210510790348053,0.15041868388652802,0.14899799227714539,0.14778947830200195,0.14668120443820953,0.14558613300323486,0.1445062905550003,0.14353281259536743,0.1427813321352005,0.14230722188949585,0.1420689970254898,0.1419629454612732,0.14190512895584106,0.1418958604335785,0.14201757311820984,0.1423686146736145,0.1429823786020279,0.1437983363866806,0.1447005718946457,0.14559897780418396,0.14648739993572235,0.1474427878856659,0.14856985211372375,0.1499309241771698,0.151511088013649,0.1532331109046936,0.1550007313489914
0.22242853045463562,0.220102459192276,0.21759718656539917,0.21490855515003204,0.21201033890247345,0.20887179672718048,0.20548634231090546,0.20189376175403595,0.1981811821460724,0.1944631189107895,0.19084860384464264,0.1874135136604309,0.18419255316257477,0.18119196593761444,0.1784110963344574,0.17585867643356323,0.17355158925056458,0.1715000867843628,0.16969524323940277,0.16810961067676544,0.16671577095985413,0.16550950706005096,0.16451740264892578,0.16378231346607208,0.16333042085170746,0.1631448119878769,0.1631636917591095,0.16331100463867188,0.16353940963745117,0.1638593077659607,0.16433249413967133,0.16503599286079407,0.16601315140724182,0.16724762320518494,0.16866973042488098,0.17019449174404144,0.17176111042499542,0.17335569858551025,0.17500485479831696,0.17674881219863892,0.17861413955688477,0.180597722530365,0.18266992270946503
