earth/public/data/atmosphere/W07/ANN-rh-surface-level-gfs-1.0.json
{"header": {"discipline": 0, "disciplineName": "Meteorological products", "gribEdition": 2, "gribLength": 17922.0, "center": 0, "centerName": "Kiel Climate Model", "subcenter": 0, "refTime": "1", "significanceOfRT": 1, "significanceOfRTName": "Start of forecast", "productStatus": 0, "productStatusName": "Operational products", "productType": 1, "productTypeName": "Forecast products", "productDefinitionTemplate": 0, "productDefinitionTemplateName": "Analysis/forecast at horizontal level/layer at a point in time", "parameterCategory": 2, "parameterCategoryName": "Momentum", "parameterNumber": 2, "parameterNumberName": "U-component_of_wind", "parameterUnit": "%", "genProcessType": 2, "genProcessTypeName": "Forecast", "forecastTime": 0, "surface1Type": 103, "surface1TypeName": "Specified height level above ground", "surface1Value": 10, "surface2Type": 255, "surface2TypeName": "Missing", "surface2Value": 0, "gridDefinitionTemplate": 0, "gridDefinitionTemplateName": "Latitude_Longitude", "numberPoints": 65160, "shape": 6, "shapeName": "Earth spherical with radius of 6,371,229.0 m", "gridUnits": "degrees", "resolution": 48, "winds": "true", "scanMode": 0, "nx": 128.0, "ny": 64.0, "basicAngle": 0, "subDivisions": 0, "lo1": 0.0, "la1": 87.86379883923263, "lo2": 357.1875, "la2": -87.86379883923263, "dx": 2.8125, "dy": 2.7893269472772264}, "data":
[rows 0 to 18 of 64, columns 43 to 85 of 128]
0.9286196231842041,0.9287856221199036,0.9289575815200806,0.9291324019432068,0.9293074011802673,0.929479718208313,0.9296457767486572,0.9298027157783508,0.9299471378326416,0.9300763607025146,0.930187463760376,0.9302782416343689,0.9303469061851501,0.9303914904594421,0.9304112195968628,0.9304054975509644,0.9303743839263916,0.9303185343742371,0.9302387833595276,0.9301368594169617,0.930014431476593,0.9298739433288574,0.9297177195549011,0.9295485615730286,0.9293693900108337,0.9291825294494629,0.9289907813072205,0.9287964105606079,0.928601861000061,0.9284083247184753,0.9282174110412598,0.9280301928520203,0.9278466105461121,0.9276667833328247,0.927490234375,0.9273159503936768,0.9271420240402222,0.9269670248031616,0.9267888069152832,0.9266049861907959,0.9264130592346191,0.9262105822563171,0.9259950518608093
0.9176034927368164,0.9180721640586853,0.9186820983886719,0.9194206595420837,0.9202682971954346,0.9211999773979187,0.9221845269203186,0.9231874346733093,0.9241727590560913,0.9251044988632202,0.9259475469589233,0.9266709089279175,0.9272478222846985,0.9276579022407532,0.9278876781463623,0.927930474281311,0.9277872443199158,0.9274663329124451,0.9269832968711853,0.926359236240387,0.925620436668396,0.9247974157333374,0.9239232540130615,0.9230321645736694,0.922158420085907,0.9213346838951111,0.9205912351608276,0.9199541807174683,0.9194449782371521,0.9190797805786133,0.9188685417175293,0.9188154935836792,0.9189180135726929,0.9191682934761047,0.9195534586906433,0.9200546741485596,0.920650064945221,0.9213136434555054,0.922017514705658,0.9227311015129089,0.9234228134155273,0.9240603446960449,0.9246108531951904
0.9113451838493347,0.910734236240387,0.9105792045593262,0.9108737111091614,0.9115778207778931,0.9126235246658325,0.9139216542243958,0.9153721928596497,0.9168714284896851,0.9183211922645569,0.9196361899375916,0.9207471013069153,0.9216035008430481,0.9221747517585754,0.922448456287384,0.9224279522895813,0.9221304655075073,0.9215829968452454,0.9208213686943054,0.9198864102363586,0.9188241362571716,0.9176832437515259,0.9165151715278625,0.9153720736503601,0.9143056273460388,0.9133651852607727,0.9125957489013672,0.9120352268218994,0.911711573600769,0.9116411209106445,0.911827802658081,0.9122608304023743,0.9129180312156677,0.9137657284736633,0.9147629737854004,0.9158650636672974,0.9170265793800354,0.9182056784629822,0.9193676114082336,0.9204840064048767,0.9215348958969116,0.9225053191184998,0.9233829379081726
0.9179865717887878,0.9166520237922668,0.9160200953483582,0.9160324931144714,0.9165491461753845,0.9173784255981445,0.918312132358551,0.9191585779190063,0.9197675585746765,0.9200482368469238,0.9199738502502441,0.9195781946182251,0.9189420342445374,0.9181776642799377,0.9174075126647949,0.9167469143867493,0.9162870645523071,0.9160848259925842,0.9161574244499207,0.9164839386940002,0.9170127511024475,0.9176725745201111,0.9183865189552307,0.9190844893455505,0.9197138547897339,0.9202467799186707,0.920680046081543,0.9210324883460999,0.9213371872901917,0.9216311573982239,0.9219459295272827,0.922298014163971,0.92268306016922,0.9230746626853943,0.9234273433685303,0.9236831665039062,0.9237830638885498,0.9236782193183899,0.923342227935791,0.9227800965309143,0.9220338463783264,0.9211808443069458,0.9203274846076965
0.9151594638824463,0.9157306551933289,0.9171997308731079,0.919227123260498,0.9213932752609253,0.9232931137084961,0.9246114492416382,0.9251669049263,0.9249176383018494,0.92393958568573,0.9223898649215698,0.9204685688018799,0.9183895587921143,0.9163627028465271,0.9145833253860474,0.9132232069969177,0.9124204516410828,0.9122614860534668,0.9127692580223083,0.9138915538787842,0.9155042767524719,0.9174274802207947,0.9194507002830505,0.9213642477989197,0.9229900240898132,0.9242026805877686,0.924943745136261,0.9252210855484009,0.9251028299331665,0.9247013926506042,0.9241549372673035,0.9236065745353699,0.9231812357902527,0.922968864440918,0.9230082631111145,0.9232823848724365,0.9237205982208252,0.9242119789123535,0.9246256351470947,0.9248372316360474,0.9247557520866394,0.9243475794792175,0.9236507415771484
0.9063134789466858,0.9082722067832947,0.9106422066688538,0.9126320481300354,0.9136093258857727,0.9132882356643677,0.9118112921714783,0.9096830487251282,0.9075873494148254,0.906146764755249,0.9057219624519348,0.9063159227371216,0.907616376876831,0.9091443419456482,0.9104434251785278,0.9112306237220764,0.9114611148834229,0.9112927317619324,0.9109864234924316,0.910792887210846,0.9108695983886719,0.9112541079521179,0.9118840098381042,0.9126423597335815,0.9134023189544678,0.9140509963035583,0.9144983887672424,0.9146748185157776,0.9145362377166748,0.9140754342079163,0.9133413434028625,0.9124517440795898,0.9115901589393616,0.9109817743301392,0.9108513593673706,0.9113747477531433,0.9126350283622742,0.9145973324775696,0.9171035885810852,0.9198939800262451,0.9226483702659607,0.9250413775444031,0.9267996549606323
0.9191524386405945,0.9206398725509644,0.9215404987335205,0.9205960035324097,0.9168585538864136,0.9101467728614807,0.9013032913208008,0.8920702934265137,0.8845754861831665,0.8806090950965881,0.8809943199157715,0.8853278160095215,0.8921924233436584,0.899728536605835,0.9062972068786621,0.9109550714492798,0.9135758280754089,0.914638102054596,0.9148404002189636,0.9147484302520752,0.9146261811256409,0.9144748449325562,0.9142026901245117,0.9137997031211853,0.9134114980697632,0.9132872223854065,0.9136421084403992,0.9145227670669556,0.9157437682151794,0.9169308543205261,0.9176454544067383,0.917535126209259,0.9164553284645081,0.9145193696022034,0.9120745062828064,0.9096149206161499,0.9076663255691528,0.9066649675369263,0.906856894493103,0.9082379341125488,0.9105467200279236,0.9133267998695374,0.9160457253456116
0.9273492693901062,0.9285070300102234,0.9314666390419006,0.9346749782562256,0.935723066329956,0.9325652718544006,0.9247598648071289,0.9139729142189026,0.9033753275871277,0.8962205052375793,0.894374668598175,0.8975816965103149,0.903810441493988,0.9104033708572388,0.9153508543968201,0.918034017086029,0.9191441535949707,0.9199679493904114,0.9215067625045776,0.9239174723625183,0.9265009760856628,0.9281681180000305,0.928075909614563,0.9260958433151245,0.9229019284248352,0.9196820855140686,0.91763836145401,0.9175164103507996,0.9193451404571533,0.9224514961242676,0.9257049560546875,0.9278805255889893,0.9280158281326294,0.9256657361984253,0.9209989309310913,0.9147351980209351,0.9079593420028687,0.9018730521202087,0.8975356817245483,0.8956313729286194,0.8962962031364441,0.8990567922592163,0.9029534459114075
0.903963565826416,0.9021828174591064,0.9077450037002563,0.919762134552002,0.9339572787284851,0.94487065076828,0.9488591551780701,0.945986270904541,0.9396201968193054,0.934110701084137,0.9321532845497131,0.9335277080535889,0.9358031153678894,0.9362753033638,0.9337377548217773,0.9290524125099182,0.9244073033332825,0.9219300150871277,0.9225272536277771,0.9255070090293884,0.9290235042572021,0.931002676486969,0.9300686120986938,0.926075279712677,0.9200845956802368,0.9138909578323364,0.9093517661094666,0.9077931046485901,0.9096444845199585,0.9143369197845459,0.9204520583152771,0.9261078238487244,0.9295186996459961,0.9295528531074524,0.9260375499725342,0.9196609258651733,0.9115671515464783,0.902955949306488,0.8949459791183472,0.8886743187904358,0.8853239417076111,0.8857907056808472,0.8900631666183472
0.8959640264511108,0.890880286693573,0.8922674655914307,0.9011003971099854,0.9137933850288391,0.9243819117546082,0.9286420345306396,0.9269644618034363,0.9236683249473572,0.923384428024292,0.9275258779525757,0.9335849285125732,0.9374586343765259,0.9365986585617065,0.9315286874771118,0.9249920845031738,0.9199038743972778,0.9177845120429993,0.9184673428535461,0.9207410216331482,0.923163652420044,0.9245988130569458,0.9244509935379028,0.9227020144462585,0.9197940230369568,0.9164281487464905,0.913409948348999,0.9116053581237793,0.9118464589118958,0.9145774245262146,0.9193437099456787,0.9246312975883484,0.9284908771514893,0.929701566696167,0.9285145998001099,0.9261364936828613,0.9231724739074707,0.9183961153030396,0.9092443585395813,0.8940961956977844,0.8747097253799438,0.8566581606864929,0.8468637466430664
0.9244626760482788,0.9253398180007935,0.9232938885688782,0.9207868576049805,0.9173659682273865,0.9102001190185547,0.8982939124107361,0.8856618404388428,0.8793313503265381,0.8835048079490662,0.8955499529838562,0.9078723192214966,0.9139399528503418,0.9128941297531128,0.9089853763580322,0.9071674346923828,0.9092790484428406,0.9137672781944275,0.9181317687034607,0.921178936958313,0.9232929944992065,0.9253168106079102,0.9276295304298401,0.9300794005393982,0.9322373867034912,0.9334349632263184,0.9328667521476746,0.9302218556404114,0.9264265894889832,0.9233957529067993,0.9224708080291748,0.9229162931442261,0.9223760366439819,0.9194473624229431,0.9159812331199646,0.9162262082099915,0.9225820899009705,0.93133145570755,0.9326933026313782,0.9164817333221436,0.8799416422843933,0.8319798111915588,0.7901022434234619
0.9341545104980469,0.9446375370025635,0.9467763304710388,0.9435485005378723,0.9359441995620728,0.9215664863586426,0.9005657434463501,0.8806247711181641,0.872907280921936,0.8818848729133606,0.9001044034957886,0.9141703248023987,0.9161827564239502,0.9093666672706604,0.9032289981842041,0.9042140245437622,0.9111319184303284,0.9184116721153259,0.9222494959831238,0.9231792688369751,0.9237186312675476,0.924996554851532,0.9262408018112183,0.9267958402633667,0.9273890852928162,0.9288961887359619,0.930496871471405,0.9301096200942993,0.9270129799842834,0.9233396649360657,0.9219735860824585,0.922724723815918,0.9214520454406738,0.9142221212387085,0.9028743505477905,0.8957630395889282,0.9013897776603699,0.9196672439575195,0.9386652708053589,0.9406161904335022,0.9134007692337036,0.8594620823860168,0.796153724193573
0.8951863050460815,0.9077915549278259,0.915349006652832,0.9218719005584717,0.9266501069068909,0.9220367670059204,0.9047138690948486,0.8850065469741821,0.8797035217285156,0.8949386477470398,0.9190459251403809,0.9338986873626709,0.9320176243782043,0.9213721752166748,0.9147705435752869,0.9169429540634155,0.9223936796188354,0.9237204790115356,0.9197202920913696,0.915099561214447,0.9139251708984375,0.9151005744934082,0.9145867824554443,0.9109935164451599,0.9076682925224304,0.9088736772537231,0.9146624803543091,0.9205968976020813,0.922788679599762,0.922389805316925,0.9240278601646423,0.9296138286590576,0.9346109628677368,0.9316509366035461,0.9184421896934509,0.9018250107765198,0.8933023810386658,0.8997401595115662,0.9173969626426697,0.9337389469146729,0.934476375579834,0.9105714559555054,0.8626064658164978
0.830532968044281,0.8488451242446899,0.86394202709198,0.8808470368385315,0.8972405791282654,0.9006488919258118,0.8855316638946533,0.8661424517631531,0.8644135594367981,0.8860103487968445,0.9141941666603088,0.928421676158905,0.9246814846992493,0.9153693914413452,0.9127517938613892,0.9168825149536133,0.9193413257598877,0.914828896522522,0.9065880179405212,0.9015614986419678,0.9026254415512085,0.9064165353775024,0.9079011678695679,0.9060012698173523,0.9044287204742432,0.90730220079422,0.9144023656845093,0.9210953116416931,0.9230005741119385,0.92049241065979,0.9183065891265869,0.9206476211547852,0.9267722964286804,0.9314314126968384,0.9295802712440491,0.9206281900405884,0.9084396958351135,0.8981408476829529,0.8936095237731934,0.8966345191001892,0.9048188328742981,0.9080098271369934,0.89003986120224
0.7742543816566467,0.8085147738456726,0.834791898727417,0.8582093119621277,0.8784962296485901,0.8839627504348755,0.8703616261482239,0.8548223972320557,0.8595911264419556,0.885517954826355,0.9113168716430664,0.9187724590301514,0.9106627702713013,0.9020048975944519,0.9007840752601624,0.902604341506958,0.9009233713150024,0.8961228728294373,0.8931939005851746,0.8943732380867004,0.8971757888793945,0.8986918926239014,0.8991537094116211,0.9006235599517822,0.9037688374519348,0.907209038734436,0.9095357060432434,0.9107547402381897,0.9113630652427673,0.9108211994171143,0.9080623388290405,0.9037256240844727,0.9008551836013794,0.90232253074646,0.9076687693595886,0.9129624366760254,0.9132995009422302,0.9053642153739929,0.8897812962532043,0.8729895353317261,0.863772451877594,0.861921489238739,0.8505125045776367
0.7602840065956116,0.7998815774917603,0.8249151110649109,0.8435372710227966,0.8628434538841248,0.873958170413971,0.8692340850830078,0.8609176278114319,0.8674951195716858,0.8880956172943115,0.9042957425117493,0.904903769493103,0.8970550894737244,0.8921460509300232,0.8910132050514221,0.8875489234924316,0.8808723092079163,0.8773291110992432,0.8810515403747559,0.8874863386154175,0.8889298439025879,0.8843949437141418,0.8805953860282898,0.8830468058586121,0.8892072439193726,0.8922528624534607,0.8901229500770569,0.8883098363876343,0.8930197954177856,0.9030354022979736,0.9103618264198303,0.9092302918434143,0.9023331999778748,0.8966001272201538,0.8950837850570679,0.8960358500480652,0.8976895213127136,0.8985558748245239,0.8937551975250244,0.8782131671905518,0.8549619317054749,0.8316768407821655,0.8044069409370422
0.7781493663787842,0.8060123920440674,0.8152034878730774,0.8202623724937439,0.8390262126922607,0.8622251749038696,0.8691738843917847,0.8604268431663513,0.8539523482322693,0.8575169444084167,0.8632710576057434,0.8649431467056274,0.8651748895645142,0.8668203949928284,0.8675511479377747,0.8645952343940735,0.8597608804702759,0.8580556511878967,0.8621340990066528,0.8687335848808289,0.8720624446868896,0.871046245098114,0.8706762790679932,0.8750172853469849,0.8816020488739014,0.8847951889038086,0.8831213712692261,0.8812373280525208,0.8845750689506531,0.8929412961006165,0.9007467031478882,0.9041174650192261,0.9051862955093384,0.9064705967903137,0.9044252038002014,0.8952270150184631,0.8850336074829102,0.8842716217041016,0.889299213886261,0.8805334568023682,0.8455685377120972,0.7948675751686096,0.7446110248565674
0.7763208746910095,0.7989604473114014,0.8023843169212341,0.8016903400421143,0.823052167892456,0.8552573919296265,0.8654451966285706,0.8482720255851746,0.8276827335357666,0.8209452033042908,0.825569748878479,0.8328518271446228,0.8366712331771851,0.8352754712104797,0.8333842754364014,0.8367162942886353,0.8430503010749817,0.8460961580276489,0.8460361361503601,0.8482608795166016,0.8545322418212891,0.8619855642318726,0.8681309223175049,0.8724488615989685,0.8754513263702393,0.878322958946228,0.8814451098442078,0.8831275701522827,0.8817044496536255,0.8779452443122864,0.8743074536323547,0.8738849759101868,0.8796723484992981,0.8902956247329712,0.8971449732780457,0.8929981589317322,0.8837892413139343,0.8819085955619812,0.8841744065284729,0.8666529655456543,0.8096374273300171,0.722673773765564,0.6373852491378784
0.7608503699302673,0.7911028861999512,0.8016036748886108,0.8011983633041382,0.8192144632339478,0.8438514471054077,0.8424347043037415,0.8189481496810913,0.8037959337234497,0.8075851202011108,0.8195755481719971,0.8300246596336365,0.8323643803596497,0.8246682286262512,0.818264365196228,0.8252836465835571,0.8391605019569397,0.8452961444854736,0.8431301712989807,0.8422715663909912,0.8462993502616882,0.851802408695221,0.8553804755210876,0.8555870652198792,0.8541964888572693,0.8564009070396423,0.8643367886543274,0.8726984858512878,0.8755465745925903,0.8737102746963501,0.8715545535087585,0.8710235953330994,0.8721672296524048,0.8748849630355835,0.8778243064880371,0.8798844218254089,0.8828831911087036,0.8869420886039734,0.8833085298538208,0.8569850325584412,0.7959346771240234,0.6976813673973083,0.5778617858886719
