earth/public/data/atmosphere/W07/ANN-wind-isobaric-250hPa-gfs-1.0.json
{"header": {"discipline": 0, "disciplineName": "Meteorological products", "gribEdition": 2, "gribLength": 17922.0, "center": 0, "centerName": "Kiel Climate Model", "subcenter": 0, "refTime": "1", "significanceOfRT": 1, "significanceOfRTName": "Start of forecast", "productStatus": 0, "productStatusName": "Operational products", "productType": 1, "productTypeName": "Forecast products", "productDefinitionTemplate": 0, "productDefinitionTemplateName": "Analysis/forecast at horizontal level/layer at a point in time", "parameterCategory": 2, "parameterCategoryName": "Momentum", "parameterNumber": 2, "parameterNumberName": "V-component_of_wind", "parameterUnit": "m/s", "genProcessType": 2, "genProcessTypeName": "Forecast", "forecastTime": 0, "surface1Type": 103, "surface1TypeName": "Specified height level above ground", "surface1Value": 10, "surface2Type": 255, "surface2TypeName": "Missing", "surface2Value": 0, "gridDefinitionTemplate": 0, "gridDefinitionTemplateName": "Latitude_Longitude", "numberPoints": 65160, "shape": 6, "shapeName": "Earth spherical with radius of 6,371,229.0 m", "gridUnits": "degrees", "resolution": 48, "winds": "true", "scanMode": 0, "nx": 128.0, "ny": 64.0, "basicAngle": 0, "subDivisions": 0, "lo1": 0.0, "la1": 87.86379883923263, "lo2": 357.1875, "la2": -87.86379883923263, "dx": 2.8125, "dy": 2.7893269472772264}, "data":
[rows 0 to 18 of 64, columns 0 to 42 of 128]
1.2633618116378784,1.1442782878875732,1.0227656364440918,0.8994908928871155,0.7751156091690063,0.6503094434738159,0.5257111191749573,0.4019637405872345,0.27966806292533875,0.1594083160161972,0.04174521937966347,-0.07279937714338303,-0.1837346851825714,-0.290605366230011,-0.3930056691169739,-0.49056604504585266,-0.5829612016677856,-0.6699265837669373,-0.7512242794036865,-0.8266856074333191,-0.8961654901504517,-0.9596041440963745,-1.0169540643692017,-1.0682439804077148,-1.1135376691818237,-1.1529333591461182,-1.1865803003311157,-1.2146753072738647,-1.237433671951294,-1.255110263824463,-1.2680004835128784,-1.2764211893081665,-1.2806789875030518,-1.28114652633667,-1.2781903743743896,-1.272178053855896,-1.2634891271591187,-1.252503752708435,-1.2396068572998047,-1.2251718044281006,-1.2095669507980347,-1.1931277513504028,-1.1762157678604126
1.0269243717193604,0.8434037566184998,0.6596649885177612,0.47671014070510864,0.2955707609653473,0.11724903434515,-0.0572446808218956,-0.22694602608680725,-0.3909028172492981,-0.5481561422348022,-0.6978552937507629,-0.839142918586731,-0.9712461829185486,-1.0934895277023315,-1.205237865447998,-1.3060137033462524,-1.39539635181427,-1.4730907678604126,-1.538966417312622,-1.5929296016693115,-1.635061264038086,-1.6655575037002563,-1.6846944093704224,-1.6928834915161133,-1.690612554550171,-1.6784659624099731,-1.6571075916290283,-1.6272772550582886,-1.589759111404419,-1.5453829765319824,-1.4950212240219116,-1.4395660161972046,-1.3799083232879639,-1.3169283866882324,-1.2515233755111694,-1.184516429901123,-1.1167466640472412,-1.048976182937622,-0.9819394946098328,-0.9163397550582886,-0.8528069853782654,-0.7919360995292664,-0.7342824339866638
0.6888548731803894,0.46428462862968445,0.24166816473007202,0.02191002480685711,-0.19400502741336823,-0.40492069721221924,-0.6096287965774536,-0.8067799210548401,-0.9949753880500793,-1.172766923904419,-1.338737964630127,-1.4915446043014526,-1.6299569606781006,-1.7528865337371826,-1.8595240116119385,-1.949221134185791,-2.02160906791687,-2.0765414237976074,-2.114112138748169,-2.134603261947632,-2.1385011672973633,-2.1264078617095947,-2.099090814590454,-2.0574004650115967,-2.002324104309082,-1.9349182844161987,-1.8563491106033325,-1.7678782939910889,-1.6708564758300781,-1.5667104721069336,-1.456931233406067,-1.343007206916809,-1.2264516353607178,-1.1087089776992798,-0.9911462664604187,-0.8750270009040833,-0.7614662647247314,-0.6514242887496948,-0.5457568764686584,-0.44513219594955444,-0.35016900300979614,-0.2613467276096344,-0.1791025847196579
0.37848857045173645,0.14367344975471497,-0.09075802564620972,-0.324180543422699,-0.5556129813194275,-0.7837659120559692,-1.0070143938064575,-1.2234114408493042,-1.430766224861145,-1.6266815662384033,-1.8087307214736938,-1.974548578262329,-2.1220762729644775,-2.2495627403259277,-2.355801820755005,-2.440110921859741,-2.5022897720336914,-2.542602062225342,-2.561664342880249,-2.5603091716766357,-2.5394535064697266,-2.5000648498535156,-2.4430651664733887,-2.3693184852600098,-2.279741048812866,-2.175285577774048,-2.057098150253296,-1.926552176475525,-1.7853219509124756,-1.6353338956832886,-1.478767991065979,-1.3179188966751099,-1.1550432443618774,-0.9922334551811218,-0.8313193321228027,-0.6737132668495178,-0.5204653143882751,-0.37227195501327515,-0.22957704961299896,-0.09272506833076477,0.03791823983192444,0.16183383762836456,0.27826663851737976
0.2799004316329956,0.06510751694440842,-0.1542883664369583,-0.37853220105171204,-0.6075395345687866,-0.8406516313552856,-1.0763670206069946,-1.3121998310089111,-1.544718861579895,-1.7697646617889404,-1.9827911853790283,-2.179319143295288,-2.3553857803344727,-2.507911443710327,-2.6348979473114014,-2.7354559898376465,-2.809704542160034,-2.85848331451416,-2.8830301761627197,-2.8846752643585205,-2.8645882606506348,-2.823631525039673,-2.7623345851898193,-2.6809816360473633,-2.5798330307006836,-2.4593868255615234,-2.3205783367156982,-2.1651089191436768,-1.9954383373260498,-1.8148053884506226,-1.626945972442627,-1.4357507228851318,-1.2447830438613892,-1.0567814111709595,-0.8733718991279602,-0.6948851346969604,-0.5205060839653015,-0.34859028458595276,-0.17720285058021545,-0.004767132923007011,0.16936802864074707,0.3445131480693817,0.5184877514839172
0.44831210374832153,0.2782789170742035,0.09628381580114365,-0.10240872949361801,-0.32123085856437683,-0.5612068772315979,-0.8203697800636292,-1.0937936305999756,-1.374129056930542,-1.652528166770935,-1.9197779893875122,-2.167426586151123,-2.3886921405792236,-2.579127073287964,-2.7366831302642822,-2.861546039581299,-2.9554126262664795,-3.0208020210266113,-3.060218095779419,-3.0756547451019287,-3.0682666301727295,-3.03835129737854,-2.9855408668518066,-2.9090993404388428,-2.808377742767334,-2.683223009109497,-2.5345401763916016,-2.3646249771118164,-2.1773605346679688,-1.9780824184417725,-1.7730634212493896,-1.5686107873916626,-1.3699805736541748,-1.180375099182129,-1.0002516508102417,-0.8271827101707458,-0.6563364863395691,-0.48151835799217224,-0.29650965332984924,-0.09647718816995621,0.12085086107254028,0.3543227016925812,0.5991885662078857
0.8413350582122803,0.7189592719078064,0.5680632591247559,0.37593159079551697,0.13663357496261597,-0.14791646599769592,-0.4688456356525421,-0.8126695156097412,-1.1638222932815552,-1.5068223476409912,-1.8279261589050293,-2.116297721862793,-2.364871025085449,-2.570706844329834,-2.7349064350128174,-2.8616480827331543,-2.9568049907684326,-3.026291847229004,-3.0748417377471924,-3.1052491664886475,-3.1182212829589844,-3.1128501892089844,-3.087085008621216,-3.0383923053741455,-2.964256525039673,-2.862863302230835,-2.7337052822113037,-2.578357219696045,-2.4009921550750732,-2.208378314971924,-2.0090906620025635,-1.8118702173233032,-1.6235829591751099,-1.4472947120666504,-1.2812352180480957,-1.1190658807754517,-0.95136958360672,-0.7678976058959961,-0.559884786605835,-0.32173943519592285,-0.05207256227731705,0.24607603251934052,0.5652403235435486
1.3521943092346191,1.2321697473526,1.0530186891555786,0.7997638583183289,0.47553712129592896,0.09862089902162552,-0.3050822615623474,-0.7100042104721069,-1.0960246324539185,-1.4497301578521729,-1.7631239891052246,-2.031928777694702,-2.2547805309295654,-2.4334583282470703,-2.5730788707733154,-2.6814351081848145,-2.7674479484558105,-2.8391950130462646,-2.902393102645874,-2.9596519470214844,-3.0105955600738525,-3.052455186843872,-3.0809333324432373,-3.0909721851348877,-3.0774734020233154,-3.0359554290771484,-2.9633095264434814,-2.858938694000244,-2.7257399559020996,-2.570681095123291,-2.4040656089782715,-2.237050771713257,-2.0780739784240723,-1.929358959197998,-1.7853145599365234,-1.6337807178497314,-1.4598199129104614,-1.2505316734313965,-0.9987796545028687,-0.7043994069099426,-0.3728679120540619,-0.01254507340490818,0.3671971559524536
1.7597612142562866,1.5619804859161377,1.277345061302185,0.901543378829956,0.46051880717277527,-0.0011170702055096626,-0.438564658164978,-0.8220906853675842,-1.1421737670898438,-1.4046556949615479,-1.6214015483856201,-1.8031035661697388,-1.9569847583770752,-2.088224411010742,-2.2018938064575195,-2.303683042526245,-2.399287700653076,-2.493666410446167,-2.590444564819336,-2.6912693977355957,-2.794935941696167,-2.896873950958252,-2.9897453784942627,-3.065439224243164,-3.1170434951782227,-3.140042304992676,-3.132025957107544,-3.092190980911255,-3.0217015743255615,-2.925198793411255,-2.8116345405578613,-2.6926708221435547,-2.5780999660491943,-2.4700615406036377,-2.359724521636963,-2.2288923263549805,-2.0565974712371826,-1.827489972114563,-1.5378423929214478,-1.1962003707885742,-0.8187280893325806,-0.4220138192176819,-0.017654327675700188
1.8094830513000488,1.48613703250885,1.083680510520935,0.6103886365890503,0.1102195754647255,-0.35549119114875793,-0.736066460609436,-1.0115190744400024,-1.1938726902008057,-1.312726378440857,-1.3980258703231812,-1.4709821939468384,-1.5442383289337158,-1.6256214380264282,-1.7195621728897095,-1.826576590538025,-1.9440590143203735,-2.0698583126068115,-2.205410957336426,-2.354583501815796,-2.5181264877319336,-2.688504219055176,-2.8506410121917725,-2.9887518882751465,-3.0941579341888428,-3.1677658557891846,-3.2154831886291504,-3.2412772178649902,-3.2439069747924805,-3.2201476097106934,-3.170948028564453,-3.104182720184326,-3.0306711196899414,-2.9557015895843506,-2.8724677562713623,-2.762673854827881,-2.604541063308716,-2.383054256439209,-2.096726894378662,-1.7572839260101318,-1.3835614919662476,-0.9937061071395874,-0.5995960235595703
1.3968408107757568,0.9765008091926575,0.5311278104782104,0.06515943259000778,-0.3830791115760803,-0.7579702734947205,-1.0188902616500854,-1.1621510982513428,-1.2162072658538818,-1.2188937664031982,-1.1989041566848755,-1.1744011640548706,-1.1614564657211304,-1.1773074865341187,-1.2332483530044556,-1.3271211385726929,-1.4468278884887695,-1.5837910175323486,-1.7428905963897705,-1.9376229047775269,-2.1733577251434326,-2.4344918727874756,-2.6883132457733154,-2.9034361839294434,-3.0674705505371094,-3.189549684524536,-3.286872625350952,-3.368129014968872,-3.4278221130371094,-3.454698085784912,-3.4451088905334473,-3.4088423252105713,-3.3624749183654785,-3.316293478012085,-3.2657470703125,-3.193960666656494,-3.0823757648468018,-2.9207956790924072,-2.709697961807251,-2.4549810886383057,-2.1613640785217285,-1.8304033279418945,-1.4640283584594727
0.6202446818351746,0.18593542277812958,-0.2099732756614685,-0.5845878720283508,-0.9184404611587524,-1.165953516960144,-1.295316457748413,-1.315808892250061,-1.2657160758972168,-1.1793333292007446,-1.0709350109100342,-0.9486427307128906,-0.8343715667724609,-0.7619370222091675,-0.7547292113304138,-0.809884250164032,-0.9082575440406799,-1.0406053066253662,-1.2213220596313477,-1.4739611148834229,-1.8013136386871338,-2.169525384902954,-2.5228710174560547,-2.816732883453369,-3.0397119522094727,-3.2075605392456055,-3.338425397872925,-3.4344539642333984,-3.48519229888916,-3.4861645698547363,-3.4527294635772705,-3.416048526763916,-3.405042886734009,-3.429206132888794,-3.474743127822876,-3.515268325805664,-3.527562379837036,-3.5009419918060303,-3.4343714714050293,-3.3253955841064453,-3.1611766815185547,-2.920592784881592,-2.5876176357269287
-0.3342737555503845,-0.6949490308761597,-0.9986815452575684,-1.285677194595337,-1.5375714302062988,-1.6905187368392944,-1.701579213142395,-1.5914299488067627,-1.4179260730743408,-1.219997525215149,-0.9998692870140076,-0.7556880116462708,-0.514679491519928,-0.325775146484375,-0.22501064836978912,-0.2168867588043213,-0.2896305024623871,-0.4426746368408203,-0.6932233572006226,-1.053096890449524,-1.498786449432373,-1.9671645164489746,-2.3862078189849854,-2.714928150177002,-2.956315517425537,-3.1334826946258545,-3.256971836090088,-3.3177456855773926,-3.3099827766418457,-3.255422353744507,-3.201780080795288,-3.196949005126953,-3.2640135288238525,-3.3968586921691895,-3.572779417037964,-3.765481472015381,-3.9490106105804443,-4.09777307510376,-4.189205169677734,-4.206788539886475,-4.137117385864258,-3.9631710052490234,-3.6651930809020996
-1.3406445980072021,-1.60094153881073,-1.8328056335449219,-2.082822561264038,-2.3038690090179443,-2.38549542427063,-2.2657687664031982,-1.9906705617904663,-1.6548129320144653,-1.3074281215667725,-0.936147928237915,-0.5266357660293579,-0.10950566828250885,0.2521805167198181,0.49974262714385986,0.5954872965812683,0.519603431224823,0.26772981882095337,-0.1455908864736557,-0.6815577149391174,-1.2731362581253052,-1.83189058303833,-2.2768425941467285,-2.572335958480835,-2.7391464710235596,-2.8243210315704346,-2.8612301349639893,-2.8624496459960938,-2.8455922603607178,-2.850947618484497,-2.922152042388916,-3.070148229598999,-3.265310764312744,-3.4714322090148926,-3.6841423511505127,-3.9273271560668945,-4.209239482879639,-4.489282608032227,-4.696756362915039,-4.782176971435547,-4.743618965148926,-4.601314067840576,-4.355579376220703
-2.356405258178711,-2.593479633331299,-2.8139395713806152,-3.045933961868286,-3.2088816165924072,-3.160693883895874,-2.8483035564422607,-2.3641653060913086,-1.835357904434204,-1.2997764348983765,-0.7195477485656738,-0.07876518368721008,0.5730853080749512,1.1505659818649292,1.5587455034255981,1.7028143405914307,1.5260764360427856,1.0581610202789307,0.40281641483306885,-0.32910773158073425,-1.05446457862854,-1.689934492111206,-2.1354215145111084,-2.323822259902954,-2.2835052013397217,-2.1310536861419678,-1.9977149963378906,-1.9652297496795654,-2.059497117996216,-2.277271032333374,-2.5963237285614014,-2.9621403217315674,-3.2921981811523438,-3.526557683944702,-3.6853156089782715,-3.8579723834991455,-4.114181995391846,-4.424264430999756,-4.681161880493164,-4.80149507522583,-4.790463447570801,-4.7013750076293945,-4.54810094833374
-3.2914535999298096,-3.604630947113037,-3.854322910308838,-4.0391364097595215,-4.073755264282227,-3.829339027404785,-3.290689706802368,-2.588538646697998,-1.8445206880569458,-1.0566262006759644,-0.17899778485298157,0.754025399684906,1.6382886171340942,2.3707668781280518,2.840801477432251,2.9105606079101562,2.510878562927246,1.7519445419311523,0.8582003712654114,-0.011734265834093094,-0.8144369721412659,-1.4948970079421997,-1.9053151607513428,-1.913740634918213,-1.5676003694534302,-1.1063406467437744,-0.8056851029396057,-0.8073846697807312,-1.0745548009872437,-1.4809234142303467,-1.925831913948059,-2.363882541656494,-2.7560908794403076,-3.050035238265991,-3.2364561557769775,-3.3903005123138428,-3.6048359870910645,-3.883902072906494,-4.134658336639404,-4.275087356567383,-4.3158860206604,-4.313930511474609,-4.2669219970703125
-3.922745943069458,-4.305508613586426,-4.565896034240723,-4.682803630828857,-4.594267845153809,-4.2031660079956055,-3.513305425643921,-2.6463825702667236,-1.6821255683898926,-0.5880318880081177,0.633879542350769,1.836577296257019,2.8425543308258057,3.570023536682129,3.956479072570801,3.8718433380126953,3.2565758228302,2.286212921142578,1.2514066696166992,0.3010404706001282,-0.5663570761680603,-1.280526876449585,-1.6262933015823364,-1.4486303329467773,-0.8577463030815125,-0.18999849259853363,0.21398025751113892,0.2159392535686493,-0.0714944452047348,-0.4275478720664978,-0.7332503199577332,-1.032170295715332,-1.3917269706726074,-1.7759557962417603,-2.1042773723602295,-2.3790199756622314,-2.6728434562683105,-3.002326011657715,-3.2878806591033936,-3.4560768604278564,-3.5276248455047607,-3.5662965774536133,-3.5663726329803467
-4.046316623687744,-4.427769184112549,-4.670871257781982,-4.739401817321777,-4.596015930175781,-4.160904407501221,-3.4153952598571777,-2.4384524822235107,-1.2834042310714722,0.06406613439321518,1.5251909494400024,2.85103178024292,3.818883180618286,4.398687839508057,4.61868953704834,4.406482219696045,3.7224042415618896,2.7334535121917725,1.6769318580627441,0.6412447094917297,-0.34720131754875183,-1.1117736101150513,-1.4022529125213623,-1.1609848737716675,-0.5796886086463928,0.0719887837767601,0.5798701643943787,0.8305811285972595,0.8544671535491943,0.7853734493255615,0.6949308514595032,0.5173339247703552,0.19152240455150604,-0.2141246348619461,-0.6035466194152832,-0.9985823035240173,-1.4774504899978638,-2.0072803497314453,-2.434889554977417,-2.646833658218384,-2.677917718887329,-2.6440114974975586,-2.6000235080718994
-3.723402500152588,-4.08256721496582,-4.293094635009766,-4.297641754150391,-4.084020137786865,-3.593980312347412,-2.7819933891296387,-1.698783278465271,-0.4260120391845703,0.9943492412567139,2.4574062824249268,3.7159199714660645,4.548429012298584,4.9368181228637695,4.9589128494262695,4.620049476623535,3.9318416118621826,3.021232843399048,2.0032742023468018,0.8944482207298279,-0.19187138974666595,-0.9527620673179626,-1.1935447454452515,-1.0515670776367188,-0.7491911053657532,-0.30952951312065125,0.3019658327102661,0.9423495531082153,1.3983649015426636,1.596780776977539,1.5676817893981934,1.3398106098175049,0.990726113319397,0.6540060639381409,0.35442644357681274,-0.048949386924505234,-0.6518636345863342,-1.3228282928466797,-1.8102327585220337,-1.976277470588684,-1.8854820728302002,-1.712740182876587,-1.590900182723999
