earth/public/data/atmosphere/W07/ANN-rh-isobaric-250hPa-gfs-1.0.json
{"header": {"discipline": 0, "disciplineName": "Meteorological products", "gribEdition": 2, "gribLength": 17922.0, "center": 0, "centerName": "Kiel Climate Model", "subcenter": 0, "refTime": "1", "significanceOfRT": 1, "significanceOfRTName": "Start of forecast", "productStatus": 0, "productStatusName": "Operational products", "productType": 1, "productTypeName": "Forecast products", "productDefinitionTemplate": 0, "productDefinitionTemplateName": "Analysis/forecast at horizontal level/layer at a point in time", "parameterCategory": 2, "parameterCategoryName": "Momentum", "parameterNumber": 2, "parameterNumberName": "U-component_of_wind", "parameterUnit": "%", "genProcessType": 2, "genProcessTypeName": "Forecast", "forecastTime": 0, "surface1Type": 103, "surface1TypeName": "Specified height level above ground", "surface1Value": 10, "surface2Type": 255, "surface2TypeName": "Missing", "surface2Value": 0, "gridDefinitionTemplate": 0, "gridDefinitionTemplateName": "Latitude_Longitude", "numberPoints": 65160, "shape": 6, "shapeName": "Earth spherical with radius of 6,371,229.0 m", "gridUnits": "degrees", "resolution": 48, "winds": "true", "scanMode": 0, "nx": 128.0, "ny": 64.0, "basicAngle": 0, "subDivisions": 0, "lo1": 0.0, "la1": 87.86379883923263, "lo2": 357.1875, "la2": -87.86379883923263, "dx": 2.8125, "dy": 2.7893269472772264}, "data":
[rows 19 to 37 of 64, columns 43 to 85 of 128]
0.6404637098312378,0.628527045249939,0.6177768111228943,0.6169801950454712,0.6206163167953491,0.6224411129951477,0.6268083453178406,0.6351546049118042,0.6402513384819031,0.6408509016036987,0.6439289450645447,0.6504478454589844,0.6551833152770996,0.658401370048523,0.6637458801269531,0.6692474484443665,0.6713178157806396,0.671930193901062,0.6742388606071472,0.676852822303772,0.6773251295089722,0.6763799786567688,0.6758159399032593,0.675769031047821,0.6753690242767334,0.6736501455307007,0.6693302392959595,0.6615903377532959,0.6515425443649292,0.6413679718971252,0.6313271522521973,0.6191956400871277,0.6036451458930969,0.5863326787948608,0.5691267251968384,0.5511888265609741,0.5309991836547852,0.5098747611045837,0.49089884757995605,0.4751153290271759,0.46217080950737,0.4552312195301056,0.46079781651496887
0.6204863786697388,0.6094858050346375,0.6007136106491089,0.6040534377098083,0.6103925108909607,0.6115286350250244,0.6144083142280579,0.621439516544342,0.6240882873535156,0.6222706437110901,0.6241801977157593,0.6284538507461548,0.6286121010780334,0.627392053604126,0.6296124458312988,0.632027268409729,0.6315775513648987,0.6316686272621155,0.6342596411705017,0.6364231705665588,0.6366092562675476,0.6363452076911926,0.6364946365356445,0.6366693377494812,0.6364562511444092,0.6350147128105164,0.6312921047210693,0.6251744627952576,0.617393434047699,0.6084541082382202,0.5979485511779785,0.5851012468338013,0.5703290700912476,0.5553765892982483,0.5411769151687622,0.5267783403396606,0.5111852288246155,0.4955368638038635,0.48290640115737915,0.47546297311782837,0.472337007522583,0.47278326749801636,0.48095467686653137
0.5900686979293823,0.5825093388557434,0.5771613717079163,0.582840621471405,0.5883829593658447,0.5872000455856323,0.5891298651695251,0.5955762267112732,0.5965558290481567,0.5936879515647888,0.595343291759491,0.5977511405944824,0.5950515866279602,0.5922120809555054,0.5925833582878113,0.5916563272476196,0.5893915891647339,0.5903955101966858,0.5932559967041016,0.594245195388794,0.5950777530670166,0.5977106094360352,0.5999656319618225,0.6003860831260681,0.5998501777648926,0.5984621644020081,0.5958356857299805,0.5921031832695007,0.5867100358009338,0.5789008140563965,0.5690644383430481,0.558125376701355,0.5469390749931335,0.5360819697380066,0.5253664255142212,0.5148981809616089,0.5058736205101013,0.498969167470932,0.4945169985294342,0.49416184425354004,0.4984816312789917,0.5058758854866028,0.5183118581771851
0.5738116502761841,0.5686449408531189,0.5651059746742249,0.5695205330848694,0.571976363658905,0.5698921084403992,0.5727154016494751,0.5780841112136841,0.5764873623847961,0.5725103616714478,0.5730792880058289,0.5723149180412292,0.5673443078994751,0.5651098489761353,0.565483570098877,0.5625147223472595,0.5592606067657471,0.5604259371757507,0.5619261264801025,0.5614383220672607,0.5633351802825928,0.5677393674850464,0.5703319311141968,0.5711838006973267,0.5721429586410522,0.5719583630561829,0.5698930025100708,0.5666426420211792,0.5615832805633545,0.5547539591789246,0.5478008985519409,0.5410662889480591,0.5344018340110779,0.5286584496498108,0.5234970450401306,0.5185962915420532,0.5161716938018799,0.5170648694038391,0.5192568898200989,0.5233307480812073,0.5317789316177368,0.544153094291687,0.5610998272895813
0.5740455985069275,0.5708103179931641,0.5681446194648743,0.5698678493499756,0.5697357058525085,0.5682874917984009,0.5710415244102478,0.5729829668998718,0.5688009858131409,0.5651353597640991,0.5646824836730957,0.5601820945739746,0.5526485443115234,0.5498933792114258,0.5493947267532349,0.545859694480896,0.5434737801551819,0.5445717573165894,0.5445016622543335,0.5438632369041443,0.546475887298584,0.5490783452987671,0.5487074851989746,0.549066424369812,0.5509884357452393,0.5508821606636047,0.5491097569465637,0.5473806858062744,0.5443339943885803,0.5407654047012329,0.5389929413795471,0.5372083783149719,0.5343042016029358,0.533393919467926,0.5346519351005554,0.5355558395385742,0.5380659103393555,0.5446234345436096,0.5532332062721252,0.563591718673706,0.5778345465660095,0.5946701169013977,0.6134691834449768
0.5938592553138733,0.5917983055114746,0.5892137289047241,0.5890588760375977,0.5884484648704529,0.5873664021492004,0.5864986181259155,0.582615852355957,0.5761640071868896,0.572178065776825,0.5692428350448608,0.5627344846725464,0.5560033917427063,0.5530965924263,0.5505015850067139,0.5468368530273438,0.5457314848899841,0.5459629893302917,0.5446447134017944,0.5447030067443848,0.546610414981842,0.5454650521278381,0.5423561334609985,0.542191207408905,0.5424765348434448,0.540070652961731,0.5390160083770752,0.5405365228652954,0.5404646396636963,0.5400689840316772,0.543036937713623,0.5465335249900818,0.5484960079193115,0.5524603724479675,0.5585606694221497,0.564102292060852,0.5717000365257263,0.5839802026748657,0.5984669923782349,0.6149396896362305,0.6351779103279114,0.6557646989822388,0.6740248203277588
0.6417632699012756,0.6378780603408813,0.6342111825942993,0.633660614490509,0.6341770887374878,0.6325222849845886,0.6265110969543457,0.617565929889679,0.6089645624160767,0.6004137396812439,0.5901985168457031,0.581551194190979,0.5778342485427856,0.5753615498542786,0.5706546902656555,0.5668750405311584,0.5654526948928833,0.5631293058395386,0.5606874227523804,0.5608861446380615,0.560188889503479,0.5558208227157593,0.5525616407394409,0.5522119402885437,0.5498957633972168,0.5463899374008179,0.5474348664283752,0.5509436726570129,0.5517691373825073,0.5531681776046753,0.5594736337661743,0.5678523778915405,0.575709342956543,0.5839605927467346,0.5920683145523071,0.6008915305137634,0.6141954660415649,0.6305813193321228,0.6452234387397766,0.6602944731712341,0.6802732348442078,0.7017742395401001,0.7199305295944214
0.7007715702056885,0.6950024366378784,0.6932061314582825,0.6948711276054382,0.696662187576294,0.6938100457191467,0.6841107606887817,0.6728302240371704,0.6631247997283936,0.6497802734375,0.6328843832015991,0.6217548847198486,0.6175164580345154,0.6120030283927917,0.6051900386810303,0.6021932363510132,0.5998504161834717,0.5951014161109924,0.59271240234375,0.5929039716720581,0.5898004174232483,0.584911584854126,0.5831921100616455,0.5817229747772217,0.5780841112136841,0.5774303078651428,0.5808405876159668,0.5825434327125549,0.5828766822814941,0.5877509117126465,0.5969634652137756,0.6066312193870544,0.6162526607513428,0.6248916387557983,0.631435751914978,0.6405646800994873,0.6556182503700256,0.6703855395317078,0.6798543334007263,0.6893695592880249,0.7046079039573669,0.7234034538269043,0.7412063479423523
0.7479127645492554,0.7459459900856018,0.7511271238327026,0.7560226321220398,0.757719099521637,0.7537005543708801,0.7418432235717773,0.7279350161552429,0.7160598039627075,0.7017278075218201,0.6860339641571045,0.6762896776199341,0.6695143580436707,0.6596563458442688,0.6526790857315063,0.6522483825683594,0.6502260565757751,0.6451975107192993,0.6439093947410583,0.6436571478843689,0.6396603584289551,0.6370732188224792,0.6368898749351501,0.63282310962677,0.6285485029220581,0.6309251189231873,0.6327015161514282,0.6273808479309082,0.6245505809783936,0.6310579776763916,0.639176070690155,0.6440929770469666,0.6494951844215393,0.6547297239303589,0.6579413414001465,0.664222240447998,0.674892246723175,0.6832652688026428,0.6886212229728699,0.6970247030258179,0.7094559669494629,0.7234779596328735,0.7382928729057312
0.7867177724838257,0.7909989953041077,0.7993727326393127,0.8017463684082031,0.800264298915863,0.7955187559127808,0.7831838130950928,0.7661485075950623,0.7496981024742126,0.7337910532951355,0.7205280661582947,0.7125002145767212,0.7042829394340515,0.6937257051467896,0.6887279748916626,0.6893834471702576,0.6865963935852051,0.6814603209495544,0.6792881488800049,0.6753596663475037,0.6684691309928894,0.6654060482978821,0.6627238988876343,0.6536367535591125,0.6461840271949768,0.6458578705787659,0.6409213542938232,0.6270315647125244,0.6178629398345947,0.6187611818313599,0.6198529601097107,0.6180214285850525,0.6187036633491516,0.6212650537490845,0.6232587099075317,0.6275169849395752,0.6333951950073242,0.6370161175727844,0.6417247653007507,0.6518486142158508,0.6637441515922546,0.6744375228881836,0.6855972409248352
0.8229782581329346,0.8254122734069824,0.8242174386978149,0.8147708773612976,0.8045825362205505,0.7952166795730591,0.782045841217041,0.7654120922088623,0.7472743988037109,0.7277162671089172,0.7098703384399414,0.6963485479354858,0.684307873249054,0.673478364944458,0.6674385666847229,0.6629668474197388,0.6548289060592651,0.6464247703552246,0.6396473050117493,0.6291825175285339,0.6164431571960449,0.607264518737793,0.5974192023277283,0.5828055739402771,0.5706471800804138,0.5635503530502319,0.55306476354599,0.5377776622772217,0.5262307524681091,0.5207306742668152,0.5163314342498779,0.5123951435089111,0.5118041038513184,0.5139842629432678,0.5173810720443726,0.5223973989486694,0.5278517007827759,0.5322752594947815,0.538095235824585,0.5473777055740356,0.5583420395851135,0.5691980123519897,0.5787034034729004
0.8516629338264465,0.8435267210006714,0.8268647193908691,0.8028669357299805,0.7785021066665649,0.7555654048919678,0.7349050045013428,0.7174512147903442,0.6993198990821838,0.6771271824836731,0.6536225080490112,0.632316529750824,0.6140421032905579,0.599798321723938,0.5887941718101501,0.5766098499298096,0.5621430277824402,0.5491518974304199,0.5373843908309937,0.5233414769172668,0.5085334181785583,0.49537360668182373,0.4818132817745209,0.4676712453365326,0.455814003944397,0.4459448456764221,0.43648722767829895,0.4281534254550934,0.42142999172210693,0.4162830114364624,0.41308319568634033,0.4112365245819092,0.4106844961643219,0.41278448700904846,0.4172198176383972,0.4224216341972351,0.4284443259239197,0.43555012345314026,0.44260406494140625,0.44956400990486145,0.4586317539215088,0.4695972204208374,0.4775550663471222
0.873419463634491,0.8576725125312805,0.8321569561958313,0.7990217804908752,0.7628194093704224,0.7270867228507996,0.6961932182312012,0.6697348356246948,0.6431230902671814,0.6165670156478882,0.5925625562667847,0.5697479248046875,0.5479336977005005,0.5300694108009338,0.5154657959938049,0.500426173210144,0.4848473370075226,0.47058936953544617,0.4572675824165344,0.44471123814582825,0.43375951051712036,0.42332473397254944,0.41287344694137573,0.40426701307296753,0.3971150517463684,0.3898853063583374,0.3845369517803192,0.38186079263687134,0.37921905517578125,0.37684372067451477,0.37620776891708374,0.37541693449020386,0.3744737505912781,0.37611860036849976,0.3793952763080597,0.3824150264263153,0.3870270848274231,0.39393651485443115,0.4005531370639801,0.4061829447746277,0.41278067231178284,0.42000436782836914,0.4247719347476959
0.8829875588417053,0.8660542964935303,0.8367995023727417,0.7996111512184143,0.7627097964286804,0.7311468720436096,0.7022964954376221,0.66865074634552,0.6312751770019531,0.6010991334915161,0.580772340297699,0.5616799592971802,0.540637195110321,0.5219582319259644,0.5064815878868103,0.49201664328575134,0.4784355163574219,0.465633362531662,0.453037828207016,0.4419645071029663,0.43318971991539,0.4251024127006531,0.41708049178123474,0.40993812680244446,0.40334489941596985,0.39728018641471863,0.39249494671821594,0.3879735469818115,0.38326287269592285,0.3800869286060333,0.37794122099876404,0.37534505128860474,0.37393102049827576,0.3739435374736786,0.3733493685722351,0.3739252984523773,0.3777472972869873,0.3821982443332672,0.3860141634941101,0.3908623456954956,0.3956887423992157,0.3985912799835205,0.4008950889110565
0.8628488779067993,0.8417180776596069,0.8069217205047607,0.7678745985031128,0.7378036975860596,0.7204737067222595,0.7041820883750916,0.6770883202552795,0.645865261554718,0.625328540802002,0.6151796579360962,0.6048320531845093,0.5917268395423889,0.5788548588752747,0.5659692287445068,0.5528279542922974,0.5408738255500793,0.5298473238945007,0.5189239382743835,0.5083684325218201,0.498414009809494,0.48936986923217773,0.48090070486068726,0.47141388058662415,0.4614315927028656,0.45324021577835083,0.4454207718372345,0.43563857674598694,0.4264916777610779,0.41955456137657166,0.4119712710380554,0.4047892689704895,0.400684118270874,0.39557945728302,0.38828346133232117,0.385807603597641,0.38817864656448364,0.38847973942756653,0.38824164867401123,0.3916567862033844,0.3952482044696808,0.396739661693573,0.39873307943344116
0.8058701157569885,0.777870774269104,0.7415773868560791,0.7051259279251099,0.6789482831954956,0.665402889251709,0.654720664024353,0.639780580997467,0.6272488236427307,0.6249238848686218,0.6293025016784668,0.6345948576927185,0.6399919390678406,0.6432389616966248,0.6412986516952515,0.6361602544784546,0.630497932434082,0.624458909034729,0.6189866662025452,0.6140247583389282,0.6076338887214661,0.6007742285728455,0.5947679281234741,0.5871926546096802,0.5778751969337463,0.5695088505744934,0.5603142380714417,0.5484830141067505,0.5374703407287598,0.5269525647163391,0.5131240487098694,0.49957337975502014,0.4893266558647156,0.47671574354171753,0.46226465702056885,0.45374491810798645,0.44854602217674255,0.44109395146369934,0.4363591969013214,0.4361562430858612,0.43485763669013977,0.4333914816379547,0.43398573994636536
0.7225384712219238,0.698169469833374,0.6711620092391968,0.6414737701416016,0.6147756576538086,0.5967370271682739,0.5857313871383667,0.5778400301933289,0.5737212896347046,0.5759699940681458,0.5860426425933838,0.6051604151725769,0.630179762840271,0.652134120464325,0.6666462421417236,0.6770537495613098,0.6844601631164551,0.6880689263343811,0.6917582750320435,0.6973165273666382,0.7005103826522827,0.7005384564399719,0.7002959251403809,0.6987241506576538,0.694579541683197,0.6896700859069824,0.6834352016448975,0.6750441193580627,0.6664557456970215,0.6558955311775208,0.6404953598976135,0.6242986917495728,0.609541654586792,0.5921221971511841,0.5737091302871704,0.5584483742713928,0.5426823496818542,0.5268376469612122,0.5176836848258972,0.5110326409339905,0.5000392198562622,0.49068188667297363,0.4857630431652069
0.635215699672699,0.6256164908409119,0.610292911529541,0.5852455496788025,0.5590492486953735,0.5434327721595764,0.5388535857200623,0.5352755188941956,0.5265105366706848,0.5185474157333374,0.522675633430481,0.5436014533042908,0.5746046304702759,0.6046497821807861,0.6298496723175049,0.6523690223693848,0.6709191799163818,0.6836068630218506,0.6948303580284119,0.7076506018638611,0.718183696269989,0.7246525883674622,0.7298848628997803,0.7338030338287354,0.7348548173904419,0.7344393730163574,0.7334243655204773,0.7312203049659729,0.7277358174324036,0.7213354706764221,0.7110516428947449,0.699503481388092,0.6867061853408813,0.6700165271759033,0.6517767906188965,0.6339482069015503,0.6138697266578674,0.5948318243026733,0.5817277431488037,0.5679534077644348,0.5491457581520081,0.5331405401229858,0.5214101076126099
0.566026508808136,0.5683597326278687,0.5593031644821167,0.5374879240989685,0.515337347984314,0.5060418844223022,0.508073627948761,0.5072582960128784,0.4961511790752411,0.48388350009918213,0.4831114709377289,0.49660444259643555,0.5195022225379944,0.5461261868476868,0.5728164911270142,0.5979568958282471,0.6200429201126099,0.6379885673522949,0.6533321738243103,0.6676221489906311,0.6797736287117004,0.6896494030952454,0.6988644599914551,0.7067896723747253,0.7120514512062073,0.7158815860748291,0.7194743752479553,0.7222140431404114,0.7233366370201111,0.721990704536438,0.7182517647743225,0.7135450839996338,0.7066428661346436,0.6948761940002441,0.6799883842468262,0.6645398736000061,0.6476925015449524,0.6304244995117188,0.614162266254425,0.595890998840332,0.5760458707809448,0.5596951842308044,0.5448160767555237
