earth/public/data/atmosphere/W07/ANN-rh-surface-level-gfs-1.0.json
{"header": {"discipline": 0, "disciplineName": "Meteorological products", "gribEdition": 2, "gribLength": 17922.0, "center": 0, "centerName": "Kiel Climate Model", "subcenter": 0, "refTime": "1", "significanceOfRT": 1, "significanceOfRTName": "Start of forecast", "productStatus": 0, "productStatusName": "Operational products", "productType": 1, "productTypeName": "Forecast products", "productDefinitionTemplate": 0, "productDefinitionTemplateName": "Analysis/forecast at horizontal level/layer at a point in time", "parameterCategory": 2, "parameterCategoryName": "Momentum", "parameterNumber": 2, "parameterNumberName": "U-component_of_wind", "parameterUnit": "%", "genProcessType": 2, "genProcessTypeName": "Forecast", "forecastTime": 0, "surface1Type": 103, "surface1TypeName": "Specified height level above ground", "surface1Value": 10, "surface2Type": 255, "surface2TypeName": "Missing", "surface2Value": 0, "gridDefinitionTemplate": 0, "gridDefinitionTemplateName": "Latitude_Longitude", "numberPoints": 65160, "shape": 6, "shapeName": "Earth spherical with radius of 6,371,229.0 m", "gridUnits": "degrees", "resolution": 48, "winds": "true", "scanMode": 0, "nx": 128.0, "ny": 64.0, "basicAngle": 0, "subDivisions": 0, "lo1": 0.0, "la1": 87.86379883923263, "lo2": 357.1875, "la2": -87.86379883923263, "dx": 2.8125, "dy": 2.7893269472772264}, "data":
[rows 38 to 56 of 64, columns 0 to 42 of 128]
0.844914972782135,0.8441121578216553,0.8492371439933777,0.8670642971992493,0.795820951461792,0.6706861257553101,0.6254594922065735,0.6130455732345581,0.5577452778816223,0.5566110610961914,0.6377652287483215,0.6849823594093323,0.6961019039154053,0.7376182675361633,0.754570484161377,0.7184324264526367,0.7267983555793762,0.7990303039550781,0.8341971039772034,0.8062546253204346,0.7849522829055786,0.7954971790313721,0.804042398929596,0.798670768737793,0.7958588004112244,0.7952156662940979,0.7854069471359253,0.7781004905700684,0.7880304455757141,0.7989093065261841,0.7942293882369995,0.7889390587806702,0.7932899594306946,0.7938336133956909,0.7910800576210022,0.7973009943962097,0.8014461994171143,0.794438362121582,0.7925679683685303,0.7919468283653259,0.7660658955574036,0.7213832139968872,0.680729866027832
0.8282182812690735,0.837282121181488,0.8534758687019348,0.8920276761054993,0.8465157151222229,0.6922705173492432,0.5788534879684448,0.563606321811676,0.5601513981819153,0.5586123466491699,0.6072407364845276,0.6804509162902832,0.7407599687576294,0.778994619846344,0.7694000005722046,0.7295387387275696,0.7367637753486633,0.7953768372535706,0.8249370455741882,0.8045290112495422,0.7902644872665405,0.8039461374282837,0.8140733242034912,0.8069463968276978,0.8010287284851074,0.8018010854721069,0.7966550588607788,0.7897506952285767,0.7933454513549805,0.795831561088562,0.7867528796195984,0.7830151319503784,0.7890570163726807,0.7859216332435608,0.7791590690612793,0.7850478887557983,0.7880420684814453,0.7830672860145569,0.7904873490333557,0.7818634510040283,0.708434522151947,0.6077694296836853,0.5466752052307129
0.8246176242828369,0.8321707248687744,0.8460258841514587,0.8923356533050537,0.8748942613601685,0.7132599949836731,0.5355169177055359,0.4959198236465454,0.5545332431793213,0.6023837327957153,0.6289638876914978,0.6715342998504639,0.7280335426330566,0.7627174258232117,0.7548258304595947,0.7349085211753845,0.7487962245941162,0.7862169146537781,0.8017907738685608,0.7920064330101013,0.7874394655227661,0.7932114601135254,0.7919398546218872,0.7841508388519287,0.7852053046226501,0.7942926287651062,0.7971109747886658,0.7920626401901245,0.7861717939376831,0.7782284021377563,0.7720562815666199,0.7778893709182739,0.7847301959991455,0.778373122215271,0.7767977714538574,0.7891222238540649,0.7901600003242493,0.7852274775505066,0.7965807318687439,0.7691103219985962,0.6474852561950684,0.516721248626709,0.4808956980705261
0.8137086033821106,0.8164774179458618,0.8113663196563721,0.8517622351646423,0.8809236884117126,0.7696211338043213,0.5614594221115112,0.45196250081062317,0.5126529932022095,0.6303204894065857,0.7003971934318542,0.727382481098175,0.7474297285079956,0.7606476545333862,0.7580435276031494,0.7565593123435974,0.7733390927314758,0.7938265800476074,0.7968806028366089,0.7882735729217529,0.7837840914726257,0.7832639217376709,0.7809104919433594,0.7799428105354309,0.7828906178474426,0.7831972241401672,0.77763831615448,0.7737250328063965,0.7748124599456787,0.7750853300094604,0.7762287259101868,0.7828337550163269,0.7848347425460815,0.7791981101036072,0.7831505537033081,0.791694164276123,0.7826111316680908,0.7792870998382568,0.8011190891265869,0.7719290256500244,0.6364530920982361,0.506335437297821,0.500435471534729
0.8069040775299072,0.8111717700958252,0.7886834740638733,0.8087535500526428,0.8723679780960083,0.8472964763641357,0.6796530485153198,0.5179392695426941,0.5139429569244385,0.631761372089386,0.7399486899375916,0.7845122218132019,0.795659065246582,0.7992129921913147,0.7947787046432495,0.7883082032203674,0.7916862964630127,0.8003545999526978,0.8021976351737976,0.7986093163490295,0.7979574799537659,0.8006269931793213,0.8033612370491028,0.8061084151268005,0.8061883449554443,0.7984705567359924,0.7879585027694702,0.7874086499214172,0.7962186336517334,0.8000948429107666,0.7952825427055359,0.7901933789253235,0.7872599959373474,0.787680983543396,0.7944175601005554,0.7929722666740417,0.7734162211418152,0.7688254714012146,0.7930231094360352,0.7725808024406433,0.6585871577262878,0.5445050001144409,0.5307250022888184
0.8155204057693481,0.8227530121803284,0.7953234910964966,0.7825086712837219,0.8255053162574768,0.8495255708694458,0.7711880803108215,0.6497144103050232,0.6104443669319153,0.6708381772041321,0.745079517364502,0.778990626335144,0.7904370427131653,0.8006497621536255,0.8025330305099487,0.7943915128707886,0.7915401458740234,0.7993227243423462,0.8071288466453552,0.8097878098487854,0.8117989897727966,0.8135339617729187,0.8118415474891663,0.8097230792045593,0.810896635055542,0.8117825388908386,0.810275673866272,0.8112155199050903,0.8135339021682739,0.8080562353134155,0.7957838773727417,0.7893337607383728,0.7936848402023315,0.8039966225624084,0.8142697215080261,0.8139888048171997,0.7990248203277588,0.7889179587364197,0.7926863431930542,0.7726451754570007,0.7032063603401184,0.6320639252662659,0.6097078919410706
0.8172644972801208,0.8259099721908569,0.8095612525939941,0.7796850204467773,0.7751055359840393,0.7862951159477234,0.7712490558624268,0.7360530495643616,0.7267017960548401,0.7496267557144165,0.7662246227264404,0.760850727558136,0.7572547793388367,0.7690187692642212,0.7816188335418701,0.786109983921051,0.7922479510307312,0.8040370941162109,0.8118322491645813,0.8117939233779907,0.8103039860725403,0.8089661002159119,0.8044236898422241,0.8004388809204102,0.8031352758407593,0.8088131546974182,0.8105756044387817,0.8093293905258179,0.8072406649589539,0.8023530840873718,0.7979965806007385,0.8019803166389465,0.8119083642959595,0.818418025970459,0.8211758732795715,0.8239237070083618,0.8222194910049438,0.8120179176330566,0.7969423532485962,0.7787302136421204,0.7589007616043091,0.7469839453697205,0.7451093196868896
0.8230685591697693,0.8294965028762817,0.8290155529975891,0.8133898973464966,0.7925986051559448,0.7763845324516296,0.7648060917854309,0.7609457969665527,0.7688219547271729,0.7774776816368103,0.771445095539093,0.7568796277046204,0.7544602155685425,0.7679228782653809,0.7817011475563049,0.7877553105354309,0.7929511070251465,0.8005526065826416,0.8046685457229614,0.8040767312049866,0.8048945665359497,0.8088924288749695,0.8121426105499268,0.8135331273078918,0.8139072060585022,0.8113287091255188,0.8064783215522766,0.8056194186210632,0.8106250166893005,0.8156896233558655,0.818803608417511,0.8233752250671387,0.8261630535125732,0.8204305171966553,0.8118276000022888,0.8122678399085999,0.8186101913452148,0.8164888024330139,0.8038734793663025,0.7938565015792847,0.7957810163497925,0.8060140609741211,0.815162718296051
0.8404959440231323,0.8383378982543945,0.8402642607688904,0.8425267934799194,0.8369693756103516,0.821047842502594,0.7999281287193298,0.7814029455184937,0.7690379023551941,0.7611502408981323,0.7582169771194458,0.7663680911064148,0.7870423197746277,0.8079930543899536,0.8143305778503418,0.8064265251159668,0.7979575395584106,0.7980837821960449,0.8043062090873718,0.8111992478370667,0.8171753883361816,0.8225116729736328,0.8270555734634399,0.8297562599182129,0.8277547359466553,0.8196246027946472,0.8111788630485535,0.810913622379303,0.8175177574157715,0.8209691047668457,0.817943274974823,0.8151381015777588,0.8157256841659546,0.8154858350753784,0.8142556548118591,0.8174605369567871,0.8241982460021973,0.8268999457359314,0.8238670825958252,0.8199096918106079,0.8155204057693481,0.8082175254821777,0.8027981519699097
0.8416767120361328,0.8362060189247131,0.8334543704986572,0.8355944156646729,0.8387190699577332,0.8385590314865112,0.833581268787384,0.8236283659934998,0.8101431131362915,0.7988930344581604,0.7989354729652405,0.8146644234657288,0.8383238315582275,0.853973925113678,0.8519210815429688,0.8381704688072205,0.8276539444923401,0.8294070959091187,0.8400785326957703,0.8498915433883667,0.8521934747695923,0.8481351733207703,0.8439697027206421,0.8434380292892456,0.8432389497756958,0.8382683992385864,0.8297607898712158,0.8232070207595825,0.8191312551498413,0.8130150437355042,0.8050139546394348,0.8020026683807373,0.8078032732009888,0.8180574774742126,0.8266318440437317,0.8311497569084167,0.8316349387168884,0.8298720121383667,0.8295851945877075,0.8309818506240845,0.8275909423828125,0.8163416385650635,0.8069614171981812
0.8454706072807312,0.8486791849136353,0.8492680788040161,0.8450269103050232,0.8401344418525696,0.8413547277450562,0.8504303693771362,0.8613318800926208,0.8665751218795776,0.8652350306510925,0.8627638220787048,0.863443911075592,0.8655068874359131,0.8645682334899902,0.8600531816482544,0.8563708066940308,0.8581169247627258,0.8654151558876038,0.8738200664520264,0.877788245677948,0.8748289942741394,0.8679180145263672,0.8635753989219666,0.8655626773834229,0.8702353239059448,0.8699074983596802,0.8609467148780823,0.8467826843261719,0.8333490490913391,0.8242453932762146,0.8203381299972534,0.820816159248352,0.8234462738037109,0.8258016109466553,0.8268387317657471,0.8261501789093018,0.8230996131896973,0.8190272450447083,0.8181220293045044,0.8224301934242249,0.8280760049819946,0.8307502865791321,0.8324076533317566
0.8748305439949036,0.8805698752403259,0.8832978010177612,0.8775636553764343,0.8668301701545715,0.8594987392425537,0.8599987030029297,0.8652429580688477,0.8693819046020508,0.8697031736373901,0.8669924736022949,0.8624767065048218,0.8571273684501648,0.8533627390861511,0.8544412851333618,0.8607994318008423,0.8684890866279602,0.8727447390556335,0.872474193572998,0.8702138662338257,0.8686186671257019,0.8687143921852112,0.8710934519767761,0.8762724995613098,0.8825975060462952,0.8853535056114197,0.8800782561302185,0.8671998381614685,0.8525766730308533,0.8427155017852783,0.8391480445861816,0.8376611471176147,0.833515465259552,0.8271942138671875,0.8237875699996948,0.8264206647872925,0.8321502208709717,0.8357353210449219,0.8357583284378052,0.8348498344421387,0.8351583480834961,0.836351752281189,0.8374872803688049
0.8970574140548706,0.892304539680481,0.8876478672027588,0.8831056356430054,0.8790152072906494,0.8753631711006165,0.8710500001907349,0.8653631806373596,0.8600401878356934,0.8583214282989502,0.8613359332084656,0.8665616512298584,0.8708008527755737,0.8737332820892334,0.8770442008972168,0.8805119395256042,0.8811292052268982,0.8771228194236755,0.8713475465774536,0.8687929511070251,0.8709547519683838,0.8744346499443054,0.8756913542747498,0.8756632804870605,0.8781290054321289,0.8839114904403687,0.888475239276886,0.8862181305885315,0.8764480948448181,0.8640111088752747,0.8541173934936523,0.8478081226348877,0.8432522416114807,0.8403196334838867,0.8417332768440247,0.849074125289917,0.8592084050178528,0.8662416934967041,0.8666988611221313,0.8617608547210693,0.8548600077629089,0.8485308885574341,0.8437809348106384
0.9126278162002563,0.9032596349716187,0.894728422164917,0.8919330835342407,0.8952812552452087,0.9006956815719604,0.9031316041946411,0.9009380340576172,0.8970915079116821,0.8959163427352905,0.8985798358917236,0.9021657705307007,0.9030816555023193,0.9005510807037354,0.8962710499763489,0.8915320634841919,0.8862038850784302,0.8808004260063171,0.8779193758964539,0.8798739910125732,0.8849870562553406,0.8879515528678894,0.8851953744888306,0.8795000910758972,0.8779913783073425,0.8849028944969177,0.8967654705047607,0.9053071737289429,0.9050125479698181,0.8975123763084412,0.8888912796974182,0.883644700050354,0.8816918134689331,0.8803854584693909,0.8779826164245605,0.8747254610061646,0.871558427810669,0.8689534664154053,0.8669961094856262,0.8657584190368652,0.8651322722434998,0.8646460175514221,0.8638730645179749
0.929320216178894,0.9265783429145813,0.9229815006256104,0.9205353856086731,0.9199594855308533,0.9202055931091309,0.9196188449859619,0.9174599051475525,0.9141492247581482,0.910103440284729,0.9048158526420593,0.8976017236709595,0.8892219066619873,0.8821259140968323,0.8784961700439453,0.8781406283378601,0.8788535594940186,0.8790327906608582,0.879429042339325,0.8817512392997742,0.8857378363609314,0.8884841203689575,0.8873440027236938,0.8833302855491638,0.8809489607810974,0.8842088580131531,0.8928623795509338,0.9027717709541321,0.9098545908927917,0.9133909344673157,0.9155018329620361,0.9178850054740906,0.9195507168769836,0.9177693724632263,0.9109115600585938,0.9002341628074646,0.8891602754592896,0.8810524940490723,0.877425491809845,0.8776520490646362,0.8798814415931702,0.8822139501571655,0.8833699226379395
0.9165796637535095,0.9197443723678589,0.9208031892776489,0.9171913266181946,0.9090703129768372,0.8989670872688293,0.8900601863861084,0.8842456340789795,0.8811756372451782,0.8789150714874268,0.8758656978607178,0.8725778460502625,0.8718238472938538,0.8764593601226807,0.8865659832954407,0.8984264731407166,0.9066568613052368,0.9080421924591064,0.9038658142089844,0.8986799716949463,0.8966337442398071,0.8985918760299683,0.9023393988609314,0.9051961898803711,0.9063743352890015,0.9071544408798218,0.9092868566513062,0.9134557247161865,0.919014036655426,0.924680233001709,0.9292188286781311,0.9317039251327515,0.9317057728767395,0.9296332597732544,0.9268473386764526,0.9250250458717346,0.9249679446220398,0.9258158802986145,0.9255184531211853,0.9223824143409729,0.9164962768554688,0.9098237156867981,0.9048047661781311
0.9186526536941528,0.9230066537857056,0.9248135685920715,0.9216736555099487,0.9142923951148987,0.9061135053634644,0.9010781049728394,0.901124119758606,0.9051742553710938,0.9102692604064941,0.9139374494552612,0.9159685373306274,0.9181945323944092,0.9224309325218201,0.9282755851745605,0.9327124357223511,0.9321049451828003,0.9251692295074463,0.9145573973655701,0.9056511521339417,0.9033259153366089,0.909027099609375,0.9201992154121399,0.9322599172592163,0.9414637088775635,0.9466089010238647,0.948675274848938,0.9490883946418762,0.9481248259544373,0.9446237087249756,0.9371073842048645,0.9254595637321472,0.9119520783424377,0.9007858037948608,0.896183431148529,0.9000037312507629,0.9103279709815979,0.9220625162124634,0.9294557571411133,0.9291574358940125,0.9219759702682495,0.9122266173362732,0.905081570148468
0.9507461786270142,0.9504370093345642,0.9487987756729126,0.945764422416687,0.942718505859375,0.941867470741272,0.9447208642959595,0.9507142305374146,0.957001268863678,0.9596765041351318,0.9557163715362549,0.9444282650947571,0.9275421500205994,0.9080229997634888,0.88853919506073,0.8706536293029785,0.8551468849182129,0.8429285287857056,0.8355473279953003,0.8346943855285645,0.840998113155365,0.8530846834182739,0.8677562475204468,0.8813067674636841,0.8911302089691162,0.8965345621109009,0.898260235786438,0.8971444368362427,0.8929857611656189,0.884509801864624,0.8705464005470276,0.8516350984573364,0.8308999538421631,0.8134044408798218,0.8041227459907532,0.8055673837661743,0.8164228200912476,0.8320397138595581,0.8465863466262817,0.8557023406028748,0.8582098484039307,0.8560390472412109,0.8525940179824829
0.8719494938850403,0.8643091917037964,0.8586457967758179,0.8549543023109436,0.8536030054092407,0.8548773527145386,0.8582814931869507,0.8620911836624146,0.8635580539703369,0.8598038554191589,0.84900963306427,0.8312992453575134,0.8088667392730713,0.7852916717529297,0.7644007205963135,0.7491894364356995,0.7411810159683228,0.7402982115745544,0.7450970411300659,0.7531725764274597,0.7616656422615051,0.7678923010826111,0.7700643539428711,0.7678920030593872,0.7627463340759277,0.7571502327919006,0.7536951303482056,0.753842830657959,0.7572240233421326,0.7618524432182312,0.7651908993721008,0.7655328512191772,0.7629618644714355,0.7593653798103333,0.7574957609176636,0.7595853805541992,0.766252875328064,0.7762477397918701,0.7870993614196777,0.7962507605552673,0.8020517230033875,0.8041403889656067,0.8031550645828247
