earth/public/data/atmosphere/W07/ANN-wind-isobaric-700hPa-gfs-1.0.json
{"header": {"discipline": 0, "disciplineName": "Meteorological products", "gribEdition": 2, "gribLength": 17922.0, "center": 0, "centerName": "Kiel Climate Model", "subcenter": 0, "refTime": "1", "significanceOfRT": 1, "significanceOfRTName": "Start of forecast", "productStatus": 0, "productStatusName": "Operational products", "productType": 1, "productTypeName": "Forecast products", "productDefinitionTemplate": 0, "productDefinitionTemplateName": "Analysis/forecast at horizontal level/layer at a point in time", "parameterCategory": 2, "parameterCategoryName": "Momentum", "parameterNumber": 2, "parameterNumberName": "U-component_of_wind", "parameterUnit": "m/s", "genProcessType": 2, "genProcessTypeName": "Forecast", "forecastTime": 0, "surface1Type": 103, "surface1TypeName": "Specified height level above ground", "surface1Value": 10, "surface2Type": 255, "surface2TypeName": "Missing", "surface2Value": 0, "gridDefinitionTemplate": 0, "gridDefinitionTemplateName": "Latitude_Longitude", "numberPoints": 65160, "shape": 6, "shapeName": "Earth spherical with radius of 6,371,229.0 m", "gridUnits": "degrees", "resolution": 48, "winds": "true", "scanMode": 0, "nx": 128.0, "ny": 64.0, "basicAngle": 0, "subDivisions": 0, "lo1": 0.0, "la1": 87.86379883923263, "lo2": 357.1875, "la2": -87.86379883923263, "dx": 2.8125, "dy": 2.7893269472772264}, "data":
[rows 19 to 37 of 64, columns 43 to 85 of 128]
6.3756022453308105,7.0812506675720215,7.591036796569824,7.939794063568115,8.353981018066406,8.835282325744629,9.107270240783691,9.131814002990723,9.159958839416504,9.249340057373047,9.26220703125,9.20702838897705,9.112152099609375,8.829940795898438,8.322115898132324,7.79608678817749,7.356764793395996,6.886943340301514,6.326944351196289,5.748852729797363,5.206604957580566,4.731805324554443,4.346980571746826,3.9897818565368652,3.5937817096710205,3.230440616607666,3.010517120361328,2.928377866744995,2.910973072052002,2.9098193645477295,2.912350654602051,2.955148935317993,3.077634572982788,3.228428840637207,3.351076364517212,3.533432960510254,3.8781678676605225,4.313692569732666,4.742559432983398,5.199455261230469,5.618370056152344,5.687873840332031,5.248244285583496
5.9847235679626465,6.459653854370117,6.69776725769043,6.780475616455078,6.971868991851807,7.271533489227295,7.393697261810303,7.355238914489746,7.399015426635742,7.4223103523254395,7.208094120025635,6.889856815338135,6.589019298553467,6.133721351623535,5.513341903686523,4.963545799255371,4.488094329833984,3.9231131076812744,3.334221601486206,2.847848415374756,2.407092571258545,1.9860202074050903,1.6451846361160278,1.3297852277755737,0.9984570145606995,0.771084189414978,0.661404013633728,0.5121921300888062,0.34207960963249207,0.33256760239601135,0.4756435751914978,0.6328931450843811,0.8006771802902222,1.0118184089660645,1.2231383323669434,1.4873558282852173,1.9391013383865356,2.545165538787842,3.1650986671447754,3.804767608642578,4.500946521759033,5.053659439086914,5.182199001312256
5.085042476654053,5.159496784210205,5.130621433258057,5.068094730377197,5.143256664276123,5.296692848205566,5.256727695465088,5.103440761566162,5.070593357086182,4.966065406799316,4.580117225646973,4.131748199462891,3.727595567703247,3.1815948486328125,2.589986562728882,2.1743836402893066,1.743324637413025,1.1334810256958008,0.6253221035003662,0.33426693081855774,-0.012414033524692059,-0.44097399711608887,-0.7311444878578186,-0.9356221556663513,-1.161291480064392,-1.264892816543579,-1.2578262090682983,-1.3706234693527222,-1.5301440954208374,-1.4850256443023682,-1.3366103172302246,-1.2894275188446045,-1.2056900262832642,-0.9162882566452026,-0.544805109500885,-0.20478695631027222,0.2057281732559204,0.7640001177787781,1.4105942249298096,2.0991294384002686,2.826474666595459,3.5214502811431885,4.0267791748046875
3.141646146774292,3.002373695373535,2.9507107734680176,2.9058053493499756,2.8988492488861084,2.914795398712158,2.7868242263793945,2.599395751953125,2.499199867248535,2.2770464420318604,1.8414257764816284,1.463122844696045,1.1282172203063965,0.5988738536834717,0.07984662055969238,-0.2016320377588272,-0.5522878766059875,-1.1004390716552734,-1.4661391973495483,-1.6307743787765503,-1.966866135597229,-2.3665568828582764,-2.5111007690429688,-2.596238136291504,-2.833165168762207,-2.9782509803771973,-2.939647912979126,-2.93900465965271,-2.9346070289611816,-2.764632225036621,-2.603895664215088,-2.5914154052734375,-2.5097389221191406,-2.2272653579711914,-1.8930878639221191,-1.591315507888794,-1.2581497430801392,-0.8408968448638916,-0.30424433946609497,0.334067165851593,0.9640615582466125,1.5267446041107178,2.0353844165802
1.013142704963684,0.9141250252723694,0.9866183400154114,0.9515578746795654,0.8035388588905334,0.6905713677406311,0.5519883036613464,0.3879682421684265,0.23794111609458923,-0.04452706500887871,-0.41936755180358887,-0.6322996616363525,-0.8054820895195007,-1.2026336193084717,-1.609477162361145,-1.8165600299835205,-2.081094980239868,-2.468637466430664,-2.6870150566101074,-2.816879987716675,-3.1275079250335693,-3.3903796672821045,-3.3772084712982178,-3.3966822624206543,-3.6087486743927,-3.719404458999634,-3.672621726989746,-3.679100275039673,-3.684251308441162,-3.5840654373168945,-3.489231586456299,-3.3812570571899414,-3.155656337738037,-2.9472498893737793,-2.824152708053589,-2.596687078475952,-2.258660316467285,-1.9825544357299805,-1.6948621273040771,-1.2718085050582886,-0.8424917459487915,-0.4900859594345093,-0.12934212386608124
-0.20296072959899902,-0.2425970584154129,-0.15758271515369415,-0.27628621459007263,-0.5294296145439148,-0.7050280570983887,-0.8797146081924438,-1.1074113845825195,-1.3276957273483276,-1.5830191373825073,-1.848141074180603,-2.0000789165496826,-2.1215994358062744,-2.3448829650878906,-2.5549516677856445,-2.668276786804199,-2.805415153503418,-2.964686393737793,-3.038797378540039,-3.119565963745117,-3.2839949131011963,-3.3773224353790283,-3.3766539096832275,-3.448633909225464,-3.522005319595337,-3.446441650390625,-3.3838207721710205,-3.4504776000976562,-3.4813787937164307,-3.4731762409210205,-3.5281004905700684,-3.4631271362304688,-3.226119041442871,-3.131682872772217,-3.1679563522338867,-2.984797239303589,-2.673034191131592,-2.5439324378967285,-2.468785524368286,-2.2566394805908203,-2.0483431816101074,-1.9013352394104004,-1.7066690921783447
-0.5780249238014221,-0.6754627227783203,-0.7727408409118652,-0.9967141151428223,-1.2024472951889038,-1.3419357538223267,-1.5696759223937988,-1.875595211982727,-2.1222164630889893,-2.303173065185547,-2.4958655834198,-2.731478452682495,-2.957420587539673,-3.090702772140503,-3.1526334285736084,-3.2233831882476807,-3.2775211334228516,-3.2739861011505127,-3.2720327377319336,-3.27707839012146,-3.21089768409729,-3.129974365234375,-3.173251152038574,-3.2568719387054443,-3.174940347671509,-3.017164468765259,-3.0293421745300293,-3.0926473140716553,-2.9542343616485596,-2.797394275665283,-2.857727527618408,-2.9113855361938477,-2.8063466548919678,-2.7626841068267822,-2.7745208740234375,-2.6349382400512695,-2.475072145462036,-2.4376072883605957,-2.3361146450042725,-2.1441705226898193,-2.072294235229492,-2.107924461364746,-2.147376775741577
-0.5918740630149841,-0.8338019847869873,-1.2026728391647339,-1.4951986074447632,-1.5887045860290527,-1.6845329999923706,-1.9080477952957153,-2.148367404937744,-2.3511037826538086,-2.533656358718872,-2.723449468612671,-2.993891716003418,-3.2769393920898438,-3.4224090576171875,-3.5291261672973633,-3.711840867996216,-3.8225769996643066,-3.835521936416626,-3.9082906246185303,-3.9469218254089355,-3.8017828464508057,-3.64258074760437,-3.604656457901001,-3.5336172580718994,-3.359144449234009,-3.256875514984131,-3.312812566757202,-3.334311008453369,-3.147523880004883,-2.9055066108703613,-2.8223891258239746,-2.807283401489258,-2.704249858856201,-2.548736333847046,-2.3762412071228027,-2.2052669525146484,-2.105050802230835,-1.9797883033752441,-1.7069814205169678,-1.455873966217041,-1.3755428791046143,-1.3964438438415527,-1.5711669921875
-0.5463778972625732,-0.9553483128547668,-1.4977298974990845,-1.8012903928756714,-1.8676280975341797,-2.0106115341186523,-2.2060859203338623,-2.319596529006958,-2.504065752029419,-2.7883546352386475,-3.0024526119232178,-3.1881396770477295,-3.4151430130004883,-3.60857892036438,-3.8309433460235596,-4.118941307067871,-4.306798458099365,-4.42266845703125,-4.6236772537231445,-4.796428203582764,-4.840061664581299,-4.854034423828125,-4.815803527832031,-4.691857814788818,-4.60714054107666,-4.54436731338501,-4.426180362701416,-4.374192714691162,-4.390708923339844,-4.282327651977539,-4.066572189331055,-3.884697437286377,-3.691850185394287,-3.4071457386016846,-3.0787551403045654,-2.7892560958862305,-2.541597843170166,-2.257904052734375,-1.9525296688079834,-1.7270526885986328,-1.5243786573410034,-1.3327709436416626,-1.419255256652832
-0.7891406416893005,-1.3074774742126465,-1.8130704164505005,-2.103706121444702,-2.263240337371826,-2.495121479034424,-2.701786994934082,-2.8167226314544678,-3.040229320526123,-3.3613059520721436,-3.5730597972869873,-3.7338459491729736,-3.9640052318573,-4.195339679718018,-4.4151835441589355,-4.649271011352539,-4.844555854797363,-5.0327935218811035,-5.246964931488037,-5.4349775314331055,-5.647867202758789,-5.867051601409912,-5.930123805999756,-5.959000587463379,-6.101799964904785,-6.059612274169922,-5.778717517852783,-5.722065448760986,-5.868764877319336,-5.763398170471191,-5.494082927703857,-5.359350681304932,-5.2241315841674805,-4.971019744873047,-4.711460590362549,-4.430159091949463,-4.108541488647461,-3.8877737522125244,-3.787637948989868,-3.6352293491363525,-3.3618721961975098,-3.1672255992889404,-3.2406036853790283
-1.0748730897903442,-1.595099687576294,-1.969995379447937,-2.3452861309051514,-2.681535005569458,-2.94265079498291,-3.184183120727539,-3.442711591720581,-3.6939198970794678,-3.8941972255706787,-4.07534646987915,-4.326657772064209,-4.615398406982422,-4.820727825164795,-4.9413557052612305,-5.068443298339844,-5.253251552581787,-5.454940319061279,-5.563501358032227,-5.612297058105469,-5.762301445007324,-5.918399810791016,-5.931209564208984,-6.020525932312012,-6.221548080444336,-6.166913032531738,-5.9957451820373535,-6.136349678039551,-6.263663291931152,-6.032066345214844,-5.909482955932617,-6.081683158874512,-6.096583843231201,-5.968428611755371,-5.977507591247559,-5.923564910888672,-5.7610650062561035,-5.827338218688965,-6.007252216339111,-5.920547008514404,-5.752444267272949,-5.89389181137085,-6.184244155883789
-0.6886640191078186,-1.1712716817855835,-1.5119919776916504,-2.0799732208251953,-2.6034047603607178,-2.8650903701782227,-3.154857635498047,-3.5536983013153076,-3.768185615539551,-3.800208806991577,-3.9317030906677246,-4.187589645385742,-4.397740840911865,-4.515726089477539,-4.580705642700195,-4.642901420593262,-4.759145259857178,-4.864042282104492,-4.8476362228393555,-4.817564964294434,-4.892283916473389,-4.914863109588623,-4.847559928894043,-4.912966251373291,-5.004155158996582,-4.892811298370361,-4.913424968719482,-5.252245903015137,-5.376803398132324,-5.230600357055664,-5.438161849975586,-5.860830307006836,-5.919427394866943,-5.908392429351807,-6.183651924133301,-6.351041316986084,-6.357088565826416,-6.6276679039001465,-6.973872184753418,-7.016026973724365,-7.071755886077881,-7.457254409790039,-7.860432147979736
0.21131440997123718,-0.30046194791793823,-0.7008064985275269,-1.3808186054229736,-2.023569345474243,-2.3921258449554443,-2.786659002304077,-3.2006640434265137,-3.3004767894744873,-3.217478036880493,-3.2543182373046875,-3.3227579593658447,-3.346666097640991,-3.4457530975341797,-3.56392502784729,-3.5999436378479004,-3.6232693195343018,-3.6269607543945312,-3.573080062866211,-3.600210428237915,-3.7256624698638916,-3.7725188732147217,-3.802220582962036,-3.9678866863250732,-4.076507091522217,-4.017481803894043,-4.102794647216797,-4.374571800231934,-4.484393119812012,-4.546388149261475,-4.898809909820557,-5.237101078033447,-5.255701065063477,-5.344515323638916,-5.671187400817871,-5.850308895111084,-5.90732479095459,-6.169045925140381,-6.4976959228515625,-6.721502304077148,-7.01637077331543,-7.377677917480469,-7.6669769287109375
0.754224419593811,0.1774216890335083,-0.23432070016860962,-0.8114000558853149,-1.4467822313308716,-1.9855949878692627,-2.483896017074585,-2.8051235675811768,-2.8171582221984863,-2.7606115341186523,-2.754350423812866,-2.6533634662628174,-2.597831964492798,-2.7723958492279053,-2.9612863063812256,-3.0371718406677246,-3.154284954071045,-3.28534197807312,-3.3495066165924072,-3.4673335552215576,-3.634315013885498,-3.7338027954101562,-3.855706214904785,-4.069811820983887,-4.245874881744385,-4.347376346588135,-4.447599411010742,-4.520156383514404,-4.56325101852417,-4.668644428253174,-4.802475452423096,-4.84766960144043,-4.857505798339844,-4.936651229858398,-5.0176849365234375,-5.054039001464844,-5.151923179626465,-5.312460899353027,-5.464055061340332,-5.731291770935059,-6.159839630126953,-6.504156589508057,-6.751814365386963
0.5165581703186035,-0.049159858375787735,-0.394264817237854,-0.7328355312347412,-1.1493138074874878,-1.5928208827972412,-1.9626246690750122,-2.1469547748565674,-2.2414793968200684,-2.451021909713745,-2.6511104106903076,-2.65612530708313,-2.6816794872283936,-2.8659887313842773,-3.0093441009521484,-3.146267890930176,-3.4583799839019775,-3.7891411781311035,-3.996159791946411,-4.192874431610107,-4.389987468719482,-4.543578624725342,-4.7050652503967285,-4.840470790863037,-4.951249122619629,-5.128175735473633,-5.25832462310791,-5.248794078826904,-5.274341106414795,-5.32105016708374,-5.200526237487793,-5.068892955780029,-5.082036972045898,-4.99678897857666,-4.748020648956299,-4.639406204223633,-4.7134528160095215,-4.723689556121826,-4.664261817932129,-4.748770713806152,-5.030191421508789,-5.365310192108154,-5.665435791015625
-0.3217288553714752,-0.8547778725624084,-1.2258892059326172,-1.4116283655166626,-1.4456274509429932,-1.403435468673706,-1.344090223312378,-1.3199903964996338,-1.4803440570831299,-1.9148277044296265,-2.385368824005127,-2.6375651359558105,-2.7615842819213867,-2.8612499237060547,-2.912709951400757,-3.052295446395874,-3.3492753505706787,-3.614891529083252,-3.817880392074585,-4.06904935836792,-4.312138080596924,-4.544832229614258,-4.815845489501953,-4.989039421081543,-5.077215671539307,-5.260702133178711,-5.426855087280273,-5.469933986663818,-5.561771392822266,-5.636618614196777,-5.529354572296143,-5.448812007904053,-5.451450824737549,-5.2653045654296875,-4.970519542694092,-4.811172962188721,-4.681131362915039,-4.511566162109375,-4.385634422302246,-4.231461524963379,-4.117806434631348,-4.241740703582764,-4.408750534057617
-1.292866826057434,-1.9229649305343628,-2.531521797180176,-2.8018717765808105,-2.5843214988708496,-2.111039638519287,-1.7019917964935303,-1.4269533157348633,-1.2832753658294678,-1.3756746053695679,-1.6378979682922363,-1.8241393566131592,-1.8824288845062256,-1.9197620153427124,-1.9852614402770996,-2.104816198348999,-2.2433180809020996,-2.348252773284912,-2.515568733215332,-2.76572847366333,-2.948402166366577,-3.112294912338257,-3.3790972232818604,-3.609482765197754,-3.7526676654815674,-3.9525458812713623,-4.152304649353027,-4.279226779937744,-4.449491024017334,-4.624648094177246,-4.711079120635986,-4.796334266662598,-4.84916353225708,-4.806713104248047,-4.795886993408203,-4.728806018829346,-4.466179370880127,-4.30134391784668,-4.283562183380127,-3.997499942779541,-3.5958023071289062,-3.498060464859009,-3.383234739303589
-2.08128023147583,-2.8486852645874023,-3.662475109100342,-4.054559707641602,-3.832101583480835,-3.3831067085266113,-3.0708670616149902,-2.6945903301239014,-2.033616542816162,-1.3733150959014893,-0.9687474370002747,-0.6821421384811401,-0.45551905035972595,-0.4096408188343048,-0.48519185185432434,-0.5446509718894958,-0.6064682006835938,-0.7396789789199829,-0.9438788890838623,-1.1264410018920898,-1.199499249458313,-1.2417627573013306,-1.3466781377792358,-1.446401834487915,-1.5261518955230713,-1.663124442100525,-1.8165208101272583,-1.951064944267273,-2.131087303161621,-2.345160961151123,-2.560168981552124,-2.777486562728882,-2.948941230773926,-3.133608102798462,-3.393684148788452,-3.5158138275146484,-3.481281042098999,-3.6036064624786377,-3.7021312713623047,-3.4064571857452393,-3.1053664684295654,-3.072467088699341,-2.7921173572540283
-2.6221280097961426,-3.3246893882751465,-3.9734206199645996,-4.197648525238037,-3.9881603717803955,-3.8113415241241455,-3.831547737121582,-3.546365737915039,-2.680694818496704,-1.6945428848266602,-0.9444164633750916,-0.2902795076370239,0.253246545791626,0.49507370591163635,0.5757800936698914,0.6805450916290283,0.6820265650749207,0.529629111289978,0.4098895192146301,0.3775714337825775,0.3172871172428131,0.21652895212173462,0.16863630712032318,0.18616515398025513,0.1893722265958786,0.15534608066082,0.12342119961977005,0.06813929975032806,-0.05113307759165764,-0.2064584344625473,-0.3951072096824646,-0.6319849491119385,-0.8862953782081604,-1.1675719022750854,-1.4647202491760254,-1.7144218683242798,-2.0166993141174316,-2.391488790512085,-2.5014381408691406,-2.3515379428863525,-2.4319546222686768,-2.5986406803131104,-2.3184914588928223
