earth/public/data/atmosphere/W07/ANN-rh-isobaric-250hPa-gfs-1.0.json
{"header": {"discipline": 0, "disciplineName": "Meteorological products", "gribEdition": 2, "gribLength": 17922.0, "center": 0, "centerName": "Kiel Climate Model", "subcenter": 0, "refTime": "1", "significanceOfRT": 1, "significanceOfRTName": "Start of forecast", "productStatus": 0, "productStatusName": "Operational products", "productType": 1, "productTypeName": "Forecast products", "productDefinitionTemplate": 0, "productDefinitionTemplateName": "Analysis/forecast at horizontal level/layer at a point in time", "parameterCategory": 2, "parameterCategoryName": "Momentum", "parameterNumber": 2, "parameterNumberName": "U-component_of_wind", "parameterUnit": "%", "genProcessType": 2, "genProcessTypeName": "Forecast", "forecastTime": 0, "surface1Type": 103, "surface1TypeName": "Specified height level above ground", "surface1Value": 10, "surface2Type": 255, "surface2TypeName": "Missing", "surface2Value": 0, "gridDefinitionTemplate": 0, "gridDefinitionTemplateName": "Latitude_Longitude", "numberPoints": 65160, "shape": 6, "shapeName": "Earth spherical with radius of 6,371,229.0 m", "gridUnits": "degrees", "resolution": 48, "winds": "true", "scanMode": 0, "nx": 128.0, "ny": 64.0, "basicAngle": 0, "subDivisions": 0, "lo1": 0.0, "la1": 87.86379883923263, "lo2": 357.1875, "la2": -87.86379883923263, "dx": 2.8125, "dy": 2.7893269472772264}, "data":
[rows 19 to 37 of 64, columns 0 to 42 of 128]
0.49675413966178894,0.4921322762966156,0.4815031886100769,0.4642101228237152,0.4413902163505554,0.41655442118644714,0.39220577478408813,0.37047290802001953,0.35310497879981995,0.33890262246131897,0.32672280073165894,0.3198246359825134,0.32032302021980286,0.3234025835990906,0.32475700974464417,0.3276072144508362,0.3350224494934082,0.3429933190345764,0.3468916714191437,0.3461291193962097,0.3396975100040436,0.3274488151073456,0.3160247504711151,0.31271862983703613,0.3165901005268097,0.32661163806915283,0.3509012758731842,0.3944966495037079,0.44682279229164124,0.4938933551311493,0.5324556827545166,0.5629772543907166,0.5844998359680176,0.6044448614120483,0.6333528757095337,0.6630749106407166,0.6733291745185852,0.6640924215316772,0.6556729078292847,0.655820369720459,0.6545895934104919,0.6492087244987488,0.6455633640289307
0.44942981004714966,0.4397565722465515,0.4270055592060089,0.40969768166542053,0.38903510570526123,0.36943545937538147,0.35209548473358154,0.33680346608161926,0.325143426656723,0.3166297972202301,0.3095477223396301,0.30733394622802734,0.31408771872520447,0.3251047730445862,0.33239370584487915,0.33567872643470764,0.3389435112476349,0.34244781732559204,0.34449106454849243,0.3433631360530853,0.3360576629638672,0.32473427057266235,0.3206506669521332,0.3293266296386719,0.3400603234767914,0.3452792763710022,0.3587729334831238,0.3967435359954834,0.4527204632759094,0.5083301067352295,0.5548949241638184,0.5899306535720825,0.6111496686935425,0.6267781257629395,0.6487149596214294,0.6667265892028809,0.6589885950088501,0.6330187916755676,0.6199408173561096,0.6263254880905151,0.6311222314834595,0.627022385597229,0.6240251064300537
0.4006335139274597,0.38772138953208923,0.37605634331703186,0.3631947636604309,0.3498854637145996,0.3405744433403015,0.33432042598724365,0.3276745676994324,0.32276949286460876,0.32277438044548035,0.3261646032333374,0.33214569091796875,0.34293773770332336,0.35695603489875793,0.3680010139942169,0.3718426525592804,0.3685857653617859,0.36208269000053406,0.35861727595329285,0.35974887013435364,0.3591529130935669,0.35487526655197144,0.3568556606769562,0.37090784311294556,0.38584423065185547,0.39024117588996887,0.3909047245979309,0.4010426104068756,0.42265576124191284,0.453776478767395,0.4969470798969269,0.5455936789512634,0.5805749297142029,0.5951358079910278,0.601652979850769,0.6030649542808533,0.5884843468666077,0.5662626624107361,0.5624200105667114,0.5779999494552612,0.5888709425926208,0.5886312127113342,0.589583694934845
0.3813544511795044,0.3721664845943451,0.36517634987831116,0.35806170105934143,0.3510579764842987,0.34812018275260925,0.3483731746673584,0.3473707139492035,0.3469413220882416,0.3527529239654541,0.36403387784957886,0.37507903575897217,0.3838714361190796,0.39238157868385315,0.4004972577095032,0.4037020802497864,0.39850151538848877,0.3901803493499756,0.38914936780929565,0.3959425687789917,0.3990158438682556,0.3926871418952942,0.38620230555534363,0.38982540369033813,0.4030213952064514,0.41964900493621826,0.4339003264904022,0.43970081210136414,0.4362525939941406,0.4367695450782776,0.4586859941482544,0.4986899495124817,0.5306078195571899,0.5376471281051636,0.5313514471054077,0.527517557144165,0.5253610610961914,0.5243486762046814,0.5338579416275024,0.5517749786376953,0.562999427318573,0.5661600828170776,0.5709202885627747
0.41117963194847107,0.404599130153656,0.3970811665058136,0.39075905084609985,0.3863915801048279,0.3855893313884735,0.38815534114837646,0.39068761467933655,0.3931097388267517,0.40016838908195496,0.4126255512237549,0.42417603731155396,0.430010586977005,0.4324049651622772,0.43460583686828613,0.4336303472518921,0.42570123076438904,0.4167514145374298,0.4162437319755554,0.42030271887779236,0.4155149757862091,0.39992475509643555,0.3852458596229553,0.38127145171165466,0.3922673761844635,0.42031219601631165,0.45776960253715515,0.4864601790904999,0.4964134097099304,0.4971778690814972,0.503695011138916,0.5176738500595093,0.527549147605896,0.524885892868042,0.5162492394447327,0.5136837959289551,0.5184916853904724,0.5248083472251892,0.5319705605506897,0.5412362217903137,0.5503338575363159,0.5594490766525269,0.5693632364273071
0.48026323318481445,0.4713134765625,0.45805054903030396,0.44792652130126953,0.44265174865722656,0.44049185514450073,0.4405587613582611,0.4410383701324463,0.44142934679985046,0.44537168741226196,0.454444020986557,0.46368783712387085,0.46848076581954956,0.4707813560962677,0.4737491309642792,0.4736079275608063,0.46387770771980286,0.44720619916915894,0.4326501786708832,0.4204799234867096,0.40423253178596497,0.3876004219055176,0.3814532458782196,0.38709717988967896,0.4005098342895508,0.4248300790786743,0.46104827523231506,0.4978596568107605,0.5246424078941345,0.5417637825012207,0.5515588521957397,0.553860604763031,0.5518136620521545,0.5493838787078857,0.5463408827781677,0.5430046319961548,0.5418835282325745,0.5419477820396423,0.540988564491272,0.5427201986312866,0.5530614256858826,0.5709367394447327,0.5873340368270874
0.5630420446395874,0.5530411005020142,0.5387250781059265,0.5259308218955994,0.5163806080818176,0.5089436173439026,0.5028879046440125,0.4959731101989746,0.4880046546459198,0.48384010791778564,0.48534753918647766,0.48750728368759155,0.4869639277458191,0.48681125044822693,0.4905869960784912,0.4946814179420471,0.488599568605423,0.46653082966804504,0.43652617931365967,0.41102057695388794,0.3943618834018707,0.38790425658226013,0.3953823745250702,0.41406872868537903,0.43476951122283936,0.45615890622138977,0.4834107756614685,0.5129104256629944,0.5356955528259277,0.5511298179626465,0.5619572401046753,0.5662941336631775,0.5652164816856384,0.5637435913085938,0.5611318349838257,0.5561890602111816,0.5557353496551514,0.5624904036521912,0.5689828395843506,0.574897825717926,0.5906558632850647,0.6162372827529907,0.6364753246307373
0.6232494115829468,0.616317629814148,0.6094110608100891,0.6001248359680176,0.5877867341041565,0.5761778354644775,0.5681324005126953,0.5583817958831787,0.5429794788360596,0.5279566049575806,0.5186187624931335,0.5122950077056885,0.5052814483642578,0.4961341619491577,0.48552727699279785,0.4765675961971283,0.46698087453842163,0.44752249121665955,0.41920146346092224,0.3981817066669464,0.39394301176071167,0.400566965341568,0.414000540971756,0.4365517497062683,0.46501848101615906,0.4952370822429657,0.5299155116081238,0.5643178820610046,0.5829473733901978,0.5842912793159485,0.5839186310768127,0.5876557230949402,0.5881263613700867,0.5829942226409912,0.5758702158927917,0.5720697641372681,0.58021080493927,0.5999928712844849,0.617729127407074,0.6307752728462219,0.6526778936386108,0.6825688481330872,0.7008587718009949
0.6491716504096985,0.6448425054550171,0.644921064376831,0.643032968044281,0.6344000697135925,0.623873770236969,0.6184108257293701,0.6122696995735168,0.596605122089386,0.5757589936256409,0.5597939491271973,0.5520356893539429,0.5470141172409058,0.5317257642745972,0.49866825342178345,0.46057063341140747,0.4349774718284607,0.42017117142677307,0.4069022238254547,0.4004749655723572,0.40910792350769043,0.42657071352005005,0.44566139578819275,0.4701673090457916,0.5007925629615784,0.5326349139213562,0.5688449740409851,0.6084575057029724,0.6323292851448059,0.6313871741294861,0.6250674724578857,0.6287022829055786,0.6344196200370789,0.6342127323150635,0.6313818097114563,0.632120668888092,0.6421083211898804,0.6589955687522888,0.6725072860717773,0.6856131553649902,0.7113592624664307,0.7411565184593201,0.7527269124984741
0.6793166399002075,0.6747624278068542,0.6705162525177002,0.668685793876648,0.6655015349388123,0.659079909324646,0.6533991694450378,0.6469878554344177,0.6346632838249207,0.6189060807228088,0.6071330308914185,0.6025972366333008,0.5979167819023132,0.5757982134819031,0.5287696719169617,0.4757669270038605,0.44280022382736206,0.4338358938694,0.4354500472545624,0.4415235221385956,0.45730704069137573,0.48331770300865173,0.5123578906059265,0.5406803488731384,0.5662794709205627,0.5852664113044739,0.6030624508857727,0.6286326050758362,0.652934193611145,0.6621914505958557,0.6643816232681274,0.6737812757492065,0.6881361603736877,0.6994526982307434,0.7063091397285461,0.711421012878418,0.7185611724853516,0.7260880470275879,0.7299303412437439,0.7390879392623901,0.7632769346237183,0.7870655655860901,0.7913762331008911
0.7433367371559143,0.7402362823486328,0.7222045660018921,0.7044186592102051,0.696643590927124,0.6937322616577148,0.6870627403259277,0.6746997833251953,0.6632381081581116,0.6586815118789673,0.6582422852516174,0.6542113423347473,0.6360710263252258,0.594842791557312,0.5393083095550537,0.49360033869743347,0.47172826528549194,0.4705670475959778,0.4819060266017914,0.4996561110019684,0.5244236588478088,0.5587741732597351,0.5950379371643066,0.622665524482727,0.6408309936523438,0.6510986685752869,0.655645489692688,0.6639402508735657,0.6806057095527649,0.6981099247932434,0.7130506038665771,0.7302771806716919,0.7494900822639465,0.7639514207839966,0.7700924277305603,0.7729529738426208,0.7799977660179138,0.7882479429244995,0.7913216352462769,0.7974124550819397,0.8141839504241943,0.8277505040168762,0.8266850709915161
0.8143590688705444,0.81943678855896,0.7924444675445557,0.7490063905715942,0.7200711965560913,0.7152453064918518,0.7146018147468567,0.7027866840362549,0.6919571757316589,0.6946209669113159,0.7010619640350342,0.6952335238456726,0.6646894216537476,0.6056073307991028,0.5405498147010803,0.5011573433876038,0.4898435175418854,0.49325913190841675,0.510624885559082,0.5417190194129944,0.5801302194595337,0.6229782104492188,0.6624947786331177,0.6878246665000916,0.7026712894439697,0.7146949172019958,0.7211134433746338,0.7233257293701172,0.7309117317199707,0.7464700937271118,0.7668275237083435,0.7907744646072388,0.8136885762214661,0.825598955154419,0.822817325592041,0.8171042799949646,0.8228917121887207,0.836265504360199,0.8446645140647888,0.8506877422332764,0.8603560328483582,0.864937424659729,0.8592048287391663
0.8590408563613892,0.8766844868659973,0.8552334904670715,0.7939015030860901,0.7360722422599792,0.7192068696022034,0.726681113243103,0.726107120513916,0.720917284488678,0.7228792309761047,0.7219972610473633,0.709125280380249,0.6790315508842468,0.6224545240402222,0.5552355647087097,0.5131236910820007,0.5027647614479065,0.5092093348503113,0.5324575901031494,0.5737096071243286,0.6219033598899841,0.669817328453064,0.7118625044822693,0.7399017214775085,0.7568082213401794,0.7699316143989563,0.7773769497871399,0.7785382866859436,0.7799081802368164,0.786502480506897,0.8018519878387451,0.8269893527030945,0.8527706861495972,0.8644346594810486,0.8574765920639038,0.8460135459899902,0.8487883806228638,0.8650931715965271,0.8795575499534607,0.8876192569732666,0.893048107624054,0.8925678730010986,0.8844862580299377
0.8759804964065552,0.9031919836997986,0.8967609405517578,0.8377473950386047,0.7633596062660217,0.7285642623901367,0.7317485809326172,0.7372450828552246,0.7370284795761108,0.7334600687026978,0.7157133221626282,0.6871442794799805,0.6567464470863342,0.6125531792640686,0.5556929707527161,0.5170994997024536,0.5111420154571533,0.5261775255203247,0.5569630265235901,0.6020757555961609,0.6521519422531128,0.7000535726547241,0.7412049174308777,0.7704319953918457,0.7884352207183838,0.7985774874687195,0.8030956983566284,0.806167483329773,0.8087239861488342,0.8099460005760193,0.8173336982727051,0.8363937735557556,0.8574874997138977,0.8671671748161316,0.8620797991752625,0.852165162563324,0.8547340631484985,0.8736608624458313,0.8923242092132568,0.8986805081367493,0.8976855278015137,0.8952138423919678,0.8910459876060486
0.8608177900314331,0.8917087912559509,0.8994166851043701,0.859568178653717,0.7924178242683411,0.745858371257782,0.7300982475280762,0.7236959338188171,0.7184765934944153,0.7089753746986389,0.6819148659706116,0.64341139793396,0.6079525947570801,0.5697194337844849,0.5277847051620483,0.5036367774009705,0.5083110332489014,0.5321927666664124,0.5674346685409546,0.6109824180603027,0.6580266356468201,0.7027190327644348,0.7378458976745605,0.760460376739502,0.7744019031524658,0.7818078994750977,0.7856818437576294,0.7926350831985474,0.8004522919654846,0.8037901520729065,0.8097156882286072,0.8232369422912598,0.835923969745636,0.841810405254364,0.8408368825912476,0.8349571824073792,0.8365668058395386,0.8547385931015015,0.8739109635353088,0.8766078948974609,0.8703293800354004,0.8687736988067627,0.869705855846405
0.7975168228149414,0.829016923904419,0.8464217185974121,0.8310615420341492,0.789137065410614,0.7455218434333801,0.7116495966911316,0.6867719292640686,0.6710556149482727,0.6563807129859924,0.6315271854400635,0.6001744866371155,0.5688904523849487,0.5357229709625244,0.5069051384925842,0.49576085805892944,0.5036115646362305,0.5247452855110168,0.5561776161193848,0.5934174060821533,0.6324909925460815,0.6698769927024841,0.6974500417709351,0.712716817855835,0.7224985957145691,0.7289835810661316,0.7324228286743164,0.7382735013961792,0.7458999156951904,0.7516745328903198,0.7606022357940674,0.773198127746582,0.7823265790939331,0.789599597454071,0.7960677742958069,0.7940755486488342,0.7903904318809509,0.8011518716812134,0.8188485503196716,0.8252173662185669,0.823360800743103,0.8236450552940369,0.8209393620491028
0.695693850517273,0.7257385849952698,0.7508550882339478,0.7602251768112183,0.7516258358955383,0.7247985601425171,0.6852569580078125,0.6498153209686279,0.6269270777702332,0.6055914759635925,0.5801451802253723,0.5589300990104675,0.5415435433387756,0.521653950214386,0.5055397748947144,0.4989251494407654,0.4974471628665924,0.5038101077079773,0.5240176320075989,0.5513249635696411,0.5781427621841431,0.603996217250824,0.6245068311691284,0.6367174983024597,0.6455652117729187,0.6519514918327332,0.6539521813392639,0.6556860208511353,0.6593563556671143,0.6643496751785278,0.6734814643859863,0.6844975352287292,0.6929650902748108,0.7047848105430603,0.720089852809906,0.7244877219200134,0.7183844447135925,0.7206326723098755,0.7346912622451782,0.7474566698074341,0.753687858581543,0.753461480140686,0.742885172367096
0.5888387560844421,0.6127287745475769,0.6428868770599365,0.6748420596122742,0.6994036436080933,0.6956441402435303,0.6601207852363586,0.6201077103614807,0.5924513936042786,0.564946711063385,0.5341507792472839,0.515326976776123,0.5099647045135498,0.5067406296730042,0.5033621191978455,0.4976922869682312,0.48460254073143005,0.47364723682403564,0.47769826650619507,0.49160516262054443,0.5063977837562561,0.5219888687133789,0.5359975695610046,0.5449650883674622,0.5515397787094116,0.5563388466835022,0.5574893355369568,0.5578875541687012,0.5599674582481384,0.563466489315033,0.569607675075531,0.5767070055007935,0.5829576849937439,0.5944808721542358,0.6122963428497314,0.6239121556282043,0.624439537525177,0.6251072883605957,0.6334121227264404,0.6453199982643127,0.6541351675987244,0.6544063687324524,0.6458287239074707
0.501240611076355,0.5138700008392334,0.5405825972557068,0.5822347402572632,0.6271123886108398,0.6459181308746338,0.6257027387619019,0.5898986458778381,0.5608474612236023,0.5337767004966736,0.5053620338439941,0.48830705881118774,0.4868500828742981,0.4917778968811035,0.49604836106300354,0.4930438697338104,0.4771435260772705,0.45630401372909546,0.4435264468193054,0.4402976632118225,0.44327911734580994,0.45124220848083496,0.4592643082141876,0.46302419900894165,0.4647856652736664,0.46598193049430847,0.46527719497680664,0.46412715315818787,0.46402862668037415,0.46454939246177673,0.4666002094745636,0.47000792622566223,0.4732944071292877,0.47912168502807617,0.4903355538845062,0.5033085346221924,0.5132849812507629,0.5205524563789368,0.5285314321517944,0.5397416353225708,0.5517629384994507,0.5590458512306213,0.5620503425598145
