earth/public/data/atmosphere/W07/ANN-wind-surface-level-gfs-1.0.json
{"header": {"discipline": 0, "disciplineName": "Meteorological products", "gribEdition": 2, "gribLength": 17922.0, "center": 0, "centerName": "Kiel Climate Model", "subcenter": 0, "refTime": "1", "significanceOfRT": 1, "significanceOfRTName": "Start of forecast", "productStatus": 0, "productStatusName": "Operational products", "productType": 1, "productTypeName": "Forecast products", "productDefinitionTemplate": 0, "productDefinitionTemplateName": "Analysis/forecast at horizontal level/layer at a point in time", "parameterCategory": 2, "parameterCategoryName": "Momentum", "parameterNumber": 2, "parameterNumberName": "U-component_of_wind", "parameterUnit": "m/s", "genProcessType": 2, "genProcessTypeName": "Forecast", "forecastTime": 0, "surface1Type": 103, "surface1TypeName": "Specified height level above ground", "surface1Value": 10, "surface2Type": 255, "surface2TypeName": "Missing", "surface2Value": 0, "gridDefinitionTemplate": 0, "gridDefinitionTemplateName": "Latitude_Longitude", "numberPoints": 65160, "shape": 6, "shapeName": "Earth spherical with radius of 6,371,229.0 m", "gridUnits": "degrees", "resolution": 48, "winds": "true", "scanMode": 0, "nx": 128.0, "ny": 64.0, "basicAngle": 0, "subDivisions": 0, "lo1": 0.0, "la1": 87.86379883923263, "lo2": 357.1875, "la2": -87.86379883923263, "dx": 2.8125, "dy": 2.7893269472772264}, "data":
[rows 38 to 56 of 64, columns 0 to 42 of 128]
-5.710981845855713,-5.010848045349121,-4.207089900970459,-2.59550404548645,-0.7578209638595581,-0.08430804312229156,-0.8553369045257568,-1.5319842100143433,-2.023394823074341,-2.5649325847625732,-2.5118844509124756,-2.1131973266601562,-1.7858208417892456,-2.8917763233184814,-1.9768255949020386,-1.1196790933609009,-2.4477462768554688,-4.914757251739502,-6.0547895431518555,-6.0926008224487305,-6.700173377990723,-7.608104705810547,-7.805555820465088,-7.732787132263184,-7.984199523925781,-8.177845001220703,-8.17726993560791,-8.284405708312988,-8.293923377990723,-8.0084228515625,-7.819596290588379,-7.84461784362793,-7.703850746154785,-7.341735363006592,-6.931704044342041,-6.381319522857666,-5.656680107116699,-4.923967361450195,-4.135710716247559,-3.1843199729919434,-2.3210079669952393,-1.7962284088134766,-1.436786413192749
-6.252686977386475,-5.63975191116333,-4.901043891906738,-3.479700803756714,-1.5290634632110596,-0.3977334201335907,-0.4957665503025055,-1.4416342973709106,-2.1577181816101074,-2.478508472442627,-2.218947410583496,-1.9257891178131104,-3.1188950538635254,-3.40960693359375,-2.5570576190948486,-1.8871707916259766,-2.9828379154205322,-4.741022109985352,-5.456622123718262,-5.64450216293335,-6.440695762634277,-7.244748592376709,-7.377394199371338,-7.476736068725586,-7.889493465423584,-8.041360855102539,-7.870227336883545,-7.825859069824219,-7.834909915924072,-7.704829692840576,-7.626529693603516,-7.593656063079834,-7.40882682800293,-7.194202423095703,-6.977701663970947,-6.478816032409668,-5.7926506996154785,-5.244622230529785,-4.559618949890137,-3.331209659576416,-2.0447776317596436,-1.5322965383529663,-1.1110516786575317
-5.92834997177124,-5.578723907470703,-5.112324237823486,-4.131863117218018,-2.382052421569824,-0.8289322257041931,-0.27973830699920654,-0.9932718873023987,-1.5118167400360107,-1.4500126838684082,-1.2865667343139648,-1.3345351219177246,-2.1988799571990967,-3.142791748046875,-2.9120779037475586,-3.1280696392059326,-4.185601234436035,-4.9541168212890625,-4.890202522277832,-4.9625678062438965,-5.645268440246582,-6.139093399047852,-6.201806545257568,-6.4528656005859375,-6.8521809577941895,-6.87689208984375,-6.715355396270752,-6.764541149139404,-6.864137649536133,-6.876291751861572,-6.902523994445801,-6.7943267822265625,-6.478867053985596,-6.276487827301025,-6.189463138580322,-5.850461959838867,-5.3801798820495605,-5.0520524978637695,-4.398998737335205,-2.982757806777954,-1.6018576622009277,-0.9361035227775574,-1.5268654823303223
-4.759435653686523,-4.7070746421813965,-4.659267902374268,-4.396069526672363,-3.272902011871338,-1.606724500656128,-0.2917782664299011,-0.18710589408874512,-0.20982374250888824,-0.0971049964427948,-0.3378857672214508,-0.858295202255249,-2.505207061767578,-2.9058024883270264,-3.055569648742676,-3.720090866088867,-4.529361724853516,-4.545868873596191,-4.025732517242432,-3.975156307220459,-4.389712333679199,-4.550818920135498,-4.515169620513916,-4.699024200439453,-4.855233669281006,-4.757058620452881,-4.7983903884887695,-5.092868804931641,-5.213745594024658,-5.10053825378418,-5.034938812255859,-4.960175514221191,-4.774775981903076,-4.66559362411499,-4.599623203277588,-4.356933116912842,-4.102956295013428,-3.962550640106201,-3.4343605041503906,-2.2739882469177246,-1.3506931066513062,-1.174062728881836,-2.064547300338745
-2.667280435562134,-2.756300687789917,-2.9340813159942627,-3.3263838291168213,-3.2125954627990723,-2.150096893310547,-0.8686417937278748,0.07383282482624054,0.3972845673561096,0.38755086064338684,-0.214697927236557,-1.743743896484375,-2.7433269023895264,-2.901977062225342,-2.8469932079315186,-3.142477512359619,-3.3692104816436768,-2.98596453666687,-2.460125207901001,-2.4295501708984375,-2.625203847885132,-2.5902552604675293,-2.5399622917175293,-2.666801929473877,-2.6534337997436523,-2.4664998054504395,-2.5074222087860107,-2.711193084716797,-2.6174840927124023,-2.2755444049835205,-2.099606513977051,-2.137643575668335,-2.2038304805755615,-2.2379255294799805,-2.173675298690796,-2.0107338428497314,-1.9413338899612427,-1.9595410823822021,-1.7082257270812988,-1.1790181398391724,-0.9780157208442688,-1.1651893854141235,-1.8217713832855225
-0.021192902699112892,-0.1915328949689865,-0.33918440341949463,-0.9481286406517029,-1.6395376920700073,-1.6534841060638428,-1.0224732160568237,-0.22262468934059143,0.05490460246801376,-0.05082766339182854,-0.87482750415802,-1.719588041305542,-2.0170040130615234,-1.6603105068206787,-1.292891502380371,-1.2731847763061523,-1.257277250289917,-0.9420851469039917,-0.6268715858459473,-0.5625805854797363,-0.4781925082206726,-0.22771908342838287,-0.09506771713495255,-0.15462933480739594,-0.1052107959985733,0.10233593732118607,0.23246890306472778,0.3283960521221161,0.5963825583457947,0.9143632054328918,1.027490496635437,0.965082585811615,0.8950570225715637,0.8827818036079407,0.9286587238311768,0.9528575539588928,0.8701910972595215,0.7325513958930969,0.7099019289016724,0.6767591238021851,0.36424311995506287,-0.20434482395648956,-0.5478256940841675
2.710582733154297,2.460541248321533,2.3963229656219482,1.9799861907958984,1.1882238388061523,0.5417402982711792,0.33466067910194397,0.37735000252723694,0.40732812881469727,0.2986415922641754,0.0486912727355957,-0.06191284582018852,0.2257176786661148,0.7516703009605408,1.0656191110610962,1.024716854095459,0.9396321177482605,1.0465340614318848,1.2445093393325806,1.4592722654342651,1.7956035137176514,2.2160415649414062,2.5168378353118896,2.683182716369629,2.8797450065612793,3.133754253387451,3.3592655658721924,3.5644099712371826,3.7657532691955566,3.882267951965332,3.9014320373535156,3.9384231567382812,4.035740852355957,4.1175856590271,4.126393795013428,4.038341999053955,3.875459909439087,3.699589252471924,3.5345511436462402,3.232499361038208,2.7189149856567383,2.1771111488342285,1.7963017225265503
5.270967960357666,5.0658063888549805,4.977777481079102,4.755396842956543,4.31379508972168,3.7962260246276855,3.3290395736694336,2.968424081802368,2.7571005821228027,2.663297653198242,2.580575704574585,2.4824769496917725,2.449190378189087,2.533290386199951,2.6845133304595947,2.848822832107544,3.036255121231079,3.2488181591033936,3.4623992443084717,3.694654941558838,3.9660229682922363,4.239171028137207,4.510075569152832,4.851491451263428,5.2721638679504395,5.655506610870361,5.929777145385742,6.134909629821777,6.295415878295898,6.408109188079834,6.5297064781188965,6.7128167152404785,6.882957935333252,6.931405544281006,6.864214897155762,6.7406721115112305,6.579080581665039,6.3880534172058105,6.171167373657227,5.856776714324951,5.394416809082031,4.857661724090576,4.3783698081970215
7.128868579864502,7.1250433921813965,7.002473831176758,6.776002883911133,6.566641330718994,6.403846263885498,6.182722091674805,5.845187664031982,5.5334858894348145,5.303957939147949,5.005180835723877,4.521796703338623,4.0126519203186035,3.8229012489318848,4.134411334991455,4.736617088317871,5.233808517456055,5.453962326049805,5.516623497009277,5.619513034820557,5.786400318145752,5.937075614929199,6.111151218414307,6.429663181304932,6.892234802246094,7.34175968170166,7.693733215332031,7.967505931854248,8.205486297607422,8.435434341430664,8.672204971313477,8.880678176879883,8.97740650177002,8.939592361450195,8.849620819091797,8.7658109664917,8.643878936767578,8.453080177307129,8.242471694946289,8.034806251525879,7.763421535491943,7.3703179359436035,6.9402313232421875
8.105463981628418,8.246689796447754,8.244186401367188,8.103706359863281,7.974029064178467,7.907073974609375,7.774640083312988,7.514120578765869,7.210476875305176,6.911214351654053,6.587105751037598,6.217447757720947,5.936230659484863,5.972388744354248,6.377627372741699,6.855297565460205,6.986429214477539,6.765069961547852,6.566162586212158,6.71256685256958,7.12716007232666,7.528467178344727,7.785467147827148,7.990312099456787,8.299633026123047,8.655305862426758,9.059006690979004,9.43091106414795,9.708653450012207,9.900384902954102,10.021722793579102,10.061186790466309,10.008359909057617,9.911283493041992,9.860600471496582,9.865123748779297,9.822012901306152,9.681617736816406,9.520822525024414,9.403953552246094,9.25917911529541,8.976178169250488,8.589115142822266
8.52392578125,8.639189720153809,8.80541706085205,8.89770793914795,8.878565788269043,8.814969062805176,8.73618221282959,8.611427307128906,8.440978050231934,8.263233184814453,8.114731788635254,8.01395034790039,8.008524894714355,8.110492706298828,8.232847213745117,8.22490119934082,7.977838516235352,7.650700569152832,7.562634468078613,7.874084949493408,8.411191940307617,8.852943420410156,9.0433349609375,9.088601112365723,9.184518814086914,9.402018547058105,9.810306549072266,10.220277786254883,10.47193717956543,10.560457229614258,10.537925720214844,10.457060813903809,10.344943046569824,10.221553802490234,10.139860153198242,10.116369247436523,10.07400894165039,9.954233169555664,9.792132377624512,9.645038604736328,9.495555877685547,9.274539947509766,8.977986335754395
8.298874855041504,8.387959480285645,8.649365425109863,8.91604995727539,9.015300750732422,8.983437538146973,8.966105461120605,9.012151718139648,9.068026542663574,9.070338249206543,9.010940551757812,8.925046920776367,8.861505508422852,8.819095611572266,8.776247024536133,8.743101119995117,8.782190322875977,8.91800594329834,9.129931449890137,9.349936485290527,9.501812934875488,9.53601360321045,9.484394073486328,9.427971839904785,9.457612991333008,9.625061988830566,9.927865028381348,10.178959846496582,10.372252464294434,10.428694725036621,10.38810920715332,10.324007987976074,10.240071296691895,10.092845916748047,9.898280143737793,9.718246459960938,9.578269958496094,9.451786994934082,9.317143440246582,9.181245803833008,9.060355186462402,8.953293800354004,8.852654457092285
7.587031841278076,7.73613977432251,8.004329681396484,8.264572143554688,8.3740234375,8.349820137023926,8.335508346557617,8.406917572021484,8.535396575927734,8.643532752990723,8.691963195800781,8.703320503234863,8.708935737609863,8.71519947052002,8.739200592041016,8.829170227050781,9.019207000732422,9.238667488098145,9.356619834899902,9.311885833740234,9.177029609680176,9.091386795043945,9.128401756286621,9.244184494018555,9.344544410705566,9.383955955505371,9.391216278076172,9.397684097290039,9.490633010864258,9.523518562316895,9.465020179748535,9.359481811523438,9.209748268127441,8.980968475341797,8.701225280761719,8.459030151367188,8.321364402770996,8.277636528015137,8.264714241027832,8.23151969909668,8.1681547164917,8.087120056152344,8.00293254852295
6.800984859466553,6.939075946807861,7.097360134124756,7.250971794128418,7.338992595672607,7.356423377990723,7.367264270782471,7.425967216491699,7.536679267883301,7.668666839599609,7.8011016845703125,7.929435729980469,8.035922050476074,8.084891319274902,8.061197280883789,7.992427349090576,7.916608810424805,7.834820747375488,7.736541748046875,7.659476280212402,7.685340881347656,7.857851028442383,8.107538223266602,8.27958869934082,8.257575035095215,8.065933227539062,7.8350372314453125,7.670357704162598,7.609301567077637,7.5958404541015625,7.504371643066406,7.34351110458374,7.1491217613220215,6.940077304840088,6.748019695281982,6.61038064956665,6.546232223510742,6.536017417907715,6.528075695037842,6.475387096405029,6.357772350311279,6.177487373352051,5.959402561187744
5.33141565322876,5.410722732543945,5.4966583251953125,5.628660678863525,5.789680480957031,5.949301719665527,6.098043918609619,6.222992420196533,6.311054706573486,6.34951114654541,6.346656799316406,6.325496673583984,6.301715850830078,6.274389266967773,6.240330219268799,6.207635879516602,6.190802574157715,6.197910308837891,6.232608795166016,6.302568435668945,6.4068827629089355,6.505290508270264,6.510699272155762,6.342160701751709,6.004659175872803,5.608365535736084,5.303821086883545,5.177504539489746,5.174958229064941,5.180857181549072,5.133559703826904,5.055963516235352,4.995495319366455,4.970967769622803,4.952466011047363,4.891119480133057,4.754804611206055,4.555685520172119,4.344936370849609,4.182183742523193,4.099152088165283,4.0818023681640625,4.09185791015625
3.392460584640503,3.4873406887054443,3.6095666885375977,3.778775691986084,3.9633870124816895,4.122607707977295,4.2393012046813965,4.282055854797363,4.251118183135986,4.152827739715576,4.014917373657227,3.8817014694213867,3.7936623096466064,3.7747676372528076,3.8195879459381104,3.8979732990264893,3.962761878967285,3.9666903018951416,3.882150650024414,3.715243101119995,3.502054214477539,3.2864668369293213,3.1014997959136963,2.9676949977874756,2.904477834701538,2.924009084701538,3.0180819034576416,3.132938861846924,3.1904613971710205,3.136582851409912,3.0037877559661865,2.871260404586792,2.799783706665039,2.7933475971221924,2.758190631866455,2.606264352798462,2.302753210067749,1.9121568202972412,1.574182152748108,1.4260458946228027,1.5295807123184204,1.838094711303711,2.2193644046783447
1.907541275024414,2.0032742023468018,2.0929887294769287,2.1503894329071045,2.1350481510162354,2.0320615768432617,1.887682557106018,1.740779161453247,1.6456705331802368,1.6116324663162231,1.6111422777175903,1.5910810232162476,1.481250524520874,1.2265970706939697,0.7918978333473206,0.1769607663154602,-0.5774028897285461,-1.3818525075912476,-2.1272101402282715,-2.682023525238037,-2.9354543685913086,-2.8338699340820312,-2.359445571899414,-1.6192079782485962,-0.7588121891021729,0.023670390248298645,0.5538311004638672,0.727509081363678,0.5359060764312744,0.07008795440196991,-0.5108883380889893,-1.05159592628479,-1.4425671100616455,-1.689012050628662,-1.8273576498031616,-1.9620074033737183,-2.1339361667633057,-2.3180763721466064,-2.452475070953369,-2.4722952842712402,-2.382042169570923,-2.2407264709472656,-2.1465563774108887
-0.3970215916633606,-0.5655285716056824,-0.7175963521003723,-0.8901010751724243,-1.0955029726028442,-1.2989380359649658,-1.4592063426971436,-1.5040229558944702,-1.4237030744552612,-1.272109866142273,-1.172337293624878,-1.2976411581039429,-1.7710161209106445,-2.6611733436584473,-3.914764642715454,-5.357039451599121,-6.820849895477295,-8.005758285522461,-8.671377182006836,-8.694442749023438,-7.988839626312256,-6.8065185546875,-5.284952640533447,-3.8815865516662598,-2.8034403324127197,-2.2556040287017822,-2.311020612716675,-2.9280576705932617,-3.966282367706299,-5.197595119476318,-6.36505651473999,-7.290620803833008,-7.8465495109558105,-8.090977668762207,-6.773747444152832,-7.272589683532715,-5.637821197509766,-6.75014066696167,-6.629387855529785,-6.518375873565674,-6.647893905639648,-7.01817512512207,-7.537961483001709
-4.780502796173096,-5.301701545715332,-5.658888339996338,-5.878734588623047,-5.98253059387207,-5.9566731452941895,-5.868803024291992,-5.728935718536377,-5.634587287902832,-5.674240589141846,-5.935312747955322,-6.532195091247559,-7.44257926940918,-8.627564430236816,-9.635921478271484,-9.999183654785156,-10.311870574951172,-6.787613868713379,-8.705918312072754,-6.9796881675720215,-4.965122222900391,-3.0298545360565186,-1.553594946861267,-0.8470340967178345,-0.8317185044288635,-2.0820553302764893,-3.771528720855713,-5.732617378234863,-6.877676010131836,-8.53292179107666,-9.706511497497559,-10.35775375366211,-10.516481399536133,-10.270743370056152,-9.731293678283691,-9.030858993530273,-8.311193466186523,-7.706634998321533,-7.338579177856445,-7.288135528564453,-7.566725254058838,-8.09669303894043,-8.709856986999512
