earth/public/data/atmosphere/W07/ANN-temp-isobaric-1000hPa-gfs-1.0.json
{"header": {"discipline": 0, "disciplineName": "Meteorological products", "gribEdition": 2, "gribLength": 17922.0, "center": 0, "centerName": "Kiel Climate Model", "subcenter": 0, "refTime": "1", "significanceOfRT": 1, "significanceOfRTName": "Start of forecast", "productStatus": 0, "productStatusName": "Operational products", "productType": 1, "productTypeName": "Forecast products", "productDefinitionTemplate": 0, "productDefinitionTemplateName": "Analysis/forecast at horizontal level/layer at a point in time", "parameterCategory": 2, "parameterCategoryName": "Momentum", "parameterNumber": 2, "parameterNumberName": "U-component_of_wind", "parameterUnit": "K", "genProcessType": 2, "genProcessTypeName": "Forecast", "forecastTime": 0, "surface1Type": 103, "surface1TypeName": "Specified height level above ground", "surface1Value": 10, "surface2Type": 255, "surface2TypeName": "Missing", "surface2Value": 0, "gridDefinitionTemplate": 0, "gridDefinitionTemplateName": "Latitude_Longitude", "numberPoints": 65160, "shape": 6, "shapeName": "Earth spherical with radius of 6,371,229.0 m", "gridUnits": "degrees", "resolution": 48, "winds": "true", "scanMode": 0, "nx": 128.0, "ny": 64.0, "basicAngle": 0, "subDivisions": 0, "lo1": 0.0, "la1": 87.86379883923263, "lo2": 357.1875, "la2": -87.86379883923263, "dx": 2.8125, "dy": 2.7893269472772264}, "data":
[rows 40 to 59 of 64, columns 0 to 43 of 128]
289.76123046875,289.793701171875,289.7393798828125,289.6702880859375,291.84332275390625,296.83905029296875,300.9853515625,301.51739501953125,300.2129821777344,299.3714599609375,298.6881408691406,297.43804931640625,296.119384765625,295.50433349609375,295.8095397949219,296.3594665527344,296.0206604003906,294.79095458984375,293.9253845214844,293.9056396484375,293.9227600097656,293.5680236816406,293.2771911621094,293.1573791503906,292.8501892089844,292.3796691894531,292.0964050292969,292.0297546386719,291.9657287597656,291.85198974609375,291.70404052734375,291.4983825683594,291.3487548828125,291.3507080078125,291.3943176269531,291.5387268066406,291.986083984375,292.5069885253906,292.951904296875,293.9952392578125,295.87835693359375,297.3727111816406,297.6361999511719,297.546630859375
289.00836181640625,289.10906982421875,289.1376037597656,288.6553649902344,289.515869140625,293.38616943359375,297.9993591308594,299.9020080566406,299.217529296875,298.2634582519531,297.66363525390625,296.6419372558594,295.3141784667969,294.60406494140625,294.7297058105469,294.89190673828125,294.4025573730469,293.59124755859375,293.1604919433594,293.0701904296875,292.8330383300781,292.4446105957031,292.16778564453125,291.9216003417969,291.5860595703125,291.3380126953125,291.22076416015625,290.9816589355469,290.58123779296875,290.2657775878906,290.0849914550781,289.9139099121094,289.8004150390625,289.7734680175781,289.7057800292969,289.7254333496094,290.0632629394531,290.47943115234375,290.8945617675781,292.05218505859375,294.092041015625,295.5444030761719,295.42620849609375,294.8174743652344
288.0462951660156,288.1748962402344,288.5409851074219,288.21832275390625,288.0018615722656,289.9172668457031,293.7180480957031,296.7950439453125,297.7535705566406,297.4476318359375,296.73016357421875,295.544921875,294.0932312011719,293.1236267089844,292.9129943847656,292.9376220703125,292.7156066894531,292.3589782714844,292.0948181152344,291.8056945800781,291.3836669921875,291.01226806640625,290.7603759765625,290.43426513671875,290.05609130859375,289.8739318847656,289.79315185546875,289.4736633300781,288.9972839355469,288.74713134765625,288.7191162109375,288.6180114746094,288.4242858886719,288.28228759765625,288.1875915527344,288.20013427734375,288.4334411621094,288.726318359375,289.07403564453125,290.0389404296875,291.6920471191406,292.89312744140625,292.8435974121094,292.3085632324219
286.7005920410156,286.7141418457031,287.30950927734375,287.6094970703125,287.4153747558594,288.0947570800781,290.4405822753906,293.2138366699219,294.823974609375,295.0700378417969,294.5434875488281,293.5743713378906,292.4098815917969,291.5395812988281,291.2395935058594,291.2193603515625,291.06854248046875,290.7533264160156,290.4375305175781,290.14434814453125,289.8619384765625,289.6714782714844,289.52911376953125,289.24285888671875,288.8270568847656,288.5049743652344,288.28900146484375,288.00372314453125,287.71942138671875,287.6466369628906,287.65283203125,287.41717529296875,286.9676818847656,286.59295654296875,286.4169006347656,286.435302734375,286.6598205566406,286.99932861328125,287.40667724609375,288.1181945800781,289.2042236328125,290.1419372558594,290.4556579589844,290.33465576171875
285.5465393066406,285.32354736328125,285.6843566894531,286.26446533203125,286.5970764160156,287.1043701171875,288.32421875,289.8249206542969,290.7880554199219,291.099609375,291.1424255371094,291.0230407714844,290.6506042480469,290.2099304199219,289.98028564453125,289.87872314453125,289.62384033203125,289.2186279296875,288.9010314941406,288.7345886230469,288.58648681640625,288.40667724609375,288.23077392578125,288.019287109375,287.7365417480469,287.4541931152344,287.2074890136719,286.9346923828125,286.659423828125,286.48529052734375,286.3532409667969,286.0885009765625,285.702392578125,285.3654479980469,285.13861083984375,285.0018615722656,285.028564453125,285.28839111328125,285.7248840332031,286.2732238769531,286.9014892578125,287.4815673828125,287.834716796875,287.8854675292969
284.462890625,284.16729736328125,284.1442565917969,284.40142822265625,284.79949951171875,285.41851806640625,286.306640625,287.1558837890625,287.67523193359375,288.0135192871094,288.4095153808594,288.7025146484375,288.6080627441406,288.25140380859375,288.0050354003906,287.94012451171875,287.8309326171875,287.6066589355469,287.41864013671875,287.3006591796875,287.1132507324219,286.8285827636719,286.58282470703125,286.4451599121094,286.35986328125,286.2804260253906,286.17041015625,285.947998046875,285.5994873046875,285.2569580078125,285.0351257324219,284.90283203125,284.78948974609375,284.66973876953125,284.50042724609375,284.2503967285156,284.0252990722656,283.99810791015625,284.19915771484375,284.5013427734375,284.7888488769531,285.02069091796875,285.16082763671875,285.16876220703125
282.95751953125,282.8443298339844,282.7631530761719,282.6887512207031,282.7271728515625,283.0854797363281,283.7871398925781,284.56732177734375,285.1748352050781,285.6000671386719,285.8668212890625,285.8315734863281,285.43121337890625,284.958251953125,284.802001953125,284.98382568359375,285.1872863769531,285.1922607421875,285.0506286621094,284.87457275390625,284.69158935546875,284.52105712890625,284.4027404785156,284.32916259765625,284.27972412109375,284.29034423828125,284.3670959472656,284.3969421386719,284.2795104980469,284.07720947265625,283.90985107421875,283.78387451171875,283.641357421875,283.48614501953125,283.3460388183594,283.1944885253906,283.0134582519531,282.86529541015625,282.8216857910156,282.88043212890625,283.0,283.1494445800781,283.2865905761719,283.3663024902344
281.2564392089844,281.23541259765625,281.2675476074219,281.223876953125,281.0809326171875,280.99383544921875,281.121826171875,281.4557800292969,281.85394287109375,282.1614685058594,282.2510986328125,282.0658264160156,281.7287902832031,281.52972412109375,281.6659851074219,282.0141296386719,282.253173828125,282.1989440917969,281.9446105957031,281.70635986328125,281.618896484375,281.6611633300781,281.7011413574219,281.6273193359375,281.4908447265625,281.4774169921875,281.6863708496094,282.00042724609375,282.2364196777344,282.3398742675781,282.3475646972656,282.25543212890625,282.0520324707031,281.8232421875,281.6921691894531,281.67193603515625,281.6714782714844,281.63262939453125,281.5859375,281.58880615234375,281.6727294921875,281.8374938964844,282.04296875,282.2176208496094
279.25567626953125,279.1512756347656,279.22216796875,279.4176025390625,279.5231628417969,279.416748046875,279.1864929199219,279.01715087890625,279.0093688964844,279.11248779296875,279.2038879394531,279.2208557128906,279.21942138671875,279.30023193359375,279.47528076171875,279.628173828125,279.62213134765625,279.4359436035156,279.1855163574219,279.02532958984375,279.0275573730469,279.12518310546875,279.16461181640625,279.05633544921875,278.89312744140625,278.876953125,279.10540771484375,279.47662353515625,279.8280029296875,280.1007080078125,280.3161315917969,280.4613037109375,280.49017333984375,280.414794921875,280.3138732910156,280.2499694824219,280.23272705078125,280.2566833496094,280.3196105957031,280.4014892578125,280.473876953125,280.5403137207031,280.6332702636719,280.76361083984375
276.6303405761719,276.58538818359375,276.70367431640625,277.0416259765625,277.421630859375,277.6269226074219,277.6144104003906,277.51824951171875,277.4838562011719,277.5396728515625,277.6198425292969,277.6639404296875,277.6649169921875,277.64044189453125,277.5974426269531,277.5372009277344,277.4747314453125,277.4317932128906,277.418212890625,277.43133544921875,277.46148681640625,277.4789123535156,277.4317932128906,277.296875,277.1377868652344,277.0769958496094,277.1887512207031,277.4417724609375,277.7588195800781,278.09735107421875,278.44122314453125,278.74267578125,278.92236328125,278.93548583984375,278.8154296875,278.6547546386719,278.5570983886719,278.5885925292969,278.7390441894531,278.9250793457031,279.06024169921875,279.13568115234375,279.2206726074219,279.3816223144531
274.388427734375,274.52685546875,274.68072509765625,274.9030456542969,275.1780700683594,275.4350280761719,275.6275634765625,275.765869140625,275.8758239746094,275.9576110839844,275.9953308105469,275.98931884765625,275.9625244140625,275.94427490234375,275.96173095703125,276.0384216308594,276.1764221191406,276.33392333984375,276.44140625,276.460205078125,276.4174499511719,276.3660583496094,276.3135986328125,276.212646484375,276.0299072265625,275.8107604980469,275.6634216308594,275.68206787109375,275.88525390625,276.210205078125,276.5498352050781,276.8044738769531,276.92596435546875,276.93341064453125,276.89129638671875,276.8702697753906,276.9178466796875,277.0468444824219,277.23577880859375,277.446044921875,277.6553039550781,277.87847900390625,278.1456604003906,278.455078125
273.0880432128906,273.23175048828125,273.34259033203125,273.4442138671875,273.5880432128906,273.78839111328125,274.0082702636719,274.1922607421875,274.30743408203125,274.3642272949219,274.40765380859375,274.48638916015625,274.6226501464844,274.8067321777344,275.0148620605469,275.2223815917969,275.3956604003906,275.4866027832031,275.46258544921875,275.3548278808594,275.26177978515625,275.274169921875,275.3798522949219,275.45050048828125,275.3404541015625,275.0157165527344,274.59478759765625,274.2664489746094,274.1579284667969,274.2620849609375,274.4710388183594,274.673583984375,274.83123779296875,274.9786682128906,275.1650390625,275.3984680175781,275.6405029296875,275.8456115722656,276.0032043457031,276.14825439453125,276.3359069824219,276.60003662109375,276.9237365722656,277.24346923828125
271.4853515625,271.51287841796875,271.6222839355469,271.85211181640625,272.2105407714844,272.642822265625,273.047119140625,273.33416748046875,273.4831848144531,273.5470275878906,273.6054992675781,273.70654296875,273.84405517578125,273.9839782714844,274.10528564453125,274.2114562988281,274.30523681640625,274.3647766113281,274.3599548339844,274.2980041503906,274.2418212890625,274.2635803222656,274.36602783203125,274.4500732421875,274.3731384277344,274.05853271484375,273.56536865234375,273.05987548828125,272.7146911621094,272.61474609375,272.73492431640625,272.9868469238281,273.283447265625,273.57183837890625,273.82720947265625,274.03558349609375,274.19207763671875,274.3126525878906,274.43853759765625,274.61865234375,274.8782043457031,275.1988830566406,275.5269470214844,275.80682373046875
269.7496032714844,269.8050231933594,269.9826354980469,270.33380126953125,270.8352966308594,271.3945007324219,271.8973388671875,272.2697448730469,272.50860595703125,272.6609802246094,272.7726745605469,272.8533630371094,272.8885192871094,272.8828125,272.8875732421875,272.9755859375,273.1780090332031,273.4384460449219,273.6328430175781,273.6468200683594,273.4513244628906,273.115234375,272.74761962890625,272.4203796386719,272.13446044921875,271.8504638671875,271.54974365234375,271.27191162109375,271.0996398925781,271.1065673828125,271.30828857421875,271.64813232421875,272.0230712890625,272.3305358886719,272.51220703125,272.576171875,272.59027099609375,272.6496887207031,272.8326416015625,273.16455078125,273.6087646484375,274.0892333984375,274.5299377441406,274.8865051269531
269.0354919433594,269.2634582519531,269.5221252441406,269.8276062011719,270.162841796875,270.4905090332031,270.7815856933594,271.0355529785156,271.2739562988281,271.51129150390625,271.7286682128906,271.87799072265625,271.9189147949219,271.8609619140625,271.7709045410156,271.7298278808594,271.7654113769531,271.81231689453125,271.73797607421875,271.42535400390625,270.8585205078125,270.1504821777344,269.4921875,269.0547180175781,268.90716552734375,268.9983215332031,269.2052917480469,269.41033935546875,269.5575866699219,269.6608581542969,269.76953125,269.9228820800781,270.1235656738281,270.3433532714844,270.55084228515625,270.7388916015625,270.9322814941406,271.1714172363281,271.48504638671875,271.8705139160156,272.2944030761719,272.7097473144531,273.07452392578125,273.35687255859375
267.4575500488281,267.7725830078125,268.1180419921875,268.44781494140625,268.7272644042969,268.9500732421875,269.1439208984375,269.3567199707031,269.626708984375,269.95013427734375,270.2679443359375,270.4827575683594,270.49835205078125,270.26025390625,269.771484375,269.07696533203125,268.23193359375,267.28082275390625,266.2662658691406,265.2602233886719,264.38909912109375,263.82244873046875,263.717529296875,264.14337158203125,265.02691650390625,266.1560974121094,267.2449645996094,268.0325622558594,268.3705139160156,268.2615051269531,267.8382263183594,267.29962158203125,266.8368225097656,266.5791320800781,266.57354736328125,266.79473876953125,267.17230224609375,267.6205749511719,268.0627136230469,268.445556640625,268.74383544921875,268.95379638671875,269.0776062011719,269.1048278808594
263.7836608886719,263.9190979003906,264.1829528808594,264.4992370605469,264.80743408203125,265.0846862792969,265.34918212890625,265.6420593261719,265.9951171875,266.3985595703125,266.7841796875,267.0327453613281,267.0032043457031,266.572265625,265.6703186035156,264.303955078125,262.5630187988281,260.61529541015625,258.6922607421875,257.06390380859375,255.99893188476562,255.7104034423828,256.2956237792969,257.69036865234375,259.65936279296875,261.8360900878906,263.8059387207031,265.20965576171875,265.8319396972656,265.64678955078125,264.80621337890625,263.58087158203125,262.27618408203125,261.1531677246094,260.37628173828125,259.9981994628906,259.97760009765625,260.2166748046875,260.6019592285156,261.03472900390625,261.44317626953125,261.7779235839844,261.9970703125,262.05474853515625
261.1143798828125,260.89056396484375,260.78265380859375,260.7367248535156,260.70953369140625,260.6858825683594,260.681640625,260.7305603027344,260.8600769042969,261.0647277832031,261.2886962890625,261.4248352050781,261.3326110839844,260.8713073730469,259.9400329589844,258.5140075683594,256.66839599609375,254.58192443847656,252.518310546875,250.78529357910156,249.6776123046875,249.4142608642578,250.08389282226562,251.613525390625,253.77134704589844,256.206787109375,258.5196533203125,260.34173583984375,261.4098815917969,261.6111145019531,260.99127197265625,259.7272033691406,258.0745849609375,256.3082275390625,254.66990661621094,253.33543395996094,252.40296936035156,251.89866638183594,251.79202270507812,252.0121612548828,252.4608917236328,253.0211181640625,253.564697265625,253.96383666992188
259.8791809082031,259.4080810546875,258.9416809082031,258.4554443359375,257.9378356933594,257.3971862792969,256.86083984375,256.3656005859375,255.94265747070312,255.6012725830078,255.3174285888672,255.03160095214844,254.65866088867188,254.10780334472656,253.30909729003906,252.23936462402344,250.94088745117188,249.52676391601562,248.16976928710938,247.07569885253906,246.44503784179688,246.43096923828125,247.1030731201172,248.42510986328125,250.2530517578125,252.35455322265625,254.446533203125,256.24249267578125,257.499755859375,258.0570373535156,257.8550720214844,256.9384765625,255.4402313232422,253.55430603027344,251.50291442871094,249.50469970703125,247.74810791015625,246.372314453125,245.45602416992188,245.0136260986328,244.9984893798828,245.3123779296875,245.82130432128906,246.37660217285156
256.6404113769531,256.16064453125,255.63674926757812,255.05210876464844,254.40086364746094,253.6899871826172,252.93783569335938,252.1697235107422,251.4110565185547,250.68089294433594,249.98678588867188,249.3236846923828,248.6768798828125,248.0291290283203,247.37017822265625,246.70619201660156,246.06631469726562,245.50439453125,245.0938720703125,244.916748046875,245.04786682128906,245.53775024414062,246.39727783203125,247.58798217773438,249.02024841308594,250.56048583984375,252.04635620117188,253.30775451660156,254.18971252441406,254.57371520996094,254.393798828125,253.6449432373047,252.38314819335938,250.7173309326172,248.79486083984375,246.78289794921875,244.84840393066406,243.1393585205078,241.76922607421875,240.80682373046875,240.27203369140625,240.13821411132812,240.34059143066406,240.7895050048828
