earth/public/data/atmosphere/W07/ANN-rh-isobaric-500hPa-gfs-1.0.json
{"header": {"discipline": 0, "disciplineName": "Meteorological products", "gribEdition": 2, "gribLength": 17922.0, "center": 0, "centerName": "Kiel Climate Model", "subcenter": 0, "refTime": "1", "significanceOfRT": 1, "significanceOfRTName": "Start of forecast", "productStatus": 0, "productStatusName": "Operational products", "productType": 1, "productTypeName": "Forecast products", "productDefinitionTemplate": 0, "productDefinitionTemplateName": "Analysis/forecast at horizontal level/layer at a point in time", "parameterCategory": 2, "parameterCategoryName": "Momentum", "parameterNumber": 2, "parameterNumberName": "U-component_of_wind", "parameterUnit": "%", "genProcessType": 2, "genProcessTypeName": "Forecast", "forecastTime": 0, "surface1Type": 103, "surface1TypeName": "Specified height level above ground", "surface1Value": 10, "surface2Type": 255, "surface2TypeName": "Missing", "surface2Value": 0, "gridDefinitionTemplate": 0, "gridDefinitionTemplateName": "Latitude_Longitude", "numberPoints": 65160, "shape": 6, "shapeName": "Earth spherical with radius of 6,371,229.0 m", "gridUnits": "degrees", "resolution": 48, "winds": "true", "scanMode": 0, "nx": 128.0, "ny": 64.0, "basicAngle": 0, "subDivisions": 0, "lo1": 0.0, "la1": 87.86379883923263, "lo2": 357.1875, "la2": -87.86379883923263, "dx": 2.8125, "dy": 2.7893269472772264}, "data":
[rows 0 to 18 of 64, columns 43 to 85 of 128]
0.7839345932006836,0.7843603491783142,0.7847744226455688,0.7851743102073669,0.7855587005615234,0.7859257459640503,0.786274254322052,0.7866027355194092,0.7869102954864502,0.7871960997581482,0.7874589562416077,0.7876989245414734,0.7879154086112976,0.7881083488464355,0.7882776260375977,0.7884233593940735,0.7885461449623108,0.7886462807655334,0.7887240648269653,0.7887802124023438,0.7888153791427612,0.7888301610946655,0.7888250946998596,0.788800835609436,0.7887577414512634,0.7886964678764343,0.7886170744895935,0.7885199189186096,0.7884047031402588,0.788271427154541,0.7881199717521667,0.7879494428634644,0.7877593040466309,0.7875484228134155,0.787316083908081,0.7870610356330872,0.7867818474769592,0.7864773273468018,0.7861459851264954,0.7857863903045654,0.785397469997406,0.7849778532981873,0.7845265865325928
0.781700074672699,0.7822670340538025,0.7827712893486023,0.7832071781158447,0.7835694551467896,0.7838543653488159,0.7840592265129089,0.7841836214065552,0.7842280864715576,0.7841947078704834,0.7840867042541504,0.7839087247848511,0.783665120601654,0.7833617925643921,0.7830042839050293,0.7825981378555298,0.782148540019989,0.7816609144210815,0.7811399698257446,0.7805904746055603,0.7800176739692688,0.7794265151023865,0.778822660446167,0.7782125473022461,0.7776028513908386,0.7770013809204102,0.7764158844947815,0.7758544087409973,0.7753248810768127,0.774834156036377,0.7743881940841675,0.7739911079406738,0.7736448645591736,0.7733492851257324,0.7731012105941772,0.772895097732544,0.772722601890564,0.7725727558135986,0.7724323272705078,0.7722858786582947,0.7721160650253296,0.7719042897224426,0.7716308832168579
0.7788305878639221,0.7787818908691406,0.7786375880241394,0.7783975601196289,0.778061032295227,0.7776286602020264,0.7771027088165283,0.7764890193939209,0.775798499584198,0.7750474214553833,0.7742576599121094,0.7734559774398804,0.772670567035675,0.7719286680221558,0.7712528705596924,0.7706573009490967,0.7701441645622253,0.7697036862373352,0.7693134546279907,0.7689411044120789,0.7685483694076538,0.7680964469909668,0.7675512433052063,0.7668890953063965,0.7660992741584778,0.7651878595352173,0.7641755938529968,0.7630965113639832,0.7619929313659668,0.7609111070632935,0.7598956227302551,0.7589842677116394,0.758204996585846,0.7575744390487671,0.7570975422859192,0.7567691802978516,0.7565767168998718,0.7565030455589294,0.7565291523933411,0.756635844707489,0.7568050622940063,0.7570188045501709,0.757257342338562
0.7720070481300354,0.7706689834594727,0.769412636756897,0.7682877779006958,0.7673096060752869,0.7664574384689331,0.7656826972961426,0.7649200558662415,0.7641063928604126,0.763198971748352,0.7621923089027405,0.7611255645751953,0.760082483291626,0.759178876876831,0.7585424184799194,0.7582852840423584,0.7584782838821411,0.759129524230957,0.7601759433746338,0.7614858746528625,0.7628771066665649,0.764144241809845,0.7650927305221558,0.7655701637268066,0.7654905915260315,0.7648464441299438,0.7637068629264832,0.762201726436615,0.7604963779449463,0.7587621808052063,0.757148027420044,0.7557591795921326,0.754645049571991,0.753799319267273,0.7531703114509583,0.7526788711547852,0.7522385716438293,0.7517774105072021,0.7512533664703369,0.7506628632545471,0.7500420808792114,0.7494581937789917,0.7489951848983765
0.7642560601234436,0.761168897151947,0.7585742473602295,0.7566693425178528,0.7555421590805054,0.7551500201225281,0.7553151249885559,0.7557494640350342,0.7561067938804626,0.7560528516769409,0.7553409934043884,0.7538742423057556,0.7517385482788086,0.7491944432258606,0.7466276288032532,0.7444648742675781,0.7430775761604309,0.7426943778991699,0.7433428764343262,0.7448403239250183,0.7468301653862,0.7488603591918945,0.7504826784133911,0.7513479590415955,0.7512763738632202,0.7502854466438293,0.748572587966919,0.7464573383331299,0.7443015575408936,0.7424282431602478,0.7410551905632019,0.7402616739273071,0.7399903535842896,0.74007648229599,0.7402974367141724,0.7404279708862305,0.7402849197387695,0.739760160446167,0.7388346195220947,0.7375770807266235,0.7361302375793457,0.734688401222229,0.7334679961204529
0.7569405436515808,0.7528626322746277,0.7492466568946838,0.7463595271110535,0.7444126605987549,0.7434976696968079,0.7435310482978821,0.7442284226417542,0.7451325058937073,0.7456954717636108,0.7454018592834473,0.7439015507698059,0.7411150932312012,0.7372729778289795,0.7328748106956482,0.7285711765289307,0.7250001430511475,0.7226229906082153,0.7216094136238098,0.7218040823936462,0.7227839827537537,0.7239894270896912,0.7248907685279846,0.7251391410827637,0.72465980052948,0.7236584424972534,0.7225406765937805,0.7217711806297302,0.7217149138450623,0.7225116491317749,0.7240285277366638,0.7259002923965454,0.7276459336280823,0.7288195490837097,0.7291409969329834,0.7285651564598083,0.7272689938545227,0.7255695462226868,0.7238100171089172,0.7222609519958496,0.7210701704025269,0.7202747464179993,0.7198542356491089
0.7555922865867615,0.7528727054595947,0.7502478361129761,0.7475465536117554,0.7447258234024048,0.7418637871742249,0.7391147613525391,0.7366341352462769,0.73450767993927,0.7327060103416443,0.7310893535614014,0.7294668555259705,0.7276870012283325,0.7257150411605835,0.723660945892334,0.7217362523078918,0.7201605439186096,0.7190578579902649,0.7183943390846252,0.717979907989502,0.7175414562225342,0.7168369889259338,0.7157752513885498,0.7145018577575684,0.7134194374084473,0.7131223678588867,0.7142422199249268,0.7172349691390991,0.7221658825874329,0.7285746932029724,0.7354940176010132,0.7416534423828125,0.7458257675170898,0.7472077012062073,0.7456896305084229,0.741904616355896,0.7370237708091736,0.7323687672615051,0.7289842367172241,0.7273320555686951,0.7272090911865234,0.7279096245765686,0.7285580635070801
0.7573838233947754,0.7561060190200806,0.7561495900154114,0.756905734539032,0.7575677633285522,0.7573069334030151,0.7555409073829651,0.7521585822105408,0.7475701570510864,0.742546796798706,0.7379380464553833,0.7344103455543518,0.7323009967803955,0.7316005229949951,0.7320020198822021,0.7329713106155396,0.7338299751281738,0.7338789701461792,0.7325674295425415,0.7296648025512695,0.7253583669662476,0.7202238440513611,0.7150800228118896,0.7108042240142822,0.708195686340332,0.7079134583473206,0.7104512453079224,0.7160634398460388,0.7246037721633911,0.7353389263153076,0.7468806505203247,0.7573786377906799,0.7649955153465271,0.7685065269470215,0.767759382724762,0.763753354549408,0.7582685947418213,0.7532039880752563,0.7499062418937683,0.7487639784812927,0.749191403388977,0.7499476075172424,0.7496404647827148
0.7491922974586487,0.7451661825180054,0.7446770668029785,0.7482949495315552,0.7551443576812744,0.7630681991577148,0.7695320248603821,0.7727156281471252,0.77214115858078,0.7685646414756775,0.7633612155914307,0.7578752040863037,0.7530600428581238,0.7493999004364014,0.7469218969345093,0.7451783418655396,0.7432683706283569,0.7400544285774231,0.7346019148826599,0.7266665697097778,0.7169436812400818,0.7069008946418762,0.6982548236846924,0.6923657655715942,0.689877450466156,0.690762996673584,0.6946797966957092,0.7013300657272339,0.7105408310890198,0.7220014333724976,0.7348909378051758,0.7477700710296631,0.7589402198791504,0.7671216130256653,0.7720125317573547,0.774323046207428,0.7752283215522766,0.7756087779998779,0.7756010293960571,0.7747386693954468,0.7724995017051697,0.7687776684761047,0.7639002799987793
0.7449188232421875,0.7368634939193726,0.7314035892486572,0.7315211296081543,0.7375277280807495,0.7468962073326111,0.7559100389480591,0.7618153095245361,0.7639119029045105,0.7630565166473389,0.7603846788406372,0.7564700841903687,0.7514405846595764,0.7455596923828125,0.7394583821296692,0.7337396740913391,0.7283934950828552,0.7226549983024597,0.7155045866966248,0.706451416015625,0.6960500478744507,0.6858301758766174,0.6777129769325256,0.6732393503189087,0.673004686832428,0.6765788793563843,0.6829285621643066,0.691059947013855,0.7004210352897644,0.7107986807823181,0.7218611836433411,0.7328681945800781,0.7429378628730774,0.7517321705818176,0.7598894238471985,0.7686023712158203,0.7784162759780884,0.7881273031234741,0.7948301434516907,0.7954351305961609,0.7887938618659973,0.7768999338150024,0.7640925645828247
0.7592819929122925,0.7525429725646973,0.7448368072509766,0.7397371530532837,0.7379448413848877,0.7370256781578064,0.7339671850204468,0.7281517386436462,0.7219328880310059,0.7183582186698914,0.7183488011360168,0.7199864983558655,0.720325231552124,0.7177557349205017,0.7127898931503296,0.7069908380508423,0.7014836668968201,0.6964131593704224,0.6914019584655762,0.6861597299575806,0.6806831955909729,0.6752241849899292,0.6703683137893677,0.6671190857887268,0.6666114926338196,0.6694652438163757,0.675312876701355,0.6829837560653687,0.6911739706993103,0.698955237865448,0.7057604789733887,0.711181104183197,0.7151604890823364,0.7186203002929688,0.7237697839736938,0.7332606315612793,0.7482407689094543,0.7665519714355469,0.7827061414718628,0.7903100848197937,0.7857989072799683,0.7710545659065247,0.7528499960899353
0.759436309337616,0.7562642693519592,0.7518125176429749,0.7477793097496033,0.7432717084884644,0.7347880005836487,0.7198746800422668,0.7009789347648621,0.6849944591522217,0.6782192587852478,0.6813761591911316,0.6894267201423645,0.6959841251373291,0.6977558732032776,0.6952365040779114,0.6903085112571716,0.6841858625411987,0.6775789260864258,0.6717401742935181,0.668228805065155,0.6674190163612366,0.6677656769752502,0.6670945286750793,0.6647188067436218,0.6621124148368835,0.6614463925361633,0.6635788083076477,0.6674783229827881,0.6713411808013916,0.6739956140518188,0.6753019690513611,0.6756726503372192,0.6756964325904846,0.6763790845870972,0.6795218586921692,0.6874167919158936,0.7015945911407471,0.7212343811988831,0.7424022555351257,0.7590956687927246,0.7660229206085205,0.7616497874259949,0.7493837475776672
0.7217147350311279,0.7174999713897705,0.7152227759361267,0.7153846621513367,0.7161487340927124,0.712562084197998,0.7006810903549194,0.6828804612159729,0.6676379442214966,0.662687361240387,0.6682950854301453,0.6776893734931946,0.6837256550788879,0.6843188405036926,0.6815950274467468,0.6774587035179138,0.6716257929801941,0.6638509035110474,0.6563894748687744,0.6528242826461792,0.6544463634490967,0.6586528420448303,0.6614134907722473,0.6610574722290039,0.6592742800712585,0.6586254239082336,0.6596970558166504,0.6609036922454834,0.660553514957428,0.6585115790367126,0.6559842824935913,0.6543684005737305,0.6545969247817993,0.6571029424667358,0.6618432998657227,0.668472409248352,0.6769924759864807,0.6882595419883728,0.703222930431366,0.7211008071899414,0.738369882106781,0.7501032948493958,0.7528893351554871
0.6757548451423645,0.6692306995391846,0.6658288240432739,0.6665610671043396,0.6712754964828491,0.6755571365356445,0.6734741926193237,0.6641853451728821,0.6539332866668701,0.6498813033103943,0.6527001857757568,0.6567019820213318,0.6568599343299866,0.6537879705429077,0.6512784361839294,0.6508146524429321,0.6503995060920715,0.6483263969421387,0.6460928916931152,0.6466044187545776,0.6503517627716064,0.6546043753623962,0.6565402150154114,0.6563461422920227,0.6565679907798767,0.6587010622024536,0.6613491177558899,0.6621178388595581,0.6605347394943237,0.6581929922103882,0.6564229130744934,0.6551454663276672,0.654266357421875,0.6547832489013672,0.6573736667633057,0.6606871485710144,0.6626419425010681,0.66364586353302,0.6673323512077332,0.6772106885910034,0.6927547454833984,0.7091000080108643,0.7203994393348694
0.6437758803367615,0.6383554339408875,0.634736180305481,0.6331567168235779,0.635181188583374,0.6393423080444336,0.64057457447052,0.635601818561554,0.6272535920143127,0.62137770652771,0.6202254295349121,0.6210809350013733,0.6212081909179688,0.6214960813522339,0.6241678595542908,0.6290565729141235,0.6341022253036499,0.6384697556495667,0.6431519389152527,0.6485660076141357,0.6531230807304382,0.6548206806182861,0.6536968350410461,0.6521883010864258,0.652814507484436,0.6554093956947327,0.6571404933929443,0.6559667587280273,0.6534956097602844,0.6529391407966614,0.6544145345687866,0.6544005274772644,0.650618314743042,0.6452931761741638,0.641872763633728,0.6401580572128296,0.6370850205421448,0.6316924691200256,0.6269055604934692,0.6260718107223511,0.6295522451400757,0.6354527473449707,0.6424018740653992
0.6106004118919373,0.6062389612197876,0.6043007969856262,0.6016739010810852,0.5985005497932434,0.5967565774917603,0.5959670543670654,0.5935341715812683,0.589292049407959,0.5867041349411011,0.588642418384552,0.5945271253585815,0.602621853351593,0.6123602986335754,0.6228581070899963,0.6318010687828064,0.6379657983779907,0.6429080367088318,0.648228645324707,0.6529003977775574,0.6551002264022827,0.6550588011741638,0.6543689370155334,0.6538942456245422,0.6537333726882935,0.6536681056022644,0.6525192260742188,0.649058997631073,0.6447026133537292,0.6427626609802246,0.6435100436210632,0.6428239941596985,0.6378224492073059,0.6308886408805847,0.6253806352615356,0.6200902462005615,0.6114152669906616,0.5991075038909912,0.58632493019104,0.5752788782119751,0.5664516091346741,0.5617672204971313,0.5652763843536377
0.5649657249450684,0.559959352016449,0.5603764653205872,0.5605031847953796,0.5569895505905151,0.5533477067947388,0.5537737011909485,0.5573309063911438,0.5615406036376953,0.5674871206283569,0.5772080421447754,0.5894721746444702,0.6020625829696655,0.6150014996528625,0.6280585527420044,0.6385626196861267,0.6450058817863464,0.6493366360664368,0.6528394818305969,0.6537309288978577,0.6516819000244141,0.6501915454864502,0.6510372757911682,0.6508482098579407,0.646953284740448,0.642163872718811,0.6396164894104004,0.6373239159584045,0.632386326789856,0.6263610124588013,0.6217523217201233,0.6172810792922974,0.6112589836120605,0.6054113507270813,0.6005489230155945,0.5925793051719666,0.5777222514152527,0.5580638647079468,0.5378097891807556,0.5183674097061157,0.501832127571106,0.49508652091026306,0.5046586990356445
0.528567373752594,0.5223819017410278,0.5234384536743164,0.5276167392730713,0.52932208776474,0.5307148098945618,0.5367691516876221,0.5461500287055969,0.5551910400390625,0.5658156275749207,0.5807335376739502,0.5959107875823975,0.6062982082366943,0.6139121055603027,0.6227374076843262,0.6311720013618469,0.6362100839614868,0.6392180323600769,0.641477644443512,0.6401636004447937,0.6345417499542236,0.6297290325164795,0.6283688545227051,0.6252369284629822,0.6165676712989807,0.6078248620033264,0.6047822833061218,0.6036009788513184,0.5978374481201172,0.5888919830322266,0.5813624858856201,0.5744124054908752,0.5656024813652039,0.5567618012428284,0.5487562417984009,0.5370875597000122,0.5190016627311707,0.4979667663574219,0.47626805305480957,0.45206716656684875,0.4293448328971863,0.42119500041007996,0.43593674898147583
0.5390269756317139,0.5278688073158264,0.5233970880508423,0.5260912179946899,0.5297189354896545,0.5335363149642944,0.5413431525230408,0.5505668520927429,0.5567485094070435,0.5643736720085144,0.578726589679718,0.5935632586479187,0.6005638837814331,0.6029620170593262,0.6075027585029602,0.6118305325508118,0.6109437346458435,0.6075263619422913,0.6059705018997192,0.6036663055419922,0.5969652533531189,0.5892265439033508,0.5846957564353943,0.5803413987159729,0.5721738338470459,0.5636996030807495,0.5590071082115173,0.553951621055603,0.5440689921379089,0.5338432788848877,0.5278910994529724,0.5214684009552002,0.5096197128295898,0.4960396885871887,0.4840315878391266,0.4695749282836914,0.4506964087486267,0.43173307180404663,0.41269034147262573,0.3880752921104431,0.36198216676712036,0.35047706961631775,0.3628169298171997
