earth/public/data/atmosphere/W07/ANN-temp-isobaric-100hPa-gfs-1.0.json
{"header": {"discipline": 0, "disciplineName": "Meteorological products", "gribEdition": 2, "gribLength": 17922.0, "center": 0, "centerName": "Kiel Climate Model", "subcenter": 0, "refTime": "1", "significanceOfRT": 1, "significanceOfRTName": "Start of forecast", "productStatus": 0, "productStatusName": "Operational products", "productType": 1, "productTypeName": "Forecast products", "productDefinitionTemplate": 0, "productDefinitionTemplateName": "Analysis/forecast at horizontal level/layer at a point in time", "parameterCategory": 2, "parameterCategoryName": "Momentum", "parameterNumber": 2, "parameterNumberName": "U-component_of_wind", "parameterUnit": "K", "genProcessType": 2, "genProcessTypeName": "Forecast", "forecastTime": 0, "surface1Type": 103, "surface1TypeName": "Specified height level above ground", "surface1Value": 10, "surface2Type": 255, "surface2TypeName": "Missing", "surface2Value": 0, "gridDefinitionTemplate": 0, "gridDefinitionTemplateName": "Latitude_Longitude", "numberPoints": 65160, "shape": 6, "shapeName": "Earth spherical with radius of 6,371,229.0 m", "gridUnits": "degrees", "resolution": 48, "winds": "true", "scanMode": 0, "nx": 128.0, "ny": 64.0, "basicAngle": 0, "subDivisions": 0, "lo1": 0.0, "la1": 87.86379883923263, "lo2": 357.1875, "la2": -87.86379883923263, "dx": 2.8125, "dy": 2.7893269472772264}, "data":
[rows 0 to 18 of 64, columns 0 to 43 of 128]
212.7896728515625,212.7760772705078,212.7630157470703,212.75051879882812,212.7386016845703,212.727294921875,212.71664428710938,212.70663452148438,212.69729614257812,212.68865966796875,212.6807098388672,212.67349243164062,212.66697692871094,212.6612091064453,212.6561737060547,212.6519012451172,212.6483612060547,212.6455841064453,212.6435546875,212.64227294921875,212.64175415039062,212.64198303222656,212.64295959472656,212.64468383789062,212.6471405029297,212.65032958984375,212.6542510986328,212.6588897705078,212.6642303466797,212.67027282714844,212.677001953125,212.6844024658203,212.6924591064453,212.70115661621094,212.71047973632812,212.72042846679688,212.73095703125,212.74205017089844,212.75367736816406,212.76583862304688,212.7785186767578,212.79165649414062,212.80523681640625,212.81924438476562
212.78128051757812,212.75332641601562,212.72674560546875,212.7015838623047,212.6779022216797,212.65570068359375,212.635009765625,212.61581420898438,212.5980987548828,212.58184814453125,212.5670166015625,212.5535888671875,212.54151916503906,212.53079223632812,212.52134704589844,212.51319885253906,212.5063018798828,212.50067138671875,212.49630737304688,212.49319458007812,212.49139404296875,212.49087524414062,212.49169921875,212.49386596679688,212.49740600585938,212.50234985351562,212.50869750976562,212.5164794921875,212.52569580078125,212.53634643554688,212.54844665527344,212.5619659423828,212.57691955566406,212.59327697753906,212.6110076904297,212.63011169433594,212.65054321289062,212.67230224609375,212.6953582763672,212.7196502685547,212.74517822265625,212.77191162109375,212.79981994628906,212.82882690429688
212.81686401367188,212.7805938720703,212.7464141845703,212.71444702148438,212.68479919433594,212.65745544433594,212.63235473632812,212.609375,212.58837890625,212.5691680908203,212.5515594482422,212.53538513183594,212.52049255371094,212.50674438476562,212.4940643310547,212.48240661621094,212.4718017578125,212.46226501464844,212.4539031982422,212.44679260253906,212.44105529785156,212.4368438720703,212.4342803955078,212.43350219726562,212.43460083007812,212.43772888183594,212.44293212890625,212.45028686523438,212.45982360839844,212.47154235839844,212.48545837402344,212.50152587890625,212.51971435546875,212.54000854492188,212.5623321533203,212.586669921875,212.61300659179688,212.64132690429688,212.671630859375,212.7039337158203,212.7382354736328,212.7745819091797,212.81295776367188,212.8533935546875
212.86407470703125,212.82241821289062,212.78334045410156,212.74720764160156,212.71417236328125,212.68417358398438,212.656982421875,212.63223266601562,212.60952758789062,212.58843994140625,212.5686492919922,212.54991149902344,212.5321044921875,212.51516723632812,212.4991455078125,212.48416137695312,212.47032165527344,212.457763671875,212.4466094970703,212.4369659423828,212.428955078125,212.42266845703125,212.418212890625,212.4156951904297,212.4152374267578,212.4169464111328,212.4209442138672,212.42730712890625,212.43612670898438,212.44741821289062,212.46121215820312,212.47747802734375,212.49623107910156,212.5174560546875,212.54115295410156,212.56736755371094,212.59616088867188,212.62765502929688,212.6619415283203,212.6991729736328,212.73941040039062,212.78274536132812,212.8292236328125,212.87884521484375
212.9767608642578,212.9301300048828,212.88710021972656,212.84811401367188,212.8130645751953,212.78147888183594,212.75257873535156,212.72552490234375,212.69961547851562,212.67437744140625,212.649658203125,212.62562561035156,212.60264587402344,212.5811767578125,212.5617218017578,212.54461669921875,212.530029296875,212.51792907714844,212.50816345214844,212.50042724609375,212.49440002441406,212.48980712890625,212.48646545410156,212.4842987060547,212.48333740234375,212.48373413085938,212.48570251464844,212.48947143554688,212.49526977539062,212.50335693359375,212.51390075683594,212.5270538330078,212.54296875,212.561767578125,212.58363342285156,212.60877990722656,212.63748168945312,212.67001342773438,212.70672607421875,212.7478485107422,212.7935791015625,212.8439178466797,212.89874267578125,212.95777893066406
213.17005920410156,213.12120056152344,213.07711791992188,213.0377197265625,213.0022735595703,212.9696044921875,212.93844604492188,212.90773010253906,212.87686157226562,212.8458251953125,212.81512451171875,212.78561401367188,212.75830078125,212.73397827148438,212.71311950683594,212.69580078125,212.68170166015625,212.6702423095703,212.66075134277344,212.65267944335938,212.64559936523438,212.63931274414062,212.6338348388672,212.6292724609375,212.62582397460938,212.6237030029297,212.62310791015625,212.6243133544922,212.62753295898438,212.633056640625,212.6411590576172,212.65219116210938,212.6664581298828,212.68426513671875,212.70587158203125,212.7315216064453,212.761474609375,212.7959747314453,212.83526611328125,212.879638671875,212.92930603027344,212.98440551757812,213.04486083984375,213.1104736328125
213.42127990722656,213.37127685546875,213.32481384277344,213.28131103515625,213.239990234375,213.20005798339844,213.16090393066406,213.1223602294922,213.08474731445312,213.0488739013672,213.01576232910156,212.9863739013672,212.96128845214844,212.9404754638672,212.92323303222656,212.9084014892578,212.89471435546875,212.88116455078125,212.8673095703125,212.8533172607422,212.83990478515625,212.82801818847656,212.8185272216797,212.8119659423828,212.80844116210938,212.8076629638672,212.80911254882812,212.81234741210938,212.81704711914062,212.82327270507812,212.8313751220703,212.84207153320312,212.856201171875,212.87464904785156,212.89816284179688,212.92709350585938,212.96141052246094,213.00070190429688,213.04432678222656,213.09173583984375,213.1426544189453,213.197265625,213.25616455078125,213.32015991210938
213.69369506835938,213.6385955810547,213.58395385742188,213.52969360351562,213.47633361816406,213.4247283935547,213.3758087158203,213.33045959472656,213.2894744873047,213.2534942626953,213.2230224609375,213.1981201171875,213.17832946777344,213.16244506835938,213.1487579345703,213.135498046875,213.12124633789062,213.10546875,213.08859252929688,213.07183837890625,213.05686950683594,213.045166015625,213.0376434326172,213.034423828125,213.03482055664062,213.03778076171875,213.0421905517578,213.0472412109375,213.05259704589844,213.058349609375,213.06497192382812,213.0733642578125,213.08482360839844,213.10104370117188,213.12379455566406,213.15443420410156,213.193359375,213.2397003173828,213.29159545898438,213.3468017578125,213.40359497070312,213.4612579345703,213.52041625976562,213.5826416015625
213.91378784179688,213.8502197265625,213.78665161132812,213.72433471679688,213.6656494140625,213.61289978027344,213.56723022460938,213.5283966064453,213.49526977539062,213.46649169921875,213.44114685058594,213.4186553955078,213.39854431152344,213.3801727294922,213.36282348632812,213.3458709716797,213.3292236328125,213.313232421875,213.29867553710938,213.28631591796875,213.27682495117188,213.27052307128906,213.26730346679688,213.26661682128906,213.26760864257812,213.26959228515625,213.27239990234375,213.276611328125,213.28311157226562,213.29249572753906,213.3046875,213.319091796875,213.33547973632812,213.354736328125,213.37913513183594,213.4114532470703,213.45352172851562,213.5052947998047,213.5647430419922,213.62901306152344,213.6957244873047,213.7638397216797,213.8335723876953,213.90570068359375
214.00677490234375,213.9359130859375,213.86767578125,213.80508422851562,213.7521209716797,213.7113494873047,213.68214416503906,213.66111755371094,213.643798828125,213.62669372558594,213.6083526611328,213.58883666992188,213.56878662109375,213.5487060546875,213.52894592285156,213.51014709472656,213.4932403564453,213.47909545898438,213.46786499023438,213.4591064453125,213.45225524902344,213.44723510742188,213.4444580078125,213.4442901611328,213.44651794433594,213.45059204101562,213.45652770996094,213.46559143066406,213.47998046875,213.50120544433594,213.52886962890625,213.5604705810547,213.59323120117188,213.6261749267578,213.66116333007812,213.70166015625,213.75021362304688,213.80670166015625,213.86862182617188,213.93333435058594,214.0003204345703,214.0715789794922,214.1497344970703,214.23562622070312
213.9297637939453,213.86001586914062,213.79690551757812,213.74380493164062,213.70457458496094,213.68072509765625,213.669677734375,213.66571044921875,213.6629180908203,213.65789794921875,213.65023803710938,213.64089965820312,213.6304931640625,213.61866760253906,213.60508728027344,213.59039306640625,213.57608032226562,213.56341552734375,213.5526123046875,213.54307556152344,213.53501892089844,213.5303192138672,213.53176879882812,213.54100036621094,213.55679321289062,213.5757293701172,213.59478759765625,213.6139678955078,213.6362762451172,213.66526794433594,213.70193481445312,213.74378967285156,213.78720092773438,213.83074951171875,213.876708984375,213.92916870117188,213.9901885986328,214.05740356445312,214.12533569335938,214.18988037109375,214.25216674804688,214.31858825683594,214.39649963378906,214.4890594482422
213.646484375,213.60003662109375,213.56649780273438,213.54400634765625,213.5325164794922,213.53211975097656,213.54051208496094,213.5528564453125,213.56442260742188,213.5728759765625,213.57789611816406,213.57913208007812,213.5753173828125,213.56515502929688,213.54910278320312,213.5298309326172,213.51077270507812,213.49440002441406,213.48155212402344,213.47259521484375,213.4691162109375,213.47425842285156,213.49082946777344,213.51849365234375,213.5528106689453,213.58755493164062,213.6188507080078,213.6478271484375,213.67929077148438,213.71751403808594,213.76260375976562,213.81077575683594,213.8579864501953,213.90377807617188,213.95230102539062,214.00921630859375,214.07733154296875,214.1538848876953,214.23223876953125,214.3069305419922,214.37838745117188,214.45352172851562,214.54083251953125,214.64414978027344
213.1492462158203,213.15237426757812,213.17030334472656,213.19189453125,213.21484375,213.2422637939453,213.27511596679688,213.3097686767578,213.34121704101562,213.36605834960938,213.38136291503906,213.38333129882812,213.36895751953125,213.3394317626953,213.301025390625,213.26202392578125,213.22869873046875,213.2039337158203,213.18862915039062,213.18405151367188,213.19261169433594,213.21609497070312,213.2530975341797,213.29798889160156,213.3437042236328,213.38633728027344,213.4279327392578,213.47442626953125,213.53001403808594,213.59286499023438,213.6559600830078,213.71255493164062,213.76109313964844,213.80596923828125,213.8542022705078,213.9114990234375,213.9801788330078,214.05918884277344,214.14527893066406,214.2350616455078,214.327880859375,214.4273681640625,214.53927612304688,214.66624450683594
212.4863739013672,212.54013061523438,212.59500122070312,212.6401824951172,212.68377685546875,212.7380828857422,212.8034210205078,212.86863708496094,212.92308044433594,212.9621124267578,212.98223876953125,212.9773712158203,212.9437255859375,212.8865966796875,212.8194122314453,212.75628662109375,212.7058868408203,212.67117309570312,212.65298461914062,212.65284729003906,212.6728973388672,212.712890625,212.76736450195312,212.82693481445312,212.8840789794922,212.93902587890625,212.99891662597656,213.06997680664062,213.14907836914062,213.223876953125,213.2819366455078,213.3212432861328,213.3519744873047,213.3885955810547,213.4406280517578,213.5098419189453,213.59390258789062,213.69052124023438,213.79766845703125,213.91212463378906,214.03070068359375,214.1540069580078,214.28733825683594,214.43582153320312
211.69400024414062,211.77488708496094,211.8390655517578,211.89007568359375,211.9536590576172,212.0467987060547,212.1568603515625,212.25547790527344,212.32595825195312,212.3685760498047,212.38442993164062,212.36663818359375,212.31015014648438,212.22250366210938,212.12124633789062,212.02435302734375,211.94557189941406,211.8933563232422,211.86993408203125,211.8723602294922,211.8968963623047,211.94139099121094,212.00270080566406,212.07369995117188,212.14634704589844,212.2176055908203,212.29000854492188,212.36404418945312,212.43148803710938,212.47921752929688,212.5021514892578,212.5106964111328,212.52398681640625,212.55621337890625,212.61151123046875,212.6898651123047,212.79307556152344,212.9219970703125,213.0703125,213.22508239746094,213.37542724609375,213.52099609375,213.67059326171875,213.83209228515625
210.76490783691406,210.8681640625,210.95843505859375,211.04464721679688,211.15371704101562,211.2951202392578,211.44183349609375,211.55621337890625,211.625,211.65640258789062,211.6522674560547,211.60215759277344,211.50308227539062,211.36874389648438,211.21853637695312,211.07086181640625,210.94786071777344,210.87081909179688,210.84339904785156,210.8483428955078,210.8673095703125,210.89857482910156,210.9510040283203,211.02505493164062,211.10595703125,211.1750030517578,211.2238006591797,211.25515747070312,211.2734375,211.2804718017578,211.282958984375,211.2953338623047,211.32704162597656,211.37159729003906,211.41839599609375,211.47476196289062,211.56600952148438,211.70843505859375,211.88865661621094,212.0749969482422,212.2471923828125,212.41053771972656,212.58087158203125,212.76040649414062
209.72267150878906,209.86819458007812,210.02426147460938,210.1783905029297,210.33639526367188,210.49966430664062,210.6442413330078,210.74160766601562,210.78790283203125,210.79148864746094,210.7437744140625,210.630126953125,210.4618377685547,210.27017211914062,210.07421875,209.88259887695312,209.7214813232422,209.62684631347656,209.60244750976562,209.6106414794922,209.6158905029297,209.6217041015625,209.65548706054688,209.72552490234375,209.8020477294922,209.84158325195312,209.82803344726562,209.78530883789062,209.74842834472656,209.73097229003906,209.728515625,209.7401123046875,209.767333984375,209.79891967773438,209.82199096679688,209.85166931152344,209.92835998535156,210.0745086669922,210.2655792236328,210.45452880859375,210.6195068359375,210.77940368652344,210.96115112304688,211.15806579589844
208.6160888671875,208.7976531982422,209.0079803466797,209.207763671875,209.3826446533203,209.5349578857422,209.65208435058594,209.71356201171875,209.71896362304688,209.6744384765625,209.5640411376953,209.37437438964844,209.13681030273438,208.90220642089844,208.6837158203125,208.47000122070312,208.28367614746094,208.17340087890625,208.14634704589844,208.15237426757812,208.14483642578125,208.1290740966797,208.14187622070312,208.19639587402344,208.25270080566406,208.24720764160156,208.16043090820312,208.0476531982422,207.98117065429688,207.9691925048828,207.95892333984375,207.91360473632812,207.85191345214844,207.8108367919922,207.80738830566406,207.84780883789062,207.94229125976562,208.09007263183594,208.265380859375,208.43359375,208.58123779296875,208.7272186279297,208.8983154296875,209.08676147460938
207.4134063720703,207.59388732910156,207.8037872314453,207.9993896484375,208.16224670410156,208.295654296875,208.385498046875,208.40380859375,208.34994506835938,208.24374389648438,208.08058166503906,207.8470916748047,207.57568359375,207.32183837890625,207.0934600830078,206.8649139404297,206.65164184570312,206.50631713867188,206.44427490234375,206.42539978027344,206.407470703125,206.38385009765625,206.3740234375,206.3916015625,206.40899658203125,206.36151123046875,206.22120666503906,206.05831909179688,205.977294921875,205.98721313476562,205.9868927001953,205.8939666748047,205.74212646484375,205.62957763671875,205.61154174804688,205.66905212402344,205.7548828125,205.84371948242188,205.9449462890625,206.07554626464844,206.2272491455078,206.3779296875,206.52523803710938,206.67117309570312
