earth/public/data/atmosphere/W07/ANN-wind-isobaric-100hPa-gfs-1.0.json
{"header": {"discipline": 0, "disciplineName": "Meteorological products", "gribEdition": 2, "gribLength": 17922.0, "center": 0, "centerName": "Kiel Climate Model", "subcenter": 0, "refTime": "1", "significanceOfRT": 1, "significanceOfRTName": "Start of forecast", "productStatus": 0, "productStatusName": "Operational products", "productType": 1, "productTypeName": "Forecast products", "productDefinitionTemplate": 0, "productDefinitionTemplateName": "Analysis/forecast at horizontal level/layer at a point in time", "parameterCategory": 2, "parameterCategoryName": "Momentum", "parameterNumber": 2, "parameterNumberName": "U-component_of_wind", "parameterUnit": "m/s", "genProcessType": 2, "genProcessTypeName": "Forecast", "forecastTime": 0, "surface1Type": 103, "surface1TypeName": "Specified height level above ground", "surface1Value": 10, "surface2Type": 255, "surface2TypeName": "Missing", "surface2Value": 0, "gridDefinitionTemplate": 0, "gridDefinitionTemplateName": "Latitude_Longitude", "numberPoints": 65160, "shape": 6, "shapeName": "Earth spherical with radius of 6,371,229.0 m", "gridUnits": "degrees", "resolution": 48, "winds": "true", "scanMode": 0, "nx": 128.0, "ny": 64.0, "basicAngle": 0, "subDivisions": 0, "lo1": 0.0, "la1": 87.86379883923263, "lo2": 357.1875, "la2": -87.86379883923263, "dx": 2.8125, "dy": 2.7893269472772264}, "data":
[rows 38 to 56 of 64, columns 0 to 42 of 128]
4.724808216094971,4.322298049926758,3.9099605083465576,3.412694215774536,2.9026131629943848,2.499767780303955,2.1851189136505127,1.8892518281936646,1.6549136638641357,1.5385891199111938,1.497935175895691,1.500863790512085,1.5711288452148438,1.6717702150344849,1.736893653869629,1.8129205703735352,1.9830710887908936,2.20859956741333,2.3966495990753174,2.527439594268799,2.6064820289611816,2.614804744720459,2.568392276763916,2.5055553913116455,2.4097537994384766,2.2451770305633545,2.0244882106781006,1.7711925506591797,1.4901155233383179,1.2018052339553833,0.9330862760543823,0.688342809677124,0.4675343632698059,0.2667451500892639,0.0668812170624733,-0.13456235826015472,-0.32290706038475037,-0.4935464560985565,-0.6096964478492737,-0.5893809199333191,-0.3990926146507263,-0.07121890783309937,0.3887800872325897
10.361810684204102,10.022510528564453,9.669011116027832,9.22238540649414,8.71158218383789,8.246113777160645,7.825626373291016,7.387861251831055,6.993985652923584,6.728511333465576,6.530529975891113,6.328908443450928,6.171170711517334,6.08357048034668,6.01871395111084,6.0013885498046875,6.107668399810791,6.3089704513549805,6.5171003341674805,6.710150241851807,6.89006233215332,7.033616065979004,7.153778076171875,7.286349773406982,7.410650730133057,7.488271713256836,7.528850555419922,7.544123649597168,7.519206523895264,7.463515281677246,7.4059672355651855,7.348089694976807,7.281616687774658,7.2098493576049805,7.123093605041504,7.005313396453857,6.864751815795898,6.72968053817749,6.638583183288574,6.633160591125488,6.728477478027344,6.916491985321045,7.20719575881958
16.44455337524414,16.20408821105957,15.924434661865234,15.549640655517578,15.08688735961914,14.608911514282227,14.118226051330566,13.578471183776855,13.06809139251709,12.68091869354248,12.348379135131836,11.976022720336914,11.619475364685059,11.352645874023438,11.14565658569336,10.988700866699219,10.946060180664062,11.035094261169434,11.205082893371582,11.417366027832031,11.644333839416504,11.860750198364258,12.087288856506348,12.357718467712402,12.651928901672363,12.939034461975098,13.226670265197754,13.51087760925293,13.761687278747559,13.979450225830078,14.181599617004395,14.354072570800781,14.483232498168945,14.581031799316406,14.637991905212402,14.625981330871582,14.563404083251953,14.506253242492676,14.480363845825195,14.47713565826416,14.495553016662598,14.550468444824219,14.653925895690918
22.435550689697266,22.326629638671875,22.145145416259766,21.863595962524414,21.492015838623047,21.057870864868164,20.547380447387695,19.957386016845703,19.386516571044922,18.924610137939453,18.50638771057129,18.036659240722656,17.558530807495117,17.152873992919922,16.809947967529297,16.516197204589844,16.32749366760254,16.285207748413086,16.36868667602539,16.54010772705078,16.762113571166992,17.006410598754883,17.28348731994629,17.616003036499023,17.99393653869629,18.404314041137695,18.855615615844727,19.335975646972656,19.81184196472168,20.274097442626953,20.720197677612305,21.120834350585938,21.461124420166016,21.755666732788086,21.98872947692871,22.122135162353516,22.177658081054688,22.22230339050293,22.273170471191406,22.295589447021484,22.275821685791016,22.22636604309082,22.14802360534668
27.818876266479492,27.846969604492188,27.788829803466797,27.620527267456055,27.360380172729492,27.02042007446289,26.582740783691406,26.0546817779541,25.514135360717773,25.02481460571289,24.54973030090332,24.0339298248291,23.504812240600586,23.013019561767578,22.56573486328125,22.181650161743164,21.915897369384766,21.791580200195312,21.784221649169922,21.87200164794922,22.041139602661133,22.26944351196289,22.546123504638672,22.877012252807617,23.263673782348633,23.70793342590332,24.21649169921875,24.778579711914062,25.369525909423828,25.97502899169922,26.576478958129883,27.139955520629883,27.652202606201172,28.120458602905273,28.51914405822754,28.80556297302246,28.995702743530273,29.147523880004883,29.271486282348633,29.329288482666016,29.301433563232422,29.189788818359375,28.986358642578125
32.161373138427734,32.29327392578125,32.3651123046875,32.3344841003418,32.20356750488281,31.986621856689453,31.6852970123291,31.30596160888672,30.87676239013672,30.421449661254883,29.93975830078125,29.43669891357422,28.93549156188965,28.446426391601562,27.97534942626953,27.566986083984375,27.277528762817383,27.109882354736328,27.033248901367188,27.043556213378906,27.150400161743164,27.33690071105957,27.577713012695312,27.870046615600586,28.222829818725586,28.63918685913086,29.116657257080078,29.647991180419922,30.223299026489258,30.830965042114258,31.448604583740234,32.048397064208984,32.619930267333984,33.15874099731445,33.63173294067383,33.99995040893555,34.27475357055664,34.498863220214844,34.67633056640625,34.77092742919922,34.75965118408203,34.63862609863281,34.39842987060547
35.20188522338867,35.38935852050781,35.56447982788086,35.67581558227539,35.68940353393555,35.604400634765625,35.440582275390625,35.219058990478516,34.94845962524414,34.62579345703125,34.25575637817383,33.86229705810547,33.46542739868164,33.06108856201172,32.652137756347656,32.279991149902344,31.98981475830078,31.786083221435547,31.657989501953125,31.6181697845459,31.67813491821289,31.816009521484375,32.00310516357422,32.237693786621094,32.52955627441406,32.874515533447266,33.26134490966797,33.68728256225586,34.15414810180664,34.654266357421875,35.16730499267578,35.674285888671875,36.168853759765625,36.64141845703125,37.06069564819336,37.39719009399414,37.660255432128906,37.881591796875,38.06354522705078,38.17304611206055,38.18113708496094,38.078147888183594,37.856990814208984
36.884525299072266,37.10195541381836,37.333316802978516,37.546504974365234,37.692447662353516,37.74345779418945,37.710323333740234,37.629371643066406,37.52910232543945,37.40743637084961,37.2441291809082,37.02891159057617,36.76906967163086,36.479061126708984,36.17884063720703,35.89433288574219,35.64452362060547,35.437660217285156,35.288848876953125,35.22212219238281,35.242156982421875,35.32481002807617,35.44818878173828,35.61239242553711,35.81972885131836,36.0582275390625,36.31717300415039,36.601341247558594,36.918128967285156,37.25989532470703,37.607730865478516,37.94871520996094,38.280433654785156,38.59625244140625,38.87489700317383,39.097007751464844,39.26831817626953,39.41161346435547,39.533172607421875,39.61023712158203,39.612728118896484,39.523284912109375,39.334171295166016
37.27470397949219,37.529537200927734,37.786258697509766,38.0435676574707,38.27719497680664,38.451656341552734,38.54918670654297,38.59209442138672,38.62487030029297,38.66573715209961,38.68592071533203,38.6434440612793,38.52946472167969,38.37335205078125,38.20991516113281,38.0520133972168,37.8956298828125,37.745025634765625,37.62358093261719,37.55535888671875,37.54244613647461,37.57074737548828,37.631771087646484,37.72417068481445,37.83815002441406,37.95686340332031,38.07558059692383,38.205665588378906,38.35528564453125,38.51686096191406,38.67633819580078,38.826873779296875,38.96849822998047,39.098480224609375,39.207054138183594,39.28506851196289,39.33448791503906,39.36735534667969,39.39167022705078,39.39955520629883,39.37084197998047,39.28496170043945,39.12708282470703
36.51534652709961,36.81450271606445,37.090370178222656,37.35713577270508,37.62614440917969,37.87981414794922,38.08309555053711,38.22705841064453,38.344051361083984,38.46807098388672,38.592647552490234,38.682594299316406,38.719322204589844,38.717445373535156,38.69792938232422,38.66339874267578,38.607505798339844,38.53741455078125,38.473751068115234,38.4306526184082,38.40742874145508,38.40050506591797,38.41154098510742,38.43743896484375,38.46232604980469,38.47077560424805,38.463775634765625,38.45303726196289,38.44340896606445,38.429386138916016,38.40623474121094,38.37511444091797,38.337303161621094,38.29108810424805,38.23564147949219,38.173431396484375,38.10743713378906,38.03938674926758,37.97096252441406,37.902488708496094,37.82799530029297,37.732154846191406,37.59416961669922
34.810733795166016,35.13232421875,35.42405319213867,35.69458770751953,35.968082427978516,36.2490119934082,36.512046813964844,36.73360824584961,36.92129135131836,37.10165786743164,37.28639221191406,37.463077545166016,37.614444732666016,37.732994079589844,37.81658172607422,37.86308670043945,37.877464294433594,37.87540054321289,37.87166213989258,37.86740493774414,37.855262756347656,37.83309555053711,37.80424118041992,37.76537322998047,37.704498291015625,37.614864349365234,37.50305938720703,37.37849044799805,37.24159622192383,37.08854675292969,36.92181396484375,36.74842071533203,36.570289611816406,36.38536834716797,36.19759750366211,36.018550872802734,35.85607147216797,35.707454681396484,35.566436767578125,35.432762145996094,35.30939483642578,35.19061279296875,35.05843734741211
32.36233901977539,32.67425537109375,32.97216033935547,33.25157928466797,33.524417877197266,33.8023567199707,34.08112335205078,34.34678649902344,34.59284973144531,34.82476806640625,35.04920959472656,35.26496887207031,35.463775634765625,35.63526153564453,35.77109146118164,35.869869232177734,35.94039535522461,35.99532699584961,36.03888702392578,36.06328201293945,36.05877685546875,36.02351379394531,35.95954513549805,35.86362838745117,35.72921371459961,35.557289123535156,35.358367919921875,35.14132308959961,34.906070709228516,34.650726318359375,34.38075256347656,34.10555648803711,33.828800201416016,33.549339294433594,33.27178192138672,33.00927734375,32.77290344238281,32.562416076660156,32.37112045288086,32.197383880615234,32.04552459716797,31.915504455566406,31.795921325683594
29.370742797851562,29.653873443603516,29.942232131958008,30.224172592163086,30.49509048461914,30.76021957397461,31.026329040527344,31.294021606445312,31.558025360107422,31.81236457824707,32.05367660522461,32.280860900878906,32.492427825927734,32.684722900390625,32.85302734375,32.995079040527344,33.11212921142578,33.20438003540039,33.26655578613281,33.290283203125,33.27169418334961,33.21358871459961,33.11859893798828,32.983314514160156,32.80256271362305,32.57815933227539,32.319698333740234,32.03575134277344,31.728622436523438,31.399433135986328,31.055103302001953,30.70632553100586,30.36050033569336,30.02020835876465,29.689617156982422,29.378376007080078,29.09676170349121,28.84918975830078,28.634735107421875,28.453054428100586,28.305984497070312,28.19247055053711,28.104524612426758
26.054914474487305,26.296602249145508,26.551210403442383,26.809980392456055,27.06446075439453,27.313486099243164,27.561838150024414,27.813434600830078,28.0671329498291,28.317888259887695,28.56089210510254,28.793537139892578,29.01386833190918,29.218551635742188,29.40262222290039,29.561294555664062,29.690258026123047,29.784250259399414,29.83675193786621,29.84309959411621,29.80370330810547,29.722639083862305,29.602033615112305,29.4392032623291,29.23064422607422,28.978078842163086,28.688867568969727,28.370468139648438,28.026832580566406,27.660978317260742,27.279836654663086,26.894376754760742,26.514978408813477,26.148574829101562,25.800395965576172,25.477033615112305,25.186277389526367,24.93463897705078,24.725765228271484,24.561063766479492,24.440082550048828,24.35968017578125,24.313783645629883
22.594646453857422,22.78497886657715,22.98633575439453,23.197425842285156,23.41665267944336,23.64312744140625,23.876407623291016,24.11480712890625,24.355064392089844,24.593482971191406,24.827266693115234,25.05392074584961,25.2695369720459,25.46824836730957,25.643638610839844,25.790855407714844,25.90688705444336,25.988969802856445,26.03333854675293,26.036014556884766,25.994237899780273,25.906707763671875,25.772384643554688,25.59023094177246,25.361255645751953,25.0904541015625,24.785768508911133,24.454715728759766,24.102333068847656,23.73276710510254,23.352436065673828,22.970874786376953,22.59857749938965,22.24413299560547,21.913923263549805,21.613502502441406,21.348838806152344,21.125770568847656,20.94883918762207,20.82000732421875,20.738622665405273,20.70216178894043,20.707305908203125
19.150524139404297,19.29243278503418,19.443918228149414,19.607101440429688,19.78554344177246,19.980802536010742,20.190319061279297,20.408308029174805,20.628387451171875,20.846277236938477,21.06033706665039,21.269441604614258,21.470569610595703,21.658096313476562,21.82554054260254,21.96778678894043,22.08184051513672,22.165403366088867,22.215147018432617,22.226186752319336,22.19308090209961,22.1114444732666,21.97907257080078,21.796798706054688,21.568605422973633,21.30129623413086,21.00301742553711,20.681480407714844,20.34322166442871,19.994327545166016,19.641801834106445,19.294021606445312,18.9596004486084,18.646127700805664,18.35971450805664,18.105676651000977,17.889245986938477,17.715633392333984,17.588939666748047,17.511343002319336,17.482982635498047,17.502784729003906,17.569320678710938
15.929474830627441,16.035430908203125,16.154359817504883,16.28675651550293,16.43498992919922,16.60026741027832,16.780569076538086,16.971086502075195,17.166704177856445,17.364337921142578,17.563018798828125,17.762432098388672,17.960214614868164,18.151023864746094,18.32717514038086,18.48082160949707,18.605257034301758,18.69546127319336,18.74764060974121,18.758790969848633,18.726734161376953,18.650564193725586,18.53093910217285,18.370086669921875,18.171722412109375,17.940765380859375,17.683042526245117,17.405086517333984,17.113880157470703,16.816884994506836,16.521625518798828,16.235286712646484,15.964235305786133,15.713907241821289,15.48923397064209,15.295327186584473,15.137621879577637,15.0216064453125,14.951736450195312,14.93064022064209,14.959009170532227,15.036192893981934,15.16068172454834
13.118868827819824,13.197745323181152,13.295034408569336,13.409684181213379,13.541402816772461,13.689606666564941,13.852628707885742,14.027608871459961,14.211630821228027,14.402422904968262,14.598587989807129,14.798406600952148,14.998481750488281,15.192900657653809,15.373695373535156,15.532122611999512,15.660396575927734,15.752861022949219,15.806530952453613,15.820771217346191,15.796786308288574,15.736665725708008,15.642979621887207,15.518208503723145,15.36503791809082,15.186651229858398,14.987381935119629,14.772965431213379,14.55013656616211,14.326094627380371,14.107503890991211,13.899764060974121,13.707130432128906,13.533173561096191,13.381793022155762,13.257597923278809,13.166099548339844,13.112749099731445,13.102022171020508,13.136456489562988,13.216580390930176,13.34131145477295,13.50838851928711
10.810662269592285,10.866522789001465,10.944496154785156,11.044161796569824,11.164787292480469,11.304985046386719,11.462610244750977,11.634786605834961,11.818150520324707,12.009211540222168,12.204419136047363,12.400001525878906,12.591609954833984,12.774197578430176,12.94227409362793,13.0903959274292,13.213976860046387,13.30976390838623,13.376045227050781,13.412455558776855,13.419523239135742,13.398202896118164,13.349563598632812,13.274955749511719,13.176249504089355,13.056489944458008,12.919978141784668,12.77237319946289,12.619991302490234,12.469059944152832,12.324991226196289,12.192022323608398,12.073504447937012,11.972515106201172,11.892521858215332,11.837602615356445,11.812275886535645,11.820688247680664,11.865797996520996,11.94875431060791,12.068964004516602,12.224385261535645,12.412116050720215
