earth/public/data/atmosphere/W07/ANN-rh-isobaric-250hPa-gfs-1.0.json
{"header": {"discipline": 0, "disciplineName": "Meteorological products", "gribEdition": 2, "gribLength": 17922.0, "center": 0, "centerName": "Kiel Climate Model", "subcenter": 0, "refTime": "1", "significanceOfRT": 1, "significanceOfRTName": "Start of forecast", "productStatus": 0, "productStatusName": "Operational products", "productType": 1, "productTypeName": "Forecast products", "productDefinitionTemplate": 0, "productDefinitionTemplateName": "Analysis/forecast at horizontal level/layer at a point in time", "parameterCategory": 2, "parameterCategoryName": "Momentum", "parameterNumber": 2, "parameterNumberName": "U-component_of_wind", "parameterUnit": "%", "genProcessType": 2, "genProcessTypeName": "Forecast", "forecastTime": 0, "surface1Type": 103, "surface1TypeName": "Specified height level above ground", "surface1Value": 10, "surface2Type": 255, "surface2TypeName": "Missing", "surface2Value": 0, "gridDefinitionTemplate": 0, "gridDefinitionTemplateName": "Latitude_Longitude", "numberPoints": 65160, "shape": 6, "shapeName": "Earth spherical with radius of 6,371,229.0 m", "gridUnits": "degrees", "resolution": 48, "winds": "true", "scanMode": 0, "nx": 128.0, "ny": 64.0, "basicAngle": 0, "subDivisions": 0, "lo1": 0.0, "la1": 87.86379883923263, "lo2": 357.1875, "la2": -87.86379883923263, "dx": 2.8125, "dy": 2.7893269472772264}, "data":
[rows 38 to 56 of 64, columns 0 to 42 of 128]
0.44273486733436584,0.443469762802124,0.4573748707771301,0.4880198836326599,0.5307746529579163,0.5673195719718933,0.5792301893234253,0.5676800012588501,0.5467004776000977,0.5243320465087891,0.5032021403312683,0.48772335052490234,0.4804893732070923,0.4805144667625427,0.4851624071598053,0.4873473048210144,0.47877737879753113,0.45977982878685,0.4379041790962219,0.4198165535926819,0.40975430607795715,0.4077781140804291,0.4081938564777374,0.40671971440315247,0.4045923352241516,0.40247252583503723,0.39886680245399475,0.3942299485206604,0.3897469639778137,0.38555505871772766,0.382674902677536,0.38201236724853516,0.3823988139629364,0.3829691410064697,0.3855390250682831,0.39295250177383423,0.4052833020687103,0.41934892535209656,0.4342289865016937,0.4527883231639862,0.4739907383918762,0.4918369650840759,0.5046862959861755
0.4156056344509125,0.40827852487564087,0.40853890776634216,0.417837917804718,0.44156017899513245,0.48298484086990356,0.5270926356315613,0.549462616443634,0.544050395488739,0.5260930061340332,0.508750855922699,0.4925968050956726,0.4775049686431885,0.4699791669845581,0.473694384098053,0.48125675320625305,0.4811690151691437,0.4688980281352997,0.44811028242111206,0.42562180757522583,0.4072513282299042,0.3947332799434662,0.3858056664466858,0.37837499380111694,0.37220168113708496,0.36661961674690247,0.3603314459323883,0.35312825441360474,0.34554702043533325,0.33787262439727783,0.3305465877056122,0.32473403215408325,0.32141584157943726,0.3197513520717621,0.31854891777038574,0.31981873512268066,0.32691580057144165,0.339995801448822,0.35830211639404297,0.38287442922592163,0.41158008575439453,0.4377240836620331,0.4571627080440521
0.41374123096466064,0.40183520317077637,0.39448800683021545,0.3886842429637909,0.3914211392402649,0.41953763365745544,0.46977153420448303,0.5117504596710205,0.5250855088233948,0.520173192024231,0.5127352476119995,0.503044068813324,0.48962879180908203,0.4811203181743622,0.4837770462036133,0.49076172709465027,0.49094703793525696,0.4808547794818878,0.46446141600608826,0.446388840675354,0.42853227257728577,0.4114144444465637,0.3958442211151123,0.38234943151474,0.3705405592918396,0.3599604070186615,0.35019180178642273,0.34029167890548706,0.3299029767513275,0.31967592239379883,0.30954328179359436,0.2995041012763977,0.2917114496231079,0.28758519887924194,0.28512808680534363,0.28318271040916443,0.28431305289268494,0.2910918891429901,0.3045620918273926,0.32591572403907776,0.3543037176132202,0.3846726417541504,0.41102394461631775
0.42930734157562256,0.4138544201850891,0.40313971042633057,0.3927723467350006,0.38348522782325745,0.39054083824157715,0.42321428656578064,0.46657219529151917,0.5000220537185669,0.520124614238739,0.5322498083114624,0.5358453989028931,0.5302122235298157,0.5221146941184998,0.5180447697639465,0.5162550210952759,0.5112593173980713,0.5014522075653076,0.48933467268943787,0.47661933302879333,0.4622167944908142,0.4453979730606079,0.4279084801673889,0.4114186763763428,0.3959173858165741,0.3814944624900818,0.36820775270462036,0.3547395169734955,0.3406575918197632,0.3276388645172119,0.31595081090927124,0.3040355443954468,0.29266005754470825,0.2841480076313019,0.27820104360580444,0.27347514033317566,0.27093541622161865,0.2722606956958771,0.2785326838493347,0.2918130159378052,0.31381404399871826,0.34236255288124084,0.3715149760246277
0.4573781192302704,0.43963149189949036,0.42637646198272705,0.4162277281284332,0.40486940741539,0.398493230342865,0.41106662154197693,0.44544219970703125,0.4883435070514679,0.5247965455055237,0.5487946271896362,0.5607815384864807,0.5626013278961182,0.5567208528518677,0.5471543669700623,0.5383803844451904,0.5322462320327759,0.5270160436630249,0.5202443599700928,0.5108395218849182,0.49835097789764404,0.4831180274486542,0.4668992757797241,0.4510790705680847,0.435510516166687,0.4201473593711853,0.4052612781524658,0.3901722729206085,0.37466520071029663,0.3602040410041809,0.34736865758895874,0.33482488989830017,0.32219406962394714,0.310657262802124,0.30074983835220337,0.2925876975059509,0.2869698107242584,0.2843191623687744,0.2848784327507019,0.29061681032180786,0.30405575037002563,0.3248958885669708,0.3493751287460327
0.4925200939178467,0.47509193420410156,0.46007460355758667,0.44989433884620667,0.4406513571739197,0.4310739040374756,0.43061408400535583,0.44873902201652527,0.48038041591644287,0.5109553337097168,0.5330352187156677,0.5497519373893738,0.5632838606834412,0.5695382952690125,0.5666549801826477,0.5606293678283691,0.5576982498168945,0.5567349195480347,0.5532661080360413,0.5461009740829468,0.5365878343582153,0.5255106091499329,0.5132704973220825,0.5003232955932617,0.4865192770957947,0.47178563475608826,0.4568811058998108,0.4423568844795227,0.4279461205005646,0.4134436547756195,0.399141788482666,0.3855159282684326,0.37291502952575684,0.3611670732498169,0.34992799162864685,0.3397866189479828,0.33182576298713684,0.3262198567390442,0.3230500817298889,0.32388660311698914,0.3306305706501007,0.34345561265945435,0.3607134222984314
0.5309687852859497,0.5160844326019287,0.5010492205619812,0.48997360467910767,0.48252877593040466,0.4751376509666443,0.46980300545692444,0.4732966721057892,0.4867108166217804,0.5040735006332397,0.522310733795166,0.5438992977142334,0.5675466656684875,0.5850207805633545,0.5913267135620117,0.591011643409729,0.5903232097625732,0.5893653631210327,0.5858455896377563,0.580672562122345,0.5756632089614868,0.570022702217102,0.5622907280921936,0.5526771545410156,0.5417279601097107,0.5293468236923218,0.5160322189331055,0.5028958916664124,0.4899938702583313,0.4763491153717041,0.46192771196365356,0.44816574454307556,0.4360434412956238,0.42488157749176025,0.41387060284614563,0.4036083221435547,0.39503276348114014,0.38817298412323,0.38325321674346924,0.3816358149051666,0.38450437784194946,0.3918592929840088,0.40299126505851746
0.5682286620140076,0.5573243498802185,0.5447293519973755,0.533744215965271,0.5271943807601929,0.5234655737876892,0.5205279588699341,0.5201528668403625,0.5251138210296631,0.5356979370117188,0.5511170029640198,0.5703691840171814,0.5896828770637512,0.6034069657325745,0.6098661422729492,0.6127282977104187,0.6149848699569702,0.6156392097473145,0.6137556433677673,0.6111582517623901,0.608989417552948,0.6055147051811218,0.5993707180023193,0.5917930006980896,0.5840408205986023,0.5754296183586121,0.5652534365653992,0.5543303489685059,0.5435045957565308,0.5324921607971191,0.5211219191551208,0.5101290345191956,0.49989402294158936,0.48979610204696655,0.4795753061771393,0.4700208306312561,0.4616921842098236,0.4544011950492859,0.44853100180625916,0.4453398287296295,0.4455028176307678,0.4487694203853607,0.45493385195732117
0.5948612689971924,0.5885912179946899,0.5805528163909912,0.5716256499290466,0.5651844143867493,0.562550961971283,0.5621436834335327,0.5629085302352905,0.5659071207046509,0.572409451007843,0.5820440053939819,0.5927743911743164,0.6020750999450684,0.6088886260986328,0.6146734356880188,0.6213060617446899,0.6280483603477478,0.632378876209259,0.6335974335670471,0.6332342624664307,0.6319101452827454,0.6285209059715271,0.6229660511016846,0.6170209646224976,0.6116490960121155,0.6056641340255737,0.5979670882225037,0.5892836451530457,0.5808169841766357,0.572688639163971,0.5645248889923096,0.5563579797744751,0.5482324957847595,0.5399147272109985,0.5315293669700623,0.5236225128173828,0.5163565278053284,0.5096340775489807,0.504115104675293,0.500960111618042,0.5004982948303223,0.5022651553153992,0.5061638951301575
0.6072729825973511,0.6043242812156677,0.600653350353241,0.595041811466217,0.5891584157943726,0.5853742957115173,0.584084153175354,0.5842422246932983,0.5853457450866699,0.5878276824951172,0.592043936252594,0.5977104902267456,0.6043577194213867,0.6118931174278259,0.620277464389801,0.6285762190818787,0.6349653005599976,0.638309895992279,0.6393109560012817,0.6393364071846008,0.6386043429374695,0.6365113258361816,0.6332360506057739,0.6296281218528748,0.6256622672080994,0.6204220652580261,0.6137679219245911,0.606764018535614,0.600159227848053,0.5935426950454712,0.5863839387893677,0.5789688229560852,0.5718695521354675,0.5652401447296143,0.5590394139289856,0.553363561630249,0.5482796430587769,0.5438784956932068,0.5406655669212341,0.5393654704093933,0.5402292013168335,0.5429849624633789,0.54734206199646
0.6093099117279053,0.6072478890419006,0.6058127880096436,0.6035124063491821,0.6002129912376404,0.5973352789878845,0.5960713028907776,0.5962968468666077,0.5972016453742981,0.5984069108963013,0.6003450751304626,0.6038079261779785,0.609155535697937,0.61574387550354,0.6220420002937317,0.6265175342559814,0.6286938786506653,0.6293907165527344,0.6297624111175537,0.6300932765007019,0.6297635436058044,0.6283224821090698,0.626037061214447,0.6231566071510315,0.6192930936813354,0.6141364574432373,0.6083522439002991,0.6029829382896423,0.5981324911117554,0.5930130481719971,0.5872841477394104,0.5815775990486145,0.5765315294265747,0.5720099210739136,0.5676459670066833,0.5636340975761414,0.5605273246765137,0.5585400462150574,0.5574905872344971,0.557360827922821,0.5585981607437134,0.561740517616272,0.56676185131073
0.6033269762992859,0.6011598110198975,0.6001032590866089,0.5995021462440491,0.5986156463623047,0.597601056098938,0.5972228646278381,0.597899854183197,0.599286675453186,0.6007384061813354,0.6020185947418213,0.6034626960754395,0.6054528951644897,0.6078525185585022,0.6101247668266296,0.612024188041687,0.6139405965805054,0.6163060665130615,0.6187124848365784,0.6199442744255066,0.6190904378890991,0.6164326667785645,0.6129907369613647,0.6093452572822571,0.6053165793418884,0.6007772088050842,0.5962132215499878,0.5921552777290344,0.5884722471237183,0.5847400426864624,0.5810968279838562,0.5781294703483582,0.5758872032165527,0.5736175775527954,0.5707966089248657,0.5680075883865356,0.5663501024246216,0.5661537051200867,0.5667533874511719,0.5675964951515198,0.5691604614257812,0.5724624991416931,0.5778288245201111
0.5994606018066406,0.5975486040115356,0.5960990190505981,0.5951951742172241,0.594411313533783,0.5933977365493774,0.5923480987548828,0.5918291807174683,0.5922462940216064,0.5935512185096741,0.5954123139381409,0.5975401997566223,0.5998035073280334,0.602153480052948,0.6046035289764404,0.6072676777839661,0.6101959943771362,0.6130149364471436,0.6148501038551331,0.614888608455658,0.6131314039230347,0.6104515790939331,0.6077872514724731,0.6053639054298401,0.6028202176094055,0.5999274849891663,0.5968761444091797,0.5938593149185181,0.5907586812973022,0.5874980092048645,0.5844717025756836,0.5822265148162842,0.5807346105575562,0.5793747305870056,0.5778072476387024,0.5765987038612366,0.5766758322715759,0.5782817006111145,0.5807999968528748,0.5836489200592041,0.5870139002799988,0.5914650559425354,0.5970624685287476
0.6109851598739624,0.6090831756591797,0.6071295142173767,0.605684757232666,0.6048392057418823,0.6042447686195374,0.6036176085472107,0.6031031608581543,0.6031590104103088,0.6041614413261414,0.6061419248580933,0.608816385269165,0.6117663979530334,0.6145821809768677,0.6169227957725525,0.6185285449028015,0.6192286610603333,0.6189743876457214,0.6179313063621521,0.6165429949760437,0.6153814196586609,0.6147518754005432,0.6143860220909119,0.6136270761489868,0.6120452880859375,0.6098586916923523,0.6076667308807373,0.6057970523834229,0.6040390133857727,0.6020591855049133,0.5999312400817871,0.5981128215789795,0.5969685912132263,0.596503496170044,0.5965991020202637,0.5973235368728638,0.5988497138023376,0.6011545062065125,0.6040067672729492,0.6072899103164673,0.6111512184143066,0.6157021522521973,0.620683491230011
0.6319814920425415,0.6298109292984009,0.6278582215309143,0.626677930355072,0.6264950037002563,0.6270636320114136,0.6279155611991882,0.6287103295326233,0.6293760538101196,0.6300129890441895,0.6307458877563477,0.6316710114479065,0.632868230342865,0.6343711018562317,0.6360873579978943,0.637773334980011,0.6391446590423584,0.6400769948959351,0.6407151222229004,0.6413416266441345,0.6420478224754333,0.6424837112426758,0.6419868469238281,0.6400972604751587,0.6370557546615601,0.6337915658950806,0.631322979927063,0.6300626397132874,0.6296550631523132,0.6294607520103455,0.6291868686676025,0.6290830373764038,0.6296101808547974,0.6309939026832581,0.6330631971359253,0.6354169845581055,0.6376891136169434,0.6397322416305542,0.6416836380958557,0.6438961625099182,0.6467273831367493,0.6502928733825684,0.6544079780578613
0.6550993323326111,0.6541379690170288,0.6535508632659912,0.6532533764839172,0.6532090902328491,0.6534399390220642,0.6540145874023438,0.6550000309944153,0.6563877463340759,0.6580722332000732,0.6599353551864624,0.6619933247566223,0.6644632816314697,0.6676440238952637,0.6716600060462952,0.6762610673904419,0.6808462738990784,0.6847137808799744,0.6873547434806824,0.6885836720466614,0.6884610056877136,0.6871412396430969,0.6848296523094177,0.6818721294403076,0.6788198351860046,0.6762969493865967,0.6747009754180908,0.6739835143089294,0.6737398505210876,0.6735718846321106,0.6734285950660706,0.6736404299736023,0.6746352314949036,0.6765938997268677,0.6793187856674194,0.6823787689208984,0.685379147529602,0.6881504654884338,0.6907624006271362,0.6933984756469727,0.6962124109268188,0.6992637515068054,0.702558159828186
0.6864662766456604,0.6877239346504211,0.6892795562744141,0.6905946731567383,0.6914659142494202,0.6921781301498413,0.6933649182319641,0.695661187171936,0.6993533372879028,0.704235315322876,0.7097446322441101,0.7152660489082336,0.7203880548477173,0.7249470353126526,0.7288646101951599,0.7319427728652954,0.7338030934333801,0.7340424656867981,0.7324967384338379,0.7294272184371948,0.725497305393219,0.7215538024902344,0.7183396816253662,0.7162768244743347,0.7153910398483276,0.7153698801994324,0.715714156627655,0.7159367203712463,0.7157562375068665,0.7152099013328552,0.71462482213974,0.7144497036933899,0.7150420546531677,0.7165350914001465,0.7188458442687988,0.7217792272567749,0.7251206636428833,0.7286487817764282,0.7321001291275024,0.7351728081703186,0.7376295328140259,0.7394600510597229,0.7409679889678955
0.7152143120765686,0.7164059281349182,0.7184057831764221,0.720918595790863,0.7238065004348755,0.7272122502326965,0.7314613461494446,0.736802339553833,0.7431515455245972,0.7500072121620178,0.7565920352935791,0.762137234210968,0.766143262386322,0.7684761881828308,0.7692738771438599,0.7687556743621826,0.7670779228210449,0.7643198370933533,0.7605863213539124,0.756127655506134,0.7513738870620728,0.7468503713607788,0.7430200576782227,0.7401483654975891,0.7382622957229614,0.7372162342071533,0.7368191480636597,0.7369413375854492,0.7375510931015015,0.7386649250984192,0.7402610778808594,0.7422187328338623,0.744337260723114,0.7464226484298706,0.7483837604522705,0.7502561807632446,0.7521190047264099,0.753957986831665,0.7555792927742004,0.7566696405410767,0.7570001482963562,0.756658136844635,0.7561362385749817
0.726749062538147,0.7264658212661743,0.7275462746620178,0.7299892902374268,0.7336693406105042,0.7383810877799988,0.7438448071479797,0.7496841549873352,0.7554266452789307,0.760569155216217,0.7647064924240112,0.7676665782928467,0.7695763111114502,0.7708041667938232,0.771789014339447,0.7728281021118164,0.7739200592041016,0.7747401595115662,0.7747551798820496,0.7734304666519165,0.7704448103904724,0.7658390402793884,0.7600547671318054,0.7538692951202393,0.7482475638389587,0.7441511750221252,0.7423357963562012,0.7431760430335999,0.7465521097183228,0.7518430352210999,0.7580457925796509,0.764008641242981,0.7687249183654785,0.7715845108032227,0.7724946737289429,0.7718210220336914,0.7701717019081116,0.7681290507316589,0.7660508155822754,0.7640263438224792,0.7619886994361877,0.759891152381897,0.7578248381614685
