earth/public/data/atmosphere/W07/ANN-temp-isobaric-700hPa-gfs-1.0.json
{"header": {"discipline": 0, "disciplineName": "Meteorological products", "gribEdition": 2, "gribLength": 17922.0, "center": 0, "centerName": "Kiel Climate Model", "subcenter": 0, "refTime": "1", "significanceOfRT": 1, "significanceOfRTName": "Start of forecast", "productStatus": 0, "productStatusName": "Operational products", "productType": 1, "productTypeName": "Forecast products", "productDefinitionTemplate": 0, "productDefinitionTemplateName": "Analysis/forecast at horizontal level/layer at a point in time", "parameterCategory": 2, "parameterCategoryName": "Momentum", "parameterNumber": 2, "parameterNumberName": "U-component_of_wind", "parameterUnit": "K", "genProcessType": 2, "genProcessTypeName": "Forecast", "forecastTime": 0, "surface1Type": 103, "surface1TypeName": "Specified height level above ground", "surface1Value": 10, "surface2Type": 255, "surface2TypeName": "Missing", "surface2Value": 0, "gridDefinitionTemplate": 0, "gridDefinitionTemplateName": "Latitude_Longitude", "numberPoints": 65160, "shape": 6, "shapeName": "Earth spherical with radius of 6,371,229.0 m", "gridUnits": "degrees", "resolution": 48, "winds": "true", "scanMode": 0, "nx": 128.0, "ny": 64.0, "basicAngle": 0, "subDivisions": 0, "lo1": 0.0, "la1": 87.86379883923263, "lo2": 357.1875, "la2": -87.86379883923263, "dx": 2.8125, "dy": 2.7893269472772264}, "data":
[rows 20 to 39 of 64, columns 0 to 43 of 128]
276.9560241699219,276.68426513671875,276.3797912597656,276.05743408203125,275.7867431640625,275.6344909667969,275.5804748535156,275.57415771484375,275.650390625,275.8800048828125,276.23486328125,276.6246337890625,277.03643798828125,277.5208740234375,278.08123779296875,278.6767272949219,279.2876281738281,279.8898010253906,280.3810119628906,280.58209228515625,280.3961486816406,280.0662841796875,280.1309509277344,280.80792236328125,281.5097961425781,281.4002380371094,280.3736572265625,279.03094482421875,277.8658142089844,277.0552062988281,276.80029296875,277.1598205566406,277.7294006347656,278.0641174316406,278.1397705078125,278.001220703125,277.4776306152344,276.642822265625,275.977783203125,275.72735595703125,275.6181335449219,275.4112854003906,275.2253723144531,275.1792297363281
278.6430358886719,278.4200134277344,278.096435546875,277.6840515136719,277.30029296875,277.0896301269531,277.0545654296875,277.0982666015625,277.2322082519531,277.56640625,278.1033630371094,278.73101806640625,279.3818359375,280.01824951171875,280.54595947265625,280.92547607421875,281.2756042480469,281.7076721191406,282.1324768066406,282.34197998046875,282.2570495605469,282.0635986328125,282.05133056640625,282.2236328125,282.2067565917969,281.78302001953125,281.2583312988281,280.88348388671875,280.321044921875,279.33251953125,278.478759765625,278.3293151855469,278.5621643066406,278.65289306640625,278.7119445800781,278.8803405761719,278.7773132324219,278.2361755371094,277.72119140625,277.5282287597656,277.3846130371094,277.0989990234375,276.8760070800781,276.855712890625
280.1085205078125,279.99102783203125,279.71856689453125,279.3365173339844,278.9994812011719,278.8565979003906,278.88787841796875,278.9754943847656,279.1461181640625,279.5480041503906,280.1844787597656,280.892822265625,281.5596923828125,282.1468811035156,282.5832214355469,282.8265075683594,282.9591064453125,283.0889587402344,283.2109680175781,283.23406982421875,283.1187744140625,282.9610595703125,282.8899841308594,282.83251953125,282.5328674316406,282.0015869140625,281.6921691894531,281.82513427734375,281.8890075683594,281.4294128417969,280.8411560058594,280.5931701660156,280.36968994140625,279.87835693359375,279.5997314453125,279.8282470703125,280.0005798339844,279.71014404296875,279.31280517578125,279.08465576171875,278.8292236328125,278.50048828125,278.3390197753906,278.39605712890625
281.3683166503906,281.35906982421875,281.19793701171875,280.9480285644531,280.7393493652344,280.6668701171875,280.70074462890625,280.7532653808594,280.8758239746094,281.2308044433594,281.8294677734375,282.4914855957031,283.05938720703125,283.4952392578125,283.81585693359375,284.02227783203125,284.0767822265625,283.98046875,283.8370666503906,283.7220458984375,283.5801086425781,283.386474609375,283.2540283203125,283.22265625,283.101318359375,282.7359313964844,282.3233337402344,282.1497497558594,282.1206970214844,282.0050048828125,281.9299011230469,281.9818420410156,281.7449645996094,281.0572204589844,280.5520935058594,280.6260681152344,280.7751159667969,280.5882873535156,280.3218688964844,280.1513366699219,279.92144775390625,279.67486572265625,279.60028076171875,279.6676330566406
282.1830139160156,282.1612243652344,282.0765686035156,281.99359130859375,281.9555969238281,281.974609375,282.04315185546875,282.12579345703125,282.2577819824219,282.54730224609375,283.0040588378906,283.514404296875,283.9552917480469,284.2543640136719,284.4407958984375,284.5682678222656,284.54473876953125,284.3013916015625,284.0426330566406,283.9588317871094,283.9090881347656,283.7077941894531,283.4208068847656,283.1861572265625,283.00177001953125,282.7730712890625,282.48651123046875,282.281982421875,282.2471618652344,282.2897644042969,282.3695983886719,282.4737243652344,282.327392578125,281.778076171875,281.26611328125,281.17633056640625,281.23748779296875,281.167724609375,281.1175842285156,281.1419982910156,281.08099365234375,280.9551696777344,280.85919189453125,280.7821044921875
282.3456115722656,282.3373718261719,282.35687255859375,282.47015380859375,282.62060546875,282.746337890625,282.8735046386719,283.0159912109375,283.2006530761719,283.4536437988281,283.69781494140625,283.8935852050781,284.10247802734375,284.28082275390625,284.34832763671875,284.3470458984375,284.24896240234375,283.9967041015625,283.7811584472656,283.7604675292969,283.746826171875,283.5622253417969,283.2532653808594,282.8634033203125,282.4556884765625,282.1739196777344,282.0628356933594,282.1341857910156,282.42803955078125,282.7624816894531,282.8880615234375,282.8487243652344,282.6898193359375,282.27545166015625,281.7533874511719,281.47686767578125,281.43359375,281.4455261230469,281.56683349609375,281.7992248535156,281.9623107910156,281.9801330566406,281.8736877441406,281.7012023925781
282.1888427734375,282.2538757324219,282.3393249511719,282.5152587890625,282.6799011230469,282.7769775390625,282.86328125,282.9583435058594,283.1369323730469,283.418701171875,283.568115234375,283.5278625488281,283.6111145019531,283.8548583984375,283.93426513671875,283.7904968261719,283.60540771484375,283.4556579589844,283.3936462402344,283.3835144042969,283.2363586425781,282.9692687988281,282.7589416503906,282.54266357421875,282.2379150390625,281.96978759765625,281.78021240234375,281.7196960449219,282.0082092285156,282.52099609375,282.7922058105469,282.774658203125,282.6979675292969,282.4545593261719,281.98992919921875,281.63226318359375,281.522705078125,281.5149230957031,281.632080078125,281.9175109863281,282.1785888671875,282.2579650878906,282.175048828125,282.03228759765625
281.8397521972656,281.86724853515625,281.9124450683594,282.01983642578125,282.0842590332031,282.1308288574219,282.21636962890625,282.2685546875,282.40606689453125,282.7410583496094,282.9391174316406,282.88140869140625,283.06341552734375,283.5509338378906,283.7091064453125,283.36175537109375,283.0032653808594,282.9344482421875,283.0385437011719,283.05950927734375,282.8171081542969,282.44305419921875,282.1934814453125,282.05511474609375,281.94287109375,281.86962890625,281.712158203125,281.48486328125,281.5762023925781,282.02655029296875,282.3314208984375,282.3543701171875,282.37103271484375,282.3115539550781,282.0379943847656,281.82000732421875,281.80029296875,281.8050537109375,281.8623352050781,282.0743103027344,282.2568054199219,282.25823974609375,282.15594482421875,282.0333251953125
281.2510070800781,281.2239685058594,281.290771484375,281.41680908203125,281.4816589355469,281.5807189941406,281.7467956542969,281.8032531738281,281.8744812011719,282.16400146484375,282.3468933105469,282.2695007324219,282.4568786621094,282.97198486328125,283.07745361328125,282.5945739746094,282.1995849609375,282.2634582519531,282.4969787597656,282.5565490722656,282.3775329589844,282.09710693359375,281.83758544921875,281.6069030761719,281.468505859375,281.5010070800781,281.5632019042969,281.563720703125,281.7149963378906,282.03546142578125,282.1845703125,282.1170959472656,282.0913391113281,282.0548095703125,281.879638671875,281.78717041015625,281.88348388671875,281.97479248046875,282.0541076660156,282.20501708984375,282.2842712402344,282.23828125,282.18426513671875,282.0992431640625
280.8309020996094,280.8438720703125,280.9659118652344,281.112060546875,281.1743469238281,281.2578125,281.3862609863281,281.4119567871094,281.4573669433594,281.6990661621094,281.8605651855469,281.7622375488281,281.74993896484375,281.90936279296875,281.822265625,281.47052001953125,281.36328125,281.6555480957031,281.9548645019531,281.9776611328125,281.84344482421875,281.73760986328125,281.65234375,281.5257873535156,281.4046325683594,281.3658447265625,281.4172058105469,281.5439147949219,281.7334289550781,281.8977966308594,281.9292297363281,281.88348388671875,281.8708190917969,281.80419921875,281.6144104003906,281.5047912597656,281.60870361328125,281.78253173828125,281.921142578125,281.9996643066406,281.9671325683594,281.936279296875,282.021240234375,282.0489807128906
280.751708984375,280.7725830078125,280.8240051269531,280.869873046875,280.87017822265625,280.87969970703125,280.91278076171875,280.9485168457031,281.0831604003906,281.3543395996094,281.58123779296875,281.61370849609375,281.46820068359375,281.2119140625,280.9690246582031,280.9067687988281,281.0918884277344,281.4184265136719,281.6504211425781,281.642333984375,281.51995849609375,281.4468994140625,281.4202880859375,281.43389892578125,281.4715576171875,281.4281311035156,281.3387756347656,281.3509521484375,281.4283752441406,281.4802551269531,281.5527648925781,281.65936279296875,281.7259216308594,281.6919860839844,281.5465393066406,281.4173278808594,281.49151611328125,281.7394104003906,281.93048095703125,281.8926086425781,281.6998596191406,281.6435852050781,281.82073974609375,281.9566345214844
280.70562744140625,280.70770263671875,280.7066345214844,280.7192077636719,280.7409362792969,280.76165771484375,280.7757263183594,280.85650634765625,281.0465393066406,281.2467041015625,281.4253845214844,281.57037353515625,281.4442138671875,281.0335388183594,280.823974609375,281.007568359375,281.2219543457031,281.30535888671875,281.37603759765625,281.4166564941406,281.408203125,281.3708190917969,281.2579345703125,281.1772766113281,281.2413635253906,281.2825927734375,281.23468017578125,281.25262451171875,281.3166809082031,281.37030029296875,281.4970703125,281.6257019042969,281.64410400390625,281.6283874511719,281.5693664550781,281.42987060546875,281.43695068359375,281.7110595703125,281.94757080078125,281.86151123046875,281.60943603515625,281.561767578125,281.7785949707031,281.974609375
280.71673583984375,280.7236633300781,280.7598571777344,280.8079528808594,280.8371276855469,280.8507080078125,280.843994140625,280.89849853515625,281.0458679199219,281.137939453125,281.17822265625,281.24578857421875,281.109619140625,280.77337646484375,280.76025390625,281.10723876953125,281.27264404296875,281.2101745605469,281.213623046875,281.2394714355469,281.25054931640625,281.30145263671875,281.2403564453125,281.08349609375,281.05279541015625,281.09332275390625,281.10382080078125,281.1695861816406,281.2494201660156,281.29974365234375,281.4093933105469,281.49139404296875,281.477783203125,281.5229797363281,281.55523681640625,281.395751953125,281.2890625,281.4770202636719,281.6971435546875,281.6640625,281.5195617675781,281.54278564453125,281.7349548339844,281.8927307128906
280.92523193359375,280.8711853027344,280.88214111328125,280.8741455078125,280.8039245605469,280.7823486328125,280.79949951171875,280.8350524902344,280.9638977050781,281.099365234375,281.1070251464844,280.9786682128906,280.68994140625,280.4326477050781,280.5823059082031,280.96380615234375,281.1119079589844,281.1386413574219,281.2303771972656,281.15509033203125,280.9708557128906,280.9718933105469,281.0199890136719,280.9623718261719,280.9523620605469,280.9848937988281,280.9842224121094,281.0296325683594,281.08416748046875,281.10614013671875,281.20098876953125,281.3201904296875,281.39288330078125,281.5289306640625,281.6448669433594,281.5563049316406,281.4432373046875,281.525634765625,281.67095947265625,281.7226257324219,281.7367248535156,281.79595947265625,281.8674011230469,281.88525390625
281.2085876464844,281.08673095703125,281.04913330078125,280.9750061035156,280.8290710449219,280.8259582519531,280.937255859375,280.9828186035156,281.0413818359375,281.1480712890625,281.0870056152344,280.744873046875,280.27813720703125,280.0293273925781,280.20654296875,280.5108947753906,280.61297607421875,280.7030944824219,280.8687438964844,280.80889892578125,280.5944519042969,280.5578918457031,280.6183166503906,280.6388244628906,280.7232360839844,280.8274230957031,280.8743591308594,280.96142578125,281.0631408691406,281.1071472167969,281.1866455078125,281.30230712890625,281.3719482421875,281.4548645019531,281.5624694824219,281.61041259765625,281.6329650878906,281.69219970703125,281.78021240234375,281.9031982421875,282.0315856933594,282.1020812988281,282.11279296875,282.0921936035156
281.6288757324219,281.4942932128906,281.41473388671875,281.2864074707031,281.06365966796875,280.978759765625,281.04791259765625,281.0433044433594,280.95806884765625,280.8513488769531,280.5936279296875,280.13726806640625,279.6644287109375,279.4358825683594,279.5657653808594,279.8265075683594,279.9462890625,280.00750732421875,280.12066650390625,280.17718505859375,280.20843505859375,280.3236389160156,280.4169616699219,280.4564208984375,280.56201171875,280.67877197265625,280.73577880859375,280.8274841308594,280.9426574707031,280.9969787597656,281.0484313964844,281.12884521484375,281.17791748046875,281.21600341796875,281.3058776855469,281.44757080078125,281.5867919921875,281.66717529296875,281.7332458496094,281.8589782714844,281.9756164550781,282.0181579589844,282.0593566894531,282.127685546875
282.204833984375,282.01239013671875,281.7941589355469,281.5426940917969,281.2266845703125,280.9901428222656,280.8973388671875,280.8363037109375,280.7232666015625,280.4815673828125,280.0647888183594,279.60821533203125,279.2647399902344,279.0777282714844,279.1037902832031,279.29571533203125,279.4410400390625,279.482666015625,279.5516357421875,279.68646240234375,279.8525695800781,280.03338623046875,280.18084716796875,280.2891845703125,280.401123046875,280.4861755371094,280.5207824707031,280.56036376953125,280.6178894042969,280.6741943359375,280.7619323730469,280.9013671875,281.0677795410156,281.2345886230469,281.391357421875,281.5528259277344,281.7088623046875,281.8172607421875,281.904541015625,281.9993591308594,282.03082275390625,281.9976806640625,281.9998474121094,282.0213623046875
282.55810546875,282.3809814453125,282.0809631347656,281.7521057128906,281.4634094238281,281.2325134277344,281.0276794433594,280.8591003417969,280.70989990234375,280.40057373046875,279.8709716796875,279.396484375,279.1712646484375,279.0760192871094,279.0116271972656,278.9625549316406,278.8607177734375,278.78955078125,278.94427490234375,279.2296142578125,279.39044189453125,279.4533996582031,279.5891418457031,279.7742919921875,279.91192626953125,280.0301513671875,280.169921875,280.29010009765625,280.3861083984375,280.5177307128906,280.68487548828125,280.8541564941406,281.05322265625,281.2756652832031,281.4448547363281,281.55865478515625,281.6750183105469,281.8014221191406,281.9340515136719,282.0550537109375,282.1033935546875,282.0808410644531,282.0203857421875,281.8721923828125
282.4161071777344,282.4840393066406,282.33319091796875,282.0227966308594,281.7596130371094,281.5521545410156,281.23150634765625,280.8309020996094,280.47991943359375,280.0522155761719,279.4622497558594,279.01043701171875,278.9381103515625,279.048828125,279.0279541015625,278.724853515625,278.21575927734375,277.8985900878906,278.1136779785156,278.57769775390625,278.7886047363281,278.7993469238281,278.9291687011719,279.1236267089844,279.217529296875,279.3328552246094,279.5658264160156,279.781982421875,279.9427185058594,280.1530456542969,280.3760986328125,280.5205078125,280.6515197753906,280.8221130371094,280.9630432128906,281.06085205078125,281.1663818359375,281.2783203125,281.3944396972656,281.5176086425781,281.59710693359375,281.59912109375,281.5145568847656,281.31072998046875
281.65875244140625,281.9964599609375,282.11798095703125,281.9145202636719,281.6058044433594,281.308349609375,280.8935852050781,280.3897705078125,279.94921875,279.492431640625,278.96148681640625,278.6433410644531,278.7389831542969,278.9875793457031,279.0029296875,278.6256408691406,277.9964904785156,277.55548095703125,277.6334228515625,277.9614562988281,278.0892028808594,278.0848083496094,278.216552734375,278.3765563964844,278.410888671875,278.4815979003906,278.6806945800781,278.85491943359375,278.9876403808594,279.2070617675781,279.4679260253906,279.66802978515625,279.86083984375,280.0836181640625,280.2781066894531,280.4473876953125,280.61492919921875,280.7427673339844,280.8373107910156,280.9203796386719,280.9222412109375,280.8079528808594,280.6507568359375,280.49517822265625
