earth/public/data/atmosphere/C53/ANN-rh-isobaric-850hPa-gfs-1.0.json
{"header": {"discipline": 0, "disciplineName": "Meteorological products", "gribEdition": 2, "gribLength": 17922.0, "center": 0, "centerName": "Kiel Climate Model", "subcenter": 0, "refTime": "1", "significanceOfRT": 1, "significanceOfRTName": "Start of forecast", "productStatus": 0, "productStatusName": "Operational products", "productType": 1, "productTypeName": "Forecast products", "productDefinitionTemplate": 0, "productDefinitionTemplateName": "Analysis/forecast at horizontal level/layer at a point in time", "parameterCategory": 2, "parameterCategoryName": "Momentum", "parameterNumber": 2, "parameterNumberName": "U-component_of_wind", "parameterUnit": "%", "genProcessType": 2, "genProcessTypeName": "Forecast", "forecastTime": 0, "surface1Type": 103, "surface1TypeName": "Specified height level above ground", "surface1Value": 10, "surface2Type": 255, "surface2TypeName": "Missing", "surface2Value": 0, "gridDefinitionTemplate": 0, "gridDefinitionTemplateName": "Latitude_Longitude", "numberPoints": 65160, "shape": 6, "shapeName": "Earth spherical with radius of 6,371,229.0 m", "gridUnits": "degrees", "resolution": 48, "winds": "true", "scanMode": 0, "nx": 128.0, "ny": 64.0, "basicAngle": 0, "subDivisions": 0, "lo1": 0.0, "la1": 87.86379883923263, "lo2": 357.1875, "la2": -87.86379883923263, "dx": 2.8125, "dy": 2.7893269472772264}, "data":
[rows 19 to 37 of 64, columns 43 to 85 of 128]
0.42351892590522766,0.4427286386489868,0.4781261384487152,0.5126650929450989,0.5368000268936157,0.56866455078125,0.6288551092147827,0.702552318572998,0.753040075302124,0.7721993923187256,0.7857541441917419,0.806566596031189,0.8209526538848877,0.8247328996658325,0.8316770195960999,0.8427774906158447,0.8453247547149658,0.8412142395973206,0.8429017663002014,0.8484870195388794,0.8483977317810059,0.8451018333435059,0.8451336026191711,0.8454535007476807,0.842103898525238,0.8387448787689209,0.8384827375411987,0.8389774560928345,0.8388160467147827,0.8397222757339478,0.842054009437561,0.8436229228973389,0.8425325751304626,0.8396235704421997,0.8383041024208069,0.8401693105697632,0.8419830799102783,0.8412401676177979,0.8410612344741821,0.843438446521759,0.8439905643463135,0.8405610918998718,0.8382209539413452
0.4489225149154663,0.4838005006313324,0.5116173624992371,0.5343077778816223,0.56389319896698,0.6097152829170227,0.6703438758850098,0.7308553457260132,0.7706225514411926,0.787194550037384,0.7999742031097412,0.8182699084281921,0.8309163451194763,0.8351806998252869,0.8415389657020569,0.8484233617782593,0.8475982546806335,0.8459827899932861,0.8512919545173645,0.8547801971435547,0.8510556817054749,0.8493142127990723,0.8522123694419861,0.851873517036438,0.8493738174438477,0.8516205549240112,0.8548968434333801,0.8532004356384277,0.8510167598724365,0.8525664210319519,0.8532824516296387,0.8508889675140381,0.8499748110771179,0.8521673679351807,0.854320764541626,0.8552554249763489,0.8555710911750793,0.8551644682884216,0.8549671173095703,0.8551353812217712,0.8528933525085449,0.8486507534980774,0.8477184772491455
0.4573826789855957,0.4955345392227173,0.5281057953834534,0.5642238259315491,0.6175690293312073,0.6774068474769592,0.7260016798973083,0.7627829313278198,0.7901943922042847,0.8067625164985657,0.8193939328193665,0.8332233428955078,0.8416005969047546,0.8444816470146179,0.8500317335128784,0.8546680808067322,0.8529821038246155,0.8538393378257751,0.8599197268486023,0.8595195412635803,0.8538931012153625,0.8560953736305237,0.8619863986968994,0.86001056432724,0.8568316698074341,0.8610055446624756,0.8639155626296997,0.8599801063537598,0.8583965301513672,0.8621219992637634,0.8629114627838135,0.8607103824615479,0.8629428148269653,0.8676804304122925,0.8678954839706421,0.8650707602500916,0.8638888001441956,0.8633049726486206,0.8617788553237915,0.8607914447784424,0.8600773811340332,0.8587114810943604,0.8583221435546875
0.45505431294441223,0.5017340183258057,0.5541386008262634,0.6105599403381348,0.6760149598121643,0.7336444854736328,0.7681397795677185,0.7916024923324585,0.8141111731529236,0.8292091488838196,0.8385576605796814,0.8485611081123352,0.8540949821472168,0.8546273112297058,0.8581697940826416,0.8613821268081665,0.8592569828033447,0.8601240515708923,0.8650614619255066,0.863709568977356,0.8602273464202881,0.8651496171951294,0.8704566359519958,0.8674028515815735,0.8652101755142212,0.8687196373939514,0.8691452741622925,0.8663878440856934,0.8687871694564819,0.8734762072563171,0.8732491135597229,0.8719855546951294,0.8743674755096436,0.8752347826957703,0.8716514110565186,0.8698115348815918,0.8723235130310059,0.8736460208892822,0.8718935251235962,0.8712764978408813,0.8725796341896057,0.8728669285774231,0.8713199496269226
0.4963226318359375,0.5536224842071533,0.618303656578064,0.6763448715209961,0.7290865182876587,0.7714722156524658,0.7989768385887146,0.821660041809082,0.8411920070648193,0.8484033942222595,0.8499480485916138,0.8562605381011963,0.8604688048362732,0.8593565821647644,0.8610777258872986,0.8634596467018127,0.8613531589508057,0.8614144921302795,0.8648447394371033,0.8645182847976685,0.8637223243713379,0.867059588432312,0.8682507276535034,0.8668290376663208,0.8694931268692017,0.8725302219390869,0.8710123896598816,0.8714034557342529,0.8756481409072876,0.8762264251708984,0.8736932873725891,0.8747215867042542,0.8769584894180298,0.8752646446228027,0.8732860684394836,0.8759235143661499,0.8800552487373352,0.880855143070221,0.879833459854126,0.8802855014801025,0.8810265064239502,0.8807181715965271,0.8809715509414673
0.5790554881095886,0.6295835375785828,0.6903510689735413,0.7410204410552979,0.7795559763908386,0.8100681304931641,0.8316067457199097,0.8473859429359436,0.8574545979499817,0.8577054142951965,0.8553466200828552,0.8582108020782471,0.8605429530143738,0.8600362539291382,0.8620581030845642,0.8639603853225708,0.8629114031791687,0.8639608025550842,0.8663650751113892,0.8664726614952087,0.8679408431053162,0.8700396418571472,0.8683805465698242,0.8688718676567078,0.8741857409477234,0.8752329349517822,0.873005747795105,0.8763724565505981,0.8798381686210632,0.8769946694374084,0.8762606382369995,0.8807725310325623,0.8823137283325195,0.8811368942260742,0.8832296133041382,0.8857717514038086,0.8846882581710815,0.8831050992012024,0.8839977979660034,0.8854328989982605,0.8848363161087036,0.8837260603904724,0.8858842849731445
0.6675273180007935,0.7004598379135132,0.7461652755737305,0.7837060689926147,0.8117052316665649,0.8368368744850159,0.851254940032959,0.8535650372505188,0.8554657697677612,0.860427737236023,0.863706111907959,0.8640077114105225,0.8632112145423889,0.8642041087150574,0.8667961955070496,0.8672925233840942,0.8675639033317566,0.870805025100708,0.8722259402275085,0.8711980581283569,0.8741323947906494,0.8776931166648865,0.8766587376594543,0.8774868845939636,0.8810285925865173,0.8800732493400574,0.8793789744377136,0.8840463161468506,0.8856202363967896,0.8838070034980774,0.8874478936195374,0.891222357749939,0.8886416554450989,0.88836669921875,0.8924647569656372,0.8918262124061584,0.8884847164154053,0.8896278142929077,0.89174485206604,0.8912957906723022,0.8908713459968567,0.8905500173568726,0.8898637890815735
0.7446467876434326,0.7708609700202942,0.7993297576904297,0.812075674533844,0.8214436173439026,0.8417160511016846,0.8540030121803284,0.8484711647033691,0.8466753959655762,0.8576753735542297,0.8659552931785583,0.8650386929512024,0.8636032938957214,0.8658680319786072,0.8677252531051636,0.8673529624938965,0.8687223792076111,0.8721997141838074,0.8724097609519958,0.8705856204032898,0.8724988102912903,0.8752050399780273,0.8750419020652771,0.8758836388587952,0.8775349855422974,0.8774112462997437,0.8793874979019165,0.8823304772377014,0.8810287117958069,0.8813607096672058,0.8863742351531982,0.8864344358444214,0.8830288052558899,0.8863840699195862,0.8902275562286377,0.8877462148666382,0.8887511491775513,0.8944734334945679,0.8938522934913635,0.8903517127037048,0.8931257128715515,0.8958181142807007,0.892528772354126
0.7895320653915405,0.8162678480148315,0.8364075422286987,0.8302428722381592,0.8222287893295288,0.8358957171440125,0.8471809029579163,0.8391198515892029,0.8345566391944885,0.844304621219635,0.8526291847229004,0.8551592826843262,0.8584936261177063,0.8608676195144653,0.8608272671699524,0.8621509075164795,0.8644824624061584,0.8653942346572876,0.8661309480667114,0.8677921295166016,0.8687066435813904,0.8683530688285828,0.8689599633216858,0.8707712292671204,0.8715943694114685,0.8728627562522888,0.8760287761688232,0.8768792748451233,0.875679075717926,0.8783403635025024,0.8814380764961243,0.8802713751792908,0.8825892806053162,0.8894636631011963,0.8898885250091553,0.8871318101882935,0.8916640877723694,0.8957464098930359,0.8922171592712402,0.8916546106338501,0.8975805640220642,0.8998523354530334,0.8975995182991028
0.8007940053939819,0.817145824432373,0.8343232870101929,0.8288769125938416,0.8203561305999756,0.8288702964782715,0.8334634304046631,0.8234763145446777,0.8214165568351746,0.8326358795166016,0.8423613905906677,0.8503382802009583,0.8580318093299866,0.8581823110580444,0.8562002778053284,0.8604235053062439,0.8631267547607422,0.861060380935669,0.8636284470558167,0.8696508407592773,0.8704907894134521,0.8698347806930542,0.8733606934547424,0.8760830760002136,0.8757860064506531,0.8775148987770081,0.8802845478057861,0.880910336971283,0.8838046789169312,0.8888354897499084,0.8889808654785156,0.8887853622436523,0.8953695297241211,0.8992521166801453,0.8959282040596008,0.8976187705993652,0.9032638072967529,0.9016316533088684,0.9008436799049377,0.9083715081214905,0.911403477191925,0.907538890838623,0.9090574383735657
0.8243203163146973,0.8223386406898499,0.8270713090896606,0.8257075548171997,0.8282958269119263,0.8372457027435303,0.8320924043655396,0.8160750865936279,0.8151748180389404,0.8272358179092407,0.8349224328994751,0.840899646282196,0.8465811610221863,0.8442962765693665,0.8414946794509888,0.8453710079193115,0.8457537293434143,0.8417848348617554,0.843811571598053,0.8470594882965088,0.8448456525802612,0.8456418514251709,0.8509780168533325,0.851754367351532,0.851006805896759,0.8549256920814514,0.8571179509162903,0.8567355871200562,0.8616144061088562,0.8664208054542542,0.8647558689117432,0.8670854568481445,0.8743954300880432,0.8734614849090576,0.8717459440231323,0.8814197778701782,0.8866086006164551,0.8811705112457275,0.8859986662864685,0.8971260786056519,0.8936814665794373,0.889324426651001,0.8991647958755493
0.8622731566429138,0.8505865335464478,0.8364498615264893,0.8275867104530334,0.8340354561805725,0.8417324423789978,0.8254501819610596,0.7964061498641968,0.784583330154419,0.7873802781105042,0.7878819108009338,0.788199782371521,0.7898173928260803,0.7863816022872925,0.7820437550544739,0.7801421284675598,0.7751880884170532,0.7705443501472473,0.7706064581871033,0.767750084400177,0.7626450657844543,0.7648046612739563,0.7682378888130188,0.7654006481170654,0.7663646340370178,0.7739001512527466,0.7759881019592285,0.774601936340332,0.7790541648864746,0.7824450731277466,0.7817980051040649,0.7878420948982239,0.7957847714424133,0.7949771881103516,0.7976772785186768,0.8085972666740417,0.8094624280929565,0.8048087358474731,0.8132138848304749,0.8200098276138306,0.81416916847229,0.8192553520202637,0.8353259563446045
0.8499081134796143,0.8401796221733093,0.818263828754425,0.7975022196769714,0.7911031246185303,0.7852430939674377,0.7592554688453674,0.7255533933639526,0.7091390490531921,0.7084052562713623,0.7107011675834656,0.7137961983680725,0.7143924236297607,0.7090342044830322,0.7026240825653076,0.6966033577919006,0.6892189383506775,0.6856442093849182,0.6857251524925232,0.6825453639030457,0.6805752515792847,0.6850218176841736,0.6869274377822876,0.6845057010650635,0.6885239481925964,0.6965165138244629,0.6987087726593018,0.7003478407859802,0.7066117525100708,0.7104012370109558,0.7122526168823242,0.7189763784408569,0.7248827815055847,0.7262116074562073,0.7310413718223572,0.7360506057739258,0.733415961265564,0.7349678874015808,0.7447171807289124,0.7452625036239624,0.7417880892753601,0.7531608939170837,0.7633853554725647
0.791989803314209,0.7873657941818237,0.7728597521781921,0.7507877945899963,0.7319395542144775,0.7136653661727905,0.6905595064163208,0.6737939715385437,0.6730510592460632,0.6814507842063904,0.6918207406997681,0.7007865309715271,0.701578676700592,0.6954801678657532,0.6918835639953613,0.6904798150062561,0.6870953440666199,0.6854169964790344,0.6860837340354919,0.6859250068664551,0.6880589127540588,0.6928156614303589,0.6948037147521973,0.6964330077171326,0.7017267942428589,0.7058165669441223,0.7077871561050415,0.7131263017654419,0.719552755355835,0.7229465246200562,0.726840615272522,0.7312759160995483,0.7324661612510681,0.7349065542221069,0.7411712408065796,0.7436766624450684,0.7440894246101379,0.7522894740104675,0.7610068917274475,0.7601926326751709,0.7617670893669128,0.7709131836891174,0.7718766927719116
0.774713933467865,0.773301362991333,0.7707750797271729,0.7624306678771973,0.7527989745140076,0.7424315810203552,0.7335567474365234,0.7348048686981201,0.7446959018707275,0.7534148097038269,0.7605489492416382,0.7673624753952026,0.7685275077819824,0.7665572166442871,0.7691022157669067,0.7728308439254761,0.7727575302124023,0.7723607420921326,0.7732701301574707,0.7741025686264038,0.7759864330291748,0.7778339385986328,0.7785913348197937,0.7811799049377441,0.7841670513153076,0.784509003162384,0.7864656448364258,0.7908027172088623,0.7917165756225586,0.792090892791748,0.796984076499939,0.8000972270965576,0.7991214394569397,0.8022748827934265,0.8089785575866699,0.8126198649406433,0.8171747326850891,0.8255707025527954,0.8311628103256226,0.8349723815917969,0.8429602384567261,0.8488892912864685,0.849465012550354
0.8169348239898682,0.8173530697822571,0.8214917182922363,0.8266231417655945,0.8331180214881897,0.8366898894309998,0.8360941410064697,0.8372006416320801,0.839636504650116,0.8388986587524414,0.8381529450416565,0.8401734232902527,0.842048704624176,0.8444001078605652,0.8478732705116272,0.8481018543243408,0.8461538553237915,0.8472102284431458,0.8492676019668579,0.8494736552238464,0.8500311374664307,0.8506994843482971,0.850170910358429,0.850073516368866,0.8499409556388855,0.8496237397193909,0.8515113592147827,0.8524829149246216,0.8493702411651611,0.8483111262321472,0.8515781164169312,0.8525474071502686,0.8518204092979431,0.8544041514396667,0.8572937250137329,0.8591088056564331,0.8635069131851196,0.8679775595664978,0.8712659478187561,0.8793355226516724,0.8891701698303223,0.8930097222328186,0.8972938060760498
0.859306812286377,0.861511766910553,0.8649905920028687,0.8684628009796143,0.8727297782897949,0.8753073811531067,0.8743667602539062,0.8723081946372986,0.8705753087997437,0.8696463108062744,0.870523989200592,0.8714141845703125,0.8713812232017517,0.8727594017982483,0.8732399344444275,0.8693322539329529,0.8664725422859192,0.868678092956543,0.8697765469551086,0.8673946857452393,0.8668500781059265,0.868154764175415,0.8675224184989929,0.8658535480499268,0.8649762272834778,0.8645905256271362,0.8641471862792969,0.8628749251365662,0.8618177771568298,0.8623634576797485,0.8616624474525452,0.8589690923690796,0.8587937951087952,0.8599967360496521,0.858240008354187,0.8574113845825195,0.8602772951126099,0.8623464107513428,0.8650026321411133,0.8716661930084229,0.876746416091919,0.8795391321182251,0.8863731622695923
0.8744452595710754,0.87691330909729,0.8774560689926147,0.8750804662704468,0.8708855509757996,0.8679389357566833,0.8687174916267395,0.8713684678077698,0.8731023073196411,0.875525951385498,0.8789913058280945,0.8790907263755798,0.8761075139045715,0.875228226184845,0.8755273818969727,0.8738669753074646,0.8730922341346741,0.8736830949783325,0.8710600733757019,0.866602897644043,0.865096926689148,0.8646926879882812,0.8625461459159851,0.8608314990997314,0.8603907823562622,0.8586419820785522,0.8551005125045776,0.8527075052261353,0.85331791639328,0.8537241220474243,0.8505640029907227,0.8476787805557251,0.8486150503158569,0.8486374616622925,0.8458853960037231,0.8455052375793457,0.8469862341880798,0.8473193645477295,0.8497657775878906,0.8535302877426147,0.8549535274505615,0.8599849939346313,0.8693446516990662
0.8744155168533325,0.873979926109314,0.8733804821968079,0.874504804611206,0.8745056986808777,0.8737484216690063,0.8760771751403809,0.8793067932128906,0.879041850566864,0.8778696060180664,0.8787890076637268,0.8790410161018372,0.8777469992637634,0.8776518702507019,0.8785638809204102,0.8789833188056946,0.8789008855819702,0.8771442174911499,0.8740471601486206,0.8729819655418396,0.8731452822685242,0.8705546259880066,0.8667890429496765,0.8652844429016113,0.8641844987869263,0.8613724708557129,0.8585138916969299,0.8567795753479004,0.8550755381584167,0.8524171710014343,0.8499643802642822,0.8497082591056824,0.8498431444168091,0.8474929928779602,0.8457303047180176,0.8467298746109009,0.8458834886550903,0.8437981605529785,0.8462005257606506,0.8496589064598083,0.8510202765464783,0.8569188117980957,0.8650018572807312
