earth/public/data/atmosphere/C53/ANN-temp-isobaric-1000hPa-gfs-1.0.json
{"header": {"discipline": 0, "disciplineName": "Meteorological products", "gribEdition": 2, "gribLength": 17922.0, "center": 0, "centerName": "Kiel Climate Model", "subcenter": 0, "refTime": "1", "significanceOfRT": 1, "significanceOfRTName": "Start of forecast", "productStatus": 0, "productStatusName": "Operational products", "productType": 1, "productTypeName": "Forecast products", "productDefinitionTemplate": 0, "productDefinitionTemplateName": "Analysis/forecast at horizontal level/layer at a point in time", "parameterCategory": 2, "parameterCategoryName": "Momentum", "parameterNumber": 2, "parameterNumberName": "U-component_of_wind", "parameterUnit": "K", "genProcessType": 2, "genProcessTypeName": "Forecast", "forecastTime": 0, "surface1Type": 103, "surface1TypeName": "Specified height level above ground", "surface1Value": 10, "surface2Type": 255, "surface2TypeName": "Missing", "surface2Value": 0, "gridDefinitionTemplate": 0, "gridDefinitionTemplateName": "Latitude_Longitude", "numberPoints": 65160, "shape": 6, "shapeName": "Earth spherical with radius of 6,371,229.0 m", "gridUnits": "degrees", "resolution": 48, "winds": "true", "scanMode": 0, "nx": 128.0, "ny": 64.0, "basicAngle": 0, "subDivisions": 0, "lo1": 0.0, "la1": 87.86379883923263, "lo2": 357.1875, "la2": -87.86379883923263, "dx": 2.8125, "dy": 2.7893269472772264}, "data":
[rows 40 to 59 of 64, columns 44 to 87 of 128]
300.5911560058594,300.48370361328125,300.4451904296875,300.39434814453125,300.33734130859375,300.3816223144531,300.5157470703125,300.6225280761719,300.61212158203125,300.5227355957031,300.48419189453125,300.50994873046875,300.5310363769531,300.6092529296875,300.76031494140625,300.8125,300.7607727050781,300.78448486328125,300.8207702636719,300.7183837890625,300.62744140625,300.6949768066406,300.75872802734375,300.6942443847656,300.6400146484375,300.7061767578125,300.7882385253906,300.7784118652344,300.7619323730469,300.82293701171875,300.8224792480469,300.6899108886719,300.67376708984375,300.88818359375,301.0152282714844,300.8479919433594,300.6297607421875,300.59027099609375,300.6150817871094,300.5306396484375,300.3988037109375,300.3878479003906,300.4742126464844,300.4676513671875
299.2743835449219,299.2265930175781,299.1328125,299.0318298339844,299.0010986328125,299.05230712890625,299.077880859375,298.9853515625,298.8428955078125,298.81146240234375,298.9152526855469,299.0068664550781,299.0364990234375,299.1018981933594,299.1492919921875,299.0433654785156,298.92864990234375,299.0015869140625,299.12200927734375,299.1419982910156,299.1747131347656,299.2077331542969,299.0887756347656,298.96630859375,299.0376281738281,299.0884704589844,298.9380187988281,298.8587951660156,299.0093078613281,299.08380126953125,298.94158935546875,298.8951416015625,299.07452392578125,299.1802673339844,299.0654296875,298.9576110839844,299.0198059082031,299.1608581542969,299.2373046875,299.1943664550781,299.14813232421875,299.2524108886719,299.3433837890625,299.17333984375
297.4723815917969,297.5039978027344,297.5142822265625,297.49560546875,297.4843444824219,297.477294921875,297.45355224609375,297.43182373046875,297.4715576171875,297.5971374511719,297.71563720703125,297.7093505859375,297.6324768066406,297.6331787109375,297.7002258300781,297.7393798828125,297.77435302734375,297.80340576171875,297.73211669921875,297.6359558105469,297.6604309082031,297.6651916503906,297.5120544433594,297.4359130859375,297.54693603515625,297.5142822265625,297.263916015625,297.1959533691406,297.3502197265625,297.32269287109375,297.1505126953125,297.2206726074219,297.3972473144531,297.2978820800781,297.1167907714844,297.2204284667969,297.43280029296875,297.4642333984375,297.41888427734375,297.44146728515625,297.5028076171875,297.5912170410156,297.6253967285156,297.5282287597656
296.0888671875,296.0223693847656,295.9571533203125,295.9371032714844,295.9688720703125,296.0092468261719,296.0489501953125,296.09808349609375,296.1340637207031,296.1397399902344,296.13494873046875,296.1435241699219,296.1755676269531,296.2223205566406,296.2624816894531,296.30706787109375,296.3658752441406,296.3599548339844,296.2424621582031,296.14996337890625,296.1727294921875,296.15362548828125,296.0164489746094,295.951171875,295.9907531738281,295.9162902832031,295.76458740234375,295.77276611328125,295.8135986328125,295.64434814453125,295.494873046875,295.60888671875,295.6744384765625,295.4775695800781,295.4057312011719,295.6369934082031,295.7366943359375,295.55224609375,295.49755859375,295.6944885253906,295.82635498046875,295.82373046875,295.85516357421875,295.92138671875
295.1409912109375,295.0635986328125,294.9209899902344,294.8477478027344,294.8411560058594,294.81719970703125,294.761474609375,294.6934509277344,294.59521484375,294.490478515625,294.48321533203125,294.6152038574219,294.7690734863281,294.7926940917969,294.679931640625,294.5702819824219,294.57305908203125,294.657958984375,294.7526550292969,294.83843994140625,294.8761291503906,294.8003234863281,294.67120361328125,294.6201477050781,294.6139831542969,294.5466003417969,294.4859619140625,294.4932556152344,294.41265869140625,294.21258544921875,294.15582275390625,294.2735900878906,294.2305603027344,294.0117492675781,294.0027160644531,294.18609619140625,294.14727783203125,293.9480285644531,294.0145263671875,294.2413024902344,294.2008361816406,294.0008850097656,294.01763916015625,294.1560974121094
293.425537109375,293.4542541503906,293.4952392578125,293.60382080078125,293.6766662597656,293.62738037109375,293.5384216308594,293.5248107910156,293.5687561035156,293.58837890625,293.5656433105469,293.5235900878906,293.4627685546875,293.3902893066406,293.3503112792969,293.3728942871094,293.42974853515625,293.4747619628906,293.49267578125,293.47613525390625,293.4043273925781,293.30133056640625,293.24847412109375,293.25640869140625,293.221923828125,293.10784912109375,293.01177978515625,292.9559326171875,292.84368896484375,292.7179260253906,292.7354736328125,292.8159484863281,292.7337646484375,292.57012939453125,292.56927490234375,292.6236267089844,292.4888916015625,292.33026123046875,292.4019775390625,292.473876953125,292.2643737792969,292.0570068359375,292.1967468261719,292.4324035644531
291.1678466796875,291.13763427734375,291.3782653808594,291.78912353515625,292.1191101074219,292.2464599609375,292.2918701171875,292.4115905761719,292.5869445800781,292.6727600097656,292.5751953125,292.3380126953125,292.11053466796875,292.04638671875,292.17120361328125,292.339111328125,292.37213134765625,292.2434387207031,292.0730285644531,291.9632568359375,291.9183044433594,291.91180419921875,291.92364501953125,291.89593505859375,291.7720031738281,291.60760498046875,291.5168151855469,291.4919128417969,291.426513671875,291.311767578125,291.2237243652344,291.14898681640625,291.04193115234375,290.9813537597656,291.0197448730469,291.0074157714844,290.84613037109375,290.7212219238281,290.77667236328125,290.8319396972656,290.74859619140625,290.73126220703125,290.9132385253906,291.040283203125
289.3337707519531,289.222412109375,289.4404296875,289.87530517578125,290.28656005859375,290.52813720703125,290.62628173828125,290.67144775390625,290.7145080566406,290.767578125,290.8292541503906,290.8845520019531,290.91943359375,290.93902587890625,290.94012451171875,290.8888244628906,290.777587890625,290.6835632324219,290.7016906738281,290.8218078613281,290.930908203125,290.93621826171875,290.8336181640625,290.6690673828125,290.50640869140625,290.4232482910156,290.45086669921875,290.5107421875,290.4853820800781,290.35076904296875,290.17352294921875,290.0146484375,289.9151611328125,289.91009521484375,289.9567565917969,289.93267822265625,289.8099060058594,289.7218933105469,289.755859375,289.82440185546875,289.8412170410156,289.8338928222656,289.7878723144531,289.61895751953125
287.75909423828125,287.7881164550781,287.91473388671875,288.1316833496094,288.3772277832031,288.5823059082031,288.69647216796875,288.7126159667969,288.704833984375,288.80804443359375,289.0965270996094,289.48138427734375,289.7688293457031,289.8312072753906,289.70452880859375,289.535888671875,289.468505859375,289.5598449707031,289.75341796875,289.9139404296875,289.9258117675781,289.7843933105469,289.58636474609375,289.43597412109375,289.3741149902344,289.3785705566406,289.39617919921875,289.3793640136719,289.3246765136719,289.2733459472656,289.2543029785156,289.2448425292969,289.2130432128906,289.165771484375,289.12030029296875,289.06304931640625,288.9756774902344,288.8683166503906,288.75885009765625,288.6569519042969,288.5775451660156,288.51483154296875,288.4186096191406,288.28778076171875
286.0906066894531,286.28515625,286.45147705078125,286.5893859863281,286.7131042480469,286.8368835449219,286.9557800292969,287.0568542480469,287.1557922363281,287.2970886230469,287.4967346191406,287.7035217285156,287.8499450683594,287.9349060058594,288.0265808105469,288.17620849609375,288.3529968261719,288.4750061035156,288.4916687011719,288.42755126953125,288.3572998046875,288.3462829589844,288.4041748046875,288.4809875488281,288.5038757324219,288.4271240234375,288.2643737792969,288.0892639160156,287.9986267089844,288.04229736328125,288.16522216796875,288.2360534667969,288.1629943847656,287.9835510253906,287.8229064941406,287.76300048828125,287.7650146484375,287.72332763671875,287.58917236328125,287.43280029296875,287.369873046875,287.4286193847656,287.52337646484375,287.5774841308594
284.1496276855469,284.3950500488281,284.78546142578125,285.1473693847656,285.326171875,285.30810546875,285.22088623046875,285.2169494628906,285.34722900390625,285.53265380859375,285.6507873535156,285.6638488769531,285.6730041503906,285.83612060546875,286.2082824707031,286.6579895019531,286.96142578125,287.001220703125,286.87811279296875,286.8222961425781,286.9884338378906,287.3292236328125,287.65386962890625,287.79608154296875,287.7310485839844,287.5565490722656,287.39227294921875,287.3052978515625,287.30224609375,287.34857177734375,287.3792419433594,287.3207092285156,287.1448669433594,286.91278076171875,286.74249267578125,286.70849609375,286.7726135253906,286.8280944824219,286.8155212402344,286.7812805175781,286.8056640625,286.88421630859375,286.91253662109375,286.8005065917969
282.030029296875,282.335693359375,283.0105895996094,283.6972961425781,284.0267333984375,283.9002990722656,283.5492858886719,283.32757568359375,283.427490234375,283.7638854980469,284.1064453125,284.3153991699219,284.45550537109375,284.69256591796875,285.09326171875,285.53802490234375,285.8372497558594,285.92584228515625,285.9300842285156,286.0345153808594,286.2887268066406,286.55596923828125,286.655029296875,286.54473876953125,286.3627014160156,286.286865234375,286.37017822265625,286.51165771484375,286.5748596191406,286.5173034667969,286.4055480957031,286.32635498046875,286.3032531738281,286.2962646484375,286.25897216796875,286.18011474609375,286.0785827636719,285.98016357421875,285.9060363769531,285.8667907714844,285.84539794921875,285.7877502441406,285.63543701171875,285.3888854980469
280.92901611328125,281.2562561035156,281.9875793457031,282.7558898925781,283.15667724609375,283.045166015625,282.627197265625,282.27728271484375,282.2490539550781,282.5203857421875,282.879638671875,283.1434631347656,283.300537109375,283.4728698730469,283.7656555175781,284.1661071777344,284.575439453125,284.9115295410156,285.16094970703125,285.33740234375,285.4200439453125,285.36553955078125,285.18878173828125,285.0085754394531,284.977783203125,285.1441345214844,285.3821716308594,285.4842529296875,285.3420104980469,285.05169677734375,284.84014892578125,284.8736267089844,285.12066650390625,285.3839416503906,285.46185302734375,285.29620361328125,284.9916687011719,284.71478271484375,284.57080078125,284.5519104003906,284.5763244628906,284.56878662109375,284.51690673828125,284.4682922363281
280.99456787109375,281.2289123535156,281.7589416503906,282.3404846191406,282.6769104003906,282.6227722167969,282.26837158203125,281.84796142578125,281.5596008300781,281.447265625,281.42584228515625,281.4024353027344,281.3756103515625,281.4324645996094,281.6642150878906,282.0848083496094,282.6169738769531,283.1402282714844,283.5509948730469,283.7972412109375,283.8880615234375,283.8927917480469,283.92327880859375,284.0824890136719,284.389892578125,284.7389221191406,284.9434814453125,284.865478515625,284.53192138671875,284.1384582519531,283.91845703125,283.9722900390625,284.195068359375,284.3631286621094,284.3094177246094,284.0465393066406,283.7438659667969,283.5894470214844,283.6537780761719,283.8600769042969,284.06781005859375,284.1867370605469,284.2254943847656,284.24517822265625
280.27984619140625,280.4906005859375,280.9183044433594,281.4086608886719,281.75823974609375,281.8331604003906,281.63507080078125,281.2768859863281,280.8994140625,280.5951843261719,280.3894958496094,280.273193359375,280.2447509765625,280.3223571777344,280.5224914550781,280.8310852050781,281.1966552734375,281.5509338378906,281.84259033203125,282.0614013671875,282.2413024902344,282.4415588378906,282.7125549316406,283.06036376953125,283.4296875,283.72393798828125,283.8605041503906,283.82940673828125,283.70989990234375,283.6214294433594,283.6357116699219,283.7162780761719,283.73931884765625,283.58990478515625,283.2632141113281,282.88934326171875,282.6556701660156,282.68023681640625,282.9305725097656,283.2481994628906,283.4580993652344,283.4805908203125,283.3639221191406,283.2226867675781
278.7158203125,279.0531311035156,279.5863037109375,280.17413330078125,280.6488037109375,280.8926086425781,280.8852844238281,280.699951171875,280.4570007324219,280.2657775878906,280.185546875,280.2183837890625,280.3278503417969,280.465576171875,280.5924377441406,280.6894226074219,280.75872802734375,280.8192138671875,280.8973693847656,281.01580810546875,281.18212890625,281.3830871582031,281.5865173339844,281.7536315917969,281.8574523925781,281.9005432128906,281.92144775390625,281.9804382324219,282.1258850097656,282.35595703125,282.601318359375,282.74859619140625,282.7008056640625,282.4426574707031,282.0666809082031,281.7354736328125,281.5946960449219,281.6886291503906,281.9329528808594,282.1654052734375,282.24359130859375,282.1288146972656,281.90362548828125,281.71551513671875
278.2867126464844,278.7032470703125,279.2490234375,279.79974365234375,280.2286682128906,280.4555969238281,280.47418212890625,280.3466796875,280.1715393066406,280.0398254394531,280.0015869140625,280.0544738769531,280.15673828125,280.25494384765625,280.31292724609375,280.3286437988281,280.3337707519531,280.37640380859375,280.49658203125,280.7042541503906,280.9705505371094,281.2362976074219,281.4349060058594,281.5205993652344,281.4895324707031,281.3834228515625,281.27252197265625,281.2236328125,281.2672424316406,281.3804626464844,281.49658203125,281.5393981933594,281.4664001464844,281.2975769042969,281.1114196777344,281.00677490234375,281.0497741699219,281.2346496582031,281.4829406738281,281.6832580566406,281.7503356933594,281.67059326171875,281.50885009765625,281.3725280761719
278.5982971191406,278.93133544921875,279.28717041015625,279.601806640625,279.8202819824219,279.9171447753906,279.905517578125,279.83013916015625,279.7484436035156,279.7077941894531,279.7291564941406,279.8031311035156,279.8996276855469,279.9855041503906,280.04241943359375,280.0766296386719,280.1164855957031,280.1994934082031,280.354248046875,280.5856628417969,280.8697509765625,281.1603698730469,281.4055480957031,281.56573486328125,281.626953125,281.60296630859375,281.5257873535156,281.4296569824219,281.3361511230469,281.2477722167969,281.1531066894531,281.0407409667969,280.9136047363281,280.7953186035156,280.72381591796875,280.7339782714844,280.8385314941406,281.01702880859375,281.2208251953125,281.3917236328125,281.48638916015625,281.494140625,281.4389953613281,281.3655700683594
278.0251159667969,278.1927490234375,278.33892822265625,278.46038818359375,278.5608825683594,278.653076171875,278.7567138671875,278.8924865722656,279.0743408203125,279.3026428222656,279.56109619140625,279.8197021484375,280.04254150390625,280.1977844238281,280.2673034667969,280.25177001953125,280.16998291015625,280.0528564453125,279.9344787597656,279.84307861328125,279.79522705078125,279.79449462890625,279.83392333984375,279.901123046875,279.98297119140625,280.0682678222656,280.1482238769531,280.21490478515625,280.2601318359375,280.2757873535156,280.25579833984375,280.199462890625,280.1136474609375,280.0128173828125,279.9154968261719,279.83892822265625,279.7939453125,279.7819519042969,279.7962341308594,279.8262939453125,279.86328125,279.9042053222656,279.95220947265625,280.01348876953125
277.12017822265625,277.14837646484375,277.1692199707031,277.2017517089844,277.2665100097656,277.38214111328125,277.56146240234375,277.8081970214844,278.1144104003906,278.46014404296875,278.8152770996094,279.1436767578125,279.4089660644531,279.5805969238281,279.6394348144531,279.58111572265625,279.4166259765625,279.17041015625,278.87628173828125,278.5719909667969,278.2939147949219,278.0722351074219,277.9279479980469,277.8710021972656,277.9002380371094,278.00439453125,278.1640625,278.35443115234375,278.5483093261719,278.7197265625,278.8468933105469,278.9150085449219,278.9178466796875,278.85809326171875,278.746337890625,278.5991516113281,278.43658447265625,278.27935791015625,278.146728515625,278.0546875,278.0146484375,278.0326232910156,278.1085205078125,278.23577880859375
