earth/public/data/atmosphere/C53/ANN-wind-isobaric-850hPa-gfs-1.0.json
{"header": {"discipline": 0, "disciplineName": "Meteorological products", "gribEdition": 2, "gribLength": 17922.0, "center": 0, "centerName": "Kiel Climate Model", "subcenter": 0, "refTime": "1", "significanceOfRT": 1, "significanceOfRTName": "Start of forecast", "productStatus": 0, "productStatusName": "Operational products", "productType": 1, "productTypeName": "Forecast products", "productDefinitionTemplate": 0, "productDefinitionTemplateName": "Analysis/forecast at horizontal level/layer at a point in time", "parameterCategory": 2, "parameterCategoryName": "Momentum", "parameterNumber": 2, "parameterNumberName": "V-component_of_wind", "parameterUnit": "m/s", "genProcessType": 2, "genProcessTypeName": "Forecast", "forecastTime": 0, "surface1Type": 103, "surface1TypeName": "Specified height level above ground", "surface1Value": 10, "surface2Type": 255, "surface2TypeName": "Missing", "surface2Value": 0, "gridDefinitionTemplate": 0, "gridDefinitionTemplateName": "Latitude_Longitude", "numberPoints": 65160, "shape": 6, "shapeName": "Earth spherical with radius of 6,371,229.0 m", "gridUnits": "degrees", "resolution": 48, "winds": "true", "scanMode": 0, "nx": 128.0, "ny": 64.0, "basicAngle": 0, "subDivisions": 0, "lo1": 0.0, "la1": 87.86379883923263, "lo2": 357.1875, "la2": -87.86379883923263, "dx": 2.8125, "dy": 2.7893269472772264}, "data":
[rows 38 to 56 of 64, columns 42 to 83 of 128]
0.8327361941337585,0.8042905330657959,0.7681760787963867,0.7186943888664246,0.6821019053459167,0.6539058685302734,0.6081445813179016,0.5482714176177979,0.4854164719581604,0.42116743326187134,0.3696943521499634,0.3293285369873047,0.2644774615764618,0.1652795672416687,0.05619041994214058,-0.06379503756761551,-0.20819374918937683,-0.36159929633140564,-0.5103240609169006,-0.6532724499702454,-0.770946741104126,-0.8566729426383972,-0.9363696575164795,-1.0087697505950928,-1.0615198612213135,-1.1361446380615234,-1.2421578168869019,-1.296321153640747,-1.287315011024475,-1.3214213848114014,-1.401867389678955,-1.4225215911865234,-1.408071517944336,-1.4510164260864258,-1.487505555152893,-1.4471311569213867,-1.4300189018249512,-1.4756194353103638,-1.4596396684646606,-1.3738256692886353,-1.3306399583816528,-1.287990689277649
0.8033815622329712,0.8072541356086731,0.7893601655960083,0.7584048509597778,0.723595917224884,0.663596510887146,0.5919914841651917,0.5521140694618225,0.5367681384086609,0.5138186812400818,0.48576682806015015,0.4462061822414398,0.36497753858566284,0.2513692378997803,0.1349896490573883,0.006362223532050848,-0.1425793170928955,-0.28720641136169434,-0.42147397994995117,-0.5568511486053467,-0.6822918653488159,-0.7908303737640381,-0.8875113725662231,-0.9582574963569641,-1.0125352144241333,-1.0901658535003662,-1.1593319177627563,-1.1627047061920166,-1.1723606586456299,-1.2682156562805176,-1.3513084650039673,-1.3407758474349976,-1.3464858531951904,-1.41299569606781,-1.4232995510101318,-1.393553376197815,-1.4433925151824951,-1.4928539991378784,-1.4332568645477295,-1.3908519744873047,-1.4342588186264038,-1.4075977802276611
0.7202391028404236,0.7163630127906799,0.7024063467979431,0.6946884393692017,0.6889515519142151,0.6575189232826233,0.6203641891479492,0.608917772769928,0.5940455198287964,0.5472964644432068,0.49152010679244995,0.4322448968887329,0.34663087129592896,0.24547936022281647,0.14363406598567963,0.018856024369597435,-0.12902626395225525,-0.26630887389183044,-0.39385557174682617,-0.5305852890014648,-0.659238874912262,-0.7618273496627808,-0.8456605672836304,-0.9134430885314941,-0.9752629995346069,-1.0451990365982056,-1.0928621292114258,-1.1018636226654053,-1.1350629329681396,-1.2077672481536865,-1.2367194890975952,-1.230257511138916,-1.2838728427886963,-1.3483006954193115,-1.3266619443893433,-1.3117802143096924,-1.3809947967529297,-1.4062895774841309,-1.3571815490722656,-1.385292649269104,-1.4566622972488403,-1.4088835716247559
0.5198324918746948,0.5125472545623779,0.5118178725242615,0.5268241763114929,0.5445817112922668,0.543175995349884,0.5338646769523621,0.5196290612220764,0.47117963433265686,0.3967132866382599,0.3420456349849701,0.30414533615112305,0.24649345874786377,0.17037051916122437,0.08191011846065521,-0.03918291628360748,-0.18229183554649353,-0.3116322457790375,-0.4342893362045288,-0.5672882795333862,-0.6816167831420898,-0.7573753595352173,-0.8210147619247437,-0.8879730105400085,-0.9465827941894531,-0.9945695996284485,-1.0338269472122192,-1.0626237392425537,-1.0838825702667236,-1.0877408981323242,-1.076529860496521,-1.1039328575134277,-1.1814854145050049,-1.2199501991271973,-1.1961406469345093,-1.2087459564208984,-1.2629382610321045,-1.2676641941070557,-1.2661354541778564,-1.3330613374710083,-1.3630582094192505,-1.2990044355392456
0.30099478363990784,0.3101513981819153,0.32487255334854126,0.3433624505996704,0.344374418258667,0.32225048542022705,0.302661269903183,0.28811830282211304,0.25371748208999634,0.20961134135723114,0.18375317752361298,0.15726922452449799,0.09937217831611633,0.020927658304572105,-0.06868354231119156,-0.18311744928359985,-0.306239515542984,-0.4069972336292267,-0.5003026127815247,-0.6079906225204468,-0.7057652473449707,-0.7780945301055908,-0.8504838943481445,-0.9237029552459717,-0.9636073708534241,-0.9723387360572815,-0.9863592982292175,-1.008251667022705,-1.0081719160079956,-0.9861516952514648,-0.9831265807151794,-1.0169121026992798,-1.0447739362716675,-1.0372906923294067,-1.0426573753356934,-1.0898687839508057,-1.115856409072876,-1.1040407419204712,-1.1362313032150269,-1.1975404024124146,-1.182185173034668,-1.1471155881881714
0.11154604703187943,0.09964541345834732,0.10214337706565857,0.12299419939517975,0.12702660262584686,0.10587405413389206,0.09330020099878311,0.09790357202291489,0.08989320695400238,0.057317737489938736,0.01060550194233656,-0.05097002536058426,-0.1247301995754242,-0.19549964368343353,-0.27230751514434814,-0.3755897879600525,-0.4831468462944031,-0.5607509016990662,-0.6264299154281616,-0.7117329835891724,-0.8014183044433594,-0.8725112676620483,-0.9329706430435181,-0.9801687002182007,-0.991916298866272,-0.9791849851608276,-0.9756457209587097,-0.9757163524627686,-0.9532783627510071,-0.9237487316131592,-0.9156957864761353,-0.9066078066825867,-0.8668997287750244,-0.839368462562561,-0.8756598830223083,-0.9248906373977661,-0.9154484868049622,-0.9003464579582214,-0.9529098868370056,-1.0023835897445679,-0.9822467565536499,-0.9920761585235596
-0.1511482447385788,-0.20369310677051544,-0.2146422117948532,-0.17695197463035583,-0.13874377310276031,-0.12479855120182037,-0.11701301485300064,-0.11171037703752518,-0.13335272669792175,-0.1908770501613617,-0.26655668020248413,-0.3394501507282257,-0.3942597210407257,-0.4333493709564209,-0.48859190940856934,-0.5817276835441589,-0.6821427345275879,-0.7529581189155579,-0.8118273615837097,-0.890049397945404,-0.9689038991928101,-1.012156367301941,-1.0222285985946655,-1.0216525793075562,-1.0186148881912231,-1.0148979425430298,-1.0078550577163696,-0.9794936776161194,-0.922208845615387,-0.8607280254364014,-0.8119235038757324,-0.7588676810264587,-0.7050088047981262,-0.6945667266845703,-0.7272210717201233,-0.7333506345748901,-0.6977900862693787,-0.6994358897209167,-0.756419837474823,-0.7813336849212646,-0.7642982006072998,-0.7981877326965332
-0.4497469663619995,-0.48896360397338867,-0.48532286286354065,-0.45101398229599,-0.4217437505722046,-0.41019538044929504,-0.4095805585384369,-0.4240362346172333,-0.4611896574497223,-0.5109028816223145,-0.5583362579345703,-0.6019226908683777,-0.6445310115814209,-0.6899331212043762,-0.7508241534233093,-0.8311989903450012,-0.9070270657539368,-0.9576513171195984,-0.9997121095657349,-1.054124116897583,-1.102622389793396,-1.11593759059906,-1.1015715599060059,-1.0879089832305908,-1.0811954736709595,-1.064634919166565,-1.0240020751953125,-0.9587616920471191,-0.8797665238380432,-0.7998496294021606,-0.7219959497451782,-0.648299515247345,-0.5970464944839478,-0.5788775682449341,-0.5632903575897217,-0.5221020579338074,-0.49202388525009155,-0.5163079500198364,-0.549231767654419,-0.5290623903274536,-0.5065546631813049,-0.553795337677002
-0.6707666516304016,-0.6613784432411194,-0.6359928250312805,-0.6295220851898193,-0.6458413600921631,-0.6653120517730713,-0.684098482131958,-0.7163094878196716,-0.7589588165283203,-0.7905848026275635,-0.8111302256584167,-0.8488709330558777,-0.9176114797592163,-0.997341513633728,-1.0658719539642334,-1.121092438697815,-1.1659890413284302,-1.197556734085083,-1.2159290313720703,-1.2245697975158691,-1.2223944664001465,-1.2104871273040771,-1.1979233026504517,-1.1846020221710205,-1.1502065658569336,-1.0781669616699219,-0.9816941022872925,-0.8900036215782166,-0.8132796883583069,-0.7351771593093872,-0.6410636901855469,-0.5421214699745178,-0.45994260907173157,-0.393657386302948,-0.32796332240104675,-0.2766898274421692,-0.2749101519584656,-0.30822283029556274,-0.31049272418022156,-0.27101051807403564,-0.2651134133338928,-0.3204669952392578
-0.8694484829902649,-0.8569629788398743,-0.8307106494903564,-0.8329102993011475,-0.855826199054718,-0.8742903470993042,-0.8943639993667603,-0.9383474588394165,-0.9998992681503296,-1.0523821115493774,-1.0957108736038208,-1.1565442085266113,-1.2389500141143799,-1.3107662200927734,-1.350085735321045,-1.3751567602157593,-1.4119442701339722,-1.4535505771636963,-1.4699139595031738,-1.446459412574768,-1.3985223770141602,-1.3507009744644165,-1.3091654777526855,-1.2556473016738892,-1.1692124605178833,-1.053390622138977,-0.9351162314414978,-0.8335998058319092,-0.7386647462844849,-0.6283759474754333,-0.501336932182312,-0.37826159596443176,-0.27281278371810913,-0.1800668090581894,-0.10221564769744873,-0.06241605058312416,-0.06731188297271729,-0.07706885784864426,-0.05558570846915245,-0.03451749309897423,-0.06462419778108597,-0.11375882476568222
-1.1075263023376465,-1.1673847436904907,-1.180370807647705,-1.176851511001587,-1.1636375188827515,-1.1407204866409302,-1.1288352012634277,-1.1529202461242676,-1.2101576328277588,-1.278779149055481,-1.351065754890442,-1.432590365409851,-1.5128875970840454,-1.566254734992981,-1.5883443355560303,-1.6074429750442505,-1.645438551902771,-1.6846251487731934,-1.6890493631362915,-1.6483080387115479,-1.5830931663513184,-1.511646032333374,-1.4279476404190063,-1.3185135126113892,-1.188822865486145,-1.0603528022766113,-0.9422348737716675,-0.8177129030227661,-0.667279839515686,-0.4998619258403778,-0.34842830896377563,-0.2323734313249588,-0.13766436278820038,-0.044425930827856064,0.03855431079864502,0.08878888189792633,0.11466280370950699,0.1510598063468933,0.19899894297122955,0.2095758318901062,0.16226726770401,0.11969973146915436
-1.2609450817108154,-1.4414464235305786,-1.5549142360687256,-1.5899626016616821,-1.555149793624878,-1.4770876169204712,-1.3993550539016724,-1.3628369569778442,-1.382555365562439,-1.4482859373092651,-1.5417780876159668,-1.6445510387420654,-1.7363207340240479,-1.8029289245605469,-1.8481539487838745,-1.8851220607757568,-1.912170648574829,-1.909351110458374,-1.865761160850525,-1.7984076738357544,-1.7311439514160156,-1.6612361669540405,-1.5623005628585815,-1.4219635725021362,-1.2615292072296143,-1.1088027954101562,-0.9613604545593262,-0.7930901050567627,-0.597611665725708,-0.408133327960968,-0.2620827853679657,-0.15512263774871826,-0.04890947416424751,0.07483432441949844,0.18880587816238403,0.2616356611251831,0.30642133951187134,0.36033380031585693,0.4219255745410919,0.44648846983909607,0.4164356589317322,0.3788054883480072
-1.179049015045166,-1.4741932153701782,-1.7373614311218262,-1.8862532377243042,-1.8927867412567139,-1.7916345596313477,-1.661314606666565,-1.583145022392273,-1.5998414754867554,-1.6999781131744385,-1.834993600845337,-1.9530060291290283,-2.0279171466827393,-2.0678606033325195,-2.09765625,-2.1282567977905273,-2.142500400543213,-2.1148464679718018,-2.043928623199463,-1.9569799900054932,-1.8775079250335693,-1.7959922552108765,-1.6820636987686157,-1.5227563381195068,-1.3373045921325684,-1.1509519815444946,-0.9660269021987915,-0.7703104615211487,-0.5678069591522217,-0.3837491571903229,-0.23223111033439636,-0.09277717024087906,0.06441602855920792,0.23293672502040863,0.3684065043926239,0.44050824642181396,0.4721969962120056,0.5111064910888672,0.5697952508926392,0.6161255240440369,0.6245173215866089,0.611738920211792
-0.9622699022293091,-1.3010021448135376,-1.6921885013580322,-1.9902416467666626,-2.1056718826293945,-2.0481832027435303,-1.913602590560913,-1.8232293128967285,-1.8524422645568848,-1.9924558401107788,-2.1678853034973145,-2.2943239212036133,-2.3340511322021484,-2.310750961303711,-2.277130365371704,-2.266338586807251,-2.2697787284851074,-2.256349802017212,-2.206953525543213,-2.1268229484558105,-2.0280182361602783,-1.909693717956543,-1.7619627714157104,-1.584835410118103,-1.3939565420150757,-1.2046198844909668,-1.0167393684387207,-0.8213157057762146,-0.6181373000144958,-0.4184287190437317,-0.22914303839206696,-0.044237442314624786,0.14056195318698883,0.3092314898967743,0.43419721722602844,0.5076607465744019,0.5554705858230591,0.6114782094955444,0.6816521286964417,0.7431617379188538,0.7773774266242981,0.7914104461669922
-0.9396494030952454,-1.2285760641098022,-1.6533628702163696,-2.053727388381958,-2.287261486053467,-2.3062973022460938,-2.1764583587646484,-2.0286271572113037,-1.9773281812667847,-2.0581557750701904,-2.2215452194213867,-2.3798117637634277,-2.4688146114349365,-2.4802610874176025,-2.4484102725982666,-2.411663055419922,-2.3839950561523438,-2.354814291000366,-2.306910753250122,-2.23043155670166,-2.1231913566589355,-1.9858187437057495,-1.822177529335022,-1.6424530744552612,-1.4597280025482178,-1.2796701192855835,-1.0951427221298218,-0.8940685987472534,-0.6736005544662476,-0.4454740285873413,-0.22786791622638702,-0.0339391827583313,0.13204459846019745,0.27211499214172363,0.39268311858177185,0.5037248730659485,0.6130993962287903,0.717301070690155,0.8009689450263977,0.8513475656509399,0.8739261031150818,0.8887016773223877
-1.1943408250808716,-1.4005376100540161,-1.7782303094863892,-2.1999988555908203,-2.506092071533203,-2.5927014350891113,-2.4654650688171387,-2.2291831970214844,-2.0246145725250244,-1.9534968137741089,-2.035679817199707,-2.2166285514831543,-2.4108293056488037,-2.5488247871398926,-2.6017086505889893,-2.5781025886535645,-2.5058112144470215,-2.413318157196045,-2.3186159133911133,-2.2256195545196533,-2.1264450550079346,-2.0086920261383057,-1.8646583557128906,-1.6963951587677002,-1.5125393867492676,-1.3198515176773071,-1.1179239749908447,-0.9029124975204468,-0.6764777302742004,-0.45052629709243774,-0.24228675663471222,-0.06311672925949097,0.08937808126211166,0.22956281900405884,0.3727688789367676,0.5226082801818848,0.6652590036392212,0.776832103729248,0.8408045768737793,0.8632951378822327,0.871514618396759,0.8934199213981628
-1.3985674381256104,-1.5777850151062012,-1.910456895828247,-2.3137011528015137,-2.648630380630493,-2.7937400341033936,-2.7090182304382324,-2.4552066326141357,-2.1605000495910645,-1.9560024738311768,-1.9164239168167114,-2.0352940559387207,-2.2413055896759033,-2.4409449100494385,-2.562077760696411,-2.5785889625549316,-2.5091609954833984,-2.3966524600982666,-2.2816457748413086,-2.1834564208984375,-2.096254587173462,-1.9992533922195435,-1.8730010986328125,-1.7111080884933472,-1.521564245223999,-1.3189836740493774,-1.115321397781372,-0.9156329035758972,-0.7203305959701538,-0.5294091701507568,-0.34414762258529663,-0.16525235772132874,0.008929986506700516,0.1807587891817093,0.34813112020492554,0.5007206797599792,0.6228258609771729,0.70341557264328,0.7468485832214355,0.7745068669319153,0.8128036856651306,0.8742499947547913
-1.4260607957839966,-1.6506094932556152,-1.97250497341156,-2.3388025760650635,-2.652160882949829,-2.8164634704589844,-2.7846739292144775,-2.5831661224365234,-2.300259828567505,-2.0461270809173584,-1.9055190086364746,-1.9066041707992554,-2.0186736583709717,-2.1755926609039307,-2.3100156784057617,-2.380725860595703,-2.3816139698028564,-2.332245111465454,-2.25866961479187,-2.1766390800476074,-2.085681438446045,-1.9749077558517456,-1.8347320556640625,-1.665861964225769,-1.4803119897842407,-1.2946113348007202,-1.1206376552581787,-0.9598888754844666,-0.8044136166572571,-0.6427286267280579,-0.46685054898262024,-0.27672889828681946,-0.08081071823835373,0.10663261264562607,0.27025169134140015,0.39904189109802246,0.49138379096984863,0.5573511123657227,0.6157692670822144,0.6853249669075012,0.7731232047080994,0.8677874207496643
-1.508807897567749,-1.7738291025161743,-2.0690674781799316,-2.359727144241333,-2.591461181640625,-2.7115323543548584,-2.6929683685302734,-2.5489299297332764,-2.3300750255584717,-2.105872392654419,-1.93889319896698,-1.863939642906189,-1.8804584741592407,-1.959542989730835,-2.0601797103881836,-2.145907163619995,-2.1947343349456787,-2.2000420093536377,-2.1649222373962402,-2.0952019691467285,-1.9955323934555054,-1.86968994140625,-1.7232041358947754,-1.5649652481079102,-1.405720829963684,-1.2539228200912476,-1.1115167140960693,-0.9727745652198792,-0.8272354006767273,-0.665669322013855,-0.4859611690044403,-0.295786589384079,-0.11062446981668472,0.0521998405456543,0.1808696836233139,0.2745461165904999,0.3443993330001831,0.4091072976589203,0.4862942695617676,0.5832906365394592,0.6918429136276245,0.7903867959976196
