earth/public/data/atmosphere/C53/ANN-temp-surface-level-gfs-1.0.json
{"header": {"discipline": 0, "disciplineName": "Meteorological products", "gribEdition": 2, "gribLength": 17922.0, "center": 0, "centerName": "Kiel Climate Model", "subcenter": 0, "refTime": "1", "significanceOfRT": 1, "significanceOfRTName": "Start of forecast", "productStatus": 0, "productStatusName": "Operational products", "productType": 1, "productTypeName": "Forecast products", "productDefinitionTemplate": 0, "productDefinitionTemplateName": "Analysis/forecast at horizontal level/layer at a point in time", "parameterCategory": 2, "parameterCategoryName": "Momentum", "parameterNumber": 2, "parameterNumberName": "U-component_of_wind", "parameterUnit": "K", "genProcessType": 2, "genProcessTypeName": "Forecast", "forecastTime": 0, "surface1Type": 103, "surface1TypeName": "Specified height level above ground", "surface1Value": 10, "surface2Type": 255, "surface2TypeName": "Missing", "surface2Value": 0, "gridDefinitionTemplate": 0, "gridDefinitionTemplateName": "Latitude_Longitude", "numberPoints": 65160, "shape": 6, "shapeName": "Earth spherical with radius of 6,371,229.0 m", "gridUnits": "degrees", "resolution": 48, "winds": "true", "scanMode": 0, "nx": 128.0, "ny": 64.0, "basicAngle": 0, "subDivisions": 0, "lo1": 0.0, "la1": 87.86379883923263, "lo2": 357.1875, "la2": -87.86379883923263, "dx": 2.8125, "dy": 2.7893269472772264}, "data":
[rows 0 to 19 of 64, columns 44 to 87 of 128]
277.8609313964844,277.8547668457031,277.8489074707031,277.8433532714844,277.837890625,277.8350524902344,277.8327331542969,277.8307189941406,277.82904052734375,277.82769775390625,277.82672119140625,277.8260803222656,277.8258361816406,277.8260498046875,277.82763671875,277.82952880859375,277.83148193359375,277.833740234375,277.83624267578125,277.8389587402344,277.8420715332031,277.8454895019531,277.84942626953125,277.85357666015625,277.8580627441406,277.8629150390625,277.8680419921875,277.8736267089844,277.87969970703125,277.8862609863281,277.8935852050781,277.9019775390625,277.9107971191406,277.9197082519531,277.9293212890625,277.93951416015625,277.95025634765625,277.9615173339844,277.9732360839844,277.9852600097656,277.9975891113281,278.0101013183594,278.0224914550781,278.03485107421875
277.1481628417969,277.1048583984375,277.0633850097656,277.025146484375,276.98919677734375,276.9598388671875,276.93670654296875,276.9163513183594,276.8974914550781,276.8918151855469,276.88818359375,276.8863220214844,276.89031982421875,276.9195251464844,276.9482727050781,276.97698974609375,277.0208740234375,277.0728454589844,277.1219787597656,277.1701965332031,277.226318359375,277.2757263183594,277.3191833496094,277.3478088378906,277.3678283691406,277.3859558105469,277.4027099609375,277.4139404296875,277.4261474609375,277.44085693359375,277.4584045410156,277.47979736328125,277.5074157714844,277.5417175292969,277.58331298828125,277.63201904296875,277.68505859375,277.7445373535156,277.8100280761719,277.8797302246094,277.94891357421875,278.0208435058594,278.0924072265625,278.1620178222656
276.1476745605469,276.0203552246094,275.8921813964844,275.7867736816406,275.693603515625,276.51324462890625,275.5567626953125,275.4927978515625,275.44097900390625,275.42254638671875,275.4681091308594,275.4144592285156,275.34698486328125,275.61297607421875,275.7169189453125,275.901611328125,276.07574462890625,276.30084228515625,276.53204345703125,276.74822998046875,276.94500732421875,277.10546875,277.20953369140625,277.2867431640625,277.3337707519531,277.35894775390625,276.870849609375,276.96588134765625,277.4517517089844,277.4925231933594,276.7437438964844,277.4772033691406,277.47247314453125,277.45904541015625,276.8589782714844,276.96453857421875,277.0871887207031,277.9093017578125,278.0335693359375,278.1689147949219,278.29998779296875,278.43878173828125,278.58209228515625,278.717529296875
275.44012451171875,275.3948059082031,275.3255920410156,275.3070068359375,275.9652404785156,275.9053039550781,275.83349609375,275.7700500488281,275.6624450683594,274.9101257324219,274.7898864746094,274.6697692871094,274.5479736328125,274.5126953125,274.6177062988281,274.8992614746094,275.31658935546875,275.7154541015625,276.18121337890625,276.64764404296875,277.09283447265625,277.48785400390625,277.8150329589844,278.06292724609375,278.2278747558594,278.3204040527344,278.3321228027344,278.2968444824219,278.2198181152344,278.12957763671875,278.03863525390625,277.97894287109375,277.35247802734375,277.3965759277344,278.0624084472656,278.1744079589844,278.31634521484375,278.49249267578125,278.6903381347656,278.892822265625,279.0957336425781,279.2827453613281,279.4522399902344,279.5976257324219
274.8148193359375,274.84100341796875,274.96514892578125,275.1532897949219,275.43994140625,275.71759033203125,275.93927001953125,277.0057678222656,276.9220275878906,275.80145263671875,275.546875,275.21173095703125,274.86981201171875,274.549072265625,274.339111328125,274.33758544921875,274.6902160644531,275.2840576171875,275.864990234375,276.4886779785156,277.1170959472656,277.7138671875,278.20172119140625,278.55352783203125,278.76458740234375,278.84503173828125,278.8415222167969,278.7825012207031,278.69732666015625,278.6166687011719,278.5577697753906,278.5310974121094,277.99945068359375,278.104736328125,278.75421142578125,278.8895568847656,279.0597229003906,279.25006103515625,279.4579162597656,279.6666259765625,279.87109375,280.0574645996094,280.2176208496094,280.3453674316406
274.8031311035156,274.7890319824219,274.97320556640625,275.3756103515625,275.8322448730469,275.6971130371094,276.1841735839844,276.4880676269531,276.6163024902344,276.59088134765625,276.3918762207031,276.1241760253906,275.8205871582031,275.5205078125,275.2997741699219,274.7585144042969,274.7941589355469,275.5527038574219,275.9404296875,276.4188537597656,276.9831237792969,277.5533142089844,278.05743408203125,278.41943359375,278.626708984375,278.71722412109375,278.7403869628906,278.7427062988281,278.7579040527344,278.8024597167969,278.87115478515625,278.96136474609375,279.06561279296875,279.174072265625,279.2861328125,279.404296875,279.532958984375,279.6783447265625,279.84381103515625,280.0298767089844,280.2344970703125,280.4465026855469,280.64581298828125,280.8056945800781
276.1274108886719,275.9930419921875,276.02593994140625,276.2117004394531,276.39794921875,276.5721130371094,276.655517578125,276.6410217285156,276.5046691894531,276.3108825683594,276.14788818359375,275.5185546875,275.7964782714844,275.9309997558594,276.0367431640625,276.14703369140625,276.2602233886719,276.38323974609375,276.59051513671875,276.9341735839844,277.37957763671875,277.76129150390625,278.05804443359375,278.27154541015625,278.39111328125,278.4535217285156,278.5132141113281,278.60919189453125,278.74951171875,278.9273986816406,279.12115478515625,279.2981262207031,279.4314880371094,279.51556396484375,279.5611877441406,279.59246826171875,279.6400146484375,279.7310791015625,279.8846130371094,280.1033020019531,280.3733825683594,280.6661071777344,280.94012451171875,281.14764404296875
278.1389465332031,278.1383361816406,278.03680419921875,277.9012756347656,277.59991455078125,277.1358642578125,276.5281677246094,275.9229736328125,275.4388122558594,275.188720703125,275.0625915527344,275.27752685546875,275.4791259765625,276.3091125488281,276.765380859375,277.0176086425781,277.1050109863281,277.13177490234375,277.20343017578125,277.430419921875,277.74505615234375,278.0263366699219,278.235107421875,278.3648376464844,278.42987060546875,278.47601318359375,278.55108642578125,278.6691589355469,278.8389587402344,279.0506591796875,279.2220153808594,279.3692932128906,279.4674987792969,279.526123046875,279.56256103515625,279.604248046875,279.6802062988281,279.814697265625,280.0230407714844,280.3004150390625,280.623046875,280.949951171875,281.23590087890625,281.4351806640625
280.5608215332031,280.7286376953125,280.1797180175781,279.7464599609375,279.0585632324219,278.09912109375,277.0907287597656,276.2154846191406,275.5900573730469,275.29022216796875,275.44183349609375,275.9657897949219,276.76666259765625,277.46453857421875,277.79888916015625,277.9031982421875,277.83770751953125,277.7330017089844,277.70458984375,277.82391357421875,278.083984375,278.36566162109375,278.5769348144531,278.6924133300781,278.7286376953125,278.73736572265625,278.52032470703125,278.8318176269531,278.9617614746094,279.0937805175781,279.2093200683594,279.3035888671875,279.3918762207031,279.49188232421875,279.6109313964844,279.7469177246094,279.9024353027344,280.0825500488281,280.29827880859375,280.55133056640625,280.8339538574219,281.1220397949219,281.3836364746094,281.5885925292969
281.1091613769531,280.9578857421875,280.4476623535156,279.5325622558594,278.4089050292969,277.28717041015625,276.4926452636719,276.08319091796875,276.13671875,276.594970703125,276.9142761230469,277.7542419433594,278.4527587890625,278.65093994140625,278.64691162109375,278.5676574707031,278.4541320800781,278.36749267578125,278.3668212890625,278.48211669921875,278.7006530761719,278.9350280761719,279.094970703125,279.1424560546875,279.1147155761719,279.0706787109375,279.0980529785156,279.2247009277344,279.379638671875,279.5093688964844,279.5940246582031,279.6568603515625,279.7393493652344,279.8627624511719,280.01556396484375,280.1712646484375,280.3095397949219,280.4349060058594,280.5765686035156,280.7581787109375,280.99407958984375,281.2654113769531,281.554443359375,281.8309020996094
281.1724548339844,280.39141845703125,279.321533203125,278.051025390625,276.82489013671875,275.8779602050781,275.5136413574219,275.8080749511719,276.7157287597656,277.89166259765625,278.1693420410156,278.9752197265625,279.3503112792969,279.28741455078125,279.2200927734375,279.2588195800781,279.3504943847656,279.4245910644531,279.47186279296875,279.5321044921875,279.6462097167969,279.79180908203125,279.891357421875,279.8957214355469,279.8446960449219,279.834716796875,279.92633056640625,280.10540771484375,280.2989196777344,280.4341735839844,280.49652099609375,280.52587890625,280.58074951171875,280.6844482421875,280.8197326660156,280.9496154785156,281.056884765625,281.1631774902344,281.3082275390625,281.50433349609375,281.7437744140625,281.9938659667969,282.236572265625,282.481689453125
280.5308532714844,279.765625,279.30291748046875,278.8995666503906,278.4360046386719,277.86224365234375,277.56524658203125,277.64178466796875,278.36077880859375,279.38751220703125,279.3665466308594,279.84600830078125,280.02520751953125,280.0065002441406,280.1671142578125,280.47686767578125,280.7568359375,280.8961181640625,280.9064025878906,280.8926086425781,280.95562744140625,281.10198974609375,281.2530822753906,281.33551025390625,281.3492736816406,281.3616943359375,281.42913818359375,281.5506286621094,281.673828125,281.75701904296875,281.79901123046875,281.83843994140625,281.91424560546875,282.03533935546875,282.1722106933594,282.3031005859375,282.4375915527344,282.6142272949219,282.84661865234375,283.10693359375,283.32867431640625,283.4616394042969,283.5296936035156,283.5965881347656
280.82098388671875,280.8348083496094,281.7488098144531,283.01031494140625,283.80859375,283.3091125488281,282.09814453125,280.935302734375,280.372802734375,280.6197509765625,280.1806945800781,280.562255859375,280.87115478515625,281.260009765625,281.8404846191406,282.3746032714844,282.6747741699219,282.7593078613281,282.74151611328125,282.7568664550781,282.87738037109375,283.07086181640625,283.25335693359375,283.3700866699219,283.42120361328125,283.4497375488281,283.4872741699219,283.5404357910156,283.6008605957031,283.6683349609375,283.7503356933594,283.8515930175781,283.96826171875,284.0914611816406,284.211181640625,284.3257751464844,284.458251953125,284.6423034667969,284.8843994140625,285.1312561035156,285.2919616699219,285.32183837890625,285.2588806152344,285.21307373046875
282.81573486328125,283.09710693359375,284.3153991699219,286.1265869140625,287.3594055175781,286.2125244140625,283.99664306640625,282.2370910644531,281.3541259765625,280.66461181640625,281.28875732421875,281.8347473144531,282.663818359375,283.63720703125,284.666259765625,285.37939453125,285.6177673339844,285.5859680175781,285.55126953125,285.5961608886719,285.69696044921875,285.7801513671875,285.79364013671875,285.75860595703125,285.734375,285.7554016113281,285.8044738769531,285.8567810058594,285.9195556640625,286.01129150390625,286.1261901855469,286.2320556640625,286.3102722167969,286.3806457519531,286.47137451171875,286.5848388671875,286.7119140625,286.84918212890625,287.0024108886719,287.1609802246094,287.28143310546875,287.3214111328125,287.28521728515625,287.2477111816406
284.65789794921875,284.48541259765625,284.9324951171875,285.69610595703125,285.83203125,284.52197265625,283.2021484375,282.8109130859375,283.4449462890625,284.8589782714844,284.9082946777344,285.7623291015625,287.29168701171875,288.56976318359375,289.59014892578125,289.9811096191406,289.8970031738281,289.6443176269531,289.4481201171875,289.31964111328125,289.2005920410156,289.0307312011719,288.8059387207031,288.5957336425781,288.4781188964844,288.4475402832031,288.4324645996094,288.38525390625,288.33447265625,288.3261413574219,288.3491516113281,288.3523864746094,288.3261413574219,288.3279113769531,288.4083557128906,288.5510559082031,288.6942138671875,288.79315185546875,288.8600158691406,288.9328308105469,289.02587890625,289.1065979003906,289.134765625,289.1196594238281
284.9790344238281,284.7322082519531,284.9071044921875,285.114990234375,284.8131408691406,284.1313171386719,284.2584533691406,285.77069091796875,290.21258544921875,292.2449645996094,292.77392578125,292.932373046875,293.08795166015625,293.3836669921875,293.5667419433594,293.5065612792969,293.29962158203125,293.0538024902344,292.7815856933594,292.50579833984375,292.2622375488281,292.0391845703125,291.8042907714844,291.58050537109375,291.41864013671875,291.2973937988281,291.1401062011719,290.9291076660156,290.7326354980469,290.6099853515625,290.5338134765625,290.4444885253906,290.3373107910156,290.26593017578125,290.2645263671875,290.3094482421875,290.36468505859375,290.4028625488281,290.41815185546875,290.4184265136719,290.42877197265625,290.4678649902344,290.50799560546875,290.50909423828125
286.50872802734375,286.67236328125,287.26544189453125,287.6251525878906,287.49700927734375,287.4799499511719,288.2992858886719,292.71044921875,295.2908020019531,296.31982421875,296.119140625,295.62261962890625,295.4615783691406,295.4806823730469,295.336669921875,295.0842590332031,294.9293518066406,294.8345947265625,294.6439208984375,294.4015808105469,294.2398376464844,294.1400146484375,293.9920654296875,293.7865295410156,293.5927734375,293.41436767578125,293.2035217285156,292.97943115234375,292.7997131347656,292.6766662597656,292.5641174316406,292.44195556640625,292.3307189941406,292.24041748046875,292.1411437988281,292.01708984375,291.9214782714844,291.9073791503906,291.9457702636719,291.94305419921875,291.8807373046875,291.8472595214844,291.8885498046875,291.9273986816406
291.77581787109375,292.0608215332031,291.9051208496094,291.7476806640625,291.8882751464844,292.1022644042969,295.0168762207031,296.6263732910156,297.48663330078125,297.3809509277344,296.7489318847656,296.362060546875,296.4462585449219,296.522705078125,296.2939453125,296.052490234375,296.05401611328125,296.0934143066406,295.9570617675781,295.7706298828125,295.68450927734375,295.5906677246094,295.38031005859375,295.13629150390625,294.9564208984375,294.8001403808594,294.6332092285156,294.5115051269531,294.44012451171875,294.33251953125,294.1541748046875,293.984130859375,293.8965148925781,293.8714904785156,293.83258056640625,293.74261474609375,293.6517333984375,293.6383361816406,293.6938171386719,293.7053527832031,293.6210632324219,293.5457763671875,293.56982421875,293.5958251953125
297.20330810546875,296.5714416503906,295.1274108886719,294.4530334472656,294.8978576660156,297.2989807128906,298.2810363769531,298.328369140625,298.0408020019531,297.6017150878906,297.2368469238281,297.2734680175781,297.5840148925781,297.6831359863281,297.4918518066406,297.3993835449219,297.5023498535156,297.47271728515625,297.2336120605469,297.06207275390625,297.0101318359375,296.8479919433594,296.57489013671875,296.408447265625,296.34454345703125,296.1929931640625,295.9797668457031,295.8824462890625,295.8712463378906,295.77923583984375,295.61236572265625,295.50146484375,295.4643249511719,295.4533386230469,295.475341796875,295.5234680175781,295.5181884765625,295.44696044921875,295.39288330078125,295.3684387207031,295.2974548339844,295.1877746582031,295.1273498535156,295.0893249511719
297.8634033203125,296.8817138671875,295.601318359375,295.58795166015625,296.68365478515625,299.22216796875,299.5718688964844,299.0232849121094,298.5743103027344,298.5095520019531,298.6102600097656,298.8232116699219,298.9894714355469,298.9352722167969,298.81689453125,298.8799743652344,298.96734619140625,298.78387451171875,298.4969787597656,298.4295959472656,298.439453125,298.2424011230469,297.99505615234375,297.9615478515625,297.9741516113281,297.77349853515625,297.5084533691406,297.4277038574219,297.4402770996094,297.3771667480469,297.33282470703125,297.3968505859375,297.4029235839844,297.2536926269531,297.12841796875,297.1426086425781,297.1239929199219,296.9570617675781,296.7962341308594,296.7617492675781,296.73785400390625,296.61724853515625,296.4689025878906,296.3607177734375
