earth/public/data/atmosphere/C53/ANN-temp-surface-level-gfs-1.0.json
{"header": {"discipline": 0, "disciplineName": "Meteorological products", "gribEdition": 2, "gribLength": 17922.0, "center": 0, "centerName": "Kiel Climate Model", "subcenter": 0, "refTime": "1", "significanceOfRT": 1, "significanceOfRTName": "Start of forecast", "productStatus": 0, "productStatusName": "Operational products", "productType": 1, "productTypeName": "Forecast products", "productDefinitionTemplate": 0, "productDefinitionTemplateName": "Analysis/forecast at horizontal level/layer at a point in time", "parameterCategory": 2, "parameterCategoryName": "Momentum", "parameterNumber": 2, "parameterNumberName": "U-component_of_wind", "parameterUnit": "K", "genProcessType": 2, "genProcessTypeName": "Forecast", "forecastTime": 0, "surface1Type": 103, "surface1TypeName": "Specified height level above ground", "surface1Value": 10, "surface2Type": 255, "surface2TypeName": "Missing", "surface2Value": 0, "gridDefinitionTemplate": 0, "gridDefinitionTemplateName": "Latitude_Longitude", "numberPoints": 65160, "shape": 6, "shapeName": "Earth spherical with radius of 6,371,229.0 m", "gridUnits": "degrees", "resolution": 48, "winds": "true", "scanMode": 0, "nx": 128.0, "ny": 64.0, "basicAngle": 0, "subDivisions": 0, "lo1": 0.0, "la1": 87.86379883923263, "lo2": 357.1875, "la2": -87.86379883923263, "dx": 2.8125, "dy": 2.7893269472772264}, "data":
[rows 20 to 39 of 64, columns 0 to 43 of 128]
299.87982177734375,300.1328430175781,299.9774475097656,299.8017883300781,299.6278991699219,299.289794921875,298.9576416015625,298.8107604980469,298.8575744628906,298.8250427246094,298.75390625,298.63385009765625,298.47515869140625,298.2455139160156,298.04412841796875,297.9408874511719,297.8826904296875,297.8333740234375,297.898681640625,298.0566711425781,298.0584411621094,298.3258361816406,298.9398498535156,299.76544189453125,299.923583984375,299.76422119140625,300.23834228515625,301.135009765625,300.8956604003906,300.1510314941406,299.74560546875,299.4924621582031,298.91949462890625,298.601318359375,299.31024169921875,300.685546875,300.9672546386719,299.3033447265625,297.59100341796875,297.81402587890625,298.7973937988281,298.7750549316406,297.5902404785156,296.8343811035156
301.1488037109375,301.2645568847656,301.05255126953125,300.9461975097656,301.0693359375,301.0496826171875,300.72991943359375,300.29156494140625,300.0235290527344,299.78924560546875,299.4775390625,299.11370849609375,298.9544982910156,299.0196228027344,299.0420227050781,298.90924072265625,298.7652282714844,298.7615661621094,298.9444274902344,299.1852722167969,299.323974609375,299.4103088378906,299.6651611328125,299.9483337402344,300.19366455078125,300.8406982421875,302.24029541015625,303.555419921875,303.6553039550781,303.0562438964844,302.2862243652344,302.0424499511719,301.98858642578125,302.33502197265625,302.5589599609375,302.7950439453125,302.4822998046875,301.30218505859375,300.7341613769531,301.1039123535156,301.8404541015625,300.80999755859375,299.42108154296875,298.8375549316406
301.40277099609375,301.2698974609375,301.2698059082031,301.3548583984375,301.4908447265625,301.6078186035156,301.55889892578125,301.2782897949219,300.9021911621094,300.57733154296875,300.3441162109375,300.0025634765625,299.73028564453125,299.8027038574219,299.9420166015625,299.87628173828125,299.83258056640625,299.84552001953125,299.7652893066406,299.7962341308594,300.0533142089844,300.2984619140625,300.35595703125,300.41998291015625,300.86322021484375,302.0914306640625,304.6827697753906,305.895263671875,305.5742492675781,303.95855712890625,302.87847900390625,302.6099548339844,303.0257873535156,303.72125244140625,304.124267578125,304.36212158203125,304.2557678222656,303.89202880859375,303.7232971191406,303.6646728515625,303.9516906738281,303.25250244140625,303.1273193359375,303.82562255859375
301.9195556640625,302.3594055175781,302.83837890625,302.9615478515625,302.5570373535156,302.0364990234375,302.0652160644531,302.0740051269531,301.67547607421875,301.2373962402344,301.1104736328125,300.9726257324219,300.70501708984375,300.694091796875,300.8897705078125,300.87060546875,300.8372802734375,300.91217041015625,300.7616882324219,300.6044616699219,300.86676025390625,301.2032470703125,301.34210205078125,301.55682373046875,302.0920715332031,302.94610595703125,304.2222900390625,304.7841491699219,304.71728515625,303.76385498046875,303.2147216796875,303.1601257324219,303.28717041015625,303.5965576171875,304.0935363769531,304.1533508300781,305.30810546875,305.91094970703125,306.8233337402344,307.10272216796875,305.721435546875,304.8958740234375,305.6250915527344,306.998046875
302.9847412109375,308.2713317871094,308.69439697265625,307.84912109375,306.2145080566406,303.4729309082031,302.99658203125,303.0583801269531,302.81756591796875,302.31134033203125,302.11236572265625,302.0822448730469,301.85736083984375,301.8385009765625,302.0429992675781,301.95355224609375,301.8215026855469,301.9334716796875,301.93212890625,301.87237548828125,302.0570983886719,302.2306213378906,302.25506591796875,302.5152893066406,302.87750244140625,303.1053466796875,303.521484375,303.9181213378906,303.9539794921875,303.7878112792969,304.1573181152344,304.40631103515625,304.23419189453125,304.1981506347656,304.61553955078125,305.3460998535156,306.30670166015625,307.6838073730469,308.576171875,308.0790710449219,306.1572570800781,304.89227294921875,305.4047546386719,306.9281005859375
310.5487060546875,311.9854431152344,311.40924072265625,310.3867492675781,308.9511413574219,306.65118408203125,303.6430969238281,303.43914794921875,303.73736572265625,303.5224609375,303.27886962890625,303.26776123046875,303.0581970214844,302.9642028808594,303.159423828125,303.14068603515625,302.98895263671875,303.1094665527344,303.22930908203125,303.209716796875,303.3454895019531,303.4295959472656,303.3733825683594,303.62664794921875,303.9417419433594,303.9190368652344,303.9569396972656,304.42010498046875,304.65997314453125,304.7771911621094,305.2154235839844,305.43328857421875,305.186767578125,305.2914733886719,305.9145202636719,306.7243957519531,307.20904541015625,308.2745056152344,307.7373962402344,306.5105285644531,305.49755859375,304.64031982421875,304.8103942871094,306.06585693359375
312.17645263671875,312.5924987792969,311.7294921875,311.1308288574219,310.185302734375,307.5704650878906,303.4486999511719,303.17144775390625,304.1133117675781,304.2475891113281,304.052734375,304.21026611328125,304.13946533203125,303.9294738769531,304.0644226074219,304.1980285644531,304.1231994628906,304.214599609375,304.3487548828125,304.30841064453125,304.4703063964844,304.7095031738281,304.7579345703125,304.9666748046875,305.3135986328125,305.36285400390625,305.40936279296875,305.7402648925781,305.8614807128906,305.7920227050781,305.94281005859375,305.9933166503906,305.7040710449219,305.75,306.25439453125,306.50146484375,306.2597961425781,306.1867980957031,306.1568908691406,306.0986633300781,305.9628601074219,305.4308166503906,305.21722412109375,305.6380615234375
310.9336242675781,311.573974609375,311.9097595214844,311.318115234375,310.433349609375,308.2061767578125,303.8481140136719,303.6338806152344,304.85931396484375,304.9048156738281,304.54925537109375,304.90875244140625,305.004638671875,304.77587890625,304.93353271484375,305.1852722167969,305.1189880371094,305.0780944824219,305.236083984375,305.2060546875,305.32080078125,305.6099548339844,305.7032470703125,305.7778015136719,306.03802490234375,306.1792907714844,306.1937255859375,306.3282775878906,306.4031066894531,306.3392639160156,306.4299011230469,306.5414123535156,306.339599609375,306.1105041503906,306.148193359375,306.0956115722656,305.8988952636719,305.981689453125,306.2649230957031,306.4966125488281,306.673095703125,306.79266357421875,306.74444580078125,306.67138671875
309.9738464355469,310.87298583984375,311.41741943359375,310.82501220703125,310.1756286621094,309.39154052734375,308.43572998046875,308.2783508300781,307.73919677734375,305.6493225097656,305.2096862792969,305.5157775878906,305.49737548828125,305.3117980957031,305.70654296875,306.10992431640625,305.99920654296875,305.76812744140625,305.8996887207031,305.94451904296875,305.9224853515625,306.08056640625,306.16552734375,306.1611022949219,306.3304443359375,306.5296630859375,306.542724609375,306.5718688964844,306.71051025390625,306.73809814453125,306.72332763671875,306.8733215332031,306.96636962890625,306.8212890625,306.702392578125,306.7041320800781,306.64227294921875,306.6754455566406,306.9369812011719,306.9163513183594,306.6690673828125,306.73046875,307.1431884765625,307.5007019042969
310.21258544921875,310.746826171875,310.5958251953125,309.9183044433594,309.49041748046875,309.54425048828125,309.7273254394531,309.20574951171875,307.8241882324219,305.8548583984375,305.53564453125,305.7728271484375,305.5617370605469,305.50030517578125,306.0244140625,307.535888671875,306.38348388671875,306.0531005859375,306.2198486328125,306.3656921386719,306.33245849609375,306.4281311035156,306.5863952636719,306.610595703125,306.6510009765625,306.7962646484375,306.8324279785156,306.8063049316406,306.9551696777344,307.0361022949219,306.879150390625,306.89849853515625,307.137939453125,307.19287109375,307.212890625,307.36895751953125,307.3055419921875,307.12109375,307.2576904296875,307.2066955566406,306.521240234375,305.1768493652344,306.216796875,306.5377197265625
309.3179016113281,309.45941162109375,309.5032043457031,309.4375,309.1621398925781,308.9942626953125,309.0628356933594,308.414794921875,307.08306884765625,305.811767578125,305.874755859375,305.98529052734375,305.7056884765625,305.8359680175781,306.35772705078125,307.3243408203125,306.19921875,306.1291809082031,306.36138916015625,306.5203552246094,306.5412292480469,306.5969543457031,306.7618713378906,306.8395690917969,306.78228759765625,306.8343505859375,306.9194030761719,306.8517761230469,306.8966064453125,307.07098388671875,307.0396423339844,306.9892272949219,307.1029052734375,307.08074951171875,307.0672912597656,307.2996520996094,307.3099670410156,307.0997009277344,307.2685241699219,307.4714660644531,306.9072265625,304.85675048828125,304.9176330566406,305.09075927734375
307.9134521484375,307.73004150390625,308.2913818359375,308.9366149902344,308.8577575683594,308.691650390625,308.6845703125,308.25634765625,307.27288818359375,306.31207275390625,306.280029296875,306.19757080078125,306.0899658203125,306.815185546875,307.1778564453125,306.42999267578125,305.8538818359375,306.1969299316406,306.47784423828125,306.5691223144531,306.63409423828125,306.599609375,306.6287841796875,306.7532653808594,306.7300720214844,306.75360107421875,306.94146728515625,306.9311828613281,306.84063720703125,306.9878845214844,307.0945739746094,307.0776062011719,307.153564453125,307.1343688964844,307.0398864746094,307.1955871582031,307.338134765625,307.2626953125,307.3552551269531,307.5774230957031,307.4687194824219,306.9598388671875,306.19708251953125,305.0517272949219
308.1169738769531,306.8409423828125,307.168212890625,307.6056823730469,308.0813293457031,309.0106201171875,309.53570556640625,309.0265197753906,307.96435546875,307.341552734375,307.1540222167969,306.9532470703125,306.5682678222656,307.26348876953125,307.2637939453125,305.98101806640625,305.64892578125,306.2472839355469,306.4512939453125,306.4461669921875,306.61090087890625,306.6088562011719,306.5499572753906,306.7241516113281,306.7757263183594,306.7143859863281,306.8829345703125,306.9910583496094,306.90673828125,306.95916748046875,307.0117492675781,306.95263671875,307.09228515625,307.2785949707031,307.2283935546875,307.21630859375,307.3539733886719,307.39434814453125,307.32586669921875,307.2767333984375,307.3655090332031,307.57025146484375,307.4595031738281,306.93353271484375
308.4290771484375,307.37347412109375,307.1054992675781,306.7308349609375,307.3589172363281,309.2202453613281,310.0478515625,309.4505920410156,308.5813903808594,308.1297302246094,307.9251708984375,307.7289123535156,307.69696044921875,307.66619873046875,306.854736328125,305.7337341308594,305.66015625,306.2153625488281,306.28948974609375,306.18048095703125,306.3825378417969,306.482177734375,306.40838623046875,306.5658264160156,306.67913818359375,306.5671691894531,306.6111755371094,306.7477111816406,306.7768249511719,306.8912048339844,306.9833679199219,306.8958435058594,306.9452209472656,307.14202880859375,307.1544189453125,307.08856201171875,307.1609802246094,307.2703857421875,307.2808837890625,307.1729736328125,307.1014709472656,307.24365234375,307.360107421875,307.21917724609375
307.0144348144531,308.76470947265625,309.12176513671875,307.8604736328125,307.8065185546875,309.3252868652344,309.7448425292969,309.3478088378906,309.7870178222656,309.5022888183594,309.2455139160156,308.7227478027344,308.1502380371094,307.67230224609375,306.55902099609375,305.4922180175781,305.5233154296875,305.9635314941406,306.0469970703125,305.9179992675781,306.0373840332031,306.1580505371094,306.07025146484375,306.1289367675781,306.2936706542969,306.32208251953125,306.3714599609375,306.4546203613281,306.46185302734375,306.5788879394531,306.77630615234375,306.80938720703125,306.78790283203125,306.862060546875,306.94964599609375,307.0322570800781,307.10540771484375,307.15728759765625,307.27880859375,307.3747253417969,307.2735290527344,307.129638671875,307.11627197265625,307.1882629394531
307.0213928222656,310.85052490234375,312.4710693359375,311.1864013671875,310.1217041015625,310.1267395019531,309.4460144042969,309.16363525390625,310.984619140625,310.9099426269531,310.0547790527344,308.18487548828125,307.5106201171875,306.49884033203125,305.68017578125,305.0887451171875,305.0965576171875,305.3833923339844,305.5587463378906,305.55206298828125,305.6156311035156,305.74468994140625,305.71807861328125,305.7164611816406,305.8351135253906,305.9342956542969,306.04583740234375,306.142578125,306.10565185546875,306.08489990234375,306.20928955078125,306.3517761230469,306.43389892578125,306.4959716796875,306.60198974609375,306.77142333984375,306.8612365722656,306.825927734375,306.9007873535156,307.10894775390625,307.19183349609375,307.1576843261719,307.1932678222656,307.2578430175781
307.87335205078125,312.6257629394531,314.5989074707031,314.44732666015625,313.3262939453125,311.9480895996094,309.9539489746094,308.7981872558594,308.8614501953125,308.5259094238281,307.8579406738281,307.439208984375,306.32794189453125,304.594970703125,304.41119384765625,304.6707458496094,304.6895446777344,304.771484375,304.9477844238281,305.015625,305.02130126953125,305.1164855957031,305.18792724609375,305.22747802734375,305.2550964355469,305.2308654785156,305.2721862792969,305.4259948730469,305.5240478515625,305.5204772949219,305.5287780761719,305.6161193847656,305.7548522949219,305.8402099609375,305.8550109863281,305.9176025390625,306.01873779296875,306.0531005859375,306.0881652832031,306.2025146484375,306.3182373046875,306.4193420410156,306.5240478515625,306.5222473144531
309.0265197753906,313.801025390625,315.38653564453125,315.5191650390625,315.58526611328125,313.9360656738281,311.27825927734375,308.94146728515625,307.3966369628906,306.3156433105469,305.93011474609375,305.73309326171875,304.291748046875,303.70416259765625,303.8264465332031,304.26068115234375,304.3630676269531,304.30316162109375,304.4073486328125,304.4320983886719,304.3368225097656,304.3012390136719,304.32415771484375,304.3996887207031,304.46710205078125,304.4342041015625,304.4004211425781,304.4831848144531,304.6238098144531,304.7315368652344,304.7674865722656,304.7628173828125,304.8161315917969,304.9013366699219,304.90313720703125,304.8932800292969,304.9913635253906,305.11407470703125,305.1570129394531,305.1554260253906,305.1534729003906,305.17901611328125,305.23046875,305.25390625
311.6107482910156,314.2924499511719,314.7798156738281,315.0133972167969,315.4100646972656,314.8421630859375,312.74627685546875,309.66290283203125,306.4759826660156,304.0054626464844,303.50244140625,303.6188659667969,302.9102478027344,303.0428161621094,303.5892639160156,303.869384765625,303.746337890625,303.66650390625,303.7189025878906,303.6930847167969,303.6402282714844,303.6085510253906,303.53564453125,303.5126037597656,303.5901184082031,303.66973876953125,303.6963195800781,303.6647033691406,303.6146240234375,303.6630859375,303.76873779296875,303.7818603515625,303.7714538574219,303.8662414550781,303.9642028808594,303.9873962402344,304.0124206542969,304.0491943359375,304.05389404296875,304.0687255859375,304.0989990234375,304.0962219238281,304.09283447265625,304.1496887207031
310.92913818359375,312.9396667480469,313.4218444824219,313.63873291015625,314.0094299316406,314.1584777832031,313.586181640625,311.4464111328125,307.74981689453125,304.42816162109375,302.93353271484375,302.71673583984375,302.2832336425781,302.9846496582031,303.49566650390625,303.3403625488281,303.0130310058594,302.945068359375,302.8768005371094,302.7089538574219,302.7193908691406,302.83404541015625,302.8006286621094,302.68780517578125,302.6248474121094,302.6307678222656,302.71337890625,302.7628479003906,302.67791748046875,302.6294860839844,302.7288818359375,302.8014831542969,302.7899169921875,302.8385925292969,302.93426513671875,302.95831298828125,302.9302978515625,302.90447998046875,302.89630126953125,302.95098876953125,303.0352478027344,303.04925537109375,303.01043701171875,303.00177001953125
