earth/public/data/atmosphere/C53/ANN-wind-isobaric-850hPa-gfs-1.0.json
{"header": {"discipline": 0, "disciplineName": "Meteorological products", "gribEdition": 2, "gribLength": 17922.0, "center": 0, "centerName": "Kiel Climate Model", "subcenter": 0, "refTime": "1", "significanceOfRT": 1, "significanceOfRTName": "Start of forecast", "productStatus": 0, "productStatusName": "Operational products", "productType": 1, "productTypeName": "Forecast products", "productDefinitionTemplate": 0, "productDefinitionTemplateName": "Analysis/forecast at horizontal level/layer at a point in time", "parameterCategory": 2, "parameterCategoryName": "Momentum", "parameterNumber": 2, "parameterNumberName": "V-component_of_wind", "parameterUnit": "m/s", "genProcessType": 2, "genProcessTypeName": "Forecast", "forecastTime": 0, "surface1Type": 103, "surface1TypeName": "Specified height level above ground", "surface1Value": 10, "surface2Type": 255, "surface2TypeName": "Missing", "surface2Value": 0, "gridDefinitionTemplate": 0, "gridDefinitionTemplateName": "Latitude_Longitude", "numberPoints": 65160, "shape": 6, "shapeName": "Earth spherical with radius of 6,371,229.0 m", "gridUnits": "degrees", "resolution": 48, "winds": "true", "scanMode": 0, "nx": 128.0, "ny": 64.0, "basicAngle": 0, "subDivisions": 0, "lo1": 0.0, "la1": 87.86379883923263, "lo2": 357.1875, "la2": -87.86379883923263, "dx": 2.8125, "dy": 2.7893269472772264}, "data":
[rows 19 to 37 of 64, columns 42 to 83 of 128]
-0.25750333070755005,-0.22515968978405,-0.01071276143193245,0.2814680337905884,0.3384830951690674,0.06428021937608719,-0.1993398815393448,-0.03708462417125702,0.5270079970359802,1.1056454181671143,1.4961512088775635,1.818381428718567,2.1328859329223633,2.3373308181762695,2.4357428550720215,2.5181119441986084,2.529853105545044,2.39300274848938,2.2149205207824707,2.1035444736480713,1.9741116762161255,1.7445989847183228,1.5012032985687256,1.3305860757827759,1.196541666984558,1.062666416168213,0.964875340461731,0.9251695275306702,0.9148921966552734,0.9142824411392212,0.938181459903717,1.0000261068344116,1.07857346534729,1.1337510347366333,1.1631274223327637,1.2074592113494873,1.2662795782089233,1.275086522102356,1.2232710123062134,1.1947041749954224,1.2150523662567139,1.1863385438919067
0.6729370355606079,0.7465794086456299,0.6878953576087952,0.5506058931350708,0.2848581075668335,-0.10351316630840302,-0.3907262980937958,-0.25860917568206787,0.27683839201927185,0.8175708651542664,1.153180480003357,1.4655441045761108,1.8312466144561768,2.068039894104004,2.1454873085021973,2.2031679153442383,2.217224597930908,2.101959466934204,1.9431053400039673,1.806719422340393,1.6116657257080078,1.3647749423980713,1.191342830657959,1.093183159828186,0.9773563146591187,0.8589301705360413,0.8025906682014465,0.7892823219299316,0.7873132228851318,0.8151496648788452,0.872525155544281,0.9342060685157776,1.0025407075881958,1.0753741264343262,1.123510479927063,1.150864601135254,1.1835510730743408,1.193074107170105,1.1444883346557617,1.0848736763000488,1.0612361431121826,1.0238465070724487
1.3280028104782104,1.342583179473877,1.1402902603149414,0.7329585552215576,0.19601839780807495,-0.316845566034317,-0.6193885207176208,-0.48064327239990234,0.0664273351430893,0.6017566919326782,0.9075775742530823,1.212158441543579,1.5878448486328125,1.8015944957733154,1.846085786819458,1.902550458908081,1.916343092918396,1.7842750549316406,1.6161198616027832,1.4625887870788574,1.2421103715896606,1.0260571241378784,0.9324914813041687,0.8658931851387024,0.732258141040802,0.6365394592285156,0.6377967596054077,0.6438531875610352,0.6368795037269592,0.6884977221488953,0.7769312858581543,0.8392923474311829,0.9028928279876709,0.988647997379303,1.0298880338668823,1.0045517683029175,0.988814115524292,1.0103480815887451,1.0087511539459229,0.9674246311187744,0.9268237352371216,0.8785411715507507
1.1467335224151611,1.223095178604126,1.1835280656814575,0.7348691821098328,-0.018279308453202248,-0.631689727306366,-0.8361955285072327,-0.5538968443870544,0.05029391497373581,0.5397018790245056,0.7694765329360962,1.034454345703125,1.3755683898925781,1.5267802476882935,1.531062364578247,1.57463538646698,1.5438247919082642,1.3686014413833618,1.2256308794021606,1.1180821657180786,0.9151294231414795,0.7268767356872559,0.665726363658905,0.5924720764160156,0.46171286702156067,0.42505189776420593,0.4756140410900116,0.4791637361049652,0.4726285934448242,0.548792839050293,0.6450026631355286,0.6916893124580383,0.743003249168396,0.8277484178543091,0.8726986646652222,0.8479229211807251,0.8282674551010132,0.8562254905700684,0.8764017820358276,0.8493533730506897,0.8029873967170715,0.7468248605728149
0.5519282221794128,0.7031537890434265,0.842551589012146,0.3755679428577423,-0.4853671193122864,-0.9668095707893372,-0.8332145810127258,-0.33878281712532043,0.20585106313228607,0.5179713368415833,0.6374947428703308,0.8626680970191956,1.1371487379074097,1.2055257558822632,1.1918729543685913,1.2456295490264893,1.1816872358322144,0.986604630947113,0.8843080997467041,0.8135362863540649,0.6272796988487244,0.4766659736633301,0.4401884377002716,0.3650335967540741,0.27474114298820496,0.29931268095970154,0.34587007761001587,0.32486921548843384,0.34482455253601074,0.44325655698776245,0.5213402509689331,0.5600313544273376,0.6070219278335571,0.659027636051178,0.6946806311607361,0.7129579782485962,0.7222655415534973,0.7300554513931274,0.7208719253540039,0.6806555390357971,0.6308578848838806,0.5822097063064575
-0.1401822417974472,-0.06987535953521729,0.13825099170207977,-0.2646224796772003,-0.9447944760322571,-1.0028575658798218,-0.46095171570777893,0.08710949867963791,0.3982504606246948,0.5174472332000732,0.5996444225311279,0.7919777631759644,0.9552667737007141,0.9425618648529053,0.9401785731315613,1.0101556777954102,0.9332837462425232,0.7566835880279541,0.681659460067749,0.6003421545028687,0.4345524311065674,0.3542279303073883,0.33563265204429626,0.2388579547405243,0.1849983036518097,0.24472841620445251,0.25642621517181396,0.22963452339172363,0.2969004511833191,0.38080018758773804,0.40921419858932495,0.4670177400112152,0.5344386100769043,0.5355597138404846,0.5375498533248901,0.5799378752708435,0.5921308994293213,0.5667531490325928,0.5381050109863281,0.4961874783039093,0.44882702827453613,0.4045780897140503
-0.7374911308288574,-0.8644031286239624,-0.6978312134742737,-0.9253690242767334,-1.1531541347503662,-0.6760950684547424,0.08566601574420929,0.43221327662467957,0.4725203514099121,0.5491716861724854,0.6826770305633545,0.7949790954589844,0.8250259757041931,0.7887653708457947,0.8048679232597351,0.8305196166038513,0.7338916063308716,0.6229194402694702,0.587446391582489,0.4909546375274658,0.3636888861656189,0.3488403558731079,0.3144356608390808,0.18828707933425903,0.17657209932804108,0.2603759169578552,0.2481970489025116,0.24832481145858765,0.3524559736251831,0.38392144441604614,0.36200258135795593,0.45218324661254883,0.534473717212677,0.5022988319396973,0.5070043206214905,0.56319260597229,0.5441004633903503,0.4978175163269043,0.479995459318161,0.4285880923271179,0.3631376326084137,0.3159826993942261
-0.7839156985282898,-1.1741429567337036,-1.322269320487976,-1.5402036905288696,-1.3115233182907104,-0.3541921377182007,0.44976016879081726,0.51275634765625,0.40714940428733826,0.5846974849700928,0.7561264038085938,0.7289966940879822,0.6885976195335388,0.7376101016998291,0.7852166891098022,0.7436543107032776,0.6590247750282288,0.6414299607276917,0.6406596899032593,0.5499330759048462,0.4797821342945099,0.504487156867981,0.463440477848053,0.375320166349411,0.4287661910057068,0.512648344039917,0.4865323305130005,0.5221728682518005,0.6343769431114197,0.6306716799736023,0.6200725436210632,0.7342477440834045,0.7787878513336182,0.7293595671653748,0.7807595133781433,0.8392769694328308,0.7724120020866394,0.725820779800415,0.7178522944450378,0.6198697090148926,0.5204740762710571,0.49180909991264343
-0.30124813318252563,-0.8851236701011658,-1.5242335796356201,-1.97831392288208,-1.473195195198059,-0.14356237649917603,0.7191200852394104,0.668532133102417,0.5780015587806702,0.839140772819519,0.9418534636497498,0.7741022109985352,0.7508431077003479,0.9131159782409668,0.9805827140808105,0.93324214220047,0.9284744262695312,0.9667223691940308,0.9486035704612732,0.8913307785987854,0.8956683874130249,0.9369048476219177,0.9246421456336975,0.9293726682662964,1.0163499116897583,1.0587687492370605,1.043851613998413,1.116746187210083,1.2029107809066772,1.1933742761611938,1.2406185865402222,1.3490620851516724,1.320625901222229,1.2625188827514648,1.3330262899398804,1.3398728370666504,1.2294502258300781,1.2073092460632324,1.2027627229690552,1.0739625692367554,0.9822956323623657,0.9783382415771484
0.06332512944936752,-0.38524848222732544,-1.198798418045044,-1.799946665763855,-1.2071270942687988,0.25457948446273804,1.1644563674926758,1.1497951745986938,1.0660419464111328,1.2074205875396729,1.1385276317596436,0.926859974861145,0.9782498478889465,1.1605890989303589,1.1847563982009888,1.18023681640625,1.2676950693130493,1.2972294092178345,1.2491456270217896,1.2641853094100952,1.3237489461898804,1.3357439041137695,1.3492140769958496,1.4235433340072632,1.4874205589294434,1.4981168508529663,1.5495854616165161,1.6587060689926147,1.6982158422470093,1.690948486328125,1.7708865404129028,1.8376455307006836,1.7752996683120728,1.7461868524551392,1.790894865989685,1.728041410446167,1.6317139863967896,1.6520298719406128,1.63383948802948,1.5231592655181885,1.4892429113388062,1.4656124114990234
-0.013411530293524265,-0.09094011783599854,-0.5786317586898804,-0.9927889704704285,-0.4686608910560608,0.6985217332839966,1.367897868156433,1.2555195093154907,0.9811992645263672,0.8175632953643799,0.6396331787109375,0.5945278406143188,0.791642963886261,0.93009352684021,0.8847717642784119,0.91111159324646,1.0245109796524048,1.0227855443954468,0.9992765784263611,1.0898563861846924,1.1432605981826782,1.1097030639648438,1.1577355861663818,1.2724738121032715,1.317289113998413,1.358244776725769,1.4905003309249878,1.6104142665863037,1.6394603252410889,1.6783862113952637,1.7636001110076904,1.7886712551116943,1.7708085775375366,1.8134222030639648,1.8359339237213135,1.7741003036499023,1.7720415592193604,1.8205394744873047,1.7544946670532227,1.6740338802337646,1.68937349319458,1.6145832538604736
-0.331706702709198,-0.2509170174598694,-0.2941211760044098,-0.3192843496799469,0.06819572299718857,0.6309490203857422,0.7644080519676208,0.3858325481414795,-0.12103461474180222,-0.4674775004386902,-0.5228614211082458,-0.2608277201652527,0.0729232132434845,0.1703522801399231,0.11407646536827087,0.1566385179758072,0.23574566841125488,0.22811047732830048,0.26670536398887634,0.38023287057876587,0.4050044119358063,0.4014546871185303,0.5219411253929138,0.6577779650688171,0.7194387912750244,0.82620769739151,0.9850754141807556,1.0862020254135132,1.1711994409561157,1.3023056983947754,1.3942126035690308,1.421871304512024,1.4927135705947876,1.5958716869354248,1.6184420585632324,1.6240296363830566,1.7167952060699463,1.7598985433578491,1.6720330715179443,1.6390888690948486,1.6721627712249756,1.5798882246017456
-0.5815600156784058,-0.6811699271202087,-0.5480403304100037,-0.28129249811172485,0.016814082860946655,0.10110455006361008,-0.15874986350536346,-0.6254333257675171,-1.085131287574768,-1.3217822313308716,-1.1806496381759644,-0.8025311231613159,-0.5386761426925659,-0.5059236288070679,-0.5088635087013245,-0.4351186752319336,-0.3779680132865906,-0.3478991389274597,-0.25827959179878235,-0.16279202699661255,-0.12136604636907578,-0.02868802845478058,0.13068647682666779,0.2358711063861847,0.32404208183288574,0.47991305589675903,0.6135149002075195,0.6987081170082092,0.8451061248779297,1.0129331350326538,1.0961010456085205,1.1694259643554688,1.3063160181045532,1.413460373878479,1.4527288675308228,1.5260987281799316,1.6355888843536377,1.6671042442321777,1.6549708843231201,1.7125355005264282,1.758277177810669,1.7111555337905884
-0.4750314950942993,-0.7850521802902222,-0.7654699683189392,-0.4932769536972046,-0.24699287116527557,-0.2740478217601776,-0.512013852596283,-0.7690849304199219,-0.9814757108688354,-1.0807993412017822,-0.9878813624382019,-0.8388718962669373,-0.8190870881080627,-0.8559260964393616,-0.80400550365448,-0.7092675566673279,-0.6480193734169006,-0.5731409788131714,-0.47025611996650696,-0.3957480490207672,-0.31475603580474854,-0.17795976996421814,-0.06832781434059143,-0.01196784432977438,0.10372775793075562,0.26362743973731995,0.36095258593559265,0.45846468210220337,0.616614580154419,0.7329232096672058,0.804387092590332,0.9342239499092102,1.0724003314971924,1.1461803913116455,1.2323256731033325,1.3572511672973633,1.4391520023345947,1.4910341501235962,1.5958517789840698,1.7220466136932373,1.7856868505477905,1.8272883892059326
-0.04751380905508995,-0.37523385882377625,-0.5275817513465881,-0.4489104151725769,-0.30532416701316833,-0.289043128490448,-0.37363603711128235,-0.45743975043296814,-0.56575608253479,-0.7184467315673828,-0.8575150370597839,-0.9821419715881348,-1.1013927459716797,-1.1439131498336792,-1.1001477241516113,-1.0582761764526367,-1.033318042755127,-0.9813015460968018,-0.9272179007530212,-0.8894960284233093,-0.8208624124526978,-0.7377982139587402,-0.6969462633132935,-0.6391690969467163,-0.5109418630599976,-0.40032172203063965,-0.3275621235370636,-0.19958625733852386,-0.06162269413471222,0.007303288206458092,0.10896201431751251,0.2728000283241272,0.3674646317958832,0.43000197410583496,0.5818971991539001,0.7331987619400024,0.8078351020812988,0.9164795279502869,1.0782307386398315,1.1928253173828125,1.2821418046951294,1.415911078453064
0.3018753230571747,0.10124677419662476,-0.06732051819562912,-0.13483570516109467,-0.1428499072790146,-0.1935863047838211,-0.31023547053337097,-0.444962739944458,-0.6004965901374817,-0.8062528967857361,-1.0257375240325928,-1.1908237934112549,-1.2749824523925781,-1.308121681213379,-1.3484163284301758,-1.4146337509155273,-1.4713553190231323,-1.5068964958190918,-1.5433316230773926,-1.5713287591934204,-1.5785419940948486,-1.5891246795654297,-1.588502049446106,-1.529910922050476,-1.4538254737854004,-1.415030598640442,-1.346713662147522,-1.2171082496643066,-1.12611722946167,-1.0657662153244019,-0.9288631081581116,-0.7855822443962097,-0.7243847250938416,-0.6238098740577698,-0.44772976636886597,-0.33391353487968445,-0.24619035422801971,-0.07364122569561005,0.08348635584115982,0.169033944606781,0.3067627251148224,0.4880636930465698
0.45460209250450134,0.38288944959640503,0.32028821110725403,0.23679618537425995,0.12013469636440277,-0.041220974177122116,-0.2491530179977417,-0.4458165168762207,-0.5832525491714478,-0.6969578862190247,-0.8183180689811707,-0.9133668541908264,-0.9733009934425354,-1.0538498163223267,-1.1795884370803833,-1.3079510927200317,-1.4128154516220093,-1.512999415397644,-1.6133207082748413,-1.7034034729003906,-1.7932682037353516,-1.8770865201950073,-1.9205315113067627,-1.9346671104431152,-1.9608826637268066,-1.9678655862808228,-1.911406397819519,-1.8552240133285522,-1.8460694551467896,-1.7978240251541138,-1.6889843940734863,-1.6222089529037476,-1.5688797235488892,-1.430346965789795,-1.304895281791687,-1.2670516967773438,-1.1640135049819946,-0.9700836539268494,-0.846760630607605,-0.7499258518218994,-0.5604388117790222,-0.39286577701568604
0.6265769600868225,0.5918357372283936,0.5802692174911499,0.5137230753898621,0.39306846261024475,0.2570008635520935,0.10772279649972916,-0.025198539718985558,-0.09832353889942169,-0.14402085542678833,-0.21375161409378052,-0.2990068197250366,-0.3922472894191742,-0.5152844786643982,-0.6534448862075806,-0.7714171409606934,-0.8791133165359497,-0.998723566532135,-1.1227577924728394,-1.2488658428192139,-1.3774563074111938,-1.4819189310073853,-1.5605734586715698,-1.6517536640167236,-1.738721251487732,-1.766626000404358,-1.7741214036941528,-1.8302630186080933,-1.8755016326904297,-1.8388714790344238,-1.801498293876648,-1.814907193183899,-1.7718782424926758,-1.6623773574829102,-1.6224074363708496,-1.6153820753097534,-1.5020931959152222,-1.3671150207519531,-1.3099486827850342,-1.1995290517807007,-1.005746603012085,-0.8808563947677612
0.7969682216644287,0.747219979763031,0.7125596404075623,0.6504144668579102,0.5860802531242371,0.5473902821540833,0.5022571086883545,0.43462100625038147,0.3642713725566864,0.29060012102127075,0.20887139439582825,0.12919893860816956,0.041268136352300644,-0.06774523109197617,-0.179063081741333,-0.2847934663295746,-0.4061313569545746,-0.5451380014419556,-0.6875108480453491,-0.8304579257965088,-0.9555009603500366,-1.0415719747543335,-1.1186569929122925,-1.213181972503662,-1.2889001369476318,-1.3417927026748657,-1.43077552318573,-1.5327731370925903,-1.555869698524475,-1.5319913625717163,-1.5620111227035522,-1.6049460172653198,-1.5802363157272339,-1.5548310279846191,-1.5772572755813599,-1.5490128993988037,-1.4605810642242432,-1.4335373640060425,-1.4329752922058105,-1.3311024904251099,-1.1950703859329224,-1.1132168769836426
