earth/public/data/atmosphere/C53/ANN-wind-isobaric-10hPa-gfs-1.0.json
{"header": {"discipline": 0, "disciplineName": "Meteorological products", "gribEdition": 2, "gribLength": 17922.0, "center": 0, "centerName": "Kiel Climate Model", "subcenter": 0, "refTime": "1", "significanceOfRT": 1, "significanceOfRTName": "Start of forecast", "productStatus": 0, "productStatusName": "Operational products", "productType": 1, "productTypeName": "Forecast products", "productDefinitionTemplate": 0, "productDefinitionTemplateName": "Analysis/forecast at horizontal level/layer at a point in time", "parameterCategory": 2, "parameterCategoryName": "Momentum", "parameterNumber": 2, "parameterNumberName": "V-component_of_wind", "parameterUnit": "m/s", "genProcessType": 2, "genProcessTypeName": "Forecast", "forecastTime": 0, "surface1Type": 103, "surface1TypeName": "Specified height level above ground", "surface1Value": 10, "surface2Type": 255, "surface2TypeName": "Missing", "surface2Value": 0, "gridDefinitionTemplate": 0, "gridDefinitionTemplateName": "Latitude_Longitude", "numberPoints": 65160, "shape": 6, "shapeName": "Earth spherical with radius of 6,371,229.0 m", "gridUnits": "degrees", "resolution": 48, "winds": "true", "scanMode": 0, "nx": 128.0, "ny": 64.0, "basicAngle": 0, "subDivisions": 0, "lo1": 0.0, "la1": 87.86379883923263, "lo2": 357.1875, "la2": -87.86379883923263, "dx": 2.8125, "dy": 2.7893269472772264}, "data":
[rows 36 to 53 of 64, columns 84 to 125 of 128]
-0.31314390897750854,-0.31679004430770874,-0.31849750876426697,-0.31974974274635315,-0.32157814502716064,-0.32409390807151794,-0.32519885897636414,-0.32200631499290466,-0.3131406605243683,-0.29944974184036255,-0.2818608283996582,-0.2572766840457916,-0.22036445140838623,-0.17290809750556946,-0.12596067786216736,-0.08954689651727676,-0.06610014289617538,-0.054516177624464035,-0.05275561660528183,-0.05500059202313423,-0.0520876906812191,-0.03592008724808693,-0.002584618516266346,0.04715282469987869,0.10892122238874435,0.1752980798482895,0.23362469673156738,0.267141729593277,0.2648114264011383,0.22769737243652344,0.16272930800914764,0.07919669151306152,-0.0031486847437918186,-0.05544625222682953,-0.06092364713549614,-0.02928190305829048,0.014926468953490257,0.04948966205120087,0.05859051272273064,0.03583040460944176,-0.006542746908962727,-0.042110174894332886
-0.4232289493083954,-0.43320390582084656,-0.43968403339385986,-0.4455956816673279,-0.45331621170043945,-0.4620266556739807,-0.46765491366386414,-0.46738219261169434,-0.4614720642566681,-0.4502795338630676,-0.4319464862346649,-0.4032738208770752,-0.3625379204750061,-0.31268513202667236,-0.2614983022212982,-0.21769092977046967,-0.1871570646762848,-0.1715182363986969,-0.1679125726222992,-0.16909605264663696,-0.16480395197868347,-0.1443977653980255,-0.10088092088699341,-0.03422870486974716,0.049204323440790176,0.14005759358406067,0.22578777372837067,0.28812655806541443,0.30877870321273804,0.2819148898124695,0.21685773134231567,0.1296207755804062,0.04073254019021988,-0.02204577811062336,-0.035523053258657455,0.00041953183244913816,0.0632186084985733,0.12257713079452515,0.15044629573822021,0.13160249590873718,0.07856986671686172,0.026449400931596756
-0.5213288068771362,-0.5363572239875793,-0.5473247170448303,-0.5582602024078369,-0.5714392066001892,-0.5851470828056335,-0.5956815481185913,-0.601117730140686,-0.6011728644371033,-0.5942820310592651,-0.5775994658470154,-0.5493024587631226,-0.5094687938690186,-0.4601741135120392,-0.40674713253974915,-0.35789304971694946,-0.32188475131988525,-0.3014949560165405,-0.2930055558681488,-0.28924304246902466,-0.2813647389411926,-0.2588304281234741,-0.21161425113677979,-0.13597644865512848,-0.03814278170466423,0.06981894373893738,0.17538729310035706,0.26341065764427185,0.31429383158683777,0.31506216526031494,0.27123913168907166,0.20158246159553528,0.12719474732875824,0.07100832462310791,0.05518556386232376,0.08712597191333771,0.15196575224399567,0.22106081247329712,0.26433342695236206,0.2630690634250641,0.2227967530488968,0.17125734686851501
-0.5978107452392578,-0.6152054667472839,-0.6292914748191833,-0.6435801982879639,-0.6595544219017029,-0.6763419508934021,-0.692011296749115,-0.7045856714248657,-0.7114360332489014,-0.7092579007148743,-0.6956413388252258,-0.6701610088348389,-0.6337631940841675,-0.5885093212127686,-0.5385857820510864,-0.4909225404262543,-0.45289692282676697,-0.4281039237976074,-0.41439196467399597,-0.4057339131832123,-0.3944551348686218,-0.3712761104106903,-0.3256870210170746,-0.25089049339294434,-0.15044929087162018,-0.03671528026461601,0.07787620276212692,0.18243156373500824,0.2615697383880615,0.2997700273990631,0.295205295085907,0.2616833746433258,0.21758311986923218,0.18110129237174988,0.17045004665851593,0.19623881578445435,0.2520250678062439,0.316947340965271,0.3670000433921814,0.38605257868766785,0.3725756108760834,0.33937957882881165
-0.6478339433670044,-0.6663655042648315,-0.6816900372505188,-0.6963056325912476,-0.7122305035591125,-0.7303460240364075,-0.7497763633728027,-0.7676575183868408,-0.7799239158630371,-0.7827578186988831,-0.7735471129417419,-0.7515143752098083,-0.7186539769172668,-0.6792322397232056,-0.6373472809791565,-0.5962302684783936,-0.5599600076675415,-0.5329605937004089,-0.5161975622177124,-0.5050773024559021,-0.492116779088974,-0.4696395695209503,-0.4295162558555603,-0.36475399136543274,-0.2753298878669739,-0.16984669864177704,-0.05835142359137535,0.05178885906934738,0.15038129687309265,0.2228451818227768,0.260868638753891,0.269883930683136,0.26326775550842285,0.2548581063747406,0.25782471895217896,0.28233602643013,0.32872653007507324,0.38518527150154114,0.4353111982345581,0.4678732454776764,0.4789566397666931,0.4692672789096832
-0.665657639503479,-0.6857836842536926,-0.7011446952819824,-0.7144017219543457,-0.7291883230209351,-0.7475299835205078,-0.7683550119400024,-0.7885857820510864,-0.8045269846916199,-0.8123514652252197,-0.8082781434059143,-0.7904617190361023,-0.7616358399391174,-0.7278487682342529,-0.6934571266174316,-0.6596212387084961,-0.6281159520149231,-0.6028653383255005,-0.5858249664306641,-0.573838472366333,-0.5609384179115295,-0.5414040684700012,-0.5096349716186523,-0.46018511056900024,-0.39142903685569763,-0.30735865235328674,-0.2129475623369217,-0.11072365939617157,-0.0059510194696486,0.08856263756752014,0.15946167707443237,0.2039663940668106,0.23016013205051422,0.24823619425296783,0.26646342873573303,0.29321810603141785,0.33459463715553284,0.38737326860427856,0.43982627987861633,0.48181265592575073,0.508924663066864,0.5173880457878113
-0.640048086643219,-0.6626666784286499,-0.6790633201599121,-0.6925721168518066,-0.707456648349762,-0.7256109118461609,-0.7464151978492737,-0.7680367827415466,-0.7871344685554504,-0.7989456653594971,-0.7991325855255127,-0.7863842844963074,-0.7635607719421387,-0.7357249855995178,-0.70680832862854,-0.6788322925567627,-0.6534526348114014,-0.6323606371879578,-0.6161326766014099,-0.6038309335708618,-0.5929923057556152,-0.5793232917785645,-0.5573258399963379,-0.5231916904449463,-0.47697997093200684,-0.4209403097629547,-0.35485443472862244,-0.27488237619400024,-0.18050067126750946,-0.0820687860250473,0.00347108393907547,0.0668286383152008,0.11216644942760468,0.14767630398273468,0.17696179449558258,0.20396485924720764,0.2380066215991974,0.2853108048439026,0.34012362360954285,0.390686959028244,0.42953047156333923,0.4521237313747406
-0.5581000447273254,-0.584121584892273,-0.6044673323631287,-0.6219719052314758,-0.6393156051635742,-0.6577714681625366,-0.6786143183708191,-0.7020308375358582,-0.7243488430976868,-0.7394214868545532,-0.743535578250885,-0.7371491193771362,-0.7225939631462097,-0.7022073268890381,-0.6790335178375244,-0.6567431688308716,-0.6372522711753845,-0.6199277639389038,-0.6044571399688721,-0.5928022265434265,-0.5857478976249695,-0.5791318416595459,-0.5666937232017517,-0.5459843873977661,-0.519459068775177,-0.48955708742141724,-0.4537155032157898,-0.40413662791252136,-0.3349713981151581,-0.2523198425769806,-0.1738336980342865,-0.11312530189752579,-0.06760863959789276,-0.027733951807022095,0.0072309523820877075,0.03261781111359596,0.0537441186606884,0.08480164408683777,0.13149791955947876,0.18473665416240692,0.23208843171596527,0.26647084951400757
-0.4147326648235321,-0.4444226026535034,-0.4707137942314148,-0.4948636591434479,-0.5171144604682922,-0.5380058288574219,-0.5601509213447571,-0.5851223468780518,-0.6096364259719849,-0.6280772089958191,-0.6379809379577637,-0.6402925252914429,-0.6356374025344849,-0.6242627501487732,-0.6088303327560425,-0.5935179591178894,-0.5796737670898438,-0.5658019781112671,-0.5524132251739502,-0.5431997776031494,-0.5397824048995972,-0.5384780168533325,-0.5345706343650818,-0.5270960927009583,-0.5179085731506348,-0.5084651708602905,-0.49714985489845276,-0.4770466983318329,-0.4388553500175476,-0.3830054700374603,-0.32628750801086426,-0.2867789566516876,-0.2630488872528076,-0.239113450050354,-0.20994016528129578,-0.18759946525096893,-0.17857502400875092,-0.16931629180908203,-0.14265960454940796,-0.09879811108112335,-0.05177641659975052,-0.012801911681890488
-0.21560361981391907,-0.24739767611026764,-0.2785893380641937,-0.3090790808200836,-0.3376964032649994,-0.3638555705547333,-0.38916876912117004,-0.4149998724460602,-0.43996307253837585,-0.4615970551967621,-0.47899362444877625,-0.4917477071285248,-0.4982741177082062,-0.4979346692562103,-0.49325811862945557,-0.48740285634994507,-0.4806666970252991,-0.4721756875514984,-0.4637173116207123,-0.45861732959747314,-0.4576105773448944,-0.4590262770652771,-0.4622930884361267,-0.4676892161369324,-0.47412338852882385,-0.4810899794101715,-0.4894939064979553,-0.4948647916316986,-0.48460936546325684,-0.4533241391181946,-0.4186042249202728,-0.4067971706390381,-0.4206245541572571,-0.43521881103515625,-0.4317707121372223,-0.4205632507801056,-0.4207250773906708,-0.42975980043411255,-0.4278312027454376,-0.4052794277667999,-0.3716793656349182,-0.33950141072273254
0.027202168479561806,-0.003423636080697179,-0.03613686561584473,-0.07015897333621979,-0.10390859097242355,-0.13568082451820374,-0.1648196429014206,-0.19158628582954407,-0.21663694083690643,-0.24101753532886505,-0.26519742608070374,-0.28769558668136597,-0.30586740374565125,-0.318903386592865,-0.32832661271095276,-0.3351380228996277,-0.3386010527610779,-0.33890265226364136,-0.3384719491004944,-0.3392411172389984,-0.34111297130584717,-0.3449079990386963,-0.3537040054798126,-0.36848151683807373,-0.38667216897010803,-0.4080432057380676,-0.4357326030731201,-0.4649879038333893,-0.47814035415649414,-0.46479806303977966,-0.44488075375556946,-0.4547421336174011,-0.5049331784248352,-0.5656412839889526,-0.6028170585632324,-0.616232693195343,-0.6299487948417664,-0.6547431349754333,-0.6771753430366516,-0.6827760934829712,-0.673748791217804,-0.6596492528915405
0.2998902499675751,0.2741927206516266,0.2438647598028183,0.2103317379951477,0.17538635432720184,0.14125528931617737,0.10981385409832001,0.08151531219482422,0.05488261952996254,0.027565117925405502,-0.0015296271303668618,-0.031157514080405235,-0.0594804622232914,-0.08584888279438019,-0.110244520008564,-0.13150368630886078,-0.14821630716323853,-0.1610741913318634,-0.17217597365379333,-0.18217630684375763,-0.19067208468914032,-0.1997280716896057,-0.2133481502532959,-0.23310911655426025,-0.2583125829696655,-0.291808545589447,-0.337933748960495,-0.3892218768596649,-0.4234045147895813,-0.42700836062431335,-0.42016008496284485,-0.44368770718574524,-0.5150868892669678,-0.6079935431480408,-0.6827810406684875,-0.7286331057548523,-0.7649047374725342,-0.8082059025764465,-0.8533580303192139,-0.8874045610427856,-0.9078681468963623,-0.9200730323791504
0.5909492373466492,0.5737423896789551,0.549757719039917,0.520959198474884,0.4893755316734314,0.457074910402298,0.425761342048645,0.39588645100593567,0.36641478538513184,0.33566874265670776,0.3028212785720825,0.26819634437561035,0.23234102129936218,0.19555827975273132,0.15879273414611816,0.1240069791674614,0.09261109679937363,0.06424683332443237,0.03804861754179001,0.014490164816379547,-0.005816510412842035,-0.024550653994083405,-0.044924911111593246,-0.06906288117170334,-0.09950479865074158,-0.14225615561008453,-0.2017248421907425,-0.2689407169818878,-0.3217082619667053,-0.34637224674224854,-0.3589867949485779,-0.3949689567089081,-0.4733160138130188,-0.5769805908203125,-0.6732516288757324,-0.7475982308387756,-0.8102642297744751,-0.8745320439338684,-0.9397322535514832,-0.9976543188095093,-1.0455676317214966,-1.0859127044677734
0.8933596014976501,0.8877009153366089,0.8739470839500427,0.8538759350776672,0.8293231129646301,0.8018951416015625,0.7727556228637695,0.742359459400177,0.7104146480560303,0.6763262152671814,0.6396875977516174,0.6004052758216858,0.5583999752998352,0.5139166712760925,0.4678718149662018,0.4217054545879364,0.3763463497161865,0.332022100687027,0.2893119752407074,0.2496408373117447,0.2140161246061325,0.1816471517086029,0.150546595454216,0.11825145781040192,0.08044710010290146,0.030251361429691315,-0.036238182336091995,-0.11165443807840347,-0.17899923026561737,-0.22729602456092834,-0.2659095227718353,-0.3182802200317383,-0.39917275309562683,-0.5007966756820679,-0.6032920479774475,-0.6950656175613403,-0.7790652513504028,-0.8617236018180847,-0.9429051876068115,-1.0184663534164429,-1.0872048139572144,-1.1502550840377808
1.2019859552383423,1.2101106643676758,1.209449052810669,1.2010631561279297,1.1860696077346802,1.1654919385910034,1.1402368545532227,1.1108945608139038,1.0777753591537476,1.0409107208251953,1.0002535581588745,0.9558197855949402,0.9077109098434448,0.8563754558563232,0.8024643063545227,0.7465858459472656,0.6891526579856873,0.6307641863822937,0.5727630853652954,0.5170025825500488,0.4648532271385193,0.4163581430912018,0.37055352330207825,0.32533806562423706,0.27656951546669006,0.21854229271411896,0.14800304174423218,0.06893566250801086,-0.008744289167225361,-0.0779721811413765,-0.14234669506549835,-0.21346209943294525,-0.29964494705200195,-0.3984585404396057,-0.5007784962654114,-0.6001589894294739,-0.6962776184082031,-0.790685772895813,-0.8824273347854614,-0.9692554473876953,-1.0506800413131714,-1.1271696090698242
1.509643793106079,1.5331519842147827,1.546881914138794,1.5513325929641724,1.5469847917556763,1.5343899726867676,1.5142656564712524,1.4873908758163452,1.45439875125885,1.4157365560531616,1.3716357946395874,1.322403073310852,1.2684825658798218,1.2104692459106445,1.1488780975341797,1.0839741230010986,1.0160034894943237,0.9456271529197693,0.8742190599441528,0.8035517930984497,0.735135018825531,0.6696532368659973,0.6069906949996948,0.5457924604415894,0.4831673502922058,0.41524648666381836,0.3395047187805176,0.25705814361572266,0.17216016352176666,0.08828064799308777,0.004671348724514246,-0.08283799886703491,-0.1773822009563446,-0.2780841886997223,-0.3812648355960846,-0.4839251637458801,-0.5851681232452393,-0.6846671104431152,-0.7811539769172668,-0.8729923367500305,-0.9594761729240417,-1.0404958724975586
1.8042569160461426,1.8446029424667358,1.8733044862747192,1.8907204866409302,1.8971458673477173,1.893018126487732,1.8789572715759277,1.8558443784713745,1.824463129043579,1.7854787111282349,1.7393498420715332,1.6865208148956299,1.6275544166564941,1.5631036758422852,1.4937564134597778,1.4199416637420654,1.342110276222229,1.2609832286834717,1.1777199506759644,1.0938215255737305,1.010631799697876,0.9291996359825134,0.8498422503471375,0.7719959616661072,0.6940611004829407,0.613876223564148,0.5298312306404114,0.441782683134079,0.3508290648460388,0.2580156624317169,0.16305553913116455,0.06482496112585068,-0.0372701957821846,-0.14225229620933533,-0.24811317026615143,-0.35308846831321716,-0.4562412202358246,-0.5568837523460388,-0.6539270877838135,-0.7460197806358337,-0.8321089744567871,-0.9115415215492249
2.067006826400757,2.125614881515503,2.170187473297119,2.201174020767212,2.2190098762512207,2.2242271900177,2.2175281047821045,2.199770212173462,2.1717751026153564,2.1342170238494873,2.087634801864624,2.0325446128845215,1.9695583581924438,1.8994344472885132,1.8229804039001465,1.7410094738006592,1.6542901992797852,1.5637069940567017,1.4703041315078735,1.3752318620681763,1.2796872854232788,1.1846013069152832,1.0905016660690308,0.9973233938217163,0.9044719934463501,0.8110994696617126,0.7165206074714661,0.620526134967804,0.5231359004974365,0.42430880665779114,0.32357290387153625,0.2204548567533493,0.11501508206129074,0.008177205920219421,-0.09857895970344543,-0.20387375354766846,-0.3066774308681488,-0.40616440773010254,-0.501345694065094,-0.590949296951294,-0.6736817359924316,-0.7484815120697021
