earth/public/data/atmosphere/C53/ANN-temp-isobaric-250hPa-gfs-1.0.json
{"header": {"discipline": 0, "disciplineName": "Meteorological products", "gribEdition": 2, "gribLength": 17922.0, "center": 0, "centerName": "Kiel Climate Model", "subcenter": 0, "refTime": "1", "significanceOfRT": 1, "significanceOfRTName": "Start of forecast", "productStatus": 0, "productStatusName": "Operational products", "productType": 1, "productTypeName": "Forecast products", "productDefinitionTemplate": 0, "productDefinitionTemplateName": "Analysis/forecast at horizontal level/layer at a point in time", "parameterCategory": 2, "parameterCategoryName": "Momentum", "parameterNumber": 2, "parameterNumberName": "U-component_of_wind", "parameterUnit": "K", "genProcessType": 2, "genProcessTypeName": "Forecast", "forecastTime": 0, "surface1Type": 103, "surface1TypeName": "Specified height level above ground", "surface1Value": 10, "surface2Type": 255, "surface2TypeName": "Missing", "surface2Value": 0, "gridDefinitionTemplate": 0, "gridDefinitionTemplateName": "Latitude_Longitude", "numberPoints": 65160, "shape": 6, "shapeName": "Earth spherical with radius of 6,371,229.0 m", "gridUnits": "degrees", "resolution": 48, "winds": "true", "scanMode": 0, "nx": 128.0, "ny": 64.0, "basicAngle": 0, "subDivisions": 0, "lo1": 0.0, "la1": 87.86379883923263, "lo2": 357.1875, "la2": -87.86379883923263, "dx": 2.8125, "dy": 2.7893269472772264}, "data":
[rows 38 to 56 of 64, columns 0 to 43 of 128]
243.39935302734375,243.5242462158203,243.64743041992188,243.77186584472656,243.91519165039062,244.0699920654297,244.2144012451172,244.33485412597656,244.43203735351562,244.53591918945312,244.6950225830078,244.91131591796875,245.12066650390625,245.27268981933594,245.38304138183594,245.48736572265625,245.5968017578125,245.70834350585938,245.81700134277344,245.917724609375,246.01361083984375,246.1122589111328,246.2146453857422,246.31910705566406,246.42709350585938,246.5391082763672,246.65338134765625,246.76663208007812,246.87527465820312,246.97901916503906,247.0780792236328,247.16864013671875,247.2501220703125,247.32676696777344,247.39495849609375,247.44764709472656,247.48924255371094,247.5252227783203,247.5489501953125,247.5552520751953,247.54837036132812,247.5299072265625,247.49871826171875,247.45855712890625
242.2642822265625,242.40455627441406,242.5264129638672,242.6507110595703,242.8057098388672,242.98268127441406,243.15841674804688,243.30235290527344,243.4022979736328,243.5099334716797,243.6927947998047,243.935546875,244.15977478027344,244.32725524902344,244.45899963378906,244.5801239013672,244.69972229003906,244.8197784423828,244.9334259033203,245.0333251953125,245.1260528564453,245.22215270996094,245.32289123535156,245.42613220214844,245.5321807861328,245.64198303222656,245.75613403320312,245.871826171875,245.98416137695312,246.09344482421875,246.2013702392578,246.30291748046875,246.39556884765625,246.4846954345703,246.569091796875,246.63919067382812,246.69268798828125,246.73338317871094,246.7598876953125,246.7698974609375,246.76486206054688,246.7448272705078,246.71018981933594,246.66404724121094
240.82308959960938,240.95668029785156,241.06602478027344,241.18145751953125,241.33177185058594,241.51071166992188,241.70692443847656,241.89495849609375,242.052734375,242.2149658203125,242.42922973632812,242.66949462890625,242.87542724609375,243.04087829589844,243.19500732421875,243.34503173828125,243.4860076904297,243.6204071044922,243.7454071044922,243.85494995117188,243.95399475097656,244.04953002929688,244.14231872558594,244.23497009277344,244.33116149902344,244.43020629882812,244.53237915039062,244.63922119140625,244.7475128173828,244.85450744628906,244.96189880371094,245.0680389404297,245.1680145263672,245.26181030273438,245.35067749023438,245.43023681640625,245.49476623535156,245.5424346923828,245.573974609375,245.59027099609375,245.590087890625,245.5704345703125,245.5321502685547,245.47935485839844
239.11273193359375,239.21633911132812,239.30416870117188,239.404052734375,239.53736877441406,239.69903564453125,239.8883514404297,240.0973358154297,240.30918884277344,240.53118896484375,240.7720947265625,241.0021209716797,241.19454956054688,241.36990356445312,241.55209350585938,241.73074340820312,241.8936004638672,242.04515075683594,242.1850128173828,242.3079833984375,242.4175262451172,242.5162353515625,242.60182189941406,242.67990112304688,242.75901794433594,242.83819580078125,242.91632080078125,242.99954223632812,243.0895538330078,243.18136596679688,243.27456665039062,243.37124633789062,243.4668426513672,243.55506896972656,243.63619995117188,243.7117462158203,243.77780151367188,243.82888793945312,243.8636932373047,243.8823699951172,243.88174438476562,243.85874938964844,243.81564331054688,243.75686645507812
237.19149780273438,237.25271606445312,237.31900024414062,237.4056396484375,237.52133178710938,237.65834045410156,237.81602478027344,237.99940490722656,238.20973205566406,238.4457550048828,238.6912078857422,238.91635131835938,239.1162109375,239.315673828125,239.5223846435547,239.71713256835938,239.8926544189453,240.05674743652344,240.20574951171875,240.3318328857422,240.4398956298828,240.5338897705078,240.6097869873047,240.67172241210938,240.73007202148438,240.7852020263672,240.83441162109375,240.88470458984375,240.94224548339844,241.00355529785156,241.0669708251953,241.1365203857422,241.21080017089844,241.282470703125,241.348876953125,241.411376953125,241.46673583984375,241.5089874267578,241.5361328125,241.54800415039062,241.54159545898438,241.5146026611328,241.46878051757812,241.40582275390625
235.1096954345703,235.1281280517578,235.17050170898438,235.2379608154297,235.3311309814453,235.44482421875,235.57435607910156,235.72247314453125,235.899169921875,236.1083221435547,236.33206176757812,236.54571533203125,236.74896240234375,236.95648193359375,237.16294860839844,237.350341796875,237.51956176757812,237.68016052246094,237.8244171142578,237.9409637451172,238.03416442871094,238.11036682128906,238.16693115234375,238.20657348632812,238.23922729492188,238.26702880859375,238.28695678710938,238.3040313720703,238.3260498046875,238.35311889648438,238.38381958007812,238.42115783691406,238.46572875976562,238.51271057128906,238.55885314941406,238.6031951904297,238.64149475097656,238.66818237304688,238.68223571777344,238.68423461914062,238.67184448242188,238.6425018310547,238.59619140625,238.53237915039062
232.90602111816406,232.88734436035156,232.89881896972656,232.9341583251953,232.99453735351562,233.08485412597656,233.20016479492188,233.33045959472656,233.47671508789062,233.6460723876953,233.83287048339844,234.02291870117188,234.2136993408203,234.40866088867188,234.59747314453125,234.76524353027344,234.9137420654297,235.05133056640625,235.1735382080078,235.27122497558594,235.34503173828125,235.39810180664062,235.42938232421875,235.44253540039062,235.4468536376953,235.44578552246094,235.43763732910156,235.42623901367188,235.41909790039062,235.41873168945312,235.4245147705078,235.43746948242188,235.45748901367188,235.48159790039062,235.5078582763672,235.535400390625,235.56045532226562,235.57781982421875,235.58583068847656,235.58424377441406,235.5702667236328,235.54083251953125,235.49603271484375,235.4367218017578
230.60745239257812,230.56063842773438,230.5462188720703,230.55621337890625,230.59083557128906,230.65953063964844,230.75927734375,230.87255859375,230.9908447265625,231.12237548828125,231.27365112304688,231.4392547607422,231.61276245117188,231.790771484375,231.96397399902344,232.11895751953125,232.2505340576172,232.36209106445312,232.45584106445312,232.5303955078125,232.58392333984375,232.6142120361328,232.62088012695312,232.60989379882812,232.58982849121094,232.56402587890625,232.53253173828125,232.49917602539062,232.46990966796875,232.44740295410156,232.43228149414062,232.4261932373047,232.4295196533203,232.43966674804688,232.454345703125,232.4726104736328,232.4918212890625,232.50770568847656,232.5177001953125,232.5203094482422,232.5121612548828,232.48977661132812,232.45339965820312,232.4054412841797
228.23333740234375,228.1720428466797,228.14939880371094,228.15696716308594,228.18714904785156,228.24281311035156,228.32223510742188,228.41281127929688,228.50823974609375,228.6180877685547,228.75164794921875,228.90353393554688,229.06182861328125,229.22067260742188,229.37677001953125,229.52174377441406,229.6454315185547,229.7442626953125,229.8214111328125,229.87957763671875,229.91624450683594,229.92697143554688,229.91268920898438,229.88131713867188,229.84083557128906,229.79428100585938,229.74343872070312,229.6927947998047,229.646728515625,229.6064910888672,229.57333374023438,229.5510711669922,229.5420379638672,229.54415893554688,229.5535888671875,229.56784057617188,229.58465576171875,229.60092163085938,229.61444091796875,229.62400817871094,229.62710571289062,229.6198272705078,229.60052490234375,229.57015991210938
225.8542022705078,225.79457092285156,225.77459716796875,225.78639221191406,225.81707763671875,225.86349487304688,225.92596435546875,226.00100708007812,226.0884246826172,226.1964569091797,226.33026123046875,226.48033142089844,226.63059997558594,226.77330017089844,226.90956115722656,227.03814697265625,227.1519012451172,227.24485778808594,227.31680297851562,227.3683319091797,227.3958740234375,227.39547729492188,227.36953735351562,227.32614135742188,227.27218627929688,227.2108154296875,227.14576721191406,227.08309936523438,227.02716064453125,226.97837829589844,226.93695068359375,226.90585327148438,226.8877410888672,226.88157653808594,226.88441467285156,226.8941650390625,226.90914916992188,226.92669677734375,226.9441375732422,226.9603729248047,226.97433471679688,226.9833221435547,226.98406982421875,226.9748077392578
223.6163330078125,223.57081604003906,223.554443359375,223.5613555908203,223.58255004882812,223.6165008544922,223.66549682617188,223.72903442382812,223.80728149414062,223.90573120117188,224.02865600585938,224.1698455810547,224.31491088867188,224.45252990722656,224.57923889160156,224.6942138671875,224.79476928710938,224.8780517578125,224.94305419921875,224.98846435546875,225.01101684570312,225.00897216796875,224.98574829101562,224.94769287109375,224.89892578125,224.84132385253906,224.77862548828125,224.71746826171875,224.66305541992188,224.6163787841797,224.57659912109375,224.54420471191406,224.52035522460938,224.50547790527344,224.49969482421875,224.50376892089844,224.51751708984375,224.53802490234375,224.56106567382812,224.5841522216797,224.60687255859375,224.62869262695312,224.64712524414062,224.65890502929688
221.6542510986328,221.6275634765625,221.61744689941406,221.62057495117188,221.63455200195312,221.66110229492188,221.70068359375,221.74862670898438,221.80078125,221.86114501953125,221.93948364257812,222.04110717773438,222.160888671875,222.28712463378906,222.40869140625,222.51829528808594,222.6121368408203,222.68865966796875,222.74717712402344,222.78660583496094,222.8061981201172,222.80767822265625,222.79580688476562,222.7751007080078,222.7469024658203,222.71066284179688,222.66793823242188,222.62330627441406,222.5813446044922,222.54379272460938,222.5104217529297,222.481201171875,222.4571075439453,222.4394989013672,222.43031311035156,222.43173217773438,222.4447021484375,222.46714782714844,222.4950408935547,222.52505493164062,222.55612182617188,222.5881805419922,222.61990356445312,222.64840698242188
220.01475524902344,220.00393676757812,220.00279235839844,220.01022338867188,220.0272674560547,220.05538940429688,220.09121704101562,220.1254425048828,220.15032958984375,220.1685791015625,220.19363403320312,220.23995971679688,220.3130340576172,220.4073944091797,220.51141357421875,220.61378479003906,220.70643615722656,220.7842254638672,220.84381103515625,220.88348388671875,220.90411376953125,220.90972900390625,220.9058380126953,220.89642333984375,220.8822784423828,220.86273193359375,220.8383331298828,220.81141662597656,220.7843475341797,220.75819396972656,220.7333526611328,220.7109832763672,220.69293212890625,220.6808624267578,220.67587280273438,220.67919921875,220.69178771972656,220.7138214111328,220.743896484375,220.77963256835938,220.81857299804688,220.8588104248047,220.89891052246094,220.93760681152344
218.67442321777344,218.6732635498047,218.6779022216797,218.68882751464844,218.70765686035156,218.734619140625,218.76528930664062,218.7908477783203,218.8040313720703,218.805908203125,218.80712890625,218.82192993164062,218.8599853515625,218.92227172851562,219.00234985351562,219.09043884277344,219.17662048339844,219.25241088867188,219.3117218017578,219.35165405273438,219.37310791015625,219.37982177734375,219.37646484375,219.3665771484375,219.35226440429688,219.3351287841797,219.3170928955078,219.2996826171875,219.2830810546875,219.2664031982422,219.24942016601562,219.233642578125,219.2216339111328,219.21514892578125,219.21458435058594,219.21974182128906,219.2314910888672,219.251708984375,219.28167724609375,219.3203887939453,219.36465454101562,219.4105987548828,219.45584106445312,219.5002899169922
217.5781707763672,217.5831756591797,217.59121704101562,217.6031494140625,217.61968994140625,217.64035034179688,217.6622314453125,217.68048095703125,217.69131469726562,217.69549560546875,217.69911193847656,217.71116638183594,217.7390594482422,217.78538513183594,217.84739685058594,217.91818237304688,217.98922729492188,218.0524444580078,218.10208129882812,218.13575744628906,218.15419006347656,218.15994262695312,218.1559600830078,218.14498901367188,218.1298065185547,218.113525390625,218.09889221191406,218.08700561523438,218.0767059326172,218.06585693359375,218.05352783203125,218.0411834716797,218.0316925048828,218.02719116210938,218.02796936035156,218.03343200683594,218.04396057128906,218.06158447265625,218.08860778808594,218.12542724609375,218.16958618164062,218.21710205078125,218.2648162841797,218.31211853027344
216.6719512939453,216.68173217773438,216.69436645507812,216.7100372314453,216.7281494140625,216.74729919433594,216.76539611816406,216.7803192138672,216.7909698486328,216.79852294921875,216.80665588378906,216.8203887939453,216.8441162109375,216.8797149658203,216.92576599121094,216.97787475585938,217.03009033203125,217.07676696777344,217.11402893066406,217.14036560058594,217.15623474121094,217.16311645507812,217.16261291503906,217.1565399169922,217.1471405029297,217.13694763183594,217.12786865234375,217.12039184570312,217.1134033203125,217.10556030273438,217.09686279296875,217.08920288085938,217.08526611328125,217.08665466308594,217.0929718017578,217.10267639160156,217.11495971679688,217.13095092773438,217.15298461914062,217.1829071044922,217.22044372558594,217.26316833496094,217.3080291748047,217.35296630859375
215.93386840820312,215.9454803466797,215.96063232421875,215.9792022705078,216.0001678466797,216.02186584472656,216.0424346923828,216.06024169921875,216.07461547851562,216.086181640625,216.09690856933594,216.10960388183594,216.12692260742188,216.15042114257812,216.17979431152344,216.21304321289062,216.2470245361328,216.2784881591797,216.3050537109375,216.32550048828125,216.3397216796875,216.34828186035156,216.35194396972656,216.35174560546875,216.348876953125,216.34454345703125,216.339599609375,216.33428955078125,216.32862854003906,216.32313537597656,216.3193359375,216.31944274902344,216.32528686523438,216.33705139160156,216.35287475585938,216.3700408935547,216.38661193847656,216.4027862548828,216.42074584960938,216.4432830810547,216.47190856933594,216.506103515625,216.54348754882812,216.58143615722656
215.3575439453125,215.3692626953125,215.3837890625,215.40103149414062,215.4204864501953,215.44129943847656,215.46234130859375,215.482421875,215.500732421875,215.5168914794922,215.53128051757812,215.54489135742188,215.5588836669922,215.57424926757812,215.5913848876953,215.6097869873047,215.62850952148438,215.64617919921875,215.66171264648438,215.6744384765625,215.68417358398438,215.69114685058594,215.6957550048828,215.69847106933594,215.69964599609375,215.6995086669922,215.6981201171875,215.69577026367188,215.69305419921875,215.6913299560547,215.69244384765625,215.6981658935547,215.70938110351562,215.7253875732422,215.74407958984375,215.76295471191406,215.7802734375,215.79612731933594,215.81227111816406,215.83119201660156,215.8546600341797,215.88275146484375,215.91390991210938,215.94577026367188
214.91067504882812,214.92332458496094,214.93783569335938,214.95370483398438,214.970458984375,214.98764038085938,215.0047149658203,215.0211944580078,215.03656005859375,215.05055236816406,215.06304931640625,215.07423400878906,215.08450317382812,215.09425354003906,215.103759765625,215.11309814453125,215.12208557128906,215.13038635253906,215.13778686523438,215.14414978027344,215.14962768554688,215.15451049804688,215.1591033935547,215.16360473632812,215.16806030273438,215.17222595214844,215.1759033203125,215.17904663085938,215.18199157714844,215.185546875,215.1907196044922,215.19842529296875,215.20896911621094,215.22193908691406,215.23629760742188,215.25096130371094,215.2654266357422,215.2800750732422,215.2960662841797,215.3147735595703,215.33709716796875,215.36282348632812,215.3907928466797,215.41928100585938
