earth/public/data/atmosphere/C53/ANN-slp-surface-level-gfs-1.0.json
{"header": {"discipline": 0, "disciplineName": "Meteorological products", "gribEdition": 2, "gribLength": 17922.0, "center": 0, "centerName": "Kiel Climate Model", "subcenter": 0, "refTime": "1", "significanceOfRT": 1, "significanceOfRTName": "Start of forecast", "productStatus": 0, "productStatusName": "Operational products", "productType": 1, "productTypeName": "Forecast products", "productDefinitionTemplate": 0, "productDefinitionTemplateName": "Analysis/forecast at horizontal level/layer at a point in time", "parameterCategory": 2, "parameterCategoryName": "Momentum", "parameterNumber": 2, "parameterNumberName": "U-component_of_wind", "parameterUnit": "Pa", "genProcessType": 2, "genProcessTypeName": "Forecast", "forecastTime": 0, "surface1Type": 103, "surface1TypeName": "Specified height level above ground", "surface1Value": 10, "surface2Type": 255, "surface2TypeName": "Missing", "surface2Value": 0, "gridDefinitionTemplate": 0, "gridDefinitionTemplateName": "Latitude_Longitude", "numberPoints": 65160, "shape": 6, "shapeName": "Earth spherical with radius of 6,371,229.0 m", "gridUnits": "degrees", "resolution": 48, "winds": "true", "scanMode": 0, "nx": 128.0, "ny": 64.0, "basicAngle": 0, "subDivisions": 0, "lo1": 0.0, "la1": 87.86379883923263, "lo2": 357.1875, "la2": -87.86379883923263, "dx": 2.8125, "dy": 2.7893269472772264}, "data":
[rows 0 to 22 of 64, columns 52 to 103 of 128]
97803.734375,97803.2265625,97802.3359375,97801.0625,97798.7890625,97796.7421875,97794.3515625,97791.65625,97788.734375,97785.671875,97781.953125,97778.328125,97774.328125,97770.7265625,97766.4765625,97761.7734375,97757.4296875,97753.0390625,97748.8203125,97744.3671875,97739.875,97735.5546875,97730.9609375,97726.2578125,97722.203125,97718.296875,97714.0234375,97710.0546875,97706.4296875,97702.5390625,97698.984375,97695.703125,97692.65625,97689.7421875,97686.8515625,97683.8828125,97681.3125,97679.0078125,97676.84375,97674.6796875,97672.3828125,97670.453125,97668.765625,97666.625,97665.1484375,97663.0546875,97661.4921875,97659.8125,97657.984375,97656.6015625,97655.0546875,97653.3515625
97946.109375,97942.3046875,97936.734375,97929.5546875,97921.4140625,97911.578125,97901.0546875,97888.9375,97876.765625,97863.6640625,97850.734375,97837.4453125,97823.5390625,97809.734375,97795.8984375,97782.3203125,97768.4453125,97754.671875,97740.46875,97726.6875,97712.4375,97698.59375,97684.6640625,97670.484375,97656.1796875,97642.6875,97628.6484375,97615.3515625,97602.421875,97589.71875,97577.9765625,97567.09375,97556.765625,97547.78125,97539.09375,97532.0703125,97525.75,97520.5234375,97516.2890625,97512.6015625,97510.3984375,97507.8359375,97506.359375,97505.8203125,97504.484375,97503.8671875,97502.625,97501.375,97500.21875,97498.09375,97495.71875,97492.5703125
98131.59375,98120.8359375,98106.3125,98088.2421875,98068.0625,98045.28125,98021.8515625,97998.109375,97974.5859375,97951.09375,97929.25,97909.0078125,97889.1640625,97870.8671875,97852.8984375,97836.0625,97819.65625,97802.578125,97785.8046875,97767.828125,97749.796875,97730.109375,97709.5625,97687.5390625,97663.90625,97639.5078125,97613.796875,97588.2890625,97561.5546875,97535.375,97509.8125,97484.984375,97461.453125,97439.8828125,97419.2734375,97401.25,97384.4140625,97370.3125,97358.4140625,97349.0703125,97341.671875,97337.125,97335.0,97334.8828125,97336.6328125,97339.875,97344.109375,97348.6875,97353.1875,97357.2109375,97359.8671875,97361.15625
98273.3671875,98257.34375,98234.9921875,98208.828125,98180.2890625,98150.2109375,98119.4453125,98089.5859375,98059.4296875,98029.4375,97999.8984375,97969.8125,97940.1328125,97909.921875,97880.40625,97850.7734375,97822.1875,97794.6484375,97767.8203125,97742.734375,97718.0,97694.03125,97669.03125,97643.28125,97615.75,97586.7421875,97556.234375,97524.8125,97493.65625,97463.15625,97434.453125,97407.203125,97381.921875,97358.328125,97335.0,97312.734375,97290.453125,97268.5,97246.8203125,97226.6171875,97208.375,97194.1328125,97184.2578125,97179.4375,97181.078125,97188.6171875,97201.4375,97217.703125,97236.3515625,97255.171875,97272.4921875,97286.5234375
98365.8828125,98340.6484375,98312.1171875,98284.328125,98260.921875,98243.0390625,98228.328125,98213.3671875,98193.5390625,98165.484375,98126.421875,98077.296875,98018.9296875,97954.796875,97888.90625,97824.125,97764.5625,97711.375,97666.671875,97630.125,97600.1875,97574.109375,97549.3984375,97523.96875,97495.046875,97462.8203125,97426.9296875,97388.7734375,97351.859375,97317.703125,97287.8359375,97263.5703125,97245.453125,97231.65625,97219.7890625,97208.640625,97195.4765625,97178.0390625,97157.078125,97132.859375,97107.96875,97084.25,97064.96875,97053.59375,97051.4609375,97059.4296875,97077.3984375,97102.6328125,97132.71875,97163.359375,97191.796875,97215.1640625
98446.21875,98404.7265625,98360.6484375,98324.0546875,98302.609375,98298.390625,98305.4921875,98312.34375,98307.28125,98281.328125,98230.890625,98157.953125,98071.390625,97978.953125,97891.3359375,97813.875,97749.953125,97700.34375,97663.0078125,97634.828125,97611.328125,97590.28125,97567.390625,97541.578125,97509.4609375,97470.6640625,97424.59375,97373.171875,97318.890625,97267.4375,97221.53125,97184.46875,97157.5078125,97138.7890625,97127.171875,97119.359375,97112.2265625,97103.9921875,97092.703125,97079.53125,97063.578125,97047.03125,97032.125,97021.78125,97018.7265625,97024.421875,97039.9296875,97063.234375,97091.0234375,97118.9296875,97143.2109375,97161.140625
98575.2265625,98529.1875,98470.1875,98415.546875,98379.0859375,98364.34375,98363.9453125,98360.8046875,98339.21875,98289.8203125,98213.9296875,98121.40625,98029.6015625,97951.21875,97895.8515625,97861.234375,97840.921875,97822.984375,97798.890625,97763.4765625,97718.1484375,97668.765625,97620.6953125,97577.6796875,97541.1640625,97506.1875,97468.296875,97424.5703125,97375.8203125,97325.375,97277.921875,97237.390625,97203.453125,97175.015625,97149.375,97125.3125,97103.84375,97088.9453125,97082.0234375,97084.3828125,97091.53125,97099.3203125,97102.6875,97099.7265625,97094.421875,97090.34375,97094.1953125,97107.203125,97129.59375,97155.28125,97179.7578125,97198.109375
98786.625,98739.5,98660.59375,98578.359375,98515.0390625,98476.6953125,98453.890625,98425.421875,98375.1875,98298.734375,98205.5625,98115.0625,98045.96875,98008.2734375,97999.40625,98004.8203125,98006.7890625,97988.1953125,97939.890625,97863.6953125,97771.78125,97680.390625,97605.328125,97555.1640625,97528.515625,97514.7109375,97499.6640625,97473.2578125,97434.671875,97392.4140625,97356.9296875,97335.109375,97322.390625,97308.5390625,97284.546875,97246.1328125,97202.8984375,97168.3359375,97155.765625,97168.0625,97196.84375,97226.953125,97242.484375,97239.1953125,97221.2109375,97202.6953125,97196.109375,97209.6171875,97242.203125,97285.578125,97329.65625,97365.3828125
98897.1171875,98837.3125,98746.0234375,98655.3671875,98587.984375,98548.1875,98521.3359375,98488.15625,98437.2734375,98371.46875,98305.265625,98254.3046875,98225.40625,98212.421875,98201.0859375,98177.796875,98138.46875,98084.8203125,98022.28125,97956.8671875,97890.5390625,97829.6171875,97780.78125,97751.0546875,97739.828125,97734.140625,97716.109375,97672.3671875,97605.796875,97535.1328125,97485.046875,97469.359375,97481.4609375,97497.171875,97491.0703125,97455.703125,97402.5546875,97357.6953125,97342.6640625,97360.9453125,97397.8125,97429.359375,97438.390625,97422.6875,97395.515625,97377.1484375,97381.1015625,97411.6171875,97460.3203125,97515.125,97565.5234375,97605.46875
98943.921875,98872.359375,98784.765625,98705.046875,98646.1328125,98609.421875,98581.2421875,98549.28125,98508.0,98468.3828125,98443.3203125,98438.796875,98443.65625,98433.9453125,98391.296875,98315.4921875,98230.0078125,98167.5625,98145.7890625,98155.9609375,98169.2265625,98159.21875,98119.84375,98069.2890625,98030.359375,98009.203125,97991.84375,97954.4609375,97888.9375,97811.6953125,97752.828125,97733.6640625,97747.4921875,97767.6953125,97764.859375,97730.984375,97684.2734375,97652.4609375,97651.8125,97676.765625,97705.4921875,97717.2421875,97706.734375,97686.921875,97675.78125,97686.1484375,97716.046875,97755.1796875,97791.09375,97818.1171875,97840.0234375,97865.0390625
99078.359375,98999.734375,98914.546875,98835.28125,98775.609375,98739.6328125,98718.78125,98696.171875,98667.09375,98637.1875,98618.296875,98615.71875,98622.3125,98619.1640625,98588.1015625,98528.015625,98462.0,98422.4375,98428.4921875,98462.734375,98483.5625,98452.484375,98366.4609375,98263.3203125,98191.796875,98174.4765625,98196.0078125,98216.953125,98208.28125,98174.6171875,98139.6015625,98125.1484375,98128.25,98127.1796875,98105.875,98070.2734375,98043.046875,98043.875,98068.4609375,98095.203125,98101.390625,98083.484375,98060.9140625,98057.5703125,98082.2734375,98123.9453125,98160.15625,98174.875,98171.609375,98167.203125,98180.7578125,98218.8984375
99181.265625,99113.984375,99026.90625,98943.5859375,98890.40625,98876.28125,98885.046875,98897.0390625,98902.515625,98893.703125,98870.3984375,98840.375,98820.15625,98822.109375,98839.09375,98850.4921875,98839.3359375,98811.15625,98783.3984375,98765.484375,98745.7734375,98705.7421875,98645.7890625,98586.78125,98557.1328125,98563.7109375,98587.609375,98599.8671875,98586.859375,98559.0546875,98539.1484375,98536.421875,98540.0390625,98531.75,98508.078125,98486.5234375,98487.0234375,98513.2578125,98544.6171875,98556.328125,98539.984375,98514.203125,98507.2265625,98534.546875,98581.3359375,98619.125,98626.796875,98611.21875,98599.1796875,98615.7578125,98665.9921875,98733.7421875
99255.4765625,99214.8515625,99133.59375,99062.0859375,99033.8671875,99042.140625,99056.3671875,99067.0,99088.171875,99119.890625,99136.921875,99119.65625,99086.5625,99076.9453125,99108.25,99151.6640625,99164.421875,99134.859375,99083.6953125,99042.4140625,99027.0703125,99035.6640625,99058.453125,99084.890625,99101.6484375,99096.6015625,99064.8046875,99014.671875,98964.75,98935.015625,98933.1328125,98950.015625,98966.125,98968.578125,98963.2890625,98966.296875,98983.5625,99006.015625,99016.9140625,99009.3203125,98997.015625,98998.203125,99023.4921875,99063.734375,99094.71875,99100.4609375,99086.6484375,99080.375,99105.65625,99162.875,99225.5078125,99266.46875
99441.3515625,99396.7265625,99315.1875,99259.640625,99262.640625,99289.453125,99281.40625,99242.140625,99234.1484375,99291.796875,99370.8515625,99407.796875,99398.4375,99389.234375,99405.2578125,99426.3125,99427.9609375,99415.375,99410.5,99416.8046875,99422.4453125,99423.4765625,99426.078125,99428.0859375,99419.1171875,99392.453125,99359.6484375,99343.3359375,99351.828125,99375.3984375,99399.453125,99413.796875,99417.1328125,99417.609375,99425.4609375,99445.6484375,99468.453125,99476.671875,99469.578125,99466.6484375,99484.0625,99516.9609375,99545.703125,99559.0625,99558.46875,99554.046875,99560.1640625,99586.2890625,99631.5234375,99671.421875,99679.9921875,99655.0859375
99550.1015625,99482.734375,99417.8671875,99374.453125,99392.265625,99454.1484375,99480.7890625,99452.203125,99443.1953125,99509.0234375,99602.34375,99648.9140625,99658.359375,99684.8984375,99726.828125,99740.6796875,99725.578125,99731.734375,99779.984375,99827.671875,99827.296875,99785.1953125,99740.2421875,99716.625,99707.5625,99706.015625,99723.8125,99769.5234375,99823.8671875,99855.734375,99854.0078125,99838.3984375,99831.3046875,99838.2109375,99856.1875,99883.6953125,99910.0,99918.28125,99916.1171875,99930.890625,99970.2265625,100004.4140625,100004.8515625,99987.484375,99987.3515625,100012.4921875,100041.640625,100059.9296875,100064.203125,100051.2421875,100017.2734375,99982.6640625
99477.1328125,99487.46875,99498.0,99444.8046875,99433.703125,99528.0390625,99631.6328125,99663.1953125,99688.0625,99770.53125,99843.8828125,99842.1640625,99837.0859375,99911.140625,100010.390625,100036.9140625,100008.1640625,100010.578125,100056.5625,100086.5859375,100073.8359375,100057.9375,100076.6015625,100121.375,100159.8203125,100175.921875,100180.8359375,100191.546875,100198.046875,100183.1484375,100158.4296875,100162.9765625,100204.1328125,100243.4453125,100257.0390625,100269.6875,100298.859375,100322.0625,100326.40625,100339.1328125,100372.796875,100393.671875,100379.453125,100367.6171875,100398.8828125,100444.0234375,100450.5546875,100416.4609375,100383.0390625,100365.9375,100350.8671875,100340.5625
99482.5,99592.1328125,99682.1875,99630.2421875,99603.8203125,99724.875,99846.578125,99850.375,99864.7265625,99987.5625,100086.2109375,100063.015625,100045.3046875,100140.3671875,100241.609375,100240.5625,100211.9375,100246.671875,100291.9140625,100280.609375,100258.609375,100291.5625,100355.2890625,100397.40625,100411.0859375,100408.53125,100394.96875,100388.375,100402.3203125,100418.6796875,100431.40625,100474.765625,100549.0859375,100589.5859375,100569.46875,100556.828125,100599.3125,100644.7109375,100644.0,100637.3671875,100665.9375,100692.4375,100685.3984375,100687.4453125,100727.28125,100751.7265625,100714.3046875,100661.8203125,100652.5078125,100666.03125,100645.8046875,100593.6171875
99584.40625,99711.921875,99838.3359375,99797.0625,99797.0,99969.5625,100080.78125,100002.5390625,99981.390625,100150.609375,100282.515625,100250.3125,100247.5703125,100362.03125,100414.6640625,100348.34375,100348.234375,100464.828125,100524.453125,100473.2890625,100457.7578125,100520.609375,100538.9765625,100480.8984375,100456.234375,100496.703125,100530.328125,100552.7109375,100616.09375,100685.671875,100699.5390625,100696.1640625,100732.875,100759.4921875,100733.3984375,100730.2578125,100799.5234375,100855.984375,100838.109375,100823.234375,100870.75,100912.5625,100898.3359375,100887.46875,100912.578125,100912.3984375,100867.0625,100846.5078125,100874.0703125,100870.125,100787.921875,100684.59375
99694.1953125,99818.2734375,99943.28125,99877.2109375,99869.9609375,100073.40625,100193.46875,100100.3203125,100100.765625,100294.2734375,100372.4609375,100278.09375,100306.3046875,100474.2890625,100496.3984375,100386.34375,100422.75,100574.6328125,100581.4609375,100479.9375,100509.5078125,100628.21875,100621.828125,100532.984375,100569.03125,100693.8515625,100721.828125,100676.796875,100708.2890625,100777.1875,100755.9765625,100703.3046875,100742.03125,100814.953125,100825.03125,100834.2734375,100903.3359375,100941.859375,100905.4375,100903.234375,100973.6953125,101004.5625,100962.421875,100948.71875,100985.7421875,100986.1640625,100947.7734375,100946.2109375,100959.8984375,100903.40625,100798.59375,100738.171875
99816.0859375,99932.375,100062.3046875,99979.6015625,99927.4765625,100089.53125,100189.2890625,100116.4765625,100170.3125,100361.3984375,100360.046875,100222.78125,100295.4375,100485.5703125,100470.4921875,100365.3359375,100440.796875,100555.671875,100478.65625,100372.4453125,100456.734375,100580.9765625,100548.4765625,100489.7265625,100583.3359375,100699.046875,100651.359375,100549.375,100585.3203125,100682.7890625,100682.375,100661.296875,100749.015625,100848.34375,100840.546875,100822.515625,100874.7734375,100901.7265625,100869.4140625,100889.421875,100960.234375,100956.9140625,100904.8515625,100927.8828125,100988.328125,100971.890625,100920.8125,100918.359375,100908.21875,100834.484375,100777.0859375,100785.03125
99840.84375,99893.2265625,100030.421875,99990.9296875,99947.4921875,100072.5625,100132.8671875,100060.6328125,100121.3984375,100278.4140625,100262.234375,100193.0234375,100304.953125,100408.0625,100321.75,100275.9609375,100392.65625,100439.1484375,100352.7890625,100348.859375,100446.15625,100454.46875,100375.09375,100366.7109375,100434.6875,100455.234375,100414.2890625,100423.609375,100527.5546875,100616.8828125,100615.546875,100617.5,100692.875,100733.3203125,100683.0390625,100672.6875,100750.0390625,100786.0546875,100763.890625,100796.9140625,100850.5078125,100824.921875,100797.25,100855.265625,100891.1171875,100831.9140625,100789.2890625,100816.0625,100805.1640625,100738.4609375,100714.71875,100717.0
99741.4921875,99758.3359375,99868.609375,99861.203125,99858.890625,99981.8203125,100034.875,99984.296875,100030.8125,100117.5,100097.609375,100118.1171875,100230.1875,100209.8515625,100102.3359375,100165.25,100273.546875,100203.0703125,100149.4921875,100272.9609375,100322.875,100208.2578125,100191.265625,100303.234375,100315.609375,100251.328125,100298.21875,100412.125,100448.5859375,100420.2734375,100405.3515625,100429.671875,100470.3203125,100477.9609375,100468.7578125,100522.25,100606.59375,100613.2421875,100586.125,100625.5234375,100663.6875,100637.953125,100643.28125,100698.859375,100683.1640625,100617.9921875,100633.6875,100682.390625,100644.9375,100577.9375,100564.2421875,100533.4921875
99706.1015625,99739.375,99785.9921875,99761.3359375,99761.2578125,99844.4921875,99878.7265625,99877.9375,99948.6875,99979.453125,99922.9453125,99961.984375,100048.125,99980.8828125,99931.3125,100070.4453125,100109.96875,99941.1328125,99924.78125,100085.3125,100049.1796875,99908.0234375,100015.3671875,100184.4453125,100111.6015625,100026.03125,100139.703125,100208.859375,100109.609375,100069.4921875,100159.140625,100225.3671875,100236.3359375,100264.890625,100315.0390625,100362.921875,100378.390625,100349.7265625,100348.046875,100404.0625,100426.3359375,100404.1796875,100431.75,100468.25,100432.296875,100414.734375,100472.21875,100473.53125,100389.625,100359.2578125,100379.875,100336.984375
