earth/public/data/atmosphere/C53/ANN-rh-isobaric-1000hPa-gfs-1.0.json
{"header": {"discipline": 0, "disciplineName": "Meteorological products", "gribEdition": 2, "gribLength": 17922.0, "center": 0, "centerName": "Kiel Climate Model", "subcenter": 0, "refTime": "1", "significanceOfRT": 1, "significanceOfRTName": "Start of forecast", "productStatus": 0, "productStatusName": "Operational products", "productType": 1, "productTypeName": "Forecast products", "productDefinitionTemplate": 0, "productDefinitionTemplateName": "Analysis/forecast at horizontal level/layer at a point in time", "parameterCategory": 2, "parameterCategoryName": "Momentum", "parameterNumber": 2, "parameterNumberName": "U-component_of_wind", "parameterUnit": "%", "genProcessType": 2, "genProcessTypeName": "Forecast", "forecastTime": 0, "surface1Type": 103, "surface1TypeName": "Specified height level above ground", "surface1Value": 10, "surface2Type": 255, "surface2TypeName": "Missing", "surface2Value": 0, "gridDefinitionTemplate": 0, "gridDefinitionTemplateName": "Latitude_Longitude", "numberPoints": 65160, "shape": 6, "shapeName": "Earth spherical with radius of 6,371,229.0 m", "gridUnits": "degrees", "resolution": 48, "winds": "true", "scanMode": 0, "nx": 128.0, "ny": 64.0, "basicAngle": 0, "subDivisions": 0, "lo1": 0.0, "la1": 87.86379883923263, "lo2": 357.1875, "la2": -87.86379883923263, "dx": 2.8125, "dy": 2.7893269472772264}, "data":
[rows 0 to 18 of 64, columns 0 to 42 of 128]
0.916610836982727,0.9165529012680054,0.9164893627166748,0.9164218306541443,0.9163516163825989,0.916280210018158,0.9162085056304932,0.9161377549171448,0.9160689115524292,0.9160027503967285,0.9159393310546875,0.9158787727355957,0.9158216118812561,0.9157673716545105,0.9157156944274902,0.9156658053398132,0.9156174659729004,0.9155697822570801,0.9155222773551941,0.9154741168022156,0.9154249429702759,0.9153742790222168,0.9153220057487488,0.9152681231498718,0.9152125120162964,0.9151556491851807,0.9150983691215515,0.9150412082672119,0.9149854183197021,0.9149319529533386,0.9148826003074646,0.9148378372192383,0.9148005843162537,0.9147716760635376,0.9147528409957886,0.9147460460662842,0.9147525429725647,0.9147738814353943,0.9148115515708923,0.9148667454719543,0.9149401187896729,0.915032684803009,0.915145218372345
0.9151527881622314,0.915152370929718,0.9151465892791748,0.9151597619056702,0.9152154326438904,0.9153362512588501,0.9155414700508118,0.9158468246459961,0.9162629842758179,0.9167953133583069,0.9174428582191467,0.9181991219520569,0.9190524220466614,0.9199857115745544,0.9209787845611572,0.9220079183578491,0.9230486750602722,0.9240757822990417,0.9250655770301819,0.9259963035583496,0.9268491864204407,0.9276101589202881,0.928268313407898,0.9288177490234375,0.9292568564414978,0.9295874238014221,0.9298157691955566,0.929949164390564,0.9299989342689514,0.9299757480621338,0.9298924207687378,0.9297609925270081,0.929592490196228,0.9293983578681946,0.9291879534721375,0.9289701581001282,0.9287527799606323,0.9285427927970886,0.9283466339111328,0.9281706809997559,0.9280216097831726,0.9279056787490845,0.927830696105957
0.9172030091285706,0.9166768789291382,0.9160595536231995,0.9154203534126282,0.914833128452301,0.9143733978271484,0.9141122102737427,0.9141125082969666,0.9144234657287598,0.9150760769844055,0.9160803556442261,0.9174225330352783,0.9190670847892761,0.920957624912262,0.9230212569236755,0.9251751899719238,0.9273334741592407,0.9294142723083496,0.9313451647758484,0.9330699443817139,0.9345504641532898,0.9357679486274719,0.9367220401763916,0.9374280571937561,0.93791264295578,0.9382109642028809,0.9383603930473328,0.9383989572525024,0.9383605122566223,0.9382743239402771,0.9381634593009949,0.9380425810813904,0.9379197359085083,0.9377955794334412,0.9376628994941711,0.9375073313713074,0.9373102188110352,0.9370481371879578,0.9366964101791382,0.9362345933914185,0.9356480836868286,0.9349350929260254,0.9341092705726624
0.9222127199172974,0.9225096106529236,0.9225960969924927,0.9224568605422974,0.9221000075340271,0.9215667247772217,0.9209349751472473,0.9203134775161743,0.9198293089866638,0.9196053147315979,0.919739842414856,0.9202854633331299,0.9212364554405212,0.9225265979766846,0.9240381717681885,0.925620973110199,0.9271167516708374,0.9283868670463562,0.9293355941772461,0.9299233555793762,0.9301705956459045,0.9301488399505615,0.9299628734588623,0.9297274351119995,0.9295428991317749,0.9294776916503906,0.9295576214790344,0.9297655820846558,0.9300515055656433,0.9303474426269531,0.9305850267410278,0.9307116866111755,0.9306990504264832,0.9305465817451477,0.9302737712860107,0.9299087524414062,0.9294710159301758,0.9289587736129761,0.9283367395401001,0.9275352954864502,0.9264588356018066,0.9250036478042603,0.9230851531028748
0.9141660928726196,0.9170097708702087,0.9199160933494568,0.9225251078605652,0.9245266318321228,0.9257364273071289,0.9261376857757568,0.9258813261985779,0.9252462387084961,0.9245732426643372,0.9241865277290344,0.9243216514587402,0.9250751733779907,0.926384449005127,0.928041934967041,0.9297433495521545,0.9311598539352417,0.9320157170295715,0.9321602582931519,0.9316084980964661,0.9305415153503418,0.9292700290679932,0.9281569123268127,0.927533745765686,0.9276156425476074,0.9284495115280151,0.9299014210700989,0.9316843152046204,0.933422863483429,0.9347331523895264,0.9353027939796448,0.9349521398544312,0.9336642622947693,0.931584894657135,0.9289893507957458,0.9262259602546692,0.9236478209495544,0.921541690826416,0.920066237449646,0.9192140698432922,0.918800413608551,0.9184905886650085,0.9178575277328491
0.9092960357666016,0.9122105836868286,0.9155502915382385,0.9185922145843506,0.9207856059074402,0.9218807816505432,0.9219448566436768,0.9212858080863953,0.9203346967697144,0.9195338487625122,0.9192560911178589,0.9197531938552856,0.9211254715919495,0.9233000874519348,0.9260224103927612,0.9288802146911621,0.9313751459121704,0.9330340623855591,0.9335409998893738,0.9328404664993286,0.931174099445343,0.9290246963500977,0.9269838929176331,0.9255803227424622,0.9251264333724976,0.9256300926208496,0.9268027544021606,0.9281489253044128,0.9291080236434937,0.9291963577270508,0.9281130433082581,0.9257866740226746,0.9223694205284119,0.9181913137435913,0.9137040376663208,0.9094197154045105,0.9058495759963989,0.9034337401390076,0.9024679064750671,0.9030296802520752,0.9049323797225952,0.9077257513999939,0.9107570648193359
0.9241925477981567,0.9258893132209778,0.9270753264427185,0.9270070195198059,0.9256449937820435,0.923578679561615,0.9216462969779968,0.9204805493354797,0.9202239513397217,0.9205435514450073,0.9209040403366089,0.9209127426147461,0.9205394387245178,0.9200936555862427,0.9200024008750916,0.9205272197723389,0.921592116355896,0.9228042960166931,0.923643171787262,0.9237013459205627,0.9228447675704956,0.9212238192558289,0.9191421866416931,0.9168697595596313,0.9144970774650574,0.9119040369987488,0.9088499546051025,0.9051375985145569,0.9007669687271118,0.8959992527961731,0.891290545463562,0.8871265649795532,0.8838403224945068,0.881511926651001,0.8800035715103149,0.8791095614433289,0.8787227869033813,0.8789108395576477,0.8798496127128601,0.8816453218460083,0.884166419506073,0.8869990110397339,0.8895705342292786
0.9326388835906982,0.9365408420562744,0.937551736831665,0.9351487159729004,0.9305914640426636,0.9262263774871826,0.9242140054702759,0.9253803491592407,0.9288113713264465,0.9323811531066895,0.9338836669921875,0.9321368932723999,0.9274741411209106,0.9214335680007935,0.9159068465232849,0.9122704267501831,0.9109479784965515,0.9115321040153503,0.9132448434829712,0.9153746962547302,0.9174352288246155,0.9190548062324524,0.9197847247123718,0.9190366268157959,0.9162182807922363,0.910984456539154,0.9034609794616699,0.8943406939506531,0.8848133683204651,0.8763387203216553,0.8702772855758667,0.8674564957618713,0.8678251504898071,0.8704005479812622,0.8736305236816406,0.8760549426078796,0.876949667930603,0.876563310623169,0.8757844567298889,0.8754202723503113,0.8755435943603516,0.875350296497345,0.8736559152603149
0.9241361021995544,0.9297055602073669,0.9310783743858337,0.9280474185943604,0.922814130783081,0.9186672568321228,0.9180858135223389,0.9213330149650574,0.9263325333595276,0.9298785328865051,0.9294684529304504,0.9246787428855896,0.9172906875610352,0.9101496338844299,0.905523955821991,0.9040220975875854,0.9047123193740845,0.9062079191207886,0.9078197479248047,0.9098770022392273,0.9130212664604187,0.9171307682991028,0.9208189845085144,0.92198246717453,0.9190006852149963,0.9116935729980469,0.9013919830322266,0.8902190923690796,0.8802301287651062,0.8729620575904846,0.8693904876708984,0.869888961315155,0.8739423751831055,0.8798784613609314,0.885149359703064,0.8873519897460938,0.8854835629463196,0.8805267214775085,0.8748183250427246,0.8705161213874817,0.8681850433349609,0.866493821144104,0.8632689714431763
0.9164949059486389,0.9188642501831055,0.9186548590660095,0.916333019733429,0.9134112596511841,0.9114531874656677,0.9111665487289429,0.9120148420333862,0.912507951259613,0.9110527038574219,0.9069927930831909,0.9012671113014221,0.8961561918258667,0.8940141201019287,0.8956526517868042,0.8995471596717834,0.9027218222618103,0.9029414653778076,0.9005975723266602,0.898593008518219,0.8999984860420227,0.9052221775054932,0.9111238718032837,0.91306072473526,0.9083544015884399,0.8983239531517029,0.8871868848800659,0.8788385391235352,0.8743195533752441,0.8720113039016724,0.8699983358383179,0.868123471736908,0.8678086996078491,0.8700586557388306,0.8738257884979248,0.8764328956604004,0.8756422996520996,0.8713876605033875,0.8656227588653564,0.8605422377586365,0.856859028339386,0.8536046743392944,0.8495083451271057
0.9079951047897339,0.9082622528076172,0.9081960916519165,0.9088432788848877,0.9095526933670044,0.9085466861724854,0.9047508835792542,0.899237871170044,0.8947843909263611,0.8937199115753174,0.8959570527076721,0.8991056084632874,0.9006509780883789,0.9000879526138306,0.898866593837738,0.8982490301132202,0.8975280523300171,0.8948472142219543,0.8899863958358765,0.8859310150146484,0.8868017792701721,0.8935367465019226,0.9016886949539185,0.9043346643447876,0.8981466293334961,0.8870106935501099,0.8792684674263,0.8805814385414124,0.8888908624649048,0.8962113261222839,0.8955909609794617,0.8867347240447998,0.8753637075424194,0.8675927519798279,0.8650455474853516,0.8648849725723267,0.8636436462402344,0.8604520559310913,0.8568567633628845,0.8544225692749023,0.8531606197357178,0.8521884083747864,0.851387083530426
0.8959129452705383,0.8987784385681152,0.9008837938308716,0.9034230709075928,0.9043603539466858,0.8998642563819885,0.8887302875518799,0.8757355213165283,0.8697945475578308,0.877180278301239,0.8952455520629883,0.9128392934799194,0.9182383418083191,0.9083338975906372,0.8908839821815491,0.8775367140769958,0.8740036487579346,0.8765562772750854,0.877723753452301,0.8748014569282532,0.8721395134925842,0.875071108341217,0.88252192735672,0.8869469165802002,0.8823292851448059,0.8718146681785583,0.8661894202232361,0.8738038539886475,0.8919575214385986,0.9087963700294495,0.9139136672019958,0.9067668914794922,0.8947919607162476,0.8844626545906067,0.8755723237991333,0.8641487956047058,0.8492040038108826,0.8350613713264465,0.8273627758026123,0.8283044099807739,0.836381733417511,0.849465548992157,0.8662002682685852
0.8854385614395142,0.888757050037384,0.8882503509521484,0.887244462966919,0.8862320780754089,0.881772518157959,0.8713008165359497,0.8588025569915771,0.8541944026947021,0.8650079369544983,0.887381911277771,0.9059082269668579,0.9048636555671692,0.8821370601654053,0.8526467084884644,0.836457371711731,0.8415753841400146,0.8576786518096924,0.8669768571853638,0.8614359498023987,0.8493688106536865,0.845452070236206,0.8549800515174866,0.8684969544410706,0.8719518184661865,0.8615752458572388,0.8478695154190063,0.8446375131607056,0.8550572395324707,0.8698071837425232,0.8781661987304688,0.8781383037567139,0.874194860458374,0.8677927851676941,0.8546984791755676,0.8328060507774353,0.8090510368347168,0.7949301600456238,0.7955930829048157,0.80632084608078,0.8205808401107788,0.8385729789733887,0.8642732501029968
0.8687565326690674,0.867990255355835,0.8592063188552856,0.8505078554153442,0.847858190536499,0.8502095937728882,0.8528469204902649,0.8539120554924011,0.8564496040344238,0.8638868927955627,0.8738383054733276,0.8772181272506714,0.865431547164917,0.8404170274734497,0.8169347643852234,0.811601459980011,0.8272306323051453,0.8489034175872803,0.8576414585113525,0.8485140204429626,0.8347808122634888,0.8343482613563538,0.8522071838378906,0.8752249479293823,0.8837618827819824,0.8697713613510132,0.8445837497711182,0.8281018733978271,0.8298424482345581,0.8419150114059448,0.850306510925293,0.8486992716789246,0.8383792638778687,0.8198485374450684,0.7933611869812012,0.7684836983680725,0.763842761516571,0.7894628047943115,0.831470787525177,0.8615355491638184,0.8641325235366821,0.851385772228241,0.8480105400085449
0.851553738117218,0.8510515689849854,0.8397368788719177,0.8266124725341797,0.8183444738388062,0.8167489171028137,0.8217777609825134,0.8330345153808594,0.8475322723388672,0.8591594696044922,0.8625742793083191,0.8564403653144836,0.8426740169525146,0.8257029056549072,0.8132801055908203,0.8130557537078857,0.8243794441223145,0.8365299105644226,0.8393793106079102,0.8343309164047241,0.8316084146499634,0.8384374976158142,0.8523505926132202,0.8634071350097656,0.8604704737663269,0.8396722078323364,0.8114990592002869,0.79575115442276,0.803256630897522,0.8243951201438904,0.8402595520019531,0.8411362171173096,0.827812910079956,0.8015483021736145,0.7670502662658691,0.744911789894104,0.7633509039878845,0.8261628150939941,0.897117018699646,0.9287184476852417,0.9066468477249146,0.8601541519165039,0.8300380706787109
0.8405725955963135,0.8470360636711121,0.845575213432312,0.8385928273200989,0.8257045745849609,0.809232771396637,0.7992444038391113,0.8066146969795227,0.8288848400115967,0.8499307036399841,0.8576699495315552,0.8552058935165405,0.8501068353652954,0.8419538736343384,0.8285818099975586,0.8161841630935669,0.8123048543930054,0.814268171787262,0.8147343993186951,0.8137702941894531,0.81553715467453,0.8182705640792847,0.8177189826965332,0.8148846626281738,0.8097661733627319,0.7943263649940491,0.7648442983627319,0.7354288697242737,0.7246764302253723,0.7331790924072266,0.7485039234161377,0.7665083408355713,0.7893941402435303,0.8072612285614014,0.8056660294532776,0.7940757870674133,0.8019567728042603,0.8362889289855957,0.8642198443412781,0.8534433245658875,0.8145269751548767,0.7865323424339294,0.7912253737449646
0.8158183693885803,0.8275277018547058,0.8354479074478149,0.83641117811203,0.8279811143875122,0.8122867941856384,0.8010842800140381,0.808038592338562,0.8291523456573486,0.8431785702705383,0.8410604000091553,0.8394759893417358,0.8511743545532227,0.8596447706222534,0.8443677425384521,0.8161104917526245,0.8016082048416138,0.8038503527641296,0.8038824200630188,0.7943369150161743,0.7854170203208923,0.783645510673523,0.7887528538703918,0.8042206764221191,0.8256213665008545,0.8263529539108276,0.7831480503082275,0.7116730809211731,0.6514028310775757,0.6213762760162354,0.6174196004867554,0.6428132057189941,0.7039775848388672,0.7763893008232117,0.8145700693130493,0.8056452870368958,0.7791972756385803,0.7544398307800293,0.7158433794975281,0.6593727469444275,0.624202311038971,0.6465082168579102,0.7072286605834961
0.7894873023033142,0.806037187576294,0.8120381236076355,0.8064824938774109,0.7995604872703552,0.7974616289138794,0.8021916151046753,0.8154973983764648,0.8269604444503784,0.8157368302345276,0.7857046127319336,0.7768440246582031,0.8117482662200928,0.8531803488731384,0.8523522019386292,0.8191503286361694,0.8005303144454956,0.8058624267578125,0.8034981489181519,0.7822127938270569,0.7657361030578613,0.7683786749839783,0.7806115746498108,0.7959073781967163,0.8100013136863708,0.7985445261001587,0.7392966151237488,0.6548272967338562,0.5933948755264282,0.570845901966095,0.5699013471603394,0.588181734085083,0.6376954317092896,0.6963753700256348,0.7134028673171997,0.676659345626831,0.6283169388771057,0.5969069004058838,0.5629593133926392,0.5163464546203613,0.4953576922416687,0.5287752747535706,0.5818195939064026
0.7925103306770325,0.8136590719223022,0.8165103793144226,0.8025346994400024,0.7921212315559387,0.7941692471504211,0.8010972738265991,0.8066843152046204,0.8031774759292603,0.7755131721496582,0.7313249707221985,0.7172917127609253,0.762840747833252,0.8255919814109802,0.8416354656219482,0.8132878541946411,0.7927453517913818,0.7950244545936584,0.7900179624557495,0.7710238099098206,0.7635092735290527,0.7656870484352112,0.7435905337333679,0.6901565194129944,0.6344194412231445,0.5900124311447144,0.5456929802894592,0.5069898962974548,0.49771034717559814,0.5174946784973145,0.5408036112785339,0.5588898658752441,0.5813091993331909,0.5946012139320374,0.5663658380508423,0.5035033822059631,0.46093395352363586,0.4680671691894531,0.48834308981895447,0.4820958971977234,0.4650525152683258,0.4648721218109131,0.46648821234703064
