earth/public/data/atmosphere/C53/ANN-wind-isobaric-700hPa-gfs-1.0.json
{"header": {"discipline": 0, "disciplineName": "Meteorological products", "gribEdition": 2, "gribLength": 17922.0, "center": 0, "centerName": "Kiel Climate Model", "subcenter": 0, "refTime": "1", "significanceOfRT": 1, "significanceOfRTName": "Start of forecast", "productStatus": 0, "productStatusName": "Operational products", "productType": 1, "productTypeName": "Forecast products", "productDefinitionTemplate": 0, "productDefinitionTemplateName": "Analysis/forecast at horizontal level/layer at a point in time", "parameterCategory": 2, "parameterCategoryName": "Momentum", "parameterNumber": 2, "parameterNumberName": "V-component_of_wind", "parameterUnit": "m/s", "genProcessType": 2, "genProcessTypeName": "Forecast", "forecastTime": 0, "surface1Type": 103, "surface1TypeName": "Specified height level above ground", "surface1Value": 10, "surface2Type": 255, "surface2TypeName": "Missing", "surface2Value": 0, "gridDefinitionTemplate": 0, "gridDefinitionTemplateName": "Latitude_Longitude", "numberPoints": 65160, "shape": 6, "shapeName": "Earth spherical with radius of 6,371,229.0 m", "gridUnits": "degrees", "resolution": 48, "winds": "true", "scanMode": 0, "nx": 128.0, "ny": 64.0, "basicAngle": 0, "subDivisions": 0, "lo1": 0.0, "la1": 87.86379883923263, "lo2": 357.1875, "la2": -87.86379883923263, "dx": 2.8125, "dy": 2.7893269472772264}, "data":
[rows 38 to 56 of 64, columns 84 to 125 of 128]
-0.9491379857063293,-0.8510919213294983,-0.8030160069465637,-0.7511090636253357,-0.6601433753967285,-0.5886005759239197,-0.5521992444992065,-0.5015026926994324,-0.4285264313220978,-0.3745853900909424,-0.36070162057876587,-0.34349602460861206,-0.2732337713241577,-0.21307365596294403,-0.23570723831653595,-0.22398105263710022,-0.08895918726921082,-0.01226950902491808,-0.0691969022154808,-0.017537476494908333,0.17915666103363037,0.25588810443878174,0.2333282232284546,0.3246955871582031,0.38213273882865906,0.18027856945991516,-0.11349095404148102,-0.2652193605899811,-0.340199738740921,-0.5871239900588989,-1.1408065557479858,-1.5750501155853271,-1.0893518924713135,0.19918546080589294,1.0500619411468506,0.9486673474311829,0.7425763607025146,0.9074711799621582,0.9900909066200256,0.8740172386169434,0.7391143441200256,0.261258602142334
-1.0240964889526367,-0.9301382899284363,-0.8752285242080688,-0.7694119811058044,-0.6399164795875549,-0.558656632900238,-0.4856366217136383,-0.38023707270622253,-0.2862364947795868,-0.22501173615455627,-0.15929506719112396,-0.057183459401130676,0.058856986463069916,0.11650346219539642,0.12923356890678406,0.22307410836219788,0.35844236612319946,0.3519463837146759,0.310318261384964,0.45971545577049255,0.6137291789054871,0.5708885192871094,0.6072710156440735,0.824405312538147,0.8549075126647949,0.6704988479614258,0.49140509963035583,0.009629171341657639,-0.9330524206161499,-1.6662782430648804,-1.8592712879180908,-1.9492831230163574,-1.7833960056304932,-0.7919244766235352,0.4666743576526642,0.9771537184715271,0.8813909888267517,0.8154091238975525,0.8198290467262268,0.8202245831489563,0.7553381323814392,0.21514339745044708
-1.112227439880371,-1.0496728420257568,-0.9861377477645874,-0.8540224432945251,-0.7319927215576172,-0.6563200354576111,-0.5549956560134888,-0.4304399788379669,-0.34082379937171936,-0.2578696012496948,-0.1348986178636551,0.00850074365735054,0.13797177374362946,0.2406303584575653,0.3493988513946533,0.4985285997390747,0.5958069562911987,0.5807990431785583,0.6448741555213928,0.8545289039611816,0.917755126953125,0.843593180179596,1.0355018377304077,1.3418657779693604,1.2771984338760376,1.1526333093643188,1.3187296390533447,0.9609667658805847,-0.45854809880256653,-1.8952491283416748,-2.54610538482666,-2.9635159969329834,-3.1770548820495605,-2.2830958366394043,-0.5512083172798157,0.6496279835700989,0.9986621141433716,1.160635232925415,1.3152726888656616,1.2575337886810303,0.914807915687561,0.17619992792606354
-1.1651874780654907,-1.1437398195266724,-1.0673401355743408,-0.9429231286048889,-0.8657160401344299,-0.8065926432609558,-0.6936420798301697,-0.5790838003158569,-0.5018954873085022,-0.39599502086639404,-0.25200942158699036,-0.12951144576072693,-0.01602674089372158,0.1323467642068863,0.3060113191604614,0.46803686022758484,0.5723881721496582,0.6465228199958801,0.8137103915214539,1.0168426036834717,1.0442726612091064,1.0628783702850342,1.4074621200561523,1.7592244148254395,1.666736364364624,1.6105782985687256,2.0529367923736572,2.152649402618408,1.0602554082870483,-0.6811410784721375,-2.350053071975708,-3.881340980529785,-4.645226001739502,-3.696554660797119,-1.6759921312332153,-0.181544229388237,0.5260443687438965,1.169448733329773,1.7032005786895752,1.6288330554962158,1.0014116764068604,0.13826575875282288
-1.1456987857818604,-1.1380819082260132,-1.0492949485778809,-0.9627496004104614,-0.9441991448402405,-0.906120240688324,-0.8054633140563965,-0.7258551120758057,-0.6698814034461975,-0.5577712059020996,-0.4220862090587616,-0.32851260900497437,-0.22148390114307404,-0.055602747946977615,0.11377793550491333,0.2628932297229767,0.4204379916191101,0.593429446220398,0.7868024110794067,0.9635269045829773,1.0586649179458618,1.1897515058517456,1.5254361629486084,1.8707932233810425,1.9707353115081787,2.100231885910034,2.5501708984375,2.862637996673584,2.361452341079712,0.8778839707374573,-1.4228612184524536,-3.876349449157715,-5.031734943389893,-4.070132732391357,-2.1842567920684814,-0.9771596789360046,-0.3370903730392456,0.5504699349403381,1.3791972398757935,1.4360706806182861,0.865327000617981,0.16095100343227386
-1.0022697448730469,-0.9840441942214966,-0.9080948233604431,-0.8808841109275818,-0.909419596195221,-0.8900058269500732,-0.8255466818809509,-0.7973129749298096,-0.7665519714355469,-0.6640810370445251,-0.5533242225646973,-0.4819321036338806,-0.37399181723594666,-0.2161213606595993,-0.08813001960515976,0.034483399242162704,0.22656308114528656,0.43248817324638367,0.5891799926757812,0.7616466879844666,0.9852535128593445,1.1998589038848877,1.411455750465393,1.695144534111023,2.055191993713379,2.4344210624694824,2.7845799922943115,3.0258536338806152,2.8879287242889404,1.8132315874099731,-0.5035326480865479,-3.121460199356079,-4.221693992614746,-3.2498619556427,-1.730044960975647,-1.0704375505447388,-0.8294458985328674,-0.13716688752174377,0.6618428230285645,0.879618763923645,0.6333037614822388,0.26195746660232544
-0.7532892227172852,-0.7447136640548706,-0.7178787589073181,-0.7424402832984924,-0.7792448401451111,-0.7620089054107666,-0.7383704781532288,-0.7556686997413635,-0.7405625581741333,-0.6560432314872742,-0.590363621711731,-0.5614064931869507,-0.4725208878517151,-0.33253970742225647,-0.23854923248291016,-0.14573214948177338,0.04207760840654373,0.2433418482542038,0.36434271931648254,0.5219765901565552,0.8123841881752014,1.090266227722168,1.2498583793640137,1.4612607955932617,1.8668417930603027,2.310321807861328,2.6292192935943604,2.9004862308502197,2.990661144256592,2.2039554119110107,0.15548858046531677,-2.098799467086792,-2.8482723236083984,-1.8788658380508423,-0.7424232959747314,-0.5423442721366882,-0.702966570854187,-0.4005480408668518,0.14306607842445374,0.41704168915748596,0.45412665605545044,0.3445860743522644
-0.4656311273574829,-0.4817160367965698,-0.5034199357032776,-0.5485910177230835,-0.5658988952636719,-0.5455018281936646,-0.557313084602356,-0.6046111583709717,-0.5968226194381714,-0.5321756601333618,-0.5116932392120361,-0.5261290073394775,-0.46144717931747437,-0.3340885639190674,-0.2597602605819702,-0.20523451268672943,-0.051880624145269394,0.1481805294752121,0.26830992102622986,0.3707951605319977,0.5903505682945251,0.8703950643539429,1.0821408033370972,1.2669707536697388,1.5187044143676758,1.8012604713439941,2.1002798080444336,2.474226474761963,2.65206241607666,1.9734253883361816,0.30474236607551575,-1.2800405025482178,-1.5222033262252808,-0.5882691740989685,0.1751503050327301,0.0716981440782547,-0.293706476688385,-0.25965070724487305,0.02325528860092163,0.20918087661266327,0.30630266666412354,0.3055552840232849
-0.1555711179971695,-0.16792361438274384,-0.20650982856750488,-0.26034581661224365,-0.27847495675086975,-0.27646404504776,-0.3179451823234558,-0.38119155168533325,-0.38168326020240784,-0.33488813042640686,-0.3337874412536621,-0.36058974266052246,-0.30929404497146606,-0.19660219550132751,-0.14094658195972443,-0.1311049610376358,-0.03731509670615196,0.14399980008602142,0.2788776159286499,0.33644577860832214,0.4345220625400543,0.6331695318222046,0.855935275554657,1.023728370666504,1.1421592235565186,1.2762199640274048,1.4976478815078735,1.7395676374435425,1.6548690795898438,0.8979785442352295,-0.2527797818183899,-0.881709635257721,-0.4343963861465454,0.5080109238624573,0.9168696999549866,0.5849807262420654,0.16886553168296814,0.12120133638381958,0.23752397298812866,0.254771888256073,0.24059557914733887,0.25382158160209656
0.15740089118480682,0.16383063793182373,0.12203752249479294,0.052158065140247345,0.012271582148969173,-0.0040856315754354,-0.0478033609688282,-0.10568676888942719,-0.1162034422159195,-0.08878248929977417,-0.09205590188503265,-0.12011916190385818,-0.09597964584827423,-0.01879052259027958,0.02587093412876129,0.02357417531311512,0.06377549469470978,0.1825660914182663,0.3007785677909851,0.3622094392776489,0.41894325613975525,0.5263282060623169,0.6463884115219116,0.7188921570777893,0.7695144414901733,0.8731830716133118,0.9959262609481812,0.9108993411064148,0.37972572445869446,-0.46701377630233765,-1.0038868188858032,-0.6279587149620056,0.5002680420875549,1.4739041328430176,1.5861735343933105,1.0610548257827759,0.6217809915542603,0.5628088116645813,0.599673330783844,0.4876500368118286,0.3418934643268585,0.31422948837280273
0.4271201193332672,0.4316258430480957,0.38583868741989136,0.313125878572464,0.2736033797264099,0.2687157988548279,0.248232901096344,0.20240791141986847,0.17523200809955597,0.1803988367319107,0.17660163342952728,0.1454344391822815,0.1277393251657486,0.1549999713897705,0.20157457888126373,0.23384244740009308,0.2577773630619049,0.2916725277900696,0.33705562353134155,0.3983912765979767,0.483244389295578,0.5581517219543457,0.5589726567268372,0.48897528648376465,0.45606663823127747,0.5276224613189697,0.5480109453201294,0.2115604281425476,-0.5609311461448669,-1.3257631063461304,-1.3627437353134155,-0.38083070516586304,1.056050419807434,1.9794729948043823,1.9409743547439575,1.361291527748108,0.9286810159683228,0.8519569635391235,0.8515300154685974,0.7004488706588745,0.49109962582588196,0.3914232850074768
0.6677936315536499,0.6660562753677368,0.6270309090614319,0.5717935562133789,0.5472729802131653,0.5507339835166931,0.5329834818840027,0.47687193751335144,0.425779789686203,0.41767096519470215,0.42948636412620544,0.41524574160575867,0.3754773736000061,0.3569304049015045,0.39019882678985596,0.4500885605812073,0.4815967381000519,0.4594043493270874,0.42172402143478394,0.4365863800048828,0.5181130766868591,0.5849411487579346,0.5396061539649963,0.39948219060897827,0.2973334491252899,0.2954546809196472,0.22681382298469543,-0.17136059701442719,-0.8908644914627075,-1.473091721534729,-1.3364417552947998,-0.3629519045352936,0.8952685594558716,1.6845113039016724,1.7216215133666992,1.345566749572754,1.0428121089935303,0.9580516219139099,0.9137721657752991,0.7624631524085999,0.5598393678665161,0.42515885829925537
0.9043313264846802,0.9079486131668091,0.8779981136322021,0.8312963843345642,0.8021350502967834,0.7892562747001648,0.7567391395568848,0.6918607354164124,0.6336149573326111,0.6246521472930908,0.6513088345527649,0.6567745208740234,0.6128916144371033,0.5570578575134277,0.5465625524520874,0.5868651866912842,0.6219598054885864,0.6006286144256592,0.540286123752594,0.507198691368103,0.5290871858596802,0.5479701161384583,0.48566168546676636,0.3504710793495178,0.23734964430332184,0.1915363222360611,0.10108435899019241,-0.20490796864032745,-0.7147483825683594,-1.132494330406189,-1.094001293182373,-0.5167924165725708,0.29338884353637695,0.9109420776367188,1.1473329067230225,1.1258511543273926,1.0524359941482544,0.9951117634773254,0.9017698764801025,0.7504404783248901,0.6008660793304443,0.5133936405181885
1.0838665962219238,1.0865167379379272,1.0545648336410522,1.0047879219055176,0.968813419342041,0.9541144371032715,0.9373421669006348,0.9001533389091492,0.8572195172309875,0.8362857699394226,0.8366744518280029,0.8243352174758911,0.7735932469367981,0.7030995488166809,0.658329963684082,0.6599605083465576,0.6805727481842041,0.6778692007064819,0.6426753401756287,0.6010851860046387,0.5689083933830261,0.5204534530639648,0.41927292943000793,0.27550891041755676,0.14830808341503143,0.07401548326015472,0.004027791321277618,-0.1550484448671341,-0.4235647916793823,-0.6849740147590637,-0.7638919353485107,-0.5755941867828369,-0.19243207573890686,0.2320556342601776,0.5830678939819336,0.823539674282074,0.9490532279014587,0.9540228247642517,0.8569694757461548,0.726211428642273,0.6422417759895325,0.6291970610618591
1.1649354696273804,1.1683539152145386,1.1434797048568726,1.1047844886779785,1.0799987316131592,1.0803450345993042,1.0881401300430298,1.0763083696365356,1.036180019378662,0.9821386337280273,0.9316646456718445,0.8880704641342163,0.8449750542640686,0.8015176057815552,0.7653957009315491,0.7405419945716858,0.718630313873291,0.6880896091461182,0.6485414505004883,0.6086173057556152,0.5667580962181091,0.5009358525276184,0.3869871497154236,0.22991187870502472,0.07002966105937958,-0.050022099167108536,-0.12566062808036804,-0.1935051828622818,-0.2911592125892639,-0.41409820318222046,-0.5113894939422607,-0.5195698142051697,-0.40070703625679016,-0.15971387922763824,0.15616369247436523,0.46714627742767334,0.6860543489456177,0.761978030204773,0.7164250612258911,0.6320863366127014,0.5902796983718872,0.607334554195404
1.1814866065979004,1.2047314643859863,1.2028969526290894,1.1819744110107422,1.1608788967132568,1.1514861583709717,1.1457500457763672,1.1233943700790405,1.0723646879196167,1.0014907121658325,0.9339559674263,0.8892449736595154,0.8696548342704773,0.8603094220161438,0.8394558429718018,0.7908290028572083,0.7125424742698669,0.6191658973693848,0.5343483090400696,0.4750646650791168,0.4366384744644165,0.39199358224868774,0.310371071100235,0.18323484063148499,0.03537523001432419,-0.09032464027404785,-0.1638033390045166,-0.18942905962467194,-0.2009805589914322,-0.2340330332517624,-0.2961888909339905,-0.35591086745262146,-0.3583957254886627,-0.26058799028396606,-0.06486137956380844,0.17231279611587524,0.36824336647987366,0.46413326263427734,0.46200600266456604,0.4181477427482605,0.3962356150150299,0.4177612066268921
1.1543976068496704,1.1893221139907837,1.1967270374298096,1.1782937049865723,1.1481887102127075,1.1209540367126465,1.1000878810882568,1.0773941278457642,1.0428558588027954,0.9952973127365112,0.9441663026809692,0.9012121558189392,0.8697425127029419,0.840165376663208,0.7955279350280762,0.7229406237602234,0.6230437159538269,0.5108729600906372,0.4068678617477417,0.32317450642585754,0.25467628240585327,0.18210679292678833,0.0871540978550911,-0.0302584171295166,-0.14562635123729706,-0.22127453982830048,-0.22975873947143555,-0.17364312708377838,-0.08719781786203384,-0.017232589423656464,0.005332910921424627,-0.015539574436843395,-0.044852230697870255,-0.04162071272730827,0.011513038538396358,0.09524593502283096,0.16745205223560333,0.1944507509469986,0.17654038965702057,0.14785712957382202,0.15040890872478485,0.20247718691825867
1.0634225606918335,1.088195562362671,1.0895816087722778,1.0723518133163452,1.0497174263000488,1.0352357625961304,1.033830165863037,1.0384509563446045,1.0345171689987183,1.0087041854858398,0.9560544490814209,0.8814240097999573,0.7955792546272278,0.7093765735626221,0.629594087600708,0.5578522086143494,0.49126309156417847,0.4232073724269867,0.3435891568660736,0.23990404605865479,0.10124742984771729,-0.0744650661945343,-0.27297428250312805,-0.4610303044319153,-0.5931388735771179,-0.6273699998855591,-0.5440982580184937,-0.35786399245262146,-0.11475895345211029,0.12458603829145432,0.3085252642631531,0.4120485186576843,0.43973416090011597,0.41412869095802307,0.35850289463996887,0.2858205735683441,0.2002987265586853,0.10823055356740952,0.027335474267601967,-0.01470116712152958,0.006590948905795813,0.0964251458644867
0.9216324090957642,0.9484273195266724,0.9578453898429871,0.9554352760314941,0.9506358504295349,0.9513859748840332,0.9586881995201111,0.9645779728889465,0.9551609754562378,0.9173582792282104,0.8460081815719604,0.7475199103355408,0.6382243633270264,0.5379407405853271,0.4615527093410492,0.41186752915382385,0.37647560238838196,0.33021336793899536,0.24262987077236176,0.08888465911149979,-0.1391042321920395,-0.42490074038505554,-0.7266010642051697,-0.9845009446144104,-1.1362608671188354,-1.1354230642318726,-0.9669592380523682,-0.6538854241371155,-0.2518022954463959,0.16661547124385834,0.5314554572105408,0.7921981811523438,0.9257590770721436,0.9350223541259766,0.8414072394371033,0.6764591336250305,0.47619614005088806,0.27820900082588196,0.11898393929004669,0.028863290324807167,0.024770161136984825,0.10408636927604675
