earth/public/data/atmosphere/C53/ANN-wind-isobaric-700hPa-gfs-1.0.json
{"header": {"discipline": 0, "disciplineName": "Meteorological products", "gribEdition": 2, "gribLength": 17922.0, "center": 0, "centerName": "Kiel Climate Model", "subcenter": 0, "refTime": "1", "significanceOfRT": 1, "significanceOfRTName": "Start of forecast", "productStatus": 0, "productStatusName": "Operational products", "productType": 1, "productTypeName": "Forecast products", "productDefinitionTemplate": 0, "productDefinitionTemplateName": "Analysis/forecast at horizontal level/layer at a point in time", "parameterCategory": 2, "parameterCategoryName": "Momentum", "parameterNumber": 2, "parameterNumberName": "V-component_of_wind", "parameterUnit": "m/s", "genProcessType": 2, "genProcessTypeName": "Forecast", "forecastTime": 0, "surface1Type": 103, "surface1TypeName": "Specified height level above ground", "surface1Value": 10, "surface2Type": 255, "surface2TypeName": "Missing", "surface2Value": 0, "gridDefinitionTemplate": 0, "gridDefinitionTemplateName": "Latitude_Longitude", "numberPoints": 65160, "shape": 6, "shapeName": "Earth spherical with radius of 6,371,229.0 m", "gridUnits": "degrees", "resolution": 48, "winds": "true", "scanMode": 0, "nx": 128.0, "ny": 64.0, "basicAngle": 0, "subDivisions": 0, "lo1": 0.0, "la1": 87.86379883923263, "lo2": 357.1875, "la2": -87.86379883923263, "dx": 2.8125, "dy": 2.7893269472772264}, "data":
[rows 19 to 37 of 64, columns 0 to 41 of 128]
0.8080076575279236,0.9122041463851929,1.0160173177719116,1.1158589124679565,1.1309146881103516,1.0219026803970337,0.8450185060501099,0.6615552306175232,0.46069350838661194,0.2205929160118103,-0.025107858702540398,-0.25309237837791443,-0.5061621069908142,-0.7984345555305481,-1.0531357526779175,-1.2254730463027954,-1.3819855451583862,-1.5719364881515503,-1.7454352378845215,-1.8608989715576172,-1.909104585647583,-1.796729326248169,-1.4355193376541138,-1.0016037225723267,-0.8518381118774414,-1.0802059173583984,-1.3588287830352783,-1.3331613540649414,-1.0421994924545288,-0.8203206658363342,-0.8293344378471375,-0.8575400114059448,-0.6779892444610596,-0.4111430048942566,-0.27226078510284424,-0.1446898728609085,0.18996559083461761,0.5337485074996948,0.4683968722820282,0.0012672580778598785,-0.44358065724372864,-0.631156325340271
0.8338335752487183,0.9606764316558838,1.0085511207580566,0.9942986965179443,0.9083776473999023,0.7446494102478027,0.54549640417099,0.3641767203807831,0.1846325397491455,-0.03892703726887703,-0.27111831307411194,-0.4459749758243561,-0.6085806488990784,-0.845425009727478,-1.1063272953033447,-1.2812544107437134,-1.39845871925354,-1.5503909587860107,-1.7063565254211426,-1.7792410850524902,-1.7599786520004272,-1.6520236730575562,-1.4460606575012207,-1.251542329788208,-1.235673189163208,-1.3629627227783203,-1.397852897644043,-1.2027440071105957,-0.8967610001564026,-0.7170282602310181,-0.7537977695465088,-0.8027675747871399,-0.5832310318946838,-0.1274811178445816,0.2843627631664276,0.5642322301864624,0.8102033138275146,0.9133848547935486,0.6657727956771851,0.21609432995319366,-0.06901929527521133,-0.136299267411232
0.7224400639533997,0.8907787799835205,0.9178161025047302,0.8254736065864563,0.6755819320678711,0.4800032079219818,0.24770860373973846,0.05219244956970215,-0.07301262766122818,-0.21487368643283844,-0.42221376299858093,-0.6018474698066711,-0.7077717185020447,-0.8471215963363647,-1.0667238235473633,-1.2547625303268433,-1.3550360202789307,-1.440071940422058,-1.5263919830322266,-1.5522719621658325,-1.5148435831069946,-1.435715675354004,-1.2992023229599,-1.1492356061935425,-1.066702961921692,-1.0168174505233765,-0.9303303360939026,-0.855440616607666,-0.8319229483604431,-0.7975243330001831,-0.7342057824134827,-0.6401544213294983,-0.37267959117889404,0.15655025839805603,0.7499362826347351,1.1530866622924805,1.2853014469146729,1.1237918138504028,0.7150490880012512,0.30791980028152466,0.10926815122365952,0.013900828547775745
0.5328201055526733,0.5593924522399902,0.48639482259750366,0.37014880776405334,0.2755347490310669,0.16025570034980774,-0.043833956122398376,-0.25048455595970154,-0.3229587972164154,-0.32967299222946167,-0.44053205847740173,-0.6240936517715454,-0.7363485097885132,-0.8106396794319153,-0.9577863812446594,-1.1207815408706665,-1.19827401638031,-1.2270898818969727,-1.2532013654708862,-1.2456231117248535,-1.2140979766845703,-1.1772812604904175,-1.0684226751327515,-0.8753787875175476,-0.7080975770950317,-0.6256622672080994,-0.6337164640426636,-0.7759394645690918,-0.948665976524353,-0.884869396686554,-0.5645101070404053,-0.22872234880924225,0.12060127407312393,0.6871309280395508,1.3517512083053589,1.7167340517044067,1.5919342041015625,1.1056864261627197,0.543982744216919,0.1857965588569641,0.053415603935718536,-0.07884993404150009
0.5840896368026733,0.1719312220811844,-0.28619277477264404,-0.5395542979240417,-0.5023667812347412,-0.3359573781490326,-0.2993713617324829,-0.4293965995311737,-0.51145339012146,-0.45585137605667114,-0.43871381878852844,-0.5566766858100891,-0.6759300231933594,-0.7283425331115723,-0.8017627000808716,-0.8952387571334839,-0.9268628358840942,-0.9270491003990173,-0.9412056803703308,-0.914486825466156,-0.8515596985816956,-0.8185241222381592,-0.7506166100502014,-0.5796512961387634,-0.4397490620613098,-0.4652085602283478,-0.6091984510421753,-0.7765619158744812,-0.8297694325447083,-0.5828663110733032,-0.09978131949901581,0.34524014592170715,0.7748485803604126,1.399727702140808,1.9902079105377197,2.0448415279388428,1.5031015872955322,0.7596173882484436,0.18960252404212952,-0.0631786361336708,-0.11393069475889206,-0.2098606675863266
0.7071273326873779,-0.20619377493858337,-1.1662195920944214,-1.6847580671310425,-1.561538815498352,-1.0013620853424072,-0.4950525164604187,-0.37807467579841614,-0.4964838922023773,-0.524584174156189,-0.4541013836860657,-0.4605346918106079,-0.5293108224868774,-0.5632821917533875,-0.5985596179962158,-0.6528459191322327,-0.6555622816085815,-0.6351680755615234,-0.6545444130897522,-0.6309061646461487,-0.5194602608680725,-0.4362460672855377,-0.3931522071361542,-0.28325992822647095,-0.1846773624420166,-0.25209474563598633,-0.4018450379371643,-0.4447299540042877,-0.30851200222969055,0.0009724665433168411,0.3817937970161438,0.7084774374961853,1.0896111726760864,1.6208089590072632,1.9099189043045044,1.523425817489624,0.7236390709877014,0.09997910261154175,-0.18625767529010773,-0.3114362061023712,-0.39526259899139404,-0.4892420768737793
0.278423935174942,-0.8457884192466736,-1.9937363862991333,-2.7050485610961914,-2.6358323097229004,-1.8030637502670288,-0.7697697281837463,-0.2245268076658249,-0.25120609998703003,-0.38535118103027344,-0.36438143253326416,-0.32602500915527344,-0.35068371891975403,-0.3591128885746002,-0.3739408552646637,-0.4393014907836914,-0.4610822796821594,-0.41457226872444153,-0.4067015051841736,-0.4089772701263428,-0.3129150867462158,-0.19541364908218384,-0.15048718452453613,-0.08970757573843002,0.009168875403702259,0.02262590080499649,-0.02760663628578186,0.00795050524175167,0.15522173047065735,0.3543723225593567,0.5597511529922485,0.7433721423149109,0.9633560180664062,1.192598581314087,1.0834550857543945,0.44276556372642517,-0.25202691555023193,-0.472713440656662,-0.3970634341239929,-0.4677117168903351,-0.7055314183235168,-0.8927941918373108
-0.5700732469558716,-1.5543593168258667,-2.4641261100769043,-3.149205446243286,-3.211683511734009,-2.3493824005126953,-1.0233712196350098,-0.1653369516134262,-0.08217267692089081,-0.25571921467781067,-0.26322177052497864,-0.2064218521118164,-0.20623131096363068,-0.1750510036945343,-0.14138533174991608,-0.22582603991031647,-0.33247268199920654,-0.31325197219848633,-0.25240370631217957,-0.24068860709667206,-0.18492567539215088,-0.06782962381839752,-0.007464837748557329,0.0061798798851668835,0.05954139307141304,0.11431290954351425,0.13238024711608887,0.16937853395938873,0.2414534091949463,0.33607155084609985,0.46957293152809143,0.600480318069458,0.6617144346237183,0.6098908185958862,0.33208248019218445,-0.16864189505577087,-0.5332451462745667,-0.48519980907440186,-0.3020195960998535,-0.3786885738372803,-0.6747554540634155,-0.9376989006996155
-0.9842033386230469,-1.6781501770019531,-2.2063703536987305,-2.673462390899658,-2.7688047885894775,-2.049912691116333,-0.8916828632354736,-0.25134921073913574,-0.37030449509620667,-0.5870258808135986,-0.4611201286315918,-0.21580854058265686,-0.0703183263540268,0.06038113683462143,0.15392686426639557,0.026985647156834602,-0.24485690891742706,-0.3676636219024658,-0.29086947441101074,-0.19367088377475739,-0.11618482321500778,-0.003082308918237686,0.07773881405591965,0.07131883502006531,0.05043891444802284,0.05435716360807419,0.06150529533624649,0.09057064354419708,0.1500089168548584,0.21876126527786255,0.3019101619720459,0.36243700981140137,0.31998592615127563,0.18393073976039886,0.021761447191238403,-0.12422060966491699,-0.17980879545211792,-0.10346551984548569,-0.008567835204303265,-0.02043510600924492,-0.13260725140571594,-0.3052029609680176
-0.8084900379180908,-1.2250717878341675,-1.4782130718231201,-1.6612956523895264,-1.6497340202331543,-1.1508572101593018,-0.503568172454834,-0.45142897963523865,-0.9479310512542725,-1.1934314966201782,-0.8565390110015869,-0.33148258924484253,0.06599362194538116,0.34803301095962524,0.44926348328590393,0.21278001368045807,-0.234664648771286,-0.5156514644622803,-0.47086551785469055,-0.2970043420791626,-0.17512179911136627,-0.08483880013227463,-0.009157742373645306,0.008547632955014706,-0.009640737436711788,-0.02436506189405918,-0.037514578551054,-0.018229201436042786,0.05509446933865547,0.12050523608922958,0.13211524486541748,0.10817725956439972,0.052186544984579086,-0.025029433891177177,-0.05716545879840851,-0.004207286983728409,0.08732327073812485,0.1564709097146988,0.21892096102237701,0.3330504894256592,0.46244198083877563,0.47893887758255005
-0.6130740642547607,-0.8033757209777832,-0.8971935510635376,-0.8458654284477234,-0.7135415077209473,-0.4557741582393646,-0.28078320622444153,-0.5652828216552734,-1.0995427370071411,-1.2458401918411255,-0.8763332366943359,-0.3576180338859558,0.11186906695365906,0.46432796120643616,0.48992010951042175,0.1116732507944107,-0.387273907661438,-0.6536435484886169,-0.607422947883606,-0.43308180570602417,-0.31080111861228943,-0.2486058920621872,-0.19804039597511292,-0.16554100811481476,-0.14786216616630554,-0.12900657951831818,-0.12813448905944824,-0.12820936739444733,-0.07965131849050522,-0.019685085862874985,-0.015429412014782429,-0.03431379422545433,-0.026834242045879364,-0.022944169119000435,-0.03315076231956482,0.005784878972917795,0.1093321442604065,0.2080901712179184,0.28520849347114563,0.3970843255519867,0.5198165774345398,0.5530990362167358
-0.5421958565711975,-0.5251071453094482,-0.483961284160614,-0.28212863206863403,-0.06509726494550705,0.03540951386094093,-0.009163852781057358,-0.23524050414562225,-0.47883912920951843,-0.474270761013031,-0.28930017352104187,-0.12177380919456482,0.08278907090425491,0.286654531955719,0.17912665009498596,-0.26300764083862305,-0.6383823752403259,-0.70502108335495,-0.5911964178085327,-0.46837955713272095,-0.37785544991493225,-0.30446577072143555,-0.2483701854944229,-0.22902072966098785,-0.2345913052558899,-0.2275959551334381,-0.21631351113319397,-0.21983829140663147,-0.20164695382118225,-0.14517001807689667,-0.09823489189147949,-0.0753665491938591,-0.04379010945558548,-0.013380153104662895,-0.005518119782209396,0.026148444041609764,0.11693417280912399,0.20662766695022583,0.23362484574317932,0.2025424838066101,0.10204942524433136,-0.08708794414997101
-0.40866491198539734,-0.140064537525177,0.054528892040252686,0.31336602568626404,0.6032708287239075,0.7252498865127563,0.6620844006538391,0.5189231038093567,0.4223893880844116,0.4632899761199951,0.5087247490882874,0.376394122838974,0.17490312457084656,0.02845720387995243,-0.21276959776878357,-0.5625039339065552,-0.7244118452072144,-0.6028096079826355,-0.4356440603733063,-0.3596799075603485,-0.3028930127620697,-0.22439070045948029,-0.16426751017570496,-0.1561044603586197,-0.1962568461894989,-0.2425449937582016,-0.2588706910610199,-0.25566256046295166,-0.24083366990089417,-0.1967163383960724,-0.1397203803062439,-0.11481408029794693,-0.12064802646636963,-0.11417656391859055,-0.07131045311689377,0.0029828576371073723,0.08265845477581024,0.1227790042757988,0.09675055742263794,-0.0027173159178346395,-0.21860924363136292,-0.573083221912384
-0.32521915435791016,0.21252857148647308,0.5672048926353455,0.7814502716064453,1.064292073249817,1.2923502922058105,1.3160123825073242,1.175767421722412,1.015236258506775,0.9983896017074585,1.070852279663086,0.925980806350708,0.48082759976387024,0.011997956782579422,-0.30188703536987305,-0.48765841126441956,-0.5191118717193604,-0.39216485619544983,-0.24355380237102509,-0.15390761196613312,-0.08721041679382324,-0.043180882930755615,-0.04335320368409157,-0.06565778702497482,-0.10771344602108002,-0.18141289055347443,-0.24617190659046173,-0.2630007266998291,-0.2508307099342346,-0.22947461903095245,-0.19577212631702423,-0.16709007322788239,-0.16173607110977173,-0.15478499233722687,-0.11702121049165726,-0.06328128278255463,-0.027418244630098343,-0.023561332374811172,-0.04364709183573723,-0.0900525227189064,-0.21600355207920074,-0.4731394648551941
-0.3403570055961609,0.31518787145614624,0.8434593677520752,1.0518462657928467,1.2447642087936401,1.4623098373413086,1.538932204246521,1.4409174919128418,1.2515127658843994,1.1400502920150757,1.1876691579818726,1.1484557390213013,0.7963248491287231,0.3409311771392822,0.06388923525810242,-0.08135786652565002,-0.2002277970314026,-0.23128564655780792,-0.13406893610954285,0.024200813844799995,0.15930132567882538,0.2032550722360611,0.14891842007637024,0.06831193715333939,0.00190253637265414,-0.08036339282989502,-0.1737494170665741,-0.22615064680576324,-0.23244032263755798,-0.22925804555416107,-0.2210446447134018,-0.1904992014169693,-0.14567935466766357,-0.10940534621477127,-0.09333906322717667,-0.09498965740203857,-0.10160485655069351,-0.10832756757736206,-0.12625959515571594,-0.15600059926509857,-0.19435498118400574,-0.265774667263031
-0.22599756717681885,0.3304961919784546,1.0642744302749634,1.4969673156738281,1.7009562253952026,1.7797986268997192,1.738369345664978,1.6217432022094727,1.4166890382766724,1.147131323814392,0.98569655418396,0.9628458023071289,0.9057433605194092,0.7666866779327393,0.5942240357398987,0.3316444754600525,0.00925218965858221,-0.1570708453655243,-0.07406853884458542,0.11788814514875412,0.2744695842266083,0.3471984565258026,0.32249337434768677,0.22510434687137604,0.11579372733831406,0.02518083155155182,-0.05409671366214752,-0.11637362837791443,-0.14435844123363495,-0.14767500758171082,-0.15160982310771942,-0.15854841470718384,-0.15378430485725403,-0.13902968168258667,-0.134792298078537,-0.14915409684181213,-0.16554415225982666,-0.1794797033071518,-0.217707559466362,-0.28266850113868713,-0.3285582959651947,-0.3368404507637024
0.021414663642644882,0.47866106033325195,1.3653734922409058,2.100796937942505,2.45748233795166,2.4744908809661865,2.3148655891418457,2.1301119327545166,1.8859410285949707,1.5354249477386475,1.2306187152862549,1.095513105392456,1.0504882335662842,0.9762287735939026,0.7808847427368164,0.4146946966648102,0.033310309052467346,-0.0989961177110672,0.03256751596927643,0.20458096265792847,0.2918407917022705,0.3332329988479614,0.3444802463054657,0.28789952397346497,0.18372270464897156,0.10094469040632248,0.05270138755440712,0.0013187428703531623,-0.050175003707408905,-0.0668000653386116,-0.06373640894889832,-0.09014713019132614,-0.14676445722579956,-0.1904039829969406,-0.2072458267211914,-0.22599968314170837,-0.2621159255504608,-0.30011528730392456,-0.33657005429267883,-0.38523319363594055,-0.4367814362049103,-0.4711613357067108
0.16557207703590393,0.7211620807647705,1.5494647026062012,2.272038459777832,2.6840298175811768,2.820692777633667,2.8578109741210938,2.8508529663085938,2.7441720962524414,2.6140356063842773,2.520888328552246,2.2620646953582764,1.7020446062088013,1.0680826902389526,0.5840336680412292,0.2155236452817917,-0.04071841761469841,-0.06791212409734726,0.09982713311910629,0.2703509032726288,0.3400762677192688,0.34589749574661255,0.33762916922569275,0.31116625666618347,0.2506619095802307,0.18255062401294708,0.13818906247615814,0.09418810158967972,0.0267427247017622,-0.025882501155138016,-0.03493056073784828,-0.04288128763437271,-0.08839775621891022,-0.1440432071685791,-0.177931547164917,-0.21281130611896515,-0.2762884795665741,-0.34147199988365173,-0.3711247146129608,-0.3832862675189972,-0.41633710265159607,-0.4651556611061096
0.09761065244674683,0.8175979256629944,1.3760250806808472,1.746543288230896,1.998587727546692,2.258880138397217,2.661266565322876,3.0301566123962402,3.2055435180664062,3.471667766571045,3.871731996536255,3.722334384918213,2.6532175540924072,1.3273656368255615,0.4874314069747925,0.1314137578010559,-0.023107130080461502,-0.04655977711081505,0.056569989770650864,0.2161468118429184,0.3536129295825958,0.41154730319976807,0.4006168246269226,0.384306401014328,0.3650517463684082,0.30887478590011597,0.24757392704486847,0.2122989445924759,0.16304297745227814,0.0840764045715332,0.024949409067630768,0.003270125249400735,-0.018298575654625893,-0.05484519153833389,-0.08681359142065048,-0.11394910514354706,-0.15854708850383759,-0.2184622436761856,-0.2649298310279846,-0.2930063307285309,-0.3274836540222168,-0.3691652715206146
