earth/public/data/atmosphere/C53/ANN-rh-isobaric-700hPa-gfs-1.0.json
{"header": {"discipline": 0, "disciplineName": "Meteorological products", "gribEdition": 2, "gribLength": 17922.0, "center": 0, "centerName": "Kiel Climate Model", "subcenter": 0, "refTime": "1", "significanceOfRT": 1, "significanceOfRTName": "Start of forecast", "productStatus": 0, "productStatusName": "Operational products", "productType": 1, "productTypeName": "Forecast products", "productDefinitionTemplate": 0, "productDefinitionTemplateName": "Analysis/forecast at horizontal level/layer at a point in time", "parameterCategory": 2, "parameterCategoryName": "Momentum", "parameterNumber": 2, "parameterNumberName": "U-component_of_wind", "parameterUnit": "%", "genProcessType": 2, "genProcessTypeName": "Forecast", "forecastTime": 0, "surface1Type": 103, "surface1TypeName": "Specified height level above ground", "surface1Value": 10, "surface2Type": 255, "surface2TypeName": "Missing", "surface2Value": 0, "gridDefinitionTemplate": 0, "gridDefinitionTemplateName": "Latitude_Longitude", "numberPoints": 65160, "shape": 6, "shapeName": "Earth spherical with radius of 6,371,229.0 m", "gridUnits": "degrees", "resolution": 48, "winds": "true", "scanMode": 0, "nx": 128.0, "ny": 64.0, "basicAngle": 0, "subDivisions": 0, "lo1": 0.0, "la1": 87.86379883923263, "lo2": 357.1875, "la2": -87.86379883923263, "dx": 2.8125, "dy": 2.7893269472772264}, "data":
[rows 38 to 56 of 64, columns 0 to 42 of 128]
0.35334888100624084,0.36369845271110535,0.3819977343082428,0.41205260157585144,0.4406885504722595,0.4710409343242645,0.5166733264923096,0.5740017890930176,0.6330136060714722,0.6783654093742371,0.6763499975204468,0.6205536127090454,0.5652567744255066,0.5537222623825073,0.5634027123451233,0.5632157325744629,0.55875164270401,0.5588574409484863,0.5579997301101685,0.5562199950218201,0.5576542615890503,0.5589882135391235,0.5571285486221313,0.5544825196266174,0.5531305074691772,0.5531340837478638,0.5543142557144165,0.5569690465927124,0.561378002166748,0.5654782056808472,0.56772381067276,0.5717673301696777,0.5792126059532166,0.5843700170516968,0.585719645023346,0.58907151222229,0.5945952534675598,0.597743034362793,0.5997852683067322,0.6029078364372253,0.6056090593338013,0.60918128490448,0.6147875189781189
0.3073057532310486,0.3066897988319397,0.31136325001716614,0.32249099016189575,0.3420667052268982,0.3753674626350403,0.42167699337005615,0.480332612991333,0.5545156598091125,0.62306809425354,0.639286458492279,0.5948807597160339,0.5430051684379578,0.5253382325172424,0.5282493233680725,0.5291972160339355,0.5282711982727051,0.5260503888130188,0.5182287096977234,0.5097388029098511,0.5064875483512878,0.5055842995643616,0.5045844912528992,0.5050731301307678,0.5063850283622742,0.5067521333694458,0.5072794556617737,0.5100467205047607,0.514773964881897,0.5184825658798218,0.5196693539619446,0.5213862061500549,0.5256627202033997,0.5294933915138245,0.5312265753746033,0.5329849720001221,0.5351418256759644,0.537050187587738,0.539559543132782,0.5413336157798767,0.5407748222351074,0.5407699346542358,0.5427858829498291
0.2839062809944153,0.28031378984451294,0.2759425640106201,0.2733897864818573,0.2841639816761017,0.3083932101726532,0.3334232568740845,0.3652244210243225,0.42134153842926025,0.48354989290237427,0.5078234076499939,0.49019551277160645,0.4706481993198395,0.47021248936653137,0.4760204553604126,0.4807592034339905,0.48845699429512024,0.4934684932231903,0.48894211649894714,0.48038187623023987,0.4734128415584564,0.4668510854244232,0.4617845416069031,0.46073517203330994,0.4616227149963379,0.4623225927352905,0.4637239873409271,0.46579694747924805,0.4679676294326782,0.4713156819343567,0.4760923683643341,0.48079168796539307,0.48477697372436523,0.48856109380722046,0.49174436926841736,0.49273231625556946,0.491313099861145,0.4902327358722687,0.4915037453174591,0.4931982457637787,0.49345314502716064,0.49333900213241577,0.49337291717529297
0.28033557534217834,0.27666863799095154,0.2703706622123718,0.264790415763855,0.27018487453460693,0.2824692726135254,0.2909115254878998,0.30805444717407227,0.3502171039581299,0.3959541618824005,0.41198569536209106,0.4070277214050293,0.41258057951927185,0.43037086725234985,0.4423154890537262,0.4478977918624878,0.4553167521953583,0.4604581594467163,0.4586386978626251,0.45431965589523315,0.4494294226169586,0.44195401668548584,0.43465521931648254,0.4306344985961914,0.42825600504875183,0.4273175299167633,0.42923763394355774,0.43138372898101807,0.4318336546421051,0.4344549775123596,0.4413568079471588,0.4482966661453247,0.4522901475429535,0.45541495084762573,0.45898813009262085,0.4614565968513489,0.4625840485095978,0.4637106657028198,0.4644837975502014,0.4642469584941864,0.4645313322544098,0.4658651649951935,0.4661787152290344
0.29344791173934937,0.28653019666671753,0.2766971290111542,0.2692740559577942,0.2700076997280121,0.27626141905784607,0.2877291440963745,0.3169744908809662,0.36443018913269043,0.4004528522491455,0.4032736122608185,0.393314927816391,0.40008580684661865,0.420824259519577,0.4376322329044342,0.4470604956150055,0.4519023895263672,0.449839323759079,0.44294968247413635,0.4377981424331665,0.43404608964920044,0.4284482002258301,0.42323264479637146,0.4198581576347351,0.41584837436676025,0.41259849071502686,0.41375985741615295,0.41691431403160095,0.4182773530483246,0.4201875329017639,0.4250941574573517,0.430065780878067,0.43295860290527344,0.43573495745658875,0.4394165873527527,0.44316455721855164,0.44740933179855347,0.451745867729187,0.4533206522464752,0.4521135687828064,0.45218193531036377,0.45430558919906616,0.4546833336353302
0.3252860903739929,0.3178061246871948,0.30484291911125183,0.29510989785194397,0.29126083850860596,0.2928446829319,0.3069518208503723,0.3428029417991638,0.3900560140609741,0.4202374219894409,0.42105716466903687,0.41138774156570435,0.41264671087265015,0.42561689019203186,0.442180335521698,0.457497239112854,0.4654504358768463,0.4617496430873871,0.4528314769268036,0.4474462866783142,0.4449281096458435,0.4420487582683563,0.44053539633750916,0.44024819135665894,0.4374023377895355,0.4332948625087738,0.4329504668712616,0.4357113838195801,0.4375455677509308,0.43882280588150024,0.4416411519050598,0.44503408670425415,0.448108434677124,0.45186954736709595,0.45576655864715576,0.4582240879535675,0.4600311517715454,0.4622896909713745,0.4638093113899231,0.4642736613750458,0.4655679762363434,0.46753692626953125,0.4676768481731415
0.3760048747062683,0.37103724479675293,0.3588971495628357,0.3496314585208893,0.3436755836009979,0.34007859230041504,0.3470742106437683,0.37206992506980896,0.40617427229881287,0.43123629689216614,0.4406222105026245,0.44221216440200806,0.44412705302238464,0.44941508769989014,0.46015581488609314,0.47389671206474304,0.48099496960639954,0.47661954164505005,0.46882057189941406,0.46653860807418823,0.4690677225589752,0.4733678996562958,0.4801050126552582,0.487575501203537,0.4909948408603668,0.4906465411186218,0.4911711812019348,0.49318385124206543,0.4939998388290405,0.49403536319732666,0.4953518807888031,0.49736300110816956,0.49899086356163025,0.5010364651679993,0.5034100413322449,0.5042374134063721,0.5033140778541565,0.502841055393219,0.5041914582252502,0.5064244270324707,0.5077459812164307,0.5073157548904419,0.5062770247459412
0.4468238353729248,0.44315338134765625,0.43293142318725586,0.4246184527873993,0.41839686036109924,0.4134155809879303,0.41631850600242615,0.432628333568573,0.45650020241737366,0.4769273102283478,0.4892488718032837,0.4951667785644531,0.49760130047798157,0.5008549690246582,0.5089302062988281,0.5182594060897827,0.519167423248291,0.5091065168380737,0.4970396161079407,0.4917919337749481,0.49453192949295044,0.5042100548744202,0.5202189683914185,0.537676990032196,0.5494425296783447,0.5545473098754883,0.5575728416442871,0.5604590177536011,0.5616542100906372,0.5613948106765747,0.561379075050354,0.5610238909721375,0.5590635538101196,0.5568245053291321,0.5561113953590393,0.5560356974601746,0.5550217032432556,0.5540432929992676,0.555087149143219,0.5574551224708557,0.5581247806549072,0.556002140045166,0.5537508726119995
0.536080002784729,0.5347728133201599,0.5265090465545654,0.5175129771232605,0.5105070471763611,0.506717324256897,0.5103256702423096,0.5234367847442627,0.5404970645904541,0.5529542565345764,0.5572158694267273,0.555823028087616,0.5542839169502258,0.5581203699111938,0.5684747099876404,0.5789021849632263,0.5806150436401367,0.5718462467193604,0.5584606528282166,0.5467061996459961,0.5406396985054016,0.5443258285522461,0.5587676763534546,0.5770770311355591,0.5897640585899353,0.5949980020523071,0.5982080698013306,0.6027625799179077,0.6069471836090088,0.6091572642326355,0.6101917624473572,0.610366702079773,0.6088997721672058,0.6063883900642395,0.6045433878898621,0.6034359335899353,0.6017175316810608,0.5995712876319885,0.598992645740509,0.6007176041603088,0.6028692722320557,0.6034024357795715,0.6022716760635376
0.6266629695892334,0.6281448006629944,0.6213394403457642,0.6122722625732422,0.6067408323287964,0.6061052083969116,0.609622597694397,0.6158859133720398,0.6220985054969788,0.6249639987945557,0.6230077147483826,0.617649495601654,0.6126052737236023,0.6119250655174255,0.6169848442077637,0.6251648664474487,0.6322438716888428,0.6351610422134399,0.6318819522857666,0.6217800378799438,0.6089613437652588,0.6020116209983826,0.6058439016342163,0.615481972694397,0.622183084487915,0.6241211295127869,0.6264497637748718,0.6322030425071716,0.638554036617279,0.6422863006591797,0.6441237330436707,0.6461325883865356,0.6482484340667725,0.6492103934288025,0.6488190293312073,0.6476524472236633,0.6458575129508972,0.6436201930046082,0.6421427130699158,0.642937958240509,0.6461029052734375,0.6497324705123901,0.6511147618293762
0.700960099697113,0.7010606527328491,0.6932229995727539,0.6857690811157227,0.6859406232833862,0.691903829574585,0.6964853405952454,0.6960331797599792,0.6935078501701355,0.6936611533164978,0.6968867778778076,0.6985250115394592,0.6938454508781433,0.6831198334693909,0.6719273924827576,0.667043149471283,0.6714296340942383,0.6814278364181519,0.6885031461715698,0.6859959959983826,0.675711452960968,0.6663760542869568,0.6642691493034363,0.6672143936157227,0.6694552898406982,0.6698883771896362,0.6719874739646912,0.676954984664917,0.6813452839851379,0.6822397708892822,0.6813129186630249,0.6819201707839966,0.6843694448471069,0.6862518787384033,0.6863083839416504,0.685745120048523,0.685804009437561,0.6858792304992676,0.6848846673965454,0.6834812760353088,0.6836771965026855,0.6861768364906311,0.6891059875488281
0.7509182691574097,0.7480618357658386,0.7389452457427979,0.7330165505409241,0.7364124059677124,0.7445194721221924,0.7478820085525513,0.7441323399543762,0.741322934627533,0.7486723065376282,0.7653008103370667,0.7793028950691223,0.7779973149299622,0.75902259349823,0.7322481870651245,0.7118355631828308,0.7058708071708679,0.7116817235946655,0.7197644114494324,0.7225137948989868,0.7199535965919495,0.7173806428909302,0.7182371020317078,0.7207678556442261,0.7217819094657898,0.7214301824569702,0.722253680229187,0.7246603965759277,0.7260540723800659,0.7248051762580872,0.7228001356124878,0.7227323055267334,0.7243339419364929,0.7250728011131287,0.7240034937858582,0.7229934930801392,0.723668098449707,0.7246411442756653,0.7230684757232666,0.7184833884239197,0.713806688785553,0.712274432182312,0.7142804861068726
0.7677897214889526,0.7648689150810242,0.7587318420410156,0.7553132772445679,0.7565075159072876,0.7571983933448792,0.752027690410614,0.7443710565567017,0.745834231376648,0.7649033069610596,0.7961604595184326,0.8218159675598145,0.8249547481536865,0.8024546504020691,0.7664884328842163,0.7345553040504456,0.7174846529960632,0.7148065567016602,0.7192299365997314,0.7244228720664978,0.7289311289787292,0.734093189239502,0.7399765849113464,0.744519054889679,0.7462753653526306,0.7464942336082458,0.7475571632385254,0.7500643730163574,0.7526294589042664,0.7543671727180481,0.7562090158462524,0.7591564655303955,0.7622710466384888,0.7636271119117737,0.763018786907196,0.7624586820602417,0.763462245464325,0.7646440863609314,0.7629393935203552,0.7571189403533936,0.7493792176246643,0.7432880401611328,0.7407435774803162
0.7617717385292053,0.760465145111084,0.7612950801849365,0.7645924687385559,0.7666598558425903,0.7620704174041748,0.7504045367240906,0.7404710650444031,0.745529055595398,0.7717788219451904,0.8103992938995361,0.8414484262466431,0.8473041653633118,0.8246135711669922,0.7853426337242126,0.7472864985466003,0.7226782441139221,0.713370680809021,0.7141041159629822,0.7188657522201538,0.7245709300041199,0.7305271029472351,0.7363572716712952,0.7413793206214905,0.7455335855484009,0.7498138546943665,0.7551897168159485,0.7613973021507263,0.767271101474762,0.7721461653709412,0.7763816714286804,0.780366837978363,0.7836134433746338,0.7854324579238892,0.7863441705703735,0.7880515456199646,0.791546106338501,0.7954555749893188,0.7967337369918823,0.7931809425354004,0.7852730751037598,0.7757117748260498,0.7675530910491943
0.7661982774734497,0.765792191028595,0.7716094255447388,0.7815308570861816,0.7891626954078674,0.788537323474884,0.7801709175109863,0.7728071212768555,0.7778591513633728,0.8000374436378479,0.8319070339202881,0.8575389385223389,0.8628844022750854,0.8448526859283447,0.8123871684074402,0.779586136341095,0.7568652629852295,0.7465214729309082,0.7444879412651062,0.7452411651611328,0.7455779314041138,0.745302677154541,0.7457963228225708,0.7484150528907776,0.7537002563476562,0.7612178325653076,0.769687294960022,0.7774659991264343,0.7833603620529175,0.7872041463851929,0.7895995378494263,0.7910744547843933,0.7916508913040161,0.7913864850997925,0.7911769151687622,0.7926119565963745,0.7966412305831909,0.8022525310516357,0.8065799474716187,0.8065903186798096,0.8011010885238647,0.791684627532959,0.7819453477859497
0.7871729135513306,0.786110520362854,0.7899137139320374,0.7978518009185791,0.8054201602935791,0.807881236076355,0.8045530915260315,0.8001100420951843,0.8013370037078857,0.8116185665130615,0.8276178240776062,0.8410193920135498,0.84410560131073,0.8348622918128967,0.8178640604019165,0.8006757497787476,0.788878321647644,0.7833555936813354,0.7812257409095764,0.778956413269043,0.775037407875061,0.7705608606338501,0.7678977847099304,0.7688308358192444,0.7734341621398926,0.780178427696228,0.7869359850883484,0.7921551465988159,0.7954926490783691,0.7975534796714783,0.7989985942840576,0.7997774481773376,0.7991974949836731,0.7968312501907349,0.79343581199646,0.7909179925918579,0.7911437749862671,0.7944329977035522,0.7989656925201416,0.8017032742500305,0.800305187702179,0.7947793006896973,0.7877543568611145
0.7992180585861206,0.7969080805778503,0.7954165935516357,0.7957966327667236,0.7969166040420532,0.7967255711555481,0.7942790985107422,0.7907662987709045,0.7886341214179993,0.7895433306694031,0.7928900718688965,0.7961486577987671,0.7967439293861389,0.7939136624336243,0.7891051769256592,0.7847111821174622,0.7822741866111755,0.7815786600112915,0.7812035083770752,0.7799196243286133,0.7777581214904785,0.7759769558906555,0.7760705947875977,0.778645396232605,0.7829849720001221,0.7875644564628601,0.7910863757133484,0.7932868599891663,0.7949365377426147,0.7970495820045471,0.7998784184455872,0.8024706840515137,0.8031976819038391,0.800956130027771,0.7961986660957336,0.7909775972366333,0.7878428101539612,0.788266658782959,0.7916489243507385,0.7956178188323975,0.7974955439567566,0.7960193753242493,0.7922093272209167
0.7952289581298828,0.7930644154548645,0.7900343537330627,0.787392795085907,0.7855940461158752,0.7843226790428162,0.7830370664596558,0.7814978361129761,0.7798753976821899,0.7784445285797119,0.7772424817085266,0.7760275602340698,0.7745636105537415,0.7729301452636719,0.7715418934822083,0.7708508372306824,0.7709916234016418,0.7717012763023376,0.7725849151611328,0.7735036611557007,0.774732768535614,0.7767333388328552,0.7797020077705383,0.7832574844360352,0.786555290222168,0.7887964844703674,0.789794921875,0.7901843786239624,0.7910569906234741,0.7932178378105164,0.7965294122695923,0.7998118996620178,0.8014436960220337,0.8003411293029785,0.7967133522033691,0.7920863032341003,0.7885161638259888,0.787446916103363,0.7888952493667603,0.7914829254150391,0.7933120727539062,0.793165922164917,0.7913024425506592
0.7878996729850769,0.7863091826438904,0.7843632102012634,0.7829107642173767,0.782454788684845,0.7830048203468323,0.7841622829437256,0.785353422164917,0.7860645651817322,0.7859948873519897,0.7850996255874634,0.7835671305656433,0.7817545533180237,0.7800903916358948,0.7789584994316101,0.7785922288894653,0.7790309190750122,0.7801646590232849,0.781836748123169,0.7839230298995972,0.7863297462463379,0.7889102697372437,0.7913842797279358,0.7933580279350281,0.7944873571395874,0.7946995496749878,0.7943359017372131,0.7940702438354492,0.7946036458015442,0.7962672710418701,0.7987707257270813,0.8012632131576538,0.8027147650718689,0.8024343252182007,0.8004317879676819,0.7974198460578918,0.7944356799125671,0.7923021912574768,0.7912361025810242,0.7908319234848022,0.7904314398765564,0.7896530628204346,0.7887514233589172
