earth/public/data/atmosphere/C53/ANN-wind-isobaric-10hPa-gfs-1.0.json
{"header": {"discipline": 0, "disciplineName": "Meteorological products", "gribEdition": 2, "gribLength": 17922.0, "center": 0, "centerName": "Kiel Climate Model", "subcenter": 0, "refTime": "1", "significanceOfRT": 1, "significanceOfRTName": "Start of forecast", "productStatus": 0, "productStatusName": "Operational products", "productType": 1, "productTypeName": "Forecast products", "productDefinitionTemplate": 0, "productDefinitionTemplateName": "Analysis/forecast at horizontal level/layer at a point in time", "parameterCategory": 2, "parameterCategoryName": "Momentum", "parameterNumber": 2, "parameterNumberName": "V-component_of_wind", "parameterUnit": "m/s", "genProcessType": 2, "genProcessTypeName": "Forecast", "forecastTime": 0, "surface1Type": 103, "surface1TypeName": "Specified height level above ground", "surface1Value": 10, "surface2Type": 255, "surface2TypeName": "Missing", "surface2Value": 0, "gridDefinitionTemplate": 0, "gridDefinitionTemplateName": "Latitude_Longitude", "numberPoints": 65160, "shape": 6, "shapeName": "Earth spherical with radius of 6,371,229.0 m", "gridUnits": "degrees", "resolution": 48, "winds": "true", "scanMode": 0, "nx": 128.0, "ny": 64.0, "basicAngle": 0, "subDivisions": 0, "lo1": 0.0, "la1": 87.86379883923263, "lo2": 357.1875, "la2": -87.86379883923263, "dx": 2.8125, "dy": 2.7893269472772264}, "data":
[rows 36 to 53 of 64, columns 0 to 41 of 128]
-0.026909159496426582,-0.009491661563515663,0.0027065144386142492,0.008706886321306229,0.012503881938755512,0.013991921208798885,0.006385311018675566,-0.010541673749685287,-0.025761500000953674,-0.031379178166389465,-0.030766382813453674,-0.029393699020147324,-0.02747841738164425,-0.02477007918059826,-0.026400841772556305,-0.040077801793813705,-0.0694064199924469,-0.11226153373718262,-0.16287972033023834,-0.21065814793109894,-0.24220019578933716,-0.2513759136199951,-0.24489876627922058,-0.23463478684425354,-0.22846759855747223,-0.22914579510688782,-0.2368527054786682,-0.2511686086654663,-0.2724693715572357,-0.3024170696735382,-0.3407525420188904,-0.3795197308063507,-0.40488767623901367,-0.4099789261817932,-0.4004100561141968,-0.38335782289505005,-0.3609025776386261,-0.3359034061431885,-0.3115691840648651,-0.28457894921302795,-0.24972543120384216,-0.20791257917881012
0.03734540194272995,0.06729239970445633,0.08768077939748764,0.09402355551719666,0.094235859811306,0.0972476378083229,0.10072541981935501,0.09623608738183975,0.08194683492183685,0.06462302803993225,0.05153576657176018,0.04455751180648804,0.042075514793395996,0.04181723669171333,0.03838513046503067,0.02336641028523445,-0.00791512243449688,-0.05220070481300354,-0.1006927341222763,-0.14208565652370453,-0.16669930517673492,-0.1734020859003067,-0.16998523473739624,-0.16576211154460907,-0.16699767112731934,-0.17654794454574585,-0.19394183158874512,-0.2177039384841919,-0.2482907921075821,-0.2865571975708008,-0.33030107617378235,-0.37301644682884216,-0.40528491139411926,-0.4206431806087494,-0.42067188024520874,-0.4112269878387451,-0.39591723680496216,-0.37667539715766907,-0.35578835010528564,-0.3337666690349579,-0.3084357678890228,-0.27768462896347046
0.15159446001052856,0.18042482435703278,0.20266318321228027,0.20911948382854462,0.20298036932945251,0.19544954597949982,0.1938185691833496,0.19373466074466705,0.185678631067276,0.16905152797698975,0.153128981590271,0.14368775486946106,0.13751506805419922,0.12982109189033508,0.11751659959554672,0.09604209661483765,0.062356892973184586,0.020618200302124023,-0.01947600021958351,-0.04920703172683716,-0.06591591238975525,-0.0735173374414444,-0.07789335399866104,-0.08295886963605881,-0.09175118058919907,-0.10663796216249466,-0.12773101031780243,-0.15501756966114044,-0.19021044671535492,-0.23269885778427124,-0.27787208557128906,-0.32089993357658386,-0.3573177754878998,-0.38176441192626953,-0.3921140432357788,-0.39268675446510315,-0.38906216621398926,-0.3827188014984131,-0.37294816970825195,-0.3602418899536133,-0.34499987959861755,-0.3257935345172882
0.2899761199951172,0.30551037192344666,0.32270681858062744,0.3315512239933014,0.32722729444503784,0.3129044771194458,0.29764214158058167,0.28592655062675476,0.2739500105381012,0.26018109917640686,0.2501829266548157,0.2456137239933014,0.23924358189105988,0.22499309480190277,0.20351187884807587,0.17661266028881073,0.14530254900455475,0.11328767240047455,0.08627748489379883,0.06717235594987869,0.054261691868305206,0.04343995824456215,0.031815305352211,0.018364373594522476,0.002244380535557866,-0.017125938087701797,-0.03958423063158989,-0.0667443722486496,-0.10145017504692078,-0.14255604147911072,-0.18476946651935577,-0.224745973944664,-0.2614493668079376,-0.2914842665195465,-0.31132271885871887,-0.32333800196647644,-0.33333584666252136,-0.3433503210544586,-0.3507532477378845,-0.3531302809715271,-0.3506064713001251,-0.34418049454689026
0.4016818404197693,0.4004976451396942,0.4114548861980438,0.4275832176208496,0.43891623616218567,0.43682923913002014,0.4207720160484314,0.3970339894294739,0.372580885887146,0.35401245951652527,0.3460042476654053,0.3451096713542938,0.3410673141479492,0.327280193567276,0.30530446767807007,0.27964428067207336,0.2542707622051239,0.23242656886577606,0.21515494585037231,0.2007579803466797,0.18734042346477509,0.17414826154708862,0.16033397614955902,0.14434672892093658,0.1250745803117752,0.10284334421157837,0.07824647426605225,0.05007651075720787,0.016742972657084465,-0.02013375051319599,-0.05658241733908653,-0.09095599502325058,-0.12404539436101913,-0.1552286595106125,-0.1825263351202011,-0.20626311004161835,-0.22939899563789368,-0.25364959239959717,-0.27711230516433716,-0.29654693603515625,-0.3108195960521698,-0.32161954045295715
0.4454234838485718,0.4287242889404297,0.43101766705513,0.4509577453136444,0.4797298312187195,0.5024780631065369,0.5067761540412903,0.49122652411460876,0.46555066108703613,0.44321951270103455,0.4321824312210083,0.43018555641174316,0.4292682111263275,0.42381197214126587,0.4127267599105835,0.39740419387817383,0.3810076117515564,0.36690178513526917,0.35528483986854553,0.34371471405029297,0.3311792016029358,0.3186843991279602,0.3062761425971985,0.29238271713256836,0.2755516767501831,0.2549384832382202,0.22974346578121185,0.19974569976329803,0.16636425256729126,0.13234886527061462,0.10003135353326797,0.0699634999036789,0.04096295312047005,0.011164356954395771,-0.020620407536625862,-0.05415495112538338,-0.08888445794582367,-0.12488299608230591,-0.16177834570407867,-0.1976253092288971,-0.23046386241912842,-0.26021116971969604
0.4002685546875,0.372671514749527,0.3625234365463257,0.37554800510406494,0.4085600972175598,0.4487289786338806,0.47955426573753357,0.4915311932563782,0.48757466673851013,0.47830498218536377,0.4726566672325134,0.4731648862361908,0.47832632064819336,0.4859306216239929,0.49327352643013,0.49745890498161316,0.4977751672267914,0.49595338106155396,0.4934321343898773,0.48999735713005066,0.48501333594322205,0.4781981408596039,0.4693526327610016,0.4587993621826172,0.4465370774269104,0.43051546812057495,0.40782636404037476,0.3782675266265869,0.344971626996994,0.31135815382003784,0.2791311740875244,0.2491416484117508,0.22100810706615448,0.1918124556541443,0.1578269600868225,0.11806897073984146,0.07417004555463791,0.02731599658727646,-0.022444948554039,-0.07416969537734985,-0.1255917251110077,-0.17450641095638275
0.25696393847465515,0.22862470149993896,0.2099793702363968,0.21212689578533173,0.23664745688438416,0.2763214409351349,0.32008087635040283,0.35903310775756836,0.38966646790504456,0.41329386830329895,0.4332563579082489,0.4527605175971985,0.47427788376808167,0.49959513545036316,0.5286715030670166,0.5586729049682617,0.5851789712905884,0.6053018569946289,0.61951744556427,0.6302521228790283,0.6386343836784363,0.6432344913482666,0.642651379108429,0.6378639936447144,0.6302697658538818,0.618571400642395,0.5999293327331543,0.5738614201545715,0.5426687598228455,0.5087445378303528,0.47376444935798645,0.4396262764930725,0.4071907699108124,0.3741967976093292,0.336696594953537,0.2926071286201477,0.242270827293396,0.18628114461898804,0.12471874803304672,0.05827292799949646,-0.011016829870641232,-0.08014178276062012
0.021102212369441986,0.004127623047679663,-0.011069939471781254,-0.01242674421519041,0.003043130738660693,0.032103702425956726,0.07211488485336304,0.1222541481256485,0.18017244338989258,0.2412668913602829,0.3012872636318207,0.35796624422073364,0.41090506315231323,0.46226462721824646,0.5161252021789551,0.5742978453636169,0.6323577761650085,0.6826666593551636,0.7215524315834045,0.7516066431999207,0.7764889597892761,0.7962684035301208,0.8089649677276611,0.8141576051712036,0.8128995895385742,0.8055274486541748,0.7915520668029785,0.7708823680877686,0.7438031435012817,0.7105776071548462,0.6724624037742615,0.6319035887718201,0.5905449390411377,0.5477191209793091,0.5016226172447205,0.4508454501628876,0.39419159293174744,0.33038607239723206,0.2586316168308258,0.17920982837677002,0.09354078024625778,0.00458772387355566
-0.27975329756736755,-0.27886736392974854,-0.280804306268692,-0.2756526470184326,-0.2602942883968353,-0.2364927977323532,-0.20291085541248322,-0.15412381291389465,-0.08675432950258255,-0.0029974288772791624,0.09127026051282883,0.18855278193950653,0.2816494107246399,0.36769115924835205,0.45105278491973877,0.5379518866539001,0.6279296875,0.7127915620803833,0.7846603393554688,0.8422793745994568,0.888699471950531,0.9258840084075928,0.9535415768623352,0.9711670875549316,0.9791749715805054,0.9786812663078308,0.9708765745162964,0.9561583399772644,0.9336199164390564,0.9021562933921814,0.8623059391975403,0.8159053921699524,0.764399528503418,0.7084413766860962,0.6488311290740967,0.5860768556594849,0.5190296769142151,0.4451708197593689,0.3626163899898529,0.2708789110183716,0.17068646848201752,0.06428366899490356
-0.6031433939933777,-0.5875588059425354,-0.5752928853034973,-0.5593558549880981,-0.5354201197624207,-0.5041594505310059,-0.4656766653060913,-0.4157593548297882,-0.34837237000465393,-0.2595447599887848,-0.14968177676200867,-0.025106070563197136,0.10306112468242645,0.22543764114379883,0.3410794138908386,0.45587271451950073,0.5736004114151001,0.6904221773147583,0.7981798648834229,0.8907384276390076,0.9662222266197205,1.0254371166229248,1.070156216621399,1.1021654605865479,1.1227821111679077,1.1329491138458252,1.1334688663482666,1.1245962381362915,1.1055935621261597,1.0756607055664062,1.0350157022476196,0.9845285415649414,0.9247395992279053,0.8565119504928589,0.781870424747467,0.7028819918632507,0.6197889447212219,0.5309486389160156,0.4346017837524414,0.3297487497329712,0.21605685353279114,0.09445130825042725
-0.9024298787117004,-0.8825289607048035,-0.862491250038147,-0.8385534882545471,-0.8049067258834839,-0.7599089741706848,-0.7056043148040771,-0.6430696249008179,-0.5694059729576111,-0.4784378707408905,-0.36461973190307617,-0.22841663658618927,-0.07855434715747833,0.07273276150226593,0.21781861782073975,0.35719576478004456,0.495242714881897,0.6336719989776611,0.7688412666320801,0.8936716914176941,1.0014519691467285,1.0888277292251587,1.1565519571304321,1.2076094150543213,1.2445144653320312,1.2681827545166016,1.2786747217178345,1.2759003639221191,1.2597514390945435,1.2303410768508911,1.1881239414215088,1.133582353591919,1.0668492317199707,0.988457441329956,0.9000904560089111,0.8039925694465637,0.7016944885253906,0.5935717821121216,0.4793431758880615,0.35840609669685364,0.22982342541217804,0.0931931659579277
-1.133245587348938,-1.1203850507736206,-1.1012991666793823,-1.075662612915039,-1.0378797054290771,-0.983762264251709,-0.9143921136856079,-0.8339187502861023,-0.7444530725479126,-0.6429738402366638,-0.5231910943984985,-0.3811264932155609,-0.21998105943202972,-0.049825720489025116,0.11829845607280731,0.27846449613571167,0.43149304389953613,0.5815072655677795,0.7305188179016113,0.875368595123291,1.0089882612228394,1.1246137619018555,1.2191983461380005,1.293362021446228,1.3489171266555786,1.386967658996582,1.407833456993103,1.4116432666778564,1.398601770401001,1.3691096305847168,1.323804497718811,1.2634857892990112,1.1888664960861206,1.1006569862365723,0.99983149766922,0.8878546953201294,0.766411542892456,0.6371080875396729,0.5012258291244507,0.3593599498271942,0.2112535834312439,0.05652620270848274
-1.2646352052688599,-1.266384243965149,-1.2553483247756958,-1.2334649562835693,-1.1972441673278809,-1.1419497728347778,-1.0665452480316162,-0.9742302298545837,-0.8690944314002991,-0.7520818114280701,-0.6202042698860168,-0.46955737471580505,-0.2999797463417053,-0.11753189563751221,0.06755149364471436,0.24598799645900726,0.4140201807022095,0.5737950801849365,0.729479193687439,0.882378339767456,1.0289872884750366,1.1629949808120728,1.2788079977035522,1.3734557628631592,1.446180820465088,1.497297763824463,1.5273456573486328,1.5368751287460327,1.5262032747268677,1.4956002235412598,1.445626139640808,1.3774681091308594,1.2926249504089355,1.1924169063568115,1.077856421470642,0.9499286413192749,0.8098794221878052,0.6593502759933472,0.5000582933425903,0.33348992466926575,0.16078250110149384,-0.017124423757195473
-1.2906523942947388,-1.3088537454605103,-1.309476375579834,-1.2942264080047607,-1.261826753616333,-1.2093417644500732,-1.134934902191162,-1.0394775867462158,-0.9255940914154053,-0.7955464124679565,-0.6498518586158752,-0.48779958486557007,-0.30961281061172485,-0.11881537735462189,0.07750652730464935,0.2708110809326172,0.4548797011375427,0.6278780102729797,0.7915156483650208,0.9479389786720276,1.0970302820205688,1.2358454465866089,1.3599371910095215,1.4650908708572388,1.548267126083374,1.6078212261199951,1.643336534500122,1.655056357383728,1.6433894634246826,1.6086937189102173,1.5515714883804321,1.4732296466827393,1.3752930164337158,1.2595466375350952,1.1275780200958252,0.9808294773101807,0.8206496238708496,0.6483761668205261,0.4652708172798157,0.2728371322154999,0.0729929730296135,-0.13188211619853973
-1.226620078086853,-1.2568979263305664,-1.2678064107894897,-1.2592087984085083,-1.2306920289993286,-1.181095004081726,-1.1091166734695435,-1.0141011476516724,-0.8965941071510315,-0.7584419846534729,-0.6022001504898071,-0.4305136799812317,-0.2457820326089859,-0.05076373741030693,0.1505591869354248,0.3526792526245117,0.549616813659668,0.7364864349365234,0.9107217788696289,1.071750283241272,1.2198941707611084,1.354980707168579,1.4755245447158813,1.5787818431854248,1.6614360809326172,1.7205092906951904,1.7541528940200806,1.7617449760437012,1.743485450744629,1.6999788284301758,1.6319414377212524,1.5403008460998535,1.4263887405395508,1.2919625043869019,1.1391267776489258,0.9700870513916016,0.7867408394813538,0.5904462337493896,0.38216322660446167,0.16314253211021423,-0.06443741917610168,-0.2972813844680786
-1.0949615240097046,-1.1284722089767456,-1.1433662176132202,-1.138026475906372,-1.1115885972976685,-1.0633618831634521,-0.9923645853996277,-0.8975142240524292,-0.7785149812698364,-0.636810839176178,-0.4757729768753052,-0.29978126287460327,-0.11275980621576309,0.08244964480400085,0.2836053669452667,0.4876624643802643,0.689998984336853,0.8848304152488708,1.0666470527648926,1.231745719909668,1.3786309957504272,1.5073825120925903,1.6181910037994385,1.7102336883544922,1.7814757823944092,1.8293240070343018,1.8515644073486328,1.8470443487167358,1.8156260251998901,1.7577310800552368,1.6739736795425415,1.5650739669799805,1.4321001768112183,1.2766892910003662,1.1011213064193726,0.9079064130783081,0.6992766261100769,0.47683221101760864,0.24175183475017548,-0.004440667107701302,-0.2591945230960846,-0.5187342166900635
-0.9130830764770508,-0.941657543182373,-0.953071117401123,-0.9453349113464355,-0.9171236157417297,-0.8674671649932861,-0.795397162437439,-0.6999701857566833,-0.5810167789459229,-0.43992340564727783,-0.27991557121276855,-0.10539200156927109,0.07945967465639114,0.27149444818496704,0.46851807832717896,0.668101966381073,0.8665231466293335,1.0584853887557983,1.238098382949829,1.4003164768218994,1.5420423746109009,1.6620601415634155,1.7602111101150513,1.8362855911254883,1.8893887996673584,1.9180858135223389,1.9209792613983154,1.897095799446106,1.8461278676986694,1.7681915760040283,1.6636747121810913,1.5332417488098145,1.37795889377594,1.1995396614074707,1.0002176761627197,0.7824496626853943,0.5484976172447205,0.3002270460128784,0.03933756425976753,-0.23205357789993286,-0.5109648704528809,-0.7934669852256775
