earth/public/data/atmosphere/C53/ANN-rh-isobaric-850hPa-gfs-1.0.json
{"header": {"discipline": 0, "disciplineName": "Meteorological products", "gribEdition": 2, "gribLength": 17922.0, "center": 0, "centerName": "Kiel Climate Model", "subcenter": 0, "refTime": "1", "significanceOfRT": 1, "significanceOfRTName": "Start of forecast", "productStatus": 0, "productStatusName": "Operational products", "productType": 1, "productTypeName": "Forecast products", "productDefinitionTemplate": 0, "productDefinitionTemplateName": "Analysis/forecast at horizontal level/layer at a point in time", "parameterCategory": 2, "parameterCategoryName": "Momentum", "parameterNumber": 2, "parameterNumberName": "U-component_of_wind", "parameterUnit": "%", "genProcessType": 2, "genProcessTypeName": "Forecast", "forecastTime": 0, "surface1Type": 103, "surface1TypeName": "Specified height level above ground", "surface1Value": 10, "surface2Type": 255, "surface2TypeName": "Missing", "surface2Value": 0, "gridDefinitionTemplate": 0, "gridDefinitionTemplateName": "Latitude_Longitude", "numberPoints": 65160, "shape": 6, "shapeName": "Earth spherical with radius of 6,371,229.0 m", "gridUnits": "degrees", "resolution": 48, "winds": "true", "scanMode": 0, "nx": 128.0, "ny": 64.0, "basicAngle": 0, "subDivisions": 0, "lo1": 0.0, "la1": 87.86379883923263, "lo2": 357.1875, "la2": -87.86379883923263, "dx": 2.8125, "dy": 2.7893269472772264}, "data":
[rows 38 to 56 of 64, columns 43 to 85 of 128]
0.8667507171630859,0.8643472790718079,0.8630697727203369,0.8671372532844543,0.8716258406639099,0.8721461892127991,0.8711597919464111,0.8701725602149963,0.8682254552841187,0.8668403625488281,0.8675817847251892,0.8694798350334167,0.8715212345123291,0.8726982474327087,0.8724756240844727,0.8726059198379517,0.8733473420143127,0.8726679682731628,0.8724149465560913,0.8750148415565491,0.8764046430587769,0.8740776777267456,0.8726419806480408,0.8729373812675476,0.870722770690918,0.8677791953086853,0.867986261844635,0.8679461479187012,0.8643724918365479,0.8609444499015808,0.8606311678886414,0.860556960105896,0.8575631976127625,0.8537337183952332,0.8531225323677063,0.8538809418678284,0.8513895273208618,0.8486199975013733,0.8502331972122192,0.8523385524749756,0.8523838520050049,0.8544332981109619,0.8572615385055542
0.859076976776123,0.8592182397842407,0.8576316833496094,0.85666823387146,0.8561126589775085,0.8547247052192688,0.8531461954116821,0.8528370261192322,0.8547067642211914,0.857562243938446,0.858786940574646,0.8588736057281494,0.8602427840232849,0.8616178035736084,0.8615327477455139,0.862804651260376,0.8660163283348083,0.8677387833595276,0.8681232333183289,0.8688816428184509,0.8682310581207275,0.8673389554023743,0.8700138330459595,0.8726903200149536,0.8706146478652954,0.8685050010681152,0.8699343800544739,0.8697392344474792,0.8668534159660339,0.866628885269165,0.8680469393730164,0.8661182522773743,0.8626718521118164,0.861695408821106,0.8616032004356384,0.8597443103790283,0.8574589490890503,0.8567347526550293,0.8565100431442261,0.8553003668785095,0.854248583316803,0.8541343212127686,0.8541609644889832
0.8539666533470154,0.8563284873962402,0.8568294048309326,0.8536365628242493,0.8505895733833313,0.8512189984321594,0.853339433670044,0.8541581630706787,0.8550319671630859,0.8562583327293396,0.8552348613739014,0.8532079458236694,0.8539378643035889,0.8560337424278259,0.8567022681236267,0.8578258752822876,0.8603938221931458,0.8617952466011047,0.8617596626281738,0.8616504073143005,0.8611588478088379,0.8618258833885193,0.8651307821273804,0.8672902584075928,0.8665047287940979,0.8672040104866028,0.8692187070846558,0.8678410649299622,0.866080105304718,0.8684696555137634,0.8697757720947266,0.8668014407157898,0.8662435412406921,0.8690290451049805,0.8673569560050964,0.8621384501457214,0.8614082336425781,0.8634830713272095,0.8619058728218079,0.8594373464584351,0.8604946732521057,0.8614303469657898,0.8602128624916077
0.8421692848205566,0.842911958694458,0.8457728028297424,0.8466472625732422,0.8470125794410706,0.8497803807258606,0.8520171046257019,0.8504018187522888,0.8476206660270691,0.8466935157775879,0.8466513156890869,0.8473595380783081,0.8499022722244263,0.852207601070404,0.8521826267242432,0.851555347442627,0.8516352772712708,0.8516720533370972,0.852412223815918,0.8545187711715698,0.8564049601554871,0.8575924634933472,0.8585657477378845,0.8584383726119995,0.8585547208786011,0.8615544438362122,0.8643163442611694,0.8631252646446228,0.8622542023658752,0.8645272850990295,0.864482045173645,0.861767053604126,0.8632968664169312,0.8665683269500732,0.8634665608406067,0.8587281703948975,0.8606869578361511,0.8635473847389221,0.8607267737388611,0.8588812351226807,0.8616887927055359,0.8617095351219177,0.8579891920089722
0.8276563882827759,0.8270121812820435,0.8291435241699219,0.831720232963562,0.8330118060112,0.8335012197494507,0.8331993222236633,0.8324527144432068,0.8330730199813843,0.8354102373123169,0.8377919793128967,0.8396809697151184,0.8413891792297363,0.842298686504364,0.8427319526672363,0.8440333604812622,0.8454840183258057,0.845767617225647,0.8460323214530945,0.8471331000328064,0.8477579355239868,0.847745418548584,0.8480530381202698,0.8481632471084595,0.8481571674346924,0.8492370843887329,0.8501290082931519,0.8494683504104614,0.8495584726333618,0.8509452939033508,0.8504206538200378,0.8490830659866333,0.8508110046386719,0.8525993227958679,0.8506800532341003,0.8501775860786438,0.8540112376213074,0.8548738360404968,0.8507640957832336,0.8500544428825378,0.853241503238678,0.8520983457565308,0.848427414894104
0.821985125541687,0.8221648931503296,0.8219907879829407,0.8226910829544067,0.8230523467063904,0.8221911191940308,0.82167649269104,0.8236838579177856,0.8276009559631348,0.8303920030593872,0.8307521343231201,0.830323338508606,0.8304096460342407,0.8310253620147705,0.8329564929008484,0.8365122079849243,0.8394463062286377,0.8401086330413818,0.8399385213851929,0.8399685025215149,0.8393996953964233,0.8390433192253113,0.8405355215072632,0.8423250913619995,0.8418051600456238,0.8396168351173401,0.8379534482955933,0.8375141024589539,0.8378406763076782,0.8379364013671875,0.8372834920883179,0.8372125029563904,0.8382790684700012,0.838333010673523,0.8374872803688049,0.8391643166542053,0.842102587223053,0.8411434888839722,0.8383313417434692,0.8401039838790894,0.8442403674125671,0.8445888757705688,0.8437323570251465
0.8191241025924683,0.8202692866325378,0.8195018172264099,0.8198356628417969,0.8218977451324463,0.823428213596344,0.8237183094024658,0.8241018652915955,0.8244787454605103,0.823599100112915,0.8224442601203918,0.8232150673866272,0.8254995942115784,0.8272562623023987,0.8282819986343384,0.8291935920715332,0.829375684261322,0.8291617631912231,0.8306488394737244,0.8337869644165039,0.8358279466629028,0.8361076712608337,0.836574375629425,0.8372553586959839,0.8363072276115417,0.8341967463493347,0.8332154750823975,0.8334925770759583,0.8330731391906738,0.8313834071159363,0.8301134705543518,0.830443799495697,0.8310045003890991,0.8301634788513184,0.8291832208633423,0.8299255967140198,0.8308858871459961,0.8302705883979797,0.8304547667503357,0.8334757089614868,0.836389422416687,0.8370913863182068,0.8380535840988159
0.8143664002418518,0.8151589632034302,0.8145603537559509,0.8159538507461548,0.8209328651428223,0.8261941075325012,0.8284173607826233,0.8278958201408386,0.8264347314834595,0.8253612518310547,0.8259316682815552,0.8284180760383606,0.830894947052002,0.8314966559410095,0.8308265209197998,0.8300652503967285,0.829004168510437,0.8280763030052185,0.8292015790939331,0.8323502540588379,0.8345072865486145,0.8339133262634277,0.8321563005447388,0.8309778571128845,0.830281138420105,0.829883337020874,0.8300853371620178,0.8301587104797363,0.828930675983429,0.8270103335380554,0.8262630701065063,0.8270395994186401,0.8278573155403137,0.8279434442520142,0.8280655145645142,0.8284428715705872,0.8282987475395203,0.8281610012054443,0.8294363021850586,0.8310294151306152,0.8306296467781067,0.8296719789505005,0.8314406275749207
0.8189781904220581,0.8164862990379333,0.8137725591659546,0.814940869808197,0.8213022947311401,0.8291136622428894,0.8343983888626099,0.8369593620300293,0.8385956287384033,0.8401437997817993,0.8412917852401733,0.8413986563682556,0.8400924205780029,0.8382948637008667,0.8379753828048706,0.8395841121673584,0.8410115242004395,0.8404747247695923,0.8388116359710693,0.8375640511512756,0.8366977572441101,0.8356733322143555,0.8349651098251343,0.8350780606269836,0.8354220986366272,0.8351600170135498,0.8341789841651917,0.8328554630279541,0.8317461609840393,0.8314552307128906,0.8319653272628784,0.8324835896492004,0.8327328562736511,0.8335624933242798,0.8352127075195312,0.836189866065979,0.8355655670166016,0.8350555300712585,0.8364112973213196,0.8381208181381226,0.8378737568855286,0.8369510173797607,0.8383487462997437
0.8353805541992188,0.829900324344635,0.8256494402885437,0.826332688331604,0.8315055966377258,0.8372707366943359,0.8408596515655518,0.8428282737731934,0.8447436094284058,0.8468117713928223,0.8483297824859619,0.8488830327987671,0.8485368490219116,0.8478624820709229,0.8478644490242004,0.848957896232605,0.8501518368721008,0.8501043319702148,0.8487463593482971,0.8471807837486267,0.8463836312294006,0.8466219305992126,0.8476467132568359,0.848787784576416,0.8491860628128052,0.8484616875648499,0.8471028804779053,0.8460833430290222,0.8460949063301086,0.8468952178955078,0.847345769405365,0.846646249294281,0.8456639647483826,0.8461040258407593,0.8479949235916138,0.8492922782897949,0.8488649725914001,0.8484371304512024,0.8500871658325195,0.8530864119529724,0.8551143407821655,0.8555566072463989,0.8555384278297424
0.8518768548965454,0.8509401082992554,0.8512002825737,0.8536875247955322,0.8563936352729797,0.8566563725471497,0.8542385697364807,0.8512290120124817,0.8495422601699829,0.8497304320335388,0.8518004417419434,0.8554978370666504,0.8594743609428406,0.8615754246711731,0.8608166575431824,0.8584940433502197,0.8568221926689148,0.8568553328514099,0.858029842376709,0.8592621684074402,0.8599565029144287,0.860059916973114,0.8596677780151367,0.8589230179786682,0.8581886887550354,0.857944130897522,0.8583328127861023,0.8590107560157776,0.8595521450042725,0.8597919940948486,0.8597282767295837,0.8594933748245239,0.8595706224441528,0.8605234026908875,0.8621808886528015,0.8635900616645813,0.8641821146011353,0.864479124546051,0.8651918172836304,0.8662132024765015,0.867096483707428,0.8678813576698303,0.8686882853507996
0.8628760576248169,0.8694694638252258,0.8759006857872009,0.8807111978530884,0.8821625113487244,0.8799036741256714,0.8756706714630127,0.8717141151428223,0.8689540028572083,0.8672010898590088,0.8665774464607239,0.8675792813301086,0.8697364926338196,0.8713511824607849,0.871199369430542,0.8699218034744263,0.8691484332084656,0.8695734143257141,0.8704709410667419,0.8709091544151306,0.8707441091537476,0.8702856302261353,0.8696199059486389,0.8687729835510254,0.8682229518890381,0.8685689568519592,0.8695933222770691,0.8702174425125122,0.869763970375061,0.8689330816268921,0.8690823912620544,0.8706363439559937,0.8726358413696289,0.8739215135574341,0.8744325637817383,0.8750922679901123,0.8765078783035278,0.8780307769775391,0.8783681392669678,0.8772298097610474,0.8760877847671509,0.8768185973167419,0.879606306552887
0.8710009455680847,0.8772186636924744,0.8838610053062439,0.8887299299240112,0.8903756737709045,0.889106035232544,0.8867990970611572,0.8852043151855469,0.8844494223594666,0.8834014534950256,0.8812763690948486,0.8785393834114075,0.8763558864593506,0.8756239414215088,0.876572847366333,0.8787357807159424,0.8809593319892883,0.8818566203117371,0.8809004426002502,0.8791434168815613,0.8783940076828003,0.879436194896698,0.8812992572784424,0.8824788331985474,0.8825768232345581,0.8823602199554443,0.8823941946029663,0.8822862505912781,0.8815670013427734,0.8808064460754395,0.8811660408973694,0.8828138113021851,0.8843854665756226,0.8844518661499023,0.8833050727844238,0.8827806115150452,0.8841803669929504,0.8867412805557251,0.8885418176651001,0.888796329498291,0.8887200951576233,0.8898534178733826,0.8919809460639954
0.8783770799636841,0.8802685737609863,0.8854607939720154,0.8912356495857239,0.8944201469421387,0.893509566783905,0.8897472023963928,0.8860543966293335,0.8847050666809082,0.8857686519622803,0.8874855041503906,0.8879729509353638,0.886745035648346,0.8849284648895264,0.8841439485549927,0.8850182294845581,0.8866217136383057,0.8874151706695557,0.8868565559387207,0.8859869241714478,0.8862633109092712,0.8878556489944458,0.8893651366233826,0.8893539905548096,0.8879424333572388,0.8866279125213623,0.8866003751754761,0.8875808715820312,0.8884421586990356,0.8886507153511047,0.8887028694152832,0.8891990184783936,0.8899507522583008,0.890315592288971,0.8902029395103455,0.8903073668479919,0.8912292122840881,0.8926950097084045,0.893963634967804,0.8948588967323303,0.8959334492683411,0.8974383473396301,0.8985430598258972
0.8856671452522278,0.8875728845596313,0.894780695438385,0.9040008187294006,0.9101203083992004,0.9095516800880432,0.902764618396759,0.8939767479896545,0.8881772756576538,0.8877867460250854,0.8914140462875366,0.8954112529754639,0.896752119064331,0.8949554562568665,0.8918110132217407,0.889543354511261,0.8891507983207703,0.890173614025116,0.8916360139846802,0.8929200172424316,0.8937658071517944,0.8938198089599609,0.8926506042480469,0.8903922438621521,0.8881345987319946,0.8872807025909424,0.8883086442947388,0.8902384638786316,0.8914777636528015,0.8912643194198608,0.8902793526649475,0.8899098038673401,0.8910000324249268,0.8932766318321228,0.8957527875900269,0.8974871039390564,0.8980295062065125,0.8974920511245728,0.8964807987213135,0.8958888053894043,0.8964118957519531,0.8980046510696411,0.899882435798645
0.8928537368774414,0.8945183753967285,0.9011595845222473,0.9105249643325806,0.9180110096931458,0.9195610284805298,0.9143279790878296,0.9051633477210999,0.8966147899627686,0.8919822573661804,0.8915711641311646,0.8932158946990967,0.8943433165550232,0.8938345313072205,0.8923869729042053,0.8914486169815063,0.8918730020523071,0.8933857083320618,0.8950451016426086,0.8960394859313965,0.8961166739463806,0.895509660243988,0.8946781754493713,0.8941345810890198,0.8942937850952148,0.8952261805534363,0.896461546421051,0.8971617221832275,0.8967087268829346,0.895268976688385,0.8937854766845703,0.8933252096176147,0.8943082094192505,0.8962547183036804,0.8982062935829163,0.8994061946868896,0.8997077345848083,0.8995054960250854,0.8993740677833557,0.8997154235839844,0.9006014466285706,0.9018450975418091,0.9032092690467834
0.8983373641967773,0.8967393636703491,0.8986156582832336,0.9037899374961853,0.909885048866272,0.913765013217926,0.9133937358856201,0.9088826179504395,0.9021598100662231,0.895682156085968,0.8911725282669067,0.889138400554657,0.8891952037811279,0.8906602263450623,0.8928821682929993,0.8952168822288513,0.8969523310661316,0.897472083568573,0.8966163396835327,0.8948981165885925,0.8933066129684448,0.8927612900733948,0.8935801982879639,0.8953214883804321,0.8970729112625122,0.8979856371879578,0.8977310657501221,0.8966516256332397,0.89554762840271,0.895206868648529,0.8959243297576904,0.8972910046577454,0.8984339237213135,0.8986020684242249,0.8977298736572266,0.8965646624565125,0.8962140679359436,0.8973958492279053,0.8999050259590149,0.9026921987533569,0.9045175909996033,0.9047528505325317,0.9037801027297974
0.8984247446060181,0.8969032764434814,0.8974120020866394,0.9005658030509949,0.9054570198059082,0.9100958704948425,0.9124227166175842,0.9113060832023621,0.907021164894104,0.9010369777679443,0.8953322768211365,0.8915992975234985,0.8906678557395935,0.8922984600067139,0.895357608795166,0.8982953429222107,0.8997724652290344,0.8992120027542114,0.8970307111740112,0.8943981528282166,0.892604410648346,0.8923583030700684,0.8934001922607422,0.8946820497512817,0.8950151801109314,0.8938196897506714,0.8915238976478577,0.889366626739502,0.8886932730674744,0.8901470303535461,0.893230140209198,0.8965177536010742,0.8984357714653015,0.8981659412384033,0.8961423635482788,0.8938168287277222,0.8928036689758301,0.8939092755317688,0.8966369032859802,0.8994856476783752,0.9008786678314209,0.9001510143280029,0.8979937434196472
0.8922698497772217,0.8936112523078918,0.895872175693512,0.8991157412528992,0.9027472138404846,0.9056650400161743,0.9067198038101196,0.9052518010139465,0.9014416337013245,0.8962954878807068,0.8912742137908936,0.8877325057983398,0.88641357421875,0.8872126340866089,0.8893035650253296,0.8915590643882751,0.8930734992027283,0.8935458660125732,0.8933390974998474,0.8931934833526611,0.8937424421310425,0.8950960040092468,0.8967289924621582,0.8977508544921875,0.8974182605743408,0.8956027626991272,0.8929385542869568,0.890540361404419,0.8894360065460205,0.8900120258331299,0.8918003439903259,0.8937291502952576,0.8947173953056335,0.8942779898643494,0.8927855491638184,0.8912512063980103,0.8907235860824585,0.8916672468185425,0.8936813473701477,0.8957288861274719,0.8967486619949341,0.8962906002998352,0.8948014974594116
