earth/public/data/atmosphere/C53/ANN-rh-isobaric-10hPa-gfs-1.0.json
{"header": {"discipline": 0, "disciplineName": "Meteorological products", "gribEdition": 2, "gribLength": 17922.0, "center": 0, "centerName": "Kiel Climate Model", "subcenter": 0, "refTime": "1", "significanceOfRT": 1, "significanceOfRTName": "Start of forecast", "productStatus": 0, "productStatusName": "Operational products", "productType": 1, "productTypeName": "Forecast products", "productDefinitionTemplate": 0, "productDefinitionTemplateName": "Analysis/forecast at horizontal level/layer at a point in time", "parameterCategory": 2, "parameterCategoryName": "Momentum", "parameterNumber": 2, "parameterNumberName": "U-component_of_wind", "parameterUnit": "%", "genProcessType": 2, "genProcessTypeName": "Forecast", "forecastTime": 0, "surface1Type": 103, "surface1TypeName": "Specified height level above ground", "surface1Value": 10, "surface2Type": 255, "surface2TypeName": "Missing", "surface2Value": 0, "gridDefinitionTemplate": 0, "gridDefinitionTemplateName": "Latitude_Longitude", "numberPoints": 65160, "shape": 6, "shapeName": "Earth spherical with radius of 6,371,229.0 m", "gridUnits": "degrees", "resolution": 48, "winds": "true", "scanMode": 0, "nx": 128.0, "ny": 64.0, "basicAngle": 0, "subDivisions": 0, "lo1": 0.0, "la1": 87.86379883923263, "lo2": 357.1875, "la2": -87.86379883923263, "dx": 2.8125, "dy": 2.7893269472772264}, "data":
[rows 18 to 35 of 64, columns 41 to 81 of 128]
0.00929328054189682,0.009089305065572262,0.008906809613108635,0.008742480538785458,0.008592021651566029,0.008451977744698524,0.008328601717948914,0.00823637843132019,0.00817832350730896,0.008137633092701435,0.008098478429019451,0.00806363020092249,0.008045357652008533,0.008045930415391922,0.008056392893195152,0.008071627467870712,0.008092852309346199,0.008118852972984314,0.008145268075168133,0.008171630091965199,0.008200405165553093,0.00823072250932455,0.008260179311037064,0.008289126679301262,0.008319794200360775,0.008349480107426643,0.008374678902328014,0.008396580815315247,0.008421461097896099,0.008449033834040165,0.008474543690681458,0.008494351990520954,0.00851172860711813,0.008530124090611935,0.008551262319087982,0.008576668798923492,0.008608858101069927,0.00864512100815773,0.008679470978677273,0.008710292167961597,0.008740950375795364
0.0077130417339503765,0.0075633046217262745,0.007421978749334812,0.007293772418051958,0.007184985093772411,0.007095880340784788,0.007026387844234705,0.006977428216487169,0.006942258216440678,0.006906787399202585,0.0068655479699373245,0.006832369137555361,0.0068195294588804245,0.006822666153311729,0.006828997749835253,0.006835200358182192,0.006846277508884668,0.0068639409728348255,0.006883664522320032,0.006901731248944998,0.006920638494193554,0.006939954590052366,0.0069577363319695,0.006975563243031502,0.0069947028532624245,0.007015607785433531,0.0070353178307414055,0.007052924484014511,0.007067323196679354,0.007078265771269798,0.007085754536092281,0.007094352040439844,0.007107578683644533,0.007122938521206379,0.007135836873203516,0.007149385288357735,0.0071710702031850815,0.00720188906416297,0.00723482808098197,0.007263782434165478,0.007290279027074575
0.006536783650517464,0.006412532180547714,0.006298627704381943,0.006214955355972052,0.006160869263112545,0.006117429584264755,0.006071210373193026,0.006024625152349472,0.005985054653137922,0.00595340458676219,0.005929148755967617,0.005914717447012663,0.005910337436944246,0.005910176318138838,0.005910071078687906,0.005911534186452627,0.005919746123254299,0.005931921768933535,0.005943777039647102,0.005954352207481861,0.005966150667518377,0.0059812781400978565,0.005998622160404921,0.006014625541865826,0.0060264552012085915,0.006037442479282618,0.00605034502223134,0.006065435241907835,0.00608030054718256,0.0060918875969946384,0.0060997880063951015,0.006107353139668703,0.006118360906839371,0.006132072303444147,0.006146539002656937,0.006163028068840504,0.006185234058648348,0.006213346030563116,0.006243238225579262,0.006273789796978235,0.0063045141287148
0.005588209256529808,0.005500921979546547,0.005436963867396116,0.005404446739703417,0.005382854025810957,0.0053501371294260025,0.005304780323058367,0.005261531565338373,0.005232346709817648,0.005217176862061024,0.005209510214626789,0.005204153712838888,0.0051999702118337154,0.005197782069444656,0.005198957864195108,0.005205464083701372,0.005214521661400795,0.005222217179834843,0.0052292561158537865,0.005237597972154617,0.0052476245909929276,0.005259161349385977,0.005273765418678522,0.005288279615342617,0.005300730466842651,0.005312565714120865,0.005325981415808201,0.005340727046132088,0.005355605855584145,0.0053716981783509254,0.005387543700635433,0.005400489084422588,0.005411392543464899,0.0054259090684354305,0.005448340438306332,0.005479141604155302,0.005513216368854046,0.005545475985854864,0.005576459225267172,0.005610099993646145,0.005646219942718744
0.004930289462208748,0.004884622059762478,0.004865454509854317,0.0048583815805613995,0.004838163033127785,0.0048027364537119865,0.00477005448192358,0.0047506168484687805,0.004740049596875906,0.00472936499863863,0.004717389587312937,0.004708968568593264,0.0047084251418709755,0.004714126233011484,0.004722777754068375,0.004730863496661186,0.004736345261335373,0.004739400930702686,0.004745699930936098,0.004757249727845192,0.004769934341311455,0.0047804219648242,0.004791843704879284,0.004806752782315016,0.0048254551365971565,0.004847469739615917,0.004870349541306496,0.004889851901680231,0.004905445966869593,0.004921283572912216,0.004939145874232054,0.00495741656050086,0.004975792486220598,0.0049986764788627625,0.0050287507474422455,0.0050643328577280045,0.005103332921862602,0.005140974186360836,0.005179633852094412,0.005220095161348581,0.005261536221951246
0.004504554904997349,0.00448342552408576,0.00448336498811841,0.004482215736061335,0.004463893361389637,0.004439594689756632,0.004424100276082754,0.0044152820482850075,0.004404217004776001,0.0043916888535022736,0.0043843029998242855,0.00438730837777257,0.004400517791509628,0.0044154697097837925,0.00442546047270298,0.004430399276316166,0.004432600922882557,0.004434846807271242,0.004439047072082758,0.004448467865586281,0.004460408352315426,0.004473468288779259,0.004490414168685675,0.0045092725194990635,0.0045300377532839775,0.004551941528916359,0.004575748927891254,0.004598892293870449,0.004620416089892387,0.0046403128653764725,0.004659852012991905,0.0046813590452075005,0.004708767402917147,0.0047416952438652515,0.004775097128003836,0.004808866884559393,0.004845754709094763,0.004885946866124868,0.004927384667098522,0.004967855289578438,0.005007012281566858
0.004218799993395805,0.004215414170175791,0.00422404520213604,0.004226112738251686,0.004216789733618498,0.004206662531942129,0.00419802637770772,0.004185930825769901,0.004175327252596617,0.004175841808319092,0.004186468664556742,0.004199944902211428,0.004214496351778507,0.0042289556004107,0.004240897949784994,0.004250456113368273,0.004258323460817337,0.004262309055775404,0.004262544680386782,0.004265150986611843,0.004273324739187956,0.004289224743843079,0.004311529453843832,0.0043351128697395325,0.004356552381068468,0.0043763648718595505,0.004397760611027479,0.004421737045049667,0.00444791279733181,0.004473675042390823,0.004496514331549406,0.004519007168710232,0.004546807147562504,0.004579929169267416,0.004615395795553923,0.004652121569961309,0.004691522568464279,0.0047314222902059555,0.0047683496959507465,0.004800650756806135,0.0048302109353244305
0.0041241999715566635,0.004134939052164555,0.004144839011132717,0.004140292759984732,0.004128009080886841,0.0041211326606571674,0.004119593650102615,0.004118562210351229,0.004122909624129534,0.004133705049753189,0.00414080498740077,0.004140924196690321,0.004146073944866657,0.004163120873272419,0.004186549689620733,0.004204818978905678,0.004212578758597374,0.004211752209812403,0.004208795726299286,0.004209751728922129,0.004218176938593388,0.004233474377542734,0.004253072664141655,0.004275072831660509,0.004300674423575401,0.004327836446464062,0.004353801719844341,0.004377576056867838,0.00440013874322176,0.004423481412231922,0.004446443635970354,0.004469914361834526,0.004494447261095047,0.004521765746176243,0.0045545585453510284,0.004591223783791065,0.004627089947462082,0.004658490419387817,0.004686771892011166,0.004712740425020456,0.004735840484499931
0.0041303629986941814,0.004140578676015139,0.004145294427871704,0.004137773998081684,0.004125975538045168,0.004123105201870203,0.00413272250443697,0.004147516563534737,0.004159155301749706,0.004158045165240765,0.0041432688012719154,0.004130622372031212,0.004138160962611437,0.004167752806097269,0.004201561212539673,0.004220837727189064,0.0042216177098453045,0.004213439300656319,0.004207463003695011,0.004207429476082325,0.00421501137316227,0.004228502046316862,0.0042452579364180565,0.0042653875425457954,0.00429101288318634,0.004319327417761087,0.004344977904111147,0.004366859328001738,0.004385336767882109,0.0044033038429915905,0.004423634149134159,0.00444651348516345,0.004470357671380043,0.004493784625083208,0.004519590176641941,0.004547249060124159,0.004570573102682829,0.004588814452290535,0.004606420639902353,0.004624794702976942,0.004640297032892704
0.0041360813193023205,0.004137581679970026,0.004137801006436348,0.004140858538448811,0.004148396197706461,0.004161367192864418,0.004179946146905422,0.004200300667434931,0.0042099966667592525,0.004196867812424898,0.004168192856013775,0.0041489629074931145,0.004155613481998444,0.004185195546597242,0.0042197066359221935,0.0042418222874403,0.004246679600328207,0.004241046030074358,0.004232347477227449,0.004224461503326893,0.004224901553243399,0.004237987566739321,0.004258707165718079,0.0042817676439881325,0.004304157570004463,0.004323914647102356,0.0043401033617556095,0.004357961006462574,0.004377210512757301,0.004393349401652813,0.004407038446515799,0.0044232141226530075,0.004441125318408012,0.004458581563085318,0.004477062728255987,0.004494902677834034,0.004509735386818647,0.00452103978022933,0.0045290179550647736,0.004533234052360058,0.004533995408564806
0.004209783859550953,0.004209841601550579,0.004200491588562727,0.004199585877358913,0.004214884247630835,0.0042404658161103725,0.004270253702998161,0.004302742891013622,0.0043230545707046986,0.0043113259598612785,0.004269010853022337,0.004225608427077532,0.004210238344967365,0.00422949343919754,0.004267999902367592,0.004299817606806755,0.004311368800699711,0.004306303337216377,0.004293809644877911,0.004280669614672661,0.004277599975466728,0.004289258737117052,0.004308933857828379,0.004329624120146036,0.004348916932940483,0.004363445099443197,0.004372854717075825,0.004382863640785217,0.0043952749110758305,0.004404195584356785,0.004410285037010908,0.004417662508785725,0.004425957798957825,0.00443374365568161,0.004442334175109863,0.004451337270438671,0.004459795076400042,0.004464543424546719,0.0044637322425842285,0.004456700291484594,0.0044488077983260155
0.004304405767470598,0.004316386301070452,0.004299400374293327,0.004276947118341923,0.004273625556379557,0.004295024089515209,0.004334869794547558,0.004381855949759483,0.004414663650095463,0.004403695929795504,0.004346860572695732,0.004282688722014427,0.004255910404026508,0.004278619773685932,0.004325278103351593,0.004359536804258823,0.004364427179098129,0.004351301118731499,0.004335284698754549,0.0043236268684268,0.00432113092392683,0.004329809918999672,0.0043409354984760284,0.004351726733148098,0.004364173859357834,0.0043741269037127495,0.004376616328954697,0.004374379757791758,0.0043727802112698555,0.004371010232716799,0.004371805116534233,0.004375820979475975,0.004377954639494419,0.004377844277769327,0.004377971403300762,0.00437843706458807,0.004376890137791634,0.004370966460555792,0.004362552892416716,0.004354092758148909,0.004347535315901041
0.0043283128179609776,0.004355188924819231,0.004351976327598095,0.004328268114477396,0.004309989511966705,0.004317449405789375,0.0043494985438883305,0.004388681147247553,0.004411422181874514,0.004398135002702475,0.004349288530647755,0.004299432970583439,0.004286323208361864,0.004314812365919352,0.004358142614364624,0.004385823383927345,0.0043882280588150024,0.004375869873911142,0.004359361715614796,0.004344127606600523,0.004336775746196508,0.004341288935393095,0.004349842667579651,0.004356190096586943,0.004360971972346306,0.004359332378953695,0.0043509043753147125,0.0043411338701844215,0.004333524499088526,0.00432706018909812,0.00432269461452961,0.004320994019508362,0.004317339044064283,0.004311924334615469,0.004308114759624004,0.004304492846131325,0.004298281390219927,0.004288751166313887,0.004278171807527542,0.004268984775990248,0.0042600869201123714
0.004335965029895306,0.004363951273262501,0.0043823146261274815,0.004378600046038628,0.004362485837191343,0.004359868820756674,0.004374801181256771,0.004391000606119633,0.0043951403349637985,0.0043828547932207584,0.004356901161372662,0.004334682133048773,0.004334922414273024,0.004358199890702963,0.004390534479171038,0.004415581002831459,0.00442507304251194,0.004418546799570322,0.00439953850582242,0.004376186989247799,0.00436156103387475,0.004363488871604204,0.004373512696474791,0.004380485042929649,0.004379748832434416,0.0043694269843399525,0.004353910684585571,0.004342271946370602,0.004335117060691118,0.0043265484273433685,0.004315638914704323,0.004305237904191017,0.004295477643609047,0.0042863404378294945,0.004279024433344603,0.004272501450031996,0.004265637136995792,0.004258014261722565,0.004248857498168945,0.0042368569411337376,0.004223405849188566
0.004333919379860163,0.004352685995399952,0.004373928532004356,0.004380503203719854,0.004373875912278891,0.004373734816908836,0.0043839020654559135,0.004389601293951273,0.00438534002751112,0.004374808166176081,0.004360766150057316,0.00435311533510685,0.004361964762210846,0.004386931657791138,0.004417691845446825,0.0044402158819139,0.004445159342139959,0.004431452602148056,0.004407165572047234,0.00438568415120244,0.004376017022877932,0.004378525074571371,0.004384256899356842,0.0043855165131390095,0.004381922539323568,0.004371889401227236,0.004357314668595791,0.004344036336988211,0.004332646261900663,0.004320426378399134,0.004308458883315325,0.004297733772546053,0.004287161864340305,0.0042764246463775635,0.004265158902853727,0.004253242630511522,0.004242273513227701,0.00423224363476038,0.004222034476697445,0.004211594816297293,0.004202754236757755
0.004312111996114254,0.0043249898590147495,0.004337901249527931,0.0043462784960865974,0.004351371433585882,0.004360606428235769,0.004372164141386747,0.004377002362161875,0.004372176714241505,0.004361777100712061,0.0043515474535524845,0.004352619405835867,0.004371639806777239,0.004402092657983303,0.004429379012435675,0.004442573059350252,0.004436898045241833,0.004417375661432743,0.004396860487759113,0.00438458239659667,0.004382466897368431,0.00438736192882061,0.004392053000628948,0.004393472336232662,0.004392225295305252,0.004386706277728081,0.0043770200572907925,0.004364441614598036,0.004352187272161245,0.004342063795775175,0.004334272351115942,0.004326080437749624,0.004314055200666189,0.004301172681152821,0.004288814030587673,0.004276622086763382,0.004263950511813164,0.00425137672573328,0.004239895846694708,0.0042314687743783,0.004226588178426027
0.004324014764279127,0.004332831595093012,0.004342496860772371,0.004354787524789572,0.004367884714156389,0.004378131590783596,0.004383603576570749,0.004384348168969154,0.004379873629659414,0.004372855648398399,0.004368827678263187,0.004376223776489496,0.004394820425659418,0.004414440598338842,0.004426909144967794,0.004431226756423712,0.004427100531756878,0.0044160825200378895,0.004403694067150354,0.004394711460918188,0.004392931237816811,0.00440047075971961,0.004414630588144064,0.004426984582096338,0.004432023968547583,0.004431129898875952,0.004428325220942497,0.004424582235515118,0.0044213696382939816,0.004418577067553997,0.004414174240082502,0.004404265433549881,0.004389719571918249,0.00437619024887681,0.004365306347608566,0.0043555255979299545,0.004345048684626818,0.004334835801273584,0.004325339570641518,0.004315877333283424,0.004306969232857227
0.004333673045039177,0.004339108243584633,0.004348561633378267,0.004359753802418709,0.004369116388261318,0.004373602569103241,0.004374193027615547,0.004372795112431049,0.00436895526945591,0.0043634469620883465,0.004361816681921482,0.004368210211396217,0.004378250800073147,0.0043866983614861965,0.004391051828861237,0.004392688162624836,0.004389576613903046,0.0043804398737847805,0.004370461218059063,0.004366312641650438,0.004370746202766895,0.004384913947433233,0.004405410960316658,0.004423472564667463,0.004433765076100826,0.004440737888216972,0.004448396153748035,0.004455984104424715,0.00446250569075346,0.004465777426958084,0.004464572761207819,0.0044598570093512535,0.004454571288079023,0.004448371473699808,0.004440097603946924,0.004430045839399099,0.0044207023456692696,0.004412519745528698,0.004405639600008726,0.004398104269057512,0.004389140289276838
