earth/public/data/atmosphere/C53/ANN-temp-isobaric-1000hPa-gfs-1.0.json
{"header": {"discipline": 0, "disciplineName": "Meteorological products", "gribEdition": 2, "gribLength": 17922.0, "center": 0, "centerName": "Kiel Climate Model", "subcenter": 0, "refTime": "1", "significanceOfRT": 1, "significanceOfRTName": "Start of forecast", "productStatus": 0, "productStatusName": "Operational products", "productType": 1, "productTypeName": "Forecast products", "productDefinitionTemplate": 0, "productDefinitionTemplateName": "Analysis/forecast at horizontal level/layer at a point in time", "parameterCategory": 2, "parameterCategoryName": "Momentum", "parameterNumber": 2, "parameterNumberName": "U-component_of_wind", "parameterUnit": "K", "genProcessType": 2, "genProcessTypeName": "Forecast", "forecastTime": 0, "surface1Type": 103, "surface1TypeName": "Specified height level above ground", "surface1Value": 10, "surface2Type": 255, "surface2TypeName": "Missing", "surface2Value": 0, "gridDefinitionTemplate": 0, "gridDefinitionTemplateName": "Latitude_Longitude", "numberPoints": 65160, "shape": 6, "shapeName": "Earth spherical with radius of 6,371,229.0 m", "gridUnits": "degrees", "resolution": 48, "winds": "true", "scanMode": 0, "nx": 128.0, "ny": 64.0, "basicAngle": 0, "subDivisions": 0, "lo1": 0.0, "la1": 87.86379883923263, "lo2": 357.1875, "la2": -87.86379883923263, "dx": 2.8125, "dy": 2.7893269472772264}, "data":
[rows 0 to 19 of 64, columns 44 to 87 of 128]
278.0876770019531,278.08380126953125,278.0806884765625,278.0783996582031,278.0770263671875,278.0768127441406,278.0777893066406,278.080078125,278.08380126953125,278.0890197753906,278.0958251953125,278.10418701171875,278.1142272949219,278.1258850097656,278.13916015625,278.15399169921875,278.1703186035156,278.18804931640625,278.20709228515625,278.2273254394531,278.24859619140625,278.2707214355469,278.2935485839844,278.31695556640625,278.3406982421875,278.3646240234375,278.38848876953125,278.4122009277344,278.435546875,278.4583435058594,278.48046875,278.5018005371094,278.5221862792969,278.54156494140625,278.55987548828125,278.5770263671875,278.5929870605469,278.6077880859375,278.62139892578125,278.6339111328125,278.64532470703125,278.65570068359375,278.6651611328125,278.67376708984375
277.9401550292969,277.8987121582031,277.85748291015625,277.817626953125,277.7802734375,277.74658203125,277.7175598144531,277.6942138671875,277.67742919921875,277.6678771972656,277.6660461425781,277.67236328125,277.68701171875,277.7100524902344,277.74139404296875,277.7808532714844,277.82806396484375,277.8825988769531,277.9438781738281,278.01123046875,278.0838623046875,278.16094970703125,278.2414245605469,278.32421875,278.4080810546875,278.4917907714844,278.5740661621094,278.65362548828125,278.7292785644531,278.7998046875,278.8642578125,278.9217529296875,278.9715881347656,279.0133056640625,279.046630859375,279.07147216796875,279.0880126953125,279.0965270996094,279.0975646972656,279.09173583984375,279.079833984375,279.062744140625,279.04150390625,279.01715087890625
278.0043029785156,277.92706298828125,277.8447570800781,277.76123046875,277.6807556152344,277.60736083984375,277.54486083984375,277.4961242675781,277.4630126953125,277.4464111328125,277.44598388671875,277.4606628417969,277.48876953125,277.5285339355469,277.5782470703125,277.63677978515625,277.70361328125,277.7789001464844,277.86334228515625,277.9578857421875,278.06341552734375,278.1802978515625,278.30804443359375,278.44525146484375,278.58929443359375,278.7366027832031,278.8828430175781,279.0234680175781,279.15399169921875,279.2705383300781,279.3702697753906,279.4515380859375,279.5140075683594,279.5585021972656,279.5868225097656,279.6013488769531,279.6047058105469,279.5992431640625,279.5870361328125,279.56939697265625,279.54718017578125,279.520751953125,279.490234375,279.4558410644531
278.0592346191406,277.9594421386719,277.83612060546875,277.7001953125,277.56488037109375,277.4440002441406,277.3498229980469,277.2913513183594,277.27288818359375,277.29315185546875,277.34576416015625,277.4201965332031,277.5037841796875,277.58404541015625,277.6509704589844,277.6990966796875,277.7284851074219,277.7450866699219,277.7596435546875,277.7857971191406,277.8375549316406,277.926513671875,278.059326171875,278.23614501953125,278.45013427734375,278.68792724609375,278.9317626953125,279.1621398925781,279.36077880859375,279.5137023925781,279.6131896972656,279.6589660644531,279.6579895019531,279.6230773925781,279.57080078125,279.51861572265625,279.4822082519531,279.47332763671875,279.4978942871094,279.55584716796875,279.64111328125,279.7431640625,279.8487243652344,279.944091796875
278.39495849609375,278.26922607421875,278.0937194824219,277.8838195800781,277.66400146484375,277.46368408203125,277.311767578125,277.2305603027344,277.2311096191406,277.31036376953125,277.4514465332031,277.62646484375,277.8016357421875,277.943603515625,278.0257263183594,278.03338623046875,277.9674377441406,277.8448486328125,277.696533203125,277.5623779296875,277.484130859375,277.49737548828125,277.6241760253906,277.8677062988281,278.2105407714844,278.6168518066406,279.03851318359375,279.4239501953125,279.72747802734375,279.9178771972656,279.9834899902344,279.933837890625,279.79681396484375,279.6129455566406,279.4276428222656,279.2835388183594,279.2138671875,279.23846435546875,279.36181640625,279.57403564453125,279.8532409667969,280.16949462890625,280.48895263671875,280.7782287597656
278.821533203125,278.7355041503906,278.58050537109375,278.36358642578125,278.1133728027344,277.87225341796875,277.6841125488281,277.5822448730469,277.58074951171875,277.67218017578125,277.8306579589844,278.01910400390625,278.1974792480469,278.3298645019531,278.38995361328125,278.364013671875,278.2532653808594,278.07501220703125,277.8623352050781,277.6612243652344,277.52410888671875,277.49969482421875,277.6209411621094,277.8947448730469,278.2966613769531,278.7732849121094,279.25311279296875,279.6627197265625,279.9444274902344,280.0697937011719,280.04547119140625,279.90966796875,279.720947265625,279.542724609375,279.4288330078125,279.41314697265625,279.5060119628906,279.6967468261719,279.960693359375,280.267333984375,280.5874328613281,280.8970947265625,281.17864990234375,281.4195251464844
279.1915283203125,279.1516418457031,279.024169921875,278.81689453125,278.5724182128906,278.3486022949219,278.193603515625,278.12664794921875,278.1325988769531,278.171630859375,278.1993408203125,278.18670654296875,278.1307067871094,278.0517883300781,277.9799499511719,277.937744140625,277.9298095703125,277.9436340332031,277.9612121582031,277.97442626953125,277.9952697753906,278.05419921875,278.1861877441406,278.4109802246094,278.71722412109375,279.0592041015625,279.3689880371094,279.5804138183594,279.6544494628906,279.5958557128906,279.453857421875,279.3062438964844,279.2333679199219,279.29168701171875,279.496826171875,279.8211364746094,280.2056579589844,280.5806884765625,280.8876037597656,281.0938720703125,281.19873046875,281.22821044921875,281.22320556640625,281.22552490234375
280.02386474609375,279.89508056640625,279.66259765625,279.3604736328125,279.060791015625,278.8395690917969,278.73858642578125,278.7413635253906,278.7769470214844,278.75115966796875,278.5920715332031,278.2873840332031,277.89556884765625,277.5235900878906,277.28204345703125,277.2380065917969,277.3886413574219,277.66729736328125,277.9780578613281,278.24102783203125,278.4259338378906,278.5577697753906,278.6934509277344,278.8832092285156,279.137451171875,279.4170837402344,279.6514892578125,279.77447509765625,279.7598876953125,279.63818359375,279.48687744140625,279.3992919921875,279.44659423828125,279.6500549316406,279.97467041015625,280.3460998535156,280.68072509765625,280.9169006347656,281.0335693359375,281.0517883300781,281.0211486816406,280.9994201660156,281.034423828125,281.15301513671875
281.23260498046875,281.0285949707031,280.75531005859375,280.43951416015625,280.1341247558594,279.8935241699219,279.7416687011719,279.6514892578125,279.55096435546875,279.3576354980469,279.02490234375,278.5753479003906,278.0997314453125,277.7208251953125,277.5386962890625,277.5852966308594,277.81109619140625,278.11016845703125,278.3708801269531,278.5282287597656,278.5909729003906,278.6308288574219,278.7385559082031,278.9710998535156,279.318115234375,279.70635986328125,280.0382080078125,280.241943359375,280.3052978515625,280.27630615234375,280.2331237792969,280.24224853515625,280.3266296386719,280.458740234375,280.5799560546875,280.6351318359375,280.605224609375,280.5218200683594,280.45660400390625,280.4903564453125,280.67718505859375,281.02203369140625,281.4817810058594,281.9874267578125
282.22503662109375,282.1013488769531,281.97161865234375,281.805908203125,281.58770751953125,281.3153076171875,280.9909362792969,280.60968017578125,280.1631774902344,279.6610107421875,279.15203857421875,278.7217102050781,278.4574890136719,278.4016418457031,278.52386474609375,278.73358154296875,278.9228210449219,279.0138244628906,278.9873962402344,278.8857421875,278.7929992675781,278.7998962402344,278.9622497558594,279.26959228515625,279.64373779296875,279.97552490234375,280.1826171875,280.2520446777344,280.24017333984375,280.2311096191406,280.2834167480469,280.4003601074219,280.53717041015625,280.6341247558594,280.65216064453125,280.5940246582031,280.5062561035156,280.46453857421875,280.5469970703125,280.80255126953125,281.22576904296875,281.7523498535156,282.2822570800781,282.7221374511719
283.2005920410156,283.05169677734375,282.8672790527344,282.64117431640625,282.3758850097656,282.0749816894531,281.72967529296875,281.3099060058594,280.783447265625,280.1664733886719,279.56365966796875,279.13995361328125,279.02093505859375,279.1944885253906,279.5040283203125,279.74920654296875,279.81427001953125,279.7230529785156,279.591064453125,279.53289794921875,279.6035461425781,279.7964782714844,280.066650390625,280.3441162109375,280.544677734375,280.6013488769531,280.5110168457031,280.3538513183594,280.2513427734375,280.2851867675781,280.4426574707031,280.6354064941406,280.7743225097656,280.8360595703125,280.8709716796875,280.95660400390625,281.1422119140625,281.42431640625,281.7599182128906,282.09539794921875,282.38726806640625,282.6085510253906,282.74853515625,282.81573486328125
284.373291015625,283.9761657714844,283.5123596191406,283.0783996582031,282.7353515625,282.5148010253906,282.4071960449219,282.3176574707031,282.0756530761719,281.56146240234375,280.859130859375,280.2559509277344,280.03460693359375,280.2319030761719,280.6036376953125,280.8412780761719,280.8324279785156,280.71893310546875,280.7210693359375,280.9258728027344,281.2401123046875,281.5147705078125,281.6781921386719,281.74920654296875,281.760986328125,281.7171325683594,281.6309814453125,281.5747375488281,281.6466064453125,281.8731384277344,282.15667724609375,282.3417053222656,282.3463134765625,282.2333984375,282.1598815917969,282.2559509277344,282.53857421875,282.913818359375,283.2469177246094,283.44146728515625,283.4839782714844,283.4386901855469,283.4056091308594,283.4690246582031
285.315185546875,284.81939697265625,284.5151672363281,284.3886413574219,284.2875061035156,284.1435852050781,284.02587890625,283.9449768066406,283.70001220703125,283.0466613769531,282.0478515625,281.1690673828125,280.922607421875,281.39215087890625,282.1482849121094,282.65509033203125,282.7418212890625,282.6662902832031,282.7599182128906,283.07330322265625,283.3785095214844,283.4617919921875,283.34930419921875,283.240478515625,283.2740478515625,283.41033935546875,283.536376953125,283.6293640136719,283.76934814453125,284.0032653808594,284.24981689453125,284.3719177246094,284.32568359375,284.2081298828125,284.16021728515625,284.2479553222656,284.4388732910156,284.6591491699219,284.8473815917969,284.9718933105469,285.035400390625,285.08026123046875,285.1722412109375,285.36004638671875
286.18768310546875,285.9338073730469,286.24603271484375,286.7215576171875,286.8151550292969,286.40313720703125,285.847900390625,285.4798278808594,285.152587890625,284.46441650390625,283.3970031738281,282.5524597167969,282.61968994140625,283.6441345214844,284.9367980957031,285.7261657714844,285.8260498046875,285.6419982910156,285.6207275390625,285.8062744140625,285.92608642578125,285.79620361328125,285.5447692871094,285.4439697265625,285.59417724609375,285.82940673828125,285.925048828125,285.8439636230469,285.7384033203125,285.7401428222656,285.8216857910156,285.8883361816406,285.9385070800781,286.0572509765625,286.2698059082031,286.48529052734375,286.6142578125,286.68402099609375,286.7909240722656,286.9718933105469,287.17181396484375,287.3229675292969,287.40679931640625,287.4374084472656
287.5863952636719,287.5609436035156,288.0239562988281,288.3738708496094,288.09576416015625,287.36016845703125,286.86883544921875,287.0469665527344,287.52410888671875,287.5759582519531,287.0380859375,286.57269287109375,286.93182373046875,288.0910339355469,289.2716064453125,289.768310546875,289.5824279785156,289.22052001953125,289.05908203125,289.0486755371094,288.9553527832031,288.7098388671875,288.463134765625,288.3797302246094,288.4462585449219,288.4869079589844,288.3549499511719,288.0957946777344,287.8919982910156,287.8438720703125,287.8673400878906,287.85174560546875,287.8448791503906,287.97607421875,288.2283020019531,288.421875,288.4533996582031,288.4324951171875,288.5149841308594,288.6923828125,288.8319396972656,288.8629150390625,288.8263854980469,288.7723693847656
289.30010986328125,289.1860046386719,289.1036682128906,288.7384948730469,288.141845703125,287.85107421875,288.4420166015625,289.8771057128906,291.3768005371094,292.1009826660156,291.9783020019531,291.7231750488281,291.98321533203125,292.6327819824219,293.0416259765625,292.89398193359375,292.4853210449219,292.22735595703125,292.14697265625,292.00994873046875,291.73126220703125,291.4461364746094,291.2569885253906,291.1139221191406,290.9387512207031,290.7243347167969,290.50006103515625,290.3086242675781,290.21282958984375,290.22076416015625,290.2174072265625,290.0896301269531,289.9066467285156,289.83514404296875,289.8785095214844,289.87310791015625,289.770751953125,289.7296142578125,289.84356689453125,289.9661865234375,289.9311828613281,289.80242919921875,289.76104736328125,289.8497009277344
291.22674560546875,290.93939208984375,290.39599609375,289.7214660644531,289.5032043457031,290.21453857421875,291.7576599121094,293.50787353515625,294.7325134277344,295.0843811035156,294.8309631347656,294.5718688964844,294.63311767578125,294.78057861328125,294.6251525878906,294.2041931152344,293.9282531738281,293.97393798828125,294.0411376953125,293.8312683105469,293.47760009765625,293.2783508300781,293.2210693359375,293.0585632324219,292.7398376464844,292.4665832519531,292.3463439941406,292.260498046875,292.1093444824219,291.9503479003906,291.8287048339844,291.6899108886719,291.5380859375,291.4685363769531,291.4605712890625,291.3672180175781,291.199462890625,291.1646423339844,291.30902099609375,291.3946228027344,291.2760009765625,291.1329650878906,291.1618957519531,291.2786560058594
294.1412353515625,293.911865234375,293.20208740234375,292.48883056640625,292.6471862792969,293.78546142578125,295.1384582519531,295.94964599609375,296.0979309082031,295.91375732421875,295.71240234375,295.61895751953125,295.625244140625,295.619873046875,295.47308349609375,295.2376403808594,295.13177490234375,295.1995544433594,295.1907043457031,294.9427490234375,294.6540222167969,294.5605163574219,294.5502014160156,294.36212158203125,294.0270080566406,293.8183898925781,293.8088684082031,293.76300048828125,293.5250549316406,293.2474365234375,293.1086120605469,293.0562438964844,293.0002136230469,293.00140380859375,293.06781005859375,293.0390625,292.8836975097656,292.81048583984375,292.8894348144531,292.9062805175781,292.7716369628906,292.6896057128906,292.7487487792969,292.7429504394531
297.7498474121094,297.5205078125,296.4247131347656,295.38153076171875,295.4456787109375,296.37884521484375,297.1014099121094,297.0762939453125,296.72613525390625,296.637939453125,296.8076477050781,296.86492919921875,296.7392578125,296.67877197265625,296.7451171875,296.7447814941406,296.60406494140625,296.4326171875,296.281982421875,296.12249755859375,295.9677734375,295.83673095703125,295.6858215332031,295.4764709472656,295.24542236328125,295.0755615234375,294.9992980957031,294.93646240234375,294.806884765625,294.68603515625,294.6715087890625,294.6591491699219,294.5264587402344,294.4102478027344,294.4609375,294.5252990722656,294.439453125,294.3404846191406,294.3435363769531,294.2972412109375,294.14697265625,294.07635498046875,294.09130859375,293.9806823730469
300.2378234863281,299.5675964355469,298.0682373046875,296.99298095703125,297.1619873046875,297.9627380371094,298.3861389160156,298.1846008300781,297.84954833984375,297.8541259765625,298.073974609375,298.07647705078125,297.8612976074219,297.8082275390625,297.9612121582031,297.99261474609375,297.79412841796875,297.56158447265625,297.4360046386719,297.3957214355469,297.322021484375,297.10150146484375,296.8338623046875,296.7402038574219,296.75323486328125,296.6080017089844,296.3489685058594,296.2286682128906,296.2301330566406,296.20806884765625,296.211181640625,296.23895263671875,296.1250305175781,295.9322204589844,295.90618896484375,295.973388671875,295.8947448730469,295.76025390625,295.7416687011719,295.70611572265625,295.5570068359375,295.45343017578125,295.39910888671875,295.22454833984375
