earth/public/data/atmosphere/C53/ANN-tsw-surface-level-gfs-1.0.json
{"header": {"discipline": 0, "disciplineName": "Meteorological products", "gribEdition": 2, "gribLength": 131138.0, "center": 0, "centerName": "Kiel Climate Model", "subcenter": 0, "refTime": "1", "significanceOfRT": 1, "significanceOfRTName": "Start of forecast", "productStatus": 0, "productStatusName": "Operational products", "productType": 1, "productTypeName": "Forecast products", "productDefinitionTemplate": 0, "productDefinitionTemplateName": "Analysis/forecast at horizontal level/layer at a point in time", "parameterCategory": 2, "parameterCategoryName": "Momentum", "parameterNumber": 2, "parameterNumberName": "U-component_of_wind", "parameterUnit": "K", "genProcessType": 2, "genProcessTypeName": "Forecast", "forecastTime": 0, "surface1Type": 103, "surface1TypeName": "Specified height level above ground", "surface1Value": 10, "surface2Type": 255, "surface2TypeName": "Missing", "surface2Value": 0, "gridDefinitionTemplate": 0, "gridDefinitionTemplateName": "Latitude_Longitude", "numberPoints": 65160, "shape": 6, "shapeName": "Earth spherical with radius of 6,371,229.0 m", "gridUnits": "degrees", "resolution": 48, "winds": "true", "scanMode": 0, "nx": 360.0, "ny": 180.0, "basicAngle": 0, "subDivisions": 0, "lo1": 0.0, "la1": -89.5, "lo2": 359.0, "la2": 89.5, "dx": 1.0, "dy": -1.0}, "data":
[rows 84 to 104 of 180, columns 96 to 143 of 360]
307.2425842285156,307.2537841796875,307.2734069824219,307.2969665527344,307.31890869140625,307.33123779296875,307.3464050292969,307.37371826171875,307.38885498046875,307.3955078125,307.4067077636719,307.413330078125,307.4102783203125,307.40374755859375,307.4006652832031,307.3909912109375,307.3729248046875,307.35919189453125,307.3509216308594,307.3468322753906,307.34002685546875,307.32666015625,307.3198547363281,307.3096923828125,307.2900390625,307.27984619140625,307.2819519042969,307.284423828125,307.2865295410156,307.3123474121094,307.358642578125,307.4710388183594,307.6322326660156,307.71881103515625,307.66912841796875,307.5774230957031,307.5277404785156,307.54364013671875,307.573974609375,307.5898742675781,307.56640625,307.5235595703125,307.5001220703125,307.4736633300781,307.4256591796875,307.3992004394531,307.37139892578125,307.3203125
307.2983093261719,307.30450439453125,307.3158264160156,307.33087158203125,307.3469543457031,307.35577392578125,307.3691711425781,307.3935241699219,307.40692138671875,307.4080810546875,307.4101257324219,307.4112548828125,307.40185546875,307.3847351074219,307.37530517578125,307.36236572265625,307.3388366699219,307.3162536621094,307.2987060546875,307.2890625,307.27569580078125,307.2513732910156,307.2380065917969,307.22021484375,307.1878662109375,307.1700744628906,307.163330078125,307.1510925292969,307.14434814453125,307.1658630371094,307.2049560546875,307.3380126953125,307.54083251953125,307.65240478515625,307.5936279296875,307.4867858886719,307.4280090332031,307.4530944824219,307.49871826171875,307.5238342285156,307.4990539550781,307.4540100097656,307.4292297363281,307.40374755859375,307.357421875,307.3319396972656,307.3009033203125,307.2445068359375
307.31573486328125,307.3217468261719,307.332763671875,307.34893798828125,307.36712646484375,307.37725830078125,307.3905334472656,307.41473388671875,307.42803955078125,307.4294738769531,307.4320373535156,307.4334716796875,307.4272155761719,307.4154052734375,307.4091491699219,307.4008483886719,307.385009765625,307.368896484375,307.3544006347656,307.3465576171875,307.3307800292969,307.3023986816406,307.28662109375,307.2639465332031,307.2234802246094,307.2008361816406,307.1910095214844,307.1736755371094,307.1638488769531,307.17333984375,307.1924133300781,307.2696838378906,307.3995361328125,307.4673156738281,307.4096984863281,307.3048095703125,307.2471923828125,307.25482177734375,307.2713317871094,307.2789306640625,307.2556457519531,307.2130432128906,307.18975830078125,307.16851806640625,307.1292419433594,307.1080322265625,307.0818786621094,307.03363037109375
307.347412109375,307.3531494140625,307.3635559082031,307.38153076171875,307.40399169921875,307.416259765625,307.4294128417969,307.4532775878906,307.4664306640625,307.4683532714844,307.4718933105469,307.4738464355469,307.472900390625,307.4716491699219,307.4707336425781,307.4700927734375,307.46966552734375,307.46429443359375,307.4559020996094,307.4511413574219,307.4312744140625,307.39483642578125,307.3749694824219,307.3442077636719,307.2875061035156,307.2567138671875,307.2418212890625,307.2142333984375,307.1993408203125,307.18878173828125,307.1678161621094,307.1520690917969,307.1359558105469,307.1307373046875,307.0751037597656,306.97412109375,306.9184875488281,306.89697265625,306.8551940917969,306.83367919921875,306.8128356933594,306.775146484375,306.7542724609375,306.7401428222656,306.7150573730469,306.700927734375,306.68292236328125,306.6509094238281
307.3648376464844,307.3703918457031,307.3804931640625,307.3995666503906,307.4241943359375,307.4377136230469,307.4507751464844,307.4744873046875,307.4875183105469,307.48974609375,307.4938049316406,307.49603271484375,307.498291015625,307.5023498535156,307.50457763671875,307.5085754394531,307.5158386230469,307.51690673828125,307.5115661621094,307.5086364746094,307.4863586425781,307.44586181640625,307.423583984375,307.387939453125,307.3231201171875,307.2874755859375,307.2695007324219,307.23681640625,307.2188415527344,307.1962890625,307.1553039550781,307.083740234375,306.99462890625,306.9456481933594,306.89117431640625,306.7921447753906,306.7376708984375,306.6986999511719,306.6277770996094,306.58880615234375,306.5694274902344,306.5341796875,306.5148010253906,306.5048828125,306.4869079589844,306.4770202636719,306.4638671875,306.44000244140625
307.3370666503906,307.34405517578125,307.3565368652344,307.3781433105469,307.4045715332031,307.419189453125,307.432861328125,307.4576416015625,307.4712829589844,307.47320556640625,307.4767150878906,307.4786071777344,307.48236083984375,307.4888916015625,307.49261474609375,307.5014343261719,307.51666259765625,307.5282897949219,307.53253173828125,307.53533935546875,307.5130310058594,307.47247314453125,307.4501647949219,307.4164733886719,307.3404541015625,307.2874755859375,307.2697448730469,307.2365417480469,307.2188415527344,307.1966247558594,307.15496826171875,307.101318359375,307.0516357421875,307.031982421875,306.98309326171875,306.8934020996094,306.8445129394531,306.8098449707031,306.74615478515625,306.71148681640625,306.68023681640625,306.6251525878906,306.5938720703125,306.5814514160156,306.55926513671875,306.54681396484375,306.5092468261719,306.44464111328125
307.2865905761719,307.29595947265625,307.3132019042969,307.3389892578125,307.36907958984375,307.3855285644531,307.40020751953125,307.42706298828125,307.4417419433594,307.443115234375,307.445556640625,307.4469299316406,307.4531555175781,307.4646911621094,307.47088623046875,307.4876708984375,307.5189208984375,307.548095703125,307.57147216796875,307.5838623046875,307.5614929199219,307.52081298828125,307.4984436035156,307.4801940917969,null,null,null,null,null,null,null,null,307.18511962890625,307.1889343261719,307.1493835449219,307.07830810546875,307.03875732421875,307.01129150390625,306.9620361328125,306.9346008300781,306.88348388671875,306.78875732421875,306.7376708984375,306.7210388183594,306.6903991699219,306.67376708984375,306.595458984375,306.4493408203125
307.25885009765625,307.2696228027344,307.28924560546875,307.31756591796875,307.3494567871094,307.36700439453125,307.38232421875,307.4101867675781,307.4255065917969,307.4265441894531,307.428466796875,307.42950439453125,307.4372253417969,307.45123291015625,307.4589538574219,307.48052978515625,307.5197448730469,307.5594482421875,307.5924072265625,307.6105651855469,307.5881652832031,307.54742431640625,307.5249938964844,307.5249938964844,null,null,null,null,null,null,null,null,307.2752685546875,307.2752685546875,307.2413024902344,307.1795654296875,307.14556884765625,307.1224670410156,307.0804138183594,307.05731201171875,306.9942932128906,306.8797607421875,306.8167419433594,306.7975769042969,306.76275634765625,306.74359130859375,306.64080810546875,306.4539794921875
307.2389221191406,307.25067138671875,307.2718811035156,307.298828125,307.3268127441406,307.3420104980469,307.3517761230469,307.370361328125,307.3800964355469,307.37994384765625,307.37982177734375,307.3796691894531,307.3907775878906,307.4104309082031,307.4215393066406,307.4588623046875,307.52435302734375,307.57147216796875,307.5950012207031,307.6105651855469,307.5884704589844,307.5470886230469,307.5249938964844,307.5249938964844,null,null,null,null,null,null,null,null,307.3436279296875,307.3252868652344,307.3135070800781,307.2887268066406,307.2769470214844,307.2303466796875,307.130126953125,307.05731201171875,306.9952392578125,306.8788146972656,306.8167419433594,306.7978515625,306.762451171875,306.74359130859375,306.642333984375,306.45245361328125
307.20269775390625,307.216064453125,307.2405090332031,307.26513671875,307.2853088378906,307.2966003417969,307.29705810546875,307.2970886230469,307.29754638671875,307.2953796386719,307.2912292480469,307.2890625,307.3057861328125,307.33673095703125,307.3534851074219,307.41705322265625,307.5350646972656,307.5999755859375,null,null,null,null,null,null,null,null,null,null,null,null,307.5405578613281,307.49969482421875,307.4423522949219,307.4162902832031,307.44146728515625,307.4906005859375,307.5157775878906,307.4770812988281,null,null,null,null,null,null,null,null,null,null
307.1827697753906,307.1971130371094,307.22314453125,307.2464294433594,307.2626647949219,307.2716064453125,307.2665100097656,307.25726318359375,307.2521667480469,307.248779296875,307.24261474609375,307.2392272949219,307.25933837890625,307.2959289550781,307.3160705566406,307.3954162597656,307.5396423339844,307.6189880371094,null,null,null,null,null,null,null,null,null,null,null,null,307.5405578613281,307.5211181640625,307.4857482910156,307.46630859375,307.513671875,307.5997619628906,307.6471252441406,307.6471252441406,null,null,null,null,null,null,null,null,null,null
307.1527099609375,307.16375732421875,307.1842956542969,307.1985778808594,307.2054138183594,307.20867919921875,307.1968078613281,307.17620849609375,307.1643371582031,307.16802978515625,307.17364501953125,307.1773376464844,307.1962890625,307.2308654785156,307.24981689453125,307.31536865234375,307.4366149902344,307.5038757324219,null,null,null,null,null,null,null,null,null,null,null,null,307.4242858886719,307.41619873046875,307.35546875,307.32080078125,307.3865966796875,307.5034484863281,307.56927490234375,307.5839538574219,null,null,null,null,null,null,null,null,null,null
307.0980529785156,307.10357666015625,307.11309814453125,307.1124572753906,307.10040283203125,307.09423828125,307.071044921875,307.0278625488281,307.0046691894531,307.0201416015625,307.04937744140625,307.0648498535156,307.081787109375,307.1123962402344,307.12933349609375,307.171875,307.2471923828125,307.28802490234375,null,null,null,null,null,null,null,null,null,307.1357727050781,307.1357727050781,307.1861572265625,307.2555847167969,307.2277526855469,307.1162414550781,307.0561828613281,307.15277099609375,307.3311462402344,307.4277038574219,307.4875793457031,307.6291809082031,307.7239990234375,307.7239990234375,null,null,null,null,null,null,null
306.9706726074219,306.9744567871094,306.9811096191406,306.970947265625,306.9458923339844,306.93194580078125,306.90185546875,306.84716796875,306.81707763671875,306.84283447265625,306.8891906738281,306.9149475097656,306.92303466796875,306.93890380859375,306.9469909667969,306.9616394042969,306.99041748046875,306.9851379394531,null,null,null,null,null,null,null,null,null,307.1309814453125,307.1398620605469,307.1517639160156,307.1793518066406,307.0963439941406,306.9491882324219,306.8845520019531,307.0002746582031,307.21051025390625,307.32623291015625,307.3978271484375,307.5320129394531,307.6036071777344,307.6053771972656,null,null,null,null,null,null,null
306.793701171875,306.80010986328125,306.81201171875,306.8009338378906,306.7687683105469,306.7512512207031,306.7209777832031,306.6659240722656,306.6356506347656,306.666748046875,306.72381591796875,306.7549133300781,306.750244140625,306.7406311035156,306.7359619140625,306.7270812988281,306.70880126953125,306.708984375,306.73846435546875,306.75360107421875,306.800048828125,306.8871765136719,306.93365478515625,306.9610290527344,307.0123596191406,307.03973388671875,307.0744934082031,307.12530517578125,307.1473083496094,307.15185546875,null,null,306.86865234375,306.8371276855469,306.9539489746094,307.16644287109375,307.28326416015625,307.3108825683594,307.35711669921875,307.3847351074219,307.3829650878906,null,null,null,null,null,null,null
306.6963806152344,306.704345703125,306.7188720703125,306.70721435546875,306.6715087890625,306.65185546875,306.6214904785156,306.5662536621094,306.5358581542969,306.5701904296875,306.632568359375,306.6669006347656,306.6545715332031,306.6322021484375,306.6199035644531,306.5968933105469,306.5550842285156,306.590087890625,306.6955871582031,306.75360107421875,306.8007507324219,306.886474609375,306.93365478515625,306.96142578125,307.011962890625,307.03973388671875,307.0689697265625,307.1221618652344,307.1513977050781,307.1513977050781,null,null,306.81103515625,306.81103515625,306.92852783203125,307.14215087890625,307.2596130371094,307.2608642578125,307.26312255859375,307.26434326171875,307.26434326171875,null,null,null,null,null,null,null
306.6675720214844,306.6662902832031,306.6653747558594,306.6439208984375,306.6073303222656,306.5871276855469,306.5749206542969,306.54998779296875,306.53778076171875,306.57171630859375,306.63348388671875,306.6674499511719,306.65924072265625,306.64373779296875,306.63555908203125,306.6191711425781,306.5883483886719,306.6123962402344,306.68865966796875,306.7291259765625,306.7513427734375,306.7955322265625,306.8177490234375,306.8316650390625,306.8590087890625,306.8729248046875,306.9010009765625,306.95220947265625,306.9803161621094,306.9828186035156,null,null,306.6889953613281,306.68719482421875,306.8291015625,307.08343505859375,307.2253723144531,307.2115173339844,307.18865966796875,307.1748046875,307.1761169433594,null,null,null,null,null,null,null
306.61517333984375,306.5984802246094,306.5666809082031,306.5289001464844,306.4905090332031,306.46942138671875,306.4875183105469,306.5231628417969,306.541259765625,306.5745849609375,306.6351013183594,306.6684265136719,306.6671142578125,306.6653747558594,306.6640930175781,306.65869140625,306.64984130859375,306.6556396484375,306.67340087890625,306.6846008300781,306.665283203125,306.62640380859375,306.6070861816406,306.5978088378906,306.5788269042969,306.5695495605469,306.595703125,306.64306640625,306.6692199707031,306.6667175292969,null,null,306.46014404296875,306.46197509765625,306.6446228027344,306.98040771484375,307.1630859375,307.1241149902344,307.0509948730469,307.01202392578125,307.0107116699219,null,null,null,306.8897705078125,306.8897705078125,306.8927001953125,306.89813232421875
306.5863952636719,306.5604248046875,306.51318359375,306.4656066894531,306.4263000488281,306.4046936035156,306.4409484863281,306.50689697265625,306.54315185546875,306.57611083984375,306.6360168457031,306.6689758300781,306.6717834472656,306.67694091796875,306.67974853515625,306.68096923828125,306.68310546875,306.677978515625,306.66644287109375,306.6601257324219,306.6158752441406,306.5354309082031,306.4912109375,306.468017578125,306.4259033203125,306.4027099609375,306.4277038574219,306.47314453125,306.4981384277344,306.4981384277344,null,null,306.3381042480469,306.3381042480469,306.5451965332031,306.9217224121094,307.1288146972656,307.07476806640625,306.9765319824219,306.9225158691406,306.9225158691406,null,null,null,306.8897705078125,306.8897705078125,306.8927307128906,306.8981018066406
306.42041015625,306.406005859375,306.3780822753906,306.3179016113281,306.23834228515625,306.1925354003906,306.22711181640625,306.2902526855469,306.3248291015625,306.36468505859375,306.4361267089844,306.47601318359375,306.47894287109375,306.4842529296875,306.4871826171875,306.4810791015625,306.4710693359375,306.4237365722656,306.3540344238281,306.31280517578125,306.35345458984375,306.4288330078125,306.4912109375,306.4683837890625,306.425537109375,306.4027099609375,306.4273376464844,306.4735107421875,306.4981384277344,306.4981384277344,null,null,306.1877136230469,306.1854553222656,306.3939208984375,306.7727355957031,306.9811706542969,306.93890380859375,306.86029052734375,306.8180236816406,306.8195495605469,null,null,null,306.78759765625,306.78607177734375,306.78033447265625,306.77117919921875
306.11859130859375,306.1235046386719,306.1341857910156,306.0530090332031,305.89288330078125,305.80682373046875,305.8385925292969,305.89605712890625,305.9278259277344,305.979248046875,306.0737609863281,306.12518310546875,306.1282958984375,306.1339416503906,306.1370544433594,306.1187744140625,306.08447265625,305.9667663574219,305.7807312011719,305.6813049316406,305.7481384277344,null,null,null,null,null,null,null,null,null,null,null,305.90570068359375,305.9079284667969,306.11865234375,306.50201416015625,306.7127685546875,306.69012451171875,306.6507263183594,306.6280517578125,306.62652587890625,null,null,null,306.59600830078125,306.5975341796875,306.5773010253906,306.5391540527344
