earth/public/data/atmosphere/C53/ANN-temp-isobaric-850hPa-gfs-1.0.json
{"header": {"discipline": 0, "disciplineName": "Meteorological products", "gribEdition": 2, "gribLength": 17922.0, "center": 0, "centerName": "Kiel Climate Model", "subcenter": 0, "refTime": "1", "significanceOfRT": 1, "significanceOfRTName": "Start of forecast", "productStatus": 0, "productStatusName": "Operational products", "productType": 1, "productTypeName": "Forecast products", "productDefinitionTemplate": 0, "productDefinitionTemplateName": "Analysis/forecast at horizontal level/layer at a point in time", "parameterCategory": 2, "parameterCategoryName": "Momentum", "parameterNumber": 2, "parameterNumberName": "U-component_of_wind", "parameterUnit": "K", "genProcessType": 2, "genProcessTypeName": "Forecast", "forecastTime": 0, "surface1Type": 103, "surface1TypeName": "Specified height level above ground", "surface1Value": 10, "surface2Type": 255, "surface2TypeName": "Missing", "surface2Value": 0, "gridDefinitionTemplate": 0, "gridDefinitionTemplateName": "Latitude_Longitude", "numberPoints": 65160, "shape": 6, "shapeName": "Earth spherical with radius of 6,371,229.0 m", "gridUnits": "degrees", "resolution": 48, "winds": "true", "scanMode": 0, "nx": 128.0, "ny": 64.0, "basicAngle": 0, "subDivisions": 0, "lo1": 0.0, "la1": 87.86379883923263, "lo2": 357.1875, "la2": -87.86379883923263, "dx": 2.8125, "dy": 2.7893269472772264}, "data":
[rows 40 to 59 of 64, columns 0 to 43 of 128]
300.5943908691406,300.7413635253906,300.9886169433594,301.0033264160156,301.0029296875,301.4371643066406,302.199951171875,302.74090576171875,302.38409423828125,300.5936279296875,297.69976806640625,294.9979248046875,293.4568786621094,292.8554382324219,292.5393981933594,292.28289794921875,292.130126953125,292.0220031738281,291.8526611328125,291.6391296386719,291.494873046875,291.4564514160156,291.43255615234375,291.3747253417969,291.3348083496094,291.3170471191406,291.2920837402344,291.3063659667969,291.3708801269531,291.4068908691406,291.4224548339844,291.4915771484375,291.5662536621094,291.57470703125,291.5752868652344,291.6109619140625,291.6278381347656,291.6265563964844,291.6545104980469,291.6746826171875,291.6451110839844,291.6148376464844,291.6139831542969,291.59930419921875
298.3797607421875,298.1902770996094,298.3448486328125,298.5755615234375,298.6142272949219,298.8475341796875,299.4549560546875,299.74224853515625,298.9418029785156,297.2090148925781,295.3731689453125,293.9617614746094,292.91448974609375,292.111328125,291.61932373046875,291.3935241699219,291.2369384765625,291.0803527832031,290.94940185546875,290.78778076171875,290.5765380859375,290.4088134765625,290.3192443847656,290.2618408203125,290.22314453125,290.1850891113281,290.1185607910156,290.0743408203125,290.09552001953125,290.1140441894531,290.0959777832031,290.1076965332031,290.1497497558594,290.1546936035156,290.1445007324219,290.17376708984375,290.205322265625,290.2002868652344,290.1914978027344,290.185791015625,290.1483154296875,290.10064697265625,290.09552001953125,290.1123352050781
295.86700439453125,295.5772399902344,295.6100769042969,295.8863220214844,295.9944152832031,296.2405700683594,296.8194580078125,296.90087890625,295.7994689941406,294.2212219238281,293.2215881347656,292.6990661621094,291.9834289550781,291.1683654785156,290.76800537109375,290.66937255859375,290.42437744140625,290.0758056640625,289.908203125,289.8550720214844,289.7142639160156,289.5137939453125,289.343017578125,289.19915771484375,289.1002502441406,289.0569152832031,288.99981689453125,288.91070556640625,288.85662841796875,288.8363952636719,288.79718017578125,288.7632141113281,288.7704162597656,288.7798156738281,288.77020263671875,288.7762145996094,288.7881774902344,288.76080322265625,288.71527099609375,288.7037658691406,288.7082824707031,288.6799011230469,288.6305847167969,288.5990905761719
292.88519287109375,292.7013854980469,292.65460205078125,292.869873046875,293.10198974609375,293.5587463378906,294.2782287597656,294.4491271972656,293.5296630859375,292.2660217285156,291.5611267089844,291.18939208984375,290.6019287109375,290.0704345703125,290.0255126953125,290.10284423828125,289.77740478515625,289.2405090332031,288.9275817871094,288.8152160644531,288.6959228515625,288.5726013183594,288.46270751953125,288.2917785644531,288.10382080078125,288.0042724609375,287.9430847167969,287.8330383300781,287.7244873046875,287.67156982421875,287.6264343261719,287.5683288574219,287.5386962890625,287.5260925292969,287.4881591796875,287.44854736328125,287.4385070800781,287.42095947265625,287.3736572265625,287.3461608886719,287.35577392578125,287.3360900878906,287.25360107421875,287.17022705078125
289.7368469238281,289.71014404296875,289.71588134765625,289.96630859375,290.34124755859375,290.8645935058594,291.4628601074219,291.6399841308594,291.1177978515625,290.3517150878906,289.8255920410156,289.41455078125,288.9552307128906,288.7391357421875,288.9026184082031,289.01214599609375,288.7372131347656,288.3170166015625,288.0248718261719,287.78631591796875,287.55511474609375,287.4754333496094,287.5196228027344,287.4665222167969,287.2849426269531,287.130615234375,287.0274658203125,286.8920593261719,286.7493896484375,286.6605529785156,286.5832824707031,286.4790954589844,286.3953857421875,286.34686279296875,286.28143310546875,286.2043151855469,286.1744689941406,286.1773681640625,286.1473083496094,286.0909118652344,286.05963134765625,286.04132080078125,285.9942626953125,285.9385681152344
286.6446228027344,286.7120361328125,286.8279113769531,287.1813659667969,287.6522216796875,288.091064453125,288.4159851074219,288.51654052734375,288.3714599609375,288.1308898925781,287.886962890625,287.58917236328125,287.2996520996094,287.19378662109375,287.21844482421875,287.1343994140625,286.94219970703125,286.8480224609375,286.8179931640625,286.6317138671875,286.34930419921875,286.2544860839844,286.3623962402344,286.4135437011719,286.30657958984375,286.16339111328125,286.0391845703125,285.8876647949219,285.73211669921875,285.6220397949219,285.5137023925781,285.3654479980469,285.2356872558594,285.165771484375,285.0981750488281,284.9977111816406,284.9211730957031,284.9020690917969,284.8894958496094,284.84722900390625,284.8066101074219,284.79083251953125,284.7756652832031,284.7428894042969
283.7786560058594,283.8614807128906,284.0127868652344,284.3581848144531,284.8017578125,285.1807556152344,285.4432373046875,285.63128662109375,285.77996826171875,285.8629455566406,285.82794189453125,285.70257568359375,285.60565185546875,285.56964111328125,285.4587097167969,285.212158203125,285.0270690917969,285.0813903808594,285.2206726074219,285.184326171875,285.00946044921875,284.92535400390625,284.9644470214844,284.9669494628906,284.878662109375,284.77740478515625,284.678466796875,284.5396728515625,284.39324951171875,284.291015625,284.1907043457031,284.03973388671875,283.8894348144531,283.80474853515625,283.7454833984375,283.644287109375,283.5274353027344,283.46466064453125,283.4606018066406,283.4692077636719,283.468994140625,283.46533203125,283.4511413574219,283.4104919433594
281.46209716796875,281.5399169921875,281.65997314453125,281.8839111328125,282.2059631347656,282.5745544433594,282.95098876953125,283.3084716796875,283.5921630859375,283.7323303222656,283.73028564453125,283.7021179199219,283.7663269042969,283.8815612792969,283.88720703125,283.7377014160156,283.58489990234375,283.562255859375,283.60882568359375,283.6037902832031,283.55242919921875,283.5151062011719,283.46307373046875,283.3449401855469,283.2086181640625,283.1221618652344,283.0491638183594,282.9240417480469,282.7791748046875,282.6796875,282.5990295410156,282.4736633300781,282.3272399902344,282.2323913574219,282.1861267089844,282.12078857421875,282.0191345214844,281.9371032714844,281.9176330566406,281.9439392089844,281.9797058105469,282.0084533691406,282.0237121582031,282.0140075683594
279.74737548828125,279.8218994140625,279.9080810546875,280.0346984863281,280.2686767578125,280.6378479003906,281.0838623046875,281.4913635253906,281.7614440917969,281.8721923828125,281.8927001953125,281.93585205078125,282.0673828125,282.2480773925781,282.3813171386719,282.41497802734375,282.3717041015625,282.2913513183594,282.1983642578125,282.12677001953125,282.1053771972656,282.0945129394531,282.0079650878906,281.8340759277344,281.66632080078125,281.57098388671875,281.4960632324219,281.36767578125,281.2093505859375,281.09100341796875,281.0110168457031,280.91253662109375,280.7904052734375,280.7000427246094,280.66412353515625,280.6378173828125,280.57916259765625,280.505615234375,280.4622802734375,280.4678039550781,280.5091857910156,280.5663146972656,280.6197204589844,280.647216796875
278.4725341796875,278.5128479003906,278.5496520996094,278.6259460449219,278.8247985839844,279.1642150878906,279.5537109375,279.87481689453125,280.0914001464844,280.2627258300781,280.45758056640625,280.6777648925781,280.8708190917969,280.9987487792969,281.0729675292969,281.1189270019531,281.1266174316406,281.0638732910156,280.94085693359375,280.8267517089844,280.7727355957031,280.7406921386719,280.6507568359375,280.49237060546875,280.33795166015625,280.23724365234375,280.1513977050781,280.0212097167969,279.8560791015625,279.71075439453125,279.6015930175781,279.4962463378906,279.379150390625,279.27850341796875,279.2191162109375,279.18316650390625,279.1372985839844,279.07904052734375,279.0384216308594,279.0433349609375,279.0956115722656,279.1738586425781,279.24609375,279.2836608886719
277.56561279296875,277.55755615234375,277.5276794433594,277.54730224609375,277.68756103515625,277.931396484375,278.1797790527344,278.3621826171875,278.52447509765625,278.7794189453125,279.16748046875,279.5885009765625,279.8857116699219,279.9888000488281,279.9599304199219,279.9048156738281,279.86492919921875,279.80999755859375,279.7153015136719,279.60711669921875,279.52197265625,279.4507751464844,279.354248046875,279.22412109375,279.0960998535156,278.9963073730469,278.9022216796875,278.77471923828125,278.60986328125,278.43756103515625,278.2791748046875,278.12969970703125,277.9825439453125,277.84942626953125,277.7454833984375,277.66778564453125,277.6016845703125,277.54473876953125,277.5154724121094,277.5373229980469,277.61663818359375,277.7341613769531,277.8533935546875,277.94024658203125
276.8482666015625,276.8261413574219,276.7643737792969,276.7374572753906,276.8018798828125,276.93365478515625,277.05438232421875,277.12677001953125,277.2121887207031,277.4144287109375,277.760498046875,278.1495056152344,278.4293518066406,278.52337646484375,278.4788818359375,278.3995361328125,278.3471984863281,278.3128356933594,278.2635803222656,278.1918640136719,278.1134033203125,278.0364990234375,277.9538269042969,277.860595703125,277.7645263671875,277.6707458496094,277.56768798828125,277.4377746582031,277.2789611816406,277.10784912109375,276.9430847167969,276.79266357421875,276.658203125,276.5428466796875,276.448974609375,276.3711242675781,276.2987365722656,276.2293395996094,276.1784973144531,276.17474365234375,276.2412414550781,276.3768615722656,276.5504150390625,276.7145690917969
276.1260070800781,276.1083679199219,276.05438232421875,276.0161437988281,276.03509521484375,276.1006774902344,276.16302490234375,276.1882629394531,276.19659423828125,276.2400207519531,276.3430480957031,276.4716491699219,276.5644226074219,276.5906677246094,276.5741271972656,276.5609436035156,276.57177734375,276.58819580078125,276.58038330078125,276.5396423339844,276.4820556640625,276.427734375,276.3824157714844,276.3370361328125,276.27813720703125,276.1960144042969,276.0880432128906,275.9606628417969,275.8286437988281,275.7096252441406,275.6150817871094,275.5469970703125,275.5013732910156,275.4732971191406,275.4563293457031,275.43853759765625,275.4036865234375,275.3422546386719,275.2647705078125,275.2054443359375,275.207275390625,275.2958984375,275.4584045410156,275.6451721191406
275.44775390625,275.4293212890625,275.39312744140625,275.363037109375,275.36395263671875,275.3978271484375,275.44012451171875,275.45941162109375,275.4400634765625,275.38800048828125,275.31903076171875,275.24688720703125,275.1826171875,275.1392822265625,275.1296691894531,275.1537780761719,275.1910400390625,275.20953369140625,275.1877136230469,275.1300048828125,275.0616455078125,275.0079650878906,274.9752197265625,274.94805908203125,274.90301513671875,274.8258056640625,274.7213134765625,274.6103210449219,274.51739501953125,274.4577941894531,274.4316711425781,274.4289855957031,274.439697265625,274.4600830078125,274.489990234375,274.5235900878906,274.545166015625,274.536376953125,274.4924621582031,274.43414306640625,274.4029541015625,274.4386291503906,274.55267333984375,274.7168884277344
274.8580627441406,274.85638427734375,274.8468322753906,274.8328552246094,274.8265686035156,274.8371276855469,274.861572265625,274.8843078613281,274.8858337402344,274.85296630859375,274.7852478027344,274.695556640625,274.604736328125,274.5325927734375,274.4879455566406,274.4632263183594,274.438232421875,274.39251708984375,274.3186950683594,274.2275085449219,274.1397705078125,274.07147216796875,274.0228576660156,273.9791564941406,273.92254638671875,273.8456115722656,273.7567443847656,273.6739501953125,273.61212158203125,273.57293701171875,273.54541015625,273.5159912109375,273.4811096191406,273.4521179199219,273.44781494140625,273.4796447753906,273.5409240722656,273.6091613769531,273.660888671875,273.6894226074219,273.7115173339844,273.7576599121094,273.8511047363281,273.99029541015625
274.3094482421875,274.3299255371094,274.33697509765625,274.32598876953125,274.3038635253906,274.28375244140625,274.2760009765625,274.28143310546875,274.29071044921875,274.2889709472656,274.2637634277344,274.2105712890625,274.1339111328125,274.043701171875,273.9493713378906,273.85589599609375,273.7635498046875,273.67132568359375,273.58062744140625,273.495849609375,273.4215087890625,273.3579406738281,273.3001708984375,273.24090576171875,273.17620849609375,273.10931396484375,273.0489196777344,273.0024108886719,272.96844482421875,272.9351806640625,272.8861389160156,272.8116760253906,272.7187194824219,272.6317443847656,272.58294677734375,272.59649658203125,272.67578125,272.802001953125,272.9443359375,273.0762939453125,273.18804931640625,273.2871398925781,273.38897705078125,273.5024719238281
273.8202819824219,273.82818603515625,273.8191223144531,273.7875671386719,273.7380065917969,273.68194580078125,273.6317138671875,273.59442138671875,273.5684509277344,273.54498291015625,273.51214599609375,273.4606628417969,273.3873596191406,273.296142578125,273.1956787109375,273.09600830078125,273.0050964355469,272.92706298828125,272.8613586425781,272.8038330078125,272.7481994628906,272.6883850097656,272.62139892578125,272.5491638183594,272.4789733886719,272.42083740234375,272.3825378417969,272.3646545410156,272.3580017089844,272.3463134765625,272.3135070800781,272.25244140625,272.1709899902344,272.0913391113281,272.04229736328125,272.04766845703125,272.11676025390625,272.2409973144531,272.39849853515625,272.5640869140625,272.7186279296875,272.85406494140625,272.9714660644531,273.0752258300781
273.34356689453125,273.32476806640625,273.301025390625,273.2657775878906,273.2181396484375,273.1617736816406,273.10235595703125,273.0447082519531,272.99041748046875,272.9378662109375,272.8836364746094,272.8246154785156,272.7600402832031,272.6922302246094,272.62542724609375,272.5641174316406,272.51068115234375,272.464111328125,272.41998291015625,272.3719482421875,272.3141174316406,272.2438659667969,272.16351318359375,272.0805969238281,272.0058898925781,271.94976806640625,271.91839599609375,271.9106750488281,271.9181213378906,271.92742919921875,271.92559814453125,271.9051818847656,271.8677062988281,271.8236999511719,271.7892150878906,271.780029296875,271.80645751953125,271.8704528808594,271.9659118652344,272.08203125,272.2076110839844,272.33380126953125,272.45550537109375,272.5701599121094
272.8488464355469,272.820556640625,272.8026123046875,272.78814697265625,272.7713317871094,272.74835205078125,272.71734619140625,272.6781311035156,272.631591796875,272.5791015625,272.5225830078125,272.46429443359375,272.40679931640625,272.35260009765625,272.3034973144531,272.2600402832031,272.22088623046875,272.1831359863281,272.1427001953125,272.0958251953125,272.04034423828125,271.9768981933594,271.90924072265625,271.8437194824219,271.7877502441406,271.74761962890625,271.7265625,271.7236633300781,271.7337646484375,271.74908447265625,271.76141357421875,271.7644958496094,271.7562255859375,271.73883056640625,271.7183532714844,271.7027893066406,271.6998291015625,271.71533203125,271.75225830078125,271.8106689453125,271.88836669921875,271.98162841796875,272.08599853515625,272.1963806152344
272.52960205078125,272.4931945800781,272.4690246582031,272.4529724121094,272.44012451171875,272.42578125,272.4061584472656,272.3788757324219,272.34307861328125,272.2994689941406,272.2497863769531,272.1965026855469,272.1423034667969,272.0895690917969,272.0400085449219,271.9942626953125,271.9520568847656,271.9123229980469,271.8736572265625,271.8348388671875,271.79541015625,271.7558898925781,271.7179260253906,271.6838684082031,271.65625,271.63720703125,271.627685546875,271.62725830078125,271.6340026855469,271.6451721191406,271.65771484375,271.6690979003906,271.6781005859375,271.6850280761719,271.69171142578125,271.7012023925781,271.7169494628906,271.7422790527344,271.7796325683594,271.8301696777344,271.8934631347656,271.9674987792969,272.04888916015625,272.1332092285156
