earth/public/data/atmosphere/C53/ANN-rh-isobaric-500hPa-gfs-1.0.json
{"header": {"discipline": 0, "disciplineName": "Meteorological products", "gribEdition": 2, "gribLength": 17922.0, "center": 0, "centerName": "Kiel Climate Model", "subcenter": 0, "refTime": "1", "significanceOfRT": 1, "significanceOfRTName": "Start of forecast", "productStatus": 0, "productStatusName": "Operational products", "productType": 1, "productTypeName": "Forecast products", "productDefinitionTemplate": 0, "productDefinitionTemplateName": "Analysis/forecast at horizontal level/layer at a point in time", "parameterCategory": 2, "parameterCategoryName": "Momentum", "parameterNumber": 2, "parameterNumberName": "U-component_of_wind", "parameterUnit": "%", "genProcessType": 2, "genProcessTypeName": "Forecast", "forecastTime": 0, "surface1Type": 103, "surface1TypeName": "Specified height level above ground", "surface1Value": 10, "surface2Type": 255, "surface2TypeName": "Missing", "surface2Value": 0, "gridDefinitionTemplate": 0, "gridDefinitionTemplateName": "Latitude_Longitude", "numberPoints": 65160, "shape": 6, "shapeName": "Earth spherical with radius of 6,371,229.0 m", "gridUnits": "degrees", "resolution": 48, "winds": "true", "scanMode": 0, "nx": 128.0, "ny": 64.0, "basicAngle": 0, "subDivisions": 0, "lo1": 0.0, "la1": 87.86379883923263, "lo2": 357.1875, "la2": -87.86379883923263, "dx": 2.8125, "dy": 2.7893269472772264}, "data":
[rows 0 to 18 of 64, columns 43 to 85 of 128]
0.7675538063049316,0.7677320837974548,0.7679349184036255,0.7681623697280884,0.7684152722358704,0.7686933279037476,0.76899653673172,0.7693248391151428,0.7696778178215027,0.7700551152229309,0.7704564332962036,0.7708806991577148,0.7713272571563721,0.7717949151992798,0.7722828388214111,0.7727891206741333,0.7733120918273926,0.7738503217697144,0.7744017243385315,0.7749643325805664,0.7755353450775146,0.7761127352714539,0.7766939997673035,0.7772761583328247,0.7778564691543579,0.7784322500228882,0.7790007591247559,0.7795586585998535,0.7801036238670349,0.7806328535079956,0.7811435461044312,0.7816337943077087,0.7821009159088135,0.7825427651405334,0.7829581499099731,0.7833455801010132,0.7837031483650208,0.7840309739112854,0.7843278050422668,0.7845938205718994,0.7848285436630249,0.7850327491760254,0.7852068543434143
0.7348492741584778,0.7348822951316833,0.7349541187286377,0.7350647449493408,0.7352139949798584,0.7354013323783875,0.7356266379356384,0.7358905076980591,0.7361926436424255,0.7365342974662781,0.7369163632392883,0.7373402714729309,0.7378077507019043,0.7383207082748413,0.7388821244239807,0.7394936084747314,0.7401584982872009,0.7408787608146667,0.7416560053825378,0.7424910664558411,0.7433828115463257,0.7443299293518066,0.7453274726867676,0.7463690042495728,0.7474461793899536,0.7485476732254028,0.7496611475944519,0.7507712841033936,0.7518628239631653,0.752919614315033,0.7539255023002625,0.7548653483390808,0.7557253241539001,0.7564937472343445,0.757160484790802,0.7577192783355713,0.7581660747528076,0.7584989070892334,0.7587196826934814,0.7588324546813965,0.758843719959259,0.7587617039680481,0.7585968971252441
0.7283183336257935,0.7288366556167603,0.7293356657028198,0.7297991514205933,0.7302188873291016,0.7305925488471985,0.7309239506721497,0.731218159198761,0.73148113489151,0.7317156791687012,0.7319213151931763,0.732093095779419,0.7322244644165039,0.7323088049888611,0.7323431968688965,0.7323307394981384,0.732284665107727,0.7322275638580322,0.7321928143501282,0.7322205305099487,0.7323551177978516,0.7326387763023376,0.7331063151359558,0.7337805032730103,0.734667181968689,0.7357544898986816,0.7370122671127319,0.7383943200111389,0.7398443222045898,0.7412989735603333,0.7426966428756714,0.7439808249473572,0.7451067566871643,0.7460421919822693,0.7467706203460693,0.7472885847091675,0.7476046085357666,0.7477351427078247,0.7477023601531982,0.7475287318229675,0.7472361326217651,0.7468448877334595,0.746371865272522
0.7362715005874634,0.737659215927124,0.7385883927345276,0.7390473484992981,0.7390921711921692,0.7388347387313843,0.7384234666824341,0.7380160093307495,0.7377495169639587,0.737713098526001,0.7379316687583923,0.7383602857589722,0.7388919591903687,0.7393798232078552,0.7396661043167114,0.7396147847175598,0.7391411662101746,0.7382330894470215,0.7369591593742371,0.7354613542556763,0.7339377403259277,0.7326099276542664,0.7316890954971313,0.7313439846038818,0.7316715717315674,0.7326843738555908,0.7343078255653381,0.7363942861557007,0.7387460470199585,0.741146981716156,0.7433938980102539,0.7453261017799377,0.7468423843383789,0.7479119300842285,0.7485700249671936,0.7489028573036194,0.749027669429779,0.7490684986114502,0.7491337060928345,0.7492978572845459,0.7495921850204468,0.7500036954879761,0.750481367111206
0.7385690212249756,0.7393862009048462,0.7387816905975342,0.7367713451385498,0.7335987687110901,0.7297094464302063,0.7256819009780884,0.7221275568008423,0.719578742980957,0.7183908820152283,0.7186760902404785,0.720284104347229,0.7228314876556396,0.7257744073867798,0.7285107374191284,0.7304898500442505,0.7313113808631897,0.7307973504066467,0.7290193438529968,0.7262855768203735,0.7230817079544067,0.7199844121932983,0.7175574898719788,0.7162541151046753,0.7163407802581787,0.7178571820259094,0.7206185460090637,0.7242580056190491,0.7283008694648743,0.7322531342506409,0.7356883883476257,0.7383161783218384,0.7400199174880981,0.7408600449562073,0.7410439848899841,0.740872859954834,0.740676760673523,0.7407501339912415,0.7413030862808228,0.7424293756484985,0.7441009879112244,0.7461827993392944,0.7484616637229919
0.729393482208252,0.7291277647018433,0.7268147468566895,0.7224134206771851,0.7163135409355164,0.7092876434326172,0.7023420929908752,0.6965094804763794,0.692633867263794,0.6912054419517517,0.6922783851623535,0.6954822540283203,0.7001140713691711,0.7052866816520691,0.7100918292999268,0.7137547731399536,0.7157544493675232,0.7158931493759155,0.7143161296844482,0.7114769816398621,0.7080519795417786,0.7048183679580688,0.702512800693512,0.7016953229904175,0.7026451230049133,0.7053141593933105,0.7093472480773926,0.7141658067703247,0.7190966010093689,0.7235147356987,0.7269659042358398,0.7292442321777344,0.7304079532623291,0.730737030506134,0.7306473851203918,0.7305824756622314,0.7309151291847229,0.7318776845932007,0.7335329055786133,0.7357892990112305,0.7384446859359741,0.7412468194961548,0.7439461350440979
0.7108965516090393,0.7101616263389587,0.7077769637107849,0.7037630081176758,0.6986777782440186,0.6934526562690735,0.6891006827354431,0.6864054799079895,0.6857081055641174,0.686850905418396,0.6892802119255066,0.6922515034675598,0.6950556039810181,0.6971843242645264,0.698398768901825,0.6987012028694153,0.6982507109642029,0.6972801089286804,0.696044385433197,0.6948151588439941,0.69389408826828,0.6936123967170715,0.6942853927612305,0.6961297392845154,0.6991727352142334,0.7032010555267334,0.707779586315155,0.7123456001281738,0.7163519859313965,0.7194095253944397,0.7213834524154663,0.7224161028862,0.7228720188140869,0.7232285737991333,0.7239406108856201,0.7253170609474182,0.7274448871612549,0.7301770448684692,0.733190655708313,0.736096978187561,0.7385688424110413,0.7404389381408691,0.7417382001876831
0.6949776411056519,0.6924377679824829,0.6890318393707275,0.6854044198989868,0.6826130747795105,0.6816655993461609,0.6830470561981201,0.6864490509033203,0.6908227801322937,0.6947208642959595,0.6967857480049133,0.6961972117424011,0.6929192543029785,0.687683641910553,0.6817230582237244,0.6763668060302734,0.672641396522522,0.6710188984870911,0.6713933944702148,0.6732732653617859,0.6760761737823486,0.6793825030326843,0.6830338835716248,0.6870487928390503,0.6914413571357727,0.6960651874542236,0.7005821466445923,0.7045682072639465,0.7076833248138428,0.7098125219345093,0.7111050486564636,0.7119128704071045,0.7126719951629639,0.7137817144393921,0.7155100703239441,0.7179367542266846,0.7209299802780151,0.7241708636283875,0.7272366881370544,0.7297384142875671,0.7314713001251221,0.7325147390365601,0.7332198023796082
0.6856245398521423,0.6807718276977539,0.6762562990188599,0.6735243201255798,0.6738609075546265,0.6776391863822937,0.6839328408241272,0.6907394528388977,0.6957058310508728,0.6969959139823914,0.6938968896865845,0.6869553327560425,0.6776825189590454,0.6680350303649902,0.6598755121231079,0.654549241065979,0.6526186466217041,0.6538004875183105,0.6571378111839294,0.6613893508911133,0.6655172109603882,0.6690536737442017,0.6721609234809875,0.6753549575805664,0.6790674328804016,0.6833242774009705,0.687728762626648,0.6917285919189453,0.6949557065963745,0.6973996162414551,0.6993335485458374,0.701089084148407,0.7028675675392151,0.7047107815742493,0.7065954804420471,0.7085292935371399,0.7105501890182495,0.7126469016075134,0.7147016525268555,0.7165462970733643,0.718111515045166,0.7195577025413513,0.7212637066841125
0.6760432720184326,0.673011302947998,0.6722062230110168,0.675011396408081,0.6819202303886414,0.6916399002075195,0.7010940313339233,0.706554114818573,0.7053502798080444,0.6971653699874878,0.6841438412666321,0.6698054075241089,0.6574705243110657,0.6491045951843262,0.645077645778656,0.6446664929389954,0.6467552781105042,0.6502610445022583,0.6542295813560486,0.6578415632247925,0.6605651378631592,0.6623938679695129,0.6639000773429871,0.6659130454063416,0.6689634323120117,0.672889769077301,0.6769388914108276,0.6803008317947388,0.6826696395874023,0.6843910813331604,0.686113178730011,0.6882534623146057,0.6907260417938232,0.6931148767471313,0.6950956583023071,0.6967206001281738,0.6983413696289062,0.7002742290496826,0.7025250196456909,0.7048078179359436,0.706834077835083,0.7086089849472046,0.7104739546775818
0.6723897457122803,0.6752557754516602,0.6795922517776489,0.6861501932144165,0.6953715682029724,0.7058795094490051,0.7140669822692871,0.7155210971832275,0.7075779438018799,0.6912535429000854,0.6710923314094543,0.6529123187065125,0.640907347202301,0.6359531879425049,0.6360056400299072,0.6380060911178589,0.6398165822029114,0.6409651637077332,0.6420621871948242,0.6437111496925354,0.6459083557128906,0.6482676863670349,0.6505966186523438,0.6531141400337219,0.6560875177383423,0.6593204140663147,0.6621147990226746,0.6638268232345581,0.6645028591156006,0.6649587750434875,0.6661736965179443,0.6685341596603394,0.6715933084487915,0.6745381355285645,0.6769071221351624,0.6789242625236511,0.681201159954071,0.6841235160827637,0.6874776482582092,0.690606415271759,0.6929258704185486,0.6943605542182922,0.6953784227371216
0.6782836318016052,0.6845352649688721,0.6865314841270447,0.6852420568466187,0.683929979801178,0.6851478815078735,0.6881803870201111,0.6891603469848633,0.683922290802002,0.6713464260101318,0.6545289158821106,0.63890540599823,0.6288395524024963,0.6252267956733704,0.6256546974182129,0.6266664266586304,0.6262519359588623,0.6248079538345337,0.6241438388824463,0.6256192326545715,0.6290068626403809,0.6328712701797485,0.6358850598335266,0.6377756595611572,0.6391372084617615,0.6405321359634399,0.6419287323951721,0.6429967284202576,0.6437870264053345,0.6449284553527832,0.6470814943313599,0.6502507328987122,0.6537138819694519,0.6566571593284607,0.6588664054870605,0.6608202457427979,0.6631619930267334,0.666110634803772,0.6693275570869446,0.6722608804702759,0.6745787858963013,0.6763461232185364,0.6778969764709473
0.6775823831558228,0.6792906522750854,0.6729504466056824,0.6600756645202637,0.6467393040657043,0.639708399772644,0.6415696740150452,0.6488202214241028,0.6544935703277588,0.6531186699867249,0.6441047787666321,0.6313539147377014,0.6200641989707947,0.6134436726570129,0.611454963684082,0.6118854880332947,0.6125161051750183,0.6126894950866699,0.6132400035858154,0.6151067018508911,0.6180565357208252,0.6207524538040161,0.6220179796218872,0.6219234466552734,0.6216058135032654,0.6221174597740173,0.6235852241516113,0.6254554390907288,0.6273362040519714,0.6293957233428955,0.6319507360458374,0.6349012851715088,0.6377651691436768,0.6402266025543213,0.6424711346626282,0.6448864936828613,0.6475443840026855,0.6501272320747375,0.6523694396018982,0.6544432640075684,0.6568023562431335,0.6596697568893433,0.662755012512207
0.6649435758590698,0.6574355959892273,0.6470092535018921,0.6339406967163086,0.6224899888038635,0.6184186339378357,0.624036431312561,0.6354607343673706,0.6448789834976196,0.6458473205566406,0.6371220350265503,0.6224923729896545,0.6077831983566284,0.5976552963256836,0.5938149094581604,0.5949341058731079,0.5980560779571533,0.6006599068641663,0.6019653081893921,0.6025593876838684,0.6030609011650085,0.6034075021743774,0.6033475399017334,0.6031831502914429,0.603665828704834,0.6051854491233826,0.6073036789894104,0.6092219352722168,0.6106128096580505,0.6118546724319458,0.6134650707244873,0.6155226230621338,0.617793619632721,0.6202805042266846,0.6233078241348267,0.6269432902336121,0.630577027797699,0.6333696246147156,0.6351462602615356,0.6366602778434753,0.6388660669326782,0.6419739723205566,0.6452536582946777
0.6494595408439636,0.6384344100952148,0.6312721371650696,0.6261333227157593,0.6232125759124756,0.6243166923522949,0.6294692158699036,0.6347813010215759,0.6347444653511047,0.6267498135566711,0.6129324436187744,0.5979357957839966,0.5857467651367188,0.5784522891044617,0.5764026641845703,0.5783292055130005,0.5817316174507141,0.5842688679695129,0.5851524472236633,0.5850468873977661,0.5848223567008972,0.584805428981781,0.5850449204444885,0.5856926441192627,0.5868557691574097,0.5883026123046875,0.5895571708679199,0.5903329849243164,0.5908833742141724,0.5918787717819214,0.5938043594360352,0.5964528918266296,0.599189043045044,0.6017346978187561,0.6044195890426636,0.6075158715248108,0.6106401681900024,0.6131240725517273,0.6148234605789185,0.6162581443786621,0.6179770827293396,0.6200258135795593,0.6220353841781616
0.6262964606285095,0.6207414865493774,0.6172025203704834,0.614162802696228,0.6112557649612427,0.6094189882278442,0.608430027961731,0.6051909327507019,0.5963966250419617,0.5828472971916199,0.5694065690040588,0.5603861212730408,0.5563384890556335,0.555487334728241,0.5564140677452087,0.5583828091621399,0.5605117082595825,0.5621287226676941,0.5634271502494812,0.5648006200790405,0.5659484267234802,0.5663631558418274,0.566234827041626,0.5661313533782959,0.5661572217941284,0.5660901069641113,0.5660470128059387,0.5664275884628296,0.5674610137939453,0.5692547559738159,0.5719119906425476,0.5751174688339233,0.5779931545257568,0.5799145698547363,0.581200897693634,0.582571804523468,0.5842456817626953,0.5859885811805725,0.5876559019088745,0.5891878008842468,0.5903685092926025,0.5910985469818115,0.5917235016822815
0.5857274532318115,0.5845797657966614,0.5804325342178345,0.5737994313240051,0.5656293630599976,0.5581531524658203,0.5528196096420288,0.5478000044822693,0.5402820110321045,0.5311094522476196,0.5244399309158325,0.5225539803504944,0.5236180424690247,0.5250647664070129,0.5265008211135864,0.5283336043357849,0.5300441384315491,0.5313048362731934,0.5328744053840637,0.5349264144897461,0.5360766649246216,0.5354093909263611,0.5340434908866882,0.533399760723114,0.5332769155502319,0.5329479575157166,0.5328518152236938,0.5337377190589905,0.5352106094360352,0.5365505218505859,0.538066029548645,0.5402963757514954,0.5426878333091736,0.5443462133407593,0.5454089045524597,0.5465423464775085,0.5477661490440369,0.548759400844574,0.5496433973312378,0.5505422353744507,0.5510461330413818,0.5509228110313416,0.5506953597068787
0.5298246145248413,0.5263701677322388,0.5215986967086792,0.5158525705337524,0.5084801316261292,0.5008562207221985,0.49532005190849304,0.49167588353157043,0.48807138204574585,0.4850093722343445,0.48491859436035156,0.4876832664012909,0.490335613489151,0.49168288707733154,0.493573397397995,0.49677786231040955,0.4992936849594116,0.4999352991580963,0.5001388788223267,0.5007256865501404,0.5001262426376343,0.4975951611995697,0.49524348974227905,0.49487343430519104,0.49533241987228394,0.4950154721736908,0.494636595249176,0.4953913986682892,0.4965447783470154,0.4970988631248474,0.4979565143585205,0.5001835227012634,0.5027968883514404,0.5043622255325317,0.5052080154418945,0.5061431527137756,0.5065995454788208,0.5058870911598206,0.5047913193702698,0.5042790770530701,0.5039995312690735,0.5033342838287354,0.5024845600128174
0.46993207931518555,0.4659692645072937,0.46398526430130005,0.4629291296005249,0.4604766368865967,0.4563981592655182,0.45254719257354736,0.44975176453590393,0.4476798176765442,0.44753384590148926,0.4511600136756897,0.4572782516479492,0.4624183773994446,0.4658835232257843,0.46985265612602234,0.474337100982666,0.4764210879802704,0.47523176670074463,0.4733577370643616,0.47222959995269775,0.47012606263160706,0.4661828875541687,0.46260976791381836,0.4610975384712219,0.46026167273521423,0.4586322605609894,0.45730921626091003,0.45757099986076355,0.45854097604751587,0.4594113826751709,0.46132394671440125,0.46471184492111206,0.4673810601234436,0.4676398038864136,0.4667869508266449,0.4662887454032898,0.4652408957481384,0.46281754970550537,0.46042007207870483,0.45925071835517883,0.45834827423095703,0.4566846191883087,0.4546355903148651
