earth/public/data/atmosphere/C53/ANN-precip-surface-level-gfs-1.0.json
{"header": {"discipline": 0, "disciplineName": "Meteorological products", "gribEdition": 2, "gribLength": 17922.0, "center": 0, "centerName": "Kiel Climate Model", "subcenter": 0, "refTime": "1", "significanceOfRT": 1, "significanceOfRTName": "Start of forecast", "productStatus": 0, "productStatusName": "Operational products", "productType": 1, "productTypeName": "Forecast products", "productDefinitionTemplate": 0, "productDefinitionTemplateName": "Analysis/forecast at horizontal level/layer at a point in time", "parameterCategory": 2, "parameterCategoryName": "Momentum", "parameterNumber": 2, "parameterNumberName": "U-component_of_wind", "parameterUnit": "mm/day", "genProcessType": 2, "genProcessTypeName": "Forecast", "forecastTime": 0, "surface1Type": 103, "surface1TypeName": "Specified height level above ground", "surface1Value": 10, "surface2Type": 255, "surface2TypeName": "Missing", "surface2Value": 0, "gridDefinitionTemplate": 0, "gridDefinitionTemplateName": "Latitude_Longitude", "numberPoints": 65160, "shape": 6, "shapeName": "Earth spherical with radius of 6,371,229.0 m", "gridUnits": "degrees", "resolution": 48, "winds": "true", "scanMode": 0, "nx": 128.0, "ny": 64.0, "basicAngle": 0, "subDivisions": 0, "lo1": 0.0, "la1": 87.86379883923263, "lo2": 357.1875, "la2": -87.86379883923263, "dx": 2.8125, "dy": 2.7893269472772264}, "data":
[rows 0 to 18 of 64, columns 43 to 85 of 128]
1.4272929430007935,1.437794804573059,1.4417113065719604,1.4522411823272705,1.4501062631607056,1.4560271501541138,1.457754373550415,1.4567530155181885,1.456998586654663,1.459457516670227,1.4655905961990356,1.4637911319732666,1.4604495763778687,1.4632610082626343,1.4637352228164673,1.4667534828186035,1.468442678451538,1.4683403968811035,1.471513271331787,1.475965976715088,1.478230357170105,1.4847934246063232,1.4935089349746704,1.4976612329483032,1.499705195426941,1.5042623281478882,1.514770746231079,1.5246310234069824,1.535408854484558,1.5398696660995483,1.551002860069275,1.5572296380996704,1.5654860734939575,1.5710179805755615,1.5729830265045166,1.5761234760284424,1.580819845199585,1.5781246423721313,1.5815811157226562,1.5810962915420532,1.5740610361099243,1.572984218597412,1.5704331398010254
1.6306627988815308,1.6248149871826172,1.6086292266845703,1.6000601053237915,1.607098937034607,1.6045620441436768,1.5932074785232544,1.6011450290679932,1.6099411249160767,1.615187406539917,1.6164300441741943,1.6134974956512451,1.6059528589248657,1.6042324304580688,1.618255376815796,1.6234047412872314,1.6298458576202393,1.6419190168380737,1.6499265432357788,1.6609606742858887,1.675693154335022,1.691649317741394,1.706802248954773,1.7228012084960938,1.7393378019332886,1.7583377361297607,1.7735947370529175,1.7888896465301514,1.8011093139648438,1.812233328819275,1.8200119733810425,1.828412652015686,1.8331835269927979,1.8349692821502686,1.836889386177063,1.8423495292663574,1.8427517414093018,1.8451216220855713,1.844083547592163,1.8482906818389893,1.8476715087890625,1.8440202474594116,1.8448759317398071
1.4804264307022095,1.9772900342941284,1.488709568977356,1.525131344795227,2.045330286026001,1.91189444065094,1.370033621788025,1.975206971168518,1.9666616916656494,1.9930274486541748,2.053131103515625,1.6785560846328735,1.6524646282196045,1.535125970840454,1.9271694421768188,1.772437334060669,1.7764114141464233,1.7798000574111938,1.7836979627609253,1.7798635959625244,1.7804193496704102,1.7807062864303589,1.777626872062683,1.754536747932434,1.736857533454895,1.736641764640808,1.8335567712783813,1.3037306070327759,1.2172811031341553,1.1748887300491333,1.1858081817626953,1.3205584287643433,1.2154054641723633,1.2243022918701172,1.2306174039840698,1.3546699285507202,1.3637899160385132,1.3458601236343384,1.9244784116744995,1.892473578453064,1.9083590507507324,1.8911234140396118,1.872799038887024
1.7210712432861328,1.6209437847137451,1.7396365404129028,1.728567361831665,1.6229497194290161,1.5085252523422241,1.5093237161636353,1.5174791812896729,1.5331089496612549,1.5568199157714844,1.7268633842468262,1.8146636486053467,1.8268152475357056,1.735874891281128,1.7116369009017944,1.6932599544525146,1.930734634399414,1.8066236972808838,1.8117799758911133,1.7855061292648315,1.7501027584075928,1.7103443145751953,1.6852562427520752,1.6646051406860352,1.6675018072128296,1.6858808994293213,1.737273931503296,1.7856507301330566,1.8361663818359375,1.883901596069336,1.9248416423797607,1.9486610889434814,2.006232738494873,1.4444442987442017,1.4589111804962158,1.9496676921844482,1.9292107820510864,1.9189517498016357,1.9267436265945435,1.9327819347381592,1.942721962928772,1.9588642120361328,1.9793119430541992
1.9076247215270996,1.8253058195114136,1.7849946022033691,1.694244623184204,1.555687427520752,1.4619090557098389,1.4000862836837769,1.3537485599517822,1.2687203884124756,1.2850100994110107,1.4321300983428955,1.547132968902588,1.6358041763305664,1.7032736539840698,1.7058948278427124,1.7029975652694702,1.6859376430511475,1.9386122226715088,1.858513355255127,1.8442529439926147,1.7789403200149536,1.69906747341156,1.631730556488037,1.5903550386428833,1.5783941745758057,1.607588529586792,1.6568645238876343,1.7267791032791138,1.808756709098816,1.8780404329299927,1.936734676361084,1.9761713743209839,2.051239013671875,1.569014310836792,1.5744092464447021,1.9406852722167969,1.8904798030853271,1.8616442680358887,1.8452204465866089,1.8794994354248047,1.9328911304473877,2.0184433460235596,2.1130499839782715
2.2955446243286133,2.0642991065979004,1.9135537147521973,1.817499041557312,1.6967227458953857,1.5393288135528564,1.6322089433670044,1.5137253999710083,1.484204649925232,1.5299433469772339,1.6377805471420288,1.7776520252227783,1.8996275663375854,1.9901947975158691,2.015573024749756,2.1166579723358154,1.7587820291519165,1.7351267337799072,1.9848451614379883,1.8937071561813354,1.8416697978973389,1.7674462795257568,1.7140620946884155,1.7074331045150757,1.7610197067260742,1.8476455211639404,1.9456162452697754,2.038331985473633,2.1033849716186523,2.156888246536255,2.17498779296875,2.171661853790283,2.1503705978393555,2.110833168029785,2.074899911880493,2.0603771209716797,2.0541107654571533,2.0685789585113525,2.0964767932891846,2.1553452014923096,2.223548650741577,2.303128719329834,2.3916175365448
2.4224092960357666,2.2899787425994873,2.0657923221588135,1.9814090728759766,1.8614916801452637,1.7196258306503296,1.5773149728775024,1.5624282360076904,1.621036410331726,1.6902556419372559,1.747298002243042,1.8449945449829102,2.081817865371704,2.0173659324645996,2.0268216133117676,2.035979986190796,2.039799928665161,2.0070292949676514,1.946786880493164,1.8937286138534546,1.8696565628051758,1.872193694114685,1.9083195924758911,1.9800562858581543,2.0842442512512207,2.1951115131378174,2.2847087383270264,2.3326566219329834,2.3435380458831787,2.331738233566284,2.3008577823638916,2.2596652507781982,2.2282116413116455,2.223973274230957,2.2443687915802,2.2923450469970703,2.36694073677063,2.448554039001465,2.5222725868225098,2.58001708984375,2.6127102375030518,2.6304800510406494,2.6530263423919678
2.175219774246216,2.131108045578003,2.0592031478881836,2.057762622833252,2.057685136795044,2.0805249214172363,2.127155303955078,2.269507884979248,2.3735666275024414,2.3525078296661377,2.136460781097412,2.1897733211517334,2.115337610244751,2.143622875213623,2.0614371299743652,1.989179015159607,1.9466805458068848,1.9421247243881226,1.9542410373687744,1.986059546470642,2.0570309162139893,2.1463534832000732,2.2427403926849365,2.335933208465576,2.419431447982788,2.4907495975494385,2.5277724266052246,2.5566811561584473,2.5155696868896484,2.472656726837158,2.4493892192840576,2.431377649307251,2.441805124282837,2.465268850326538,2.5159964561462402,2.5847349166870117,2.674862861633301,2.7495598793029785,2.8072311878204346,2.8325018882751465,2.8302788734436035,2.845479726791382,2.866508722305298
2.0570380687713623,1.8060829639434814,1.752419114112854,1.9064639806747437,2.0876963138580322,2.2909491062164307,2.4972946643829346,2.6002039909362793,2.534407615661621,2.3571126461029053,2.3633697032928467,2.386989116668701,2.386322498321533,2.257747173309326,2.1332571506500244,2.0317161083221436,2.0370821952819824,2.1338329315185547,2.2756869792938232,2.3984391689300537,2.4794845581054688,2.529468059539795,2.5716097354888916,2.615365505218506,2.678910970687866,2.7543349266052246,2.8268725872039795,2.4955899715423584,2.913642168045044,2.7888174057006836,2.7910358905792236,2.8179771900177,2.853940725326538,2.877924919128418,2.893373489379883,2.902418851852417,2.902568817138672,2.920036792755127,2.9461734294891357,2.969529628753662,2.9903061389923096,3.0218656063079834,3.0902860164642334
2.177485466003418,2.075853109359741,2.188129425048828,2.4517364501953125,2.8598554134368896,3.0618631839752197,2.8961827754974365,2.686755418777466,2.4732861518859863,2.5643796920776367,2.624498128890991,2.46197247505188,2.3824005126953125,2.3335556983947754,2.303241491317749,2.344848871231079,2.4720470905303955,2.647526741027832,2.8069381713867188,2.9028005599975586,2.923419713973999,2.8948309421539307,2.8836777210235596,2.931713819503784,3.0390655994415283,3.157508373260498,3.2087490558624268,3.2013189792633057,3.131518840789795,3.1031415462493896,3.1125123500823975,3.1741793155670166,3.2447726726531982,3.2803287506103516,3.2645652294158936,3.2299044132232666,3.206766128540039,3.230877637863159,3.2858033180236816,3.3637876510620117,3.4014618396759033,3.420548915863037,3.4394736289978027
2.6909775733947754,2.8554019927978516,3.094075918197632,3.2876367568969727,3.522844076156616,3.6081771850585938,3.4577531814575195,3.102177143096924,3.1296660900115967,3.0369486808776855,2.8873233795166016,2.494706869125366,2.4164671897888184,2.5009312629699707,2.669679641723633,2.8607311248779297,2.979530096054077,3.0734963417053223,3.1592671871185303,3.239004373550415,3.282474994659424,3.3113584518432617,3.3495559692382812,3.430217981338501,3.560377597808838,3.66292142868042,3.6743106842041016,3.605036735534668,3.503535270690918,3.4215469360351562,3.4238030910491943,3.5077691078186035,3.602682590484619,3.6504971981048584,3.6313889026641846,3.597877025604248,3.6116156578063965,3.6682796478271484,3.7677721977233887,3.862140417098999,3.90104079246521,3.890925645828247,3.826063632965088
3.8963069915771484,3.7121737003326416,3.1874070167541504,3.1808693408966064,3.317718744277954,3.6541876792907715,3.933068037033081,3.8152222633361816,3.5056259632110596,3.2131645679473877,3.0077717304229736,2.6372854709625244,2.6132102012634277,2.814887046813965,3.1139049530029297,3.356520414352417,3.4299824237823486,3.437992811203003,3.4877376556396484,3.6380436420440674,3.8197743892669678,3.934163808822632,3.962897300720215,3.966857433319092,3.981491804122925,3.9938125610351562,3.9855287075042725,3.949169397354126,3.9205634593963623,3.921135663986206,3.9691038131713867,4.033742904663086,4.060725212097168,4.039341449737549,4.004454135894775,3.983781576156616,3.9963057041168213,4.031252384185791,4.0750322341918945,4.110114574432373,4.144654273986816,4.163481712341309,4.149153232574463
3.9254674911499023,3.547532796859741,3.1589272022247314,2.8075568675994873,2.519198179244995,2.484654188156128,2.867372751235962,3.3955180644989014,3.722885847091675,3.3044779300689697,3.3734729290008545,3.0864086151123047,3.0726492404937744,3.2246921062469482,3.558262586593628,3.8734841346740723,3.985424518585205,4.008753299713135,4.07823371887207,4.269074440002441,4.478400707244873,4.5520920753479,4.484846115112305,4.378765106201172,4.312166213989258,4.300599098205566,4.3175368309021,4.339572906494141,4.367157936096191,4.408905982971191,4.439472675323486,4.426499843597412,4.363839626312256,4.305517196655273,4.306763648986816,4.3521647453308105,4.416480541229248,4.447244644165039,4.395112991333008,4.339200973510742,4.340092182159424,4.401512622833252,4.489935398101807
2.948784351348877,3.0263400077819824,2.7375009059906006,2.2407894134521484,1.8913953304290771,1.8226535320281982,2.3800830841064453,3.299639940261841,4.15472936630249,4.0699076652526855,3.9017269611358643,3.721850633621216,3.5402991771698,3.5170605182647705,3.7546470165252686,4.070166110992432,4.28718900680542,4.3998823165893555,4.521907329559326,4.6990509033203125,4.80194091796875,4.769655227661133,4.6777238845825195,4.65111780166626,4.687501907348633,4.726221561431885,4.7104387283325195,4.640145301818848,4.5710649490356445,4.524238109588623,4.5023064613342285,4.477208137512207,4.447646617889404,4.4624762535095215,4.523515224456787,4.616421222686768,4.692440032958984,4.705572605133057,4.676522731781006,4.626288890838623,4.60671329498291,4.609810829162598,4.628458023071289
2.6463570594787598,2.7376387119293213,2.7525579929351807,2.6995315551757812,2.7230522632598877,3.0864500999450684,3.783608913421631,4.402856826782227,4.499234676361084,4.439977645874023,4.56838321685791,3.8561348915100098,3.63651967048645,3.7678382396698,4.231709957122803,4.830387115478516,5.0773491859436035,5.0306572914123535,4.9995574951171875,5.047200679779053,4.992182731628418,4.840029716491699,4.727745532989502,4.767673969268799,4.848365306854248,4.834023952484131,4.7159810066223145,4.570312023162842,4.479485988616943,4.431101322174072,4.4268035888671875,4.454156875610352,4.492335319519043,4.506857872009277,4.507541656494141,4.502946853637695,4.464523792266846,4.430870532989502,4.447232723236084,4.483598709106445,4.445800304412842,4.384486675262451,4.29998779296875
2.8231987953186035,3.0082099437713623,3.1231746673583984,3.286034107208252,3.5348005294799805,3.9579031467437744,4.598546504974365,4.779806613922119,4.734086513519287,6.024942874908447,5.814122200012207,5.421258926391602,5.477200984954834,5.63352108001709,5.84089469909668,6.029093265533447,5.969694137573242,5.712337493896484,5.543285846710205,5.476095199584961,5.293810844421387,5.011333465576172,4.848655700683594,4.8026957511901855,4.708077430725098,4.50239372253418,4.336738109588623,4.326025485992432,4.348587989807129,4.350276470184326,4.311356067657471,4.32166862487793,4.301451683044434,4.253756523132324,4.195928573608398,4.121156692504883,4.0234527587890625,3.941962718963623,3.9459502696990967,3.9925341606140137,3.970341205596924,3.8738951683044434,3.794004440307617
2.48886775970459,2.6020798683166504,2.8756983280181885,2.9871938228607178,3.121544361114502,3.55448317527771,4.292511463165283,4.5956926345825195,6.865181922912598,6.5375657081604,6.117447853088379,6.019880771636963,5.907608985900879,5.752599716186523,5.796693325042725,5.851556301116943,5.637691974639893,5.29949426651001,5.193093299865723,5.202812194824219,4.97651481628418,4.642530918121338,4.463080406188965,4.431603908538818,4.275463104248047,4.012796401977539,3.8959879875183105,3.962009906768799,3.9783854484558105,3.8756749629974365,3.7755064964294434,3.7314882278442383,3.7068145275115967,3.6627490520477295,3.6866536140441895,3.7301597595214844,3.6840479373931885,3.5919716358184814,3.5622925758361816,3.573971748352051,3.5101497173309326,3.3655970096588135,3.292194128036499
1.5135290622711182,1.5820552110671997,1.7390117645263672,1.9495068788528442,2.1454732418060303,2.536787271499634,3.19950008392334,5.464839935302734,5.951854705810547,5.51699161529541,5.270668029785156,5.377377986907959,5.26024866104126,5.0910868644714355,5.062346935272217,5.15198278427124,4.919551372528076,4.584129810333252,4.443213939666748,4.403703212738037,4.1522417068481445,3.8056249618530273,3.682196617126465,3.710472583770752,3.5926477909088135,3.401273488998413,3.300360918045044,3.33514666557312,3.2811646461486816,3.1562139987945557,3.135909080505371,3.228703498840332,3.2837533950805664,3.2244181632995605,3.223613977432251,3.2871170043945312,3.266110897064209,3.177365779876709,3.145505666732788,3.1330554485321045,3.0567362308502197,2.9222240447998047,2.8569443225860596
0.8524733185768127,0.8579612970352173,1.1042201519012451,1.4585654735565186,1.8183526992797852,2.1739919185638428,3.919233798980713,4.961884021759033,4.56317138671875,4.19774866104126,4.211522579193115,4.504990577697754,4.623778343200684,4.581890106201172,4.5612640380859375,4.600656509399414,4.457828044891357,4.119477272033691,3.8370742797851562,3.704362392425537,3.501720666885376,3.20290470123291,2.998307704925537,2.98712420463562,2.9432339668273926,2.8022427558898926,2.7235336303710938,2.7324812412261963,2.7372398376464844,2.7059412002563477,2.81844425201416,3.0136873722076416,3.0924386978149414,2.998002767562866,2.918896198272705,2.9285542964935303,2.916783571243286,2.806615114212036,2.7493858337402344,2.7616240978240967,2.714901924133301,2.595945358276367,2.4919252395629883
