earth/public/data/atmosphere/C53/ANN-wind-surface-level-gfs-1.0.json
{"header": {"discipline": 0, "disciplineName": "Meteorological products", "gribEdition": 2, "gribLength": 17922.0, "center": 0, "centerName": "Kiel Climate Model", "subcenter": 0, "refTime": "1", "significanceOfRT": 1, "significanceOfRTName": "Start of forecast", "productStatus": 0, "productStatusName": "Operational products", "productType": 1, "productTypeName": "Forecast products", "productDefinitionTemplate": 0, "productDefinitionTemplateName": "Analysis/forecast at horizontal level/layer at a point in time", "parameterCategory": 2, "parameterCategoryName": "Momentum", "parameterNumber": 2, "parameterNumberName": "V-component_of_wind", "parameterUnit": "m/s", "genProcessType": 2, "genProcessTypeName": "Forecast", "forecastTime": 0, "surface1Type": 103, "surface1TypeName": "Specified height level above ground", "surface1Value": 10, "surface2Type": 255, "surface2TypeName": "Missing", "surface2Value": 0, "gridDefinitionTemplate": 0, "gridDefinitionTemplateName": "Latitude_Longitude", "numberPoints": 65160, "shape": 6, "shapeName": "Earth spherical with radius of 6,371,229.0 m", "gridUnits": "degrees", "resolution": 48, "winds": "true", "scanMode": 0, "nx": 128.0, "ny": 64.0, "basicAngle": 0, "subDivisions": 0, "lo1": 0.0, "la1": 87.86379883923263, "lo2": 357.1875, "la2": -87.86379883923263, "dx": 2.8125, "dy": 2.7893269472772264}, "data":
[rows 0 to 18 of 64, columns 0 to 42 of 128]
0.9000828266143799,0.9530966877937317,1.0047160387039185,1.055111289024353,1.1041322946548462,1.1517586708068848,1.1979849338531494,1.242668867111206,1.2856502532958984,1.326854944229126,1.3659452199935913,1.4029563665390015,1.4378678798675537,1.4704762697219849,1.5005398988723755,1.527994990348816,1.5526328086853027,1.5744428634643555,1.5932202339172363,1.608964443206787,1.6215829849243164,1.6310036182403564,1.6372230052947998,1.6402015686035156,1.6398333311080933,1.6361827850341797,1.6292352676391602,1.618933081626892,1.6052602529525757,1.588210940361023,1.5677438974380493,1.5437719821929932,1.516217827796936,1.484994649887085,1.4500552415847778,1.4113000631332397,1.3686109781265259,1.3219656944274902,1.2711892127990723,1.2162666320800781,1.1571118831634521,1.093660593032837,1.0259394645690918
0.582248866558075,0.6157106161117554,0.6518654823303223,0.6910229921340942,0.7334375381469727,0.7789843082427979,0.8275806307792664,0.8789546489715576,0.9325262904167175,0.9877079725265503,1.0437049865722656,1.099570870399475,1.154568076133728,1.2076362371444702,1.258051872253418,1.3051027059555054,1.3480224609375,1.3864666223526,1.4202861785888672,1.4495201110839844,1.4741863012313843,1.494697093963623,1.5118318796157837,1.5261414051055908,1.5382027626037598,1.548788070678711,1.5586574077606201,1.5682076215744019,1.5777361392974854,1.5878007411956787,1.5981221199035645,1.6081985235214233,1.6177213191986084,1.625952124595642,1.6320137977600098,1.6348979473114014,1.633410930633545,1.6265642642974854,1.6133149862289429,1.5925710201263428,1.5633107423782349,1.524944543838501,1.4767175912857056
0.43226027488708496,0.4479161202907562,0.46639999747276306,0.48852625489234924,0.5151802897453308,0.5469857454299927,0.5845563411712646,0.6281998157501221,0.6775847673416138,0.7321752309799194,0.791227400302887,0.853304386138916,0.9166459441184998,0.9795147180557251,1.0397692918777466,1.0957080125808716,1.1460031270980835,1.1896159648895264,1.2260973453521729,1.2557955980300903,1.2798395156860352,1.2998636960983276,1.3179057836532593,1.3365190029144287,1.3577526807785034,1.3841745853424072,1.4173487424850464,1.4586191177368164,1.5083211660385132,1.5662387609481812,1.6312679052352905,1.7012406587600708,1.7736092805862427,1.844900369644165,1.9114232063293457,1.969581961631775,2.0147624015808105,2.0444982051849365,2.0558464527130127,2.045619487762451,2.0141241550445557,1.965142011642456,1.6259337663650513
0.40466752648353577,0.42694586515426636,0.44629013538360596,0.46244552731513977,0.4756660461425781,0.48731106519699097,0.4990963339805603,0.5132304430007935,0.5319403409957886,0.5569405555725098,0.5890130996704102,0.6284858584403992,0.6743121147155762,0.7249289751052856,0.778119683265686,0.8311508893966675,0.881820559501648,0.9280155301094055,0.9684832692146301,1.0032153129577637,1.0333185195922852,1.060770869255066,1.0890476703643799,1.121770977973938,1.1627424955368042,1.2157835960388184,1.2833399772644043,1.367328405380249,1.4675166606903076,1.5833678245544434,1.7120704650878906,1.8503941297531128,1.9915670156478882,2.128943920135498,2.2541115283966064,2.3586909770965576,2.43213152885437,2.467970848083496,2.457535982131958,2.3978569507598877,2.2972869873046875,1.7524487972259521,1.5281411409378052
0.24993525445461273,0.28800126910209656,0.32025203108787537,0.3446226716041565,0.3605639338493347,0.3696276545524597,0.3738686740398407,0.3764933943748474,0.38021034002304077,0.3881489634513855,0.40269801020622253,0.4255174398422241,0.4581228196620941,0.5001844763755798,0.5511850714683533,0.6091403961181641,0.6718346476554871,0.7356441020965576,0.7982586026191711,0.8573652505874634,0.9115734100341797,0.9619938731193542,1.010701298713684,1.061113953590393,1.1170169115066528,1.1814658641815186,1.2563472986221313,1.3417245149612427,1.4390251636505127,1.5485602617263794,1.6712232828140259,1.8067375421524048,1.9526959657669067,2.10208797454834,2.247455596923828,2.3759608268737793,2.47538685798645,2.525332450866699,2.5120468139648438,2.415201425552368,1.901637077331543,1.5927681922912598,1.38581383228302
0.15507736802101135,0.16260726749897003,0.16912399232387543,0.17663630843162537,0.1880866140127182,0.20524948835372925,0.22752965986728668,0.25316351652145386,0.2791028320789337,0.302998811006546,0.3243579566478729,0.34541672468185425,0.3701974153518677,0.4036223888397217,0.4479028880596161,0.5037864446640015,0.5688848495483398,0.6399651765823364,0.7116702795028687,0.7807052135467529,0.8459896445274353,0.9100585579872131,0.9786196351051331,1.0566471815109253,1.1451562643051147,1.2399271726608276,1.334167242050171,1.4179617166519165,1.4865612983703613,1.5416456460952759,1.588555932044983,1.635947823524475,1.6939964294433594,1.773383378982544,1.808308482170105,1.996449589729309,1.9518827199935913,2.003533124923706,2.10481858253479,1.8424278497695923,1.6109267473220825,1.46048903465271,1.3148069381713867
0.2430780678987503,0.217548668384552,0.19417913258075714,0.18246090412139893,0.18820835649967194,0.21404312551021576,0.2556302547454834,0.30220547318458557,0.34332984685897827,0.37289148569107056,0.3897247910499573,0.40117955207824707,0.4107900559902191,0.4288429319858551,0.46286728978157043,0.5101940631866455,0.5644122958183289,0.6162450909614563,0.6585119366645813,0.6836427450180054,0.6990151405334473,0.7229162454605103,0.7734034061431885,0.8712257146835327,1.0156298875808716,1.20938241481781,1.2873910665512085,1.5843467712402344,1.8255085945129395,2.0395357608795166,1.9010934829711914,1.7572944164276123,1.9054315090179443,1.6322005987167358,1.6896312236785889,1.7413443326950073,1.851516842842102,2.087265729904175,1.9481167793273926,1.787449836730957,1.593822956085205,1.3935343027114868,1.0608783960342407
0.3506344258785248,0.3619564473628998,0.3822084963321686,0.42268988490104675,0.4372829794883728,0.44487157464027405,0.4533485472202301,0.46323198080062866,0.4607519209384918,0.45535773038864136,0.422963947057724,0.39253729581832886,0.4246474802494049,0.4560863673686981,0.5013899207115173,0.5613583922386169,0.6450769901275635,0.7320201992988586,0.7757039666175842,0.6500836610794067,0.6012769937515259,0.5897874236106873,0.5407777428627014,0.561661422252655,0.6950868368148804,0.9540513157844543,1.304432988166809,1.5918298959732056,2.0753774642944336,2.437584400177002,2.471508741378784,2.331648349761963,2.1169238090515137,1.7364124059677124,1.531914234161377,1.5327279567718506,1.6691569089889526,1.9165973663330078,1.7149548530578613,1.54545259475708,1.3653103113174438,1.1669389009475708,0.9091169834136963
0.4799777865409851,0.583283543586731,0.7086946964263916,0.7744477987289429,0.724625825881958,0.6730996966362,0.6686806082725525,0.582223653793335,0.4997599720954895,0.4523714780807495,0.4094783067703247,0.3752240538597107,0.3735313415527344,0.3784695863723755,0.4400751292705536,0.5509225130081177,0.691239595413208,0.8196377158164978,0.9101682901382446,0.8216177225112915,0.8944223523139954,0.8152122497558594,0.6899405717849731,0.5857210755348206,0.5909656286239624,0.775011420249939,1.143227219581604,1.4142179489135742,2.003718614578247,2.592820882797241,2.670248508453369,2.4982941150665283,2.2085423469543457,1.7746955156326294,1.5479718446731567,1.5585044622421265,1.7046252489089966,1.7890204191207886,1.6409968137741089,1.5187219381332397,1.1679582595825195,0.9426307678222656,0.8292972445487976
0.8219316005706787,0.8173530697822571,1.0548176765441895,1.1194660663604736,1.1496855020523071,1.0195295810699463,0.8456607460975647,0.711371898651123,0.6342183947563171,0.6649796962738037,0.7791596055030823,0.7842429876327515,0.7120311260223389,0.6157262921333313,0.5547521710395813,0.5606150031089783,0.6358644366264343,0.7617880702018738,0.9157987833023071,0.8659090399742126,0.9686574935913086,1.1809961795806885,1.1327602863311768,1.0069528818130493,0.9057720303535461,0.9531350135803223,1.212765097618103,1.6391569375991821,2.002366065979004,2.635714292526245,2.753220319747925,2.331528902053833,2.032956600189209,1.8747988939285278,1.8941882848739624,1.92537522315979,1.964956521987915,1.7863847017288208,1.5165612697601318,1.2689546346664429,1.1024104356765747,1.0685572624206543,1.0930588245391846
1.122056007385254,1.0316078662872314,1.374210000038147,1.4239517450332642,1.4785935878753662,1.4620423316955566,1.014556884765625,0.8266071081161499,0.8692004084587097,1.2305848598480225,1.4969282150268555,1.5691617727279663,1.4325635433197021,1.1829816102981567,0.8447340130805969,0.8591670393943787,0.8317283987998962,0.873975396156311,0.9541025161743164,1.0837907791137695,1.2048231363296509,1.129779577255249,1.132320761680603,1.130113124847412,1.293796181678772,1.3145750761032104,1.4633283615112305,1.5202372074127197,2.003952980041504,2.269037961959839,2.394071578979492,2.306570291519165,2.0470054149627686,1.9601901769638062,2.110313892364502,2.015467405319214,1.999982476234436,1.7178399562835693,1.2999640703201294,1.1480735540390015,1.192445993423462,1.4516723155975342,1.5664616823196411
1.30561363697052,1.3099068403244019,1.776546597480774,1.8337322473526,1.8344866037368774,1.5798401832580566,1.0984724760055542,0.9316666126251221,1.2062267065048218,1.6216105222702026,1.9422396421432495,1.5396313667297363,1.6103770732879639,1.2604389190673828,1.1659245491027832,1.1571834087371826,1.1759397983551025,1.2684305906295776,1.1513208150863647,1.174383282661438,1.1545687913894653,1.1937389373779297,1.3623214960098267,1.3749549388885498,1.6775377988815308,1.7508496046066284,1.7767874002456665,1.781479001045227,1.918127417564392,1.993908166885376,2.1359803676605225,2.298293113708496,2.224332332611084,2.0034749507904053,1.7817217111587524,1.7164111137390137,1.7068703174591064,1.5876888036727905,1.3446632623672485,1.3496146202087402,1.5449758768081665,1.7901923656463623,1.7334083318710327
1.5115020275115967,1.6069246530532837,2.150766372680664,2.181414842605591,1.9891746044158936,1.3791097402572632,1.1016734838485718,1.0880905389785767,1.3956819772720337,1.7744007110595703,1.9989359378814697,1.848127841949463,1.4388347864151,1.3723112344741821,1.4474165439605713,1.592416524887085,1.6773535013198853,1.5193487405776978,1.332962155342102,1.350658655166626,1.227643609046936,1.2600256204605103,1.540145993232727,1.627595067024231,1.8297556638717651,1.8348785638809204,1.8339107036590576,1.9459419250488281,1.8912819623947144,2.0164237022399902,2.2570443153381348,2.472580671310425,2.1824145317077637,1.7582653760910034,1.544757604598999,1.5969154834747314,1.860292911529541,1.9644602537155151,2.052725076675415,2.0069944858551025,1.7970257997512817,1.4570742845535278,1.134739637374878
1.729452133178711,1.723161220550537,2.023777723312378,1.800966501235962,1.4454771280288696,1.2575242519378662,1.0746570825576782,1.249343991279602,1.6117597818374634,1.9147388935089111,1.9054113626480103,1.6794912815093994,1.7075825929641724,1.782377004623413,1.811874508857727,1.8320213556289673,1.5879175662994385,1.4456839561462402,1.3203777074813843,1.3131486177444458,1.1715483665466309,1.2590994834899902,1.645432949066162,1.7423579692840576,2.106659412384033,1.895743727684021,1.7831062078475952,1.778213620185852,1.7798938751220703,2.0316824913024902,2.429055690765381,2.5679266452789307,2.1566905975341797,1.7899125814437866,1.6251903772354126,1.7373218536376953,2.088829517364502,2.3621602058410645,2.1674160957336426,1.7448021173477173,1.466736912727356,0.8243544101715088,0.46707749366760254
1.8514153957366943,1.5237394571304321,1.4279628992080688,1.4729094505310059,1.3292173147201538,1.2428425550460815,1.2943814992904663,1.5134096145629883,1.7743557691574097,1.9454255104064941,1.8357658386230469,2.0639381408691406,2.1865413188934326,2.1522512435913086,2.0168540477752686,1.7425510883331299,1.5752114057540894,1.298388957977295,1.2606537342071533,0.9190825819969177,0.7031586170196533,0.7974801063537598,1.1359997987747192,1.1682490110397339,1.3687148094177246,1.3009848594665527,1.338389277458191,1.4811158180236816,1.653788685798645,1.7779735326766968,1.811765432357788,1.7115914821624756,1.7540385723114014,1.9436298608779907,1.6846932172775269,1.7629406452178955,1.8400980234146118,1.6235294342041016,1.4492696523666382,1.0964891910552979,0.5436773896217346,0.12423813343048096,0.07881423830986023
1.807773470878601,1.4117223024368286,1.1911684274673462,1.2119256258010864,1.4318468570709229,1.640154242515564,1.6481938362121582,1.8684598207473755,1.861795425415039,1.7396239042282104,1.6935782432556152,1.7692923545837402,1.7448186874389648,1.8948103189468384,1.7268071174621582,1.3436435461044312,1.2419384717941284,1.1071085929870605,0.6934210062026978,0.21781417727470398,-0.026654500514268875,0.06815293431282043,0.3148590624332428,0.49876371026039124,0.5701344609260559,0.6702679991722107,0.8055961728096008,1.1170716285705566,1.1949915885925293,1.0748851299285889,0.8923531770706177,0.9891824126243591,1.2974364757537842,1.653607726097107,1.7111040353775024,1.5675134658813477,1.2989991903305054,0.7870616316795349,0.3773392140865326,-0.06988540291786194,-0.26384425163269043,-0.16050785779953003,0.16531793773174286
1.5054881572723389,1.1512213945388794,0.955406129360199,1.0969491004943848,1.4795161485671997,1.5405569076538086,1.7680590152740479,2.073075771331787,1.8599520921707153,1.4279758930206299,1.1222450733184814,1.1020445823669434,1.246323823928833,1.282206416130066,1.1549276113510132,0.8539676666259766,0.7293125987052917,0.3886535167694092,-0.04325117915868759,-0.46059808135032654,-0.655968964099884,-0.6265557408332825,-0.5223755240440369,-0.48950493335723877,-0.5186598300933838,-0.47964268922805786,-0.12931706011295319,0.25505661964416504,0.46995654702186584,0.34691494703292847,0.17687121033668518,0.41348621249198914,0.8454691171646118,1.1184971332550049,1.0372836589813232,0.7335366606712341,0.27464646100997925,-0.15610630810260773,-0.44993484020233154,-0.6359813809394836,-0.5696315169334412,-0.13441389799118042,0.21040859818458557
0.952495276927948,0.8649666905403137,0.766431450843811,0.8438347578048706,1.1530630588531494,1.2085766792297363,1.4188905954360962,1.7439793348312378,1.5070005655288696,1.0572476387023926,0.7616322040557861,0.7680084705352783,0.8733603358268738,0.8255025744438171,0.5748195052146912,0.2216278612613678,-0.15094812214374542,-0.4467478096485138,-0.6923054456710815,-0.964652419090271,-1.2780084609985352,-1.5816558599472046,-1.689335823059082,-1.5930509567260742,-1.5147775411605835,-1.5546332597732544,-1.4161840677261353,-0.9888971447944641,-0.5419645309448242,-0.4418754577636719,-0.5165346264839172,-0.17516271770000458,0.17979253828525543,0.31136196851730347,0.09598710387945175,-0.2978884279727936,-0.4937778115272522,-0.5261093378067017,-0.44415053725242615,-0.4064491391181946,-0.3141409754753113,-0.094160296022892,0.005015923175960779
0.466629296541214,0.49931687116622925,0.5125877261161804,0.5730195641517639,0.7732205390930176,0.9567396640777588,1.0132923126220703,0.9895934462547302,0.7676841020584106,0.5551512241363525,0.5211353302001953,0.5704694986343384,0.6176741123199463,0.40185999870300293,-0.03596348315477371,-0.5777059197425842,-0.9697288870811462,-1.1491206884384155,-1.2152239084243774,-1.4647576808929443,-2.112227201461792,-2.8742835521698,-3.0808920860290527,-2.501769781112671,-1.3475632667541504,-1.5517936944961548,-1.4889880418777466,-1.694700002670288,-1.2954615354537964,-1.1280722618103027,-1.2208694219589233,-0.8945586681365967,-0.5129663348197937,-0.4741443395614624,-0.7312420010566711,-0.9106405973434448,-0.8537194132804871,-0.444245845079422,-0.08161482959985733,0.029009966179728508,-0.002642761217430234,-0.03196924552321434,-0.10904017835855484
