earth/public/data/atmosphere/C53/ANN-slp-surface-level-gfs-1.0.json
{"header": {"discipline": 0, "disciplineName": "Meteorological products", "gribEdition": 2, "gribLength": 17922.0, "center": 0, "centerName": "Kiel Climate Model", "subcenter": 0, "refTime": "1", "significanceOfRT": 1, "significanceOfRTName": "Start of forecast", "productStatus": 0, "productStatusName": "Operational products", "productType": 1, "productTypeName": "Forecast products", "productDefinitionTemplate": 0, "productDefinitionTemplateName": "Analysis/forecast at horizontal level/layer at a point in time", "parameterCategory": 2, "parameterCategoryName": "Momentum", "parameterNumber": 2, "parameterNumberName": "U-component_of_wind", "parameterUnit": "Pa", "genProcessType": 2, "genProcessTypeName": "Forecast", "forecastTime": 0, "surface1Type": 103, "surface1TypeName": "Specified height level above ground", "surface1Value": 10, "surface2Type": 255, "surface2TypeName": "Missing", "surface2Value": 0, "gridDefinitionTemplate": 0, "gridDefinitionTemplateName": "Latitude_Longitude", "numberPoints": 65160, "shape": 6, "shapeName": "Earth spherical with radius of 6,371,229.0 m", "gridUnits": "degrees", "resolution": 48, "winds": "true", "scanMode": 0, "nx": 128.0, "ny": 64.0, "basicAngle": 0, "subDivisions": 0, "lo1": 0.0, "la1": 87.86379883923263, "lo2": 357.1875, "la2": -87.86379883923263, "dx": 2.8125, "dy": 2.7893269472772264}, "data":
[rows 23 to 45 of 64, columns 52 to 103 of 128]
99661.0390625,99641.203125,99651.90625,99656.71875,99675.46875,99710.3046875,99700.375,99712.546875,99802.765625,99828.6953125,99769.921875,99798.328125,99861.0,99813.265625,99799.1484375,99893.1171875,99877.9453125,99768.25,99819.5078125,99916.9921875,99825.5234375,99753.21875,99875.421875,99913.078125,99776.671875,99780.140625,99921.5625,99899.140625,99807.5546875,99912.1171875,100062.125,100045.71875,100001.7890625,100054.59375,100094.0625,100072.328125,100060.4296875,100080.5390625,100127.4609375,100172.953125,100168.5,100157.265625,100197.5078125,100217.3828125,100188.9609375,100211.7265625,100252.1171875,100195.515625,100133.296875,100177.578125,100203.390625,100129.9609375
99438.1953125,99394.9609375,99448.515625,99502.2890625,99541.890625,99579.40625,99576.3359375,99570.2734375,99611.890625,99638.015625,99628.0546875,99648.390625,99676.1640625,99663.0234375,99649.546875,99638.6953125,99612.9375,99642.234375,99709.0546875,99684.46875,99623.171875,99676.6796875,99729.828125,99635.875,99581.875,99706.5625,99776.8203125,99687.5546875,99696.15625,99841.4375,99843.390625,99713.5546875,99718.7421875,99817.7578125,99813.90625,99779.796875,99835.6875,99902.015625,99916.4453125,99913.8125,99910.515625,99928.96875,99969.40625,99972.4765625,99956.9375,99987.6484375,99997.515625,99950.375,99963.203125,100023.3828125,99982.6328125,99898.1875
99273.734375,99348.0625,99417.59375,99408.6875,99395.8515625,99436.9609375,99482.890625,99487.140625,99468.671875,99474.8125,99508.4140625,99510.640625,99481.8671875,99502.40625,99535.234375,99487.265625,99459.53125,99529.8125,99524.7109375,99413.46875,99429.0234375,99546.1484375,99518.9765625,99441.5703125,99531.21875,99627.203125,99540.875,99469.546875,99561.609375,99600.7734375,99486.1015625,99461.6796875,99605.6015625,99672.546875,99608.515625,99620.9375,99712.640625,99714.0390625,99660.5390625,99671.703125,99715.4375,99741.7734375,99757.6328125,99758.6796875,99765.5,99791.75,99788.9140625,99781.1796875,99821.796875,99822.953125,99750.21875,99746.859375
99299.125,99385.7265625,99357.6171875,99307.2734375,99300.984375,99314.6484375,99346.234375,99380.671875,99369.515625,99360.828125,99407.0703125,99410.625,99351.984375,99374.0546875,99444.765625,99420.1796875,99389.7890625,99431.4375,99403.2109375,99340.3984375,99402.796875,99440.8671875,99342.5078125,99343.390625,99458.46875,99410.375,99290.125,99365.8828125,99476.3515625,99409.703125,99370.5,99508.140625,99595.03125,99504.21875,99444.40625,99521.2578125,99559.40625,99494.1484375,99488.53125,99572.9140625,99611.265625,99591.5546875,99594.5859375,99618.2265625,99640.28125,99652.6953125,99645.9375,99653.515625,99673.484375,99644.265625,99632.0078125,99710.34375
99270.9140625,99205.546875,99128.1640625,99195.890625,99292.0234375,99269.109375,99230.6015625,99274.84375,99301.890625,99277.3125,99298.9296875,99336.2578125,99313.9375,99301.21875,99326.40625,99316.421875,99301.9765625,99324.734375,99333.4140625,99355.5546875,99402.34375,99355.9375,99284.6875,99351.8046875,99393.7109375,99289.171875,99301.84375,99460.6875,99448.28125,99337.2109375,99413.734375,99510.3671875,99399.6171875,99301.234375,99394.171875,99480.8984375,99434.671875,99412.234375,99499.875,99556.078125,99512.3828125,99485.2109375,99527.4609375,99558.25,99557.0234375,99558.390625,99564.1875,99576.921875,99584.359375,99577.3359375,99610.1875,99657.734375
99160.7578125,99107.953125,99124.8984375,99224.2578125,99276.9296875,99235.34375,99203.0,99241.390625,99274.046875,99244.5,99225.3359375,99267.234375,99299.1875,99278.671875,99261.03125,99272.4453125,99286.109375,99282.8671875,99277.109375,99289.21875,99289.6484375,99266.765625,99300.203125,99369.609375,99337.9296875,99293.0703125,99389.6171875,99430.3125,99294.015625,99272.2890625,99405.5859375,99371.921875,99254.671875,99360.921875,99516.5078125,99464.6015625,99390.78125,99466.21875,99527.5234375,99469.03125,99427.703125,99485.75,99544.4296875,99528.609375,99507.078125,99530.859375,99554.3203125,99557.5,99564.0390625,99574.5234375,99581.0859375,99563.515625
99121.0859375,99214.625,99286.8125,99230.5546875,99141.2265625,99166.765625,99227.453125,99222.5234375,99227.765625,99253.515625,99238.1015625,99232.6171875,99267.515625,99274.4609375,99269.78125,99304.7734375,99326.0546875,99307.328125,99297.1328125,99291.6640625,99274.7109375,99293.25,99341.015625,99327.7578125,99276.0546875,99308.9921875,99362.96875,99290.8359375,99240.453125,99371.4453125,99447.1875,99347.734375,99376.5,99544.140625,99505.7265625,99350.515625,99402.1484375,99517.859375,99465.296875,99407.8046875,99487.0,99563.3203125,99540.796875,99502.015625,99521.8671875,99565.6953125,99566.765625,99546.0546875,99556.765625,99575.0703125,99559.21875,99546.6953125
99116.6484375,99173.25,99196.8671875,99124.1875,99087.796875,99198.375,99266.15625,99188.3671875,99173.8203125,99263.015625,99275.53125,99237.6796875,99253.71875,99269.453125,99268.4375,99285.546875,99283.0859375,99277.125,99318.5859375,99345.7734375,99337.078125,99350.8671875,99347.6796875,99295.84375,99303.0625,99371.328125,99357.8203125,99315.484375,99405.59375,99500.7265625,99418.4375,99354.046875,99465.9375,99485.0234375,99325.8984375,99338.1015625,99526.7578125,99530.25,99421.4609375,99494.8828125,99605.203125,99550.984375,99485.7109375,99529.9453125,99582.4765625,99581.1875,99557.6796875,99552.4765625,99579.59375,99594.5859375,99581.0546875,99599.59375
99137.578125,99080.046875,99084.296875,99166.7734375,99233.84375,99260.8125,99238.9609375,99191.4296875,99208.4921875,99259.71875,99251.6640625,99242.7265625,99275.9375,99279.0703125,99266.375,99275.71875,99263.1640625,99257.375,99294.8984375,99305.34375,99288.40625,99304.9609375,99310.59375,99309.1171875,99365.8359375,99393.7890625,99342.6484375,99363.5546875,99440.3671875,99380.375,99283.109375,99365.140625,99460.546875,99377.0625,99359.2734375,99547.53125,99608.96875,99454.1953125,99447.1484375,99599.1328125,99576.71875,99459.2421875,99518.7734375,99626.078125,99599.2578125,99555.78125,99581.3359375,99614.921875,99629.34375,99620.671875,99608.3984375,99631.2890625
99184.125,99159.703125,99169.5234375,99259.8515625,99257.015625,99157.7109375,99146.1015625,99234.03125,99276.984375,99235.40625,99204.734375,99245.2421875,99284.640625,99267.25,99267.84375,99308.4609375,99318.265625,99309.90625,99308.8671875,99282.6484375,99270.34375,99303.015625,99320.765625,99327.0859375,99347.9609375,99321.4921875,99295.0703125,99351.0078125,99361.40625,99293.328125,99356.9140625,99502.890625,99473.59375,99402.765625,99523.0625,99599.609375,99443.828125,99376.78125,99544.515625,99599.9140625,99470.078125,99492.796875,99652.3125,99642.953125,99539.3828125,99573.0,99650.3671875,99643.578125,99625.296875,99627.890625,99631.7890625,99650.15625
99146.640625,99187.0234375,99170.5078125,99159.8203125,99131.0859375,99110.2109375,99176.296875,99252.796875,99235.2734375,99194.625,99219.609375,99260.0546875,99250.375,99228.2421875,99247.2421875,99274.953125,99277.5625,99287.3515625,99305.6015625,99309.8515625,99328.546875,99352.0703125,99338.09375,99320.28125,99322.359375,99317.859375,99348.8515625,99401.6953125,99385.328125,99391.765625,99500.8125,99504.28125,99378.0234375,99408.4375,99524.78125,99431.8125,99339.5234375,99518.3125,99650.7265625,99515.8203125,99467.0546875,99634.375,99665.9609375,99522.5625,99530.21875,99667.3203125,99668.109375,99591.5,99613.4296875,99663.34375,99663.7890625,99668.953125
99098.453125,99133.4453125,99122.796875,99113.265625,99168.8046875,99252.65625,99273.1796875,99202.2890625,99147.7109375,99201.46875,99268.96875,99249.4296875,99215.703125,99243.265625,99270.03125,99246.4296875,99225.6328125,99246.703125,99272.4453125,99287.4296875,99306.4765625,99308.828125,99296.6328125,99314.6875,99350.296875,99370.9921875,99395.296875,99400.7421875,99378.09375,99405.546875,99431.96875,99353.21875,99338.2421875,99483.953125,99516.203125,99417.5078125,99522.921875,99695.671875,99577.765625,99437.234375,99592.1171875,99698.8671875,99548.5390625,99510.2734375,99685.5703125,99733.328125,99617.828125,99612.734375,99714.6015625,99731.25,99685.0234375,99691.28125
99163.03125,99186.375,99210.71875,99222.6953125,99244.921875,99255.125,99212.9375,99165.7109375,99199.2265625,99273.2421875,99267.3046875,99212.1875,99232.0625,99298.25,99305.78125,99285.3203125,99305.375,99327.9296875,99314.1484375,99301.4296875,99307.4453125,99310.3515625,99328.234375,99368.140625,99384.796875,99373.890625,99369.515625,99369.4296875,99382.421875,99423.015625,99432.234375,99437.1328125,99545.9453125,99631.6171875,99547.875,99529.515625,99672.9921875,99635.3984375,99456.4453125,99564.3828125,99776.40625,99672.671875,99556.875,99742.5,99847.5,99693.5625,99656.890625,99805.8125,99847.40625,99766.9453125,99747.84375,99797.109375
99235.9921875,99242.9296875,99264.6640625,99262.78125,99217.359375,99172.2109375,99190.40625,99272.1484375,99334.59375,99308.59375,99245.953125,99255.5234375,99318.875,99322.2109375,99281.328125,99304.3125,99367.53125,99377.390625,99361.2734375,99381.53125,99408.5703125,99417.890625,99432.53125,99441.2265625,99423.328125,99421.765625,99454.8828125,99491.0078125,99527.78125,99562.8828125,99578.484375,99614.484375,99661.53125,99609.2890625,99538.5625,99630.078125,99708.59375,99603.6328125,99630.875,99873.7265625,99867.4140625,99660.3359375,99769.6875,99983.0234375,99840.8203125,99705.84375,99903.296875,100012.015625,99871.5703125,99840.25,99942.890625,99967.5703125
99312.4453125,99293.1953125,99290.140625,99308.53125,99322.640625,99336.171875,99373.375,99400.9609375,99363.734375,99302.8515625,99318.1171875,99398.0,99418.6875,99358.671875,99338.3203125,99386.328125,99400.4296875,99370.6640625,99390.140625,99447.78125,99466.2734375,99462.8203125,99478.171875,99487.921875,99498.2265625,99545.7265625,99594.578125,99604.34375,99606.59375,99617.1875,99622.8671875,99636.734375,99639.9375,99629.5234375,99704.421875,99831.5703125,99824.296875,99784.6171875,99930.65625,100007.375,99813.234375,99787.546875,100053.109375,100049.4765625,99823.3046875,99961.6640625,100207.671875,100052.140625,99904.859375,100090.5546875,100171.90625,100046.7421875
99481.90625,99474.84375,99457.3203125,99466.84375,99502.6484375,99519.171875,99486.8359375,99424.125,99387.40625,99421.7734375,99492.203125,99505.4453125,99456.6875,99451.9921875,99523.8984375,99559.6484375,99513.6875,99492.640625,99539.40625,99556.1953125,99523.5234375,99526.8671875,99568.546875,99592.0390625,99613.796875,99647.90625,99649.125,99629.75,99647.6484375,99689.328125,99722.34375,99761.5625,99810.7109375,99876.046875,99958.2421875,99969.78125,99902.921875,99937.765625,100039.9765625,99966.1875,99890.015625,100108.546875,100256.25,100041.3359375,100008.0234375,100320.3125,100303.296875,100014.296875,100148.296875,100408.9921875,100231.40625,100076.2421875
99643.03125,99661.828125,99647.4375,99610.390625,99581.609375,99561.5546875,99543.59375,99549.6015625,99600.84375,99655.875,99642.90625,99570.5234375,99542.796875,99607.21875,99663.3125,99637.3515625,99614.5546875,99670.140625,99717.7578125,99687.3984375,99667.59375,99715.78125,99752.3984375,99740.8046875,99741.7421875,99755.9296875,99755.0078125,99782.265625,99852.6171875,99900.9140625,99919.96875,99953.96875,99987.8359375,99998.4375,99989.1484375,99959.6875,99976.75,100085.8203125,100137.234375,100089.203125,100189.265625,100377.21875,100272.25,100100.046875,100321.203125,100501.984375,100222.21875,100152.0859375,100533.2734375,100525.890625,100172.2890625,100300.4375
99775.5390625,99779.8515625,99787.484375,99775.140625,99753.8203125,99751.296875,99777.1796875,99811.9296875,99819.15625,99780.609375,99728.984375,99729.1875,99789.0859375,99820.7265625,99766.984375,99711.0,99748.6640625,99815.6875,99805.3203125,99775.1796875,99822.578125,99881.5546875,99864.3515625,99839.15625,99874.2265625,99912.90625,99931.78125,99976.046875,100013.765625,99993.34375,99977.5625,100007.109375,100024.4453125,100021.78125,100055.8125,100129.640625,100221.4609375,100292.90625,100285.328125,100280.4921875,100378.0234375,100388.5625,100239.203125,100308.2109375,100584.5,100499.5859375,100247.109375,100506.09375,100779.4375,100413.8203125,100260.6640625,100731.265625
99974.03125,99950.578125,99954.25,99975.0390625,99986.0625,99982.5,99969.890625,99937.84375,99885.125,99848.3671875,99874.6171875,99951.359375,99996.59375,99961.5078125,99914.890625,99944.125,100008.2578125,99995.015625,99930.53125,99938.4375,100004.375,100002.03125,99953.125,99978.0859375,100050.3125,100062.703125,100044.46875,100060.1640625,100062.2734375,100040.6015625,100078.1015625,100155.3359375,100187.6953125,100216.921875,100298.3984375,100359.875,100350.125,100320.46875,100313.0546875,100352.34375,100410.0078125,100396.96875,100402.40625,100582.03125,100677.8125,100468.8984375,100448.859375,100805.296875,100761.984375,100331.4609375,100572.703125,101065.5625
100127.25,100105.609375,100080.921875,100068.546875,100056.03125,100032.34375,100008.28125,99998.578125,100014.7265625,100055.1875,100091.9453125,100081.3203125,100025.6875,99995.1875,100048.4375,100133.6640625,100147.6015625,100094.734375,100088.25,100154.609375,100180.34375,100127.640625,100115.953125,100186.3515625,100213.4375,100157.8203125,100139.71875,100188.3984375,100216.25,100234.078125,100300.890625,100347.1484375,100321.03125,100315.8515625,100353.765625,100333.0,100277.6796875,100309.6328125,100405.5546875,100467.828125,100498.140625,100536.515625,100600.546875,100655.0625,100594.3828125,100507.1328125,100658.5625,100848.984375,100645.9375,100469.4140625,100870.4375,101056.6796875
100151.125,100155.9609375,100143.890625,100125.8671875,100114.21875,100112.859375,100126.3125,100152.421875,100183.3828125,100196.7734375,100169.7734375,100114.578125,100087.609375,100126.484375,100183.1875,100176.4921875,100117.5078125,100111.6328125,100190.03125,100247.3203125,100212.6875,100178.265625,100232.1328125,100285.875,100243.7734375,100199.703125,100258.8515625,100333.765625,100323.703125,100301.5546875,100322.484375,100305.34375,100251.6171875,100270.140625,100331.4296875,100335.734375,100360.71875,100484.671875,100568.9140625,100523.15625,100493.21875,100554.34375,100578.2109375,100526.96875,100531.890625,100648.1953125,100752.046875,100706.09375,100610.8359375,100720.84375,100907.671875,100758.0078125
100135.640625,100146.7890625,100161.109375,100171.046875,100180.015625,100190.2578125,100192.546875,100173.859375,100137.359375,100104.8046875,100100.046875,100138.5,100210.71875,100266.1796875,100252.015625,100188.5078125,100167.1015625,100227.25,100281.328125,100245.765625,100184.7421875,100210.0234375,100281.1328125,100271.546875,100209.1953125,100231.6875,100320.6015625,100319.90625,100233.8828125,100213.953125,100266.96875,100279.0703125,100279.7734375,100358.1875,100433.421875,100418.9375,100417.625,100476.4375,100448.359375,100336.9765625,100354.015625,100487.0625,100505.09375,100449.9375,100561.1171875,100730.3046875,100656.546875,100488.046875,100607.625,100849.265625,100716.4296875,100424.1953125
100040.9765625,100036.9609375,100040.3046875,100042.5859375,100040.28125,100038.8671875,100038.8671875,100035.046875,100033.4140625,100049.671875,100089.09375,100132.6953125,100151.171875,100132.171875,100106.3515625,100127.0546875,100204.265625,100266.140625,100241.78125,100175.71875,100179.1171875,100252.7109375,100276.5,100210.984375,100176.703125,100238.9375,100274.84375,100199.203125,100142.5234375,100221.296875,100317.4296875,100303.75,100270.078125,100308.1953125,100312.390625,100224.0234375,100179.015625,100225.9453125,100233.0078125,100211.0546875,100315.3046875,100464.2734375,100432.890625,100333.8046875,100425.1328125,100544.6875,100408.2265625,100274.7734375,100508.71875,100743.328125,100482.9296875,100220.4375
