earth/public/data/atmosphere/C53/ANN-rh-isobaric-250hPa-gfs-1.0.json
{"header": {"discipline": 0, "disciplineName": "Meteorological products", "gribEdition": 2, "gribLength": 17922.0, "center": 0, "centerName": "Kiel Climate Model", "subcenter": 0, "refTime": "1", "significanceOfRT": 1, "significanceOfRTName": "Start of forecast", "productStatus": 0, "productStatusName": "Operational products", "productType": 1, "productTypeName": "Forecast products", "productDefinitionTemplate": 0, "productDefinitionTemplateName": "Analysis/forecast at horizontal level/layer at a point in time", "parameterCategory": 2, "parameterCategoryName": "Momentum", "parameterNumber": 2, "parameterNumberName": "U-component_of_wind", "parameterUnit": "%", "genProcessType": 2, "genProcessTypeName": "Forecast", "forecastTime": 0, "surface1Type": 103, "surface1TypeName": "Specified height level above ground", "surface1Value": 10, "surface2Type": 255, "surface2TypeName": "Missing", "surface2Value": 0, "gridDefinitionTemplate": 0, "gridDefinitionTemplateName": "Latitude_Longitude", "numberPoints": 65160, "shape": 6, "shapeName": "Earth spherical with radius of 6,371,229.0 m", "gridUnits": "degrees", "resolution": 48, "winds": "true", "scanMode": 0, "nx": 128.0, "ny": 64.0, "basicAngle": 0, "subDivisions": 0, "lo1": 0.0, "la1": 87.86379883923263, "lo2": 357.1875, "la2": -87.86379883923263, "dx": 2.8125, "dy": 2.7893269472772264}, "data":
[rows 0 to 18 of 64, columns 43 to 85 of 128]
0.8270567059516907,0.8270281553268433,0.8270117044448853,0.8270084261894226,0.8270177245140076,0.8270410299301147,0.8270782828330994,0.827130138874054,0.8271967172622681,0.8272783160209656,0.8273751735687256,0.827487587928772,0.8276150822639465,0.8277578353881836,0.8279162049293518,0.8280889987945557,0.8282766938209534,0.8284784555435181,0.8286939859390259,0.8289222717285156,0.8291628360748291,0.8294147849082947,0.8296772241592407,0.8299493789672852,0.830229640007019,0.8305173516273499,0.8308111429214478,0.831109881401062,0.8314122557640076,0.8317170739173889,0.832023024559021,0.8323293328285217,0.8326343297958374,0.8329370617866516,0.8332366943359375,0.8335317373275757,0.8338220119476318,0.8341061472892761,0.8343837261199951,0.8346537351608276,0.8349162936210632,0.8351705074310303,0.8354161381721497
0.8241658806800842,0.8240787386894226,0.8240035176277161,0.8239409327507019,0.8238905668258667,0.8238535523414612,0.8238296508789062,0.8238191604614258,0.8238224983215332,0.8238409161567688,0.823875367641449,0.823926568031311,0.8239966034889221,0.8240870237350464,0.8241996169090271,0.8243364095687866,0.824499249458313,0.8246906995773315,0.8249121904373169,0.825165331363678,0.825450599193573,0.8257678151130676,0.8261162042617798,0.8264943361282349,0.8268988132476807,0.8273261189460754,0.8277709484100342,0.8282285928726196,0.8286927342414856,0.8291572332382202,0.829616367816925,0.8300638794898987,0.8304954171180725,0.8309057354927063,0.8312921524047852,0.8316517472267151,0.8319833874702454,0.8322868347167969,0.8325617909431458,0.8328098058700562,0.8330324292182922,0.8332322239875793,0.8334112167358398
0.8227686882019043,0.823016345500946,0.8232409954071045,0.823432445526123,0.8235830664634705,0.823688805103302,0.8237481713294983,0.8237610459327698,0.8237282633781433,0.8236516118049622,0.8235310316085815,0.8233664035797119,0.8231577277183533,0.8229058980941772,0.8226135969161987,0.8222866654396057,0.8219354152679443,0.8215749263763428,0.8212231397628784,0.8209023475646973,0.8206347227096558,0.820442259311676,0.8203420639038086,0.8203458786010742,0.8204577565193176,0.8206729888916016,0.8209788203239441,0.8213549852371216,0.8217772841453552,0.8222187161445618,0.8226527571678162,0.8230567574501038,0.8234128952026367,0.8237107992172241,0.8239469528198242,0.8241246938705444,0.8242523670196533,0.8243423104286194,0.8244084715843201,0.8244640231132507,0.8245206475257874,0.8245874643325806,0.8246698975563049
0.8204053044319153,0.8209853768348694,0.8213323950767517,0.8214293718338013,0.8212890028953552,0.8209488987922668,0.8204646706581116,0.8198996186256409,0.8193120956420898,0.8187456130981445,0.8182189464569092,0.8177242875099182,0.8172292709350586,0.8166853785514832,0.8160377740859985,0.8152404427528381,0.8142674565315247,0.8131220936775208,0.8118414282798767,0.8104935884475708,0.8091699481010437,0.8079718351364136,0.8069963455200195,0.8063207864761353,0.8059903979301453,0.8060116767883301,0.8063518404960632,0.8069435954093933,0.8076964616775513,0.8085095286369324,0.8092893958091736,0.8099597692489624,0.8104731440544128,0.8108152747154236,0.8110026717185974,0.8110780119895935,0.81110018491745,0.8111335635185242,0.8112362027168274,0.8114522695541382,0.811806321144104,0.8123013973236084,0.8129215240478516
0.8179986476898193,0.8180809020996094,0.8175185322761536,0.8162921667098999,0.8144769072532654,0.812235951423645,0.8097968101501465,0.8074139356613159,0.8053205013275146,0.8036891222000122,0.8025984764099121,0.802021861076355,0.8018335700035095,0.8018350601196289,0.8017930388450623,0.801486611366272,0.8007475137710571,0.7994940280914307,0.7977474927902222,0.7956312298774719,0.7933496832847595,0.7911530137062073,0.7892947793006897,0.787986695766449,0.7873625755310059,0.7874555587768555,0.7881976366043091,0.7894322872161865,0.7909500598907471,0.7925255298614502,0.7939592599868774,0.795109748840332,0.7959118485450745,0.7963804006576538,0.7965965270996094,0.796685516834259,0.796787679195404,0.7970316410064697,0.7975115180015564,0.7982748746871948,0.7993195056915283,0.8005986213684082,0.8020340800285339
0.8088926076889038,0.8082825541496277,0.8068130612373352,0.8044100403785706,0.8011742234230042,0.7973753213882446,0.7934015989303589,0.7896784543991089,0.7865795493125916,0.7843524813652039,0.7830770611763,0.7826606035232544,0.7828709483146667,0.7833877801895142,0.7838667631149292,0.7839990854263306,0.7835590243339539,0.7824364900588989,0.7806537747383118,0.7783614993095398,0.7758172750473022,0.773344099521637,0.771274745464325,0.7698903679847717,0.7693626880645752,0.7697213292121887,0.7708481550216675,0.772506594657898,0.7743988633155823,0.7762333750724792,0.7777886986732483,0.7789538502693176,0.7797391414642334,0.7802565693855286,0.7806764841079712,0.78117835521698,0.781905472278595,0.7829359769821167,0.7842739820480347,0.7858615517616272,0.7875992655754089,0.789374589920044,0.7910847663879395
0.7927905917167664,0.7917348146438599,0.7900168895721436,0.7875478863716125,0.7844696044921875,0.7811144590377808,0.7778913378715515,0.7751505374908447,0.7730723023414612,0.7716249823570251,0.7705982327461243,0.7696942687034607,0.7686372995376587,0.7672572731971741,0.7655237913131714,0.7635180950164795,0.7613768577575684,0.759227991104126,0.7571592926979065,0.7552235126495361,0.7534745335578918,0.7520015239715576,0.7509380578994751,0.75043123960495,0.7505851984024048,0.751401424407959,0.7527514100074768,0.7543983459472656,0.7560638785362244,0.7575123310089111,0.7586241364479065,0.7594247460365295,0.7600662112236023,0.760765790939331,0.7617291808128357,0.7630822062492371,0.7648374438285828,0.7668971419334412,0.7690911293029785,0.7712336778640747,0.7731775045394897,0.7748492360115051,0.7762580513954163
0.7788808941841125,0.7767357230186462,0.7741740345954895,0.7713286876678467,0.7685684561729431,0.7663402557373047,0.7649593949317932,0.7644352316856384,0.7644160389900208,0.7642748355865479,0.7633102536201477,0.7609868049621582,0.7571302056312561,0.7520046234130859,0.74624103307724,0.7406393885612488,0.7359183430671692,0.7325052618980408,0.7304462194442749,0.7294695377349854,0.7291604280471802,0.7291622757911682,0.7293097972869873,0.7296389937400818,0.7302889227867126,0.731360137462616,0.7328163981437683,0.7344756722450256,0.7360915541648865,0.7374688982963562,0.7385485172271729,0.7394269704818726,0.7403005957603455,0.7413768768310547,0.7427886724472046,0.7445470690727234,0.7465465068817139,0.7486106157302856,0.7505587339401245,0.7522714138031006,0.7537306547164917,0.7550250291824341,0.7563168406486511
0.7663187384605408,0.762917160987854,0.759475827217102,0.7564612030982971,0.7543912529945374,0.7535644173622131,0.7538544535636902,0.7546823024749756,0.7551754117012024,0.7544392943382263,0.7518301010131836,0.747136652469635,0.7406389117240906,0.7330473065376282,0.725339949131012,0.7185294032096863,0.7133967280387878,0.7102761268615723,0.7089749574661255,0.7088876366615295,0.7092714309692383,0.7095634341239929,0.7095814347267151,0.70951247215271,0.709714412689209,0.7104565501213074,0.7117600440979004,0.7134100794792175,0.715106725692749,0.7166376113891602,0.7179644703865051,0.7191900014877319,0.7204540967941284,0.7218348979949951,0.7233157157897949,0.7248101830482483,0.7262216806411743,0.72748863697052,0.7286105155944824,0.7296518087387085,0.7307348847389221,0.7320190072059631,0.7336611151695251
0.7506385445594788,0.7474119067192078,0.7450408935546875,0.7440599203109741,0.7446706891059875,0.7464425563812256,0.7483037710189819,0.7488940358161926,0.7471145391464233,0.7425781488418579,0.7357146739959717,0.727505624294281,0.7190461158752441,0.7111916542053223,0.7044538855552673,0.6990880966186523,0.6952123045921326,0.6928139328956604,0.6916731595993042,0.6913294792175293,0.6912092566490173,0.6908832788467407,0.6902768015861511,0.6896657347679138,0.6894455552101135,0.6898344159126282,0.6907292604446411,0.691809892654419,0.6927890181541443,0.6936060786247253,0.6944245100021362,0.6954619288444519,0.6968062520027161,0.6983561515808105,0.6999096870422363,0.7013108134269714,0.702531635761261,0.7036535143852234,0.7047858238220215,0.7060030698776245,0.7073469758033752,0.7088575959205627,0.710591197013855
0.737139105796814,0.7353800535202026,0.7347264885902405,0.7355123162269592,0.7377030849456787,0.7405039072036743,0.742361843585968,0.7415151596069336,0.7368428707122803,0.728503406047821,0.7179352045059204,0.7071828842163086,0.697945773601532,0.6909274458885193,0.6858333945274353,0.6819199323654175,0.6786406636238098,0.6759322285652161,0.6740184426307678,0.6730050444602966,0.6726571321487427,0.6725393533706665,0.6723460555076599,0.6720883250236511,0.6719714999198914,0.6721058487892151,0.6723507642745972,0.6724448800086975,0.6722872257232666,0.6720887422561646,0.6722404956817627,0.6730168461799622,0.6743737459182739,0.6760026812553406,0.6775751709938049,0.6789577603340149,0.6802371144294739,0.6815742254257202,0.6830341219902039,0.6845426559448242,0.6859815120697021,0.6873207092285156,0.6886606812477112
0.7275343537330627,0.7268858551979065,0.7256802320480347,0.7241529822349548,0.7228960990905762,0.7221892476081848,0.7214987874031067,0.7195770144462585,0.7151614427566528,0.7078288197517395,0.6984130144119263,0.6886534094810486,0.6802790760993958,0.6741333603858948,0.6699329614639282,0.6667796969413757,0.6639821529388428,0.6615336537361145,0.6599121689796448,0.659462034702301,0.6599452495574951,0.6606532335281372,0.6609329581260681,0.660613477230072,0.6599738001823425,0.65935879945755,0.6588707566261292,0.6584166884422302,0.6579828858375549,0.6577829122543335,0.6581111550331116,0.6590602993965149,0.6604092121124268,0.6617898941040039,0.6629648804664612,0.6639604568481445,0.6649646759033203,0.6661232709884644,0.6674125790596008,0.6686928272247314,0.6698698997497559,0.6710233688354492,0.6723804473876953
0.7162632346153259,0.7144133448600769,0.7104752659797668,0.704806387424469,0.6986895203590393,0.6936746835708618,0.6906822323799133,0.6893839836120605,0.688299298286438,0.6856638789176941,0.6805599927902222,0.6735326647758484,0.6662227511405945,0.6603097319602966,0.6565684080123901,0.6547052264213562,0.6539490222930908,0.6537724137306213,0.6541084051132202,0.654990553855896,0.6561158299446106,0.6568508148193359,0.656694233417511,0.6556938290596008,0.6543854475021362,0.6533238887786865,0.6526985764503479,0.652369499206543,0.6521845459938049,0.6521787643432617,0.6524816155433655,0.6531146168708801,0.6539530754089355,0.6548678278923035,0.6558467745780945,0.6569556593894958,0.65821772813797,0.6595685482025146,0.6609265208244324,0.6622786521911621,0.6637023687362671,0.6653251051902771,0.6672646999359131
0.7012493014335632,0.695690929889679,0.6893854141235352,0.6826872825622559,0.6761913299560547,0.6709328293800354,0.6680229902267456,0.667722761631012,0.6687819957733154,0.6689281463623047,0.6663520336151123,0.6610153317451477,0.65468829870224,0.6497300863265991,0.6476158499717712,0.6482764482498169,0.6505329608917236,0.6530735492706299,0.6551540493965149,0.6566196084022522,0.6575109958648682,0.6577990651130676,0.6574756503105164,0.6567513942718506,0.6560050249099731,0.6554919481277466,0.6551558375358582,0.6547627449035645,0.6541889309883118,0.6535454392433167,0.6530604958534241,0.6529290676116943,0.653287410736084,0.6542418003082275,0.6558021306991577,0.6577761173248291,0.6598168015480042,0.6616563200950623,0.6633087992668152,0.6650120615959167,0.6669613718986511,0.6691133379936218,0.6712477803230286
0.6798067092895508,0.6719845533370972,0.6658831834793091,0.6613559126853943,0.6575105786323547,0.654141366481781,0.6520803570747375,0.651966392993927,0.6529754400253296,0.6531713008880615,0.6511951684951782,0.6475069522857666,0.6440116763114929,0.6426087021827698,0.6439992785453796,0.6475168466567993,0.6517812013626099,0.6555406451225281,0.6581757068634033,0.6597014665603638,0.6604474782943726,0.6607365012168884,0.660761833190918,0.6606101989746094,0.6602927446365356,0.6597582697868347,0.6589533090591431,0.6579180359840393,0.6568247675895691,0.6559101343154907,0.6553817987442017,0.6554082036018372,0.6561331748962402,0.6576104760169983,0.6596642732620239,0.6618852615356445,0.6638654470443726,0.6654877662658691,0.6669684648513794,0.6686098575592041,0.6705082654953003,0.6724672913551331,0.674155592918396
0.6488454937934875,0.643389105796814,0.6396371126174927,0.636628270149231,0.6332035064697266,0.6298922300338745,0.6285284161567688,0.6298912167549133,0.6324217915534973,0.633741557598114,0.6331261396408081,0.6320810914039612,0.6326825618743896,0.6357520818710327,0.6405565738677979,0.6457557082176208,0.650363564491272,0.6540188789367676,0.6567292809486389,0.658560574054718,0.6595484614372253,0.6597766876220703,0.6593992710113525,0.6585395932197571,0.6572425365447998,0.6556065082550049,0.6539252400398254,0.6525968313217163,0.6518688797950745,0.6517249941825867,0.6520398259162903,0.6527857184410095,0.6540237665176392,0.6556992530822754,0.6575185656547546,0.6591280698776245,0.6604387760162354,0.6616811752319336,0.6630766987800598,0.6645479202270508,0.6658686399459839,0.6669734716415405,0.6679258346557617
0.6114306449890137,0.6096559762954712,0.6075503826141357,0.6037995219230652,0.5985880494117737,0.594789981842041,0.5955307483673096,0.6006648540496826,0.6067099571228027,0.6104728579521179,0.6120015382766724,0.613768994808197,0.6177616119384766,0.6238993406295776,0.6307200193405151,0.6367970108985901,0.6415088176727295,0.6449731588363647,0.6475206017494202,0.6492002010345459,0.6497789621353149,0.6491742134094238,0.6476898789405823,0.6457539796829224,0.6436249017715454,0.6415108442306519,0.6397886872291565,0.6388339996337891,0.6386789679527283,0.6390472650527954,0.6397294402122498,0.6407659649848938,0.6422372460365295,0.6439996361732483,0.6456878781318665,0.6470022201538086,0.6480209231376648,0.6491250991821289,0.6504517793655396,0.6515614986419678,0.6519641876220703,0.651827871799469,0.6517050862312317
0.5667532086372375,0.5665906667709351,0.5649961829185486,0.5612209439277649,0.5569161176681519,0.5560236573219299,0.5608484745025635,0.5691988468170166,0.5767151117324829,0.5815375447273254,0.5854792594909668,0.5910102725028992,0.598607063293457,0.6071734428405762,0.6155453324317932,0.622839093208313,0.6282926797866821,0.6316335797309875,0.6332619786262512,0.6336354613304138,0.6328226327896118,0.6309210062026978,0.6284642219543457,0.6260553002357483,0.6239018440246582,0.6220105886459351,0.6205510497093201,0.619715690612793,0.6194562315940857,0.6196855306625366,0.6205617785453796,0.6222330927848816,0.6244542002677917,0.6267349720001221,0.628700852394104,0.6301056146621704,0.6308373808860779,0.6311343908309937,0.6313685178756714,0.6314141750335693,0.6307798624038696,0.6294982433319092,0.6281141638755798
0.5126233696937561,0.5148009061813354,0.5157256126403809,0.5155105590820312,0.5164217948913574,0.5214412808418274,0.530459463596344,0.539753258228302,0.5463680028915405,0.5516933798789978,0.5592465996742249,0.5699790716171265,0.581649899482727,0.5921622514724731,0.601256251335144,0.6088681221008301,0.6140391826629639,0.6162156462669373,0.6161509156227112,0.6148183345794678,0.6124931573867798,0.6093693971633911,0.606117844581604,0.6033323407173157,0.601057767868042,0.5991985201835632,0.5978848934173584,0.5971764326095581,0.5969306826591492,0.597294270992279,0.5988062620162964,0.6015321612358093,0.6045789122581482,0.6070266366004944,0.6087990999221802,0.6100174784660339,0.6102817058563232,0.6094307899475098,0.608184814453125,0.6071062088012695,0.6057537794113159,0.6036401391029358,0.6010134816169739
