earth/public/data/atmosphere/C53/ANN-rh-isobaric-100hPa-gfs-1.0.json
{"header": {"discipline": 0, "disciplineName": "Meteorological products", "gribEdition": 2, "gribLength": 17922.0, "center": 0, "centerName": "Kiel Climate Model", "subcenter": 0, "refTime": "1", "significanceOfRT": 1, "significanceOfRTName": "Start of forecast", "productStatus": 0, "productStatusName": "Operational products", "productType": 1, "productTypeName": "Forecast products", "productDefinitionTemplate": 0, "productDefinitionTemplateName": "Analysis/forecast at horizontal level/layer at a point in time", "parameterCategory": 2, "parameterCategoryName": "Momentum", "parameterNumber": 2, "parameterNumberName": "U-component_of_wind", "parameterUnit": "%", "genProcessType": 2, "genProcessTypeName": "Forecast", "forecastTime": 0, "surface1Type": 103, "surface1TypeName": "Specified height level above ground", "surface1Value": 10, "surface2Type": 255, "surface2TypeName": "Missing", "surface2Value": 0, "gridDefinitionTemplate": 0, "gridDefinitionTemplateName": "Latitude_Longitude", "numberPoints": 65160, "shape": 6, "shapeName": "Earth spherical with radius of 6,371,229.0 m", "gridUnits": "degrees", "resolution": 48, "winds": "true", "scanMode": 0, "nx": 128.0, "ny": 64.0, "basicAngle": 0, "subDivisions": 0, "lo1": 0.0, "la1": 87.86379883923263, "lo2": 357.1875, "la2": -87.86379883923263, "dx": 2.8125, "dy": 2.7893269472772264}, "data":
[rows 19 to 37 of 64, columns 43 to 85 of 128]
0.22329667210578918,0.22270183265209198,0.22300821542739868,0.22489409148693085,0.23018968105316162,0.24028456211090088,0.25431743264198303,0.2699035406112671,0.28571444749832153,0.30224379897117615,0.31992971897125244,0.33799755573272705,0.3556065857410431,0.3725801706314087,0.38826408982276917,0.4011704623699188,0.4107051193714142,0.4178937077522278,0.4235612154006958,0.4272720217704773,0.42896243929862976,0.42995044589042664,0.4312353730201721,0.4324094355106354,0.4332785904407501,0.43487343192100525,0.43787720799446106,0.4417356848716736,0.44610795378685,0.451507568359375,0.45795738697052,0.46465787291526794,0.4712647795677185,0.47795185446739197,0.48426276445388794,0.48941317200660706,0.49346309900283813,0.496841162443161,0.4991937279701233,0.49992308020591736,0.4991942346096039,0.4973544478416443,0.4942059814929962
0.27282556891441345,0.2719576060771942,0.27223914861679077,0.2756383717060089,0.284213125705719,0.29810386896133423,0.3150400221347809,0.3321871757507324,0.34871354699134827,0.36594173312187195,0.3847193419933319,0.4036964774131775,0.42089730501174927,0.43583402037620544,0.4488365054130554,0.4592496454715729,0.46598631143569946,0.46940547227859497,0.4709301292896271,0.4711165428161621,0.46982577443122864,0.46791747212409973,0.4668348729610443,0.4668083190917969,0.4672735333442688,0.4685427248477936,0.4714106619358063,0.4758338928222656,0.4813500940799713,0.48788920044898987,0.4952582120895386,0.5028711557388306,0.5104184150695801,0.5177622437477112,0.5242774486541748,0.5293769836425781,0.5332430005073547,0.5360758304595947,0.537370502948761,0.536799430847168,0.5348571538925171,0.5318887829780579,0.5275825262069702
0.3484891653060913,0.34718436002731323,0.3482459783554077,0.3539445400238037,0.3651445209980011,0.38058629631996155,0.3979438245296478,0.4151894152164459,0.4315173625946045,0.4474748373031616,0.46395933628082275,0.4806891083717346,0.49592849612236023,0.508156955242157,0.5174270272254944,0.52427077293396,0.5281744003295898,0.5285845994949341,0.5265228152275085,0.523529589176178,0.5200334787368774,0.5163089632987976,0.513576865196228,0.5126680135726929,0.5131509900093079,0.5147383213043213,0.5179552435874939,0.5230614542961121,0.5297214388847351,0.5375397205352783,0.5459854602813721,0.5544208884239197,0.5625928640365601,0.5703427791595459,0.5770736932754517,0.5822933316230774,0.5860663652420044,0.588339626789093,0.5887041687965393,0.5872334837913513,0.5845494270324707,0.5807626843452454,0.5754411220550537
0.4445359706878662,0.4426846504211426,0.4447247385978699,0.45208847522735596,0.46388381719589233,0.47785913944244385,0.49235081672668457,0.5070355534553528,0.5217744708061218,0.5357098579406738,0.548387885093689,0.5605263710021973,0.5722118616104126,0.5817058086395264,0.5876588225364685,0.59084552526474,0.5921137928962708,0.5908613801002502,0.5871244072914124,0.5826019644737244,0.5784486532211304,0.5746175646781921,0.5716054439544678,0.5703656673431396,0.5710081458091736,0.5733350515365601,0.5775330066680908,0.5835573673248291,0.5910636186599731,0.5997619032859802,0.6089941263198853,0.6178798675537109,0.6261589527130127,0.6338458061218262,0.640470027923584,0.645534336566925,0.6489477753639221,0.6505945920944214,0.6503307223320007,0.6484090685844421,0.6451818943023682,0.6405642628669739,0.6343843340873718
0.5488960146903992,0.54587322473526,0.5475456118583679,0.5543038845062256,0.5649341344833374,0.5769093036651611,0.5877447128295898,0.5974336266517639,0.6077057719230652,0.6186234354972839,0.628387987613678,0.636499285697937,0.6441044807434082,0.6508951187133789,0.6549526453018188,0.6560582518577576,0.6557153463363647,0.6541301012039185,0.6507104635238647,0.6464274525642395,0.6426494717597961,0.6395244598388672,0.6372385025024414,0.6365605592727661,0.6377978324890137,0.6409605145454407,0.646065354347229,0.6526470184326172,0.6602890491485596,0.6689797043800354,0.6780792474746704,0.6865639686584473,0.694328248500824,0.701567530632019,0.7077254056930542,0.7121921181678772,0.7148509621620178,0.7156974673271179,0.7148640155792236,0.7125504016876221,0.7086255550384521,0.7030458450317383,0.6963108777999878
0.6467452645301819,0.6429937481880188,0.6441099643707275,0.6492607593536377,0.657921314239502,0.6680283546447754,0.6762226819992065,0.6816794872283936,0.6868624687194824,0.6938667893409729,0.7015892863273621,0.7075719237327576,0.7116865515708923,0.7153482437133789,0.718127965927124,0.7188471555709839,0.7181859016418457,0.71692955493927,0.7145342826843262,0.711091160774231,0.7075756192207336,0.7045313715934753,0.7026425004005432,0.70272296667099,0.7046405076980591,0.7080445885658264,0.7129695415496826,0.7190690636634827,0.7260358929634094,0.7338894605636597,0.7418579459190369,0.7490485310554504,0.7557864189147949,0.7622585296630859,0.767544150352478,0.7710380554199219,0.7728186845779419,0.7729784846305847,0.7718743681907654,0.7696405649185181,0.7655301094055176,0.7594013214111328,0.7524309158325195
0.7249488830566406,0.7218127250671387,0.7237008810043335,0.730010986328125,0.7389966249465942,0.7467057108879089,0.7516013383865356,0.7555338144302368,0.7593914270401001,0.7634920477867126,0.7686900496482849,0.7734365463256836,0.7755311727523804,0.7762303948402405,0.7771627306938171,0.7773781418800354,0.7764275670051575,0.7750372886657715,0.772985577583313,0.7700361609458923,0.7667246460914612,0.7635747194290161,0.7616798281669617,0.7621172666549683,0.7643122673034668,0.7674043774604797,0.771587073802948,0.7768946886062622,0.783058762550354,0.7898613810539246,0.7964308261871338,0.80223149061203,0.8078916072845459,0.8132516741752625,0.8171658515930176,0.819530725479126,0.8207334280014038,0.8206495642662048,0.8196778893470764,0.8179893493652344,0.8142843246459961,0.8081119060516357,0.8010745644569397
0.7869535684585571,0.78305983543396,0.78336101770401,0.7931482791900635,0.8075599670410156,0.814069390296936,0.812890887260437,0.8146411180496216,0.8201926946640015,0.8237547874450684,0.8263025283813477,0.8299427628517151,0.831972062587738,0.8317419290542603,0.8313504457473755,0.8305923938751221,0.8288671970367432,0.8268898725509644,0.8245610594749451,0.8217107057571411,0.8188536167144775,0.816102147102356,0.81415194272995,0.8140935897827148,0.8154417872428894,0.8175091743469238,0.820766031742096,0.8251377940177917,0.8299734592437744,0.8350088000297546,0.8397327661514282,0.843937337398529,0.8480288982391357,0.8513931035995483,0.8532513380050659,0.8543784022331238,0.8551533222198486,0.8547800779342651,0.8534042239189148,0.8512311577796936,0.8469667434692383,0.8403446674346924,0.8331405520439148
0.8431021571159363,0.8370999097824097,0.8320221900939941,0.8429044485092163,0.8639504313468933,0.8707879781723022,0.8611798882484436,0.8558523654937744,0.8606894016265869,0.8650774955749512,0.8667463064193726,0.8695154786109924,0.8717392086982727,0.8719630837440491,0.8716567754745483,0.8704845905303955,0.8681552410125732,0.8657718896865845,0.863074004650116,0.8597357869148254,0.8564644455909729,0.8532134294509888,0.8501396179199219,0.8480338454246521,0.8466679453849792,0.8460692763328552,0.8470296859741211,0.8488940000534058,0.8505442142486572,0.8521324396133423,0.8537378311157227,0.8551709651947021,0.8563886284828186,0.8566773533821106,0.8559727072715759,0.8555364608764648,0.8552499413490295,0.8537717461585999,0.8510202169418335,0.8469808101654053,0.8408737778663635,0.8333469033241272,0.825922429561615
0.88234943151474,0.8790154457092285,0.8733602166175842,0.8830276727676392,0.9043326377868652,0.9089459180831909,0.8913507461547852,0.8761888742446899,0.8754400610923767,0.8791358470916748,0.8810773491859436,0.8823586106300354,0.8820574283599854,0.8804970979690552,0.8793752789497375,0.8774682879447937,0.8741896152496338,0.8708563446998596,0.8670547008514404,0.8621824979782104,0.8569883704185486,0.8516663312911987,0.8464831113815308,0.8419451117515564,0.8376380801200867,0.8339887857437134,0.8319517970085144,0.8304417133331299,0.8283916711807251,0.826513409614563,0.8249891400337219,0.8234215378761292,0.8217803239822388,0.8195779919624329,0.8169639110565186,0.8148924112319946,0.8127782344818115,0.8096113204956055,0.805568277835846,0.8001225590705872,0.7928078770637512,0.7850950956344604,0.7777196168899536
0.8931201696395874,0.8955647349357605,0.897810161113739,0.9076557159423828,0.9216079711914062,0.9198052883148193,0.8988173604011536,0.8785281181335449,0.8709623217582703,0.8704330325126648,0.8704169988632202,0.8684321641921997,0.8631685376167297,0.8570371866226196,0.8526645302772522,0.8484973311424255,0.8434110879898071,0.8382523655891418,0.832565426826477,0.8259381651878357,0.8190212845802307,0.8120752573013306,0.8057686686515808,0.8005263805389404,0.7954912781715393,0.79096519947052,0.7877441048622131,0.7846416234970093,0.781125009059906,0.7781682014465332,0.775414228439331,0.772433876991272,0.7698222398757935,0.7671237587928772,0.7639428377151489,0.760797381401062,0.7571508884429932,0.7527260184288025,0.748202919960022,0.7426961064338684,0.735646665096283,0.728618323802948,0.7215018272399902
0.8943731188774109,0.893960177898407,0.9005991220474243,0.90995854139328,0.9145083427429199,0.9068284630775452,0.889385998249054,0.8726397156715393,0.8622112274169922,0.8562018275260925,0.8515366911888123,0.8454015851020813,0.8363324403762817,0.8267918229103088,0.8192119002342224,0.8126564621925354,0.8062667846679688,0.8000969290733337,0.7934863567352295,0.7865028381347656,0.7796510457992554,0.7727791666984558,0.7666093707084656,0.7616851925849915,0.7571292519569397,0.7531176805496216,0.7500794529914856,0.746807873249054,0.743331253528595,0.7406124472618103,0.7376835942268372,0.734333872795105,0.7317888736724854,0.7292588949203491,0.7257940769195557,0.7221521735191345,0.7181156277656555,0.7133961319923401,0.7087952494621277,0.7036468982696533,0.6973339915275574,0.691006064414978,0.6842431426048279
0.9016825556755066,0.8905807733535767,0.8909528851509094,0.8953204154968262,0.8931671977043152,0.8843762874603271,0.8743683099746704,0.8652998805046082,0.8566536903381348,0.8482431173324585,0.8399150371551514,0.8307838439941406,0.8206849098205566,0.8110111951828003,0.8025858998298645,0.7950582504272461,0.7884887456893921,0.7825528979301453,0.7762784957885742,0.7699174284934998,0.7638267278671265,0.7574114203453064,0.7511345148086548,0.7457195520401001,0.7407038807868958,0.7362674474716187,0.7324920892715454,0.7282180786132812,0.7238410711288452,0.7203724980354309,0.7167046070098877,0.7127161622047424,0.7096633911132812,0.7064921855926514,0.7022783756256104,0.6983141303062439,0.6945327520370483,0.6900975704193115,0.6856297850608826,0.680943489074707,0.6754533648490906,0.6698530912399292,0.6639457941055298
0.9040707945823669,0.890192985534668,0.8842942118644714,0.8826521635055542,0.8777222633361816,0.8715845942497253,0.8675833344459534,0.8635221123695374,0.8576895594596863,0.8505269885063171,0.8417822122573853,0.8317344188690186,0.8220546245574951,0.8136565685272217,0.8059439659118652,0.7985234260559082,0.7918689846992493,0.7856912612915039,0.7790370583534241,0.7721897959709167,0.7656028866767883,0.7586631774902344,0.7515303492546082,0.7449716925621033,0.7388343811035156,0.7331086993217468,0.7276884913444519,0.7216455936431885,0.7154234647750854,0.7101708054542542,0.7052340507507324,0.700313150882721,0.6961593627929688,0.6919674873352051,0.6871546506881714,0.6828119158744812,0.6788144707679749,0.6744771599769592,0.670440673828125,0.6665353775024414,0.6620177626609802,0.65740567445755,0.652860164642334
0.9010273218154907,0.8957470059394836,0.8919380307197571,0.8887534737586975,0.88459312915802,0.8821355104446411,0.8812633752822876,0.8787997961044312,0.8748265504837036,0.8700684309005737,0.8631423115730286,0.8544267416000366,0.8461588621139526,0.8390604853630066,0.8325082659721375,0.8261101245880127,0.8197658061981201,0.8130042552947998,0.8052486777305603,0.7969784736633301,0.7889289855957031,0.7807148098945618,0.772236704826355,0.7642252445220947,0.7566706538200378,0.7492837905883789,0.7420370578765869,0.7343189716339111,0.7261078953742981,0.7184823155403137,0.7116242051124573,0.7051013112068176,0.699081301689148,0.6934456825256348,0.6879523992538452,0.6827362775802612,0.67755126953125,0.672585129737854,0.6685798168182373,0.6649080514907837,0.6607034206390381,0.6566116213798523,0.6529020071029663
0.9045763611793518,0.9067118763923645,0.9076830148696899,0.9069027900695801,0.9056687951087952,0.9062228798866272,0.906996488571167,0.9058003425598145,0.90382981300354,0.9014098644256592,0.897136926651001,0.8916947245597839,0.8863914608955383,0.8812226057052612,0.8764616250991821,0.8722185492515564,0.8675469756126404,0.8616911172866821,0.8545622825622559,0.8465938568115234,0.8383301496505737,0.8295080661773682,0.8199891448020935,0.810542106628418,0.8013254404067993,0.7920295000076294,0.7829470038414001,0.7737249732017517,0.7636151313781738,0.7533518075942993,0.7438947558403015,0.7349042892456055,0.7261319160461426,0.718059241771698,0.7108103632926941,0.7038609981536865,0.6968937516212463,0.6905087232589722,0.6852185726165771,0.6802697777748108,0.6751174926757812,0.6703765392303467,0.666001558303833
0.9039687514305115,0.9069811105728149,0.9097603559494019,0.9117089509963989,0.9132594466209412,0.9152187705039978,0.916530191898346,0.916649341583252,0.9166446924209595,0.9160453081130981,0.91411954164505,0.9120860695838928,0.9101877212524414,0.9076165556907654,0.9051773548126221,0.9032670855522156,0.9006280303001404,0.8969211578369141,0.8926109075546265,0.8874538540840149,0.8811643123626709,0.8736855983734131,0.8651860356330872,0.856285572052002,0.8471196293830872,0.8375574946403503,0.8281388282775879,0.8186721801757812,0.8081032037734985,0.7968481779098511,0.7860949635505676,0.7756538987159729,0.7651079893112183,0.7550007700920105,0.745653510093689,0.7367455959320068,0.7281225323677063,0.7199556827545166,0.7123064994812012,0.7049895524978638,0.6979703903198242,0.69133460521698,0.6846717596054077
0.8798326849937439,0.8820584416389465,0.8845940828323364,0.8873153924942017,0.8897209763526917,0.8917717933654785,0.8929503560066223,0.8933654427528381,0.8938296437263489,0.8938150405883789,0.8930373191833496,0.8927426934242249,0.8928866386413574,0.8925117254257202,0.8921408653259277,0.8918313980102539,0.890569269657135,0.8888462781906128,0.8874231576919556,0.8852786421775818,0.8816218376159668,0.8769855499267578,0.8717952966690063,0.8660150766372681,0.859545111656189,0.8525142073631287,0.845335841178894,0.8378028869628906,0.8292486667633057,0.8199893236160278,0.810741126537323,0.8013803958892822,0.791716456413269,0.7819079756736755,0.7719468474388123,0.7620433568954468,0.7525054216384888,0.7429935336112976,0.7332436442375183,0.7236706018447876,0.71437668800354,0.7048726677894592,0.6949477195739746
0.8313982486724854,0.8328914642333984,0.8342684507369995,0.8356654644012451,0.8370427489280701,0.838733971118927,0.8400478959083557,0.8403944969177246,0.840488076210022,0.8405421376228333,0.8404015302658081,0.8407928943634033,0.8418236970901489,0.8428425788879395,0.8439565896987915,0.8450160622596741,0.845361590385437,0.8454692959785461,0.8457280397415161,0.8451155424118042,0.8433799743652344,0.8415871262550354,0.8398472666740417,0.8373620510101318,0.8340979814529419,0.8305420279502869,0.8266493082046509,0.8220149874687195,0.816665530204773,0.8109349012374878,0.8047525882720947,0.7980319857597351,0.7911062836647034,0.7837390899658203,0.775252103805542,0.7660354971885681,0.7568041086196899,0.7471418380737305,0.7367101311683655,0.7259933352470398,0.714866042137146,0.7027693390846252,0.6900911927223206
