earth/public/data/atmosphere/C53/ANN-wind-isobaric-850hPa-gfs-1.0.json
{"header": {"discipline": 0, "disciplineName": "Meteorological products", "gribEdition": 2, "gribLength": 17922.0, "center": 0, "centerName": "Kiel Climate Model", "subcenter": 0, "refTime": "1", "significanceOfRT": 1, "significanceOfRTName": "Start of forecast", "productStatus": 0, "productStatusName": "Operational products", "productType": 1, "productTypeName": "Forecast products", "productDefinitionTemplate": 0, "productDefinitionTemplateName": "Analysis/forecast at horizontal level/layer at a point in time", "parameterCategory": 2, "parameterCategoryName": "Momentum", "parameterNumber": 2, "parameterNumberName": "U-component_of_wind", "parameterUnit": "m/s", "genProcessType": 2, "genProcessTypeName": "Forecast", "forecastTime": 0, "surface1Type": 103, "surface1TypeName": "Specified height level above ground", "surface1Value": 10, "surface2Type": 255, "surface2TypeName": "Missing", "surface2Value": 0, "gridDefinitionTemplate": 0, "gridDefinitionTemplateName": "Latitude_Longitude", "numberPoints": 65160, "shape": 6, "shapeName": "Earth spherical with radius of 6,371,229.0 m", "gridUnits": "degrees", "resolution": 48, "winds": "true", "scanMode": 0, "nx": 128.0, "ny": 64.0, "basicAngle": 0, "subDivisions": 0, "lo1": 0.0, "la1": 87.86379883923263, "lo2": 357.1875, "la2": -87.86379883923263, "dx": 2.8125, "dy": 2.7893269472772264}, "data":
[rows 0 to 18 of 64, columns 0 to 42 of 128]
-2.206299066543579,-2.0935232639312744,-1.9768998622894287,-1.8567770719528198,-1.7335368394851685,-1.6075828075408936,-1.4794025421142578,-1.3494552373886108,-1.218248724937439,-1.0862935781478882,-0.9541120529174805,-0.8221898078918457,-0.6910305619239807,-0.5611241459846497,-0.4328766465187073,-0.30668890476226807,-0.18291917443275452,-0.0618482269346714,0.05631016194820404,0.17134638130664825,0.2831617593765259,0.39171117544174194,0.4970128834247589,0.5990970134735107,0.6980553269386292,0.7940343618392944,0.8871642351150513,0.9776551723480225,1.0656664371490479,1.1513603925704956,1.234896183013916,1.316405177116394,1.3959800004959106,1.4736862182617188,1.5495473146438599,1.6234911680221558,1.6954666376113892,1.7653110027313232,1.8328522443771362,1.8978506326675415,1.9600414037704468,2.0190951824188232,2.0747218132019043
-1.8861653804779053,-1.8342549800872803,-1.7739322185516357,-1.705021619796753,-1.6276447772979736,-1.5421483516693115,-1.44918954372406,-1.349658727645874,-1.2447270154953003,-1.1357247829437256,-1.024172067642212,-0.9116730690002441,-0.7998824715614319,-0.6903430819511414,-0.5845838189125061,-0.48384934663772583,-0.38921231031417847,-0.30142953991889954,-0.2209274023771286,-0.14781013131141663,-0.08181057125329971,-0.022346273064613342,0.031554702669382095,0.08106905966997147,0.1276673525571823,0.17294833064079285,0.21863295137882233,0.26643627882003784,0.3180433511734009,0.3749053180217743,0.43829765915870667,0.5091163516044617,0.5879013538360596,0.674780011177063,0.7694199085235596,0.8710566759109497,0.978512704372406,1.0902771949768066,1.204578161239624,1.3194204568862915,1.4327690601348877,1.5425865650177002,1.6469227075576782
-1.4197012186050415,-1.4279792308807373,-1.428139090538025,-1.4184725284576416,-1.3976154327392578,-1.3648216724395752,-1.3200026750564575,-1.2638338804244995,-1.1977206468582153,-1.1237120628356934,-1.0442265272140503,-0.9619064331054688,-0.8792843222618103,-0.7986524105072021,-0.7217757701873779,-0.6499264240264893,-0.583777129650116,-0.5234650373458862,-0.46872422099113464,-0.4189435541629791,-0.37328335642814636,-0.33068937063217163,-0.2899239659309387,-0.24949491024017334,-0.20764248073101044,-0.16224393248558044,-0.11082708835601807,-0.05064338445663452,0.021263163536787033,0.10782139003276825,0.21160739660263062,0.334634929895401,0.47802117466926575,0.6417227387428284,0.8243100643157959,1.0229684114456177,1.2334762811660767,1.4504245519638062,1.6675893068313599,1.878291130065918,2.075904130935669,2.2543869018554688,2.4087769985198975
-0.8868661522865295,-0.919144332408905,-0.9526605606079102,-0.982577383518219,-1.0041966438293457,-1.0137014389038086,-1.0089502334594727,-0.9900020956993103,-0.9591296911239624,-0.9204250574111938,-0.879105269908905,-0.8403109312057495,-0.8081036806106567,-0.7845160365104675,-0.7690853476524353,-0.7589061260223389,-0.7492052316665649,-0.7343052625656128,-0.7088070511817932,-0.6686670780181885,-0.6118956208229065,-0.5388168096542358,-0.45191189646720886,-0.35498276352882385,-0.25229865312576294,-0.1475655883550644,-0.04299445450305939,0.061046287417411804,0.16632847487926483,0.27639907598495483,0.39598241448402405,0.5302369594573975,0.6837810277938843,0.8598377704620361,1.0595920085906982,1.2815423011779785,1.521294116973877,1.7715766429901123,2.022671937942505,2.263066291809082,2.480634927749634,2.663806200027466,2.8030028343200684
-0.3016604483127594,-0.36254096031188965,-0.4362018406391144,-0.5139433145523071,-0.5848659873008728,-0.6382174491882324,-0.6659215092658997,-0.6647819876670837,-0.6376477479934692,-0.5932148098945618,-0.5441685914993286,-0.5042383670806885,-0.4847310781478882,-0.49134406447410583,-0.5225244760513306,-0.5694068074226379,-0.6177120804786682,-0.6511160135269165,-0.6548843383789062,-0.6192155480384827,-0.5412334203720093,-0.42504584789276123,-0.2804073691368103,-0.1201494038105011,0.0427713468670845,0.19757074117660522,0.3374313712120056,0.45977941155433655,0.5658214688301086,0.6594831943511963,0.7461793422698975,0.8317312598228455,0.9217092990875244,1.0210727453231812,1.1339102983474731,1.2631971836090088,1.4101215600967407,1.5733851194381714,1.7483558654785156,1.926627516746521,2.096318006515503,2.243260383605957,2.3532345294952393
0.42603060603141785,0.36882907152175903,0.2895543873310089,0.19385060667991638,0.09415643662214279,0.007124364376068115,-0.05082708224654198,-0.06819850951433182,-0.04247138276696205,0.01819857768714428,0.09646986424922943,0.17016799747943878,0.2187480926513672,0.22957412898540497,0.20211967825889587,0.14820387959480286,0.08826328814029694,0.044753555208444595,0.03506604582071304,0.06656242907047272,0.13539178669452667,0.22920463979244232,0.33255425095558167,0.43245983123779297,0.5223335027694702,0.6028940081596375,0.680246114730835,0.7623035907745361,0.854975700378418,0.9596610069274902,1.0724799633026123,1.1855967044830322,1.289756417274475,1.37724769115448,1.444523811340332,1.4935485124588013,1.531324028968811,1.5679031610488892,1.6129381656646729,1.6723339557647705,1.745906949043274,1.8269743919372559,1.9043926000595093
1.377551555633545,1.385457158088684,1.3850477933883667,1.3647263050079346,1.320796012878418,1.2584148645401,1.1902259588241577,1.1321760416030884,1.097794771194458,1.0925300121307373,1.1106867790222168,1.136846661567688,1.1523118019104004,1.144225835800171,1.1127792596817017,1.0724891424179077,1.045805811882019,1.0515540838241577,1.0938701629638672,1.1579475402832031,1.215207576751709,1.2359905242919922,1.2038878202438354,1.1243155002593994,1.023697018623352,0.9394798874855042,0.9063239693641663,0.9443236589431763,1.0538272857666016,1.2179088592529297,1.4099268913269043,1.601889967918396,1.7708806991577148,1.902064561843872,1.9887646436691284,2.0312023162841797,2.034804582595825,2.008354663848877,1.9620684385299683,1.9054710865020752,1.8460198640823364,1.789040207862854,1.7397723197937012
2.490302562713623,2.533538341522217,2.6043167114257812,2.6740474700927734,2.7149996757507324,2.706644058227539,2.6422924995422363,2.5329105854034424,2.404200792312622,2.285578727722168,2.1960344314575195,2.134652614593506,2.0837008953094482,2.0235812664031982,1.9507609605789185,1.8858908414840698,1.8645581007003784,1.9138535261154175,2.0293304920196533,2.1678307056427,2.2632088661193848,2.258349657058716,2.1358609199523926,1.929815649986267,1.7117825746536255,1.5585914850234985,1.5188390016555786,1.5953865051269531,1.7505972385406494,1.9293242692947388,2.0855934619903564,2.1996755599975586,2.278665542602539,2.3438119888305664,2.4135384559631348,2.491697311401367,2.5657780170440674,2.613424301147461,2.6123602390289307,2.5485424995422363,2.4205620288848877,2.2410526275634766,2.0369904041290283
3.7786128520965576,3.820481538772583,3.885215997695923,3.949237108230591,3.9849393367767334,3.9647364616394043,3.873605489730835,3.7241108417510986,3.559715986251831,3.437286615371704,3.3943099975585938,3.421400308609009,3.4624242782592773,3.4475369453430176,3.3403539657592773,3.167282819747925,3.0062546730041504,2.939032793045044,2.9974589347839355,3.139508008956909,3.2719273567199707,3.3057572841644287,3.209343433380127,3.026167392730713,2.8479573726654053,2.7613823413848877,2.800748348236084,2.9335789680480957,3.0839734077453613,3.177351474761963,3.1799213886260986,3.112092971801758,3.0315873622894287,2.9986984729766846,3.0441126823425293,3.1555886268615723,3.2880687713623047,3.3885462284088135,3.4206130504608154,3.3762476444244385,3.2717840671539307,3.1349258422851562,2.9941725730895996
5.2725419998168945,5.3612446784973145,5.421504497528076,5.441773414611816,5.416337013244629,5.339883804321289,5.215264797210693,5.071050643920898,4.968942642211914,4.98128080368042,5.142718315124512,5.4083943367004395,5.656410217285156,5.745585918426514,5.5973896980285645,5.247453212738037,4.828974723815918,4.496915340423584,4.343325138092041,4.357497215270996,4.451341152191162,4.525042533874512,4.525656700134277,4.464353084564209,4.390959739685059,4.351583480834961,4.359124660491943,4.3918137550354,4.413689613342285,4.400348663330078,4.353610038757324,4.298521041870117,4.266149520874023,4.27220344543457,4.303350925445557,4.3200297355651855,4.2765326499938965,4.149977207183838,3.96258282661438,3.7812819480895996,3.689305305480957,3.7412145137786865,3.926870346069336
6.804922580718994,6.931400775909424,7.025444030761719,7.051769733428955,7.0103373527526855,6.9259796142578125,6.833796501159668,6.776705741882324,6.805616855621338,6.962517261505127,7.243659973144531,7.571351051330566,7.8098554611206055,7.830787658691406,7.588708877563477,7.1508097648620605,6.6571044921875,6.24102783203125,5.969621658325195,5.839448928833008,5.814243793487549,5.859643459320068,5.946103096008301,6.031435966491699,6.057628631591797,5.977984428405762,5.795455455780029,5.574424743652344,5.408450126647949,5.363654136657715,5.437868595123291,5.563791275024414,5.650713920593262,5.633017063140869,5.493919372558594,5.256020545959473,4.956093788146973,4.629964828491211,4.319363594055176,4.087795257568359,4.0169501304626465,4.165399074554443,4.505210876464844
8.288126945495605,8.401068687438965,8.514119148254395,8.541177749633789,8.480620384216309,8.396599769592285,8.3651762008667,8.433021545410156,8.60439395904541,8.841880798339844,9.070469856262207,9.195499420166016,9.14570426940918,8.92231559753418,8.610137939453125,8.324949264526367,8.129278182983398,7.9895830154418945,7.821283340454102,7.587550163269043,7.357372283935547,7.256659984588623,7.346498012542725,7.540160179138184,7.645948886871338,7.510164260864258,7.141879558563232,6.7136735916137695,6.4369330406188965,6.410958766937256,6.558874130249023,6.689626693725586,6.632442951202393,6.346355438232422,5.936469554901123,5.577728748321533,5.403514385223389,5.43017578125,5.559197902679443,5.652102947235107,5.6270341873168945,5.503411769866943,5.349931240081787
9.650922775268555,9.815041542053223,9.926076889038086,9.90422534942627,9.79132080078125,9.69418716430664,9.700780868530273,9.836444854736328,10.065105438232422,10.305110931396484,10.449406623840332,10.407541275024414,10.170013427734375,9.846090316772461,9.616596221923828,9.606569290161133,9.771472930908203,9.907559394836426,9.804582595825195,9.427470207214355,8.965569496154785,8.687697410583496,8.716126441955566,8.918362617492676,9.01769733428955,8.824496269226074,8.382430076599121,7.912034034729004,7.6201629638671875,7.54667329788208,7.561199188232422,7.486225605010986,7.235191345214844,6.866811752319336,6.536870002746582,6.4014811515808105,6.537847995758057,6.90645694732666,7.347033977508545,7.617143154144287,7.496870517730713,6.9263811111450195,6.062202453613281
10.50454044342041,10.732571601867676,10.818280220031738,10.786336898803711,10.746796607971191,10.78214168548584,10.889820098876953,11.0220947265625,11.149341583251953,11.264941215515137,11.343905448913574,11.33632755279541,11.227801322937012,11.094660758972168,11.063993453979492,11.192001342773438,11.378990173339844,11.421475410461426,11.173391342163086,10.681167602539062,10.168075561523438,9.865042686462402,9.823124885559082,9.87683391571045,9.798574447631836,9.498502731323242,9.076143264770508,8.69189453125,8.414051055908203,8.196381568908691,7.977696418762207,7.7757568359375,7.678828239440918,7.747480869293213,7.919092655181885,8.019104957580566,7.90009880065918,7.585151672363281,7.242918968200684,6.988311767578125,6.731503486633301,6.277554988861084,5.5815205574035645
10.67090129852295,10.78982162475586,10.817622184753418,10.876274108886719,11.069921493530273,11.364707946777344,11.610952377319336,11.692259788513184,11.638036727905273,11.576828002929688,11.594963073730469,11.670580863952637,11.745251655578613,11.813764572143555,11.902674674987793,11.979560852050781,11.940971374511719,11.713177680969238,11.338727951049805,10.944388389587402,10.636796951293945,10.431720733642578,10.256734848022461,10.012341499328613,9.660063743591309,9.267282485961914,8.93937873840332,8.69465446472168,8.4409818649292,8.100996017456055,7.734954357147217,7.514976978302002,7.584299087524414,7.918574810028076,8.260138511657715,8.191978454589844,7.406723976135254,6.025261878967285,4.619469165802002,3.800949811935425,3.7355995178222656,4.087582111358643,4.423619747161865
10.355815887451172,10.306371688842773,10.32253360748291,10.497499465942383,10.839146614074707,11.212532043457031,11.423724174499512,11.396038055419922,11.248969078063965,11.174993515014648,11.24333381652832,11.358882904052734,11.416186332702637,11.429567337036133,11.457050323486328,11.449676513671875,11.287355422973633,10.972189903259277,10.672405242919922,10.51547908782959,10.41955852508545,10.203104019165039,9.804014205932617,9.322315216064453,8.89615535736084,8.60051155090332,8.419116973876953,8.250266075134277,7.978915691375732,7.593414783477783,7.190117835998535,6.840101718902588,6.525700569152832,6.222273826599121,5.909663677215576,5.444455623626709,4.592454433441162,3.3569676876068115,2.189462900161743,1.6817777156829834,2.0246124267578125,2.867487668991089,3.7024648189544678
9.346095085144043,9.297439575195312,9.369812965393066,9.57236099243164,9.856474876403809,10.089777946472168,10.139730453491211,10.01789665222168,9.901322364807129,9.962895393371582,10.175564765930176,10.328981399536133,10.274349212646484,10.103843688964844,10.006446838378906,9.989218711853027,9.888668060302734,9.666625022888184,9.498456954956055,9.469878196716309,9.374361038208008,8.98943042755127,8.42530632019043,8.002269744873047,7.85763692855835,7.846634864807129,7.764734745025635,7.513937473297119,7.1120734214782715,6.660208702087402,6.222782611846924,5.665814399719238,4.768881320953369,3.5971391201019287,2.5667943954467773,1.997930645942688,1.7911430597305298,1.7029911279678345,1.73954176902771,2.056912422180176,2.6067020893096924,3.1207046508789062,3.417656898498535
7.3865966796875,7.456140041351318,7.53324031829834,7.638613224029541,7.803302764892578,7.956416606903076,7.984873294830322,7.888646602630615,7.805838584899902,7.871668338775635,8.062756538391113,8.193721771240234,8.110556602478027,7.888237953186035,7.746557712554932,7.748532295227051,7.7293853759765625,7.592925071716309,7.472081184387207,7.434969902038574,7.2588934898376465,6.767970561981201,6.216712474822998,6.007625102996826,6.138799667358398,6.244873523712158,6.085282802581787,5.703099727630615,5.2176737785339355,4.726419448852539,4.274510860443115,3.7127270698547363,2.8002254962921143,1.6464881896972656,0.7747950553894043,0.5419937372207642,0.7890392541885376,1.2327642440795898,1.8395719528198242,2.5884480476379395,3.205000877380371,3.4174001216888428,3.2950985431671143
5.014444828033447,5.180757522583008,5.207960605621338,5.187560081481934,5.258671283721924,5.38945198059082,5.453983306884766,5.410942077636719,5.309680461883545,5.210751056671143,5.156256198883057,5.1403326988220215,5.093446254730225,4.977108001708984,4.868185520172119,4.839204788208008,4.813031196594238,4.694585800170898,4.562071800231934,4.505472660064697,4.38278341293335,4.040555953979492,3.6642239093780518,3.5314230918884277,3.528071641921997,3.327601432800293,2.923793077468872,2.5548510551452637,2.265533924102783,1.9634262323379517,1.679706335067749,1.3996928930282593,0.9607132077217102,0.44681429862976074,0.2521345317363739,0.4652703106403351,0.7073497772216797,0.8200210928916931,1.1270321607589722,1.7886327505111694,2.4745032787323,2.879647970199585,3.0833232402801514
