earth/public/data/atmosphere/C53/ANN-temp-isobaric-10hPa-gfs-1.0.json
{"header": {"discipline": 0, "disciplineName": "Meteorological products", "gribEdition": 2, "gribLength": 17922.0, "center": 0, "centerName": "Kiel Climate Model", "subcenter": 0, "refTime": "1", "significanceOfRT": 1, "significanceOfRTName": "Start of forecast", "productStatus": 0, "productStatusName": "Operational products", "productType": 1, "productTypeName": "Forecast products", "productDefinitionTemplate": 0, "productDefinitionTemplateName": "Analysis/forecast at horizontal level/layer at a point in time", "parameterCategory": 2, "parameterCategoryName": "Momentum", "parameterNumber": 2, "parameterNumberName": "U-component_of_wind", "parameterUnit": "K", "genProcessType": 2, "genProcessTypeName": "Forecast", "forecastTime": 0, "surface1Type": 103, "surface1TypeName": "Specified height level above ground", "surface1Value": 10, "surface2Type": 255, "surface2TypeName": "Missing", "surface2Value": 0, "gridDefinitionTemplate": 0, "gridDefinitionTemplateName": "Latitude_Longitude", "numberPoints": 65160, "shape": 6, "shapeName": "Earth spherical with radius of 6,371,229.0 m", "gridUnits": "degrees", "resolution": 48, "winds": "true", "scanMode": 0, "nx": 128.0, "ny": 64.0, "basicAngle": 0, "subDivisions": 0, "lo1": 0.0, "la1": 87.86379883923263, "lo2": 357.1875, "la2": -87.86379883923263, "dx": 2.8125, "dy": 2.7893269472772264}, "data":
[rows 19 to 37 of 64, columns 44 to 87 of 128]
217.95669555664062,218.03369140625,218.11172485351562,218.19033813476562,218.2574005126953,218.3096923828125,218.357177734375,218.4064178466797,218.45188903808594,218.48703002929688,218.51455688476562,218.53976440429688,218.56207275390625,218.579345703125,218.593505859375,218.60702514648438,218.61917114257812,218.62924194335938,218.63917541503906,218.6508026123047,218.663818359375,218.6775360107422,218.6922149658203,218.7077178955078,218.72279357910156,218.73634338378906,218.7487030029297,218.76046752929688,218.77041625976562,218.77688598632812,218.78036499023438,218.7824249267578,218.7823486328125,218.77793884277344,218.7691192626953,218.75770568847656,218.744140625,218.72735595703125,218.707275390625,218.68478393554688,218.66018676757812,218.63262939453125,218.60055541992188,218.5625762939453
218.64505004882812,218.7008056640625,218.7691192626953,218.84449768066406,218.90924072265625,218.95811462402344,219.0001983642578,219.0421142578125,219.07974243164062,219.1081085205078,219.1302947998047,219.15110778808594,219.1696014404297,219.18312072753906,219.1923828125,219.19924926757812,219.20428466796875,219.20791625976562,219.2105712890625,219.21237182617188,219.2144012451172,219.21774291992188,219.2211151123047,219.22274780273438,219.22293090820312,219.2228240966797,219.22219848632812,219.22048950195312,219.2174530029297,219.2120819091797,219.2035369873047,219.19195556640625,219.17762756347656,219.16018676757812,219.1398162841797,219.11660766601562,219.08973693847656,219.05929565429688,219.0265655517578,218.99166870117188,218.95306396484375,218.90972900390625,218.86114501953125,218.8066864013672
219.2867431640625,219.33203125,219.3995361328125,219.472412109375,219.53164672851562,219.5744171142578,219.60830688476562,219.63873291015625,219.6639862060547,219.68133544921875,219.69320678710938,219.70382690429688,219.71353149414062,219.72068786621094,219.7242889404297,219.7240447998047,219.72120666503906,219.71763610839844,219.71237182617188,219.7033233642578,219.69281005859375,219.68370056152344,219.6734161376953,219.65899658203125,219.64292907714844,219.628173828125,219.61312866210938,219.5962371826172,219.5784912109375,219.55955505371094,219.53720092773438,219.51048278808594,219.48008728027344,219.44705200195312,219.41241455078125,219.3756866455078,219.3353271484375,219.29193115234375,219.24742126464844,219.20037841796875,219.14749145507812,219.08843994140625,219.0248565673828,218.95701599121094
219.86050415039062,219.90530395507812,219.97064208984375,220.03089904785156,220.0756378173828,220.10862731933594,220.13372802734375,220.15213012695312,220.16302490234375,220.16534423828125,220.1616973876953,220.1568603515625,220.15342712402344,220.15184020996094,220.15045166015625,220.14590454101562,220.1373291015625,220.1266326904297,220.11300659179688,220.09414672851562,220.07244873046875,220.0509490966797,220.02679443359375,219.9976806640625,219.96775817871094,219.94003295898438,219.91201782226562,219.88211059570312,219.85121154785156,219.81826782226562,219.78109741210938,219.74021911621094,219.69647216796875,219.64993286132812,219.60194396972656,219.55343627929688,219.50289916992188,219.4500732421875,219.39613342285156,219.3391571044922,219.27574157714844,219.20619201660156,219.13270568847656,219.05560302734375
220.3331756591797,220.37710571289062,220.42941284179688,220.46902465820312,220.49807739257812,220.52084350585938,220.53414916992188,220.5371551513672,220.531494140625,220.51756286621094,220.49783325195312,220.47740173339844,220.46011352539062,220.44882202148438,220.44374084472656,220.43959045410156,220.43035888671875,220.41510009765625,220.3946990966797,220.3689422607422,220.33953857421875,220.30804443359375,220.272705078125,220.2334442138672,220.19422912597656,220.1566162109375,220.1186065673828,220.0799560546875,220.04058837890625,219.99697875976562,219.9478302001953,219.89659118652344,219.84454345703125,219.78985595703125,219.73379516601562,219.67901611328125,219.624267578125,219.56764221191406,219.50906372070312,219.44711303710938,219.3794708251953,219.30604553222656,219.22769165039062,219.14552307128906
220.65960693359375,220.701416015625,220.73744201660156,220.75970458984375,220.77606201171875,220.78494262695312,220.78134155273438,220.7692413330078,220.75257873535156,220.7283172607422,220.6962890625,220.66258239746094,220.63372802734375,220.614990234375,220.6083984375,220.60781860351562,220.60287475585938,220.58883666992188,220.567138671875,220.53968811035156,220.50689697265625,220.46893310546875,220.4265594482422,220.38223266601562,220.3385009765625,220.29498291015625,220.2509002685547,220.2074737548828,220.1639404296875,220.11587524414062,220.0621795654297,220.00686645507812,219.95156860351562,219.894775390625,219.83790588378906,219.7836456298828,219.73101806640625,219.67752075195312,219.62184143066406,219.5621795654297,219.49676513671875,219.42526245117188,219.34803771972656,219.26846313476562
220.8328399658203,220.86871337890625,220.89002990722656,220.8976287841797,220.89712524414062,220.88735961914062,220.8726043701172,220.86203002929688,220.8523406982422,220.82948303222656,220.78854370117188,220.74107360839844,220.70245361328125,220.6807861328125,220.67547607421875,220.6790771484375,220.680908203125,220.67373657226562,220.6567840576172,220.63172912597656,220.59848022460938,220.5572509765625,220.5113983154297,220.46502685546875,220.41940307617188,220.37411499023438,220.3291778564453,220.28477478027344,220.23997497558594,220.1929473876953,220.14248657226562,220.0897216796875,220.03659057617188,219.98443603515625,219.9345245361328,219.8875732421875,219.84295654296875,219.79942321777344,219.75450134277344,219.7044219970703,219.64772033691406,219.58543395996094,219.51905822753906,219.45399475097656
220.9097900390625,220.92431640625,220.92091369628906,220.9036407470703,220.87718200683594,220.85159301757812,220.84295654296875,220.85572814941406,220.87168884277344,220.86302185058594,220.81881713867188,220.7579345703125,220.7100067138672,220.68771362304688,220.6850128173828,220.6925811767578,220.70199584960938,220.70364379882812,220.69215393066406,220.66885375976562,220.6353759765625,220.59291076660156,220.54620361328125,220.49977111816406,220.45431518554688,220.4109649658203,220.37060546875,220.3302764892578,220.2881622314453,220.24630737304688,220.20431518554688,220.1599578857422,220.115478515625,220.0750732421875,220.03912353515625,220.00601196289062,219.97549438476562,219.9473419189453,219.91822814941406,219.88330078125,219.84181213378906,219.79660034179688,219.7504119873047,219.70870971679688
220.94781494140625,220.9352569580078,220.89578247070312,220.8396453857422,220.78076171875,220.74424743652344,220.749755859375,220.7914276123047,220.84033203125,220.85739135742188,220.82058715820312,220.75137329101562,220.6943817138672,220.66990661621094,220.66871643066406,220.68002319335938,220.696533203125,220.704833984375,220.6956787109375,220.6724090576172,220.63937377929688,220.59791564941406,220.55389404296875,220.51260375976562,220.47314453125,220.4366912841797,220.40548706054688,220.37472534179688,220.34095764160156,220.30889892578125,220.27980041503906,220.24981689453125,220.22047424316406,220.19644165039062,220.17767333984375,220.16217041015625,220.14944458007812,220.13856506347656,220.12620544433594,220.108642578125,220.08558654785156,220.060302734375,220.03594970703125,220.0169219970703
220.94381713867188,220.93304443359375,220.87210083007812,220.77944946289062,220.68844604492188,220.6393280029297,220.65057373046875,220.71148681640625,220.79054260253906,220.83709716796875,220.81353759765625,220.74102783203125,220.67701721191406,220.6493377685547,220.64810180664062,220.66188049316406,220.68283081054688,220.6946563720703,220.6870880126953,220.66622924804688,220.6374053955078,220.60089111328125,220.5645751953125,220.5359649658203,220.5109405517578,220.48741149902344,220.46890258789062,220.45147705078125,220.43087768554688,220.4127960205078,220.40016174316406,220.38832092285156,220.3768310546875,220.36904907226562,220.3656768798828,220.36605834960938,220.36891174316406,220.37167358398438,220.37246704101562,220.3695831298828,220.36228942871094,220.3530731201172,220.3450469970703,220.34170532226562
220.88754272460938,220.9140167236328,220.86767578125,220.7649688720703,220.657470703125,220.59814453125,220.606689453125,220.6746368408203,220.7701873779297,220.83197021484375,220.81361389160156,220.74000549316406,220.67449951171875,220.6458740234375,220.64418029785156,220.65863037109375,220.68121337890625,220.6953887939453,220.69146728515625,220.67626953125,220.65484619140625,220.6270294189453,220.60272216796875,220.5906982421875,220.5835723876953,220.57562255859375,220.57135009765625,220.56857299804688,220.5625457763672,220.55892944335938,220.56146240234375,220.5651397705078,220.56802368164062,220.57237243652344,220.57936096191406,220.58944702148438,220.60081481933594,220.6107177734375,220.61888122558594,220.6244659423828,220.62628173828125,220.62684631347656,220.62879943847656,220.6340789794922
220.82882690429688,220.88604736328125,220.87416076660156,220.79527282714844,220.70269775390625,220.65037536621094,220.65736389160156,220.7184600830078,220.80328369140625,220.85154724121094,220.8251190185547,220.7538604736328,220.6936798095703,220.6664276123047,220.6645050048828,220.67982482910156,220.70384216308594,220.72055053710938,220.7205352783203,220.7100067138672,220.69525146484375,220.67779541015625,220.66683959960938,220.66940307617188,220.6764678955078,220.68150329589844,220.68978881835938,220.69984436035156,220.70631408691406,220.7140350341797,220.72640991210938,220.7389678955078,220.75027465820312,220.76197814941406,220.77389526367188,220.7866668701172,220.7998809814453,220.8116455078125,220.82217407226562,220.83067321777344,220.83636474609375,220.8424835205078,220.85020446777344,220.85914611816406
220.818603515625,220.86492919921875,220.87142944335938,220.82904052734375,220.7753143310547,220.7474365234375,220.7564697265625,220.7981719970703,220.84817504882812,220.86282348632812,220.82374572753906,220.76007080078125,220.7091827392578,220.68450927734375,220.68431091308594,220.70281982421875,220.7288818359375,220.74661254882812,220.74761962890625,220.73855590820312,220.7284393310547,220.72024536132812,220.72010803222656,220.73211669921875,220.7476348876953,220.76100158691406,220.7772216796875,220.7951202392578,220.8098602294922,220.8253936767578,220.8438262939453,220.86141967773438,220.87844848632812,220.8949737548828,220.90838623046875,220.9202423095703,220.9322509765625,220.94293212890625,220.95269775390625,220.96202087402344,220.97071838378906,220.98110961914062,220.99253845214844,221.00314331054688
220.82986450195312,220.84007263183594,220.83828735351562,220.81851196289062,220.79898071289062,220.79415893554688,220.80545043945312,220.8279571533203,220.84402465820312,220.8297576904297,220.7843475341797,220.73121643066406,220.6904754638672,220.67103576660156,220.67556762695312,220.6975860595703,220.72323608398438,220.73861694335938,220.73770141601562,220.7278594970703,220.71974182128906,220.71603393554688,220.71969604492188,220.73390197753906,220.7519989013672,220.76849365234375,220.78689575195312,220.80674743652344,220.82525634765625,220.84573364257812,220.8684844970703,220.8903045654297,220.91221618652344,220.9326629638672,220.94740295410156,220.95909118652344,220.97023010253906,220.978759765625,220.9869384765625,220.99813842773438,221.01119995117188,221.0257568359375,221.04098510742188,221.05490112304688
220.8111572265625,220.79811096191406,220.78396606445312,220.77088928222656,220.7655029296875,220.76986694335938,220.78187561035156,220.79515075683594,220.79495239257812,220.76974487304688,220.7272491455078,220.68487548828125,220.65408325195312,220.6422882080078,220.65151977539062,220.6727294921875,220.6934356689453,220.7036590576172,220.6983184814453,220.6841583251953,220.67222595214844,220.66493225097656,220.66319274902344,220.67037963867188,220.68280029296875,220.69554138183594,220.7102508544922,220.72702026367188,220.74485778808594,220.76638793945312,220.7906494140625,220.81430053710938,220.83827209472656,220.86053466796875,220.87698364257812,220.89004516601562,220.9011688232422,220.90838623046875,220.91690063476562,220.93177795410156,220.9495849609375,220.96810913085938,220.98814392089844,221.00755310058594
220.7693328857422,220.7569580078125,220.74539184570312,220.73782348632812,220.7367706298828,220.74327087402344,220.7556610107422,220.76536560058594,220.75982666015625,220.7349090576172,220.70025634765625,220.66806030273438,220.64666748046875,220.64208984375,220.65260314941406,220.6678924560547,220.67962646484375,220.6815185546875,220.66793823242188,220.6439971923828,220.62139892578125,220.60317993164062,220.58863830566406,220.58070373535156,220.57875061035156,220.579833984375,220.5846405029297,220.59291076660156,220.60421752929688,220.62103271484375,220.64205932617188,220.66339111328125,220.68492126464844,220.70526123046875,220.72145080566406,220.734619140625,220.7451171875,220.75289916992188,220.7640380859375,220.7825927734375,220.8040313720703,220.82662963867188,220.85177612304688,220.87611389160156
220.74081420898438,220.73785400390625,220.73715209960938,220.7389678955078,220.74517822265625,220.75741577148438,220.7720947265625,220.77926635742188,220.77101135253906,220.7493438720703,220.72315979003906,220.70050048828125,220.6876983642578,220.68856811523438,220.697998046875,220.70516967773438,220.7045135498047,220.69332885742188,220.66778564453125,220.63233947753906,220.59707641601562,220.56454467773438,220.53335571289062,220.50643920898438,220.48529052734375,220.4687957763672,220.4574432373047,220.4508819580078,220.44863891601562,220.45335388183594,220.46475219726562,220.4785614013672,220.49264526367188,220.50643920898438,220.5184783935547,220.52865600585938,220.53750610351562,220.5465850830078,220.56027221679688,220.5802001953125,220.60374450683594,220.63038635253906,220.65951538085938,220.68661499023438
220.72499084472656,220.72996520996094,220.73788452148438,220.74960327148438,220.76661682128906,220.78750610351562,220.8057861328125,220.813720703125,220.80862426757812,220.79428100585938,220.7775115966797,220.764404296875,220.7592010498047,220.76268005371094,220.7685546875,220.76663208007812,220.75234985351562,220.72634887695312,220.68997192382812,220.64718627929688,220.60281372070312,220.55715942382812,220.51011657714844,220.46560668945312,220.42552185058594,220.3892822265625,220.35816955566406,220.33287048339844,220.3123016357422,220.29811096191406,220.2919158935547,220.29058837890625,220.29071044921875,220.29217529296875,220.2950439453125,220.29861450195312,220.3035125732422,220.3118133544922,220.32504272460938,220.34336853027344,220.3668212890625,220.39520263671875,220.425537109375,220.453857421875
220.67962646484375,220.6964569091797,220.71478271484375,220.738037109375,220.7657928466797,220.792724609375,220.8133087158203,220.82595825195312,220.83090209960938,220.82887268066406,220.82382202148438,220.82107543945312,220.82188415527344,220.82357788085938,220.82196044921875,220.8112030029297,220.78741455078125,220.75238037109375,220.7108917236328,220.66598510742188,220.61781311035156,220.565185546875,220.50955200195312,220.45436096191406,220.4001922607422,220.34681701660156,220.29776000976562,220.25502014160156,220.2160186767578,220.18052673339844,220.15151977539062,220.12823486328125,220.10781860351562,220.09083557128906,220.07838439941406,220.0691375732422,220.06381225585938,220.0648956298828,220.0723114013672,220.08494567871094,220.10382080078125,220.12844848632812,220.15562438964844,220.1834716796875
