earth/public/data/atmosphere/C53/ANN-temp-isobaric-10hPa-gfs-1.0.json
{"header": {"discipline": 0, "disciplineName": "Meteorological products", "gribEdition": 2, "gribLength": 17922.0, "center": 0, "centerName": "Kiel Climate Model", "subcenter": 0, "refTime": "1", "significanceOfRT": 1, "significanceOfRTName": "Start of forecast", "productStatus": 0, "productStatusName": "Operational products", "productType": 1, "productTypeName": "Forecast products", "productDefinitionTemplate": 0, "productDefinitionTemplateName": "Analysis/forecast at horizontal level/layer at a point in time", "parameterCategory": 2, "parameterCategoryName": "Momentum", "parameterNumber": 2, "parameterNumberName": "U-component_of_wind", "parameterUnit": "K", "genProcessType": 2, "genProcessTypeName": "Forecast", "forecastTime": 0, "surface1Type": 103, "surface1TypeName": "Specified height level above ground", "surface1Value": 10, "surface2Type": 255, "surface2TypeName": "Missing", "surface2Value": 0, "gridDefinitionTemplate": 0, "gridDefinitionTemplateName": "Latitude_Longitude", "numberPoints": 65160, "shape": 6, "shapeName": "Earth spherical with radius of 6,371,229.0 m", "gridUnits": "degrees", "resolution": 48, "winds": "true", "scanMode": 0, "nx": 128.0, "ny": 64.0, "basicAngle": 0, "subDivisions": 0, "lo1": 0.0, "la1": 87.86379883923263, "lo2": 357.1875, "la2": -87.86379883923263, "dx": 2.8125, "dy": 2.7893269472772264}, "data":
[rows 19 to 37 of 64, columns 0 to 43 of 128]
216.0751953125,216.01422119140625,215.94822692871094,215.88050842285156,215.81094360351562,215.7394561767578,215.66981506347656,215.607666015625,215.55604553222656,215.514892578125,215.4849395751953,215.4683380126953,215.46487426757812,215.47079467773438,215.4819793701172,215.49627685546875,215.51239013671875,215.53073120117188,215.555419921875,215.58946228027344,215.6276397705078,215.66070556640625,215.68800354003906,215.7191162109375,215.76268005371094,215.8189697265625,215.8820037841797,215.94461059570312,216.0035858154297,216.06231689453125,216.12661743164062,216.2012481689453,216.29403686523438,216.4134063720703,216.5533905029297,216.6938018798828,216.8259735107422,216.96405029296875,217.1207275390625,217.2874755859375,217.44961547851562,217.60311889648438,217.7451171875,217.8647003173828
216.3916778564453,216.34417724609375,216.29116821289062,216.2353973388672,216.17677307128906,216.11419677734375,216.05087280273438,215.99496459960938,215.95370483398438,215.92874145507812,215.9186248779297,215.92291259765625,215.94094848632812,215.9687957763672,216.0006103515625,216.03269958496094,216.0646514892578,216.09841918945312,216.13839721679688,216.18704223632812,216.23878479003906,216.28524780273438,216.3280792236328,216.3782196044922,216.44129943847656,216.51280212402344,216.5862579345703,216.6582489013672,216.7286376953125,216.80177307128906,216.88363647460938,216.97813415527344,217.09085083007812,217.225830078125,217.3712921142578,217.50689697265625,217.6330108642578,217.77035522460938,217.92433166503906,218.0772247314453,218.2196044921875,218.35733032226562,218.4844970703125,218.58111572265625
216.86932373046875,216.84727478027344,216.8177947998047,216.77931213378906,216.7314453125,216.67587280273438,216.61886596679688,216.57110595703125,216.5424346923828,216.5362548828125,216.54916381835938,216.57595825195312,216.61312866210938,216.65757751464844,216.70484924316406,216.75115966796875,216.79579162597656,216.84063720703125,216.88946533203125,216.9453125,217.00538635253906,217.0634765625,217.12010192871094,217.18267822265625,217.25392150878906,217.3306427001953,217.41159057617188,217.4954071044922,217.57818603515625,217.66184997558594,217.7549285888672,217.86216735839844,217.98333740234375,218.11497497558594,218.24391174316406,218.35723876953125,218.46560668945312,218.59019470214844,218.7262420654297,218.85260009765625,218.96929931640625,219.086181640625,219.18748474121094,219.25033569335938
217.4957733154297,217.50289916992188,217.49951171875,217.47906494140625,217.4409637451172,217.39219665527344,217.34503173828125,217.3118438720703,217.30027770996094,217.31251525878906,217.3457489013672,217.3928680419922,217.44618225097656,217.50082397460938,217.5541229248047,217.6046142578125,217.65301513671875,217.70155334472656,217.7523956298828,217.8081817626953,217.86936950683594,217.9327392578125,217.99696350097656,218.0646514892578,218.1365203857422,218.21278381347656,218.29762268066406,218.38978576660156,218.47982788085938,218.56768798828125,218.66558837890625,218.77684020996094,218.89036560058594,218.9957733154297,219.08749389648438,219.16844177246094,219.2563934326172,219.36334228515625,219.47311401367188,219.56814575195312,219.6584930419922,219.74966430664062,219.81570434570312,219.84222412109375
218.2090301513672,218.2442626953125,218.2662353515625,218.2656707763672,218.242431640625,218.20526123046875,218.16954040527344,218.1504364013672,218.15463256835938,218.1810760498047,218.2271270751953,218.2874298095703,218.35189819335938,218.4117889404297,218.46412658691406,218.5097198486328,218.5519256591797,218.59475708007812,218.63995361328125,218.68875122070312,218.7430877685547,218.80230712890625,218.8646697998047,218.93055725097656,218.9992218017578,219.07052612304688,219.1499786376953,219.23849487304688,219.3269500732422,219.4137725830078,219.5092010498047,219.61135864257812,219.70172119140625,219.7687225341797,219.81832885742188,219.86849975585938,219.93862915039062,220.02638244628906,220.10552978515625,220.166015625,220.2261505126953,220.28598022460938,220.3173828125,220.31993103027344
218.91574096679688,218.975830078125,219.02159118652344,219.0440673828125,219.04510498046875,219.02752685546875,219.00021362304688,218.98330688476562,218.99180603027344,219.02432250976562,219.0745086669922,219.1383056640625,219.20692443847656,219.26893615722656,219.31910705566406,219.35842895507812,219.39111328125,219.42282104492188,219.4564208984375,219.4927978515625,219.5342559814453,219.5814666748047,219.6328125,219.6891632080078,219.75015258789062,219.81248474121094,219.87818908691406,219.95167541503906,220.02943420410156,220.10800170898438,220.1891326904297,220.2664337158203,220.3240966796875,220.35494995117188,220.36949157714844,220.39161682128906,220.44070434570312,220.50509643554688,220.5528106689453,220.57894897460938,220.6054229736328,220.6318359375,220.6390838623047,220.63824462890625
219.51470947265625,219.59036254882812,219.65773010253906,219.70596313476562,219.73768615722656,219.7455596923828,219.7248077392578,219.6984100341797,219.6966552734375,219.72415161132812,219.77015686035156,219.83067321777344,219.90066528320312,219.96682739257812,220.01882934570312,220.0550079345703,220.0794219970703,220.09942626953125,220.1199493408203,220.14222717285156,220.16891479492188,220.20169067382812,220.2387237548828,220.2809295654297,220.33013916015625,220.382080078125,220.43348693847656,220.48789978027344,220.54672241210938,220.60633850097656,220.66168212890625,220.70497131347656,220.72830200195312,220.72946166992188,220.7160186767578,220.70999145507812,220.732177734375,220.77015686035156,220.79168701171875,220.7935028076172,220.7956085205078,220.79876708984375,220.79600524902344,220.80291748046875
219.93161010742188,220.01095581054688,220.09909057617188,220.17620849609375,220.23696899414062,220.267578125,220.25448608398438,220.21705627441406,220.19529724121094,220.20498657226562,220.23773193359375,220.29112243652344,220.36444091796875,220.44174194335938,220.50347900390625,220.5419464111328,220.56106567382812,220.57168579101562,220.58230590820312,220.5940399169922,220.608642578125,220.6297607421875,220.6565399169922,220.6886444091797,220.7288055419922,220.77420043945312,220.8179473876953,220.85775756835938,220.8944854736328,220.92767333984375,220.95321655273438,220.96343994140625,220.95408630371094,220.9271240234375,220.88946533203125,220.86009216308594,220.8587188720703,220.87496948242188,220.88099670410156,220.87478637695312,220.87136840820312,220.87091064453125,220.87229919433594,220.88609313964844
220.14805603027344,220.22171020507812,220.32713317871094,220.43243408203125,220.51531982421875,220.56150817871094,220.55848693847656,220.51519775390625,220.47044372558594,220.45462036132812,220.46876525878906,220.51092529296875,220.58319091796875,220.67088317871094,220.74798583984375,220.79803466796875,220.82070922851562,220.82911682128906,220.8370361328125,220.8465576171875,220.8565673828125,220.8711395263672,220.8930206298828,220.9232177734375,220.96348571777344,221.01040649414062,221.05548095703125,221.0913848876953,221.11395263671875,221.12451171875,221.1251983642578,221.10943603515625,221.07086181640625,221.01585388183594,220.9579315185547,220.91465759277344,220.900146484375,220.9053192138672,220.90740966796875,220.9011993408203,220.8950958251953,220.8942108154297,220.9061279296875,220.9312744140625
220.20408630371094,220.26144409179688,220.3673858642578,220.48748779296875,220.58485412597656,220.64498901367188,220.6561279296875,220.61244201660156,220.54896545410156,220.51406860351562,220.51783752441406,220.5506134033203,220.61300659179688,220.6990509033203,220.78640747070312,220.85284423828125,220.88897705078125,220.90447998046875,220.91754150390625,220.93409729003906,220.9500274658203,220.9652862548828,220.98458862304688,221.01510620117188,221.0605926513672,221.11367797851562,221.1639404296875,221.20472717285156,221.22772216796875,221.23068237304688,221.2199249267578,221.19094848632812,221.13327026367188,221.05650329589844,220.98414611816406,220.9334259033203,220.9123077392578,220.91505432128906,220.92144775390625,220.91184997558594,220.88243103027344,220.8546905517578,220.86268615722656,220.90725708007812
220.18045043945312,220.21005249023438,220.2914581298828,220.4007568359375,220.50051879882812,220.57339477539062,220.5996551513672,220.5598907470703,220.490234375,220.45497131347656,220.4669189453125,220.50392150878906,220.56106567382812,220.6389617919922,220.7237091064453,220.796142578125,220.8431396484375,220.86880493164062,220.8913116455078,220.9198760986328,220.94961547851562,220.97372436523438,220.99276733398438,221.02015686035156,221.06707763671875,221.12286376953125,221.173583984375,221.2178955078125,221.24896240234375,221.25881958007812,221.25320434570312,221.22817993164062,221.1670379638672,221.07984924316406,221.0001678466797,220.94635009765625,220.92083740234375,220.92283630371094,220.9359130859375,220.92391967773438,220.8650360107422,220.791259765625,220.7680206298828,220.81692504882812
220.16456604003906,220.164794921875,220.20773315429688,220.283447265625,220.3657684326172,220.4365997314453,220.46876525878906,220.4383544921875,220.38290405273438,220.3665771484375,220.3976287841797,220.4501495361328,220.51580810546875,220.59095764160156,220.66419982910156,220.72703552246094,220.7736358642578,220.80682373046875,220.84024047851562,220.88079833984375,220.92367553710938,220.95932006835938,220.9817657470703,221.00506591796875,221.04812622070312,221.10086059570312,221.14556884765625,221.1857147216797,221.22000122070312,221.23849487304688,221.24581909179688,221.23594665527344,221.1835479736328,221.09632873535156,221.0172119140625,220.967041015625,220.94007873535156,220.93617248535156,220.94955444335938,220.9458770751953,220.88983154296875,220.7980499267578,220.73785400390625,220.75636291503906
220.20814514160156,220.18695068359375,220.19375610351562,220.2276611328125,220.27377319335938,220.31918334960938,220.34317016601562,220.33026123046875,220.31089782714844,220.3264923095703,220.37429809570312,220.4369659423828,220.5107421875,220.5846710205078,220.64720153808594,220.70008850097656,220.74400329589844,220.78221130371094,220.82583618164062,220.8760528564453,220.92510986328125,220.96559143066406,220.99073791503906,221.0113067626953,221.04837036132812,221.09483337402344,221.13189697265625,221.16368103027344,221.19268798828125,221.21127319335938,221.225830078125,221.22959899902344,221.1902313232422,221.11093139648438,221.0389862060547,220.99668884277344,220.9700164794922,220.9539031982422,220.9546356201172,220.95933532714844,220.9366455078125,220.87472534179688,220.8074951171875,220.78518676757812
220.30735778808594,220.27186584472656,220.24929809570312,220.24485778808594,220.247802734375,220.25506591796875,220.26593017578125,220.27774047851562,220.3044891357422,220.35549926757812,220.41592407226562,220.47854614257812,220.5476837158203,220.61480712890625,220.67466735839844,220.73106384277344,220.77792358398438,220.81689453125,220.86514282226562,220.92196655273438,220.97152709960938,221.0070343017578,221.02728271484375,221.04190063476562,221.06939697265625,221.1057586669922,221.1341552734375,221.15701293945312,221.177001953125,221.1892852783203,221.202392578125,221.21084594726562,221.18209838867188,221.1153564453125,221.0526580810547,221.0145721435547,220.9863739013672,220.95901489257812,220.94058227539062,220.93678283691406,220.93540954589844,220.9142303466797,220.8716278076172,220.83602905273438
220.42149353027344,220.37872314453125,220.3361053466797,220.3031463623047,220.2681884765625,220.24191284179688,220.2472381591797,220.2859649658203,220.34962463378906,220.4251708984375,220.49423217773438,220.5545196533203,220.61468505859375,220.67543029785156,220.7395477294922,220.80499267578125,220.8537139892578,220.88812255859375,220.93536376953125,220.99508666992188,221.0416259765625,221.06553649902344,221.0724334716797,221.07444763183594,221.08761596679688,221.1095428466797,221.12594604492188,221.13726806640625,221.14659118652344,221.15223693847656,221.1609649658203,221.16641235351562,221.14181518554688,221.08663940429688,221.03196716308594,220.9931182861328,220.9622802734375,220.93284606933594,220.90509033203125,220.88516235351562,220.8773956298828,220.87086486816406,220.8528594970703,220.82908630371094
220.50234985351562,220.46478271484375,220.41925048828125,220.37391662597656,220.314697265625,220.2689971923828,220.27996826171875,220.34300231933594,220.42514038085938,220.5043487548828,220.5706329345703,220.6256103515625,220.67825317382812,220.73472595214844,220.798828125,220.8623504638672,220.90745544433594,220.9420623779297,220.99232482910156,221.05096435546875,221.08758544921875,221.0948944091797,221.08505249023438,221.07315063476562,221.0732421875,221.0830535888672,221.0882568359375,221.0865936279297,221.08348083496094,221.08224487304688,221.0861358642578,221.08534240722656,221.0602569580078,221.0139617919922,220.96749877929688,220.92930603027344,220.8986358642578,220.87530517578125,220.85394287109375,220.8326873779297,220.81793212890625,220.80853271484375,220.79666137695312,220.78236389160156
220.51055908203125,220.48641967773438,220.45301818847656,220.412353515625,220.3489532470703,220.30133056640625,220.32305908203125,220.4015655517578,220.48675537109375,220.5545196533203,220.60574340820312,220.64646911621094,220.68479919433594,220.72750854492188,220.7769775390625,220.82730102539062,220.87216186523438,220.9213104248047,220.9832305908203,221.0366973876953,221.05560302734375,221.0435791015625,221.01974487304688,221.00006103515625,220.9958953857422,221.00331115722656,221.00619506835938,220.99879455566406,220.98736572265625,220.9790496826172,220.9762420654297,220.96914672851562,220.94467163085938,220.90753173828125,220.87060546875,220.83731079101562,220.8103790283203,220.79454040527344,220.78575134277344,220.7788543701172,220.77468872070312,220.77001953125,220.75982666015625,220.748046875
220.4175262451172,220.40072631835938,220.37794494628906,220.34979248046875,220.30364990234375,220.27297973632812,220.30364990234375,220.38169860839844,220.45774841308594,220.50987243652344,220.5435333251953,220.56564331054688,220.58106994628906,220.5973663330078,220.62303161621094,220.66250610351562,220.7163848876953,220.7844696044922,220.85475158691406,220.89906311035156,220.90138244628906,220.8758544921875,220.84600830078125,220.82798767089844,220.8295135498047,220.8438262939453,220.85459899902344,220.85462951660156,220.84742736816406,220.83782958984375,220.82861328125,220.81643676757812,220.795654296875,220.76840209960938,220.74012756347656,220.71279907226562,220.6918182373047,220.68324279785156,220.6850128173828,220.69338989257812,220.7069549560547,220.7193145751953,220.7238311767578,220.7235107421875
220.2044219970703,220.1819305419922,220.15721130371094,220.13917541503906,220.1235809326172,220.12513732910156,220.1648406982422,220.23001098632812,220.286865234375,220.32046508789062,220.33705139160156,220.34237670898438,220.3368682861328,220.32846069335938,220.33570861816406,220.372314453125,220.43431091308594,220.5065155029297,220.56887817382812,220.60055541992188,220.5952911376953,220.5689697265625,220.5443878173828,220.5370330810547,220.5508575439453,220.57626342773438,220.59938049316406,220.61509704589844,220.6233673095703,220.62234497070312,220.61302185058594,220.59976196289062,220.5846710205078,220.5674285888672,220.54759216308594,220.52761840820312,220.51507568359375,220.5156707763672,220.5274200439453,220.54759216308594,220.575927734375,220.6083221435547,220.63754272460938,220.66082763671875
