earth/public/data/atmosphere/C53/ANN-wind-isobaric-10hPa-gfs-1.0.json
{"header": {"discipline": 0, "disciplineName": "Meteorological products", "gribEdition": 2, "gribLength": 17922.0, "center": 0, "centerName": "Kiel Climate Model", "subcenter": 0, "refTime": "1", "significanceOfRT": 1, "significanceOfRTName": "Start of forecast", "productStatus": 0, "productStatusName": "Operational products", "productType": 1, "productTypeName": "Forecast products", "productDefinitionTemplate": 0, "productDefinitionTemplateName": "Analysis/forecast at horizontal level/layer at a point in time", "parameterCategory": 2, "parameterCategoryName": "Momentum", "parameterNumber": 2, "parameterNumberName": "U-component_of_wind", "parameterUnit": "m/s", "genProcessType": 2, "genProcessTypeName": "Forecast", "forecastTime": 0, "surface1Type": 103, "surface1TypeName": "Specified height level above ground", "surface1Value": 10, "surface2Type": 255, "surface2TypeName": "Missing", "surface2Value": 0, "gridDefinitionTemplate": 0, "gridDefinitionTemplateName": "Latitude_Longitude", "numberPoints": 65160, "shape": 6, "shapeName": "Earth spherical with radius of 6,371,229.0 m", "gridUnits": "degrees", "resolution": 48, "winds": "true", "scanMode": 0, "nx": 128.0, "ny": 64.0, "basicAngle": 0, "subDivisions": 0, "lo1": 0.0, "la1": 87.86379883923263, "lo2": 357.1875, "la2": -87.86379883923263, "dx": 2.8125, "dy": 2.7893269472772264}, "data":
[rows 19 to 37 of 64, columns 43 to 85 of 128]
25.1219425201416,25.065982818603516,24.99463653564453,24.887662887573242,24.742570877075195,24.573654174804688,24.392383575439453,24.199623107910156,23.99629783630371,23.791410446166992,23.595041275024414,23.408710479736328,23.228370666503906,23.054222106933594,22.892223358154297,22.74709701538086,22.619277954101562,22.509754180908203,22.42196273803711,22.356945037841797,22.311664581298828,22.284061431884766,22.275625228881836,22.287832260131836,22.31979751586914,22.370027542114258,22.43724822998047,22.519079208374023,22.612890243530273,22.718400955200195,22.83555793762207,22.961809158325195,23.093788146972656,23.22964096069336,23.366619110107422,23.49991226196289,23.62645149230957,23.746583938598633,23.860759735107422,23.96749496459961,24.06648826599121,24.15896987915039,24.245115280151367
21.507707595825195,21.413259506225586,21.29566764831543,21.132652282714844,20.927736282348633,20.701305389404297,20.46744155883789,20.229278564453125,19.98921012878418,19.75387954711914,19.530031204223633,19.31968879699707,19.122303009033203,18.93952178955078,18.776309967041016,18.63658332824707,18.520673751831055,18.42833709716797,18.360593795776367,18.316787719726562,18.29349136352539,18.28902244567871,18.305143356323242,18.342679977416992,18.3994083404541,18.473520278930664,18.564273834228516,18.669071197509766,18.784164428710938,18.908777236938477,19.043489456176758,19.1859188079834,19.331153869628906,19.475643157958984,19.615978240966797,19.747594833374023,19.868703842163086,19.981304168701172,20.086021423339844,20.181011199951172,20.266685485839844,20.34563636779785,20.417633056640625
17.884506225585938,17.743127822875977,17.56870460510254,17.345863342285156,17.088546752929688,16.81855583190918,16.547029495239258,16.27902603149414,16.019914627075195,15.77295207977295,15.539154052734375,15.321526527404785,15.124835014343262,14.952437400817871,14.806736946105957,14.69000244140625,14.60236930847168,14.541571617126465,14.505139350891113,14.490846633911133,14.496132850646973,14.519806861877441,14.562714576721191,14.625064849853516,14.704760551452637,14.79999828338623,14.910042762756348,15.032272338867188,15.16269588470459,15.300329208374023,15.44619083404541,15.597402572631836,15.747312545776367,15.891051292419434,16.02553367614746,16.147329330444336,16.2557373046875,16.35402488708496,16.443143844604492,16.5211181640625,16.58917808532715,16.65070915222168,16.705053329467773
14.302714347839355,14.109779357910156,13.875955581665039,13.601460456848145,13.310484886169434,13.02045726776123,12.735308647155762,12.460082054138184,12.202783584594727,11.964193344116211,11.740769386291504,11.53549575805664,11.35705852508545,11.211053848266602,11.09898853302002,11.021592140197754,10.977030754089355,10.959624290466309,10.963249206542969,10.984753608703613,11.02257251739502,11.075632095336914,11.143970489501953,11.2284517288208,11.328457832336426,11.441556930541992,11.565372467041016,11.697857856750488,11.837010383605957,11.982085227966309,12.133260726928711,12.28643798828125,12.433218002319336,12.56812858581543,12.689733505249023,12.79630184173584,12.8875093460083,12.9666109085083,13.035579681396484,13.093257904052734,13.1412992477417,13.183226585388184,13.218100547790527
10.79514217376709,10.555156707763672,10.277323722839355,9.976561546325684,9.677469253540039,9.390488624572754,9.116308212280273,8.859850883483887,8.62781810760498,8.418974876403809,8.227625846862793,8.055091857910156,7.910539627075195,7.802776336669922,7.73610782623291,7.710208892822266,7.719033241271973,7.752507209777832,7.801798343658447,7.86253547668457,7.933373928070068,8.013792037963867,8.104081153869629,8.206387519836426,8.321996688842773,8.447994232177734,8.58034610748291,8.718194961547852,8.86166000366211,9.009486198425293,9.160130500793457,9.309050559997559,9.447381973266602,9.568859100341797,9.673460960388184,9.761540412902832,9.832649230957031,9.889850616455078,9.936534881591797,9.973438262939453,10.002090454101562,10.02493953704834,10.040825843811035
7.413832664489746,7.1432600021362305,6.851487636566162,6.55933952331543,6.279869556427002,6.0177507400512695,5.777814865112305,5.565018653869629,5.381006717681885,5.222379684448242,5.082685947418213,4.9596734046936035,4.860600471496582,4.79833984375,4.782802581787109,4.813406467437744,4.878807067871094,4.9649481773376465,5.061099529266357,5.160288333892822,5.260272979736328,5.3628830909729,5.470314979553223,5.584807395935059,5.708809852600098,5.840775012969971,5.976673126220703,6.116411209106445,6.260903358459473,6.407070159912109,6.551486968994141,6.690804958343506,6.816929340362549,6.9225006103515625,7.008001327514648,7.075718879699707,7.125708103179932,7.160891532897949,7.185870170593262,7.20293664932251,7.214070796966553,7.2203898429870605,7.220085144042969
4.264308452606201,3.9900128841400146,3.7134597301483154,3.4559805393218994,3.2190773487091064,3.0053014755249023,2.822862386703491,2.673945426940918,2.556361675262451,2.465724468231201,2.3916845321655273,2.326232433319092,2.2761924266815186,2.2600903511047363,2.2935361862182617,2.3764913082122803,2.493664503097534,2.6277055740356445,2.765749931335449,2.8968961238861084,3.0173354148864746,3.1329684257507324,3.2495005130767822,3.3684558868408203,3.492929458618164,3.624022960662842,3.7579245567321777,3.893846035003662,4.033304214477539,4.172487258911133,4.306335926055908,4.431676864624023,4.5415873527526855,4.628721237182617,4.693740367889404,4.740124225616455,4.769009590148926,4.783693790435791,4.788821697235107,4.787493705749512,4.7828850746154785,4.776113033294678,4.764493942260742
1.5007762908935547,1.2568154335021973,1.0155128240585327,0.7997088432312012,0.6150115728378296,0.4672746956348419,0.3578725755214691,0.2819545269012451,0.24094223976135254,0.23080474138259888,0.2288001924753189,0.21839022636413574,0.21137116849422455,0.23383845388889313,0.3054148852825165,0.4278087913990021,0.5841881036758423,0.7536057829856873,0.9204486012458801,1.0705931186676025,1.1985292434692383,1.313965916633606,1.4267678260803223,1.5388833284378052,1.6548892259597778,1.7782597541809082,1.9032809734344482,2.0263686180114746,2.150940179824829,2.275369167327881,2.3930745124816895,2.4994101524353027,2.5881166458129883,2.653380870819092,2.6962997913360596,2.720325231552124,2.727653741836548,2.7232651710510254,2.7118921279907227,2.6959304809570312,2.6797308921813965,2.6655688285827637,2.649670362472534
-0.7278684377670288,-0.9087158441543579,-1.0999208688735962,-1.2761248350143433,-1.4118804931640625,-1.4931764602661133,-1.5329774618148804,-1.54372239112854,-1.5124049186706543,-1.4424386024475098,-1.3765140771865845,-1.3416897058486938,-1.3178868293762207,-1.2711101770401,-1.1792755126953125,-1.0370268821716309,-0.8609005212783813,-0.676030158996582,-0.5008419156074524,-0.3505803644657135,-0.2318735122680664,-0.1329192966222763,-0.04006272554397583,0.05081816390156746,0.14659222960472107,0.2518090605735779,0.3576034605503082,0.45721954107284546,0.5559165477752686,0.6549551486968994,0.7473464608192444,0.827397346496582,0.889885425567627,0.9302821755409241,0.9495888948440552,0.9508554935455322,0.9378344416618347,0.9177964925765991,0.895903468132019,0.8734069466590881,0.8544411659240723,0.841605007648468,0.8300144672393799
-2.3308374881744385,-2.4346282482147217,-2.5662732124328613,-2.7014946937561035,-2.7959063053131104,-2.8262217044830322,-2.8158364295959473,-2.780708074569702,-2.6960887908935547,-2.56550669670105,-2.4497804641723633,-2.3850977420806885,-2.3454155921936035,-2.29201340675354,-2.200819730758667,-2.0617690086364746,-1.88981294631958,-1.7136051654815674,-1.553275227546692,-1.4244301319122314,-1.3341859579086304,-1.2693647146224976,-1.2125213146209717,-1.156680703163147,-1.093909740447998,-1.0201715230941772,-0.9462469816207886,-0.8800268769264221,-0.8160492181777954,-0.7523593902587891,-0.6944102644920349,-0.6460943222045898,-0.6116782426834106,-0.5962347984313965,-0.5994203090667725,-0.6171607971191406,-0.6439487934112549,-0.6716350317001343,-0.6951283812522888,-0.7137112021446228,-0.7246196866035461,-0.7269251942634583,-0.7258852124214172
-3.2910561561584473,-3.3316471576690674,-3.4086732864379883,-3.5017313957214355,-3.562896490097046,-3.5632412433624268,-3.524158239364624,-3.461082935333252,-3.348053216934204,-3.1912107467651367,-3.056791305541992,-2.983274459838867,-2.9442455768585205,-2.9016520977020264,-2.830012798309326,-2.7159132957458496,-2.572279214859009,-2.4275169372558594,-2.302154302597046,-2.212754011154175,-2.167168617248535,-2.1500461101531982,-2.1403353214263916,-2.1281545162200928,-2.10628604888916,-2.073150396347046,-2.0396432876586914,-2.012359857559204,-1.9867807626724243,-1.9616574048995972,-1.9394646883010864,-1.920789122581482,-1.9104290008544922,-1.9152917861938477,-1.9349325895309448,-1.963101863861084,-1.993298888206482,-2.0187571048736572,-2.035104274749756,-2.0408995151519775,-2.0356242656707764,-2.0212602615356445,-2.0021169185638428
-3.660627603530884,-3.6660690307617188,-3.7067816257476807,-3.765251636505127,-3.804711103439331,-3.7956454753875732,-3.7466537952423096,-3.670445680618286,-3.5529775619506836,-3.4060873985290527,-3.287104606628418,-3.2273435592651367,-3.204015016555786,-3.184253454208374,-3.1439247131347656,-3.0691823959350586,-2.970438003540039,-2.87172269821167,-2.792773962020874,-2.752028465270996,-2.756755828857422,-2.789555788040161,-2.8274500370025635,-2.858652114868164,-2.8766701221466064,-2.883164167404175,-2.888766050338745,-2.897805690765381,-2.9067444801330566,-2.914539098739624,-2.92012619972229,-2.922489643096924,-2.9283547401428223,-2.9455652236938477,-2.97273850440979,-3.0027341842651367,-3.02921724319458,-3.0468063354492188,-3.0514345169067383,-3.041170358657837,-3.0180258750915527,-2.986868143081665,-2.9499309062957764
-3.544175863265991,-3.5378611087799072,-3.56141996383667,-3.598870277404785,-3.6293280124664307,-3.6277942657470703,-3.5881028175354004,-3.518068313598633,-3.418952703475952,-3.3086297512054443,-3.2286956310272217,-3.1978416442871094,-3.1976048946380615,-3.203690767288208,-3.1963400840759277,-3.162952184677124,-3.11035418510437,-3.0576417446136475,-3.024629592895508,-3.0301153659820557,-3.0778064727783203,-3.149383783340454,-3.223721742630005,-3.2880699634552,-3.3359060287475586,-3.3715577125549316,-3.4053986072540283,-3.440026044845581,-3.473184585571289,-3.5031988620758057,-3.525820016860962,-3.540529251098633,-3.5560922622680664,-3.579289197921753,-3.6081063747406006,-3.637197732925415,-3.660297155380249,-3.6713669300079346,-3.66664457321167,-3.6453330516815186,-3.6114771366119385,-3.57108211517334,-3.524552822113037
-3.05542254447937,-3.053757429122925,-3.073798656463623,-3.1026101112365723,-3.1327097415924072,-3.1470749378204346,-3.131962299346924,-3.089076519012451,-3.0266261100769043,-2.964414358139038,-2.930237293243408,-2.930997133255005,-2.9519011974334717,-2.978156089782715,-2.9958832263946533,-2.9931459426879883,-2.9731740951538086,-2.952962875366211,-2.9538629055023193,-2.9919850826263428,-3.065669536590576,-3.1575608253479004,-3.2505970001220703,-3.3313355445861816,-3.3930983543395996,-3.442519187927246,-3.4894700050354004,-3.53546142578125,-3.5801682472229004,-3.621554136276245,-3.6528284549713135,-3.674703598022461,-3.697202205657959,-3.724832534790039,-3.755650043487549,-3.786842107772827,-3.8116090297698975,-3.822481870651245,-3.817427396774292,-3.797506809234619,-3.7667384147644043,-3.7308566570281982,-3.6901376247406006
-2.2715911865234375,-2.2872154712677,-2.3141355514526367,-2.3453314304351807,-2.380526304244995,-2.4106972217559814,-2.424362897872925,-2.4192867279052734,-2.4006402492523193,-2.3845765590667725,-2.3894455432891846,-2.4150550365448,-2.449565887451172,-2.4857163429260254,-2.514531373977661,-2.5248024463653564,-2.518718957901001,-2.513798952102661,-2.530879497528076,-2.58147931098938,-2.660568952560425,-2.7540345191955566,-2.847705364227295,-2.927321195602417,-2.98691463470459,-3.0351152420043945,-3.080770969390869,-3.125159978866577,-3.1699371337890625,-3.2127468585968018,-3.245781898498535,-3.2713229656219482,-3.2993955612182617,-3.332120895385742,-3.3675694465637207,-3.404507875442505,-3.435490846633911,-3.453333616256714,-3.458544969558716,-3.452885866165161,-3.438807964324951,-3.4219963550567627,-3.404048442840576
-1.2257298231124878,-1.2633968591690063,-1.303879976272583,-1.3466606140136719,-1.3930063247680664,-1.4376356601715088,-1.4760007858276367,-1.5063066482543945,-1.527465581893921,-1.5480917692184448,-1.5798816680908203,-1.620100736618042,-1.6599481105804443,-1.696299433708191,-1.722718596458435,-1.7306691408157349,-1.7247267961502075,-1.7222540378570557,-1.7399272918701172,-1.7850228548049927,-1.8527934551239014,-1.9324387311935425,-2.011049509048462,-2.075199604034424,-2.120617389678955,-2.156193733215332,-2.1895627975463867,-2.22253155708313,-2.257650375366211,-2.2920565605163574,-2.319220542907715,-2.343355894088745,-2.373425006866455,-2.4091196060180664,-2.4481308460235596,-2.4898643493652344,-2.5275659561157227,-2.5556414127349854,-2.576096773147583,-2.590141773223877,-2.5995101928710938,-2.6107094287872314,-2.6263234615325928
0.07177228480577469,0.016786623746156693,-0.03757461905479431,-0.09531069546937943,-0.15636079013347626,-0.21585999429225922,-0.2743966579437256,-0.33237117528915405,-0.3842921257019043,-0.4310881793498993,-0.4786614179611206,-0.5248300433158875,-0.5646607875823975,-0.5965182781219482,-0.6145485043525696,-0.6141468286514282,-0.6034367680549622,-0.5971277356147766,-0.6064186096191406,-0.6366370916366577,-0.6849773526191711,-0.7412053346633911,-0.7935194373130798,-0.8326364159584045,-0.8569321036338806,-0.8729171752929688,-0.8867148160934448,-0.9015077352523804,-0.9191855192184448,-0.936384379863739,-0.949666440486908,-0.9652430415153503,-0.9898353219032288,-1.0214595794677734,-1.0577808618545532,-1.0983445644378662,-1.1376959085464478,-1.1718837022781372,-1.2031038999557495,-1.232699990272522,-1.2632194757461548,-1.3014642000198364,-1.3492258787155151
1.6180614233016968,1.553152084350586,1.4892051219940186,1.4207980632781982,1.3479536771774292,1.2748411893844604,1.199585199356079,1.1216392517089844,1.0482033491134644,0.9834292531013489,0.9260585904121399,0.8772528767585754,0.8381260633468628,0.8097739219665527,0.7975340485572815,0.8025779724121094,0.8154760003089905,0.825961709022522,0.8271670341491699,0.8132643699645996,0.785889744758606,0.7560773491859436,0.7337332367897034,0.7222633957862854,0.7214309573173523,0.7280076146125793,0.7368610501289368,0.7440107464790344,0.7487963438034058,0.7543799877166748,0.7607555389404297,0.7615208625793457,0.7519199252128601,0.7336891293525696,0.7085492014884949,0.6778364181518555,0.646223783493042,0.6160227656364441,0.5848419070243835,0.5502301454544067,0.5085512399673462,0.45456650853157043,0.3875730633735657
3.417073965072632,3.3490102291107178,3.2815065383911133,3.209423780441284,3.131129264831543,3.048516273498535,2.960886001586914,2.8698606491088867,2.782813549041748,2.7051541805267334,2.638627052307129,2.584548234939575,2.5424413681030273,2.5129921436309814,2.5002024173736572,2.502687454223633,2.5122153759002686,2.523322105407715,2.5323004722595215,2.5330264568328857,2.5258898735046387,2.5207066535949707,2.5242714881896973,2.5368096828460693,2.5579657554626465,2.586146354675293,2.6164934635162354,2.6457643508911133,2.6748032569885254,2.7047150135040283,2.7332324981689453,2.7556514739990234,2.7686760425567627,2.7714152336120605,2.7651002407073975,2.753122329711914,2.739206552505493,2.723609447479248,2.7036325931549072,2.676276206970215,2.6376419067382812,2.584174394607544,2.514951229095459
