earth/public/data/atmosphere/C53/ANN-rh-isobaric-10hPa-gfs-1.0.json
{"header": {"discipline": 0, "disciplineName": "Meteorological products", "gribEdition": 2, "gribLength": 17922.0, "center": 0, "centerName": "Kiel Climate Model", "subcenter": 0, "refTime": "1", "significanceOfRT": 1, "significanceOfRTName": "Start of forecast", "productStatus": 0, "productStatusName": "Operational products", "productType": 1, "productTypeName": "Forecast products", "productDefinitionTemplate": 0, "productDefinitionTemplateName": "Analysis/forecast at horizontal level/layer at a point in time", "parameterCategory": 2, "parameterCategoryName": "Momentum", "parameterNumber": 2, "parameterNumberName": "U-component_of_wind", "parameterUnit": "%", "genProcessType": 2, "genProcessTypeName": "Forecast", "forecastTime": 0, "surface1Type": 103, "surface1TypeName": "Specified height level above ground", "surface1Value": 10, "surface2Type": 255, "surface2TypeName": "Missing", "surface2Value": 0, "gridDefinitionTemplate": 0, "gridDefinitionTemplateName": "Latitude_Longitude", "numberPoints": 65160, "shape": 6, "shapeName": "Earth spherical with radius of 6,371,229.0 m", "gridUnits": "degrees", "resolution": 48, "winds": "true", "scanMode": 0, "nx": 128.0, "ny": 64.0, "basicAngle": 0, "subDivisions": 0, "lo1": 0.0, "la1": 87.86379883923263, "lo2": 357.1875, "la2": -87.86379883923263, "dx": 2.8125, "dy": 2.7893269472772264}, "data":
[rows 18 to 35 of 64, columns 0 to 40 of 128]
0.011862787418067455,0.011932912282645702,0.01200976874679327,0.012095244601368904,0.012191222049295902,0.012296135537326336,0.012407618574798107,0.012523562647402287,0.012639586813747883,0.012748079374432564,0.012842276133596897,0.012921609915792942,0.012989029288291931,0.013044037856161594,0.013083210214972496,0.013106572441756725,0.013118193484842777,0.013117892667651176,0.01309810671955347,0.013052335008978844,0.012978886254131794,0.012886421754956245,0.012790046632289886,0.0127043342217803,0.012622942216694355,0.012519928626716137,0.012374804355204105,0.012194624170660973,0.012007888406515121,0.011837729252874851,0.011688853614032269,0.011551441624760628,0.011400261893868446,0.011201662942767143,0.010948246344923973,0.010676411911845207,0.010432520881295204,0.010220898315310478,0.010007066652178764,0.009769369848072529,0.009523027576506138
0.010332329198718071,0.010397292673587799,0.010473405942320824,0.010553092695772648,0.010637245140969753,0.010731055401265621,0.01083205547183752,0.010929195210337639,0.011012963019311428,0.011082477867603302,0.011138549074530602,0.011181876063346863,0.011210915632545948,0.01122650783509016,0.011229350231587887,0.01122074481099844,0.011200589127838612,0.01116697583347559,0.011114261113107204,0.011041322723031044,0.010952889919281006,0.01085831318050623,0.010766668245196342,0.010677313432097435,0.010577049106359482,0.010446026921272278,0.010282299481332302,0.010110674425959587,0.009958961978554726,0.009830179624259472,0.009709048084914684,0.009580086916685104,0.00943066831678152,0.009246462024748325,0.009031341411173344,0.008816514164209366,0.008628587238490582,0.008456725627183914,0.008271822705864906,0.008071450516581535,0.007879801094532013
0.009053691290318966,0.009107472375035286,0.00917673110961914,0.009247403591871262,0.009315486997365952,0.009387445636093616,0.009465565904974937,0.009537138976156712,0.009589756838977337,0.009621973149478436,0.009640099480748177,0.009647388942539692,0.009642709977924824,0.00962427631020546,0.00959507655352354,0.009558715857565403,0.009517979808151722,0.009469560347497463,0.009407044388353825,0.00932779535651207,0.009240420535206795,0.009155549108982086,0.009071717038750648,0.008978113532066345,0.008864907547831535,0.008733898401260376,0.00859470758587122,0.008461736142635345,0.008341596461832523,0.008229397237300873,0.00811570230871439,0.007996175438165665,0.007862902246415615,0.007704824209213257,0.007529580499976873,0.007363792043179274,0.007221465930342674,0.007085462100803852,0.006939079612493515,0.0067924633622169495,0.00666054617613554
0.007885780185461044,0.00790936779230833,0.007949010469019413,0.00799868255853653,0.008052866905927658,0.008110037073493004,0.008167209103703499,0.008214486762881279,0.008241711184382439,0.008246666751801968,0.008233894594013691,0.008208822458982468,0.008174523711204529,0.00813320092856884,0.008087048307061195,0.008039752952754498,0.007992684841156006,0.007943235337734222,0.007883871905505657,0.007811214774847031,0.007731391116976738,0.007653148844838142,0.007575543597340584,0.007487853989005089,0.007386243902146816,0.007277773693203926,0.007169902790337801,0.0070649548433721066,0.006961755454540253,0.006860476918518543,0.006760730408132076,0.006658606231212616,0.006545335985720158,0.006415659096091986,0.006282963324338198,0.006169633008539677,0.006074478384107351,0.005975476466119289,0.0058662681840360165,0.005764680448919535,0.005676306784152985
0.006906730588525534,0.006908085197210312,0.0069201490841805935,0.0069475299678742886,0.00698856171220541,0.007034693378955126,0.007073964923620224,0.007095859386026859,0.007095664273947477,0.0070741125382483006,0.007035100366920233,0.006986709777265787,0.006937074474990368,0.006891422905027866,0.0068495795130729675,0.006807449273765087,0.006762986071407795,0.006714947056025267,0.00666297972202301,0.006606011651456356,0.00654246611520648,0.006474936380982399,0.006404553074389696,0.006328594405204058,0.0062475367449223995,0.00616240780800581,0.006073196418583393,0.005981970578432083,0.005895383656024933,0.005817355588078499,0.00573962414637208,0.0056523773819208145,0.005555841140449047,0.005460725165903568,0.005380737595260143,0.005320361815392971,0.005264937877655029,0.0051954942755401134,0.005117636173963547,0.005048558581620455,0.004988912492990494
0.006056564394384623,0.006044040434062481,0.006040206644684076,0.00605087261646986,0.006075738929212093,0.006107750348746777,0.006131957750767469,0.0061360192485153675,0.006117146462202072,0.006079629994928837,0.00602973997592926,0.005975608713924885,0.00592573918402195,0.005884275771677494,0.0058497479185462,0.00581740215420723,0.005784773267805576,0.005748651456087828,0.0057114893570542336,0.005674269050359726,0.005632244516164064,0.005582083016633987,0.0055236779153347015,0.005460701417177916,0.005397066008299589,0.0053330957889556885,0.0052649034187197685,0.0051936376839876175,0.005127348471432924,0.005067771766334772,0.005003293976187706,0.004928205627948046,0.00485749077051878,0.004806264769285917,0.004772883839905262,0.004743620287626982,0.004704626742750406,0.0046562207862734795,0.004610999953001738,0.004576289560645819,0.004541247617453337
0.005352000705897808,0.005319150164723396,0.0052987197414040565,0.005293326918035746,0.005301185417920351,0.005318126641213894,0.005334726069122553,0.005336244124919176,0.0053159091621637344,0.0052780210971832275,0.005230634938925505,0.005180295091122389,0.0051340642385184765,0.005095537286251783,0.005064464174211025,0.005042004399001598,0.0050253476947546005,0.005008362699300051,0.004987556487321854,0.004963001236319542,0.0049341050907969475,0.004899528808891773,0.004858477506786585,0.00481170229613781,0.004763038828969002,0.004717414267361164,0.004673846065998077,0.004627853631973267,0.004578649997711182,0.004527069628238678,0.0044722952879965305,0.0044185263104736805,0.004379699006676674,0.004361132625490427,0.004351412877440453,0.004334662575274706,0.004307256080210209,0.0042792316526174545,0.004261263180524111,0.004250520374625921,0.004235435742884874
0.004920718260109425,0.004871950950473547,0.004834470339119434,0.004815683700144291,0.004809804726392031,0.004815850872546434,0.0048299492336809635,0.00483592739328742,0.0048202527686953545,0.004786228761076927,0.004741954617202282,0.004693600349128246,0.004649779759347439,0.004616080783307552,0.004593372344970703,0.004579231608659029,0.004571177531033754,0.00456327386200428,0.004551797639578581,0.004535825923085213,0.004515328910201788,0.004491944797337055,0.004466603975743055,0.004435977898538113,0.004399609286338091,0.0043639373034238815,0.004334010183811188,0.0043056197464466095,0.004273286554962397,0.0042374408803880215,0.004203725606203079,0.004176363814622164,0.004159091040492058,0.004152143374085426,0.004152652341872454,0.004153804387897253,0.004150155000388622,0.004142884165048599,0.004136019852012396,0.00412988243624568,0.0041240546852350235
0.004671849776059389,0.004618372768163681,0.004567940719425678,0.004535719286650419,0.004519349429756403,0.004517941270023584,0.004531871993094683,0.004544886760413647,0.0045377942733466625,0.0045119719579815865,0.004474924877285957,0.00443151593208313,0.004387810826301575,0.004353669937700033,0.0043333410285413265,0.004322417546063662,0.004314701538532972,0.004308314062654972,0.004302993416786194,0.004297233186662197,0.004287383519113064,0.004271843936294317,0.004252641927450895,0.0042300745844841,0.004203311167657375,0.0041749132797122,0.004149959422647953,0.004131032153964043,0.004115705844014883,0.004101489204913378,0.004089522175490856,0.004081307910382748,0.004076926503330469,0.004080518614500761,0.004095126409083605,0.004114101640880108,0.004125621635466814,0.004126892425119877,0.004124877974390984,0.0041239457204937935,0.004124762956053019
0.004550142213702202,0.004496046341955662,0.004434133879840374,0.004388079512864351,0.004359934013336897,0.004353812430053949,0.004369797650724649,0.004391523078083992,0.004399241413921118,0.00438811257481575,0.004363503307104111,0.004327332600951195,0.0042814468033611774,0.0042347111739218235,0.004200323950499296,0.004183751530945301,0.004177888855338097,0.004174559842795134,0.00417051836848259,0.004165782127529383,0.004158227238804102,0.0041458699852228165,0.0041268328204751015,0.00410465057939291,0.004082654602825642,0.004060189239680767,0.00403798371553421,0.004022115375846624,0.004014421720057726,0.004010290838778019,0.00400695763528347,0.00400831364095211,0.004018895328044891,0.004041475243866444,0.004071460105478764,0.004095933865755796,0.0041054715402424335,0.004105953965336084,0.004110243171453476,0.004120596218854189,0.0041307429783046246
0.004602617118507624,0.004555400926619768,0.004492278676480055,0.0044389269314706326,0.004404935520142317,0.004394593182951212,0.0044097318314015865,0.0044376361183822155,0.004458035342395306,0.00445852754637599,0.004439542070031166,0.004405776970088482,0.00435825577005744,0.00430251331999898,0.004254106432199478,0.004226361867040396,0.004218239337205887,0.004215161316096783,0.004206316079944372,0.004190916195511818,0.004176285117864609,0.0041649229824543,0.00414985092356801,0.004127293825149536,0.0041007548570632935,0.00407447712495923,0.004049778450280428,0.004030837211757898,0.0040206010453403,0.004015472251921892,0.004013928584754467,0.004019408021122217,0.004038110375404358,0.004070174414664507,0.00410758052021265,0.004137755837291479,0.004153401590883732,0.004158261232078075,0.00416208803653717,0.004174055065959692,0.0041944109834730625
0.004681558348238468,0.00464989896863699,0.004600025713443756,0.004554045852273703,0.004521586466580629,0.004508717451244593,0.00451945373788476,0.00454836105927825,0.004576971288770437,0.004584639798849821,0.0045649041421711445,0.004527648910880089,0.004480889532715082,0.004428052809089422,0.004377247299998999,0.004339898005127907,0.004319791682064533,0.0043090819381177425,0.004296233411878347,0.004276519175618887,0.004256114829331636,0.004240835085511208,0.004226739052683115,0.004205053206533194,0.004174520727247,0.004142077639698982,0.0041139377281069756,0.00409149844199419,0.004075432196259499,0.004065329674631357,0.004061280749738216,0.004063847009092569,0.004078900441527367,0.004107851535081863,0.004145967774093151,0.004184141755104065,0.004214279353618622,0.004227666649967432,0.004227545112371445,0.004235616885125637,0.004267093725502491
0.0047013056464493275,0.004687800072133541,0.004660884849727154,0.0046323733404278755,0.004606322851032019,0.004593027755618095,0.004601123742759228,0.004629790782928467,0.0046602836810052395,0.004668357316404581,0.004646940156817436,0.004605874884873629,0.004556475207209587,0.004505235236138105,0.004457952920347452,0.004419698379933834,0.0043919808231294155,0.004372904077172279,0.004355800803750753,0.004334507510066032,0.004308226518332958,0.004282955080270767,0.0042612892575562,0.0042390115559101105,0.004210307262837887,0.004179749172180891,0.004154682625085115,0.004133722744882107,0.004113224800676107,0.004095431882888079,0.004081142600625753,0.004073495045304298,0.00408194912597537,0.004110444337129593,0.004148897714912891,0.004186169244349003,0.00421711103990674,0.004233951214700937,0.004237714223563671,0.0042491029016673565,0.004283847752958536
0.004721892531961203,0.004729233682155609,0.0047293780371546745,0.004721863195300102,0.004707755986601114,0.004697607364505529,0.00470441859215498,0.0047276923432946205,0.004747362807393074,0.004743770696222782,0.00471649132668972,0.004675699397921562,0.004628368653357029,0.004580097738653421,0.004538106732070446,0.0045064655132591724,0.004482903052121401,0.004460163414478302,0.004432786721736193,0.004401231184601784,0.004368869122117758,0.0043387687765061855,0.004312780220061541,0.0042884936556220055,0.004261075984686613,0.004233468323945999,0.0042122541926801205,0.004194827750325203,0.0041757128201425076,0.004155597649514675,0.004133900627493858,0.0041147819720208645,0.004115667659789324,0.004143258556723595,0.0041806320659816265,0.004212844185531139,0.004240133799612522,0.004261740017682314,0.0042758542113006115,0.004289564676582813,0.004310006275773048
0.004671746399253607,0.004693414084613323,0.004712228663265705,0.004723262041807175,0.004726801533252001,0.004725609440356493,0.004728009458631277,0.004735990893095732,0.00473773293197155,0.004720463417470455,0.0046894364058971405,0.0046558259055018425,0.004622004460543394,0.004586492665112019,0.004550257232040167,0.004519029054790735,0.004496001172810793,0.0044732773676514626,0.00443991320207715,0.004400600213557482,0.004367419518530369,0.004342226777225733,0.0043207802809774876,0.004298294894397259,0.004270954057574272,0.004244745243340731,0.0042263781651854515,0.004212832078337669,0.004199072252959013,0.004184752237051725,0.004165890160948038,0.004144488833844662,0.004137079697102308,0.004153741057962179,0.004183466080576181,0.004215218126773834,0.004248564597219229,0.004279185552150011,0.0043000029399991035,0.004313318524509668,0.0043231467716395855
0.004566089250147343,0.004587277304381132,0.004609161056578159,0.004630126059055328,0.004652831237763166,0.00466533238068223,0.004660106264054775,0.004647032357752323,0.004630689509212971,0.004607351962476969,0.004579890985041857,0.004554194398224354,0.004531546030193567,0.004506019409745932,0.004471905063837767,0.004433958325535059,0.0044045476242899895,0.004382266663014889,0.004352558869868517,0.0043161483481526375,0.004285234957933426,0.004263310227543116,0.004245995543897152,0.004228848498314619,0.004209613427519798,0.004192306660115719,0.004181845113635063,0.0041736760176718235,0.004164127167314291,0.004152626730501652,0.004137475974857807,0.00412086071446538,0.004114524926990271,0.004125513602048159,0.004148028325289488,0.004177862778306007,0.0042124586179852486,0.004242684692144394,0.00426453398540616,0.004282522946596146,0.004299046937376261
0.004538077861070633,0.004554263316094875,0.004573233891278505,0.004593455698341131,0.004624633584171534,0.004648910835385323,0.00464172987267375,0.004609834868460894,0.00457399245351553,0.004543332848697901,0.004519727546721697,0.004500130657106638,0.004480329807847738,0.004455097950994968,0.004422875586897135,0.004388142377138138,0.004360117483884096,0.004336087498813868,0.004305646289139986,0.004273263271898031,0.004247658886015415,0.0042310054413974285,0.004219047725200653,0.0042090946808457375,0.00419828062877059,0.004189270082861185,0.004186558537185192,0.0041867769323289394,0.00418386934325099,0.004175391048192978,0.004160255193710327,0.004147212021052837,0.00414672726765275,0.004161247983574867,0.004183356650173664,0.004209019709378481,0.004235412925481796,0.004257978871464729,0.004276491701602936,0.004294619429856539,0.004311628174036741
0.00454394705593586,0.004557047504931688,0.004571882542222738,0.0045836190693080425,0.004607072565704584,0.0046313172206282616,0.004627300426363945,0.0045914314687252045,0.004543990828096867,0.004504964221268892,0.004482794553041458,0.004471900872886181,0.004459172487258911,0.004438269883394241,0.004412219859659672,0.004386951681226492,0.004364097490906715,0.004334021359682083,0.0042961277067661285,0.004265064373612404,0.004252298269420862,0.004250729456543922,0.004250160418450832,0.00424552196636796,0.004234987776726484,0.004223900381475687,0.004219949711114168,0.004224830307066441,0.004231797065585852,0.00423267250880599,0.0042251721024513245,0.004215146414935589,0.004214180633425713,0.004225010052323341,0.004244309850037098,0.004267259035259485,0.0042900266125798225,0.004308495204895735,0.00432175537571311,0.004329429939389229,0.00433177687227726
