earth/public/data/atmosphere/C53/ANN-temp-isobaric-700hPa-gfs-1.0.json
{"header": {"discipline": 0, "disciplineName": "Meteorological products", "gribEdition": 2, "gribLength": 17922.0, "center": 0, "centerName": "Kiel Climate Model", "subcenter": 0, "refTime": "1", "significanceOfRT": 1, "significanceOfRTName": "Start of forecast", "productStatus": 0, "productStatusName": "Operational products", "productType": 1, "productTypeName": "Forecast products", "productDefinitionTemplate": 0, "productDefinitionTemplateName": "Analysis/forecast at horizontal level/layer at a point in time", "parameterCategory": 2, "parameterCategoryName": "Momentum", "parameterNumber": 2, "parameterNumberName": "U-component_of_wind", "parameterUnit": "K", "genProcessType": 2, "genProcessTypeName": "Forecast", "forecastTime": 0, "surface1Type": 103, "surface1TypeName": "Specified height level above ground", "surface1Value": 10, "surface2Type": 255, "surface2TypeName": "Missing", "surface2Value": 0, "gridDefinitionTemplate": 0, "gridDefinitionTemplateName": "Latitude_Longitude", "numberPoints": 65160, "shape": 6, "shapeName": "Earth spherical with radius of 6,371,229.0 m", "gridUnits": "degrees", "resolution": 48, "winds": "true", "scanMode": 0, "nx": 128.0, "ny": 64.0, "basicAngle": 0, "subDivisions": 0, "lo1": 0.0, "la1": 87.86379883923263, "lo2": 357.1875, "la2": -87.86379883923263, "dx": 2.8125, "dy": 2.7893269472772264}, "data":
[rows 0 to 19 of 64, columns 0 to 43 of 128]
264.3851318359375,264.390869140625,264.3967590332031,264.40277099609375,264.40887451171875,264.41510009765625,264.42138671875,264.4277648925781,264.4342041015625,264.440673828125,264.4471435546875,264.45361328125,264.4601135253906,264.4665222167969,264.472900390625,264.4792175292969,264.4853820800781,264.4914855957031,264.4974060058594,264.503173828125,264.5087585449219,264.5141296386719,264.5192565917969,264.52410888671875,264.5287170410156,264.5329895019531,264.5369567871094,264.54058837890625,264.5438232421875,264.546630859375,264.549072265625,264.551025390625,264.55255126953125,264.5535888671875,264.5541076660156,264.5541687011719,264.5537109375,264.5527038574219,264.5511474609375,264.549072265625,264.5464782714844,264.5433349609375,264.5396423339844,264.5354309082031
264.3946838378906,264.4062194824219,264.4183654785156,264.4310302734375,264.4442138671875,264.45770263671875,264.4715270996094,264.48553466796875,264.4996643066406,264.5138244628906,264.5279541015625,264.5420227050781,264.55596923828125,264.5697937011719,264.58349609375,264.5970153808594,264.6103820800781,264.6236267089844,264.63671875,264.64971923828125,264.6625671386719,264.6752624511719,264.68780517578125,264.70013427734375,264.7121887207031,264.7239074707031,264.7351989746094,264.7459411621094,264.7560729980469,264.7654113769531,264.77386474609375,264.7812805175781,264.7875671386719,264.7926025390625,264.79632568359375,264.7985534667969,264.79931640625,264.79852294921875,264.7961730957031,264.7922668457031,264.7867736816406,264.77978515625,264.7713317871094,264.7614440917969
264.4915466308594,264.50909423828125,264.52777099609375,264.5473327636719,264.5675964355469,264.5882263183594,264.6091003417969,264.6299743652344,264.6506652832031,264.6710510253906,264.6910095214844,264.7105407714844,264.7296142578125,264.748291015625,264.7666015625,264.78466796875,264.8026123046875,264.820556640625,264.83868408203125,264.85699462890625,264.8757019042969,264.8948059082031,264.9142761230469,264.9341125488281,264.9541320800781,264.97418212890625,264.99395751953125,265.0130920410156,265.03118896484375,265.0478515625,265.0625305175781,265.0748291015625,265.0843200683594,265.09063720703125,265.0935363769531,265.0928955078125,265.08868408203125,265.0810852050781,265.0702209472656,265.05645751953125,265.04022216796875,265.0218505859375,265.001708984375,264.9801025390625
264.6443786621094,264.6632385253906,264.68328857421875,264.7043762207031,264.7263488769531,264.74908447265625,264.7724914550781,264.79656982421875,264.8212890625,264.8466796875,264.87274169921875,264.8994445800781,264.9267883300781,264.9546813964844,264.9830627441406,265.01190185546875,265.0411071777344,265.0706787109375,265.10064697265625,265.1309814453125,265.1617431640625,265.1929626464844,265.22467041015625,265.2568664550781,265.2894287109375,265.32208251953125,265.35455322265625,265.3861999511719,265.416259765625,265.44378662109375,265.4676513671875,265.4866943359375,265.4997253417969,265.5057067871094,265.5038757324219,265.4938659667969,265.4757995605469,265.45037841796875,265.41876220703125,265.38262939453125,265.3439025878906,265.3045349121094,265.2662658691406,265.23040771484375
264.83746337890625,264.8558044433594,264.8750305175781,264.8951416015625,264.916259765625,264.9385986328125,264.9624938964844,264.98834228515625,265.01654052734375,265.04736328125,265.0810241699219,265.117431640625,265.1564025878906,265.197509765625,265.240234375,265.2840881347656,265.3285217285156,265.373046875,265.41729736328125,265.4609375,265.50372314453125,265.5455322265625,265.58636474609375,265.6264953613281,265.6661376953125,265.7056579589844,265.7452392578125,265.7848815917969,265.8241271972656,265.86212158203125,265.8974304199219,265.9281005859375,265.9517822265625,265.9660949707031,265.9685974121094,265.9574279785156,265.9316711425781,265.8916931152344,265.8393859863281,265.7781982421875,265.71295166015625,265.6490478515625,265.5919189453125,265.5457763671875
265.1256408691406,265.1456298828125,265.16802978515625,265.1924133300781,265.2181396484375,265.2446594238281,265.27178955078125,265.300048828125,265.3302917480469,265.363525390625,265.4003601074219,265.44097900390625,265.4849853515625,265.53155517578125,265.5799560546875,265.6297607421875,265.6806945800781,265.7328186035156,265.7858581542969,265.8392639160156,265.8919677734375,265.9427795410156,265.9906311035156,266.0350646972656,266.0762023925781,266.1149597167969,266.1524658203125,266.18988037109375,266.2279968261719,266.2668762207031,266.30596923828125,266.343994140625,266.3786926269531,266.4072265625,266.4259033203125,266.4306945800781,266.41790771484375,266.3850402832031,266.3319091796875,266.2614440917969,266.1798095703125,266.0957946777344,266.0191955566406,265.9590148925781
265.47406005859375,265.4916687011719,265.51617431640625,265.5452575683594,265.57562255859375,265.604248046875,265.6298522949219,265.653564453125,265.6783447265625,265.7076416015625,265.7435607910156,265.78607177734375,265.8330078125,265.8814392089844,265.9293212890625,265.9766845703125,266.0257568359375,266.0797119140625,266.1410827636719,266.2102355957031,266.2847900390625,266.3605651855469,266.43292236328125,266.49835205078125,266.5555114746094,266.6050720214844,266.64886474609375,266.6888427734375,266.7263488769531,266.761962890625,266.79583740234375,266.82806396484375,266.8588562011719,266.88787841796875,266.91351318359375,266.9323425292969,266.93939208984375,266.9292297363281,266.8979187011719,266.8450012207031,266.7745056152344,266.6947326660156,266.6162109375,266.5490417480469
265.86480712890625,265.87347412109375,265.89166259765625,265.91632080078125,265.9419250488281,265.96356201171875,265.9798278808594,265.99420166015625,266.0137939453125,266.0457458496094,266.0937805175781,266.1553955078125,266.2227783203125,266.2862243652344,266.3388671875,266.38037109375,266.4171447753906,266.45953369140625,266.5171203613281,266.59442138671875,266.6893310546875,266.79437255859375,266.90008544921875,266.9985046386719,267.0853271484375,267.1600341796875,267.22442626953125,267.28057861328125,267.32952880859375,267.37115478515625,267.4048767089844,267.4311218261719,267.4514465332031,267.4681396484375,267.48272705078125,267.4945373535156,267.500732421875,267.4970703125,267.48040771484375,267.4503479003906,267.4102478027344,267.3658752441406,267.32305908203125,267.2848205566406
266.3689270019531,266.36224365234375,266.3640441894531,266.3750305175781,266.392578125,266.4131164550781,266.4346923828125,266.4591369628906,266.49212646484375,266.54071044921875,266.60888671875,266.69366455078125,266.78424072265625,266.8659362792969,266.9269714355469,266.9645690917969,266.98651123046875,267.0078125,267.0438537597656,267.1045227050781,267.1917724609375,267.3004455566406,267.4212646484375,267.54388427734375,267.6593017578125,267.76129150390625,267.846923828125,267.9166259765625,267.9727478027344,268.018310546875,268.05548095703125,268.08551025390625,268.1087646484375,268.12493896484375,268.1332092285156,268.13201904296875,268.1199035644531,268.0969543457031,268.0662841796875,268.0341491699219,268.0080261230469,267.9929504394531,267.98828125,267.986083984375
266.99578857421875,266.96832275390625,266.9460754394531,266.93798828125,266.9523620605469,266.9920349121094,267.0510559082031,267.1168518066406,267.177734375,267.23040771484375,267.2812805175781,267.3399658203125,267.4106140136719,267.48797607421875,267.5612487792969,267.6219787597656,267.6687927246094,267.7069091796875,267.7442626953125,267.78900146484375,267.8492431640625,267.932861328125,268.04400634765625,268.17791748046875,268.3195495605469,268.4482727050781,268.5476989746094,268.6134338378906,268.6537780761719,268.6829833984375,268.7123718261719,268.7456970214844,268.7795104980469,268.807373046875,268.8235168457031,268.82427978515625,268.808837890625,268.77960205078125,268.7423400878906,268.7045593261719,268.67236328125,268.6468505859375,268.6226806640625,268.5897216796875
267.7554931640625,267.71844482421875,267.6772155761719,267.6491394042969,267.65948486328125,267.72357177734375,267.83038330078125,267.943115234375,268.02056884765625,268.04486083984375,268.0330810546875,268.0234375,268.04852294921875,268.11669921875,268.2149353027344,268.3238220214844,268.4290466308594,268.5213317871094,268.5927734375,268.63958740234375,268.6707458496094,268.71044921875,268.7862243652344,268.90869140625,269.0601806640625,269.2035827636719,269.3062438964844,269.35986328125,269.381591796875,269.39752197265625,269.4238586425781,269.4598388671875,269.4953918457031,269.5220947265625,269.538818359375,269.54876708984375,269.5544738769531,269.555419921875,269.5486145019531,269.5292663574219,269.490234375,269.42340087890625,269.3245544433594,269.19866943359375
268.7029724121094,268.6790466308594,268.642333984375,268.6134338378906,268.6269226074219,268.70654296875,268.83770751953125,268.96551513671875,269.0295715332031,269.01123046875,268.95135498046875,268.9188537597656,268.95758056640625,269.0593566894531,269.1839294433594,269.2994079589844,269.4014587402344,269.4972229003906,269.58099365234375,269.6334228515625,269.64599609375,269.6412353515625,269.6624450683594,269.73980712890625,269.8645935058594,269.99603271484375,270.0943603515625,270.1493835449219,270.1802673339844,270.21160888671875,270.2508239746094,270.2879943847656,270.3132019042969,270.32965087890625,270.3494873046875,270.3793029785156,270.41229248046875,270.43438720703125,270.4336853027344,270.40277099609375,270.3341064453125,270.22015380859375,270.0634460449219,269.888427734375
269.81207275390625,269.8040771484375,269.8024597167969,269.81854248046875,269.8688049316406,269.96533203125,270.0914611816406,270.19427490234375,270.2193603515625,270.1659240722656,270.1026306152344,270.1153564453125,270.2298889160156,270.3883972167969,270.5055847167969,270.54766845703125,270.5537414550781,270.5838317871094,270.6539306640625,270.7253112792969,270.7509460449219,270.7262878417969,270.6940612792969,270.7050476074219,270.7762451171875,270.88323974609375,270.9876708984375,271.06829833984375,271.1271667480469,271.1719970703125,271.20166015625,271.2137756347656,271.2219543457031,271.2530822753906,271.3201599121094,271.3996276855469,271.44390869140625,271.4196472167969,271.33294677734375,271.2169494628906,271.09820556640625,270.9799499511719,270.85760498046875,270.7469177246094
271.10943603515625,271.1090393066406,271.15716552734375,271.2424621582031,271.3417663574219,271.4451599121094,271.5455627441406,271.6152038574219,271.6184997558594,271.5621032714844,271.51666259765625,271.5626220703125,271.70458984375,271.85382080078125,271.909423828125,271.85693359375,271.7786560058594,271.7686462402344,271.84539794921875,271.94573974609375,271.9915771484375,271.9555969238281,271.8755187988281,271.81915283203125,271.83551025390625,271.9256591796875,272.050048828125,272.1623840332031,272.2376708984375,272.272216796875,272.2710876464844,272.25054931640625,272.24822998046875,272.3047180175781,272.416748046875,272.51580810546875,272.5150146484375,272.3873291015625,272.1922302246094,272.0231628417969,271.9322509765625,271.9053955078125,271.8993225097656,271.89385986328125
272.72503662109375,272.7442932128906,272.8240966796875,272.93536376953125,273.0316162109375,273.1006774902344,273.163330078125,273.2262878417969,273.26348876953125,273.25823974609375,273.24407958984375,273.2749938964844,273.3522644042969,273.4075927734375,273.37713623046875,273.28033447265625,273.2047119140625,273.214599609375,273.2919006347656,273.3653564453125,273.37664794921875,273.3140869140625,273.20947265625,273.1231689453125,273.1153869628906,273.2013854980469,273.3326416015625,273.44085693359375,273.4997253417969,273.5286560058594,273.54412841796875,273.5415344238281,273.5290222167969,273.5397644042969,273.5801086425781,273.59033203125,273.49908447265625,273.3178405761719,273.14898681640625,273.08929443359375,273.1435852050781,273.2381286621094,273.29852294921875,273.30218505859375
274.5940856933594,274.6444091796875,274.7205810546875,274.7995910644531,274.8495788574219,274.8764953613281,274.9186096191406,274.9935302734375,275.0718994140625,275.1156311035156,275.1266174316406,275.1347351074219,275.14312744140625,275.1157531738281,275.0350646972656,274.94647216796875,274.9136047363281,274.9386901855469,274.9604187011719,274.9328308105469,274.8700866699219,274.8050231933594,274.7472229003906,274.70892333984375,274.72998046875,274.8266906738281,274.93975830078125,274.9925537109375,274.9937744140625,275.0200500488281,275.09027099609375,275.1243591308594,275.0575866699219,274.93389892578125,274.835693359375,274.770263671875,274.6944580078125,274.6249694824219,274.6425476074219,274.7754211425781,274.9402160644531,275.0262756347656,274.99932861328125,274.9000244140625
276.5018615722656,276.56976318359375,276.6311950683594,276.6772155761719,276.7066345214844,276.7409973144531,276.8018493652344,276.8785095214844,276.93353271484375,276.9447937011719,276.9311828613281,276.92486572265625,276.9226379394531,276.8877868652344,276.8099365234375,276.73809814453125,276.7200927734375,276.7240295410156,276.6710510253906,276.55206298828125,276.4544982910156,276.44598388671875,276.4909973144531,276.52899169921875,276.57513427734375,276.6672668457031,276.7577209472656,276.7641296386719,276.715576171875,276.7298889160156,276.8199462890625,276.8399658203125,276.690673828125,276.4803771972656,276.3914794921875,276.45849609375,276.58233642578125,276.7103576660156,276.8739929199219,277.05682373046875,277.1509704589844,277.0859680175781,276.9170837402344,276.74163818359375
278.3771667480469,278.45654296875,278.5263977050781,278.56658935546875,278.59234619140625,278.6400451660156,278.7157287597656,278.7782897949219,278.7831115722656,278.73272705078125,278.67510986328125,278.65350341796875,278.6611328125,278.6495361328125,278.5902404785156,278.5168762207031,278.4766540527344,278.4462890625,278.3554992675781,278.21478271484375,278.14398193359375,278.21661376953125,278.3423767089844,278.3888244628906,278.3669128417969,278.38714599609375,278.4668884277344,278.5173645019531,278.52142333984375,278.57012939453125,278.67376708984375,278.6930847167969,278.5604248046875,278.44287109375,278.54718017578125,278.8450622558594,279.13226318359375,279.29779052734375,279.38433837890625,279.41748046875,279.34234619140625,279.15283203125,278.9479064941406,278.8029479980469
280.1838684082031,280.2745361328125,280.3636169433594,280.40362548828125,280.40185546875,280.4083251953125,280.44842529296875,280.4912109375,280.49249267578125,280.4489440917969,280.3961181640625,280.3674621582031,280.3660583496094,280.3629455566406,280.3255615234375,280.25958251953125,280.2007141113281,280.1480712890625,280.058349609375,279.948974609375,279.9347839355469,280.07452392578125,280.23883056640625,280.24847412109375,280.12054443359375,280.04998779296875,280.1445007324219,280.3126220703125,280.4467468261719,280.5687255859375,280.7149658203125,280.8214111328125,280.8537292480469,280.9374084472656,281.1980895996094,281.54400634765625,281.76171875,281.7787170410156,281.6895751953125,281.5673828125,281.3995361328125,281.1971435546875,281.02703857421875,280.90625
281.81488037109375,281.8711242675781,281.9383544921875,281.9736328125,281.9600830078125,281.93048095703125,281.9307861328125,281.9622802734375,281.98870849609375,281.9908142089844,281.9773864746094,281.9600524902344,281.9501647949219,281.9555358886719,281.9609375,281.94390869140625,281.90948486328125,281.8693542480469,281.8147277832031,281.76800537109375,281.81317138671875,281.9847412109375,282.1629638671875,282.1899108886719,282.0865173339844,282.04937744140625,282.2027893066406,282.4499206542969,282.6309509277344,282.7364501953125,282.8655700683594,283.0491638183594,283.24615478515625,283.4591369628906,283.7082824707031,283.9246826171875,284.004638671875,283.9462890625,283.82763671875,283.6882629394531,283.5212707519531,283.3353271484375,283.14593505859375,282.9385681152344
