earth/public/data/atmosphere/C53/ANN-wind-isobaric-250hPa-gfs-1.0.json
{"header": {"discipline": 0, "disciplineName": "Meteorological products", "gribEdition": 2, "gribLength": 17922.0, "center": 0, "centerName": "Kiel Climate Model", "subcenter": 0, "refTime": "1", "significanceOfRT": 1, "significanceOfRTName": "Start of forecast", "productStatus": 0, "productStatusName": "Operational products", "productType": 1, "productTypeName": "Forecast products", "productDefinitionTemplate": 0, "productDefinitionTemplateName": "Analysis/forecast at horizontal level/layer at a point in time", "parameterCategory": 2, "parameterCategoryName": "Momentum", "parameterNumber": 2, "parameterNumberName": "V-component_of_wind", "parameterUnit": "m/s", "genProcessType": 2, "genProcessTypeName": "Forecast", "forecastTime": 0, "surface1Type": 103, "surface1TypeName": "Specified height level above ground", "surface1Value": 10, "surface2Type": 255, "surface2TypeName": "Missing", "surface2Value": 0, "gridDefinitionTemplate": 0, "gridDefinitionTemplateName": "Latitude_Longitude", "numberPoints": 65160, "shape": 6, "shapeName": "Earth spherical with radius of 6,371,229.0 m", "gridUnits": "degrees", "resolution": 48, "winds": "true", "scanMode": 0, "nx": 128.0, "ny": 64.0, "basicAngle": 0, "subDivisions": 0, "lo1": 0.0, "la1": 87.86379883923263, "lo2": 357.1875, "la2": -87.86379883923263, "dx": 2.8125, "dy": 2.7893269472772264}, "data":
[rows 38 to 56 of 64, columns 42 to 83 of 128]
-0.05425836145877838,0.12649177014827728,0.2812272906303406,0.41338038444519043,0.529133141040802,0.6250991225242615,0.6947683095932007,0.7384662628173828,0.7643300890922546,0.7764250040054321,0.7636395692825317,0.7184998393058777,0.663496732711792,0.6301174759864807,0.6210187077522278,0.6231913566589355,0.6376888751983643,0.6673544049263,0.7022892832756042,0.7378825545310974,0.7811338901519775,0.8329238891601562,0.8872209191322327,0.9406623244285583,0.9868262410163879,1.018430233001709,1.041973352432251,1.0655229091644287,1.0761672258377075,1.0592014789581299,1.0260958671569824,0.9954946637153625,0.9716465473175049,0.9627220034599304,0.9831203818321228,1.025902509689331,1.0769010782241821,1.1502466201782227,1.2617077827453613,1.3889708518981934,1.5039225816726685,1.6111869812011719
0.13453742861747742,0.3270178735256195,0.5005263686180115,0.653422474861145,0.7825995683670044,0.8844631314277649,0.9499799013137817,0.973476231098175,0.9680398106575012,0.9492893815040588,0.9070827960968018,0.8259479403495789,0.7250919938087463,0.639484703540802,0.5751408338546753,0.5184985995292664,0.4686849117279053,0.4320317208766937,0.4082249402999878,0.3980904519557953,0.40181764960289,0.4093438982963562,0.41397324204444885,0.42282113432884216,0.43785083293914795,0.4490973651409149,0.455987811088562,0.46591436862945557,0.46997421979904175,0.4530630111694336,0.42248907685279846,0.39749619364738464,0.38651496171951294,0.39632025361061096,0.43540817499160767,0.4959198832511902,0.5684599280357361,0.6707555055618286,0.8174882531166077,0.9796859622001648,1.1218897104263306,1.2504106760025024
0.4022845923900604,0.60970139503479,0.8058968782424927,0.9807320833206177,1.1208415031433105,1.2230859994888306,1.2832825183868408,1.2944473028182983,1.264945387840271,1.2105199098587036,1.1282259225845337,1.0108880996704102,0.8779470324516296,0.7557988166809082,0.6426746249198914,0.5264126062393188,0.41520044207572937,0.3229614794254303,0.24805240333080292,0.1843544840812683,0.13096687197685242,0.08452397584915161,0.04318183287978172,0.013380596414208412,-0.005065862089395523,-0.02693476714193821,-0.059984683990478516,-0.09535232186317444,-0.12884902954101562,-0.16844476759433746,-0.21499566733837128,-0.25688856840133667,-0.2815166413784027,-0.2769351601600647,-0.2361573576927185,-0.16837884485721588,-0.08295974135398865,0.03463608771562576,0.19671840965747833,0.37656906247138977,0.5385469794273376,0.6858596801757812
0.758980393409729,0.9750136733055115,1.1827008724212646,1.3698855638504028,1.5155320167541504,1.611790657043457,1.6601388454437256,1.660601258277893,1.6165508031845093,1.5333619117736816,1.4099212884902954,1.2512905597686768,1.0812699794769287,0.9189813733100891,0.7576091289520264,0.5893657207489014,0.4296230673789978,0.29382309317588806,0.17464792728424072,0.061142224818468094,-0.04153192415833473,-0.12613172829151154,-0.19595269858837128,-0.2560867667198181,-0.30974969267845154,-0.36516067385673523,-0.4299354553222656,-0.5005378723144531,-0.5687112808227539,-0.632820188999176,-0.6955667734146118,-0.7564869523048401,-0.8080565929412842,-0.8347301483154297,-0.8235076069831848,-0.7779344916343689,-0.706597626209259,-0.6012591123580933,-0.4517447352409363,-0.2758582830429077,-0.10386672616004944,0.05838404968380928
1.1176058053970337,1.3331466913223267,1.536910891532898,1.7205734252929688,1.863235354423523,1.9514254331588745,1.9863386154174805,1.973853349685669,1.9171029329299927,1.814659833908081,1.6634151935577393,1.4704254865646362,1.25714111328125,1.042004108428955,0.8275669813156128,0.6149340867996216,0.4161396026611328,0.23965683579444885,0.07981450110673904,-0.06710993498563766,-0.1921168565750122,-0.2903301417827606,-0.37217462062835693,-0.44833633303642273,-0.5182130336761475,-0.5811594128608704,-0.6451513171195984,-0.7163622379302979,-0.7900825142860413,-0.8584246039390564,-0.9214218258857727,-0.9860031604766846,-1.0537456274032593,-1.1123030185699463,-1.1442097425460815,-1.1431808471679688,-1.1120067834854126,-1.0471762418746948,-0.9417400360107422,-0.8025424480438232,-0.6484561562538147,-0.49250727891921997
1.354407787322998,1.5595791339874268,1.751096248626709,1.92161226272583,2.056037664413452,2.1410224437713623,2.172034740447998,2.149507761001587,2.074578046798706,1.949457049369812,1.777032494544983,1.561558485031128,1.3128154277801514,1.0474125146865845,0.7832595109939575,0.5332697033882141,0.30327948927879333,0.09437669068574905,-0.09164099395275116,-0.24919024109840393,-0.3746349513530731,-0.4732142686843872,-0.5537874102592468,-0.6180600523948669,-0.6634998917579651,-0.6961008310317993,-0.7298544645309448,-0.7716043591499329,-0.8159500360488892,-0.8572476506233215,-0.899791419506073,-0.9525845646858215,-1.0177967548370361,-1.0861915349960327,-1.1431589126586914,-1.1788475513458252,-1.1912070512771606,-1.179503321647644,-1.1395751237869263,-1.0680922269821167,-0.9692530632019043,-0.8549480438232422
1.3931543827056885,1.581477165222168,1.7586556673049927,1.912606120109558,2.033449172973633,2.113347053527832,2.1436619758605957,2.113393783569336,2.017235040664673,1.8645548820495605,1.6716816425323486,1.4451544284820557,1.183205008506775,0.8943768739700317,0.602946400642395,0.3306185305118561,0.0836324617266655,-0.1368873566389084,-0.32272759079933167,-0.46721142530441284,-0.5775504112243652,-0.6653714776039124,-0.7282038927078247,-0.7542483806610107,-0.7461425065994263,-0.7263197302818298,-0.7135416269302368,-0.7055700421333313,-0.6931526064872742,-0.6809787154197693,-0.6842440962791443,-0.7104373574256897,-0.7545401453971863,-0.8081088662147522,-0.8641047477722168,-0.9158023595809937,-0.9587855339050293,-0.991832435131073,-1.0110065937042236,-1.0074564218521118,-0.9776453971862793,-0.9300556778907776
1.2147080898284912,1.378747582435608,1.5322481393814087,1.6603622436523438,1.7571303844451904,1.8204482793807983,1.8416516780853271,1.803314447402954,1.6949321031570435,1.52865731716156,1.3293044567108154,1.1079941987991333,0.857960045337677,0.5787506699562073,0.29007044434547424,0.015832170844078064,-0.23182326555252075,-0.4447486698627472,-0.6105881333351135,-0.7258939146995544,-0.8055238127708435,-0.8628051280975342,-0.8878417015075684,-0.8626529574394226,-0.7937353253364563,-0.7111435532569885,-0.6349307894706726,-0.5603342056274414,-0.4806670546531677,-0.4075438678264618,-0.358251690864563,-0.33632299304008484,-0.335620254278183,-0.35424065589904785,-0.39260655641555786,-0.44465428590774536,-0.5016677975654602,-0.5593985319137573,-0.6133898496627808,-0.6551470160484314,-0.6819882392883301,-0.7015634775161743
0.8267170190811157,0.9545268416404724,1.0676683187484741,1.1564005613327026,1.2209298610687256,1.2615153789520264,1.268467664718628,1.2235901355743408,1.1165635585784912,0.9588753581047058,0.7740340828895569,0.57321697473526,0.34976670145988464,0.09984014928340912,-0.16269445419311523,-0.4159124195575714,-0.6433367729187012,-0.8316041231155396,-0.9671111702919006,-1.047286868095398,-1.0861144065856934,-1.0956623554229736,-1.0673480033874512,-0.9849199652671814,-0.8523322939872742,-0.6955000162124634,-0.5376022458076477,-0.38568294048309326,-0.2416466623544693,-0.11207026243209839,-0.0022523447405546904,0.08703131228685379,0.15100999176502228,0.1791689693927765,0.16886377334594727,0.13189703226089478,0.08123581111431122,0.019979912787675858,-0.05064284801483154,-0.12338657677173615,-0.19340834021568298,-0.26321670413017273
0.2598572373390198,0.34018662571907043,0.402176171541214,0.44452905654907227,0.47495102882385254,0.49375027418136597,0.48768478631973267,0.4386206567287445,0.3392705023288727,0.20045863091945648,0.04014859348535538,-0.13388462364673615,-0.32584670186042786,-0.5365598201751709,-0.7530161142349243,-0.956145167350769,-1.131872296333313,-1.2702553272247314,-1.361689567565918,-1.4017161130905151,-1.3957163095474243,-1.3499926328659058,-1.2601816654205322,-1.1163684129714966,-0.9201120734214783,-0.6905941963195801,-0.45375603437423706,-0.2288280725479126,-0.023435810580849648,0.16477911174297333,0.34079715609550476,0.500282883644104,0.6250767707824707,0.6979852914810181,0.7216477990150452,0.7149963974952698,0.6902012825012207,0.6432161927223206,0.5692562460899353,0.4763564467430115,0.37781986594200134,0.28132736682891846
-0.3964328467845917,-0.3780687749385834,-0.3749295473098755,-0.38257357478141785,-0.38856685161590576,-0.39238274097442627,-0.40953201055526733,-0.45852839946746826,-0.5457063317298889,-0.6624096035957336,-0.7959561347961426,-0.9409327507019043,-1.0976911783218384,-1.2613447904586792,-1.4174652099609375,-1.5505167245864868,-1.652953028678894,-1.7230596542358398,-1.757004976272583,-1.7475863695144653,-1.6896922588348389,-1.5824047327041626,-1.4257770776748657,-1.2197965383529663,-0.9691765904426575,-0.688073456287384,-0.39737847447395325,-0.1156407967209816,0.14960414171218872,0.4014439582824707,0.6416923403739929,0.8583718538284302,1.0287907123565674,1.1393886804580688,1.1990904808044434,1.2276782989501953,1.233216404914856,1.2080786228179932,1.146807312965393,1.0588678121566772,0.9609538316726685,0.8639207482337952
-1.0019301176071167,-1.0639804601669312,-1.1309789419174194,-1.1938385963439941,-1.2396876811981201,-1.268676519393921,-1.2965577840805054,-1.3420085906982422,-1.4131758213043213,-1.5056668519973755,-1.611066460609436,-1.724466323852539,-1.8426474332809448,-1.9575650691986084,-2.055490732192993,-2.124516248703003,-2.161135673522949,-2.167163848876953,-2.1407787799835205,-2.0732789039611816,-1.954772710800171,-1.7820063829421997,-1.5598286390304565,-1.2971773147583008,-1.0033735036849976,-0.6882030963897705,-0.36306899785995483,-0.038964588195085526,0.2769906222820282,0.5813232660293579,0.8677045106887817,1.121884822845459,1.3269611597061157,1.4754934310913086,1.5742169618606567,1.634522795677185,1.6609139442443848,1.6521204710006714,1.6116122007369995,1.5509076118469238,1.4809021949768066,1.404183030128479
-1.4516507387161255,-1.5952578783035278,-1.733561396598816,-1.8515231609344482,-1.9385188817977905,-1.9977251291275024,-2.0447723865509033,-2.096782922744751,-2.1619904041290283,-2.2384071350097656,-2.3199622631073,-2.4021353721618652,-2.4813926219940186,-2.55130672454834,-2.601733922958374,-2.6232779026031494,-2.611424207687378,-2.565300226211548,-2.4823973178863525,-2.3561806678771973,-2.1800341606140137,-1.9532387256622314,-1.6827698945999146,-1.3792988061904907,-1.0520319938659668,-0.7076433897018433,-0.3526492714881897,0.004477806854993105,0.3540605306625366,0.6868622303009033,0.9943223595619202,1.2679364681243896,1.5001994371414185,1.6864042282104492,1.8249162435531616,1.915511131286621,1.9600261449813843,1.9657845497131348,1.9464619159698486,1.9153711795806885,1.8767569065093994,1.8246294260025024
-1.738856315612793,-1.9370360374450684,-2.12868595123291,-2.2939207553863525,-2.423393964767456,-2.5215847492218018,-2.6017098426818848,-2.676361083984375,-2.7507243156433105,-2.8226497173309326,-2.887744426727295,-2.943418025970459,-2.9886436462402344,-3.0206501483917236,-3.033033847808838,-3.0174648761749268,-2.9671404361724854,-2.8781471252441406,-2.748439073562622,-2.5763235092163086,-2.36100697517395,-2.1043498516082764,-1.8113313913345337,-1.488400936126709,-1.1414153575897217,-0.775725245475769,-0.39833593368530273,-0.019430283457040787,0.34866562485694885,0.694683313369751,1.0111255645751953,1.2945290803909302,1.5431010723114014,1.7539118528366089,1.9218522310256958,2.0421555042266846,2.1152801513671875,2.149853229522705,2.159661293029785,2.1554436683654785,2.1385257244110107,2.1024184226989746
-1.9367156028747559,-2.157784938812256,-2.3800511360168457,-2.5817902088165283,-2.750838279724121,-2.886528968811035,-2.9954679012298584,-3.0852253437042236,-3.1602017879486084,-3.2216553688049316,-3.269949436187744,-3.3061444759368896,-3.3308660984039307,-3.3417608737945557,-3.3324520587921143,-3.294163227081299,-3.219162940979004,-3.103343963623047,-2.946369171142578,-2.7500200271606445,-2.51670503616333,-2.2489163875579834,-1.9494417905807495,-1.6216826438903809,-1.2696943283081055,-0.898506760597229,-0.5150007605552673,-0.1286543309688568,0.24895960092544556,0.6061652302742004,0.9336410164833069,1.225942611694336,1.4810683727264404,1.6986849308013916,1.8784688711166382,2.020343542098999,2.1258554458618164,2.199169874191284,2.2456939220428467,2.269214391708374,2.269930362701416,2.2458958625793457
-2.1331794261932373,-2.3657827377319336,-2.6046009063720703,-2.8286359310150146,-3.020663022994995,-3.1715331077575684,-3.2806782722473145,-3.3539109230041504,-3.4006597995758057,-3.4311468601226807,-3.454132318496704,-3.47460675239563,-3.492051601409912,-3.5000710487365723,-3.4881460666656494,-3.4452576637268066,-3.363401412963867,-3.2394440174102783,-3.0744919776916504,-2.871630907058716,-2.6341123580932617,-2.3647501468658447,-2.0664830207824707,-1.742986798286438,-1.398544192314148,-1.037481427192688,-0.6643792390823364,-0.2851327955722809,0.09171963483095169,0.4546513259410858,0.7912412881851196,1.09125816822052,1.349721908569336,1.5674980878829956,1.7494491338729858,1.9011880159378052,2.026304244995117,2.125708818435669,2.1984803676605225,2.2437233924865723,2.2618517875671387,2.25500750541687
-2.351166009902954,-2.5995030403137207,-2.847135543823242,-3.075684070587158,-3.2661232948303223,-3.4049174785614014,-3.488394260406494,-3.52372670173645,-3.526343822479248,-3.514861583709717,-3.50498104095459,-3.5046255588531494,-3.5119004249572754,-3.5166404247283936,-3.504655361175537,-3.4627065658569336,-3.382297992706299,-3.2606427669525146,-3.099277973175049,-2.901675224304199,-2.6713857650756836,-2.411747932434082,-2.1262710094451904,-1.8189635276794434,-1.4938476085662842,-1.1542937755584717,-0.8031055927276611,-0.443918377161026,-0.08316358923912048,0.26897650957107544,0.6000281572341919,0.8986414074897766,1.158220887184143,1.3785678148269653,1.5642402172088623,1.721072793006897,1.8527814149856567,1.9599709510803223,2.0415642261505127,2.097381114959717,2.1296348571777344,2.1423308849334717
-2.5288801193237305,-2.789567708969116,-3.035524368286133,-3.252153158187866,-3.4236223697662354,-3.5383386611938477,-3.593670129776001,-3.59778094291687,-3.5675504207611084,-3.52339506149292,-3.4827804565429688,-3.455087900161743,-3.439657211303711,-3.4273486137390137,-3.404879570007324,-3.359501600265503,-3.282465934753418,-3.1700165271759033,-3.0224032402038574,-2.841925621032715,-2.6314585208892822,-2.39387583732605,-2.1321229934692383,-1.8494324684143066,-1.54916250705719,-1.2345325946807861,-0.9088813662528992,-0.5763199329376221,-0.24292698502540588,0.08308903872966766,0.39224085211753845,0.6759662628173828,0.9286996126174927,1.1488231420516968,1.3378428220748901,1.4983686208724976,1.6324127912521362,1.741029977798462,1.8251125812530518,1.8867666721343994,1.9296015501022339,1.9576408863067627
-2.6111392974853516,-2.8628973960876465,-3.0904762744903564,-3.2831852436065674,-3.4304134845733643,-3.524930953979492,-3.566018581390381,-3.5606281757354736,-3.5221283435821533,-3.4667441844940186,-3.409027099609375,-3.3581619262695312,-3.3161513805389404,-3.2785160541534424,-3.2368123531341553,-3.181678056716919,-3.105437994003296,-3.0032341480255127,-2.8729465007781982,-2.7144453525543213,-2.5286035537719727,-2.3169212341308594,-2.0813534259796143,-1.824437141418457,-1.5494064092636108,-1.2601431608200073,-0.9612112641334534,-0.6579044461250305,-0.3562562167644501,-0.06276219338178635,0.2161845564842224,0.4751853942871094,0.7104635238647461,0.9200877547264099,1.1035932302474976,1.2613869905471802,1.39424729347229,1.5033692121505737,1.5907074213027954,1.6591016054153442,1.7119814157485962,1.7524032592773438
