earth/public/data/atmosphere/C53/ANN-rh-isobaric-1000hPa-gfs-1.0.json
{"header": {"discipline": 0, "disciplineName": "Meteorological products", "gribEdition": 2, "gribLength": 17922.0, "center": 0, "centerName": "Kiel Climate Model", "subcenter": 0, "refTime": "1", "significanceOfRT": 1, "significanceOfRTName": "Start of forecast", "productStatus": 0, "productStatusName": "Operational products", "productType": 1, "productTypeName": "Forecast products", "productDefinitionTemplate": 0, "productDefinitionTemplateName": "Analysis/forecast at horizontal level/layer at a point in time", "parameterCategory": 2, "parameterCategoryName": "Momentum", "parameterNumber": 2, "parameterNumberName": "U-component_of_wind", "parameterUnit": "%", "genProcessType": 2, "genProcessTypeName": "Forecast", "forecastTime": 0, "surface1Type": 103, "surface1TypeName": "Specified height level above ground", "surface1Value": 10, "surface2Type": 255, "surface2TypeName": "Missing", "surface2Value": 0, "gridDefinitionTemplate": 0, "gridDefinitionTemplateName": "Latitude_Longitude", "numberPoints": 65160, "shape": 6, "shapeName": "Earth spherical with radius of 6,371,229.0 m", "gridUnits": "degrees", "resolution": 48, "winds": "true", "scanMode": 0, "nx": 128.0, "ny": 64.0, "basicAngle": 0, "subDivisions": 0, "lo1": 0.0, "la1": 87.86379883923263, "lo2": 357.1875, "la2": -87.86379883923263, "dx": 2.8125, "dy": 2.7893269472772264}, "data":
[rows 0 to 18 of 64, columns 43 to 85 of 128]
0.9152774214744568,0.9154303669929504,0.9156027436256409,0.9157942533493042,0.9160045385360718,0.9162319898605347,0.9164757132530212,0.9167333841323853,0.9170036315917969,0.9172842502593994,0.9175731539726257,0.9178676009178162,0.9181652069091797,0.9184637069702148,0.9187598824501038,0.9190512895584106,0.9193357229232788,0.919609785079956,0.9198719263076782,0.9201188087463379,0.9203489422798157,0.9205594658851624,0.920749306678772,0.9209157824516296,0.921058177947998,0.9211745858192444,0.9212637543678284,0.9213252663612366,0.9213581681251526,0.9213621020317078,0.9213370680809021,0.9212832450866699,0.9212009906768799,0.9210913777351379,0.9209550619125366,0.9207940697669983,0.9206096529960632,0.9204040765762329,0.9201797246932983,0.9199390411376953,0.9196847677230835,0.9194197058677673,0.9191470146179199
0.9278034567832947,0.9278312921524048,0.9279208779335022,0.9280781149864197,0.9283067584037781,0.9286083579063416,0.9289806485176086,0.9294196963310242,0.9299153685569763,0.9304566383361816,0.9310271143913269,0.9316093921661377,0.9321834444999695,0.9327305555343628,0.9332319498062134,0.933671236038208,0.9340353012084961,0.93431556224823,0.9345062971115112,0.9346071481704712,0.9346206188201904,0.9345523118972778,0.9344095587730408,0.9341990351676941,0.9339272975921631,0.9335989356040955,0.933214545249939,0.9327725172042847,0.9322670102119446,0.9316900968551636,0.9310302138328552,0.9302757382392883,0.9294151663780212,0.9284376502037048,0.9273368716239929,0.9261085987091064,0.9247550964355469,0.9232831001281738,0.921705424785614,0.9200396537780762,0.918307900428772,0.9165365099906921,0.9147534370422363
0.9332029819488525,0.9322682619094849,0.9313750267028809,0.930606484413147,0.930051326751709,0.9297943115234375,0.9299042820930481,0.9304252862930298,0.9313652515411377,0.9326932430267334,0.9343358874320984,0.9361830353736877,0.9380967020988464,0.9399245977401733,0.9415160417556763,0.9427385926246643,0.9434937238693237,0.9437267780303955,0.9434343576431274,0.9426639080047607,0.941506564617157,0.9400866627693176,0.9385461807250977,0.9370278120040894,0.9356586933135986,0.934535562992096,0.9337154626846313,0.9332095384597778,0.9329845309257507,0.9329653382301331,0.9330458641052246,0.9330999851226807,0.932995617389679,0.9326072931289673,0.9318293929100037,0.9305864572525024,0.928839385509491,0.9265895485877991,0.9238783121109009,0.9207828640937805,0.9174092411994934,0.9138838052749634,0.9103415012359619
0.9206656813621521,0.9177848100662231,0.9145752787590027,0.911271333694458,0.9081932902336121,0.9057168960571289,0.9042253494262695,0.9040520787239075,0.9054197072982788,0.9083932638168335,0.9128472805023193,0.9184651374816895,0.9247641563415527,0.9311519861221313,0.9370015263557434,0.9417355060577393,0.9449061155319214,0.946256160736084,0.94575035572052,0.9435753226280212,0.9401057958602905,0.9358445405960083,0.9313494563102722,0.9271586537361145,0.9237241148948669,0.9213635921478271,0.9202370643615723,0.9203425049781799,0.92153400182724,0.9235489964485168,0.9260479807853699,0.9286534190177917,0.9309857487678528,0.9327006340026855,0.9335150718688965,0.9332315325737,0.9317543506622314,0.9290960431098938,0.9253760576248169,0.9208094477653503,0.9156843423843384,0.910332977771759,0.9050964117050171
0.9164703488349915,0.913994550704956,0.910287618637085,0.9054697751998901,0.899951696395874,0.8944091796875,0.8896981477737427,0.8867230415344238,0.8862737417221069,0.8888622522354126,0.8945910930633545,0.9030863642692566,0.9135148525238037,0.9246932864189148,0.9352726936340332,0.9439655542373657,0.9497682452201843,0.9521321058273315,0.9510431289672852,0.9469962120056152,0.940872311592102,0.9337498545646667,0.9266963005065918,0.9205899238586426,0.9160040020942688,0.9131736755371094,0.9120333790779114,0.9123059511184692,0.9136049151420593,0.9155235886573792,0.9176910519599915,0.9197895526885986,0.921544075012207,0.9227024912834167,0.9230216145515442,0.92227703332901,0.9202910661697388,0.9169789552688599,0.9123933911323547,0.9067499041557312,0.900424599647522,0.8939114809036255,0.8877519965171814
0.9132853746414185,0.9146247506141663,0.9142860770225525,0.9120883345603943,0.9082212448120117,0.9032498598098755,0.8980597257614136,0.8937400579452515,0.8914119601249695,0.8920114040374756,0.8960661888122559,0.9035099148750305,0.9136049151420593,0.9250103831291199,0.936015784740448,0.9448962807655334,0.9503089189529419,0.9516145586967468,0.9490277767181396,0.9435396194458008,0.9366335272789001,0.9298752546310425,0.9245007634162903,0.9211314916610718,0.9196929931640625,0.9195507168769836,0.919797956943512,0.9195935130119324,0.9184314012527466,0.9162624478340149,0.913443922996521,0.910555362701416,0.9081525206565857,0.906550407409668,0.9057033061981201,0.9052137732505798,0.9044577479362488,0.9027843475341797,0.8997253775596619,0.895153284072876,0.8893476128578186,0.8829478025436401,0.8768148422241211
0.8913866877555847,0.8922498822212219,0.8923392295837402,0.8921065926551819,0.8920583724975586,0.8925482034683228,0.8936997652053833,0.8954936265945435,0.8979442715644836,0.901237964630127,0.9057168960571289,0.9116899967193604,0.919147789478302,0.9275421500205994,0.9357648491859436,0.9423956871032715,0.9461426734924316,0.9463247060775757,0.9431856274604797,0.9378905892372131,0.9321786761283875,0.9277766942977905,0.9257950782775879,0.9263429045677185,0.9285128712654114,0.9307519793510437,0.931460976600647,0.9295914769172668,0.9250118136405945,0.9185181856155396,0.9115210175514221,0.9055412411689758,0.901714563369751,0.9004617929458618,0.9014090299606323,0.9035484194755554,0.9055638909339905,0.9062132239341736,0.9046635627746582,0.9006973505020142,0.8947473764419556,0.8877725005149841,0.8810169100761414
0.8697586059570312,0.8641392588615417,0.8585478663444519,0.8553670644760132,0.8565706610679626,0.8628177046775818,0.8731557130813599,0.8854612112045288,0.8973679542541504,0.9071974158287048,0.9144650101661682,0.9197825789451599,0.9242982268333435,0.9289969801902771,0.9341888427734375,0.9393805861473083,0.9435441493988037,0.9456354975700378,0.9451342225074768,0.9423679113388062,0.9384497404098511,0.9348307847976685,0.9326485395431519,0.9321879744529724,0.9327444434165955,0.9329807758331299,0.931607723236084,0.9280375242233276,0.9226706027984619,0.9166995286941528,0.9115639925003052,0.9083559513092041,0.9074493646621704,0.9084591865539551,0.910460352897644,0.9123103022575378,0.9129513502120972,0.9116377234458923,0.908091127872467,0.9025692343711853,0.8958153128623962,0.8888658881187439,0.8827676177024841
0.8572145104408264,0.8491721749305725,0.8420706391334534,0.8395496606826782,0.8440564870834351,0.8555191159248352,0.871353030204773,0.8877381086349487,0.9013763070106506,0.9107305407524109,0.9161725044250488,0.9192162156105042,0.9215012788772583,0.9241477251052856,0.9276382923126221,0.931959331035614,0.9366873502731323,0.9409971833229065,0.9438154697418213,0.9442636370658875,0.9421996474266052,0.9384303092956543,0.9343341588973999,0.9310787320137024,0.9289839267730713,0.9275014996528625,0.9258058071136475,0.9235228300094604,0.9210211634635925,0.9190735816955566,0.9181934595108032,0.9181984663009644,0.9183257818222046,0.9177694320678711,0.9161834120750427,0.9137621521949768,0.9108970165252686,0.9077566266059875,0.9041739702224731,0.8999320268630981,0.8951627016067505,0.890469491481781,0.8866207599639893
0.8447294235229492,0.841522753238678,0.8432518243789673,0.8522781729698181,0.8680253028869629,0.886544406414032,0.902152955532074,0.9104421138763428,0.9108408689498901,0.9069306254386902,0.9040997624397278,0.9060832262039185,0.9128461480140686,0.9212757349014282,0.9279219508171082,0.9314667582511902,0.933038592338562,0.9344708323478699,0.9363187551498413,0.9374449253082275,0.9363567233085632,0.9328802227973938,0.9285614490509033,0.9254876375198364,0.9246668815612793,0.9254157543182373,0.9261825680732727,0.9259458780288696,0.9249086976051331,0.9239718914031982,0.923595666885376,0.9231774210929871,0.9215341806411743,0.9180676341056824,0.9135441184043884,0.9097380638122559,0.9081442952156067,0.9087808132171631,0.9100654125213623,0.9098992943763733,0.9071235656738281,0.9022449254989624,0.8969402313232422
0.8521764278411865,0.856879472732544,0.867450475692749,0.8842385411262512,0.9049050211906433,0.9239813089370728,0.9342989921569824,0.9308303594589233,0.9149845242500305,0.8955820798873901,0.8843669891357422,0.8884611129760742,0.9054915308952332,0.9255297780036926,0.9384138584136963,0.9405228495597839,0.9357861280441284,0.9309105277061462,0.9295639991760254,0.9304395914077759,0.9300251007080078,0.9267120957374573,0.922292947769165,0.9199090003967285,0.920892059803009,0.9235869646072388,0.9249885678291321,0.9233987331390381,0.9196510314941406,0.9160593748092651,0.914282500743866,0.914050281047821,0.9137130379676819,0.9119684100151062,0.9091765880584717,0.9071018099784851,0.9072936773300171,0.9095306992530823,0.9117226600646973,0.9114031195640564,0.9075362682342529,0.9011548757553101,0.8944564461708069
0.8840858936309814,0.8980808854103088,0.9035221338272095,0.9011639356613159,0.8978941440582275,0.9004745483398438,0.9080334305763245,0.9119812250137329,0.9048517346382141,0.8894750475883484,0.8784067034721375,0.8831550478935242,0.9034366011619568,0.9269565343856812,0.9398229122161865,0.9376044273376465,0.9272130727767944,0.9191466569900513,0.9182929992675781,0.9214847087860107,0.9225781559944153,0.9189749956130981,0.913375198841095,0.9101399779319763,0.9107589721679688,0.9128466844558716,0.9129114747047424,0.9096159338951111,0.9045692682266235,0.9005760550498962,0.8993799686431885,0.9006689190864563,0.9026592969894409,0.903512716293335,0.9025503993034363,0.9004314541816711,0.8981720805168152,0.8959618210792542,0.8930920958518982,0.8891676068305969,0.885138750076294,0.8826807737350464,0.8824113607406616
0.8939104080200195,0.9113187789916992,0.8996846675872803,0.8601665496826172,0.8169939517974854,0.800133466720581,0.8201307058334351,0.8597841262817383,0.8911577463150024,0.9006201028823853,0.8972617387771606,0.8987536430358887,0.9118574261665344,0.9275532960891724,0.9328986406326294,0.9248023629188538,0.9118609428405762,0.9047050476074219,0.906223714351654,0.9108479022979736,0.9117088913917542,0.907339870929718,0.9016818404197693,0.8988583087921143,0.8990679979324341,0.8995348215103149,0.898297131061554,0.8960075974464417,0.8942695260047913,0.893438458442688,0.8926931023597717,0.8915430903434753,0.8902794718742371,0.8890686631202698,0.8875250220298767,0.8854069709777832,0.8829675316810608,0.8801748752593994,0.8763604164123535,0.8715933561325073,0.8680673241615295,0.8687636852264404,0.8739736080169678
0.8622086048126221,0.8741810917854309,0.8560915589332581,0.8045265674591064,0.7513692378997803,0.7385359406471252,0.7795200943946838,0.8468233346939087,0.8983665108680725,0.9146329164505005,0.9088689684867859,0.9049550294876099,0.911665678024292,0.9196313619613647,0.9175974726676941,0.9058238863945007,0.8938475847244263,0.8893938660621643,0.8917868733406067,0.8948552012443542,0.8941313028335571,0.8906716704368591,0.8885284662246704,0.8894296884536743,0.8908493518829346,0.8895977139472961,0.886243999004364,0.8844208717346191,0.8857628703117371,0.8874006271362305,0.8856098651885986,0.8806099891662598,0.8759301900863647,0.8736766576766968,0.8726551532745361,0.8714104890823364,0.8707065582275391,0.8714745044708252,0.8719677329063416,0.8693875074386597,0.8641866445541382,0.8606371879577637,0.8620731234550476
0.8311631083488464,0.8447939157485962,0.8426609635353088,0.8181296586990356,0.7952381372451782,0.8046136498451233,0.8486839532852173,0.8953162431716919,0.9102935194969177,0.8920432925224304,0.8683396577835083,0.8623124957084656,0.8707168698310852,0.8759244084358215,0.869577944278717,0.8585036396980286,0.8525465130805969,0.8540216088294983,0.8588407039642334,0.8627206087112427,0.8644124269485474,0.8653837442398071,0.8679355978965759,0.8724860548973083,0.8762024641036987,0.8758224248886108,0.8722361922264099,0.8701151013374329,0.8717891573905945,0.873826265335083,0.8720681071281433,0.8681261539459229,0.8672223687171936,0.8702133893966675,0.8720602989196777,0.8693084120750427,0.8651344776153564,0.8644201755523682,0.8666602969169617,0.8670510053634644,0.8633154034614563,0.8584361672401428,0.8567182421684265
0.8172707557678223,0.8419499397277832,0.8532302379608154,0.8546177744865417,0.860176682472229,0.8808607459068298,0.9066634774208069,0.9092254638671875,0.873705267906189,0.8221989870071411,0.7923664450645447,0.7959679961204529,0.8114264607429504,0.8158085346221924,0.8096420764923096,0.8067002296447754,0.812255322933197,0.8205291032791138,0.8268969058990479,0.8326708078384399,0.8390152454376221,0.8438277244567871,0.8462324142456055,0.8489100933074951,0.8534647226333618,0.8572350740432739,0.8577145338058472,0.8571642637252808,0.8590183854103088,0.8619177341461182,0.8621698617935181,0.8610419631004333,0.8637072443962097,0.870288610458374,0.8740922212600708,0.8710963129997253,0.8656476736068726,0.8635724186897278,0.8647326231002808,0.8660213947296143,0.8669598698616028,0.8682918548583984,0.869118869304657
0.7573351860046387,0.7771196961402893,0.7829051613807678,0.7917390465736389,0.8073367476463318,0.8282635807991028,0.8443768620491028,0.8354020118713379,0.7963042855262756,0.7554642558097839,0.7461063861846924,0.7661682963371277,0.7859406471252441,0.7897899746894836,0.7899019122123718,0.7998159527778625,0.8142646551132202,0.8215551972389221,0.8221511244773865,0.8250886797904968,0.8325926661491394,0.837901771068573,0.8370788097381592,0.8351484537124634,0.8381167054176331,0.8441630601882935,0.8473389744758606,0.847216010093689,0.8488985300064087,0.853839099407196,0.8573600053787231,0.8571010828018188,0.8570098280906677,0.8596739768981934,0.8618847727775574,0.8619345426559448,0.8634341359138489,0.8671169877052307,0.8677388429641724,0.8644875884056091,0.8644698858261108,0.8698534965515137,0.8724780082702637
0.6049813032150269,0.6032601594924927,0.6138572692871094,0.6451303362846375,0.6797094941139221,0.7119317650794983,0.7424511313438416,0.7576797008514404,0.7501325011253357,0.7412147521972656,0.7540774941444397,0.779564380645752,0.7938908338546753,0.7954947352409363,0.8010706305503845,0.8153796195983887,0.8263753056526184,0.8265519142150879,0.8227569460868835,0.8239823579788208,0.8299343585968018,0.8344484567642212,0.8346030116081238,0.8334612846374512,0.8352890610694885,0.8396570682525635,0.8418569564819336,0.8402186036109924,0.8396959900856018,0.8442078828811646,0.8495700359344482,0.8503497838973999,0.8487386107444763,0.8487928509712219,0.8486312627792358,0.8473424315452576,0.8502839803695679,0.8573655486106873,0.8582860231399536,0.8504014015197754,0.8462344408035278,0.8518106341362,0.8553675413131714
0.4509862959384918,0.44609197974205017,0.4844798445701599,0.5488243103027344,0.6051706075668335,0.6531696319580078,0.7025618553161621,0.7394754886627197,0.7534261345863342,0.7623501420021057,0.781388521194458,0.7984700798988342,0.8016395568847656,0.800944447517395,0.807125985622406,0.8138560056686401,0.8137592673301697,0.812283456325531,0.815830647945404,0.8208225965499878,0.8224020600318909,0.8231574296951294,0.8264762759208679,0.8297533392906189,0.83056640625,0.8319195508956909,0.8351852297782898,0.8361695408821106,0.8340015411376953,0.8338994979858398,0.8365040421485901,0.8369948863983154,0.8368316292762756,0.840638279914856,0.8430169820785522,0.837332010269165,0.8316038846969604,0.8347637057304382,0.8383616209030151,0.8335990905761719,0.8298219442367554,0.835023820400238,0.8392223119735718
