earth/public/data/atmosphere/C53/ANN-slp-surface-level-gfs-1.0.json
{"header": {"discipline": 0, "disciplineName": "Meteorological products", "gribEdition": 2, "gribLength": 17922.0, "center": 0, "centerName": "Kiel Climate Model", "subcenter": 0, "refTime": "1", "significanceOfRT": 1, "significanceOfRTName": "Start of forecast", "productStatus": 0, "productStatusName": "Operational products", "productType": 1, "productTypeName": "Forecast products", "productDefinitionTemplate": 0, "productDefinitionTemplateName": "Analysis/forecast at horizontal level/layer at a point in time", "parameterCategory": 2, "parameterCategoryName": "Momentum", "parameterNumber": 2, "parameterNumberName": "U-component_of_wind", "parameterUnit": "Pa", "genProcessType": 2, "genProcessTypeName": "Forecast", "forecastTime": 0, "surface1Type": 103, "surface1TypeName": "Specified height level above ground", "surface1Value": 10, "surface2Type": 255, "surface2TypeName": "Missing", "surface2Value": 0, "gridDefinitionTemplate": 0, "gridDefinitionTemplateName": "Latitude_Longitude", "numberPoints": 65160, "shape": 6, "shapeName": "Earth spherical with radius of 6,371,229.0 m", "gridUnits": "degrees", "resolution": 48, "winds": "true", "scanMode": 0, "nx": 128.0, "ny": 64.0, "basicAngle": 0, "subDivisions": 0, "lo1": 0.0, "la1": 87.86379883923263, "lo2": 357.1875, "la2": -87.86379883923263, "dx": 2.8125, "dy": 2.7893269472772264}, "data":
[rows 23 to 45 of 64, columns 0 to 51 of 128]
99815.546875,99907.1875,100081.8515625,100086.4140625,99987.984375,100026.296875,100162.6015625,100175.0703125,100080.53125,100066.9921875,100126.8046875,100122.640625,100061.8984375,100028.6328125,100013.671875,99993.9453125,99988.828125,99979.1796875,99929.1015625,99863.0703125,99805.703125,99735.859375,99646.0,99559.6015625,99500.296875,99479.703125,99461.7421875,99409.6953125,99382.5859375,99410.8125,99370.6015625,99235.1171875,99197.296875,99281.015625,99266.9375,99201.6328125,99312.109375,99443.140625,99361.4609375,99300.6171875,99460.125,99556.125,99441.984375,99401.625,99489.875,99528.171875,99565.4375,99648.7734375,99612.5234375,99488.40625,99512.5078125,99633.5859375
99691.2109375,99556.9140625,99685.3515625,99897.078125,99930.0,99857.1796875,99876.515625,99943.125,99911.9453125,99834.265625,99824.0,99848.1796875,99838.3671875,99804.8046875,99764.609375,99715.8125,99684.1640625,99679.984375,99673.15625,99650.9453125,99627.0546875,99609.796875,99587.8515625,99526.8984375,99418.1796875,99338.546875,99329.1328125,99294.8203125,99223.109375,99252.984375,99336.5,99262.921875,99124.9453125,99172.8046875,99280.1875,99223.0546875,99171.3125,99279.4609375,99332.7265625,99264.75,99312.2265625,99452.2890625,99434.9921875,99330.4296875,99345.4453125,99435.1640625,99475.3515625,99452.6953125,99417.46875,99441.625,99524.71875,99532.8515625
99629.1953125,99486.71875,99352.46875,99452.9296875,99644.3203125,99690.9140625,99645.640625,99667.8984375,99720.875,99708.15625,99663.890625,99643.40625,99637.1328125,99633.9921875,99627.625,99595.140625,99538.078125,99485.21875,99443.75,99404.8515625,99360.890625,99322.359375,99326.609375,99367.484375,99353.9375,99280.8828125,99262.2578125,99269.78125,99165.1171875,99064.921875,99147.0078125,99222.0234375,99103.796875,99034.9609375,99165.9453125,99217.75,99106.34375,99110.703125,99240.25,99258.796875,99232.8359375,99326.625,99390.203125,99314.6796875,99277.4453125,99335.6328125,99338.421875,99270.53125,99272.0546875,99349.453125,99367.4140625,99299.953125
99343.8125,99479.90625,99392.7265625,99301.7421875,99433.640625,99619.25,99637.40625,99567.875,99551.1875,99566.59375,99551.71875,99510.8046875,99467.9453125,99441.109375,99441.8046875,99450.6171875,99442.421875,99415.953125,99376.515625,99339.6484375,99306.109375,99231.4375,99133.296875,99118.6484375,99159.1015625,99122.78125,99083.53125,99167.5390625,99202.53125,99060.109375,98989.140625,99100.8515625,99113.875,98981.40625,98994.140625,99119.25,99093.1015625,99010.8046875,99074.2734375,99159.65625,99156.890625,99190.9375,99267.0625,99260.0703125,99219.4140625,99220.34375,99202.296875,99175.953125,99210.6875,99235.375,99186.0546875,99185.5625
99097.7578125,99255.5859375,99420.0078125,99381.0625,99345.9921875,99447.1328125,99519.015625,99459.265625,99372.484375,99342.03125,99344.125,99344.9375,99322.734375,99275.2421875,99230.21875,99205.671875,99201.734375,99211.546875,99204.4375,99183.953125,99210.4140625,99243.9375,99173.125,99075.8828125,99085.203125,99077.125,98958.328125,98943.46875,99086.1640625,99097.875,98959.1171875,98969.125,99090.1796875,99047.15625,98940.8125,98995.7890625,99074.78125,99024.4375,98986.5625,99038.375,99070.9375,99073.2890625,99111.53125,99160.21875,99178.1015625,99159.9453125,99119.515625,99122.15625,99179.40625,99198.2109375,99175.546875,99218.234375
99248.4921875,99125.2890625,99194.359375,99260.1328125,99231.921875,99215.0546875,99249.2890625,99284.625,99299.953125,99287.6640625,99255.921875,99247.9609375,99259.7890625,99246.5234375,99213.640625,99175.296875,99127.421875,99105.375,99095.765625,99028.1015625,98974.9609375,99041.2265625,99099.0546875,99041.2265625,99032.375,99118.015625,99070.1015625,98907.2421875,98915.203125,99040.015625,98999.890625,98894.46875,98964.2109375,99058.4609375,98988.859375,98932.9375,99007.90625,99046.4296875,99000.15625,99000.9375,99042.75,99040.3984375,99029.484375,99069.2890625,99126.078125,99128.921875,99080.015625,99058.703125,99095.9609375,99134.40625,99155.2421875,99176.9296875
99424.140625,99329.890625,99169.46875,99156.3515625,99217.5390625,99236.1171875,99200.0546875,99192.3671875,99268.921875,99323.171875,99265.171875,99198.7421875,99189.140625,99174.296875,99168.6640625,99196.4296875,99177.0625,99136.484375,99162.0625,99148.296875,99019.25,98950.328125,99001.6328125,98982.3984375,98894.828125,98958.765625,99097.4453125,99041.2109375,98903.3125,98955.7578125,99046.5703125,98952.2578125,98873.84375,98965.9921875,99012.9453125,98942.109375,98937.546875,98995.7578125,98996.203125,98995.234375,99052.65625,99092.125,99075.734375,99063.3203125,99076.859375,99082.6796875,99066.59375,99056.09375,99066.9609375,99076.5234375,99076.515625,99082.109375
99128.8984375,99012.0625,99146.25,99245.90625,99219.515625,99235.34375,99240.6953125,99148.8515625,99131.6015625,99201.921875,99180.65625,99128.484375,99136.90625,99094.1875,99025.828125,99061.2109375,99089.6640625,99026.671875,99034.1328125,99138.75,99145.1171875,99050.5859375,99046.2265625,99091.609375,98988.8671875,98852.453125,98934.3359375,99064.40625,98983.0390625,98900.046875,99005.2421875,99048.2421875,98938.3671875,98919.046875,98992.8828125,98986.0234375,98948.9375,98967.609375,98980.5078125,98978.1328125,99016.5078125,99085.71875,99134.625,99135.1796875,99096.6875,99059.3828125,99057.5546875,99088.640625,99117.3828125,99107.8125,99084.1484375,99085.015625
98795.1328125,99820.84375,99187.015625,99250.21875,99208.9296875,99004.6796875,99149.484375,99177.359375,99092.71875,99141.6953125,99154.5,99116.78125,99179.5859375,99191.984375,99090.796875,99074.3125,99117.609375,99049.703125,98936.7265625,98942.96875,99027.609375,99019.3515625,98965.546875,99060.34375,99163.1328125,99029.0390625,98892.0625,98991.25,99048.1328125,98925.2109375,98909.546875,99019.46875,99018.15625,98954.75,98966.7421875,98993.8984375,98989.65625,98989.828125,98996.5,98991.765625,98982.6171875,99003.4765625,99073.0078125,99137.15625,99130.40625,99080.4765625,99046.109375,99061.71875,99104.8671875,99111.578125,99105.890625,99138.5703125
98542.46875,99674.2734375,99112.390625,99118.4375,99496.109375,98983.515625,99106.2578125,99261.5625,99144.703125,99175.5,99200.4765625,99088.421875,99098.5078125,99178.796875,99160.09375,99139.1328125,99178.4296875,99210.9296875,99151.3203125,99025.1796875,99008.515625,99054.8671875,98938.09375,98848.203125,99019.2734375,99124.1875,98980.046875,98938.046875,99051.8671875,99028.015625,98925.9609375,98943.515625,98996.765625,98985.7578125,98962.5,98968.2578125,98982.640625,98983.5,98988.59375,99012.765625,99010.828125,98982.421875,98996.21875,99048.40625,99083.5390625,99091.3125,99067.6796875,99045.4765625,99069.734375,99083.0625,99072.0859375,99124.1875
98795.84375,99510.734375,99568.1015625,98911.3515625,99796.546875,99124.9765625,99086.5234375,99225.8828125,99041.9921875,99072.4375,99178.0234375,99065.046875,98993.328125,99037.15625,99075.5078125,99077.953125,99022.8203125,99044.7109375,99169.1875,99137.515625,99045.7265625,99158.609375,99184.3828125,98948.7890625,98874.6953125,99028.0234375,99032.0,98930.25,98970.5,99046.6171875,99017.0390625,98960.8671875,98961.3671875,98988.703125,98988.03125,98974.65625,98985.0390625,98983.0078125,98965.96875,98992.8046875,99030.1484375,99022.984375,99013.6328125,99015.4921875,99019.703125,99058.921875,99088.734375,99071.640625,99088.34375,99122.6171875,99089.03125,99075.671875
99147.1953125,99172.9921875,99842.53125,98676.015625,99637.703125,99047.90625,99028.796875,99238.2109375,99057.421875,99059.703125,99199.015625,99175.984375,99159.7734375,99152.65625,99151.0703125,99216.7734375,99118.9453125,98939.609375,99020.03125,99098.1640625,98945.21875,98966.71875,99196.046875,99183.8125,99005.2890625,99002.171875,99070.4453125,99019.6171875,98947.4375,98971.6171875,99029.484375,99019.25,98980.2578125,98994.2421875,99011.28125,98994.7421875,99009.2578125,99030.296875,99003.7265625,98992.8046875,99014.9609375,99028.0859375,99053.328125,99069.453125,99038.2890625,99039.046875,99080.2734375,99069.8046875,99067.7890625,99133.578125,99149.3046875,99097.2421875
99212.984375,98795.1171875,99694.4296875,98651.3515625,99440.984375,99012.671875,99094.0859375,99375.140625,99243.1953125,99199.8359375,99219.015625,99163.5625,99253.75,99285.84375,99196.59375,99316.125,99405.3671875,99204.5703125,99134.15625,99256.15625,99139.8203125,98918.7578125,98973.0625,99132.9296875,99119.625,99042.765625,99071.671875,99127.15625,99075.765625,99001.546875,99027.1875,99062.84375,99033.4765625,99030.1015625,99046.78125,99020.9140625,99023.2421875,99064.75,99066.265625,99056.6484375,99060.484375,99042.4765625,99057.9375,99114.21875,99108.953125,99081.265625,99112.640625,99116.265625,99072.03125,99097.609375,99166.28125,99175.03125
99152.40625,99013.09375,99463.90625,98735.390625,99424.53125,99116.5234375,99150.625,99285.9765625,99173.9140625,99237.3671875,99251.0078125,99097.453125,99193.28125,99314.3359375,99145.3515625,99109.7109375,99296.4765625,99276.390625,99162.1796875,99287.0390625,99430.28125,99310.203125,99116.9140625,99110.703125,99185.5078125,99137.875,99071.90625,99141.25,99198.7890625,99141.421875,99113.984375,99136.453125,99115.40625,99109.59375,99139.0625,99121.34375,99099.15625,99117.8046875,99120.453125,99133.21875,99172.859375,99154.3203125,99116.3125,99154.046875,99184.296875,99161.2421875,99187.03125,99239.5390625,99214.671875,99170.140625,99192.3828125,99230.53125
99002.109375,99474.703125,99044.09375,98843.1953125,99161.96875,99009.375,99130.5390625,99196.9375,99161.59375,99413.765625,99586.2890625,99429.65625,99417.84375,99575.90625,99476.375,99254.5625,99259.859375,99327.3203125,99209.0625,99103.6171875,99259.6328125,99459.71875,99406.3359375,99283.59375,99331.71875,99357.109375,99243.90625,99208.859375,99267.734375,99262.390625,99243.2890625,99262.734375,99242.3984375,99224.15625,99258.140625,99265.59375,99252.84375,99263.4609375,99244.3515625,99223.203125,99274.703125,99307.3515625,99267.875,99267.3359375,99305.984375,99286.5546875,99262.703125,99310.7734375,99353.2109375,99331.390625,99306.9375,99313.609375
99108.421875,99546.21875,98585.875,99477.3046875,98857.7578125,98866.4453125,99248.671875,99423.265625,99486.921875,99678.0390625,99811.2109375,99715.546875,99582.1875,99622.90625,99715.875,99633.84375,99524.703125,99638.140625,99713.7421875,99465.3984375,99257.2890625,99380.96875,99490.328125,99411.890625,99424.8828125,99521.734375,99489.5703125,99423.484375,99425.40625,99405.5078125,99389.796875,99422.4921875,99416.796875,99383.171875,99394.09375,99397.59375,99390.546875,99432.4296875,99447.0390625,99394.40625,99391.203125,99444.0390625,99445.171875,99429.1328125,99466.0078125,99481.4140625,99431.6328125,99406.0625,99443.921875,99474.8984375,99470.65625,99470.28125
99824.578125,99393.8125,98499.8828125,100308.7109375,98821.1328125,98995.890625,99332.90625,99353.734375,99456.375,99521.2578125,99538.9453125,99646.234375,99572.3671875,99379.96875,99490.921875,99663.2890625,99535.203125,99530.734375,99854.234375,99958.4375,99737.90625,99654.640625,99700.515625,99624.265625,99562.3125,99612.25,99631.8203125,99626.6328125,99647.6328125,99620.625,99578.625,99599.1875,99606.671875,99580.2109375,99591.4609375,99589.9296875,99547.28125,99567.328125,99632.484375,99619.6953125,99580.53125,99608.3671875,99630.8203125,99600.359375,99605.5390625,99663.421875,99678.6640625,99639.953125,99623.6484375,99637.65625,99636.9765625,99628.3359375
100517.796875,99334.625,98795.265625,100295.171875,98787.15625,99336.3203125,99327.6953125,98925.6640625,99227.5546875,99647.2578125,99803.078125,100079.9921875,100125.6328125,99750.6328125,99698.3203125,99980.7265625,99827.7421875,99431.359375,99488.125,99795.5234375,99900.1640625,99920.9140625,99967.25,99929.296875,99865.5625,99844.9140625,99802.453125,99782.1640625,99826.15625,99826.6328125,99781.5390625,99785.0546875,99789.3359375,99761.203125,99787.75,99830.609375,99785.9375,99738.0546875,99779.9921875,99814.640625,99788.453125,99792.984375,99832.4453125,99815.1875,99770.234375,99786.9296875,99839.359375,99850.3203125,99832.28125,99826.5234375,99821.015625,99795.7734375
100630.421875,99514.515625,99438.65625,99861.9921875,98870.0390625,99833.2578125,99601.5234375,98879.1015625,99473.8984375,100494.25,98939.875,99482.1171875,100085.1328125,100019.3828125,99840.3515625,100087.765625,100374.9296875,100350.078125,100186.8125,100031.6015625,99870.59375,99775.328125,100009.7265625,100021.125,100048.328125,100090.6953125,100044.8515625,99976.484375,99987.8203125,99994.5,99960.6953125,99972.59375,99987.3203125,99933.15625,99914.953125,99981.953125,100000.3359375,99945.2109375,99938.453125,99975.84375,99964.7109375,99942.75,99982.2578125,100023.8828125,99998.7421875,99956.671875,99956.3046875,99971.3515625,99971.40625,99976.171875,99995.3046875,99998.9765625
100245.7578125,99721.5703125,100065.8359375,99927.8203125,99210.890625,100117.796875,99897.9453125,99101.546875,99634.921875,100776.5234375,98807.5234375,99985.7578125,100011.1640625,99732.5078125,99817.6875,99889.6484375,99825.8671875,99932.7578125,100139.671875,100242.46875,100305.6015625,100322.3359375,100138.234375,100075.859375,100074.390625,100157.1875,100173.53125,100130.125,100138.1484375,100139.734375,100089.5078125,100095.4609375,100150.7109375,100118.296875,100041.546875,100055.8359375,100108.5234375,100096.421875,100076.7109375,100110.0234375,100121.21875,100077.703125,100065.890625,100116.6171875,100154.015625,100139.7109375,100119.2109375,100117.3828125,100110.484375,100093.4765625,100097.4375,100120.8203125
99279.390625,99608.7734375,100236.3359375,100088.9921875,99383.1015625,99858.3515625,99886.2734375,99330.96875,99482.7109375,100204.71875,99504.1484375,100437.2109375,100048.7890625,99872.453125,100175.578125,100199.828125,100022.734375,100093.59375,100180.5078125,100092.109375,100130.9296875,100268.75,100308.921875,100242.6015625,100167.2265625,100181.9765625,100178.25,100144.6171875,100179.1171875,100211.0390625,100144.28125,100098.109375,100161.53125,100203.0234375,100149.046875,100117.3984375,100151.171875,100155.640625,100124.7421875,100142.671875,100191.9765625,100186.28125,100141.0,100132.4453125,100162.0546875,100180.765625,100187.1953125,100203.109375,100210.796875,100185.59375,100149.671875,100139.421875
99912.234375,99760.96875,100371.6953125,100099.6328125,99459.5625,99606.1640625,100004.140625,99874.34375,99668.0625,99800.828125,99909.5625,100100.4140625,99827.7890625,100036.15625,100430.34375,100334.1953125,100054.3984375,100100.28125,100203.1328125,100048.4140625,99911.796875,99970.1953125,100124.765625,100147.28125,100133.859375,100163.421875,100133.03125,100051.078125,100066.3828125,100143.3984375,100116.6640625,100032.28125,100042.625,100105.59375,100103.09375,100076.96875,100103.390625,100123.953125,100084.046875,100056.28125,100098.75,100150.625,100150.359375,100127.6640625,100122.5625,100123.34375,100117.3515625,100124.140625,100151.75,100170.96875,100161.96875,100141.8046875
99500.2265625,99300.0,100093.8984375,100267.734375,99699.875,99610.75,100057.796875,100126.7734375,99744.328125,99491.625,99839.453125,99734.625,99318.0859375,99353.734375,99646.625,99739.7265625,99819.328125,100104.7578125,100282.5234375,100161.375,100055.21875,100111.6953125,99898.15625,99826.34375,99830.2734375,99943.5703125,99974.9609375,99876.1953125,99837.2578125,99915.5625,99953.78125,99901.0078125,99877.5546875,99911.359375,99913.0703125,99885.65625,99910.1953125,99967.875,99969.34375,99923.65625,99911.78125,99948.6953125,99983.2578125,99998.8828125,100017.5859375,100032.546875,100020.0625,99991.1328125,99984.6484375,100011.640625,100041.3125,100048.796875
