earth/public/data/atmosphere/C53/ANN-wind-isobaric-100hPa-gfs-1.0.json
{"header": {"discipline": 0, "disciplineName": "Meteorological products", "gribEdition": 2, "gribLength": 17922.0, "center": 0, "centerName": "Kiel Climate Model", "subcenter": 0, "refTime": "1", "significanceOfRT": 1, "significanceOfRTName": "Start of forecast", "productStatus": 0, "productStatusName": "Operational products", "productType": 1, "productTypeName": "Forecast products", "productDefinitionTemplate": 0, "productDefinitionTemplateName": "Analysis/forecast at horizontal level/layer at a point in time", "parameterCategory": 2, "parameterCategoryName": "Momentum", "parameterNumber": 2, "parameterNumberName": "U-component_of_wind", "parameterUnit": "m/s", "genProcessType": 2, "genProcessTypeName": "Forecast", "forecastTime": 0, "surface1Type": 103, "surface1TypeName": "Specified height level above ground", "surface1Value": 10, "surface2Type": 255, "surface2TypeName": "Missing", "surface2Value": 0, "gridDefinitionTemplate": 0, "gridDefinitionTemplateName": "Latitude_Longitude", "numberPoints": 65160, "shape": 6, "shapeName": "Earth spherical with radius of 6,371,229.0 m", "gridUnits": "degrees", "resolution": 48, "winds": "true", "scanMode": 0, "nx": 128.0, "ny": 64.0, "basicAngle": 0, "subDivisions": 0, "lo1": 0.0, "la1": 87.86379883923263, "lo2": 357.1875, "la2": -87.86379883923263, "dx": 2.8125, "dy": 2.7893269472772264}, "data":
[rows 0 to 18 of 64, columns 44 to 87 of 128]
3.721310615539551,3.7322030067443848,3.733038902282715,3.7237651348114014,3.704399824142456,3.674999237060547,3.635646104812622,3.5865001678466797,3.5277233123779297,3.4595096111297607,3.3821935653686523,3.296020030975342,3.201306104660034,3.0984554290771484,2.987873077392578,2.869955539703369,2.745133876800537,2.6139025688171387,2.476804733276367,2.3342790603637695,2.186908006668091,2.0351924896240234,1.8796826601028442,1.7209534645080566,1.5594861507415771,1.3959652185440063,1.2308378219604492,1.0646793842315674,0.8980046510696411,0.7313387393951416,0.5652099847793579,0.40011847019195557,0.23651167750358582,0.07481001317501068,-0.08445675671100616,-0.2409980744123459,-0.3943656086921692,-0.5442537069320679,-0.6902343034744263,-0.8321113586425781,-0.9695702791213989,-1.1023640632629395,-1.2302900552749634,-1.3531066179275513
4.569553852081299,4.5893025398254395,4.596372127532959,4.590703010559082,4.572281360626221,4.541191577911377,4.497649192810059,4.441877365112305,4.3741607666015625,4.2949676513671875,4.204683303833008,4.103856086730957,3.9930315017700195,3.872807741165161,3.7438902854919434,3.6068944931030273,3.4624996185302734,3.311511278152466,3.154614210128784,2.9925484657287598,2.8261332511901855,2.656046152114868,2.483135938644409,2.308155059814453,2.131866455078125,1.9550114870071411,1.778395652770996,1.6027307510375977,1.4287021160125732,1.257094383239746,1.088453769683838,0.9234517812728882,0.7626330852508545,0.6065287590026855,0.4555704891681671,0.3102010488510132,0.17073041200637817,0.037462182343006134,-0.08940629661083221,-0.20966994762420654,-0.3232494592666626,-0.4300837516784668,-0.5301529765129089,-0.6234903335571289
5.672209739685059,5.698179721832275,5.709780693054199,5.7068586349487305,5.689452171325684,5.6574859619140625,5.611207008361816,5.550877571105957,5.47696590423584,5.3899946212768555,5.290792942047119,5.1800312995910645,5.058672904968262,4.927647113800049,4.78792142868042,4.6403985023498535,4.486088275909424,4.32581901550293,4.160518646240234,3.9909725189208984,3.8179712295532227,3.642340898513794,3.4648447036743164,3.2863335609436035,3.107672691345215,2.929713249206543,2.7533862590789795,2.5795788764953613,2.40921950340271,2.243182420730591,2.0822319984436035,1.9271939992904663,1.7786377668380737,1.6371240615844727,1.5031099319458008,1.376824975013733,1.2585067749023438,1.1483170986175537,1.046228051185608,0.9522241353988647,0.8662207126617432,0.7880651950836182,0.7175977230072021,0.6545667052268982
6.731529235839844,6.763607501983643,6.781733512878418,6.785598278045654,6.774825096130371,6.749123573303223,6.708347320556641,6.652547836303711,6.581986904144287,6.497280597686768,6.39926290512085,6.289062976837158,6.168047904968262,6.037610054016113,5.899229526519775,5.754286289215088,5.60408353805542,5.44953727722168,5.2916693687438965,5.131021976470947,4.968235492706299,4.803857803344727,4.638336181640625,4.472355842590332,4.306717872619629,4.142235279083252,3.980024814605713,3.8211750984191895,3.666828155517578,3.5180180072784424,3.3757734298706055,3.2408928871154785,3.1139721870422363,2.995495319366455,2.8856687545776367,2.7846193313598633,2.692326784133911,2.6087100505828857,2.5335206985473633,2.466594696044922,2.407710313796997,2.3566572666168213,2.3131725788116455,2.2770817279815674
7.727896690368652,7.761459827423096,7.7839274406433105,7.795135021209717,7.794625282287598,7.781652927398682,7.755584239959717,7.715832710266113,7.662248611450195,7.594926834106445,7.514641284942627,7.422463893890381,7.320011615753174,7.209012031555176,7.091310501098633,6.968728065490723,6.842703342437744,6.71449089050293,6.584862232208252,6.45421838760376,6.3228020668029785,6.190542221069336,6.057544231414795,5.924004554748535,5.790559768676758,5.657959938049316,5.527344226837158,5.399936676025391,5.276971340179443,5.159483909606934,5.048389434814453,4.944262504577637,4.8475799560546875,4.758575916290283,4.677396774291992,4.60413932800293,4.538872241973877,4.4816107749938965,4.4323506355285645,4.39099645614624,4.357476234436035,4.331549644470215,4.313052654266357,4.3016815185546875
8.833599090576172,8.86196231842041,8.883855819702148,8.899582862854004,8.908758163452148,8.910594940185547,8.904214859008789,8.888792991638184,8.863805770874023,8.82921028137207,8.78530502319336,8.73286247253418,8.672743797302246,8.606212615966797,8.534576416015625,8.459186553955078,8.381353378295898,8.302230834960938,8.222576141357422,8.142770767211914,8.06267261505127,7.981860160827637,7.899773120880127,7.816236972808838,7.731366157531738,7.6459126472473145,7.5609612464904785,7.477837562561035,7.39768123626709,7.321348190307617,7.249261856079102,7.1816253662109375,7.1184844970703125,7.060208320617676,7.007228851318359,6.9603400230407715,6.9203667640686035,6.887942314147949,6.863585472106934,6.847358226776123,6.839057922363281,6.8382720947265625,6.844493389129639,6.857092380523682
10.090680122375488,10.11534595489502,10.139476776123047,10.16323184967041,10.186196327209473,10.207667350769043,10.227108001708984,10.24431324005127,10.259432792663574,10.27281379699707,10.28477954864502,10.295345306396484,10.304182052612305,10.310614585876465,10.313970565795898,10.313898086547852,10.310500144958496,10.30451774597168,10.296724319458008,10.287712097167969,10.277332305908203,10.264591217041016,10.248089790344238,10.226569175720215,10.1995267868042,10.16760540008545,10.132357597351074,10.095681190490723,10.059199333190918,10.02389144897461,9.98990249633789,9.957097053527832,9.925504684448242,9.895888328552246,9.869625091552734,9.84862232208252,9.834643363952637,9.828877449035645,9.831629753112793,9.84243106842041,9.860310554504395,9.88416862487793,9.913018226623535,9.946165084838867
11.508955001831055,11.528809547424316,11.555580139160156,11.589385986328125,11.630115509033203,11.678143501281738,11.734119415283203,11.798811912536621,11.872687339782715,11.955638885498047,12.046931266784668,12.145258903503418,12.2487154006958,12.354808807373047,12.460721015930176,12.563713073730469,12.66203498840332,12.754863739013672,12.842368125915527,12.924983978271484,13.002189636230469,13.072234153747559,13.132318496704102,13.179845809936523,13.213586807250977,13.234500885009766,13.245499610900879,13.250210762023926,13.251819610595703,13.252050399780273,13.251242637634277,13.249338150024414,13.246720314025879,13.244867324829102,13.2463960647583,13.254002571105957,13.26959228515625,13.29383659362793,13.325908660888672,13.364217758178711,13.406838417053223,13.45236587524414,13.500114440917969,13.54977035522461
13.154211044311523,13.152385711669922,13.166849136352539,13.199141502380371,13.251884460449219,13.328755378723145,13.43336009979248,13.56710147857666,13.728172302246094,13.911844253540039,14.112310409545898,14.324434280395508,14.544780731201172,14.77083683013916,14.999979019165039,15.228632926940918,15.452404975891113,15.667243003845215,15.870238304138184,16.059633255004883,16.23378562927246,16.39054298400879,16.526775360107422,16.63972282409668,16.728647232055664,16.795791625976562,16.84612274169922,16.885501861572266,16.918825149536133,16.94869041442871,16.976022720336914,17.001144409179688,17.02535629272461,17.051342010498047,17.082326889038086,17.120920181274414,17.168018341064453,17.222694396972656,17.282779693603516,17.346097946166992,17.41105079650879,17.47675132751465,17.542951583862305,17.609399795532227
15.05245304107666,15.010238647460938,14.998355865478516,15.020236015319824,15.080831527709961,15.18756103515625,15.347997665405273,15.56523609161377,15.83485221862793,16.14496612548828,16.480804443359375,16.829919815063477,17.18575096130371,17.546586990356445,17.912017822265625,18.279115676879883,18.640913009643555,18.988136291503906,19.31198501586914,19.606393814086914,19.868457794189453,20.097021102905273,20.29157257080078,20.452129364013672,20.580291748046875,20.68014144897461,20.758087158203125,20.821273803710938,20.87565040588379,20.924880981445312,20.970901489257812,21.015535354614258,21.06180191040039,21.113391876220703,21.1734619140625,21.242969512939453,21.320556640625,21.40328598022461,21.488468170166016,21.57453727722168,21.66095542907715,21.74728012084961,21.832420349121094,21.91429901123047
17.210325241088867,17.123525619506836,17.09010124206543,17.112567901611328,17.192245483398438,17.334632873535156,17.54903793334961,17.842710494995117,18.213693618774414,18.648208618164062,19.124427795410156,19.62101936340332,20.12384033203125,20.6273193359375,21.130287170410156,21.62976837158203,22.117328643798828,22.579660415649414,23.002756118774414,23.376611709594727,23.6976261138916,23.96746253967285,24.1905517578125,24.371713638305664,24.515464782714844,24.627056121826172,24.713096618652344,24.781221389770508,24.838642120361328,24.89107894897461,24.942716598510742,24.99748992919922,25.05958366394043,25.132728576660156,25.2183780670166,25.314878463745117,25.41808319091797,25.52383041381836,25.629531860351562,25.73430633544922,25.83783721923828,25.938493728637695,26.032991409301758,26.117124557495117
19.654251098632812,19.527379989624023,19.47863006591797,19.511302947998047,19.62110710144043,19.805931091308594,20.07132911682129,20.426992416381836,20.876955032348633,21.411956787109375,22.009309768676758,22.640369415283203,23.27994728088379,23.911828994750977,24.528091430664062,25.123680114746094,25.690744400024414,26.21674346923828,26.68715476989746,27.091049194335938,27.425071716308594,27.6937198638916,27.906036376953125,28.071352005004883,28.197280883789062,28.29010772705078,28.35689353942871,28.40648651123047,28.448570251464844,28.491527557373047,28.54124641418457,28.60150909423828,28.67511558532715,28.763837814331055,28.866682052612305,28.97946548461914,29.09654426574707,29.213348388671875,29.327869415283203,29.439184188842773,29.545307159423828,29.642160415649414,29.72454833984375,29.788497924804688
22.38553810119629,22.218433380126953,22.13947868347168,22.163400650024414,22.29034996032715,22.51491355895996,22.83539390563965,23.255407333374023,23.7767276763916,24.390764236450195,25.075027465820312,25.797527313232422,26.525279998779297,27.23226547241211,27.902679443359375,28.52830696105957,29.102872848510742,29.617691040039062,30.061809539794922,30.426815032958984,30.711275100708008,30.921960830688477,31.07088279724121,31.171268463134766,31.23477554321289,31.271024703979492,31.289344787597656,31.300506591796875,31.316009521484375,31.344764709472656,31.390775680541992,31.453950881958008,31.533172607421875,31.627443313598633,31.73432731628418,31.848102569580078,31.9620361328125,32.07150650024414,32.17512512207031,32.2718505859375,32.35799789428711,32.427520751953125,32.47502136230469,32.498443603515625
25.395524978637695,25.18120002746582,25.052593231201172,25.039939880371094,25.157127380371094,25.403886795043945,25.773136138916016,26.25570297241211,26.83934211730957,27.505014419555664,28.225482940673828,28.96816635131836,29.700607299804688,30.395549774169922,31.03404998779297,31.605424880981445,32.10319137573242,32.52090835571289,32.85213851928711,33.09482955932617,33.25406265258789,33.34069061279297,33.36894607543945,33.35470199584961,33.3145866394043,33.26344299316406,33.213218688964844,33.174224853515625,33.156333923339844,33.16603469848633,33.20301818847656,33.2616081237793,33.33649826049805,33.42512130737305,33.5242919921875,33.62660217285156,33.72272872924805,33.80684280395508,33.878604888916016,33.938411712646484,33.98295211791992,34.005836486816406,34.002559661865234,33.97311782836914
28.683656692504883,28.417430877685547,28.242977142333984,28.19182586669922,28.283607482910156,28.522981643676758,28.900585174560547,29.397790908813477,29.989652633666992,30.644874572753906,31.328189849853516,32.00624465942383,32.65089797973633,33.238853454589844,33.75136947631836,34.17609786987305,34.50619125366211,34.73698806762695,34.86716842651367,34.904380798339844,34.865657806396484,34.77023696899414,34.63419723510742,34.47370910644531,34.30852508544922,34.15766143798828,34.03257369995117,33.938682556152344,33.881202697753906,33.86412811279297,33.88433074951172,33.93138885498047,33.99566650390625,34.072410583496094,34.15701675415039,34.23931884765625,34.306884765625,34.353294372558594,34.37981414794922,34.38920593261719,34.37965393066406,34.345821380615234,34.28477096557617,34.19850540161133
32.193641662597656,31.879959106445312,31.671648025512695,31.586780548095703,31.641403198242188,31.838590621948242,32.1640739440918,32.59541702270508,33.10744857788086,33.66654586791992,34.23149871826172,34.765838623046875,35.24395751953125,35.644493103027344,35.946407318115234,36.13666915893555,36.214111328125,36.18232345581055,36.04677963256836,35.823246002197266,35.54104232788086,35.229835510253906,34.908599853515625,34.59177017211914,34.29951095581055,34.0516471862793,33.85581970214844,33.709800720214844,33.61381530761719,33.57091522216797,33.57636260986328,33.61479949951172,33.670772552490234,33.7353401184082,33.80076217651367,33.85496139526367,33.886051177978516,33.88987731933594,33.86924362182617,33.827239990234375,33.762821197509766,33.67306137084961,33.55769729614258,33.42142868041992
35.74459457397461,35.39497756958008,35.14361572265625,35.00275802612305,34.995052337646484,35.1207160949707,35.350547790527344,35.65553283691406,36.01869583129883,36.41323471069336,36.79335021972656,37.11827087402344,37.36603546142578,37.517765045166016,37.54771041870117,37.442142486572266,37.21276092529297,36.880287170410156,36.45852279663086,35.96532440185547,35.43574523925781,34.9087028503418,34.40787124633789,33.946807861328125,33.543556213378906,33.21561813354492,32.9653434753418,32.78425216674805,32.66851043701172,32.61854934692383,32.62429428100586,32.66410827636719,32.71826171875,32.77448654174805,32.82126235961914,32.84580993652344,32.84098815917969,32.807472229003906,32.747615814208984,32.66200256347656,32.55113983154297,32.41714859008789,32.26374816894531,32.09774398803711
38.99953079223633,38.63543701171875,38.33369064331055,38.116886138916016,38.03007888793945,38.07146072387695,38.18734359741211,38.33684539794922,38.51430892944336,38.70263671875,38.850914001464844,38.91434097290039,38.880733489990234,38.74185562133789,38.47172546386719,38.05546569824219,37.51618957519531,36.89262390136719,36.20795822143555,35.479915618896484,34.74349594116211,34.042198181152344,33.40415573120117,32.84295654296875,32.37257766723633,32.00419998168945,31.734676361083984,31.552568435668945,31.451269149780273,31.423749923706055,31.449779510498047,31.50252914428711,31.563549041748047,31.621137619018555,31.65998649597168,31.666431427001953,31.63900375366211,31.582908630371094,31.49812126159668,31.382761001586914,31.242403030395508,31.08687973022461,30.92298126220703,30.75739288330078
41.53517150878906,41.1920051574707,40.86820602416992,40.5972785949707,40.442405700683594,40.39667510986328,40.38469314575195,40.35751724243164,40.32170104980469,40.271766662597656,40.15699005126953,39.933189392089844,39.59920883178711,39.162105560302734,38.60530471801758,37.9171028137207,37.12359619140625,36.26975631713867,35.38702392578125,34.49874496459961,33.63941955566406,32.84889602661133,32.153724670410156,31.56728172302246,31.098283767700195,30.74875259399414,30.509572982788086,30.368432998657227,30.316242218017578,30.337162017822266,30.401865005493164,30.48198127746582,30.56334114074707,30.635448455810547,30.680259704589844,30.68472671508789,30.65297508239746,30.592668533325195,30.5010986328125,30.37758445739746,30.235076904296875,30.08838653564453,29.94392967224121,29.808839797973633
