earth/public/data/atmosphere/C53/ANN-rh-isobaric-500hPa-gfs-1.0.json
{"header": {"discipline": 0, "disciplineName": "Meteorological products", "gribEdition": 2, "gribLength": 17922.0, "center": 0, "centerName": "Kiel Climate Model", "subcenter": 0, "refTime": "1", "significanceOfRT": 1, "significanceOfRTName": "Start of forecast", "productStatus": 0, "productStatusName": "Operational products", "productType": 1, "productTypeName": "Forecast products", "productDefinitionTemplate": 0, "productDefinitionTemplateName": "Analysis/forecast at horizontal level/layer at a point in time", "parameterCategory": 2, "parameterCategoryName": "Momentum", "parameterNumber": 2, "parameterNumberName": "U-component_of_wind", "parameterUnit": "%", "genProcessType": 2, "genProcessTypeName": "Forecast", "forecastTime": 0, "surface1Type": 103, "surface1TypeName": "Specified height level above ground", "surface1Value": 10, "surface2Type": 255, "surface2TypeName": "Missing", "surface2Value": 0, "gridDefinitionTemplate": 0, "gridDefinitionTemplateName": "Latitude_Longitude", "numberPoints": 65160, "shape": 6, "shapeName": "Earth spherical with radius of 6,371,229.0 m", "gridUnits": "degrees", "resolution": 48, "winds": "true", "scanMode": 0, "nx": 128.0, "ny": 64.0, "basicAngle": 0, "subDivisions": 0, "lo1": 0.0, "la1": 87.86379883923263, "lo2": 357.1875, "la2": -87.86379883923263, "dx": 2.8125, "dy": 2.7893269472772264}, "data":
[rows 38 to 56 of 64, columns 0 to 42 of 128]
0.32597947120666504,0.34217557311058044,0.3511677086353302,0.3584127426147461,0.3653850257396698,0.37268146872520447,0.38266637921333313,0.3943915069103241,0.4002631902694702,0.38872677087783813,0.3557685613632202,0.3166722357273102,0.29238319396972656,0.28403720259666443,0.2792540490627289,0.2747679352760315,0.2730693519115448,0.2711827754974365,0.26730141043663025,0.2640661299228668,0.261557400226593,0.2589189410209656,0.2581181526184082,0.2593736946582794,0.2608220875263214,0.26321935653686523,0.2680705487728119,0.2746174931526184,0.2818406820297241,0.2892083525657654,0.296297550201416,0.30388355255126953,0.31221553683280945,0.31945714354515076,0.32512620091438293,0.3308273255825043,0.3362169861793518,0.3399348258972168,0.3430839776992798,0.3467330038547516,0.3498774766921997,0.35245198011398315,0.3552611470222473
0.2960316240787506,0.3075692653656006,0.3111404776573181,0.30994680523872375,0.3106486201286316,0.31791990995407104,0.3315640687942505,0.3499818444252014,0.36794716119766235,0.3704621195793152,0.34581875801086426,0.3069223165512085,0.2788397967815399,0.2668977379798889,0.2592223286628723,0.25145742297172546,0.24637091159820557,0.2416253536939621,0.23484687507152557,0.22862842679023743,0.22409765422344208,0.22047993540763855,0.2191658765077591,0.22049757838249207,0.2221164107322693,0.22343416512012482,0.22606904804706573,0.23069451749324799,0.23675023019313812,0.24304482340812683,0.2485826015472412,0.2541057765483856,0.26049017906188965,0.26647982001304626,0.2709457576274872,0.27449455857276917,0.2772318422794342,0.27884674072265625,0.28017935156822205,0.2813584506511688,0.2814043164253235,0.2811613380908966,0.2822881042957306
0.2741889953613281,0.2833934426307678,0.28665024042129517,0.2835339903831482,0.28160274028778076,0.28522658348083496,0.2907605767250061,0.2978842854499817,0.30974888801574707,0.3183051645755768,0.3099585473537445,0.28845927119255066,0.27073684334754944,0.26147928833961487,0.2529963552951813,0.24370157718658447,0.2371480017900467,0.2315705120563507,0.22429867088794708,0.21721099317073822,0.21166086196899414,0.20685875415802002,0.20344462990760803,0.20219752192497253,0.20214316248893738,0.20267604291439056,0.20400452613830566,0.20604826509952545,0.20919246971607208,0.21385695040225983,0.21916034817695618,0.22431819140911102,0.2296859323978424,0.2351503074169159,0.23978650569915771,0.24301180243492126,0.24457766115665436,0.24474063515663147,0.2446068376302719,0.2447069138288498,0.24439457058906555,0.2436058521270752,0.24318969249725342
0.2718992531299591,0.27645814418792725,0.2787296175956726,0.27606168389320374,0.27354827523231506,0.27397459745407104,0.27305662631988525,0.2709560692310333,0.27418383955955505,0.2814197540283203,0.2831368148326874,0.27772796154022217,0.27244099974632263,0.26911237835884094,0.2636038661003113,0.2558704614639282,0.24862895905971527,0.24136090278625488,0.23324938118457794,0.22582077980041504,0.21956630051136017,0.21362273395061493,0.20829595625400543,0.2041701376438141,0.20128066837787628,0.20019100606441498,0.2008536010980606,0.20188134908676147,0.20316576957702637,0.20615015923976898,0.21073244512081146,0.21538034081459045,0.21974296867847443,0.22424547374248505,0.22846509516239166,0.23169749975204468,0.23370452225208282,0.23440566658973694,0.23406478762626648,0.23350761830806732,0.23324204981327057,0.23286159336566925,0.23199158906936646
0.28921404480934143,0.28872668743133545,0.28788408637046814,0.28386053442955017,0.278790146112442,0.27619656920433044,0.2759953439235687,0.27758458256721497,0.2817843556404114,0.28675490617752075,0.2886260151863098,0.28747203946113586,0.2865843176841736,0.28665274381637573,0.28581103682518005,0.2829613983631134,0.27755436301231384,0.26946523785591125,0.26037856936454773,0.25195515155792236,0.24383091926574707,0.23596760630607605,0.2296355962753296,0.22465726733207703,0.2199227660894394,0.21638496220111847,0.2153846025466919,0.2158660888671875,0.21660025417804718,0.21826116740703583,0.22125191986560822,0.22469979524612427,0.22827857732772827,0.23217129707336426,0.23577725887298584,0.23864786326885223,0.24129880964756012,0.24369439482688904,0.24482524394989014,0.2446189820766449,0.24424251914024353,0.24414022266864777,0.2437857687473297
0.31849613785743713,0.3165009319782257,0.3143499195575714,0.31045302748680115,0.303985595703125,0.29862260818481445,0.2989203929901123,0.3046645522117615,0.3111840784549713,0.3146786093711853,0.31542977690696716,0.315539687871933,0.3157917559146881,0.3163398504257202,0.31786662340164185,0.31940627098083496,0.3178105354309082,0.3120456039905548,0.3046368956565857,0.296986848115921,0.2879379391670227,0.2782069146633148,0.2706334888935089,0.2653065621852875,0.2599168121814728,0.2545992434024811,0.25144731998443604,0.25051355361938477,0.25040075182914734,0.25097283720970154,0.2526753544807434,0.2552616596221924,0.25858360528945923,0.26253706216812134,0.26614174246788025,0.2686792314052582,0.2709486186504364,0.27367037534713745,0.2760195732116699,0.27715641260147095,0.2776140868663788,0.278118759393692,0.2785751223564148
0.36354926228523254,0.3611690104007721,0.358627587556839,0.3564993441104889,0.3519282937049866,0.34610337018966675,0.3442194163799286,0.34746092557907104,0.35150301456451416,0.35385629534721375,0.3566412031650543,0.36081454157829285,0.3637858033180237,0.3647434413433075,0.3664083182811737,0.3691827356815338,0.36931848526000977,0.3651371896266937,0.3593829274177551,0.35360604524612427,0.3460950553417206,0.3368839919567108,0.32905858755111694,0.32388773560523987,0.3196273744106293,0.3154996335506439,0.31258565187454224,0.31113919615745544,0.3104836344718933,0.3107244074344635,0.31214430928230286,0.31420445442199707,0.31661176681518555,0.3197368383407593,0.32324111461639404,0.326045960187912,0.32797154784202576,0.32985055446624756,0.3320634365081787,0.3341839611530304,0.3358097970485687,0.33688804507255554,0.3375491499900818
0.4240133464336395,0.4215470552444458,0.4181445837020874,0.4160279929637909,0.41283518075942993,0.40791311860084534,0.40467503666877747,0.40489548444747925,0.4065040349960327,0.4084976613521576,0.4124932885169983,0.41807442903518677,0.4221310615539551,0.42421433329582214,0.4270854592323303,0.4305712580680847,0.4304777681827545,0.42523908615112305,0.4183397889137268,0.4125358760356903,0.4067113399505615,0.4000018835067749,0.39437538385391235,0.39145299792289734,0.3903421461582184,0.3896869719028473,0.38920700550079346,0.38894927501678467,0.3891354501247406,0.39043986797332764,0.3928573429584503,0.3951652944087982,0.39670950174331665,0.3984908163547516,0.4014003276824951,0.40465009212493896,0.40698111057281494,0.40842530131340027,0.40996670722961426,0.4120442569255829,0.4140763580799103,0.41530248522758484,0.41572248935699463
0.49062713980674744,0.49096184968948364,0.48854759335517883,0.4853334426879883,0.48108696937561035,0.47591039538383484,0.4721064269542694,0.47127100825309753,0.47242218255996704,0.4743158519268036,0.4768379330635071,0.4794488847255707,0.4813612699508667,0.4837211072444916,0.4882242977619171,0.49305522441864014,0.49376028776168823,0.4889218807220459,0.4816761314868927,0.4750227630138397,0.46903905272483826,0.46351122856140137,0.4599211513996124,0.4593715965747833,0.4608396589756012,0.46262380480766296,0.46405646204948425,0.4653834402561188,0.46721816062927246,0.47018107771873474,0.47406721115112305,0.477605402469635,0.47988876700401306,0.4815598428249359,0.48376792669296265,0.4864874482154846,0.4887489080429077,0.4901637136936188,0.49137037992477417,0.492999404668808,0.4948098957538605,0.4960821866989136,0.4965686798095703
0.5579418540000916,0.5609052181243896,0.5599483847618103,0.5563041567802429,0.5515275597572327,0.5466442704200745,0.5428398251533508,0.5410295724868774,0.5410464406013489,0.5419659614562988,0.542732298374176,0.5424993634223938,0.5414736270904541,0.5413415431976318,0.5434585213661194,0.5466108322143555,0.5479783415794373,0.5462139844894409,0.5421116948127747,0.5366138219833374,0.5301621556282043,0.5240873694419861,0.5205363631248474,0.5203113555908203,0.5221150517463684,0.5244041085243225,0.526862621307373,0.5297739505767822,0.5330960750579834,0.5366493463516235,0.5404137969017029,0.5441839694976807,0.5474298000335693,0.5498189330101013,0.5515819191932678,0.5531839728355408,0.5548486709594727,0.5565086603164673,0.5580694079399109,0.5595603585243225,0.5610195398330688,0.5623245239257812,0.5632648468017578
0.618976354598999,0.6204586029052734,0.6181619763374329,0.6141636967658997,0.6109851002693176,0.6089940667152405,0.6071252822875977,0.6049590706825256,0.6033113598823547,0.6029574871063232,0.6032336950302124,0.6022827625274658,0.5988831520080566,0.5938240885734558,0.5892071723937988,0.5866011381149292,0.586098313331604,0.5865959525108337,0.5863805413246155,0.5839711427688599,0.5794271230697632,0.5747624635696411,0.5722351670265198,0.5722399353981018,0.5735456943511963,0.5753419399261475,0.5779858827590942,0.5816373825073242,0.5853358507156372,0.5880857110023499,0.5901674628257751,0.5926064848899841,0.5956307649612427,0.5983778238296509,0.6001438498497009,0.601321816444397,0.6027865409851074,0.6047009825706482,0.6064041256904602,0.6074197888374329,0.6081100106239319,0.6091280579566956,0.610573947429657
0.6638195514678955,0.6630499362945557,0.6591618061065674,0.6551820039749146,0.6534833908081055,0.6532947421073914,0.652205765247345,0.6495593786239624,0.6474459767341614,0.6481406688690186,0.651008665561676,0.6523832678794861,0.6486246585845947,0.6393210887908936,0.6277183294296265,0.6182926297187805,0.6137189269065857,0.6134809255599976,0.6148568391799927,0.6153741478919983,0.6147124767303467,0.6143526434898376,0.6154325008392334,0.6173722147941589,0.6188888549804688,0.6198650598526001,0.6214183568954468,0.6241651773452759,0.6272684931755066,0.6296043992042542,0.6312687397003174,0.6332642436027527,0.6359571814537048,0.6385805010795593,0.6403854489326477,0.6416414380073547,0.6430401802062988,0.6444599628448486,0.6449849605560303,0.6442127227783203,0.6430271863937378,0.6427369713783264,0.6437413692474365
0.6869767904281616,0.6863438487052917,0.6841431260108948,0.6821488738059998,0.6808403730392456,0.6787103414535522,0.6744999885559082,0.6698803901672363,0.6690061688423157,0.6746634244918823,0.6847081184387207,0.6925880908966064,0.6918807029724121,0.6809965968132019,0.6641749143600464,0.6482621431350708,0.6381642818450928,0.6344776153564453,0.6346080899238586,0.6358051300048828,0.637252926826477,0.6396493315696716,0.6433245539665222,0.6472917795181274,0.6502408385276794,0.6520394086837769,0.6537981033325195,0.6565269827842712,0.6601541042327881,0.6639482378959656,0.6674580574035645,0.6706572771072388,0.6734386682510376,0.6755385398864746,0.6770734190940857,0.6786655783653259,0.6806197166442871,0.6821498870849609,0.6819059252738953,0.679432213306427,0.6758522391319275,0.6729109287261963,0.6714983582496643
0.6909375786781311,0.6909340620040894,0.6921414732933044,0.693989098072052,0.694377601146698,0.691161036491394,0.6848081350326538,0.6796169281005859,0.6814084649085999,0.6928081512451172,0.7100209593772888,0.7242727875709534,0.7272694706916809,0.7165570855140686,0.6967640519142151,0.6760900020599365,0.6610554456710815,0.6534075140953064,0.6508737206459045,0.6502904891967773,0.6501740217208862,0.6509428024291992,0.653408408164978,0.6574714183807373,0.6622111201286316,0.6668530106544495,0.6713575124740601,0.6761311888694763,0.6813960075378418,0.6868929862976074,0.6920000314712524,0.6960192918777466,0.6985541582107544,0.6999236941337585,0.7012332677841187,0.7036754488945007,0.7073848247528076,0.7109406590461731,0.7122463583946228,0.7101627588272095,0.7053982019424438,0.6998891234397888,0.695397138595581
0.6929903626441956,0.6933084726333618,0.6965622901916504,0.7013168931007385,0.7045160531997681,0.7037635445594788,0.6998335123062134,0.6971110701560974,0.7009233832359314,0.7133291959762573,0.7306249737739563,0.7448567152023315,0.7485633492469788,0.7393833994865417,0.7212366461753845,0.7014527320861816,0.6861890554428101,0.6774446964263916,0.6733592748641968,0.6708804965019226,0.6683754920959473,0.6663516759872437,0.666290819644928,0.6690210700035095,0.6740201711654663,0.6799444556236267,0.6856484413146973,0.6907862424850464,0.6956386566162109,0.7004683017730713,0.7049973011016846,0.7084726691246033,0.7103245854377747,0.710901141166687,0.7115499377250671,0.713760495185852,0.7179135680198669,0.7226919531822205,0.7257735133171082,0.7253511548042297,0.7213209867477417,0.7153027057647705,0.7096279859542847
0.707140326499939,0.7082965970039368,0.7111806869506836,0.715152382850647,0.7182952165603638,0.7189498543739319,0.7174077033996582,0.716249406337738,0.7187249660491943,0.7261849641799927,0.7365328669548035,0.7450546622276306,0.7472090125083923,0.7414247989654541,0.7299364805221558,0.7171652317047119,0.7069536447525024,0.7006407380104065,0.6971404552459717,0.6945776343345642,0.6920170187950134,0.6900017261505127,0.6897468566894531,0.6918792724609375,0.6958109140396118,0.7001626491546631,0.7037736773490906,0.7064313292503357,0.708767831325531,0.711478054523468,0.7145441770553589,0.7171312570571899,0.7182663679122925,0.7177566289901733,0.716559886932373,0.7162273526191711,0.7177748680114746,0.720843493938446,0.7238088250160217,0.7247937917709351,0.7228805422782898,0.7187216281890869,0.7142093777656555
0.7191079258918762,0.7205091118812561,0.7216547131538391,0.7227315306663513,0.723265528678894,0.7226284742355347,0.7208110094070435,0.7187522053718567,0.7178390026092529,0.7188889980316162,0.7214140295982361,0.7237826585769653,0.7242199182510376,0.7219268083572388,0.7175137400627136,0.7124862670898438,0.7082346677780151,0.7053039073944092,0.7034180760383606,0.7020958662033081,0.7012581825256348,0.7013116478919983,0.7026888728141785,0.7052950859069824,0.7083790898323059,0.710976243019104,0.7125799655914307,0.7135010361671448,0.7145906090736389,0.716514527797699,0.7191162109375,0.7213824391365051,0.7220860123634338,0.7206758856773376,0.7177715301513672,0.7148811221122742,0.7135034799575806,0.7142043113708496,0.7162778377532959,0.7182120084762573,0.7186440229415894,0.7172179222106934,0.7148265242576599
0.7168205380439758,0.7170043587684631,0.7168779373168945,0.7168017029762268,0.7167657017707825,0.7164532542228699,0.7155414819717407,0.7139859795570374,0.7120726704597473,0.710216224193573,0.708688497543335,0.7074888348579407,0.7064353823661804,0.7053653001785278,0.7042704224586487,0.703269898891449,0.7024862170219421,0.701964259147644,0.701710045337677,0.7017979621887207,0.7024031281471252,0.70368891954422,0.7056142091751099,0.7078377604484558,0.7098459601402283,0.7112646102905273,0.7121438980102539,0.7129780054092407,0.714389443397522,0.7166529893875122,0.7193777561187744,0.721601665019989,0.722294807434082,0.7209817171096802,0.7180951833724976,0.714819073677063,0.7124828696250916,0.7118672132492065,0.7128204703330994,0.7144163846969604,0.715546727180481,0.715606689453125,0.7148726582527161
0.7149605751037598,0.7135405540466309,0.7126633524894714,0.7127622365951538,0.7138581275939941,0.7155689597129822,0.7172846794128418,0.718423068523407,0.7186352610588074,0.7178938984870911,0.7164413928985596,0.7146669626235962,0.712965726852417,0.7116385102272034,0.7108445763587952,0.7106030583381653,0.7108362913131714,0.7114267945289612,0.7122734785079956,0.7133135199546814,0.7145000696182251,0.7157521843910217,0.7169257402420044,0.7178454995155334,0.718402087688446,0.7186612486839294,0.7188996076583862,0.7195080518722534,0.7207868695259094,0.7227330803871155,0.7249547839164734,0.7267908453941345,0.7275981307029724,0.7270644903182983,0.7253761887550354,0.7231355309486389,0.7210690975189209,0.7196842432022095,0.7190596461296082,0.7188912034034729,0.718753457069397,0.7184311151504517,0.7181186079978943
