earth/public/data/atmosphere/C53/ANN-wind-isobaric-700hPa-gfs-1.0.json
{"header": {"discipline": 0, "disciplineName": "Meteorological products", "gribEdition": 2, "gribLength": 17922.0, "center": 0, "centerName": "Kiel Climate Model", "subcenter": 0, "refTime": "1", "significanceOfRT": 1, "significanceOfRTName": "Start of forecast", "productStatus": 0, "productStatusName": "Operational products", "productType": 1, "productTypeName": "Forecast products", "productDefinitionTemplate": 0, "productDefinitionTemplateName": "Analysis/forecast at horizontal level/layer at a point in time", "parameterCategory": 2, "parameterCategoryName": "Momentum", "parameterNumber": 2, "parameterNumberName": "U-component_of_wind", "parameterUnit": "m/s", "genProcessType": 2, "genProcessTypeName": "Forecast", "forecastTime": 0, "surface1Type": 103, "surface1TypeName": "Specified height level above ground", "surface1Value": 10, "surface2Type": 255, "surface2TypeName": "Missing", "surface2Value": 0, "gridDefinitionTemplate": 0, "gridDefinitionTemplateName": "Latitude_Longitude", "numberPoints": 65160, "shape": 6, "shapeName": "Earth spherical with radius of 6,371,229.0 m", "gridUnits": "degrees", "resolution": 48, "winds": "true", "scanMode": 0, "nx": 128.0, "ny": 64.0, "basicAngle": 0, "subDivisions": 0, "lo1": 0.0, "la1": 87.86379883923263, "lo2": 357.1875, "la2": -87.86379883923263, "dx": 2.8125, "dy": 2.7893269472772264}, "data":
[rows 38 to 56 of 64, columns 0 to 42 of 128]
-2.4716529846191406,-2.276357889175415,-1.77849280834198,-1.3390135765075684,-1.1031361818313599,-1.1004841327667236,-1.3435431718826294,-1.6018224954605103,-1.715667486190796,-1.9507683515548706,-2.4482574462890625,-2.8677101135253906,-2.9821958541870117,-2.9552862644195557,-2.9000678062438965,-2.77337908744812,-2.631314754486084,-2.571643114089966,-2.5694215297698975,-2.560652732849121,-2.5435025691986084,-2.5315301418304443,-2.5020604133605957,-2.4294795989990234,-2.3268654346466064,-2.2166125774383545,-2.1005632877349854,-1.9846656322479248,-1.8710936307907104,-1.745407223701477,-1.6307915449142456,-1.5622224807739258,-1.497143030166626,-1.400875210762024,-1.3337723016738892,-1.3024768829345703,-1.2215009927749634,-1.109153151512146,-1.0497077703475952,-0.9901519417762756,-0.8578030467033386,-0.7246626019477844,-0.6341086030006409
-0.42780715227127075,-0.09586989134550095,0.39352524280548096,0.8361343145370483,1.136367678642273,1.2708269357681274,1.2168614864349365,1.0731902122497559,0.9364956617355347,0.627663254737854,-0.08977024257183075,-1.0855602025985718,-1.9649187326431274,-2.49611496925354,-2.7423622608184814,-2.8535382747650146,-2.8896846771240234,-2.870922803878784,-2.85127329826355,-2.841937303543091,-2.7941482067108154,-2.7192931175231934,-2.670433759689331,-2.623413324356079,-2.5287539958953857,-2.4033613204956055,-2.280045509338379,-2.1617376804351807,-2.03515362739563,-1.8818029165267944,-1.7231202125549316,-1.6066405773162842,-1.5026272535324097,-1.3573267459869385,-1.2263610363006592,-1.1620309352874756,-1.090930461883545,-0.9743348360061646,-0.8750247359275818,-0.7832044959068298,-0.6368759274482727,-0.47989189624786377,-0.3669203221797943
1.513439416885376,1.8656134605407715,2.143721580505371,2.385354995727539,2.6154494285583496,2.8254823684692383,2.9645514488220215,2.9605674743652344,2.816195249557495,2.527784824371338,1.9297451972961426,0.9120286703109741,-0.24424798786640167,-1.105751633644104,-1.5988301038742065,-1.9254937171936035,-2.136101007461548,-2.179543972015381,-2.1556482315063477,-2.165254592895508,-2.147740602493286,-2.0645968914031982,-1.9778704643249512,-1.8994653224945068,-1.796019196510315,-1.6775429248809814,-1.552092432975769,-1.4154114723205566,-1.2895545959472656,-1.1690070629119873,-1.027613878250122,-0.9010481238365173,-0.8164497017860413,-0.7206535935401917,-0.6024162769317627,-0.5235908031463623,-0.4758371412754059,-0.39736178517341614,-0.30169975757598877,-0.22824415564537048,-0.15812063217163086,-0.07328159362077713,0.012352990917861462
3.5207958221435547,3.7393455505371094,3.7297427654266357,3.744002103805542,3.844788074493408,3.971592903137207,4.104711055755615,4.144036769866943,3.98280930519104,3.6670539379119873,3.199840545654297,2.457396984100342,1.5283942222595215,0.7432127594947815,0.23058277368545532,-0.1402735412120819,-0.40022456645965576,-0.4865390360355377,-0.4795806109905243,-0.48948562145233154,-0.4896276295185089,-0.44166699051856995,-0.3672533333301544,-0.26771780848503113,-0.15107396245002747,-0.04779289662837982,0.07290331274271011,0.23779894411563873,0.37551215291023254,0.4552086293697357,0.5541706085205078,0.678692102432251,0.7506720423698425,0.7907654643058777,0.8698529601097107,0.9488560557365417,0.9716606140136719,0.9846287965774536,1.0241789817810059,1.0430364608764648,1.0236791372299194,1.019843578338623,1.056110143661499
5.959266662597656,6.001530647277832,5.8126044273376465,5.689931392669678,5.59289026260376,5.374373435974121,5.157186031341553,5.049135208129883,4.920642852783203,4.681833744049072,4.381931304931641,4.010706424713135,3.534886360168457,3.041289806365967,2.6317367553710938,2.323655366897583,2.123116970062256,2.0296740531921387,2.0001540184020996,2.014646053314209,2.0757946968078613,2.1407923698425293,2.193683624267578,2.2880892753601074,2.4115254878997803,2.491292715072632,2.562544345855713,2.695161819458008,2.8214199542999268,2.872955083847046,2.9286551475524902,3.0363380908966064,3.111316680908203,3.128237247467041,3.1630890369415283,3.211381196975708,3.2013726234436035,3.152336597442627,3.1241159439086914,3.09592866897583,3.037956714630127,2.9905543327331543,2.977701425552368
8.48115348815918,8.45986557006836,8.251482009887695,8.064172744750977,7.8049397468566895,7.317618370056152,6.824804306030273,6.6184163093566895,6.599881172180176,6.514569282531738,6.346868991851807,6.203732013702393,6.061321258544922,5.842248439788818,5.593929767608643,5.435748100280762,5.377832889556885,5.3144025802612305,5.218853950500488,5.202324867248535,5.301008701324463,5.392858982086182,5.4279327392578125,5.507359027862549,5.64570426940918,5.727846145629883,5.748942852020264,5.81206750869751,5.90342903137207,5.938658714294434,5.951107025146484,6.004353046417236,6.047377109527588,6.027518272399902,5.990878105163574,5.967482089996338,5.917757511138916,5.83510684967041,5.75790548324585,5.686713218688965,5.6015543937683105,5.517345428466797,5.443920612335205
10.499720573425293,10.577435493469238,10.423197746276855,10.180807113647461,9.91552448272705,9.572489738464355,9.28133773803711,9.245498657226562,9.36419677734375,9.35129451751709,9.164909362792969,9.000533103942871,8.938323020935059,8.888467788696289,8.839753150939941,8.886089324951172,8.993535995483398,8.994978904724121,8.876656532287598,8.825826644897461,8.91348648071289,8.987934112548828,8.974264144897461,8.997541427612305,9.113417625427246,9.201711654663086,9.209365844726562,9.228805541992188,9.288094520568848,9.309037208557129,9.280864715576172,9.26540470123291,9.256319046020508,9.200162887573242,9.107012748718262,9.019845962524414,8.9349946975708,8.830153465270996,8.711197853088379,8.589487075805664,8.460942268371582,8.321228981018066,8.171493530273438
12.126158714294434,12.351533889770508,12.26343822479248,11.994180679321289,11.808335304260254,11.752717018127441,11.78305435180664,11.915393829345703,12.08144474029541,12.10137939453125,11.932907104492188,11.746692657470703,11.684341430664062,11.727714538574219,11.841259002685547,12.035080909729004,12.23501968383789,12.300976753234863,12.249175071716309,12.258832931518555,12.387157440185547,12.486117362976074,12.472107887268066,12.453753471374512,12.509742736816406,12.561615943908691,12.550287246704102,12.536571502685547,12.555456161499023,12.548259735107422,12.488851547241211,12.427190780639648,12.38177490234375,12.312514305114746,12.2075777053833,12.09727954864502,11.98534870147705,11.844559669494629,11.67460823059082,11.505273818969727,11.344732284545898,11.167901992797852,10.961359024047852
13.474130630493164,13.742349624633789,13.763412475585938,13.615362167358398,13.544066429138184,13.583667755126953,13.621353149414062,13.657099723815918,13.759459495544434,13.887330055236816,13.94683837890625,13.948822975158691,13.982952117919922,14.101600646972656,14.306306838989258,14.567366600036621,14.797813415527344,14.902790069580078,14.910822868347168,14.958477973937988,15.10135269165039,15.250244140625,15.332194328308105,15.384819984436035,15.443462371826172,15.465658187866211,15.426732063293457,15.376224517822266,15.347375869750977,15.307472229003906,15.233952522277832,15.152706146240234,15.075875282287598,14.979459762573242,14.858430862426758,14.735122680664062,14.603921890258789,14.430656433105469,14.216975212097168,14.008990287780762,13.828134536743164,13.641992568969727,13.422600746154785
14.102224349975586,14.27524185180664,14.404275894165039,14.479375839233398,14.567435264587402,14.62320613861084,14.567727088928223,14.484353065490723,14.550707817077637,14.803421020507812,15.106659889221191,15.338213920593262,15.505111694335938,15.68714427947998,15.94359302520752,16.26715087890625,16.57578468322754,16.764554977416992,16.804241180419922,16.773754119873047,16.77577781677246,16.852115631103516,16.988876342773438,17.149904251098633,17.280227661132812,17.32895278930664,17.299530029296875,17.24340057373047,17.192325592041016,17.135055541992188,17.060726165771484,16.976394653320312,16.876882553100586,16.746736526489258,16.598392486572266,16.46281623840332,16.335203170776367,16.174259185791016,15.966001510620117,15.746347427368164,15.546027183532715,15.351298332214355,15.138066291809082
13.927727699279785,13.972299575805664,14.083328247070312,14.227909088134766,14.385574340820312,14.50084400177002,14.53148365020752,14.540903091430664,14.654104232788086,14.913785934448242,15.239465713500977,15.528884887695312,15.754228591918945,15.964305877685547,16.235307693481445,16.61258316040039,17.054058074951172,17.425552368164062,17.592214584350586,17.53807258605957,17.38809585571289,17.305927276611328,17.368600845336914,17.527395248413086,17.673690795898438,17.738662719726562,17.732303619384766,17.69733428955078,17.650156021118164,17.582622528076172,17.497779846191406,17.40885353088379,17.31028175354004,17.184568405151367,17.03969955444336,16.908010482788086,16.799997329711914,16.68694496154785,16.539871215820312,16.363752365112305,16.180747985839844,15.999141693115234,15.811875343322754
13.266324043273926,13.268314361572266,13.28260612487793,13.309882164001465,13.376229286193848,13.49415397644043,13.635235786437988,13.76514720916748,13.886337280273438,14.033112525939941,14.232400894165039,14.472237586975098,14.707639694213867,14.912412643432617,15.134139060974121,15.472490310668945,15.965237617492676,16.49846076965332,16.867923736572266,16.955121994018555,16.833948135375977,16.693113327026367,16.66267967224121,16.726957321166992,16.79176139831543,16.80228042602539,16.776790618896484,16.747089385986328,16.706655502319336,16.63188934326172,16.528066635131836,16.425230026245117,16.3353271484375,16.239797592163086,16.123939514160156,16.002208709716797,15.898604393005371,15.81484317779541,15.730156898498535,15.62700366973877,15.50798225402832,15.389379501342773,15.281774520874023
11.907526016235352,11.943678855895996,11.944421768188477,11.909896850585938,11.89051628112793,11.937628746032715,12.039498329162598,12.134122848510742,12.189473152160645,12.252176284790039,12.398359298706055,12.636550903320312,12.8794527053833,13.03571605682373,13.129937171936035,13.3042631149292,13.675043106079102,14.191352844238281,14.658246040344238,14.908754348754883,14.942035675048828,14.888958930969238,14.863903045654297,14.873610496520996,14.862255096435547,14.807205200195312,14.742853164672852,14.702536582946777,14.671836853027344,14.613643646240234,14.522339820861816,14.430550575256348,14.36516284942627,14.315244674682617,14.251518249511719,14.165562629699707,14.077485084533691,14.0075044631958,13.950576782226562,13.88493537902832,13.802103996276855,13.723461151123047,13.68166446685791
9.627738952636719,9.667415618896484,9.716736793518066,9.734551429748535,9.721378326416016,9.70649528503418,9.707476615905762,9.725693702697754,9.781360626220703,9.925084114074707,10.185001373291016,10.499818801879883,10.731463432312012,10.776788711547852,10.67822551727295,10.609673500061035,10.732621192932129,11.057755470275879,11.447261810302734,11.747323989868164,11.909668922424316,11.989367485046387,12.049960136413574,12.095955848693848,12.096729278564453,12.04877758026123,11.990575790405273,11.958239555358887,11.946735382080078,11.925759315490723,11.885004043579102,11.848882675170898,11.845582008361816,11.872732162475586,11.901358604431152,11.908662796020508,11.897130966186523,11.878988265991211,11.849380493164062,11.785066604614258,11.673766136169434,11.541749000549316,11.445281982421875
7.082494735717773,7.079555511474609,7.132544040679932,7.180890083312988,7.183600902557373,7.146148681640625,7.1148223876953125,7.156907081604004,7.335794925689697,7.674928188323975,8.1184663772583,8.526208877563477,8.736372947692871,8.671001434326172,8.402819633483887,8.115728378295898,7.9810380935668945,8.04999828338623,8.24907398223877,8.466416358947754,8.639867782592773,8.772372245788574,8.885478019714355,8.978468894958496,9.034234046936035,9.050105094909668,9.047395706176758,9.048940658569336,9.057018280029297,9.059916496276855,9.056842803955078,9.067378044128418,9.113492012023926,9.19599437713623,9.293536186218262,9.383344650268555,9.457330703735352,9.514362335205078,9.540865898132324,9.50717830657959,9.391558647155762,9.210616111755371,9.023743629455566
5.027915000915527,5.024229049682617,5.073794364929199,5.131042957305908,5.156161308288574,5.149920463562012,5.163538455963135,5.276525974273682,5.551668167114258,5.987192153930664,6.493905544281006,6.920450687408447,7.124347686767578,7.050952911376953,6.766491413116455,6.41781759262085,6.145511627197266,6.012773036956787,5.996819972991943,6.035757064819336,6.082876682281494,6.126605033874512,6.174445152282715,6.229884624481201,6.286506175994873,6.33640718460083,6.3766865730285645,6.406252384185791,6.4216837882995605,6.421276569366455,6.412720203399658,6.413000583648682,6.437155723571777,6.487227916717529,6.5536041259765625,6.627185821533203,6.7071428298950195,6.793704509735107,6.8730621337890625,6.913191795349121,6.881505966186523,6.772762298583984,6.623139381408691
3.4674737453460693,3.501312494277954,3.576286792755127,3.6651127338409424,3.7378835678100586,3.7870566844940186,3.8401594161987305,3.948784351348877,4.1573896408081055,4.468735218048096,4.8286333084106445,5.143348217010498,5.323217391967773,5.3275017738342285,5.182212829589844,4.960080146789551,4.7372002601623535,4.556753635406494,4.420861721038818,4.309518337249756,4.206308364868164,4.111509323120117,4.037371635437012,3.9955480098724365,3.9880595207214355,4.006371974945068,4.035597324371338,4.059961795806885,4.067813873291016,4.055572986602783,4.028518199920654,3.996767997741699,3.968844175338745,3.9482812881469727,3.9368040561676025,3.9402482509613037,3.969534158706665,4.03238582611084,4.121553897857666,4.211215019226074,4.268734931945801,4.275694847106934,4.243156909942627
2.1712872982025146,2.193706750869751,2.2491283416748047,2.3241164684295654,2.396898031234741,2.451295852661133,2.4880669116973877,2.525697946548462,2.5888450145721436,2.691495418548584,2.8254499435424805,2.962012529373169,3.0659055709838867,3.1125667095184326,3.0978879928588867,3.0352141857147217,2.9434595108032227,2.835566759109497,2.7150299549102783,2.5809764862060547,2.436004877090454,2.290395498275757,2.159534215927124,2.057541847229004,1.9911155700683594,1.9574201107025146,1.946010708808899,1.9436404705047607,1.9389077425003052,1.9252490997314453,1.9009989500045776,1.8673639297485352,1.8264389038085938,1.7813944816589355,1.7385765314102173,1.7089673280715942,1.7057456970214844,1.7374358177185059,1.8008044958114624,1.8793046474456787,1.9505177736282349,1.9991636276245117,2.027364730834961
1.1371910572052002,1.1110239028930664,1.1014480590820312,1.1112505197525024,1.133905291557312,1.1584886312484741,1.1761499643325806,1.184622049331665,1.1880803108215332,1.192987322807312,1.203155517578125,1.2170262336730957,1.228581428527832,1.2306987047195435,1.2180784940719604,1.1884045600891113,1.1411736011505127,1.0761741399765015,0.9929647445678711,0.8920426964759827,0.776570737361908,0.6531919836997986,0.5312160849571228,0.42026862502098083,0.3278180956840515,0.25756579637527466,0.20916496217250824,0.17904260754585266,0.1617780327796936,0.15123601257801056,0.14136521518230438,0.12692710757255554,0.10467050224542618,0.07487393170595169,0.04239974543452263,0.016045352444052696,0.00567307835444808,0.017818495631217957,0.05225734785199165,0.101659394800663,0.15573208034038544,0.20755739510059357,0.2587512731552124
