earth/public/data/atmosphere/C53/ANN-temp-isobaric-100hPa-gfs-1.0.json
{"header": {"discipline": 0, "disciplineName": "Meteorological products", "gribEdition": 2, "gribLength": 17922.0, "center": 0, "centerName": "Kiel Climate Model", "subcenter": 0, "refTime": "1", "significanceOfRT": 1, "significanceOfRTName": "Start of forecast", "productStatus": 0, "productStatusName": "Operational products", "productType": 1, "productTypeName": "Forecast products", "productDefinitionTemplate": 0, "productDefinitionTemplateName": "Analysis/forecast at horizontal level/layer at a point in time", "parameterCategory": 2, "parameterCategoryName": "Momentum", "parameterNumber": 2, "parameterNumberName": "U-component_of_wind", "parameterUnit": "K", "genProcessType": 2, "genProcessTypeName": "Forecast", "forecastTime": 0, "surface1Type": 103, "surface1TypeName": "Specified height level above ground", "surface1Value": 10, "surface2Type": 255, "surface2TypeName": "Missing", "surface2Value": 0, "gridDefinitionTemplate": 0, "gridDefinitionTemplateName": "Latitude_Longitude", "numberPoints": 65160, "shape": 6, "shapeName": "Earth spherical with radius of 6,371,229.0 m", "gridUnits": "degrees", "resolution": 48, "winds": "true", "scanMode": 0, "nx": 128.0, "ny": 64.0, "basicAngle": 0, "subDivisions": 0, "lo1": 0.0, "la1": 87.86379883923263, "lo2": 357.1875, "la2": -87.86379883923263, "dx": 2.8125, "dy": 2.7893269472772264}, "data":
[rows 19 to 37 of 64, columns 0 to 43 of 128]
211.73452758789062,211.7823944091797,211.833984375,211.89096069335938,211.95281982421875,212.0175018310547,212.0844268798828,212.15386962890625,212.2248077392578,212.2969207763672,212.37254333496094,212.4534912109375,212.5377197265625,212.62245178222656,212.70846557617188,212.79788208007812,212.88946533203125,212.97781372070312,213.0567169189453,213.12344360351562,213.18006896972656,213.22909545898438,213.26809692382812,213.2928924560547,213.30288696289062,213.29751586914062,213.27259826660156,213.23016357421875,213.18487548828125,213.1484375,213.11431884765625,213.07107543945312,213.02154541015625,212.97610473632812,212.93701171875,212.90415954589844,212.88690185546875,212.8955078125,212.92697143554688,212.97161865234375,213.02847290039062,213.10174560546875,213.18666076660156,213.27037048339844
211.29843139648438,211.35675048828125,211.41531372070312,211.47665405273438,211.5383758544922,211.59597778320312,211.64910888671875,211.6992950439453,211.74533081054688,211.78514099121094,211.82003784179688,211.853271484375,211.88601684570312,211.91796875,211.9493408203125,211.98037719726562,212.01072692871094,212.03993225097656,212.06539916992188,212.0823516845703,212.08975219726562,212.09161376953125,212.0884552001953,212.07489013671875,212.0485382080078,212.01148986816406,211.96327209472656,211.90469360351562,211.84527587890625,211.7928924560547,211.7417449951172,211.68460083007812,211.62765502929688,211.58148193359375,211.54922485351562,211.53268432617188,211.53768920898438,211.56544494628906,211.60948181152344,211.66612243652344,211.73794555664062,211.82351684570312,211.9136505126953,212.00149536132812
210.67523193359375,210.73440551757812,210.78453063964844,210.82864379882812,210.8671112060547,210.89830017089844,210.92123413085938,210.93508911132812,210.93914794921875,210.93382263183594,210.9203643798828,210.9007110595703,210.8778076171875,210.85513305664062,210.8339385986328,210.81204223632812,210.7877197265625,210.76329040527344,210.7400665283203,210.713623046875,210.68133544921875,210.647705078125,210.61395263671875,210.57260131835938,210.52084350585938,210.46469116210938,210.40548706054688,210.33926391601562,210.26983642578125,210.20391845703125,210.13893127441406,210.0718994140625,210.01100158691406,209.96658325195312,209.94219970703125,209.93873596191406,209.95486450195312,209.98477172851562,210.02645874023438,210.08653259277344,210.16795349121094,210.26107788085938,210.35398864746094,210.44407653808594
209.91952514648438,209.9598846435547,209.9849395751953,209.99676513671875,209.99993896484375,209.99896240234375,209.99099731445312,209.96800231933594,209.92837524414062,209.87843322753906,209.82232666015625,209.7597198486328,209.69215393066406,209.625,209.56211853027344,209.50196838378906,209.44154357910156,209.38246154785156,209.32766723632812,209.2745361328125,209.2200927734375,209.16798400878906,209.11868286132812,209.0631103515625,208.99847412109375,208.93423461914062,208.87339782714844,208.80857849121094,208.7396240234375,208.67266845703125,208.60646057128906,208.5390625,208.47882080078125,208.4364776611328,208.4172821044922,208.4208526611328,208.43809509277344,208.45895385742188,208.4893035888672,208.5436553955078,208.62110900878906,208.70684814453125,208.79214477539062,208.87579345703125
209.09796142578125,209.10389709472656,209.09683227539062,209.0788116455078,209.0539093017578,209.0274200439453,208.99462890625,208.9432373046875,208.87030029296875,208.78465270996094,208.69422912597656,208.6014862060547,208.50802612304688,208.41641235351562,208.3288116455078,208.24586486816406,208.16629028320312,208.09078979492188,208.02288818359375,207.962158203125,207.90411376953125,207.84849548339844,207.79568481445312,207.739013671875,207.6760711669922,207.6160125732422,207.56228637695312,207.50621032714844,207.44467163085938,207.38299560546875,207.32171630859375,207.25978088378906,207.20327758789062,207.16148376464844,207.14242553710938,207.14694213867188,207.16082763671875,207.17112731933594,207.18881225585938,207.2308807373047,207.29196166992188,207.35861206054688,207.42982482910156,207.5028839111328
208.29129028320312,208.26318359375,208.2251434326172,208.18643188476562,208.14842224121094,208.1058807373047,208.05047607421875,207.97720336914062,207.88710021972656,207.78363037109375,207.6716766357422,207.55941772460938,207.45339965820312,207.3531036376953,207.25637817382812,207.1650390625,207.08026123046875,207.00047302246094,206.9278106689453,206.86587524414062,206.8116912841797,206.76028442382812,206.71096801757812,206.66165161132812,206.60963439941406,206.55877685546875,206.51211547851562,206.46356201171875,206.4084930419922,206.35101318359375,206.29556274414062,206.24313354492188,206.19497680664062,206.1561279296875,206.13638305664062,206.1378936767578,206.144287109375,206.1434326171875,206.14996337890625,206.18008422851562,206.22640991210938,206.27976989746094,206.34243774414062,206.4057159423828
207.56649780273438,207.51766967773438,207.45135498046875,207.39401245117188,207.35330200195312,207.30691528320312,207.23548889160156,207.14645385742188,207.05194091796875,206.9485321044922,206.8325958251953,206.7129364013672,206.59930419921875,206.4927215576172,206.39163208007812,206.29933166503906,206.2187957763672,206.14492797851562,206.07298278808594,206.00863647460938,205.95645141601562,205.9105224609375,205.8656768798828,205.82228088378906,205.77752685546875,205.7285919189453,205.67904663085938,205.63108825683594,205.58160400390625,205.53097534179688,205.48464965820312,205.44395446777344,205.40545654296875,205.37232971191406,205.3553924560547,205.35354614257812,205.34951782226562,205.3386993408203,205.33969116210938,205.36326599121094,205.40069580078125,205.447998046875,205.50628662109375,205.56080627441406
206.96279907226562,206.91064453125,206.8244171142578,206.74713134765625,206.703857421875,206.66375732421875,206.593505859375,206.50326538085938,206.41014099121094,206.3101806640625,206.2012176513672,206.08836364746094,205.97372436523438,205.862060546875,205.75889587402344,205.6656494140625,205.58636474609375,205.52001953125,205.45460510253906,205.38926696777344,205.33627319335938,205.29360961914062,205.24929809570312,205.20350646972656,205.15744018554688,205.10411071777344,205.04550170898438,204.99266052246094,204.94639587402344,204.90167236328125,204.8607940673828,204.8245086669922,204.78782653808594,204.7566375732422,204.74310302734375,204.73988342285156,204.72923278808594,204.71585083007812,204.71743774414062,204.7340850830078,204.75807189941406,204.793701171875,204.84292602539062,204.89337158203125
206.49819946289062,206.45977783203125,206.37493896484375,206.28622436523438,206.2324981689453,206.1936798095703,206.13961791992188,206.0723419189453,205.99044799804688,205.88999938964844,205.78927612304688,205.69163513183594,205.57980346679688,205.4650421142578,205.3671875,205.27598571777344,205.18807983398438,205.11758422851562,205.0550079345703,204.98611450195312,204.92489624023438,204.8775634765625,204.8269805908203,204.7705535888672,204.7175750732422,204.6610870361328,204.59608459472656,204.53526306152344,204.484130859375,204.4352264404297,204.38922119140625,204.34886169433594,204.30906677246094,204.2753448486328,204.2604522705078,204.25596618652344,204.24595642089844,204.2362060546875,204.23532104492188,204.2388458251953,204.2506561279297,204.27923583984375,204.31716918945312,204.35926818847656
206.15301513671875,206.1387939453125,206.08065795898438,206.00369262695312,205.94168090820312,205.8939666748047,205.8570098876953,205.8272705078125,205.76824951171875,205.67105102539062,205.58212280273438,205.5015411376953,205.38607788085938,205.26022338867188,205.16934204101562,205.08663940429688,204.98800659179688,204.90269470214844,204.8334503173828,204.75331115722656,204.67214965820312,204.60784912109375,204.54415893554688,204.4720001220703,204.4053192138672,204.3426971435547,204.27249145507812,204.20237731933594,204.14170837402344,204.0849609375,204.0323944091797,203.99021911621094,203.9528350830078,203.91836547851562,203.89739990234375,203.88922119140625,203.88294982910156,203.87477111816406,203.86187744140625,203.853515625,203.8788604736328,203.935302734375,203.9772491455078,203.99436950683594
205.8814697265625,205.88949584960938,205.86798095703125,205.82687377929688,205.7816925048828,205.73532104492188,205.707275390625,205.6991424560547,205.656005859375,205.56863403320312,205.499755859375,205.439208984375,205.3236083984375,205.1907196044922,205.1053466796875,205.0273895263672,204.91546630859375,204.8096160888672,204.7273406982422,204.6350860595703,204.53341674804688,204.447998046875,204.37060546875,204.28466796875,204.19964599609375,204.1226043701172,204.0438995361328,203.96463012695312,203.895751953125,203.8353271484375,203.7799835205078,203.7361297607422,203.70120239257812,203.66738891601562,203.64047241210938,203.6280059814453,203.62454223632812,203.6149139404297,203.58892822265625,203.57733154296875,203.63604736328125,203.74795532226562,203.82164001464844,203.8233184814453
205.67648315429688,205.6982879638672,205.7039031982422,205.70252990722656,205.6985321044922,205.67796325683594,205.65394592285156,205.6385040283203,205.594970703125,205.52108764648438,205.46743774414062,205.41648864746094,205.3179931640625,205.21246337890625,205.1414794921875,205.051513671875,204.91285705566406,204.77928161621094,204.67784118652344,204.57894897460938,204.4721221923828,204.37582397460938,204.291259765625,204.20187377929688,204.10617065429688,204.0161895751953,203.93060302734375,203.84368896484375,203.764404296875,203.6971893310547,203.635009765625,203.57998657226562,203.5363006591797,203.49884033203125,203.46841430664062,203.45263671875,203.4494171142578,203.44174194335938,203.41619873046875,203.40625,203.4752197265625,203.61166381835938,203.720703125,203.74920654296875
205.57373046875,205.6018829345703,205.62164306640625,205.64300537109375,205.67288208007812,205.68362426757812,205.66514587402344,205.6363525390625,205.59616088867188,205.54107666015625,205.47958374023438,205.4020538330078,205.31680297851562,205.2581024169922,205.1993408203125,205.07882690429688,204.9132080078125,204.76351928710938,204.64471435546875,204.541748046875,204.44488525390625,204.35137939453125,204.26510620117188,204.18077087402344,204.08819580078125,203.99647521972656,203.9117889404297,203.82223510742188,203.7311553955078,203.65220642089844,203.581298828125,203.51441955566406,203.4581298828125,203.413330078125,203.37948608398438,203.35980224609375,203.35354614257812,203.35250854492188,203.34425354003906,203.34030151367188,203.3831787109375,203.4816436767578,203.58604431152344,203.65367126464844
205.585205078125,205.61074829101562,205.64076232910156,205.66973876953125,205.70480346679688,205.72500610351562,205.70948791503906,205.67457580566406,205.64166259765625,205.6013641357422,205.52149963378906,205.40501403808594,205.31689453125,205.27529907226562,205.19187927246094,205.02789306640625,204.862548828125,204.73695373535156,204.619140625,204.5112762451172,204.42645263671875,204.3429412841797,204.25746154785156,204.17977905273438,204.09693908691406,204.00973510742188,203.92967224121094,203.8443603515625,203.7501983642578,203.66539001464844,203.59292602539062,203.52574157714844,203.46568298339844,203.4154052734375,203.3781280517578,203.3559112548828,203.3465118408203,203.35079956054688,203.36331176757812,203.37368774414062,203.39263916015625,203.43580627441406,203.49664306640625,203.56268310546875
205.70074462890625,205.7147674560547,205.75401306152344,205.78759765625,205.8091278076172,205.81507873535156,205.79151916503906,205.74002075195312,205.6832275390625,205.6291961669922,205.55067443847656,205.44688415527344,205.37155151367188,205.31118774414062,205.169677734375,204.9648895263672,204.8217010498047,204.7415771484375,204.63787841796875,204.52432250976562,204.4453125,204.37347412109375,204.2943878173828,204.22488403320312,204.1524200439453,204.06942749023438,203.99090576171875,203.91163635253906,203.8241424560547,203.74159240722656,203.67025756835938,203.60641479492188,203.54873657226562,203.4971466064453,203.4586944580078,203.437744140625,203.42758178710938,203.43043518066406,203.45028686523438,203.47369384765625,203.49356079101562,203.51609802246094,203.54116821289062,203.57308959960938
205.94078063964844,205.9434356689453,205.98077392578125,206.01312255859375,206.02005004882812,206.0079803466797,205.9725341796875,205.89549255371094,205.78599548339844,205.689208984375,205.62539672851562,205.5755157470703,205.52529907226562,205.4365234375,205.2567901611328,205.04522705078125,204.92002868652344,204.8572235107422,204.7588653564453,204.64337158203125,204.56573486328125,204.5028533935547,204.4344482421875,204.37379455566406,204.30926513671875,204.23004150390625,204.15037536621094,204.07286071777344,203.9922332763672,203.91317749023438,203.83872985839844,203.7718505859375,203.71469116210938,203.66351318359375,203.623779296875,203.60150146484375,203.58761596679688,203.58193969726562,203.59332275390625,203.61387634277344,203.63555908203125,203.6595458984375,203.67636108398438,203.68426513671875
206.33396911621094,206.33197021484375,206.35000610351562,206.3665313720703,206.3638153076172,206.34486389160156,206.308349609375,206.2282257080078,206.094482421875,205.96450805664062,205.89459228515625,205.8541259765625,205.78347778320312,205.6621551513672,205.4959259033203,205.32723999023438,205.21151733398438,205.12936401367188,205.02650451660156,204.91879272460938,204.84182739257812,204.78012084960938,204.7177734375,204.65892028808594,204.59393310546875,204.51611328125,204.43460083007812,204.3531036376953,204.27291870117188,204.1951904296875,204.11639404296875,204.04261779785156,203.98187255859375,203.92861938476562,203.88311767578125,203.85122680664062,203.82656860351562,203.80874633789062,203.80645751953125,203.81263732910156,203.819580078125,203.8325958251953,203.84495544433594,203.84654235839844
206.86961364746094,206.86874389648438,206.8636932373047,206.8578338623047,206.84857177734375,206.8277130126953,206.79299926757812,206.73214721679688,206.6250762939453,206.50051879882812,206.40606689453125,206.31639099121094,206.18455505371094,206.03536987304688,205.90907287597656,205.79763793945312,205.6868896484375,205.57872009277344,205.47384643554688,205.37841796875,205.299560546875,205.2319793701172,205.16836547851562,205.10269165039062,205.02821350097656,204.9464569091797,204.86016845703125,204.76922607421875,204.6815643310547,204.60020446777344,204.5161895751953,204.43348693847656,204.36355590820312,204.3022918701172,204.24656677246094,204.20150756835938,204.16371154785156,204.1328125,204.1168975830078,204.10992431640625,204.10108947753906,204.09542846679688,204.0955047607422,204.0935821533203
207.53018188476562,207.53651428222656,207.52491760253906,207.50657653808594,207.48983764648438,207.4578399658203,207.40724182128906,207.3500518798828,207.27536010742188,207.1789093017578,207.07748413085938,206.9573974609375,206.80262756347656,206.65713500976562,206.5576629638672,206.46759033203125,206.3511505126953,206.2290802001953,206.1252899169922,206.0343780517578,205.95010375976562,205.87612915039062,205.80796813964844,205.7320556640625,205.64559936523438,205.55606079101562,205.46139526367188,205.35804748535156,205.25753784179688,205.16587829589844,205.07257080078125,204.97805786132812,204.8936767578125,204.81820678710938,204.74855041503906,204.6895294189453,204.63922119140625,204.59454345703125,204.56248474121094,204.54371643066406,204.5288848876953,204.51617431640625,204.50914001464844,204.50596618652344
