earth/public/data/atmosphere/C53/ANN-temp-isobaric-850hPa-gfs-1.0.json
{"header": {"discipline": 0, "disciplineName": "Meteorological products", "gribEdition": 2, "gribLength": 17922.0, "center": 0, "centerName": "Kiel Climate Model", "subcenter": 0, "refTime": "1", "significanceOfRT": 1, "significanceOfRTName": "Start of forecast", "productStatus": 0, "productStatusName": "Operational products", "productType": 1, "productTypeName": "Forecast products", "productDefinitionTemplate": 0, "productDefinitionTemplateName": "Analysis/forecast at horizontal level/layer at a point in time", "parameterCategory": 2, "parameterCategoryName": "Momentum", "parameterNumber": 2, "parameterNumberName": "U-component_of_wind", "parameterUnit": "K", "genProcessType": 2, "genProcessTypeName": "Forecast", "forecastTime": 0, "surface1Type": 103, "surface1TypeName": "Specified height level above ground", "surface1Value": 10, "surface2Type": 255, "surface2TypeName": "Missing", "surface2Value": 0, "gridDefinitionTemplate": 0, "gridDefinitionTemplateName": "Latitude_Longitude", "numberPoints": 65160, "shape": 6, "shapeName": "Earth spherical with radius of 6,371,229.0 m", "gridUnits": "degrees", "resolution": 48, "winds": "true", "scanMode": 0, "nx": 128.0, "ny": 64.0, "basicAngle": 0, "subDivisions": 0, "lo1": 0.0, "la1": 87.86379883923263, "lo2": 357.1875, "la2": -87.86379883923263, "dx": 2.8125, "dy": 2.7893269472772264}, "data":
[rows 0 to 19 of 64, columns 44 to 87 of 128]
272.2265625,272.2217712402344,272.216796875,272.2116394042969,272.2063293457031,272.2008972167969,272.1953430175781,272.1896667480469,272.1839294433594,272.1781005859375,272.1722412109375,272.16632080078125,272.1604309082031,272.154541015625,272.148681640625,272.14288330078125,272.1371154785156,272.1315002441406,272.1259765625,272.1206359863281,272.1154479980469,272.1104431152344,272.1056823730469,272.1011962890625,272.0969543457031,272.0930480957031,272.0895080566406,272.0862731933594,272.0834655761719,272.0810852050781,272.0791015625,272.0776062011719,272.0765380859375,272.07598876953125,272.07586669921875,272.0762634277344,272.0771179199219,272.0783996582031,272.0801696777344,272.08233642578125,272.0849304199219,272.0878601074219,272.09112548828125,272.0947265625
272.29119873046875,272.2719421386719,272.2523498535156,272.23260498046875,272.212890625,272.19342041015625,272.17431640625,272.1557922363281,272.1379699707031,272.1210021972656,272.10504150390625,272.0900573730469,272.076171875,272.0633239746094,272.0514831542969,272.04052734375,272.0303649902344,272.0207824707031,272.01165771484375,272.0027770996094,271.9940185546875,271.9852600097656,271.9764404296875,271.967529296875,271.9586181640625,271.94989013671875,271.94146728515625,271.9336853027344,271.92681884765625,271.9211730957031,271.9171142578125,271.9148864746094,271.9148254394531,271.9170837402344,271.92181396484375,271.9290771484375,271.9388122558594,271.95098876953125,271.96539306640625,271.9818115234375,271.99993896484375,272.01947021484375,272.04010009765625,272.0614929199219
272.3244323730469,272.27642822265625,272.2293395996094,272.1832580566406,272.13818359375,272.09423828125,272.05157470703125,272.01055908203125,271.97174072265625,271.9359130859375,271.90399169921875,271.87689208984375,271.8555908203125,271.8406677246094,271.8324279785156,271.8307800292969,271.8350830078125,271.84423828125,271.8566589355469,271.8705749511719,271.8840026855469,271.8951110839844,271.9023742675781,271.90472412109375,271.9017028808594,271.8934020996094,271.8806457519531,271.86480712890625,271.84759521484375,271.8310852050781,271.8172912597656,271.80804443359375,271.8049621582031,271.80908203125,271.82098388671875,271.8406677246094,271.8676452636719,271.9010009765625,271.93951416015625,271.98175048828125,272.0262756347656,272.0716552734375,272.1166687011719,272.16021728515625
272.3977355957031,272.3468017578125,272.30413818359375,272.26654052734375,272.2301025390625,272.1908264160156,272.14544677734375,272.0919189453125,272.030029296875,271.9615783691406,271.8901672363281,271.8209228515625,271.7597351074219,271.71234130859375,271.68359375,271.676513671875,271.69189453125,271.7279357910156,271.78045654296875,271.8433532714844,271.90936279296875,271.97100830078125,272.02154541015625,272.055908203125,272.0711364746094,272.06689453125,272.0453186035156,272.01068115234375,271.96875,271.92596435546875,271.8887939453125,271.86279296875,271.85211181640625,271.8592529296875,271.8846740722656,271.92718505859375,271.9841003417969,272.0516662597656,272.1256408691406,272.2017517089844,272.27618408203125,272.34588623046875,272.40869140625,272.4635314941406
272.55877685546875,272.54254150390625,272.55218505859375,272.5781555175781,272.60797119140625,272.6280822753906,272.6260986328125,272.5928955078125,272.52435302734375,272.4219665527344,272.29290771484375,272.14898681640625,272.0050048828125,271.8764953613281,271.777587890625,271.7189025878906,271.705810546875,271.7378845214844,271.8086242675781,271.90679931640625,272.0179138183594,272.1266174316406,272.2189025878906,272.2842102050781,272.31671142578125,272.31585693359375,272.2860412597656,272.2354431152344,272.1745910644531,272.1146545410156,272.06585693359375,272.03631591796875,272.0312805175781,272.0528869628906,272.10028076171875,272.16998291015625,272.2567443847656,272.35406494140625,272.4553527832031,272.5543518066406,272.6460876464844,272.7270202636719,272.7955017089844,272.8515930175781
272.92974853515625,272.90728759765625,272.9267883300781,272.9744873046875,273.031005859375,273.07562255859375,273.09039306640625,273.0633544921875,272.9903869628906,272.8750305175781,272.7271423339844,272.5608215332031,272.3922119140625,272.237548828125,272.1114501953125,272.0252380371094,271.9854736328125,271.99298095703125,272.0422058105469,272.12188720703125,272.216796875,272.3104248046875,272.38818359375,272.4399719238281,272.4618835449219,272.4561767578125,272.4300537109375,272.39337158203125,272.3561706542969,272.32708740234375,272.3120422363281,272.3142395019531,272.334716796875,272.3729248046875,272.42755126953125,272.49658203125,272.5775451660156,272.6673583984375,272.7621154785156,272.8576965332031,272.94976806640625,273.0345764160156,273.1095886230469,273.1736755371094
273.6228942871094,273.5548400878906,273.521240234375,273.5013732910156,273.4711608886719,273.41192626953125,273.3167419433594,273.19195556640625,273.0538024902344,272.92169189453125,272.8111267089844,272.7291259765625,272.67364501953125,272.63671875,272.609619140625,272.5871276855469,272.56884765625,272.55804443359375,272.5579833984375,272.5687255859375,272.58563232421875,272.60089111328125,272.60687255859375,272.5997619628906,272.58154296875,272.5594787597656,272.5430603027344,272.5402526855469,272.5546569824219,272.5843811035156,272.6236572265625,272.66552734375,272.7049865722656,272.7406921386719,272.7754821777344,272.8149108886719,272.8651123046875,272.9305114746094,273.0122375488281,273.1077575683594,273.21136474609375,273.315673828125,273.4134216308594,273.49896240234375
274.54327392578125,274.49200439453125,274.44000244140625,274.3507995605469,274.1953125,273.9660949707031,273.6837158203125,273.39178466796875,273.1427917480469,272.9797668457031,272.92181396484375,272.9581298828125,273.0535583496094,273.1620788574219,273.24322509765625,273.27459716796875,273.25567626953125,273.2030944824219,273.1395263671875,273.08245849609375,273.037841796875,273.00103759765625,272.9632873535156,272.9195556640625,272.87310791015625,272.8345031738281,272.81597900390625,272.82489013671875,272.85992431640625,272.9114685058594,272.96636962890625,273.0132751464844,273.04718017578125,273.07049560546875,273.0914306640625,273.12054443359375,273.167236328125,273.23699951171875,273.3304748535156,273.4432373046875,273.56732177734375,273.6927795410156,273.8098449707031,273.9110107421875
275.4813232421875,275.4486999511719,275.36126708984375,275.18353271484375,274.9044494628906,274.5479736328125,274.1694641113281,273.83856201171875,273.6152038574219,273.5291748046875,273.571044921875,273.6977844238281,273.8490295410156,273.9672546386719,274.014892578125,273.9833984375,273.891845703125,273.7760314941406,273.67236328125,273.6027526855469,273.567626953125,273.55010986328125,273.5286560058594,273.4904479980469,273.43829345703125,273.3870849609375,273.3536376953125,273.34686279296875,273.3638000488281,273.3933410644531,273.42388916015625,273.4495544433594,273.47186279296875,273.4971618652344,273.53228759765625,273.58148193359375,273.6458435058594,273.7243957519531,273.8157653808594,273.9186096191406,274.0311279296875,274.1497497558594,274.2685852050781,274.38037109375
276.255126953125,276.095458984375,275.8302001953125,275.4615783691406,275.0307922363281,274.6143798828125,274.3014831542969,274.1586608886719,274.19970703125,274.3784484863281,274.6099548339844,274.8083190917969,274.918701171875,274.92877197265625,274.85882568359375,274.7435302734375,274.61737060546875,274.5080261230469,274.4332275390625,274.39715576171875,274.3882141113281,274.383544921875,274.3609313964844,274.3119812011719,274.24676513671875,274.186279296875,274.14794921875,274.135498046875,274.139404296875,274.146728515625,274.1511535644531,274.1565856933594,274.1720886230469,274.20428466796875,274.25244140625,274.3099365234375,274.3692932128906,274.427001953125,274.48541259765625,274.5516052246094,274.6338806152344,274.737548828125,274.8609313964844,274.994140625
276.7619934082031,276.4488525390625,276.0655212402344,275.6247863769531,275.168701171875,274.78167724609375,274.5714416503906,274.61492919921875,274.90130615234375,275.31915283203125,275.7069091796875,275.9373474121094,275.9779968261719,275.88824462890625,275.76300048828125,275.67034912109375,275.6255187988281,275.6079406738281,275.5935363769531,275.5721435546875,275.54278564453125,275.5030212402344,275.44757080078125,275.3778381347656,275.3069763183594,275.2532653808594,275.2259826660156,275.21832275390625,275.2138671875,275.2011413574219,275.1824951171875,275.1707763671875,275.177490234375,275.20379638671875,275.24163818359375,275.2818603515625,275.3218078613281,275.3653564453125,275.4178466796875,275.4822082519531,275.5601806640625,275.65478515625,275.7684631347656,275.89691162109375
277.1922302246094,276.9324035644531,276.7925109863281,276.69097900390625,276.5179443359375,276.2454833984375,275.9781494140625,275.8847351074219,276.06109619140625,276.44171142578125,276.8387145996094,277.07525634765625,277.1018371582031,277.0050354003906,276.9166259765625,276.909423828125,276.963623046875,277.0130615234375,277.01336669921875,276.9696044921875,276.9128723144531,276.8633117675781,276.8185729980469,276.7694091796875,276.717041015625,276.6716003417969,276.6380920410156,276.60968017578125,276.5756530761719,276.5348205566406,276.4989013671875,276.4822998046875,276.4891357421875,276.5098876953125,276.5309753417969,276.5487365722656,276.5743408203125,276.6238708496094,276.70135498046875,276.79229736328125,276.8753967285156,276.9423828125,277.00482177734375,277.0797119140625
278.02362060546875,277.9352722167969,278.1784362792969,278.5473327636719,278.71832275390625,278.50262451171875,278.0051574707031,277.54461669921875,277.4039306640625,277.6262512207031,278.01953125,278.3373718261719,278.4639892578125,278.4569091796875,278.44482421875,278.4983215332031,278.5877380371094,278.6421813964844,278.63043212890625,278.5823669433594,278.5444641113281,278.5303649902344,278.5175476074219,278.481689453125,278.4220886230469,278.3551025390625,278.29254150390625,278.2341003417969,278.177490234375,278.12811279296875,278.0964050292969,278.08807373046875,278.0984191894531,278.1152038574219,278.12652587890625,278.1304931640625,278.13970947265625,278.1739807128906,278.2415771484375,278.32562255859375,278.394287109375,278.4303283691406,278.44915771484375,278.48236083984375
279.425048828125,279.3460693359375,279.6104431152344,280.0137939453125,280.181640625,279.8923645019531,279.2821350097656,278.7393798828125,278.59356689453125,278.8841247558594,279.387939453125,279.8319396972656,280.0838928222656,280.185546875,280.2503356933594,280.3435363769531,280.4447937011719,280.5013427734375,280.49859619140625,280.4707336425781,280.4516906738281,280.4353332519531,280.3912048339844,280.308349609375,280.2085876464844,280.1191101074219,280.04693603515625,279.9842834472656,279.9285583496094,279.8855285644531,279.8568420410156,279.8357849121094,279.8179626464844,279.808349609375,279.81134033203125,279.8199768066406,279.8239440917969,279.8276062011719,279.8487548828125,279.89398193359375,279.94403076171875,279.9750061035156,279.9893798828125,280.0122985839844
280.9701843261719,280.7337646484375,280.7084045410156,280.7801513671875,280.7088928222656,280.4029541015625,280.0465087890625,279.9374694824219,280.2120056152344,280.745849609375,281.2987976074219,281.7087707519531,281.95556640625,282.1036376953125,282.2232360839844,282.3435974121094,282.4450988769531,282.49169921875,282.4769592285156,282.4306335449219,282.3772277832031,282.3075256347656,282.2040100097656,282.07952880859375,281.96942138671875,281.88934326171875,281.82122802734375,281.7449645996094,281.66656494140625,281.6047058105469,281.55963134765625,281.5123291015625,281.454833984375,281.4071960449219,281.3937683105469,281.4085388183594,281.4184265136719,281.4056091308594,281.3913879394531,281.4054870605469,281.4420166015625,281.4665832519531,281.46514892578125,281.45892333984375
282.403076171875,282.0977783203125,281.9603271484375,281.87933349609375,281.73760986328125,281.5831298828125,281.6284484863281,282.0235595703125,282.65338134765625,283.2325744628906,283.5870056152344,283.7672424316406,283.90203857421875,284.0416259765625,284.16668701171875,284.2599792480469,284.3127746582031,284.3078918457031,284.2433776855469,284.1501770019531,284.0569152832031,283.9585266113281,283.8416748046875,283.72039794921875,283.6198425292969,283.5367736816406,283.44268798828125,283.3254699707031,283.2079772949219,283.1202392578125,283.0648498535156,283.01763916015625,282.95819091796875,282.89385986328125,282.8498229980469,282.8350524902344,282.82647705078125,282.799560546875,282.76666259765625,282.7606506347656,282.7789001464844,282.77850341796875,282.7393798828125,282.6957092285156
284.2658386230469,284.04937744140625,283.99676513671875,283.963134765625,283.8880920410156,283.85125732421875,284.03704833984375,284.516845703125,285.0814208984375,285.4277038574219,285.4972839355469,285.4912414550781,285.56829833984375,285.68701171875,285.7537536621094,285.765869140625,285.7564392089844,285.7160949707031,285.6319274902344,285.5313415527344,285.4403381347656,285.3458251953125,285.2295837402344,285.1025085449219,284.9813537597656,284.8621826171875,284.7369384765625,284.6151428222656,284.5119934082031,284.4295349121094,284.3628234863281,284.30926513671875,284.260009765625,284.1991882324219,284.12835693359375,284.0717468261719,284.0387878417969,284.0062255859375,283.96197509765625,283.93115234375,283.92529296875,283.9059143066406,283.845947265625,283.78521728515625
287.0293273925781,286.8265075683594,286.62225341796875,286.4210510253906,286.26727294921875,286.1757507324219,286.2203369140625,286.4530334472656,286.7284851074219,286.8336486816406,286.78607177734375,286.7870788574219,286.897705078125,286.98358154296875,286.967529296875,286.92138671875,286.89874267578125,286.8594665527344,286.7784423828125,286.68829345703125,286.6001281738281,286.48553466796875,286.342041015625,286.1997375488281,286.0672607421875,285.9322509765625,285.806640625,285.719482421875,285.6642150878906,285.5975341796875,285.50164794921875,285.410888671875,285.3546142578125,285.3084716796875,285.2414855957031,285.17724609375,285.15069580078125,285.134765625,285.08331298828125,285.0163269042969,284.9787292480469,284.9477233886719,284.8751220703125,284.78515625
289.9862365722656,289.5954284667969,289.01727294921875,288.4944152832031,288.1814270019531,287.9937438964844,287.8697204589844,287.85955810546875,287.9217834472656,287.9339904785156,287.9217529296875,288.00341796875,288.13446044921875,288.1669921875,288.1079406738281,288.07342529296875,288.0611877441406,287.9868469238281,287.8626708984375,287.754150390625,287.6443176269531,287.4889221191406,287.32293701171875,287.19964599609375,287.099365234375,286.9808349609375,286.8602600097656,286.7781982421875,286.72998046875,286.6712646484375,286.5804138183594,286.4901123046875,286.4404602050781,286.41375732421875,286.36199951171875,286.29437255859375,286.25872802734375,286.23797607421875,286.16912841796875,286.06439208984375,285.99090576171875,285.9393005371094,285.8443908691406,285.71539306640625
292.0682067871094,291.47906494140625,290.7463073730469,290.1183776855469,289.740478515625,289.4898681640625,289.2665100097656,289.1419677734375,289.1373291015625,289.16009521484375,289.2006530761719,289.30670166015625,289.3977966308594,289.3749694824219,289.313232421875,289.3037414550781,289.2630310058594,289.1089782714844,288.9309387207031,288.81256103515625,288.6901550292969,288.51483154296875,288.3569030761719,288.2622375488281,288.1788330078125,288.07183837890625,287.96923828125,287.8884582519531,287.8230285644531,287.7767639160156,287.74334716796875,287.701416015625,287.656494140625,287.61993408203125,287.56219482421875,287.46728515625,287.37835693359375,287.31219482421875,287.2203674316406,287.0948486328125,286.9894714355469,286.903076171875,286.7828369140625,286.6424560546875
