earth/public/data/atmosphere/C53/ANN-rh-isobaric-10hPa-gfs-1.0.json
{"header": {"discipline": 0, "disciplineName": "Meteorological products", "gribEdition": 2, "gribLength": 17922.0, "center": 0, "centerName": "Kiel Climate Model", "subcenter": 0, "refTime": "1", "significanceOfRT": 1, "significanceOfRTName": "Start of forecast", "productStatus": 0, "productStatusName": "Operational products", "productType": 1, "productTypeName": "Forecast products", "productDefinitionTemplate": 0, "productDefinitionTemplateName": "Analysis/forecast at horizontal level/layer at a point in time", "parameterCategory": 2, "parameterCategoryName": "Momentum", "parameterNumber": 2, "parameterNumberName": "U-component_of_wind", "parameterUnit": "%", "genProcessType": 2, "genProcessTypeName": "Forecast", "forecastTime": 0, "surface1Type": 103, "surface1TypeName": "Specified height level above ground", "surface1Value": 10, "surface2Type": 255, "surface2TypeName": "Missing", "surface2Value": 0, "gridDefinitionTemplate": 0, "gridDefinitionTemplateName": "Latitude_Longitude", "numberPoints": 65160, "shape": 6, "shapeName": "Earth spherical with radius of 6,371,229.0 m", "gridUnits": "degrees", "resolution": 48, "winds": "true", "scanMode": 0, "nx": 128.0, "ny": 64.0, "basicAngle": 0, "subDivisions": 0, "lo1": 0.0, "la1": 87.86379883923263, "lo2": 357.1875, "la2": -87.86379883923263, "dx": 2.8125, "dy": 2.7893269472772264}, "data":
[rows 0 to 17 of 64, columns 41 to 81 of 128]
0.36213600635528564,0.3619585931301117,0.36178484559059143,0.3616151809692383,0.3614507019519806,0.36129093170166016,0.36113667488098145,0.3609887361526489,0.360846608877182,0.36071130633354187,0.3605830669403076,0.36046209931373596,0.36034879088401794,0.36024370789527893,0.36014679074287415,0.36005839705467224,0.35997912287712097,0.35990872979164124,0.3598475456237793,0.35979604721069336,0.35975414514541626,0.3597223460674286,0.3597002327442169,0.3596884608268738,0.3596866726875305,0.3596949875354767,0.3597138226032257,0.35974282026290894,0.35978206992149353,0.35983121395111084,0.3598904311656952,0.3599593937397003,0.3600386679172516,0.36012721061706543,0.36022499203681946,0.36033210158348083,0.36044812202453613,0.36057284474372864,0.3607056140899658,0.3608466684818268,0.3609948754310608
0.3547252118587494,0.35433903336524963,0.35395684838294983,0.3535807728767395,0.35321080684661865,0.3528485894203186,0.352495402097702,0.3521513342857361,0.3518177568912506,0.3514958322048187,0.3511866331100464,0.35089111328125,0.3506098687648773,0.3503440320491791,0.35009482502937317,0.34986233711242676,0.3496478497982025,0.3494519591331482,0.3492755591869354,0.3491192162036896,0.34898385405540466,0.3488693833351135,0.34877678751945496,0.3487067222595215,0.3486592173576355,0.3486344814300537,0.34863319993019104,0.3486553430557251,0.34870103001594543,0.3487703800201416,0.3488633930683136,0.34897980093955994,0.3491196632385254,0.3492821753025055,0.3494682312011719,0.34967631101608276,0.3499063551425934,0.35015761852264404,0.3504300117492676,0.3507218658924103,0.35103312134742737
0.3397490680217743,0.33918270468711853,0.33861514925956726,0.3380483388900757,0.3374840021133423,0.33692359924316406,0.3363688290119171,0.3358214497566223,0.33528298139572144,0.33475562930107117,0.33424028754234314,0.33373937010765076,0.3332538604736328,0.3327861428260803,0.3323374390602112,0.3319089710712433,0.33150336146354675,0.3311218023300171,0.33076605200767517,0.33043789863586426,0.33013850450515747,0.32986921072006226,0.3296315670013428,0.32942676544189453,0.3292558193206787,0.32911956310272217,0.3290189802646637,0.32895466685295105,0.3289271295070648,0.32893648743629456,0.3289835453033447,0.32906776666641235,0.32918983697891235,0.329349160194397,0.32954591512680054,0.32977956533432007,0.33005043864250183,0.33035722374916077,0.33070048689842224,0.33107849955558777,0.33149123191833496
0.3174020051956177,0.3167235255241394,0.31603044271469116,0.3153251111507416,0.31460902094841003,0.3138841390609741,0.31315261125564575,0.31241574883461,0.311676025390625,0.31093472242355347,0.3101944327354431,0.3094574511051178,0.3087261915206909,0.30800384283065796,0.30729320645332336,0.30659815669059753,0.30592218041419983,0.3052689731121063,0.3046419620513916,0.3040449619293213,0.30348145961761475,0.3029540479183197,0.30246633291244507,0.30202043056488037,0.3016195595264435,0.30126500129699707,0.3009589612483978,0.3007030487060547,0.3004979193210602,0.3003445267677307,0.30024343729019165,0.30019426345825195,0.30019745230674744,0.3002524673938751,0.3003593385219574,0.3005169928073883,0.3007262647151947,0.3009868562221527,0.3012985289096832,0.3016616106033325,0.3020758330821991
0.2903342545032501,0.28966137766838074,0.28894922137260437,0.28819963335990906,0.28741511702537537,0.28659775853157043,0.28574949502944946,0.284871369600296,0.28396520018577576,0.2830331325531006,0.28207752108573914,0.2811020612716675,0.28011202812194824,0.27911216020584106,0.2781100869178772,0.27711164951324463,0.27612486481666565,0.27515628933906555,0.2742127478122711,0.27330008149147034,0.2724236249923706,0.27158811688423157,0.27079829573631287,0.27005767822265625,0.26937028765678406,0.26873961091041565,0.26816922426223755,0.26766103506088257,0.2672174274921417,0.2668396830558777,0.2665286958217621,0.2662840187549591,0.26610445976257324,0.2659890651702881,0.26593679189682007,0.2659456729888916,0.2660159766674042,0.26614633202552795,0.2663375735282898,0.2665891945362091,0.26690244674682617
0.2604914605617523,0.25989824533462524,0.2592310607433319,0.25849440693855286,0.2576923072338104,0.25682908296585083,0.2559080719947815,0.25493237376213074,0.25390535593032837,0.2528303563594818,0.2517127990722656,0.25055941939353943,0.2493785321712494,0.24818015098571777,0.24697566032409668,0.24577544629573822,0.2445901781320572,0.24342848360538483,0.24229936301708221,0.24120798707008362,0.2401580661535263,0.23915421962738037,0.23819813132286072,0.2372930943965912,0.23644158244132996,0.23564688861370087,0.23491261899471283,0.23424217104911804,0.23363840579986572,0.23310421407222748,0.23264078795909882,0.23224769532680511,0.23192426562309265,0.23166845738887787,0.2314777374267578,0.23135000467300415,0.23128356039524078,0.2312774360179901,0.23133137822151184,0.23144516348838806,0.23161917924880981
0.230312779545784,0.22974860668182373,0.2290780395269394,0.22830967605113983,0.22745272517204285,0.22651582956314087,0.22550837695598602,0.22443871200084686,0.2233164757490158,0.2221512496471405,0.22095312178134918,0.2197340875864029,0.21850576996803284,0.21728084981441498,0.2160712331533432,0.21488739550113678,0.21373888850212097,0.2126319706439972,0.21157106757164001,0.21055887639522552,0.20959597826004028,0.20868195593357086,0.20781521499156952,0.20699568092823029,0.20622260868549347,0.20549623668193817,0.2048185169696808,0.20419089496135712,0.20361603796482086,0.2030957192182541,0.20263272523880005,0.20222878456115723,0.20188309252262115,0.20159535109996796,0.201363667845726,0.20118531584739685,0.20105859637260437,0.2009820193052292,0.2009555697441101,0.20097926259040833,0.2010543793439865
0.20201632380485535,0.20134344696998596,0.20055079460144043,0.1996488720178604,0.19865082204341888,0.19757238030433655,0.19643022119998932,0.1952425092458725,0.19402743875980377,0.19280299544334412,0.19158631563186646,0.19039221107959747,0.18923281133174896,0.18811610341072083,0.18704858422279358,0.18603302538394928,0.1850726157426834,0.18416829407215118,0.18332025408744812,0.1825288087129593,0.18179123103618622,0.18110592663288116,0.18047009408473969,0.1798812299966812,0.17933721840381622,0.17883506417274475,0.1783728450536728,0.1779477596282959,0.1775583177804947,0.17720481753349304,0.1768888384103775,0.1766129583120346,0.17638060450553894,0.17619243264198303,0.17604811489582062,0.17594586312770844,0.1758829653263092,0.1758567839860916,0.1758662611246109,0.17591211199760437,0.175995334982872
0.17483945190906525,0.17392884194850922,0.17290128767490387,0.17176878452301025,0.17055119574069977,0.16927142441272736,0.16795457899570465,0.166625514626503,0.1653093546628952,0.16402922570705414,0.16280457377433777,0.16164982318878174,0.16057150065898895,0.1595686674118042,0.15863752365112305,0.15777356922626495,0.15697526931762695,0.15624262392520905,0.1555774211883545,0.1549791544675827,0.1544455587863922,0.15397284924983978,0.15355680882930756,0.15319515764713287,0.15288501977920532,0.1526242196559906,0.15240800380706787,0.1522304117679596,0.15208519995212555,0.15196990966796875,0.15188293159008026,0.15182746946811676,0.1518070250749588,0.151824489235878,0.15188056230545044,0.15197359025478363,0.15210016071796417,0.1522560715675354,0.15243862569332123,0.1526457667350769,0.15287737548351288
0.14657433331012726,0.14538055658340454,0.14407113194465637,0.14266853034496307,0.14120662212371826,0.13972172141075134,0.13824328780174255,0.136794775724411,0.13539692759513855,0.13407045602798462,0.1328330785036087,0.13169650733470917,0.1306627094745636,0.12972283363342285,0.12886559963226318,0.12808454036712646,0.12738004326820374,0.12675948441028595,0.12622906267642975,0.1257895976305008,0.12543466687202454,0.1251525580883026,0.12493294477462769,0.12477020174264908,0.12466268986463547,0.12460961937904358,0.12460910528898239,0.12465648353099823,0.12474474310874939,0.12486865371465683,0.12502650916576385,0.12521786987781525,0.12544414401054382,0.12570519745349884,0.12599903345108032,0.1263238787651062,0.12667670845985413,0.12705595791339874,0.1274595409631729,0.1278836727142334,0.12832576036453247
0.11674680560827255,0.11536124348640442,0.11385665833950043,0.11227943748235703,0.11068670451641083,0.10912390053272247,0.10761364549398422,0.10616301000118256,0.10477662086486816,0.1034681499004364,0.10225826501846313,0.1011638343334198,0.10018962621688843,0.09932518750429153,0.09855607897043228,0.09787364304065704,0.09728049486875534,0.09678833931684494,0.09640613198280334,0.0961332619190216,0.09595689922571182,0.09585735946893692,0.09581848978996277,0.09583022445440292,0.09589125961065292,0.0960032045841217,0.09616715461015701,0.09638138860464096,0.09664137661457062,0.09694492071866989,0.09729035198688507,0.09767686575651169,0.09810115396976471,0.09855673462152481,0.09903597831726074,0.09953152388334274,0.10004109144210815,0.10056589543819427,0.10110707581043243,0.1016644686460495,0.10223480314016342
0.08719738572835922,0.08581134676933289,0.08432608842849731,0.08281045407056808,0.08133076876401901,0.07992463558912277,0.0785941481590271,0.07732041925191879,0.07609092444181442,0.07491721957921982,0.07383052259683609,0.07286337018013,0.07203026115894318,0.07132314890623093,0.07072245329618454,0.07021276652812958,0.06979148089885712,0.06946617364883423,0.06924118101596832,0.0691148191690445,0.06907488405704498,0.0691046193242073,0.06918928027153015,0.06932002305984497,0.06949217617511749,0.06970639526844025,0.06996345520019531,0.07026303559541702,0.07060486078262329,0.07098855823278427,0.07141530513763428,0.0718856155872345,0.07239560782909393,0.0729369968175888,0.07349666953086853,0.07406211644411087,0.07462473213672638,0.07518354058265686,0.07574145495891571,0.07630211859941483,0.07686696201562881
0.06119820103049278,0.059990134090185165,0.05873524770140648,0.057494789361953735,0.05631927773356438,0.05522824451327324,0.054207220673561096,0.053224388509988785,0.05226065218448639,0.051329247653484344,0.0504700131714344,0.04972563683986664,0.04911550134420395,0.04863103851675987,0.04824605956673622,0.04793965443968773,0.04770297184586525,0.047537241131067276,0.04744351655244827,0.04741940274834633,0.04745908081531525,0.0475558340549469,0.0477018840610981,0.04788874462246895,0.0481085442006588,0.04835754260420799,0.0486362986266613,0.04894762486219406,0.04929295554757118,0.04967314004898071,0.05008695274591446,0.050534654408693314,0.051013775169849396,0.051519304513931274,0.05204211547970772,0.05256933718919754,0.053087957203388214,0.053590331226587296,0.05407619848847389,0.054553695023059845,0.055031727999448776
0.04143704101443291,0.040503982454538345,0.039568495005369186,0.038656193763017654,0.037795573472976685,0.03700368478894234,0.03627346083521843,0.0355793796479702,0.034903548657894135,0.03425562009215355,0.03367110341787338,0.03318799287080765,0.03282046318054199,0.032553110271692276,0.03235689178109169,0.032212767750024796,0.032115716487169266,0.03206842020153999,0.03206950053572655,0.032115206122398376,0.03220240771770477,0.03233042359352112,0.03249559551477432,0.03268953040242195,0.032902792096138,0.033131059259176254,0.033378034830093384,0.03365011140704155,0.03394946828484535,0.034275636076927185,0.034623999148607254,0.034991007298231125,0.035372283309698105,0.03576400876045227,0.036163218319416046,0.03656536340713501,0.036961283534765244,0.037342630326747894,0.037707019597291946,0.03806200250983238,0.03842051699757576
0.028125109151005745,0.027470950037240982,0.02681705355644226,0.026165196672081947,0.025543466210365295,0.024980898946523666,0.024481449276208878,0.024025054648518562,0.023591618984937668,0.023186087608337402,0.022834351286292076,0.0225659366697073,0.02238590642809868,0.022273767739534378,0.02220153994858265,0.022157199680805206,0.022144440561532974,0.022168630734086037,0.022227231413125992,0.022310547530651093,0.022413676604628563,0.022538458928465843,0.02268351800739765,0.022844402119517326,0.023014778271317482,0.023193681612610817,0.023384887725114822,0.023592855781316757,0.023817216977477074,0.024056924507021904,0.024309953674674034,0.024574987590312958,0.02484585903584957,0.02511422336101532,0.0253749992698431,0.025630172342061996,0.02588285692036152,0.02613278292119503,0.026376385241746902,0.026614150032401085,0.026853537186980247
0.019764244556427002,0.019303081557154655,0.01882903464138508,0.018358668312430382,0.01792830601334572,0.017560696229338646,0.01724557764828205,0.01695878989994526,0.01668653078377247,0.016437863931059837,0.016234729439020157,0.016095848754048347,0.01602000929415226,0.015986965969204903,0.015976648777723312,0.01598239690065384,0.016012173146009445,0.016068747267127037,0.016144627705216408,0.01622791588306427,0.01631617173552513,0.01641167886555195,0.016517968848347664,0.016633251681923866,0.01675584353506565,0.016885755583643913,0.017023982480168343,0.017168305814266205,0.017315315082669258,0.01746361330151558,0.017616979777812958,0.017780113965272903,0.017950521782040596,0.01811852492392063,0.018275398761034012,0.018421530723571777,0.01856628619134426,0.018718035891652107,0.018876608461141586,0.01903434470295906,0.019186556339263916
0.01471366360783577,0.014347361400723457,0.013980263844132423,0.013645569793879986,0.013367275707423687,0.013138756155967712,0.012932894751429558,0.012734385207295418,0.01255111861974001,0.012397867627441883,0.012285184115171432,0.01221621222794056,0.01218380592763424,0.0121768768876791,0.01218465343117714,0.012207374908030033,0.012248080223798752,0.012304688803851604,0.012367111630737782,0.012428952381014824,0.01249215193092823,0.012561306357383728,0.012637942098081112,0.012719269841909409,0.012803712859749794,0.012891151010990143,0.012979620136320591,0.01306877564638853,0.013157656416296959,0.01324445754289627,0.01332937739789486,0.01341448724269867,0.013503432273864746,0.013593699783086777,0.01368034165352583,0.013761431910097599,0.0138419009745121,0.013929533772170544,0.01402717363089323,0.014128591865301132,0.014225206337869167
0.011528721079230309,0.011237964034080505,0.010968782939016819,0.010739347897469997,0.010549074038863182,0.010378742590546608,0.010213895700871944,0.010063628666102886,0.009945724159479141,0.009864436462521553,0.009809138253331184,0.00977217499166727,0.009753002785146236,0.00975031778216362,0.009760349057614803,0.009782114997506142,0.009815331548452377,0.009855923242866993,0.009895920753479004,0.009935538284480572,0.009978638030588627,0.010027961805462837,0.010080848820507526,0.010134304873645306,0.010186566039919853,0.010235984809696674,0.010281521826982498,0.010326670482754707,0.010376612655818462,0.010430416092276573,0.010481035336852074,0.010522883385419846,0.010560386814177036,0.010599157772958279,0.010641784407198429,0.010687253437936306,0.0107350405305624,0.01078526210039854,0.010837361216545105,0.010892104357481003,0.01094746869057417
