earth/public/data/atmosphere/C53/ANN-wind-isobaric-100hPa-gfs-1.0.json
{"header": {"discipline": 0, "disciplineName": "Meteorological products", "gribEdition": 2, "gribLength": 17922.0, "center": 0, "centerName": "Kiel Climate Model", "subcenter": 0, "refTime": "1", "significanceOfRT": 1, "significanceOfRTName": "Start of forecast", "productStatus": 0, "productStatusName": "Operational products", "productType": 1, "productTypeName": "Forecast products", "productDefinitionTemplate": 0, "productDefinitionTemplateName": "Analysis/forecast at horizontal level/layer at a point in time", "parameterCategory": 2, "parameterCategoryName": "Momentum", "parameterNumber": 2, "parameterNumberName": "V-component_of_wind", "parameterUnit": "m/s", "genProcessType": 2, "genProcessTypeName": "Forecast", "forecastTime": 0, "surface1Type": 103, "surface1TypeName": "Specified height level above ground", "surface1Value": 10, "surface2Type": 255, "surface2TypeName": "Missing", "surface2Value": 0, "gridDefinitionTemplate": 0, "gridDefinitionTemplateName": "Latitude_Longitude", "numberPoints": 65160, "shape": 6, "shapeName": "Earth spherical with radius of 6,371,229.0 m", "gridUnits": "degrees", "resolution": 48, "winds": "true", "scanMode": 0, "nx": 128.0, "ny": 64.0, "basicAngle": 0, "subDivisions": 0, "lo1": 0.0, "la1": 87.86379883923263, "lo2": 357.1875, "la2": -87.86379883923263, "dx": 2.8125, "dy": 2.7893269472772264}, "data":
[rows 19 to 37 of 64, columns 43 to 85 of 128]
-3.3693172931671143,-2.761072874069214,-2.004979372024536,-1.1211012601852417,-0.15227524936199188,0.8160858750343323,1.6775261163711548,2.3542442321777344,2.8172595500946045,3.059019088745117,3.065437078475952,2.824791669845581,2.349290609359741,1.6748324632644653,0.8496873378753662,-0.06699933856725693,-1.0068539381027222,-1.9051198959350586,-2.7088735103607178,-3.3722825050354004,-3.8573496341705322,-4.147483825683594,-4.25334358215332,-4.198540210723877,-4.004209518432617,-3.6920652389526367,-3.2957029342651367,-2.858372449874878,-2.4185702800750732,-2.0039618015289307,-1.6384248733520508,-1.3450870513916016,-1.1379691362380981,-1.0164587497711182,-0.9703525304794312,-0.9867894053459167,-1.051321029663086,-1.1477737426757812,-1.2603846788406372,-1.3754838705062866,-1.4804447889328003,-1.5619902610778809,-1.6075502634048462
-3.476189374923706,-2.8795714378356934,-2.1364598274230957,-1.2850620746612549,-0.3901257812976837,0.46110936999320984,1.1824969053268433,1.7122478485107422,2.0216262340545654,2.104762077331543,1.9617681503295898,1.5969778299331665,1.0303370952606201,0.2997867465019226,-0.5465136766433716,-1.4528218507766724,-2.35630464553833,-3.1939752101898193,-3.908733367919922,-4.452388763427734,-4.794743537902832,-4.933083534240723,-4.886841297149658,-4.681799411773682,-4.342601776123047,-3.8985047340393066,-3.390230178833008,-2.8652939796447754,-2.364100933074951,-1.9128050804138184,-1.5305157899856567,-1.2366766929626465,-1.0449188947677612,-0.9522454142570496,-0.940628707408905,-0.9891221523284912,-1.0812098979949951,-1.2010705471038818,-1.3288979530334473,-1.4448156356811523,-1.5352298021316528,-1.5904772281646729,-1.5994229316711426
-3.3601067066192627,-2.8180387020111084,-2.1387102603912354,-1.364416241645813,-0.5826598405838013,0.10850808024406433,0.6410273313522339,0.9794192910194397,1.1107680797576904,1.0386929512023926,0.7709054350852966,0.31578516960144043,-0.30234718322753906,-1.0400816202163696,-1.8525607585906982,-2.698323965072632,-3.5253021717071533,-4.267845153808594,-4.86226749420166,-5.264278411865234,-5.4581298828125,-5.452873229980469,-5.269503116607666,-4.933633327484131,-4.477624893188477,-3.9405362606048584,-3.363919496536255,-2.789883613586426,-2.2578258514404297,-1.7970954179763794,-1.4250495433807373,-1.1531310081481934,-0.9885255694389343,-0.926349937915802,-0.9465112686157227,-1.0240687131881714,-1.1390959024429321,-1.2722187042236328,-1.3989856243133545,-1.4984523057937622,-1.5618654489517212,-1.5836181640625,-1.5505322217941284
-2.986147165298462,-2.535924196243286,-1.9586079120635986,-1.3059324026107788,-0.6828975677490234,-0.1898193657398224,0.1258922666311264,0.25493863224983215,0.20472389459609985,-0.004303426947444677,-0.3571069538593292,-0.8530766367912292,-1.4765498638153076,-2.18257737159729,-2.9261622428894043,-3.675869941711426,-4.3899922370910645,-5.006422996520996,-5.465152740478516,-5.730806827545166,-5.79641056060791,-5.674256324768066,-5.385919094085693,-4.961252689361572,-4.439994812011719,-3.8635756969451904,-3.2665162086486816,-2.6822166442871094,-2.1507039070129395,-1.709296703338623,-1.3763058185577393,-1.1510030031204224,-1.0272998809814453,-0.9979116916656494,-1.0472503900527954,-1.1514816284179688,-1.284990668296814,-1.4195342063903809,-1.526349425315857,-1.590617299079895,-1.6143349409103394,-1.5951225757598877,-1.5159211158752441
-2.375845193862915,-2.016239643096924,-1.544013261795044,-1.047117829322815,-0.639137864112854,-0.3924105167388916,-0.3080953359603882,-0.36724337935447693,-0.5630637407302856,-0.877718448638916,-1.287255883216858,-1.7885549068450928,-2.3780970573425293,-3.023216485977173,-3.682333469390869,-4.323312759399414,-4.907096862792969,-5.382284641265869,-5.70557165145874,-5.854273796081543,-5.823479652404785,-5.6232452392578125,-5.277601718902588,-4.821201324462891,-4.292354583740234,-3.7254116535186768,-3.1496434211730957,-2.596635580062866,-2.1060872077941895,-1.716617226600647,-1.445327877998352,-1.2821446657180786,-1.2095673084259033,-1.2175421714782715,-1.2944320440292358,-1.4172661304473877,-1.5553362369537354,-1.6739964485168457,-1.7440871000289917,-1.7597005367279053,-1.7333179712295532,-1.665653944015503,-1.5404579639434814
-1.5892832279205322,-1.337709665298462,-0.99468994140625,-0.6701322793960571,-0.488301545381546,-0.5042440295219421,-0.6580396890640259,-0.8746813535690308,-1.1533548831939697,-1.5161116123199463,-1.9506866931915283,-2.4378373622894287,-2.970501184463501,-3.5334079265594482,-4.099143981933594,-4.6349382400512695,-5.098647117614746,-5.446317195892334,-5.650320529937744,-5.701959609985352,-5.60258674621582,-5.362912654876709,-5.007939338684082,-4.571764945983887,-4.084397792816162,-3.570366621017456,-3.0590081214904785,-2.5849449634552,-2.18064546585083,-1.8733502626419067,-1.6758449077606201,-1.5772706270217896,-1.5574777126312256,-1.6045962572097778,-1.7058041095733643,-1.835880160331726,-1.9635335206985474,-2.056814670562744,-2.0905091762542725,-2.062579393386841,-1.9880356788635254,-1.8708117008209229,-1.7036978006362915
-0.7054075598716736,-0.6285180449485779,-0.4855743646621704,-0.3395133912563324,-0.3338058590888977,-0.5675140023231506,-0.9452313780784607,-1.3020875453948975,-1.609490156173706,-1.9439644813537598,-2.344961166381836,-2.793424606323242,-3.2632641792297363,-3.738147497177124,-4.202794075012207,-4.633312702178955,-4.992279052734375,-5.2397613525390625,-5.353399276733398,-5.335413455963135,-5.199911117553711,-4.960521221160889,-4.637293815612793,-4.2613677978515625,-3.858423948287964,-3.444500684738159,-3.0446808338165283,-2.691481113433838,-2.4065234661102295,-2.2031333446502686,-2.089815855026245,-2.0584609508514404,-2.0908169746398926,-2.1746716499328613,-2.2949883937835693,-2.4252066612243652,-2.539029359817505,-2.614204168319702,-2.631098985671997,-2.5845015048980713,-2.4829583168029785,-2.3313543796539307,-2.1333584785461426
0.06332820653915405,-0.01627851277589798,-0.06358352303504944,-0.0799512267112732,-0.21742555499076843,-0.6181191205978394,-1.1719481945037842,-1.645485520362854,-1.9671664237976074,-2.237623453140259,-2.553823471069336,-2.9307973384857178,-3.335860252380371,-3.7325754165649414,-4.09874153137207,-4.420008182525635,-4.676031112670898,-4.839398384094238,-4.891662120819092,-4.840616703033447,-4.7086405754089355,-4.506896018981934,-4.245748519897461,-3.955695629119873,-3.6652278900146484,-3.3823814392089844,-3.1192715167999268,-2.900533437728882,-2.741668939590454,-2.6489574909210205,-2.6261956691741943,-2.664233922958374,-2.746095895767212,-2.8608415126800537,-2.993675947189331,-3.1209497451782227,-3.2248289585113525,-3.2929368019104004,-3.309779167175293,-3.265373468399048,-3.1598894596099854,-2.996514081954956,-2.7838916778564453
0.36016860604286194,0.28835129737854004,0.22016820311546326,0.10643254965543747,-0.189429372549057,-0.7306172251701355,-1.3620778322219849,-1.8764979839324951,-2.218132972717285,-2.460972785949707,-2.6982507705688477,-2.9834768772125244,-3.310218095779419,-3.633434295654297,-3.9142873287200928,-4.135932445526123,-4.2920331954956055,-4.375253200531006,-4.379037857055664,-4.313762187957764,-4.200818061828613,-4.045660495758057,-3.8509697914123535,-3.645695447921753,-3.4594411849975586,-3.29437518119812,-3.1517276763916016,-3.0484323501586914,-2.996758460998535,-2.998769998550415,-3.0517468452453613,-3.1442389488220215,-3.2634804248809814,-3.4009218215942383,-3.5410423278808594,-3.664684295654297,-3.7628092765808105,-3.827559471130371,-3.8433477878570557,-3.798239231109619,-3.689944267272949,-3.5225064754486084,-3.306360960006714
0.15171505510807037,0.16680213809013367,0.20226387679576874,0.06511358171701431,-0.3600394129753113,-0.9562391638755798,-1.50259530544281,-1.9201610088348389,-2.250441551208496,-2.5125794410705566,-2.7210915088653564,-2.928363800048828,-3.1623172760009766,-3.3968570232391357,-3.595268487930298,-3.7345974445343018,-3.80672287940979,-3.815925121307373,-3.7692039012908936,-3.679802656173706,-3.567215919494629,-3.437673330307007,-3.2917673587799072,-3.1497764587402344,-3.0348072052001953,-2.950392961502075,-2.897298574447632,-2.8839077949523926,-2.914163827896118,-2.9853219985961914,-3.0898492336273193,-3.2174434661865234,-3.3629326820373535,-3.5192673206329346,-3.6673572063446045,-3.7925760746002197,-3.892545461654663,-3.9573326110839844,-3.967230796813965,-3.911184072494507,-3.790557622909546,-3.6150126457214355,-3.3988583087921143
-0.026026651263237,-0.07731213420629501,-0.05754408612847328,-0.2158949226140976,-0.6464791297912598,-1.1205579042434692,-1.4239020347595215,-1.6321208477020264,-1.8858819007873535,-2.158665895462036,-2.377079963684082,-2.5477705001831055,-2.6964151859283447,-2.823535919189453,-2.923969268798828,-2.983954429626465,-2.9874608516693115,-2.936368942260742,-2.8428826332092285,-2.722940444946289,-2.5984997749328613,-2.4822700023651123,-2.3750739097595215,-2.2839643955230713,-2.223203182220459,-2.203847885131836,-2.2304935455322266,-2.2984776496887207,-2.4003145694732666,-2.533132791519165,-2.689544439315796,-2.858602285385132,-3.037243604660034,-3.2174274921417236,-3.379870653152466,-3.51655650138855,-3.628156900405884,-3.6996219158172607,-3.7094614505767822,-3.6498918533325195,-3.524953603744507,-3.3478169441223145,-3.1350274085998535
0.21605923771858215,-0.01276091206818819,-0.18037529289722443,-0.4035244286060333,-0.7194065451622009,-0.9437334537506104,-0.9817978143692017,-0.9979785680770874,-1.1440339088439941,-1.3760191202163696,-1.5931167602539062,-1.7493404150009155,-1.8308528661727905,-1.8526874780654907,-1.848906397819519,-1.8261651992797852,-1.7689374685287476,-1.6751185655593872,-1.5545456409454346,-1.4223493337631226,-1.3006742000579834,-1.2052943706512451,-1.1389479637145996,-1.1025032997131348,-1.1038888692855835,-1.1569857597351074,-1.265674352645874,-1.4140654802322388,-1.5890593528747559,-1.792323112487793,-2.017375946044922,-2.2476041316986084,-2.4739115238189697,-2.6862239837646484,-2.8710100650787354,-3.0272600650787354,-3.1535918712615967,-3.2329165935516357,-3.250917434692383,-3.2041118144989014,-3.093360662460327,-2.929841995239258,-2.7265074253082275
0.5352870225906372,0.30276384949684143,0.02029208280146122,-0.24098391830921173,-0.4161604344844818,-0.427152156829834,-0.3224077820777893,-0.2574816346168518,-0.3123534619808197,-0.45228755474090576,-0.6112983822822571,-0.7206737995147705,-0.7345907092094421,-0.6741247177124023,-0.5891099572181702,-0.4949771463871002,-0.3861294090747833,-0.2649052143096924,-0.13724927604198456,-0.012943156994879246,0.09285945445299149,0.16758957505226135,0.200705423951149,0.184683695435524,0.11758948117494583,-0.004340654704719782,-0.18043522536754608,-0.39524704217910767,-0.6371898055076599,-0.9073177576065063,-1.1969776153564453,-1.4874181747436523,-1.765158772468567,-2.0172905921936035,-2.234363317489624,-2.4164276123046875,-2.5563533306121826,-2.641064167022705,-2.6689295768737793,-2.6381282806396484,-2.5445499420166016,-2.4004650115966797,-2.2149996757507324
0.457694947719574,0.44739532470703125,0.28035807609558105,0.09557438641786575,0.0379909984767437,0.12787708640098572,0.2551182806491852,0.3308347165584564,0.351795494556427,0.33039361238479614,0.285909503698349,0.27731645107269287,0.3456578254699707,0.4675319194793701,0.6092770099639893,0.7620513439178467,0.9173147082328796,1.065154790878296,1.2033157348632812,1.3257803916931152,1.4249310493469238,1.4939007759094238,1.5132254362106323,1.464637041091919,1.3526582717895508,1.1883318424224854,0.9753759503364563,0.7203500270843506,0.4313260614871979,0.11442093551158905,-0.21904881298542023,-0.5563483238220215,-0.8846253156661987,-1.185359239578247,-1.4463385343551636,-1.663615345954895,-1.8254637718200684,-1.924448847770691,-1.9666426181793213,-1.9477177858352661,-1.864365577697754,-1.7391599416732788,-1.582366704940796
0.024963542819023132,0.21821752190589905,0.26158037781715393,0.24167649447917938,0.2944973409175873,0.42686566710472107,0.5525618195533752,0.6476397514343262,0.7398605942726135,0.8265978693962097,0.9089953303337097,1.0223016738891602,1.179372787475586,1.362623691558838,1.5669938325881958,1.7871770858764648,2.001509189605713,2.200730800628662,2.385838270187378,2.5446722507476807,2.6676406860351562,2.752855062484741,2.7827908992767334,2.737558126449585,2.6219449043273926,2.4505250453948975,2.2291030883789062,1.9601606130599976,1.6478872299194336,1.3007621765136719,0.9309694170951843,0.5479896664619446,0.16709692776203156,-0.18635207414627075,-0.49719589948654175,-0.7601923942565918,-0.9622734785079956,-1.096611499786377,-1.167325735092163,-1.1679943799972534,-1.1025687456130981,-1.004006266593933,-0.8850334882736206
-0.5016894340515137,-0.26306819915771484,-0.0924898013472557,0.0359133780002594,0.18534374237060547,0.35121557116508484,0.4966380000114441,0.6309283375740051,0.776852011680603,0.9360628128051758,1.119257926940918,1.3376821279525757,1.5773099660873413,1.832706332206726,2.1169633865356445,2.418395519256592,2.7114529609680176,2.9965617656707764,3.2741880416870117,3.5186150074005127,3.7103424072265625,3.8488006591796875,3.9277942180633545,3.935059070587158,3.8662312030792236,3.724973440170288,3.52162766456604,3.264697551727295,2.9523463249206543,2.5866079330444336,2.18251371383667,1.7570619583129883,1.3322304487228394,0.9356619715690613,0.5803576707839966,0.26941320300102234,0.016727862879633904,-0.16597793996334076,-0.27776414155960083,-0.3154614567756653,-0.28993910551071167,-0.23310723900794983,-0.1573355495929718
-0.9616115689277649,-0.7409943342208862,-0.5352321863174438,-0.3357870578765869,-0.1381339430809021,0.046296555548906326,0.215762197971344,0.3836100995540619,0.5580668449401855,0.7542704343795776,0.9967387318611145,1.280483603477478,1.5795135498046875,1.8973679542541504,2.249021291732788,2.618485689163208,2.9879093170166016,3.3635387420654297,3.739248752593994,4.083431243896484,4.372357368469238,4.600845813751221,4.768444538116455,4.869268417358398,4.887093544006348,4.811968803405762,4.658895969390869,4.442291736602783,4.153313636779785,3.789803981781006,3.3750710487365723,2.9354703426361084,2.494560956954956,2.0768983364105225,1.6935949325561523,1.3482747077941895,1.0570385456085205,0.8359348177909851,0.6866114139556885,0.6049533486366272,0.5783910751342773,0.5852392911911011,0.6143569350242615
-1.1364846229553223,-0.902798593044281,-0.6833434700965881,-0.46920356154441833,-0.2688155472278595,-0.08485151827335358,0.09524765610694885,0.27604353427886963,0.45506179332733154,0.6529317498207092,0.8974974155426025,1.1830612421035767,1.4911975860595703,1.8276680707931519,2.1997880935668945,2.5954084396362305,3.0062928199768066,3.431429147720337,3.8563477993011475,4.259552955627441,4.624871730804443,4.93910026550293,5.19603157043457,5.38956880569458,5.497610092163086,5.50486421585083,5.425639629364014,5.2695112228393555,5.022558689117432,4.688483238220215,4.300078868865967,3.8847639560699463,3.461073875427246,3.051191806793213,2.668497323989868,2.319284439086914,2.0206527709960938,1.7891777753829956,1.6241718530654907,1.5158183574676514,1.452483892440796,1.4203637838363647,1.4077409505844116
-0.8326795697212219,-0.5666906237602234,-0.3278917074203491,-0.11114577949047089,0.08240564912557602,0.259019136428833,0.430182546377182,0.5951103568077087,0.7500941753387451,0.9103211164474487,1.097469449043274,1.3184034824371338,1.5750296115875244,1.8729853630065918,2.210716724395752,2.5818545818328857,2.981881856918335,3.3979873657226562,3.813153028488159,4.221182823181152,4.613755702972412,4.969734191894531,5.274022102355957,5.517173767089844,5.679023265838623,5.748411655426025,5.735335350036621,5.637637615203857,5.439327239990234,5.152282238006592,4.8118672370910645,4.441102504730225,4.0571770668029785,3.684647798538208,3.3383610248565674,3.023607015609741,2.7547245025634766,2.5464558601379395,2.3975625038146973,2.2972755432128906,2.233427047729492,2.1917054653167725,2.1586363315582275
