earth/public/data/atmosphere/C53/ANN-tsw-surface-level-gfs-1.0.json
{"header": {"discipline": 0, "disciplineName": "Meteorological products", "gribEdition": 2, "gribLength": 131138.0, "center": 0, "centerName": "Kiel Climate Model", "subcenter": 0, "refTime": "1", "significanceOfRT": 1, "significanceOfRTName": "Start of forecast", "productStatus": 0, "productStatusName": "Operational products", "productType": 1, "productTypeName": "Forecast products", "productDefinitionTemplate": 0, "productDefinitionTemplateName": "Analysis/forecast at horizontal level/layer at a point in time", "parameterCategory": 2, "parameterCategoryName": "Momentum", "parameterNumber": 2, "parameterNumberName": "U-component_of_wind", "parameterUnit": "K", "genProcessType": 2, "genProcessTypeName": "Forecast", "forecastTime": 0, "surface1Type": 103, "surface1TypeName": "Specified height level above ground", "surface1Value": 10, "surface2Type": 255, "surface2TypeName": "Missing", "surface2Value": 0, "gridDefinitionTemplate": 0, "gridDefinitionTemplateName": "Latitude_Longitude", "numberPoints": 65160, "shape": 6, "shapeName": "Earth spherical with radius of 6,371,229.0 m", "gridUnits": "degrees", "resolution": 48, "winds": "true", "scanMode": 0, "nx": 360.0, "ny": 180.0, "basicAngle": 0, "subDivisions": 0, "lo1": 0.0, "la1": -89.5, "lo2": 359.0, "la2": 89.5, "dx": 1.0, "dy": -1.0}, "data":
[rows 0 to 20 of 180, columns 192 to 239 of 360]
null,null,null,null,null,null,null,null,null,null,null,null,null,null,null,null,null,null,null,null,null,null,null,null,null,null,null,null,null,null,null,null,null,null,null,null,null,null,null,null,null,null,null,null,null,null,null,null
null,null,null,null,null,null,null,null,null,null,null,null,null,null,null,null,null,null,null,null,null,null,null,null,null,null,null,null,null,null,null,null,null,null,null,null,null,null,null,null,null,null,null,null,null,null,null,null
null,null,null,null,null,null,null,null,null,null,null,null,null,null,null,null,null,null,null,null,null,null,null,null,null,null,null,null,null,null,null,null,null,null,null,null,null,null,null,null,null,null,null,null,null,null,null,null
null,null,null,null,null,null,null,null,null,null,null,null,null,null,null,null,null,null,null,null,null,null,null,null,null,null,null,null,null,null,null,null,null,null,null,null,null,null,null,null,null,null,null,null,null,null,null,null
null,null,null,null,null,null,null,null,null,null,null,null,null,null,null,null,null,null,null,null,null,null,null,null,null,null,null,null,null,null,null,null,null,null,null,null,null,null,null,null,null,null,null,null,null,null,null,null
null,null,null,null,null,null,null,null,null,null,null,null,null,null,null,null,null,null,null,null,null,null,null,null,null,null,null,null,null,null,null,null,null,null,null,null,null,null,null,null,null,null,null,null,null,null,null,null
null,null,null,null,null,null,null,null,null,null,null,null,null,null,null,null,null,null,null,null,null,null,null,null,null,null,null,null,null,null,null,null,null,null,null,null,null,null,null,null,null,null,null,null,null,null,null,null
null,null,null,null,null,null,null,null,null,null,null,null,null,null,null,null,null,null,null,null,null,null,null,null,null,null,null,null,null,null,null,null,null,null,null,null,null,null,null,null,null,null,null,null,null,null,null,null
null,null,null,null,null,null,null,null,null,null,null,null,null,null,null,null,null,null,null,null,null,null,null,null,null,null,null,null,null,null,null,null,null,null,null,null,null,null,null,null,null,null,null,null,null,null,null,null
null,null,null,null,null,null,null,null,null,null,null,null,null,null,null,null,null,null,null,null,null,null,null,null,null,null,null,null,null,null,null,null,null,null,null,null,null,null,null,null,null,null,null,null,null,null,null,null
null,null,null,null,null,null,null,null,null,null,null,null,null,null,null,null,null,null,null,null,null,null,null,null,null,null,null,null,null,null,null,null,null,null,null,null,null,null,null,null,null,null,null,null,null,null,null,null
null,null,null,null,null,null,null,null,null,null,null,null,null,null,null,null,null,null,null,null,null,null,null,null,null,null,null,null,null,null,null,null,null,null,null,null,null,null,null,null,null,null,null,null,null,null,null,null
null,null,null,null,null,null,null,null,null,null,null,null,null,null,null,null,null,null,null,null,null,null,null,null,null,null,null,null,null,null,null,null,null,null,null,null,null,null,null,null,null,null,null,null,null,null,null,null
null,null,null,null,null,null,null,null,null,null,null,null,null,null,null,null,null,null,null,null,null,null,null,null,null,null,null,null,null,null,null,null,null,null,null,null,null,null,null,null,null,null,null,null,null,null,null,null
null,null,null,null,null,null,null,null,null,null,null,null,null,null,null,null,null,null,null,null,null,null,null,null,null,null,null,null,null,null,null,null,null,null,null,null,null,null,null,null,null,null,null,null,null,null,null,null
281.63519287109375,281.6333923339844,281.6324462890625,281.63336181640625,281.63507080078125,281.635986328125,281.63592529296875,281.6357727050781,281.63568115234375,281.6389465332031,281.6450500488281,281.65264892578125,281.6607666015625,281.66510009765625,281.670166015625,281.67962646484375,281.6846923828125,281.6907043457031,281.7020263671875,281.7080383300781,281.715576171875,281.7297668457031,281.7373046875,281.74468994140625,281.758544921875,281.7719421386719,281.783203125,281.7891845703125,281.79461669921875,281.80474853515625,281.8101501464844,281.8149108886719,281.8238830566406,281.8286437988281,281.8325500488281,281.83990478515625,281.84381103515625,281.846923828125,281.852783203125,281.8559265136719,281.8607482910156,281.8698425292969,281.87908935546875,281.88739013671875,281.891845703125,281.89599609375,281.90386962890625,281.90802001953125
281.5134582519531,281.5177307128906,281.5203552246094,281.5241394042969,281.53057861328125,281.53436279296875,281.5367736816406,281.540771484375,281.543212890625,281.5473327636719,281.5546875,281.5631103515625,281.5709533691406,281.57525634765625,281.5798645019531,281.5883483886719,281.59295654296875,281.598388671875,281.6084289550781,281.6138610839844,281.62078857421875,281.63348388671875,281.6404113769531,281.6473083496094,281.6599426269531,281.6723327636719,281.6824035644531,281.6878967285156,281.6922302246094,281.7002868652344,281.7046203613281,281.70770263671875,281.71356201171875,281.7166442871094,281.7187805175781,281.72296142578125,281.72509765625,281.7269287109375,281.7304382324219,281.7322998046875,281.7362976074219,281.74371337890625,281.7525939941406,281.7614440917969,281.766357421875,281.772216796875,281.78265380859375,281.7885437011719
281.2916259765625,281.30792236328125,281.31658935546875,281.32513427734375,281.3410339355469,281.34954833984375,281.35614013671875,281.36846923828125,281.37506103515625,281.3805236816406,281.390625,281.4002685546875,281.40777587890625,281.41192626953125,281.4156799316406,281.4223937988281,281.4261169433594,281.43048095703125,281.4383239746094,281.44268798828125,281.4483642578125,281.4585876464844,281.4642639160156,281.47015380859375,281.48077392578125,281.49114990234375,281.4992370605469,281.50372314453125,281.5061340332031,281.51031494140625,281.5127258300781,281.51287841796875,281.51287841796875,281.5130310058594,281.5121154785156,281.5101623535156,281.5092468261719,281.5088195800781,281.5079040527344,281.50750732421875,281.5099792480469,281.5143737792969,281.5224609375,281.5326232910156,281.5382080078125,281.5467834472656,281.56268310546875,281.5712585449219
281.1698913574219,281.1922302246094,281.20452880859375,281.21588134765625,281.2365417480469,281.2478942871094,281.2569885253906,281.2734680175781,281.2825622558594,281.2888488769531,281.3003234863281,281.3106689453125,281.31805419921875,281.3221130371094,281.3253173828125,281.3311462402344,281.3343811035156,281.33807373046875,281.3448181152344,281.3485107421875,281.35345458984375,281.3624267578125,281.36737060546875,281.3726501464844,281.38226318359375,281.3914489746094,281.3985290527344,281.40240478515625,281.4036560058594,281.40594482421875,281.4071960449219,281.40557861328125,281.40264892578125,281.4010314941406,281.3982849121094,281.3932800292969,281.3905029296875,281.3887634277344,281.3856201171875,281.3838806152344,281.3854675292969,281.3883361816406,281.3959045410156,281.40673828125,281.4127197265625,281.4229431152344,281.4415283203125,281.4517822265625
281.2765808105469,281.31024169921875,281.329345703125,281.3453369140625,281.3737487792969,281.3897399902344,281.40093994140625,281.42095947265625,281.43212890625,281.4374084472656,281.4471435546875,281.45294189453125,281.4543762207031,281.45489501953125,281.452880859375,281.45001220703125,281.4480285644531,281.44598388671875,281.443115234375,281.4410705566406,281.4407653808594,281.4410400390625,281.4407653808594,281.4421081542969,281.4451599121094,281.4476318359375,281.4501037597656,281.45123291015625,281.4504699707031,281.44940185546875,281.4486389160156,281.44537353515625,281.439697265625,281.43646240234375,281.4321594238281,281.4245910644531,281.4203186035156,281.4173889160156,281.4122619628906,281.4093322753906,281.410400390625,281.4124450683594,281.419921875,281.4314880371094,281.4378967285156,281.44952392578125,281.470458984375,281.4820861816406
281.469482421875,281.52581787109375,281.5562438964844,281.58001708984375,281.6239013671875,281.64764404296875,281.662353515625,281.6893615722656,281.7040710449219,281.7076416015625,281.7139892578125,281.7121276855469,281.7017517089844,281.6963195800781,281.68560791015625,281.6653747558594,281.6546630859375,281.64300537109375,281.6209716796875,281.60931396484375,281.6003112792969,281.58319091796875,281.5741882324219,281.5690002441406,281.5589294433594,281.55023193359375,281.54345703125,281.53997802734375,281.5358581542969,281.528076171875,281.52398681640625,281.5179748535156,281.5068359375,281.5008544921875,281.4940185546875,281.4813232421875,281.4744873046875,281.4695739746094,281.46051025390625,281.45562744140625,281.45587158203125,281.4561767578125,281.4635009765625,281.4765319824219,281.483642578125,281.49761962890625,281.5232238769531,281.5372009277344
