earth/public/data/atmosphere/C53/ANN-rh-isobaric-10hPa-gfs-1.0.json
{"header": {"discipline": 0, "disciplineName": "Meteorological products", "gribEdition": 2, "gribLength": 17922.0, "center": 0, "centerName": "Kiel Climate Model", "subcenter": 0, "refTime": "1", "significanceOfRT": 1, "significanceOfRTName": "Start of forecast", "productStatus": 0, "productStatusName": "Operational products", "productType": 1, "productTypeName": "Forecast products", "productDefinitionTemplate": 0, "productDefinitionTemplateName": "Analysis/forecast at horizontal level/layer at a point in time", "parameterCategory": 2, "parameterCategoryName": "Momentum", "parameterNumber": 2, "parameterNumberName": "U-component_of_wind", "parameterUnit": "%", "genProcessType": 2, "genProcessTypeName": "Forecast", "forecastTime": 0, "surface1Type": 103, "surface1TypeName": "Specified height level above ground", "surface1Value": 10, "surface2Type": 255, "surface2TypeName": "Missing", "surface2Value": 0, "gridDefinitionTemplate": 0, "gridDefinitionTemplateName": "Latitude_Longitude", "numberPoints": 65160, "shape": 6, "shapeName": "Earth spherical with radius of 6,371,229.0 m", "gridUnits": "degrees", "resolution": 48, "winds": "true", "scanMode": 0, "nx": 128.0, "ny": 64.0, "basicAngle": 0, "subDivisions": 0, "lo1": 0.0, "la1": 87.86379883923263, "lo2": 357.1875, "la2": -87.86379883923263, "dx": 2.8125, "dy": 2.7893269472772264}, "data":
[rows 0 to 17 of 64, columns 82 to 122 of 128]
0.36115068197250366,0.3613133132457733,0.36148202419281006,0.36165690422058105,0.36183714866638184,0.3620227873325348,0.3622126281261444,0.3624064028263092,0.3626040518283844,0.3628043532371521,0.3630070686340332,0.36321166157722473,0.36341798305511475,0.3636249899864197,0.36383238434791565,0.3640393018722534,0.36424562335014343,0.3644505739212036,0.3646540343761444,0.36485472321510315,0.3650524914264679,0.3652469515800476,0.3654376268386841,0.3656243085861206,0.3658057451248169,0.3659820854663849,0.36615267395973206,0.3663173317909241,0.3664754629135132,0.36662641167640686,0.36677035689353943,0.3669064939022064,0.367034912109375,0.36715519428253174,0.36726662516593933,0.36736950278282166,0.36746352910995483,0.3675484359264374,0.36762377619743347,0.3676897883415222,0.3677460551261902
0.351362943649292,0.35170984268188477,0.3520732820034027,0.35245174169540405,0.3528444468975067,0.3532502055168152,0.353666752576828,0.35409432649612427,0.35453081130981445,0.3549744188785553,0.35542452335357666,0.35587942600250244,0.3563378155231476,0.3567982316017151,0.35725948214530945,0.3577205240726471,0.35817965865135193,0.3586355745792389,0.35908788442611694,0.3595345914363861,0.3599754571914673,0.36040836572647095,0.3608325719833374,0.36124753952026367,0.36165156960487366,0.36204421520233154,0.362424373626709,0.3627908527851105,0.36314287781715393,0.36347973346710205,0.36380013823509216,0.3641035854816437,0.36438918113708496,0.36465632915496826,0.3649044334888458,0.36513277888298035,0.36534109711647034,0.36552852392196655,0.3656948506832123,0.3658398389816284,0.3659634292125702
0.33193740248680115,0.3324160873889923,0.3329256772994995,0.3334648609161377,0.33403152227401733,0.3346238136291504,0.3352392315864563,0.33587586879730225,0.3365309536457062,0.3372017443180084,0.33788588643074036,0.33858028054237366,0.3392829895019531,0.3399907648563385,0.3407016098499298,0.34141331911087036,0.34212350845336914,0.3428298234939575,0.34353119134902954,0.3442249298095703,0.3449099659919739,0.3455846309661865,0.3462469279766083,0.34689557552337646,0.3475288450717926,0.34814533591270447,0.3487435281276703,0.3493213355541229,0.3498782217502594,0.3504117429256439,0.3509209454059601,0.35140419006347656,0.35186049342155457,0.35228830575942993,0.35268640518188477,0.3530544340610504,0.3533904552459717,0.3536945879459381,0.3539658188819885,0.35420382022857666,0.3544080853462219
0.30254146456718445,0.30305740237236023,0.3036232888698578,0.3042376935482025,0.30489927530288696,0.30560553073883057,0.3063538372516632,0.3071412146091461,0.3079642653465271,0.30881887674331665,0.3097013235092163,0.31060701608657837,0.3115321695804596,0.31247201561927795,0.3134225904941559,0.31437987089157104,0.3153400123119354,0.31629982590675354,0.3172561228275299,0.31820589303970337,0.3191465437412262,0.3200753927230835,0.32099008560180664,0.32188868522644043,0.3227674961090088,0.32362499833106995,0.32445862889289856,0.3252659738063812,0.32604464888572693,0.32679247856140137,0.3275074064731598,0.328187495470047,0.32883092761039734,0.3294360339641571,0.3300009071826935,0.33052438497543335,0.33100566267967224,0.3314429521560669,0.3318353295326233,0.3321821689605713,0.33248311281204224
0.26727721095085144,0.2677139937877655,0.268212229013443,0.2687714099884033,0.26939070224761963,0.2700690031051636,0.2708043158054352,0.2715946435928345,0.2724372148513794,0.273328959941864,0.2742658853530884,0.2752428352832794,0.27625441551208496,0.27729499340057373,0.27835813164711,0.2794376611709595,0.2805274724960327,0.2816227376461029,0.282718300819397,0.2838093936443329,0.2848924398422241,0.28596335649490356,0.28701817989349365,0.28805452585220337,0.2890677750110626,0.2900553345680237,0.2910141348838806,0.29194146394729614,0.2928350269794464,0.29369279742240906,0.294512540102005,0.295292466878891,0.29603102803230286,0.2967263162136078,0.29737624526023865,0.2979792356491089,0.29853352904319763,0.29903754591941833,0.2994895875453949,0.2998887300491333,0.3002338707447052
0.23185336589813232,0.23214712738990784,0.2324988692998886,0.23290768265724182,0.23337216675281525,0.23389098048210144,0.23446521162986755,0.23509401082992554,0.2357785552740097,0.2365175187587738,0.23730939626693726,0.23814989626407623,0.23903383314609528,0.2399541139602661,0.24090272188186646,0.24187080562114716,0.24285098910331726,0.24383552372455597,0.24481867253780365,0.24579329788684845,0.24675531685352325,0.24769942462444305,0.24862118065357208,0.24951618909835815,0.2503805160522461,0.2512107193470001,0.2520049512386322,0.25276193022727966,0.25348180532455444,0.2541649639606476,0.2548122704029083,0.2554243505001068,0.2560010254383087,0.2565411627292633,0.2570427358150482,0.25750449299812317,0.25792449712753296,0.25830113887786865,0.25863298773765564,0.2589198052883148,0.2591603994369507
0.20118050277233124,0.20135608315467834,0.20157895982265472,0.2018458992242813,0.20215430855751038,0.20250234007835388,0.20289164781570435,0.20332364737987518,0.2038009762763977,0.2043253630399704,0.20489689707756042,0.20551221072673798,0.20616507530212402,0.2068474441766739,0.207550510764122,0.20826537907123566,0.2089826911687851,0.2096947431564331,0.21039338409900665,0.21107105910778046,0.21172145009040833,0.2123374342918396,0.21291404962539673,0.21344450116157532,0.2139250934123993,0.2143515795469284,0.2147236466407776,0.21504290401935577,0.21531450748443604,0.2155449092388153,0.21574243903160095,0.21591320633888245,0.2160615772008896,0.216189444065094,0.21629734337329865,0.21638421714305878,0.21645045280456543,0.2164972424507141,0.2165248841047287,0.21653588116168976,0.2165299654006958
0.1761167347431183,0.17627717554569244,0.17647430300712585,0.17670570313930511,0.17696815729141235,0.17725946009159088,0.17758049070835114,0.17793408036231995,0.1783233880996704,0.17874997854232788,0.17921212315559387,0.1797044724225998,0.18021908402442932,0.18074771761894226,0.18128390610218048,0.1818213015794754,0.18235349655151367,0.18287160992622375,0.1833636611700058,0.18381646275520325,0.18421660363674164,0.18455389142036438,0.1848202347755432,0.1850115805864334,0.18512272834777832,0.18515092134475708,0.1850946992635727,0.18495717644691467,0.18474796414375305,0.18448133766651154,0.1841750591993332,0.1838466227054596,0.1835072934627533,0.18316441774368286,0.18282024562358856,0.18247714638710022,0.18213793635368347,0.181807279586792,0.18149104714393616,0.18119335174560547,0.18091556429862976
0.15313474833965302,0.15341900289058685,0.15373112261295319,0.15406927466392517,0.15443095564842224,0.15481336414813995,0.15521736443042755,0.15564507246017456,0.15610156953334808,0.15658868849277496,0.15710271894931793,0.15763504803180695,0.158174067735672,0.1587134450674057,0.15925215184688568,0.15979298949241638,0.1603357046842575,0.16087006032466888,0.16137291491031647,0.16181489825248718,0.16216786205768585,0.16241355240345,0.16254614293575287,0.16256707906723022,0.16248154640197754,0.16229012608528137,0.1619914472103119,0.16158686578273773,0.16108529269695282,0.16050668060779572,0.15987840294837952,0.1592283546924591,0.15857712924480438,0.15793491899967194,0.15730497241020203,0.15668648481369019,0.15608172118663788,0.1554976850748062,0.15494361519813538,0.15442603826522827,0.15394899249076843
0.1287848949432373,0.12926176190376282,0.12975946068763733,0.13027718663215637,0.13081113994121552,0.13135385513305664,0.13190089166164398,0.13245345652103424,0.13301913440227509,0.13360710442066193,0.13421764969825745,0.13484126329421997,0.1354643851518631,0.13607914745807648,0.13669060170650482,0.13731424510478973,0.1379590779542923,0.1386144757270813,0.13924498856067657,0.13979855179786682,0.14022627472877502,0.14049863815307617,0.1406116783618927,0.14058023691177368,0.14042603969573975,0.14016388356685638,0.13980013132095337,0.13933689892292023,0.1387804001569748,0.13814833760261536,0.13746725022792816,0.13676737248897552,0.13607236742973328,0.1353924423456192,0.13472603261470795,0.1340654343366623,0.1334066390991211,0.1327512413263321,0.13210828602313995,0.13148972392082214,0.13090617954730988
0.10281545668840408,0.10340839624404907,0.104018934071064,0.10465001314878464,0.10529670864343643,0.10594318062067032,0.10657177865505219,0.10717452317476273,0.1077612116932869,0.10834942758083344,0.10895423591136932,0.10957380384206772,0.11019450426101685,0.11080630868673325,0.11141516268253326,0.11204178631305695,0.11270333081483841,0.11339149624109268,0.11406434327363968,0.11466069519519806,0.11512060463428497,0.11540647596120834,0.11551126837730408,0.11545182019472122,0.1152607873082161,0.11497489362955093,0.11462526023387909,0.11423064768314362,0.11379764974117279,0.11332815140485764,0.11282573640346527,0.11230126023292542,0.11176901310682297,0.11123833805322647,0.11070812493562698,0.11016782373189926,0.10960425436496735,0.10901129990816116,0.10839332640171051,0.10776804387569427,0.10716230422258377
0.07743524014949799,0.07800829410552979,0.07859251648187637,0.079196035861969,0.07981699705123901,0.08043765276670456,0.08102887123823166,0.08156844973564148,0.08205781131982803,0.08252143859863281,0.08298943936824799,0.08347411453723907,0.0839696004986763,0.08446616679430008,0.08496660739183426,0.08548673987388611,0.08603672683238983,0.08660201728343964,0.08714335411787033,0.0876137763261795,0.0879751443862915,0.08820031583309174,0.08827211707830429,0.08818614482879639,0.08796413242816925,0.08765917271375656,0.08734293282032013,0.08706869930028915,0.08684857189655304,0.08665193617343903,0.08643464744091034,0.08616785705089569,0.08585198223590851,0.08550448715686798,0.08513797074556351,0.08474961668252945,0.08432300388813019,0.0838424414396286,0.08330795168876648,0.08274294435977936,0.08219066262245178
0.055511534214019775,0.055990081280469894,0.05646519362926483,0.05694064870476723,0.05742209777235985,0.05790147930383682,0.058354683220386505,0.058754947036504745,0.05909418314695358,0.059392597526311874,0.059684544801712036,0.05999311804771423,0.06032148003578186,0.060664836317300797,0.06102757900953293,0.06141464039683342,0.06181580200791359,0.062195535749197006,0.06251303106546402,0.06275373697280884,0.0629294365644455,0.0630497932434082,0.06309323757886887,0.06301562488079071,0.06280599534511566,0.0625201016664505,0.06226416677236557,0.06212569773197174,0.06211455911397934,0.06215985119342804,0.062167517840862274,0.0620814673602581,0.061904337257146835,0.06167110055685043,0.061411384493112564,0.06113020330667496,0.06081052124500275,0.060437437146902084,0.060011252760887146,0.05955885723233223,0.059129975736141205
0.03878752142190933,0.03915374353528023,0.03950265422463417,0.03982654958963394,0.0401310995221138,0.040422968566417694,0.040697596967220306,0.040938861668109894,0.041138339787721634,0.04130890965461731,0.04147854074835777,0.04166695103049278,0.04187580943107605,0.04210199415683746,0.04235151410102844,0.042628731578588486,0.04290960356593132,0.043139319866895676,0.0432727076113224,0.043321359902620316,0.0433470718562603,0.04339839145541191,0.04345492646098137,0.04344215616583824,0.043312422931194305,0.043113820254802704,0.04296402260661125,0.0429580882191658,0.043087299913167953,0.04325138032436371,0.04333954676985741,0.04330700263381004,0.04318047687411308,0.04300985112786293,0.042819369584321976,0.04260306805372238,0.042349688708782196,0.04206213727593422,0.04175811633467674,0.041462961584329605,0.0412064790725708
0.027099911123514175,0.027344563975930214,0.027570780366659164,0.027763325721025467,0.027922235429286957,0.02805965580046177,0.028186021372675896,0.02830110304057598,0.028401488438248634,0.028498491272330284,0.028610987588763237,0.028749359771609306,0.02890555001795292,0.029067113995552063,0.029236426576972008,0.029420746490359306,0.029602522030472755,0.029733378440141678,0.029774315655231476,0.02974814549088478,0.02973303757607937,0.029789475724101067,0.029896460473537445,0.029966279864311218,0.02994055487215519,0.029856495559215546,0.029821258038282394,0.02990972064435482,0.03009420447051525,0.030270256102085114,0.030348539352416992,0.030315883457660675,0.030222637578845024,0.030113350600004196,0.029988408088684082,0.02982310950756073,0.029614407569169998,0.029397305101156235,0.029214290902018547,0.029085779562592506,0.029002239927649498
0.019331542775034904,0.019468702375888824,0.01959124580025673,0.019689688459038734,0.01976022683084011,0.019811581820249557,0.01985849440097809,0.019909081980586052,0.01996634155511856,0.02003377303481102,0.020123373717069626,0.020241398364305496,0.020377587527036667,0.020512759685516357,0.020638346672058105,0.02075774408876896,0.020866721868515015,0.020939210429787636,0.02095586061477661,0.020942870527505875,0.020964141935110092,0.021064113825559616,0.02121637389063835,0.021343423053622246,0.021394740790128708,0.021398106589913368,0.021432965993881226,0.021550482138991356,0.021724333986639977,0.021876025944948196,0.02194424346089363,0.021930426359176636,0.021877942606806755,0.021818410605192184,0.021742967888712883,0.021626301109790802,0.021472185850143433,0.02132563479244709,0.02123899757862091,0.021227817982435226,0.021258683875203133
0.014309700578451157,0.014381148852407932,0.014440160244703293,0.0144848907366395,0.01451239362359047,0.014528128318488598,0.01454682182520628,0.014582005329430103,0.014637250453233719,0.014707459136843681,0.014791930094361305,0.014895036816596985,0.015013874508440495,0.015134609304368496,0.015244224108755589,0.015339523553848267,0.01541915349662304,0.015474541112780571,0.01550343632698059,0.01553010568022728,0.015598722733557224,0.01573357917368412,0.015908382833003998,0.01606742851436138,0.016172856092453003,0.016236765310168266,0.01630309782922268,0.016406100243330002,0.016541259363293648,0.01666877046227455,0.01674720272421837,0.01676398701965809,0.01673765480518341,0.01669292151927948,0.016639210283756256,0.016570432111620903,0.016488943248987198,0.016416992992162704,0.016388913616538048,0.016420308500528336,0.016489766538143158
0.010998113080859184,0.011039823293685913,0.01107155904173851,0.011094856075942516,0.011109882965683937,0.01111971028149128,0.011135377921164036,0.011171195656061172,0.011232254095375538,0.011311851441860199,0.011402009055018425,0.011500738561153412,0.011606140993535519,0.011710984632372856,0.011808125302195549,0.011894899420440197,0.01197387371212244,0.012041255831718445,0.012099617160856724,0.012166662141680717,0.01227047573775053,0.01242273859679699,0.012604179792106152,0.012779144570231438,0.012920924462378025,0.013025632128119469,0.013109372928738594,0.013194425962865353,0.013294178061187267,0.013396491296589375,0.013472447171807289,0.013500151224434376,0.013484499417245388,0.01344746071845293,0.013409390114247799,0.013377943076193333,0.013352064415812492,0.013336606323719025,0.013343306258320808,0.013385200873017311,0.013459938578307629
