earth/public/data/atmosphere/C53/ANN-rh-isobaric-250hPa-gfs-1.0.json
{"header": {"discipline": 0, "disciplineName": "Meteorological products", "gribEdition": 2, "gribLength": 17922.0, "center": 0, "centerName": "Kiel Climate Model", "subcenter": 0, "refTime": "1", "significanceOfRT": 1, "significanceOfRTName": "Start of forecast", "productStatus": 0, "productStatusName": "Operational products", "productType": 1, "productTypeName": "Forecast products", "productDefinitionTemplate": 0, "productDefinitionTemplateName": "Analysis/forecast at horizontal level/layer at a point in time", "parameterCategory": 2, "parameterCategoryName": "Momentum", "parameterNumber": 2, "parameterNumberName": "U-component_of_wind", "parameterUnit": "%", "genProcessType": 2, "genProcessTypeName": "Forecast", "forecastTime": 0, "surface1Type": 103, "surface1TypeName": "Specified height level above ground", "surface1Value": 10, "surface2Type": 255, "surface2TypeName": "Missing", "surface2Value": 0, "gridDefinitionTemplate": 0, "gridDefinitionTemplateName": "Latitude_Longitude", "numberPoints": 65160, "shape": 6, "shapeName": "Earth spherical with radius of 6,371,229.0 m", "gridUnits": "degrees", "resolution": 48, "winds": "true", "scanMode": 0, "nx": 128.0, "ny": 64.0, "basicAngle": 0, "subDivisions": 0, "lo1": 0.0, "la1": 87.86379883923263, "lo2": 357.1875, "la2": -87.86379883923263, "dx": 2.8125, "dy": 2.7893269472772264}, "data":
[rows 19 to 37 of 64, columns 0 to 42 of 128]
0.4739829897880554,0.4714784026145935,0.46911758184432983,0.4668571352958679,0.4641907215118408,0.4602310359477997,0.4540749192237854,0.44583404064178467,0.4368588626384735,0.42813757061958313,0.4192417860031128,0.4095553159713745,0.3993154466152191,0.38866376876831055,0.377201646566391,0.36535215377807617,0.3545157313346863,0.345028817653656,0.33574968576431274,0.3263830542564392,0.3182859420776367,0.3124493658542633,0.3087557852268219,0.3073054552078247,0.30804622173309326,0.30937162041664124,0.309731662273407,0.3100322186946869,0.3120216429233551,0.3155724108219147,0.3197494149208069,0.32473158836364746,0.33086463809013367,0.3379279673099518,0.34637725353240967,0.35702022910118103,0.36931905150413513,0.3823889195919037,0.3969358801841736,0.41358622908592224,0.4303256869316101,0.4441594183444977,0.4544960558414459
0.4157443046569824,0.4118815064430237,0.408103346824646,0.4039267301559448,0.39902541041374207,0.39318767189979553,0.38568973541259766,0.37611931562423706,0.3654922842979431,0.35511577129364014,0.3449767231941223,0.33453208208084106,0.32405611872673035,0.31389862298965454,0.3035907745361328,0.2930333614349365,0.28331679105758667,0.27504879236221313,0.2673204839229584,0.25969335436820984,0.25340715050697327,0.24920742213726044,0.24620042741298676,0.2440727949142456,0.24369767308235168,0.24479463696479797,0.24620935320854187,0.2485274225473404,0.25306200981140137,0.259272038936615,0.26629388332366943,0.27490851283073425,0.2854700982570648,0.29677486419677734,0.3084339499473572,0.32117289304733276,0.3347020745277405,0.34843340516090393,0.36306673288345337,0.37869641184806824,0.3934710621833801,0.40629929304122925,0.4184224307537079
0.3621647357940674,0.3557601571083069,0.35021311044692993,0.3446289598941803,0.33852630853652954,0.3321075141429901,0.3249385952949524,0.3162119686603546,0.3063068985939026,0.29651033878326416,0.2873273491859436,0.27824798226356506,0.2690015435218811,0.2600105106830597,0.2515318691730499,0.24328292906284332,0.23530831933021545,0.2282121479511261,0.2221253365278244,0.21682623028755188,0.21290922164916992,0.2108914703130722,0.20984700322151184,0.20912106335163116,0.2096499502658844,0.21172450482845306,0.2144574075937271,0.21833811700344086,0.2244030088186264,0.23154617846012115,0.23881696164608002,0.24794325232505798,0.26001811027526855,0.27348005771636963,0.28741416335105896,0.30237650871276855,0.31778284907341003,0.3326515555381775,0.34727704524993896,0.36128848791122437,0.3733063340187073,0.38403424620628357,0.39573460817337036
0.32288938760757446,0.3147529363632202,0.3081536591053009,0.302237868309021,0.296345978975296,0.29033222794532776,0.2839316129684448,0.2768826186656952,0.2693342864513397,0.26172974705696106,0.2545371651649475,0.24778716266155243,0.24090081453323364,0.23375818133354187,0.2271425724029541,0.2212080955505371,0.2153148204088211,0.2099323570728302,0.20608507096767426,0.20335911214351654,0.20123259723186493,0.20046690106391907,0.20112137496471405,0.20232610404491425,0.20441240072250366,0.2078147530555725,0.21172821521759033,0.21642068028450012,0.22295334935188293,0.23012927174568176,0.23669566214084625,0.2444794774055481,0.25491368770599365,0.26686519384384155,0.2802283763885498,0.2957811951637268,0.31172052025794983,0.32589587569236755,0.33881741762161255,0.35086607933044434,0.3611132502555847,0.3702714741230011,0.37982872128486633
0.30179136991500854,0.2962913513183594,0.290675550699234,0.284384161233902,0.27814173698425293,0.272128164768219,0.265943706035614,0.2598940134048462,0.2543482184410095,0.2487676590681076,0.24301736056804657,0.23788535594940186,0.23317021131515503,0.22796398401260376,0.22289277613162994,0.21881693601608276,0.21498432755470276,0.21142326295375824,0.20952530205249786,0.20881889760494232,0.20805729925632477,0.2083771973848343,0.21060684323310852,0.21327786147594452,0.21623288094997406,0.2207431048154831,0.2262589931488037,0.2321750819683075,0.23938338458538055,0.24727670848369598,0.2545740008354187,0.2624061405658722,0.2718227505683899,0.2825701832771301,0.29619908332824707,0.31332987546920776,0.3294144868850708,0.34046682715415955,0.3485804498195648,0.35689470171928406,0.36519911885261536,0.3723985552787781,0.37782779335975647
0.30360713601112366,0.30209416151046753,0.29658618569374084,0.2871193587779999,0.2773158550262451,0.2695138156414032,0.26345503330230713,0.25848960876464844,0.2543581426143646,0.25027531385421753,0.245759516954422,0.24171182513237,0.23837919533252716,0.2345355749130249,0.23049145936965942,0.22783930599689484,0.22609907388687134,0.22447293996810913,0.22420507669448853,0.22538483142852783,0.22677630186080933,0.2295147180557251,0.2344847172498703,0.23941662907600403,0.24372580647468567,0.2496655136346817,0.25708717107772827,0.2643778622150421,0.27203676104545593,0.2802187204360962,0.28799083828926086,0.2959005832672119,0.3044865131378174,0.31409844756126404,0.3274257481098175,0.3446107506752014,0.35896679759025574,0.36587071418762207,0.36960849165916443,0.3756507337093353,0.38348841667175293,0.38915494084358215,0.38958728313446045
0.33047375082969666,0.3260943591594696,0.3153330683708191,0.3002067506313324,0.2853084206581116,0.27456778287887573,0.2692566514015198,0.26740705966949463,0.2663983106613159,0.26504722237586975,0.2628977298736572,0.2602815330028534,0.25785765051841736,0.25503185391426086,0.2518879771232605,0.25041529536247253,0.25085172057151794,0.25183025002479553,0.2540889084339142,0.2581884264945984,0.26264703273773193,0.26791250705718994,0.2752901017665863,0.28291401267051697,0.28956493735313416,0.2971199154853821,0.3056851327419281,0.31359097361564636,0.3210981488227844,0.3284640908241272,0.33492591977119446,0.34098315238952637,0.34699392318725586,0.35310351848602295,0.36181700229644775,0.3734424412250519,0.38249096274375916,0.38616275787353516,0.38933485746383667,0.39630210399627686,0.40501540899276733,0.4100660979747772,0.40715789794921875
0.37119200825691223,0.3576175272464752,0.33883893489837646,0.32063373923301697,0.3044719994068146,0.2922069728374481,0.2883116602897644,0.292179673910141,0.29795536398887634,0.3017560839653015,0.30237171053886414,0.30020350217819214,0.29775142669677734,0.2962522804737091,0.2951309382915497,0.29555562138557434,0.29828161001205444,0.30173227190971375,0.30615925788879395,0.31268227100372314,0.31953221559524536,0.32602041959762573,0.33425161242485046,0.34393900632858276,0.3530862033367157,0.36189451813697815,0.37066128849983215,0.37866440415382385,0.3860466480255127,0.3925555944442749,0.3974202573299408,0.4013250470161438,0.4045998454093933,0.4066736400127411,0.4088576138019562,0.41213130950927734,0.414677232503891,0.4163665771484375,0.4199461340904236,0.4259459674358368,0.43201398849487305,0.43500816822052,0.4313179850578308
0.406721293926239,0.38972383737564087,0.3689154386520386,0.35352823138237,0.34166207909584045,0.33129560947418213,0.32996782660484314,0.3408229947090149,0.3555157780647278,0.36546236276626587,0.36778944730758667,0.3644462823867798,0.3611304759979248,0.3610471487045288,0.36271998286247253,0.36616992950439453,0.37201935052871704,0.3775314688682556,0.38189664483070374,0.3877139985561371,0.3948134779930115,0.4019929766654968,0.41108787059783936,0.42248156666755676,0.43346983194351196,0.4429904520511627,0.4518251121044159,0.4600684642791748,0.46739619970321655,0.47325438261032104,0.4771861433982849,0.479684442281723,0.48092761635780334,0.48029419779777527,0.47806382179260254,0.47535932064056396,0.47342297434806824,0.473489373922348,0.4748833477497101,0.47515493631362915,0.4737045168876648,0.47112640738487244,0.46572768688201904
0.42759519815444946,0.41949597001075745,0.4060758352279663,0.39670073986053467,0.39081835746765137,0.38540956377983093,0.38805878162384033,0.4038904309272766,0.4243009686470032,0.4382936954498291,0.44255584478378296,0.4407643973827362,0.43940454721450806,0.440822571516037,0.4433426558971405,0.44868233799934387,0.4584469199180603,0.4674936532974243,0.4720335602760315,0.4756034016609192,0.4813096821308136,0.48898088932037354,0.4992617070674896,0.5116810202598572,0.5232515335083008,0.5329576134681702,0.54219651222229,0.551041841506958,0.5583481788635254,0.5637936592102051,0.5674343109130859,0.5688360929489136,0.5679360032081604,0.5653761029243469,0.56121826171875,0.5557964444160461,0.5517343282699585,0.5506365895271301,0.5492666959762573,0.5440157055854797,0.5352601408958435,0.5240827202796936,0.5107563734054565
0.43904969096183777,0.4433549642562866,0.4404294192790985,0.43626588582992554,0.43478938937187195,0.4351881146430969,0.44132301211357117,0.456654816865921,0.47536757588386536,0.4893060028553009,0.49695560336112976,0.5022163987159729,0.508040726184845,0.5123019814491272,0.5135948657989502,0.518218457698822,0.5310540795326233,0.545593798160553,0.5541063547134399,0.5583804845809937,0.5634260773658752,0.5710007548332214,0.5813698768615723,0.5934085845947266,0.6045288443565369,0.6141930818557739,0.6239450573921204,0.6335394382476807,0.6412753462791443,0.6472133994102478,0.6518077254295349,0.653482973575592,0.6518145799636841,0.6489486694335938,0.6448832750320435,0.6385522484779358,0.6332687139511108,0.6315960884094238,0.6294291615486145,0.6225674152374268,0.6099616885185242,0.5896085500717163,0.5633755922317505
0.4509657323360443,0.4607049226760864,0.46370893716812134,0.46270322799682617,0.46405795216560364,0.46871984004974365,0.47601786255836487,0.48706328868865967,0.500375509262085,0.5122617483139038,0.5223376154899597,0.5335733890533447,0.5459581017494202,0.5541465282440186,0.5563334822654724,0.5608394742012024,0.5750991702079773,0.5940541625022888,0.6083410382270813,0.6165360808372498,0.6229628324508667,0.6307576894760132,0.6406583786010742,0.6517789363861084,0.6624370813369751,0.6722460985183716,0.6823556423187256,0.6925268769264221,0.7008695602416992,0.7074636220932007,0.7133730053901672,0.716748058795929,0.7164900898933411,0.715184211730957,0.7126737236976624,0.7064929604530334,0.6999383568763733,0.6968247890472412,0.6934658288955688,0.68537437915802,0.6700726747512817,0.6432214379310608,0.6077417731285095
0.4656079113483429,0.47501233220100403,0.4782298505306244,0.4779159724712372,0.4801519811153412,0.4860736131668091,0.4933425486087799,0.5026430487632751,0.5148161053657532,0.5268429517745972,0.5363172888755798,0.5455666780471802,0.5570480227470398,0.568004310131073,0.5753632187843323,0.5831947326660156,0.5977022647857666,0.6170936226844788,0.6338017582893372,0.6445541977882385,0.6525182723999023,0.6613098978996277,0.6714116334915161,0.6819162964820862,0.6922299265861511,0.702212393283844,0.7125675082206726,0.7232043147087097,0.7318676114082336,0.7380179762840271,0.7436650395393372,0.7478691339492798,0.7486485838890076,0.7481372356414795,0.7468975186347961,0.7418090105056763,0.7343955636024475,0.7282196283340454,0.720730185508728,0.7084807753562927,0.6900081634521484,0.661811888217926,0.6264340281486511
0.47468483448028564,0.4840027689933777,0.485610693693161,0.48355934023857117,0.4837077856063843,0.4878881573677063,0.4953473210334778,0.5069472193717957,0.5220723152160645,0.5356458425521851,0.5431806445121765,0.5470134019851685,0.554089367389679,0.5668184757232666,0.5805113911628723,0.592221200466156,0.6052864789962769,0.6214349865913391,0.6360871195793152,0.6457565426826477,0.653384804725647,0.66257244348526,0.672590970993042,0.6820160150527954,0.6913766264915466,0.7010498642921448,0.7113125920295715,0.7221505045890808,0.7310415506362915,0.7364740371704102,0.7409124374389648,0.7447658777236938,0.7455610632896423,0.7446420192718506,0.7439155578613281,0.7406642436981201,0.7336775660514832,0.7247124314308167,0.712701678276062,0.6965291500091553,0.6773015856742859,0.6537582278251648,0.6262075304985046
0.4687333405017853,0.4784046709537506,0.48018887639045715,0.47703176736831665,0.4748230576515198,0.4767286777496338,0.48416608572006226,0.4969452917575836,0.5112870931625366,0.5223912596702576,0.5281149744987488,0.530906081199646,0.5378097295761108,0.5527960658073425,0.5698138475418091,0.5817139148712158,0.5908218622207642,0.6018252372741699,0.6124869585037231,0.6196166276931763,0.6258108615875244,0.6339102983474731,0.6423097848892212,0.6497576832771301,0.6577406525611877,0.6667286157608032,0.6762476563453674,0.6864429712295532,0.6955198645591736,0.7012960314750671,0.7054103016853333,0.7093603610992432,0.7113974690437317,0.711719810962677,0.7121824026107788,0.7110683917999268,0.7060186862945557,0.6972743272781372,0.6848593950271606,0.6695546507835388,0.6542516946792603,0.6393974423408508,0.623088538646698
0.444869726896286,0.45322588086128235,0.45810455083847046,0.45896103978157043,0.4600391983985901,0.4636240005493164,0.4714217185974121,0.4819512665271759,0.4896509349346161,0.4930360019207001,0.49559977650642395,0.49988090991973877,0.5087279081344604,0.5237783789634705,0.5389336347579956,0.5471126437187195,0.5509405136108398,0.5562124848365784,0.5623612403869629,0.5671249628067017,0.571946382522583,0.5779651999473572,0.5837348103523254,0.5891443490982056,0.5960295796394348,0.6044126749038696,0.6130094528198242,0.6220243573188782,0.6310684680938721,0.6379556655883789,0.6425744891166687,0.6469748616218567,0.6514341831207275,0.6551050543785095,0.6578949093818665,0.659051775932312,0.6573888659477234,0.652617871761322,0.6446545124053955,0.6344830989837646,0.6249972581863403,0.6176224946975708,0.610605001449585
0.4062555432319641,0.4136686325073242,0.42327627539634705,0.4330643117427826,0.4443884491920471,0.45512622594833374,0.4650689661502838,0.47295650839805603,0.47373396158218384,0.4686768054962158,0.4655531048774719,0.4675939083099365,0.47402629256248474,0.483784556388855,0.49220430850982666,0.49490416049957275,0.49444857239723206,0.4950602054595947,0.4968591034412384,0.49912670254707336,0.5021889209747314,0.5056027770042419,0.5088453888893127,0.5127410292625427,0.5185019373893738,0.5259687304496765,0.5338399410247803,0.541857123374939,0.5504700541496277,0.558258056640625,0.5636719465255737,0.5683474540710449,0.5743989944458008,0.580817461013794,0.5857319235801697,0.5890650749206543,0.5911732316017151,0.5914236903190613,0.5890228748321533,0.5843582153320312,0.5791110396385193,0.5746866464614868,0.5710477828979492
0.36414244771003723,0.37271758913993835,0.3850637376308441,0.4019240438938141,0.42289453744888306,0.44089093804359436,0.45335444808006287,0.46048739552497864,0.45870980620384216,0.44913047552108765,0.4399864971637726,0.43605929613113403,0.4363574683666229,0.43820804357528687,0.43813830614089966,0.4351731836795807,0.43217599391937256,0.43061262369155884,0.4296802878379822,0.4295352101325989,0.43010446429252625,0.43066486716270447,0.4319496154785156,0.4347803592681885,0.43897923827171326,0.44474107027053833,0.4516717791557312,0.45868441462516785,0.466105192899704,0.4739189147949219,0.4803629219532013,0.4856434762477875,0.49191197752952576,0.4986918866634369,0.5040539503097534,0.5083317160606384,0.5122342705726624,0.5147768259048462,0.5152583718299866,0.5140796899795532,0.5115934014320374,0.5081437826156616,0.5044320225715637
0.33352130651474,0.3419603109359741,0.3519456386566162,0.3678766191005707,0.3894224166870117,0.4081469178199768,0.421012818813324,0.4296974241733551,0.43163731694221497,0.42493313550949097,0.4140382707118988,0.4047020673751831,0.39894241094589233,0.3943697214126587,0.3875334858894348,0.3796951472759247,0.3747597932815552,0.3723570704460144,0.37001699209213257,0.367743581533432,0.3656453490257263,0.3636370599269867,0.3634255826473236,0.3654171824455261,0.36815106868743896,0.37208423018455505,0.37780705094337463,0.38371020555496216,0.3895610570907593,0.396489679813385,0.40340539813041687,0.40917497873306274,0.41474923491477966,0.4201243817806244,0.42432400584220886,0.42787012457847595,0.43111035227775574,0.43314847350120544,0.4340372681617737,0.43442317843437195,0.43390974402427673,0.43216484785079956,0.4295753836631775
