earth/public/data/atmosphere/C53/ANN-temp-isobaric-250hPa-gfs-1.0.json
{"header": {"discipline": 0, "disciplineName": "Meteorological products", "gribEdition": 2, "gribLength": 17922.0, "center": 0, "centerName": "Kiel Climate Model", "subcenter": 0, "refTime": "1", "significanceOfRT": 1, "significanceOfRTName": "Start of forecast", "productStatus": 0, "productStatusName": "Operational products", "productType": 1, "productTypeName": "Forecast products", "productDefinitionTemplate": 0, "productDefinitionTemplateName": "Analysis/forecast at horizontal level/layer at a point in time", "parameterCategory": 2, "parameterCategoryName": "Momentum", "parameterNumber": 2, "parameterNumberName": "U-component_of_wind", "parameterUnit": "K", "genProcessType": 2, "genProcessTypeName": "Forecast", "forecastTime": 0, "surface1Type": 103, "surface1TypeName": "Specified height level above ground", "surface1Value": 10, "surface2Type": 255, "surface2TypeName": "Missing", "surface2Value": 0, "gridDefinitionTemplate": 0, "gridDefinitionTemplateName": "Latitude_Longitude", "numberPoints": 65160, "shape": 6, "shapeName": "Earth spherical with radius of 6,371,229.0 m", "gridUnits": "degrees", "resolution": 48, "winds": "true", "scanMode": 0, "nx": 128.0, "ny": 64.0, "basicAngle": 0, "subDivisions": 0, "lo1": 0.0, "la1": 87.86379883923263, "lo2": 357.1875, "la2": -87.86379883923263, "dx": 2.8125, "dy": 2.7893269472772264}, "data":
[rows 38 to 56 of 64, columns 44 to 87 of 128]
247.41152954101562,247.3566131591797,247.2971649169922,247.2355499267578,247.16769409179688,247.09295654296875,247.01739501953125,246.9440460205078,246.87147521972656,246.79954528808594,246.7306671142578,246.66624450683594,246.6024627685547,246.53390502929688,246.4617156982422,246.3883056640625,246.30923461914062,246.22274780273438,246.13284301757812,246.03602600097656,245.92649841308594,245.80995178222656,245.69017028808594,245.5605926513672,245.422119140625,245.2833251953125,245.1417236328125,244.9923095703125,244.8416748046875,244.6940155029297,244.54421997070312,244.39288330078125,244.24600219726562,244.0997772216797,243.94586181640625,243.787109375,243.630859375,243.4739990234375,243.31077575683594,243.14419555664062,242.97579956054688,242.80186462402344,242.62689208984375,242.455810546875
246.6065673828125,246.5371856689453,246.46084594726562,246.38119506835938,246.29562377929688,246.20404052734375,246.1120147705078,246.02305603027344,245.93678283691406,245.8528594970703,245.77232360839844,245.69622802734375,245.6221923828125,245.5464324951172,245.46945190429688,245.39149475097656,245.30686950683594,245.21286010742188,245.11349487304688,245.00888061523438,244.89598083496094,244.7774200439453,244.65420532226562,244.52259826660156,244.3861846923828,244.25100708007812,244.11203002929688,243.96485900878906,243.81724548339844,243.67369079589844,243.52969360351562,243.38636779785156,243.24769592285156,243.10733032226562,242.9588165283203,242.8076629638672,242.65872192382812,242.50567626953125,242.34312438964844,242.1728057861328,241.99642944335938,241.81639099121094,241.63795471191406,241.45904541015625
245.4130401611328,245.3324737548828,245.24050903320312,245.14102172851562,245.03662109375,244.93014526367188,244.82333374023438,244.71609497070312,244.6102752685547,244.50900268554688,244.41371154785156,244.32415771484375,244.23863220214844,244.1540069580078,244.06967163085938,243.98526000976562,243.89620971679688,243.7993927001953,243.69764709472656,243.59242248535156,243.4813995361328,243.36537170410156,243.24606323242188,243.12203979492188,242.99383544921875,242.8646240234375,242.73423767089844,242.60211181640625,242.4712371826172,242.34356689453125,242.21913146972656,242.09860229492188,241.97891235351562,241.85398864746094,241.72520446777344,241.59832763671875,241.47019958496094,241.33306884765625,241.18685913085938,241.03436279296875,240.8746337890625,240.70919799804688,240.5410919189453,240.36758422851562
243.683349609375,243.5944061279297,243.49124145507812,243.37701416015625,243.25631713867188,243.13360595703125,243.00991821289062,242.88497924804688,242.7624053955078,242.64695739746094,242.54013061523438,242.441162109375,242.34764099121094,242.25558471679688,242.16383361816406,242.0740509033203,241.98464965820312,241.89202880859375,241.79669189453125,241.69937133789062,241.59759521484375,241.49136352539062,241.38461303710938,241.2776336669922,241.1668701171875,241.05322265625,240.9425506591797,240.83782958984375,240.7364044189453,240.63705444335938,240.54351806640625,240.45599365234375,240.36630249023438,240.27032470703125,240.17530822753906,240.08489990234375,239.98974609375,239.8826141357422,239.7677001953125,239.6483917236328,239.52218627929688,239.38873291015625,239.2484893798828,239.09971618652344
241.32516479492188,241.22781372070312,241.1173553466797,240.99667358398438,240.8677520751953,240.73345947265625,240.59718322753906,240.46287536621094,240.3346710205078,240.21450805664062,240.10244750976562,239.99952697753906,239.90521240234375,239.81536865234375,239.7280731201172,239.6454620361328,239.56686401367188,239.48809814453125,239.40863037109375,239.33006286621094,239.2501678466797,239.1670379638672,239.0843505859375,239.0044403076172,238.92361450195312,238.8407440185547,238.76170349121094,238.68995666503906,238.62164306640625,238.55520629882812,238.4956817626953,238.44403076171875,238.39285278320312,238.3391876220703,238.28778076171875,238.23809814453125,238.18154907226562,238.11453247070312,238.0404052734375,237.95999145507812,237.87281799316406,237.78114318847656,237.68405151367188,237.5780029296875
238.449462890625,238.34947204589844,238.23834228515625,238.1202850341797,237.99510192871094,237.86239624023438,237.7259979248047,237.5930633544922,237.4685821533203,237.3523406982422,237.24388122558594,237.14675903320312,237.0633544921875,236.99000549316406,236.92294311523438,236.86245727539062,236.80758666992188,236.75445556640625,236.7025146484375,236.65420532226562,236.60777282714844,236.5592498779297,236.50987243652344,236.46336364746094,236.4185791015625,236.37286376953125,236.32809448242188,236.28717041015625,236.24935913085938,236.21441650390625,236.18540954589844,236.16368103027344,236.14675903320312,236.1326446533203,236.1199951171875,236.10494995117188,236.08453369140625,236.0595703125,236.0290985107422,235.9893035888672,235.94189453125,235.89239501953125,235.83909606933594,235.7762451171875
235.361572265625,235.27052307128906,235.16796875,235.0594024658203,234.94631958007812,234.8270263671875,234.70326232910156,234.58203125,234.46981811523438,234.36770629882812,234.27590942382812,234.19847106933594,234.13818359375,234.09112548828125,234.0517120361328,234.01904296875,233.99362182617188,233.97305297851562,233.95538330078125,233.9408721923828,233.9281768798828,233.91383361816406,233.89732360839844,233.88133239746094,233.8661651611328,233.8494873046875,233.83099365234375,233.81356811523438,233.7996826171875,233.78968811035156,233.783203125,233.7806396484375,233.78334045410156,233.79144287109375,233.8015899658203,233.80996704101562,233.81756591796875,233.82606506347656,233.830810546875,233.82568359375,233.8130340576172,233.7982940673828,233.7787628173828,233.7490692138672
232.3458251953125,232.27267456054688,232.18746948242188,232.09559631347656,232.0005645751953,231.90171813964844,231.79953002929688,231.70005798339844,231.6103057861328,231.53250122070312,231.46661376953125,231.41534423828125,231.38095092773438,231.3600311279297,231.3470001220703,231.34109497070312,231.34451293945312,231.35574340820312,231.36988830566406,231.38375854492188,231.39683532714844,231.40858459472656,231.41778564453125,231.42405700683594,231.4274444580078,231.42779541015625,231.42523193359375,231.42161560058594,231.41993713378906,231.42181396484375,231.42657470703125,231.43325805664062,231.44264221191406,231.45590209960938,231.47239685058594,231.49124145507812,231.51318359375,231.5370635986328,231.55770874023438,231.57167053222656,231.58204650878906,231.5916748046875,231.59703063964844,231.5946807861328
229.52963256835938,229.47865295410156,229.4183807373047,229.35238647460938,229.28311157226562,229.2101593017578,229.13478088378906,229.06320190429688,229.00201416015625,228.95266723632812,228.91372680664062,228.88644409179688,228.87339782714844,228.87338256835938,228.88267517089844,228.90077209472656,228.929443359375,228.96633911132812,229.00436401367188,229.03868103027344,229.07015991210938,229.1005859375,229.12806701660156,229.1493682861328,229.1642303466797,229.17466735839844,229.1814727783203,229.18414306640625,229.1844482421875,229.18643188476562,229.192138671875,229.199462890625,229.20562744140625,229.2112579345703,229.2200927734375,229.235107421875,229.25547790527344,229.277099609375,229.2965545654297,229.3147735595703,229.33482360839844,229.35633850097656,229.3759002685547,229.39251708984375
226.95582580566406,226.92874145507812,226.8963165283203,226.86087036132812,226.8225555419922,226.78028869628906,226.73568725585938,226.69464111328125,226.66265869140625,226.64059448242188,226.62684631347656,226.62216186523438,226.6288604736328,226.64695739746094,226.67425537109375,226.7102813720703,226.7556610107422,226.807373046875,226.85867309570312,226.9053497314453,226.94886779785156,226.99110412597656,227.02932739257812,227.0591583251953,227.08041381835938,227.09619140625,227.107421875,227.11231994628906,227.1116180419922,227.11026000976562,227.11129760742188,227.1114959716797,227.1058807373047,227.09576416015625,227.08863830566406,227.0900115966797,227.09803771972656,227.1076202392578,227.1174774169922,227.1306915283203,227.14862060546875,227.16799926757812,227.18614196777344,227.20506286621094
224.66226196289062,224.65850830078125,224.65106201171875,224.64303588867188,224.63499450683594,224.62583923339844,224.61569213867188,224.60707092285156,224.60287475585938,224.60433959960938,224.6121826171875,224.62815856933594,224.65380859375,224.68809509277344,224.72869873046875,224.77484130859375,224.8268280029297,224.88267517089844,224.9379425048828,224.9897003173828,225.03863525390625,225.085205078125,225.12643432617188,225.15838623046875,225.18093872070312,225.19679260253906,225.20700073242188,225.21031188964844,225.20733642578125,225.2016143798828,225.19471740722656,225.18319702148438,225.16354370117188,225.1388397216797,225.1172637939453,225.10340881347656,225.09457397460938,225.0867156982422,225.08102416992188,225.08143615722656,225.08766174316406,225.09483337402344,225.10073852539062,225.10902404785156
222.6712188720703,222.68826293945312,222.70233154296875,222.71707153320312,222.73471069335938,222.7550506591797,222.7764434814453,222.79739379882812,222.8174285888672,222.83770751953125,222.8612518310547,222.8915252685547,222.93002319335938,222.97511291503906,223.02391052246094,223.07522583007812,223.1292266845703,223.18516540527344,223.2405242919922,223.2930450439453,223.34201049804688,223.3867645263672,223.4252166748047,223.4552001953125,223.4765167236328,223.49029541015625,223.496826171875,223.49542236328125,223.48681640625,223.4732666015625,223.45565795898438,223.43247985839844,223.40306091308594,223.37071228027344,223.34031677246094,223.31320190429688,223.28660583496094,223.25914001464844,223.2345733642578,223.21739196777344,223.20684814453125,223.1981201171875,223.18907165527344,223.18295288085938
220.97412109375,221.00851440429688,221.0419464111328,221.07632446289062,221.11326599121094,221.1531982421875,221.19493103027344,221.2361602783203,221.27505493164062,221.31166076660156,221.34848022460938,221.38873291015625,221.43405151367188,221.4835968017578,221.535400390625,221.58837890625,221.6424102783203,221.69705200195312,221.75048828125,221.80052185058594,221.8455352783203,221.88458251953125,221.91709899902344,221.9428253173828,221.96182250976562,221.9738006591797,221.97756958007812,221.97195434570312,221.95742797851562,221.93585205078125,221.90904235839844,221.87783813476562,221.84315490722656,221.80662536621094,221.76942443847656,221.7308349609375,221.6896514892578,221.64727783203125,221.608154296875,221.57568359375,221.5487518310547,221.52365112304688,221.49920654296875,221.47793579101562
219.54518127441406,219.59169006347656,219.6398162841797,219.68894958496094,219.73876953125,219.78956604003906,219.8417510986328,219.89488220214844,219.94778442382812,219.9994354248047,220.04989624023438,220.10009765625,220.15084838867188,220.20211791992188,220.2532196044922,220.30369567871094,220.35354614257812,220.4025115966797,220.44964599609375,220.49327087402344,220.53173828125,220.56394958496094,220.58981323242188,220.60980224609375,220.62429809570312,220.63284301757812,220.63401794433594,220.62652587890625,220.61016845703125,220.5862274169922,220.5564727783203,220.52223205566406,220.48434448242188,220.44322204589844,220.3988800048828,220.351318359375,220.3014373779297,220.251708984375,220.20501708984375,220.1624755859375,220.1226806640625,220.08367919921875,220.04583740234375,220.01158142089844
218.3603057861328,218.41090393066406,218.46417236328125,218.51934814453125,218.57557678222656,218.63291931152344,218.6920166015625,218.75302124023438,218.81507873535156,218.87661743164062,218.93630981445312,218.99366760253906,219.0487518310547,219.1014862060547,219.15145874023438,219.1982421875,219.2417449951172,219.28233337402344,219.3203887939453,219.35568237304688,219.3873291015625,219.41404724121094,219.43490600585938,219.44967651367188,219.45860290527344,219.46189880371094,219.4593505859375,219.45042419433594,219.43478393554688,219.4125213623047,219.38400268554688,219.3496856689453,219.30996704101562,219.26528930664062,219.21641540527344,219.16458129882812,219.1114959716797,219.05892944335938,219.00804138183594,218.95883178710938,218.91058349609375,218.86328125,218.8179931640625,218.7763671875
217.39773559570312,217.4433135986328,217.4910430908203,217.54202270507812,217.59689331054688,217.65589904785156,217.71856689453125,217.78367614746094,217.84918212890625,217.91311645507812,217.9742889404297,218.03253173828125,218.08810424804688,218.14096069335938,218.19036865234375,218.2352294921875,218.27500915527344,218.31011962890625,218.34169006347656,218.37069702148438,218.39718627929688,218.4201202392578,218.43798828125,218.44970703125,218.45501708984375,218.45436096191406,218.44834899902344,218.43724060058594,218.42080688476562,218.39857482910156,218.3702392578125,218.33584594726562,218.29603576660156,218.25180053710938,218.2042999267578,218.1545867919922,218.1034698486328,218.05148315429688,217.9989471435547,217.94627380371094,217.89422607421875,217.84388732910156,217.79617309570312,217.75135803222656
216.6183624267578,216.654541015625,216.69195556640625,216.73324584960938,216.78070068359375,216.83517456054688,216.89572143554688,216.95977783203125,217.02420043945312,217.08642578125,217.14515686035156,217.20045471191406,217.2530059814453,217.30303955078125,217.35008239746094,217.39303588867188,217.43113708496094,217.46434020996094,217.4934539794922,217.51942443847656,217.54261779785156,217.5625,217.5779571533203,217.5878448486328,217.59164428710938,217.58949279785156,217.581787109375,217.56881713867188,217.55050659179688,217.5267333984375,217.49758911132812,217.46371459960938,217.4261932373047,217.38616943359375,217.3444061279297,217.30091857910156,217.25534057617188,217.20721435546875,217.15670776367188,217.1048126220703,217.05308532714844,217.00303649902344,216.95530700683594,216.90948486328125
215.97654724121094,216.00611877441406,216.03611755371094,216.0693817138672,216.108642578125,216.1553192138672,216.2089385986328,216.26724243164062,216.3271484375,216.3857421875,216.4412841796875,216.49317932128906,216.54164123535156,216.58706665039062,216.6294708251953,216.66854858398438,216.70382690429688,216.73507690429688,216.762451171875,216.7861785888672,216.80638122558594,216.8227996826172,216.83493041992188,216.84231567382812,216.84466552734375,216.84190368652344,216.83413696289062,216.8214111328125,216.80372619628906,216.78123474121094,216.75440979003906,216.7240447998047,216.691162109375,216.65652465820312,216.6203155517578,216.58216857910156,216.5414276123047,216.49761962890625,216.4510955810547,216.4030303955078,216.35496520996094,216.3082733154297,216.26348876953125,216.22018432617188
215.44696044921875,215.4735565185547,215.50010681152344,215.52859497070312,215.56117248535156,215.59930419921875,215.64315795898438,215.69166564941406,215.74276733398438,215.79421997070312,215.84408569335938,215.8912811279297,215.9352569580078,215.97604370117188,216.0137481689453,216.04830932617188,216.0796661376953,216.10763549804688,216.1320037841797,216.15260314941406,216.16925048828125,216.1819305419922,216.19053649902344,216.19515991210938,216.19589233398438,216.19287109375,216.18618774414062,216.17579650878906,216.16165161132812,216.14376831054688,216.12232971191406,216.09767150878906,216.07022094726562,216.04029846191406,216.0080108642578,215.9732666015625,215.93600463867188,215.8964080810547,215.8551025390625,215.81317138671875,215.77174377441406,215.73167419433594,215.69320678710938,215.65602111816406
