earth/public/data/atmosphere/C53/ANN-wind-isobaric-1000hPa-gfs-1.0.json
{"header": {"discipline": 0, "disciplineName": "Meteorological products", "gribEdition": 2, "gribLength": 17922.0, "center": 0, "centerName": "Kiel Climate Model", "subcenter": 0, "refTime": "1", "significanceOfRT": 1, "significanceOfRTName": "Start of forecast", "productStatus": 0, "productStatusName": "Operational products", "productType": 1, "productTypeName": "Forecast products", "productDefinitionTemplate": 0, "productDefinitionTemplateName": "Analysis/forecast at horizontal level/layer at a point in time", "parameterCategory": 2, "parameterCategoryName": "Momentum", "parameterNumber": 2, "parameterNumberName": "V-component_of_wind", "parameterUnit": "m/s", "genProcessType": 2, "genProcessTypeName": "Forecast", "forecastTime": 0, "surface1Type": 103, "surface1TypeName": "Specified height level above ground", "surface1Value": 10, "surface2Type": 255, "surface2TypeName": "Missing", "surface2Value": 0, "gridDefinitionTemplate": 0, "gridDefinitionTemplateName": "Latitude_Longitude", "numberPoints": 65160, "shape": 6, "shapeName": "Earth spherical with radius of 6,371,229.0 m", "gridUnits": "degrees", "resolution": 48, "winds": "true", "scanMode": 0, "nx": 128.0, "ny": 64.0, "basicAngle": 0, "subDivisions": 0, "lo1": 0.0, "la1": 87.86379883923263, "lo2": 357.1875, "la2": -87.86379883923263, "dx": 2.8125, "dy": 2.7893269472772264}, "data":
[rows 0 to 18 of 64, columns 0 to 42 of 128]
1.0593591928482056,1.1219617128372192,1.182687520980835,1.2415242195129395,1.298482894897461,1.3535065650939941,1.4065570831298828,1.4575656652450562,1.506464958190918,1.553122878074646,1.5974388122558594,1.639285683631897,1.6785190105438232,1.7149970531463623,1.7485638856887817,1.7790579795837402,1.8063359260559082,1.8302631378173828,1.8506883382797241,1.8675013780593872,1.8805900812149048,1.889851450920105,1.8952045440673828,1.8965907096862793,1.8939447402954102,1.8872286081314087,1.8763917684555054,1.8614379167556763,1.842311978340149,1.8190051317214966,1.7914851903915405,1.7597306966781616,1.7237187623977661,1.6834049224853516,1.6387505531311035,1.5897245407104492,1.5362799167633057,1.4783859252929688,1.415994644165039,1.349098563194275,1.277675986289978,1.2017396688461304,1.1213223934173584
0.7027076482772827,0.7351568937301636,0.7683418989181519,0.802862823009491,0.8392981290817261,0.8781314492225647,0.9197487831115723,0.9643716812133789,1.0120540857315063,1.0626753568649292,1.1158849000930786,1.1711804866790771,1.2278451919555664,1.2850606441497803,1.3419204950332642,1.3974491357803345,1.4507163763046265,1.5008821487426758,1.5472100973129272,1.58917236328125,1.6264231204986572,1.6588525772094727,1.6865612268447876,1.7098469734191895,1.7291579246520996,1.7450551986694336,1.7581461668014526,1.7689961194992065,1.7781046628952026,1.785829782485962,1.79233717918396,1.797579050064087,1.8012841939926147,1.8029669523239136,1.8019336462020874,1.797342300415039,1.788254976272583,1.773643970489502,1.7525156736373901,1.7239124774932861,1.6869770288467407,1.6409580707550049,1.5852400064468384
0.5595734119415283,0.5715564489364624,0.5813403725624084,0.5903403162956238,0.6002415418624878,0.6128873825073242,0.630186915397644,0.6539124846458435,0.6855325698852539,0.7260698080062866,0.7759236097335815,0.8347976207733154,0.9016980528831482,0.9749191403388977,1.0522115230560303,1.1309460401535034,1.2083748579025269,1.2818816900253296,1.3492268323898315,1.4088326692581177,1.4599480628967285,1.5026957988739014,1.5381300449371338,1.568092942237854,1.5950695276260376,1.6218922138214111,1.6514419317245483,1.6862940788269043,1.7284713983535767,1.7790650129318237,1.8381515741348267,1.9045863151550293,1.9760512113571167,2.04919171333313,2.119813919067383,2.1832077503204346,2.2345619201660156,2.26938796043396,2.2839415073394775,2.2755587100982666,2.2429354190826416,2.1862432956695557,2.1070261001586914
0.5217126607894897,0.5465085506439209,0.564301609992981,0.5750628709793091,0.5795683860778809,0.5794408321380615,0.5771235227584839,0.5756891369819641,0.5786163806915283,0.5893715620040894,0.6109808683395386,0.6455906629562378,0.6940553188323975,0.7557453513145447,0.8284560441970825,0.9086973667144775,0.9920413494110107,1.073792576789856,1.1495935916900635,1.2161628007888794,1.2716991901397705,1.316271185874939,1.3517932891845703,1.3819074630737305,1.4114794731140137,1.4461510181427002,1.4915826320648193,1.5528442859649658,1.633766770362854,1.736388087272644,1.8605152368545532,2.0034210681915283,2.1597213745117188,2.3214917182922363,2.478543996810913,2.619081974029541,2.7306292057037354,2.801154136657715,2.820443630218506,2.78143048286438,2.681493043899536,2.5231945514678955,2.314570188522339
0.2817114591598511,0.31341850757598877,0.3474949598312378,0.38156434893608093,0.41274765133857727,0.4382280707359314,0.4559420049190521,0.46532076597213745,0.46785181760787964,0.4671019911766052,0.46827784180641174,0.47725069522857666,0.4992821514606476,0.5378394722938538,0.5937231779098511,0.6648295521736145,0.7466322183609009,0.8332392573356628,0.91868656873703,0.9982377290725708,1.0692298412322998,1.1314430236816406,1.186859369277954,1.2390512228012085,1.2923837900161743,1.3512619733810425,1.4196393489837646,1.50079345703125,1.5972203016281128,1.7106614112854004,1.841973900794983,1.9907125234603882,2.154529571533203,2.3283183574676514,2.503438949584961,2.667306423187256,2.803626298904419,2.8935492038726807,2.9179043769836426,2.860203504562378,2.7101118564605713,2.466623306274414,2.1401479244232178
0.1018010824918747,0.0883173942565918,0.0979369506239891,0.13031956553459167,0.18054233491420746,0.2400323897600174,0.2985931634902954,0.3470280170440674,0.3797071874141693,0.39621391892433167,0.40158766508102417,0.40490055084228516,0.41650912165641785,0.44477319717407227,0.49350884556770325,0.5610238909721375,0.6409793496131897,0.7250694036483765,0.8061854243278503,0.8810631036758423,0.9512901306152344,1.022457242012024,1.1017251014709473,1.1948215961456299,1.3034964799880981,1.424430251121521,1.549911379814148,1.6701371669769287,1.776297926902771,1.8635286092758179,1.9326587915420532,1.990160346031189,2.0461490154266357,2.1109843254089355,2.1911652088165283,2.285733461380005,2.3841845989227295,2.466630458831787,2.5065643787384033,2.476076602935791,2.3525607585906982,2.125636100769043,1.8023388385772705
0.23337598145008087,0.1978633999824524,0.18883934617042542,0.2065996527671814,0.24640922248363495,0.29987186193466187,0.35664859414100647,0.40644505620002747,0.44143548607826233,0.4589763581752777,0.46339187026023865,0.46555769443511963,0.47949162125587463,0.5166211128234863,0.5802010297775269,0.6626580953598022,0.747652530670166,0.8164569139480591,0.8561923503875732,0.8664770126342773,0.8614508509635925,0.8662824630737305,0.9091799259185791,1.011531949043274,1.1797295808792114,1.401322603225708,1.6471067667007446,1.878747582435608,2.0597434043884277,2.1662180423736572,2.1939337253570557,2.1590287685394287,2.0921695232391357,2.0282554626464844,1.9951313734054565,2.004926919937134,2.050489902496338,2.1073176860809326,2.1401991844177246,2.11273193359375,1.9975836277008057,1.7855697870254517,1.4911606311798096
0.4081994891166687,0.46481233835220337,0.5248234272003174,0.568693995475769,0.5849210023880005,0.5755875110626221,0.5530868768692017,0.5307124257087708,0.5142580270767212,0.5010492205619812,0.4867973029613495,0.4745131731033325,0.4776296317577362,0.5140210390090942,0.5938855409622192,0.7093796133995056,0.8329205513000488,0.9263759851455688,0.9570601582527161,0.9133191108703613,0.81281578540802,0.7001915574073792,0.6346657872200012,0.6715071797370911,0.8426422476768494,1.1427998542785645,1.5265507698059082,1.919234275817871,2.239802598953247,2.4281954765319824,2.4661309719085693,2.382140636444092,2.2378695011138916,2.1019816398620605,2.0232982635498047,2.014704942703247,2.0531363487243652,2.0927467346191406,2.083955764770508,1.990578293800354,1.8008126020431519,1.5310429334640503,1.2233209609985352
0.543480396270752,0.7215799689292908,0.8931456208229065,0.9887900948524475,0.9706335663795471,0.8568617105484009,0.7103347182273865,0.5983762145042419,0.5522605776786804,0.5546766519546509,0.5612946152687073,0.5383784174919128,0.4887830913066864,0.44997602701187134,0.4682176113128662,0.5676901340484619,0.7335368394851685,0.9165928959846497,1.0550148487091064,1.1007070541381836,1.039680004119873,0.9003881216049194,0.7486923336982727,0.6702629923820496,0.7425995469093323,1.0032601356506348,1.42611563205719,1.9203609228134155,2.3594698905944824,2.632136344909668,2.691056251525879,2.572493076324463,2.3740170001983643,2.2022933959960938,2.121018409729004,2.127310276031494,2.1656816005706787,2.165682792663574,2.0785346031188965,1.8951390981674194,1.643355369567871,1.3741627931594849,1.1466875076293945
0.862433910369873,1.065010666847229,1.3020000457763672,1.4332321882247925,1.3691948652267456,1.1416651010513306,0.885134220123291,0.7426337599754333,0.7695187926292419,0.9054996967315674,1.027746558189392,1.037868618965149,0.9203886389732361,0.7412096261978149,0.5998711585998535,0.5731209516525269,0.6814121603965759,0.8884956240653992,1.1244362592697144,1.3155404329299927,1.4086614847183228,1.386254906654358,1.2741127014160156,1.1415139436721802,1.0863898992538452,1.1995326280593872,1.5155131816864014,1.9779103994369507,2.450129985809326,2.7785983085632324,2.8753581047058105,2.7656877040863037,2.564739227294922,2.3982110023498535,2.3234665393829346,2.306257724761963,2.2641987800598145,2.1376149654388428,1.9331947565078735,1.7137072086334229,1.5518641471862793,1.4888782501220703,1.5251520872116089
1.271916389465332,1.4682425260543823,1.759047031402588,1.923783540725708,1.811361312866211,1.4747587442398071,1.1356250047683716,1.0133733749389648,1.166819453239441,1.4708216190338135,1.7246423959732056,1.7887628078460693,1.6508526802062988,1.4000813961029053,1.155994176864624,1.006412386894226,0.9803550839424133,1.0545315742492676,1.1809601783752441,1.3171080350875854,1.439156413078308,1.5331759452819824,1.5824828147888184,1.5765857696533203,1.5409035682678223,1.5513219833374023,1.6984013319015503,2.014065742492676,2.422685146331787,2.7721526622772217,2.933231830596924,2.8885109424591064,2.7341012954711914,2.5912530422210693,2.505283832550049,2.42059588432312,2.2513554096221924,1.9816282987594604,1.703693151473999,1.5593458414077759,1.633602499961853,1.8873419761657715,2.1789205074310303
1.5500621795654297,1.8232841491699219,2.1994729042053223,2.3820953369140625,2.1896796226501465,1.7339386940002441,1.33333158493042,1.249377965927124,1.4939240217208862,1.8626583814620972,2.123868465423584,2.17292857170105,2.04677152633667,1.8449105024337769,1.6567209959030151,1.5326155424118042,1.4760630130767822,1.4460643529891968,1.39029061794281,1.30500066280365,1.2620567083358765,1.3526439666748047,1.5869060754776,1.8575518131256104,2.0247223377227783,2.0492775440216064,2.0380895137786865,2.1464078426361084,2.426825523376465,2.7699813842773438,2.9921157360076904,2.9853060245513916,2.793715238571167,2.5558676719665527,2.3779468536376953,2.2584307193756104,2.126709461212158,1.9477618932724,1.7857999801635742,1.7615892887115479,1.9386866092681885,2.2369656562805176,2.4486477375030518
1.7479960918426514,2.078340530395508,2.46012282371521,2.568988084793091,2.2530617713928223,1.7096760272979736,1.3264278173446655,1.3424257040023804,1.6709755659103394,2.0333147048950195,2.2209134101867676,2.2137398719787598,2.0977511405944824,1.947142243385315,1.807522177696228,1.7300715446472168,1.7445225715637207,1.7916048765182495,1.7452179193496704,1.5561305284500122,1.3603599071502686,1.3891386985778809,1.7378127574920654,2.2383313179016113,2.5905637741088867,2.631950616836548,2.476780414581299,2.3954415321350098,2.5624845027923584,2.908053398132324,3.185567617416382,3.1753838062286377,2.8536107540130615,2.4063162803649902,2.0912482738494873,2.055790424346924,2.246781587600708,2.474439859390259,2.5676138401031494,2.487337827682495,2.3118295669555664,2.1216495037078857,1.8933802843093872
1.9583995342254639,2.12819766998291,2.3147964477539062,2.2779746055603027,1.922977089881897,1.4605693817138672,1.238731861114502,1.4118577241897583,1.8164516687393188,2.172133684158325,2.345043897628784,2.380054473876953,2.3375723361968994,2.20367431640625,1.9839212894439697,1.7951834201812744,1.7667608261108398,1.8576607704162598,1.8637512922286987,1.6627161502838135,1.4092862606048584,1.4105889797210693,1.7932873964309692,2.3428761959075928,2.7030797004699707,2.7108187675476074,2.5136237144470215,2.39074969291687,2.5036604404449463,2.7984578609466553,3.075599431991577,3.1259374618530273,2.8678224086761475,2.4372663497924805,2.141976833343506,2.2434213161468506,2.7145721912384033,3.212261915206909,3.32782244682312,2.9024617671966553,2.128845691680908,1.368575096130371,0.8636858463287354
2.1614859104156494,1.976293921470642,1.8537483215332031,1.7500206232070923,1.593286156654358,1.4517195224761963,1.4801595211029053,1.7154009342193604,2.0152323246002197,2.2289645671844482,2.3559365272521973,2.474787473678589,2.566333055496216,2.5075740814208984,2.257805824279785,1.9601064920425415,1.7812957763671875,1.68980073928833,1.494507074356079,1.1307216882705688,0.8194617033004761,0.8533415794372559,1.249499797821045,1.7097162008285522,1.9457874298095703,1.9600399732589722,1.9507842063903809,2.023599624633789,2.1138598918914795,2.170732259750366,2.267402172088623,2.4592247009277344,2.6419837474823,2.67828106880188,2.623666524887085,2.6823980808258057,2.8998146057128906,3.0092692375183105,2.6787538528442383,1.8829480409622192,0.9704874157905579,0.36905133724212646,0.24908918142318726
2.215766668319702,1.757330060005188,1.442169427871704,1.4162228107452393,1.5983775854110718,1.853515386581421,2.0880796909332275,2.2204129695892334,2.1906652450561523,2.0482635498046875,1.9520386457443237,2.010915517807007,2.1498873233795166,2.191189765930176,2.0569896697998047,1.8280541896820068,1.5866806507110596,1.2755944728851318,0.79744553565979,0.24344730377197266,-0.08792173117399216,0.011478508822619915,0.3874877095222473,0.6692928671836853,0.7077312469482422,0.7412782311439514,1.0315748453140259,1.4442850351333618,1.588047981262207,1.3712862730026245,1.2032986879348755,1.5098737478256226,2.190248489379883,2.739132881164551,2.8310062885284424,2.5639281272888184,2.133388042449951,1.5332934856414795,0.7290130853652954,-0.04701097309589386,-0.40215787291526794,-0.18460720777511597,0.34854036569595337
1.893106460571289,1.4726672172546387,1.2019622325897217,1.2776541709899902,1.639196753501892,2.0884432792663574,2.4043543338775635,2.415846824645996,2.10429048538208,1.660437822341919,1.3553354740142822,1.3064817190170288,1.3974406719207764,1.4336299896240234,1.329254388809204,1.1203910112380981,0.8456043004989624,0.478736013174057,0.0009898321004584432,-0.4843636751174927,-0.76872318983078,-0.7362043261528015,-0.5397041440010071,-0.4753406345844269,-0.6106663346290588,-0.6360544562339783,-0.2422635406255722,0.3943960964679718,0.7347730994224548,0.5718793272972107,0.37682947516441345,0.7274202108383179,1.5283262729644775,2.0926918983459473,1.9622058868408203,1.3275636434555054,0.5934727191925049,-0.10325650125741959,-0.7362560033798218,-1.0614235401153564,-0.8116671442985535,-0.13741125166416168,0.43968793749809265
1.2676172256469727,1.0995352268218994,1.0055590867996216,1.098841667175293,1.3741774559020996,1.7372757196426392,2.002964735031128,1.9712077379226685,1.6189234256744385,1.1798300743103027,0.9388507604598999,0.9515128135681152,1.0238698720932007,0.9408646821975708,0.6446011662483215,0.22133976221084595,-0.19385555386543274,-0.508246660232544,-0.7491803765296936,-1.0410679578781128,-1.4308056831359863,-1.7690141201019287,-1.8750869035720825,-1.7956417798995972,-1.7390754222869873,-1.7287235260009766,-1.5285283327102661,-1.0415903329849243,-0.5725995302200317,-0.4317628741264343,-0.4192506670951843,-0.08362128585577011,0.5191361904144287,0.766619086265564,0.31735995411872864,-0.39567217230796814,-0.770729660987854,-0.7629591822624207,-0.6716959476470947,-0.5438098907470703,-0.24291907250881195,0.08717827498912811,0.1073787733912468
0.6107051968574524,0.642982542514801,0.7032876014709473,0.7957378625869751,0.9430676698684692,1.141528606414795,1.271607756614685,1.1808995008468628,0.8957269787788391,0.6520602703094482,0.6396901607513428,0.7742288708686829,0.7961710691452026,0.5391868352890015,0.031240982934832573,-0.5770232677459717,-1.076325535774231,-1.3064042329788208,-1.371948003768921,-1.6573841571807861,-2.3899269104003906,-3.208433151245117,-3.435184955596924,-2.8730626106262207,-2.102959156036377,-1.8006610870361328,-1.9434525966644287,-1.989319920539856,-1.7165268659591675,-1.4328899383544922,-1.3165944814682007,-1.1074132919311523,-0.7184970378875732,-0.6056264638900757,-1.052349328994751,-1.5254539251327515,-1.3258230686187744,-0.5737120509147644,0.0398879311978817,0.2264445424079895,0.22101077437400818,0.1478755921125412,-0.07884009182453156
