earth/public/data/atmosphere/C53/ANN-temp-isobaric-10hPa-gfs-1.0.json
{"header": {"discipline": 0, "disciplineName": "Meteorological products", "gribEdition": 2, "gribLength": 17922.0, "center": 0, "centerName": "Kiel Climate Model", "subcenter": 0, "refTime": "1", "significanceOfRT": 1, "significanceOfRTName": "Start of forecast", "productStatus": 0, "productStatusName": "Operational products", "productType": 1, "productTypeName": "Forecast products", "productDefinitionTemplate": 0, "productDefinitionTemplateName": "Analysis/forecast at horizontal level/layer at a point in time", "parameterCategory": 2, "parameterCategoryName": "Momentum", "parameterNumber": 2, "parameterNumberName": "U-component_of_wind", "parameterUnit": "K", "genProcessType": 2, "genProcessTypeName": "Forecast", "forecastTime": 0, "surface1Type": 103, "surface1TypeName": "Specified height level above ground", "surface1Value": 10, "surface2Type": 255, "surface2TypeName": "Missing", "surface2Value": 0, "gridDefinitionTemplate": 0, "gridDefinitionTemplateName": "Latitude_Longitude", "numberPoints": 65160, "shape": 6, "shapeName": "Earth spherical with radius of 6,371,229.0 m", "gridUnits": "degrees", "resolution": 48, "winds": "true", "scanMode": 0, "nx": 128.0, "ny": 64.0, "basicAngle": 0, "subDivisions": 0, "lo1": 0.0, "la1": 87.86379883923263, "lo2": 357.1875, "la2": -87.86379883923263, "dx": 2.8125, "dy": 2.7893269472772264}, "data":
[rows 0 to 18 of 64, columns 0 to 43 of 128]
197.36550903320312,197.36410522460938,197.36294555664062,197.36204528808594,197.3614044189453,197.36099243164062,197.36085510253906,197.36094665527344,197.36129760742188,197.36187744140625,197.36273193359375,197.36378479003906,197.36509704589844,197.36663818359375,197.368408203125,197.370361328125,197.37258911132812,197.375,197.3776397705078,197.38043212890625,197.3834686279297,197.38668823242188,197.39010620117188,197.39369201660156,197.39744567871094,197.4013671875,197.40548706054688,197.40969848632812,197.41409301757812,197.41860961914062,197.4232635498047,197.4280548095703,197.43292236328125,197.43792724609375,197.44302368164062,197.4481964111328,197.4534454345703,197.458740234375,197.464111328125,197.46951293945312,197.47496032714844,197.48043823242188,197.48590087890625,197.49136352539062
197.54600524902344,197.54379272460938,197.54209899902344,197.54095458984375,197.54029846191406,197.5401611328125,197.5404815673828,197.54127502441406,197.54257202148438,197.5442657470703,197.54644775390625,197.54904174804688,197.5520477294922,197.5554656982422,197.55929565429688,197.56349182128906,197.56808471679688,197.57302856445312,197.57835388183594,197.58399963378906,197.5900115966797,197.59634399414062,197.60302734375,197.61001586914062,197.61734008789062,197.6249237060547,197.63287353515625,197.64109802246094,197.64962768554688,197.658447265625,197.6675567626953,197.6769561767578,197.68661499023438,197.69656372070312,197.70675659179688,197.7172393798828,197.7279815673828,197.73895263671875,197.7501220703125,197.76153564453125,197.77316284179688,197.78494262695312,197.79689025878906,197.80897521972656
197.98899841308594,197.9871368408203,197.986083984375,197.98574829101562,197.9861297607422,197.98715209960938,197.98883056640625,197.99107360839844,197.993896484375,197.99722290039062,198.00106811523438,198.00537109375,198.01010131835938,198.0152587890625,198.02081298828125,198.0267333984375,198.03298950195312,198.03964233398438,198.04664611816406,198.05397033691406,198.0616455078125,198.06964111328125,198.07798767089844,198.086669921875,198.09568786621094,198.10507202148438,198.11480712890625,198.12489318847656,198.13540649414062,198.1463165283203,198.1576385498047,198.16940307617188,198.18167114257812,198.19436645507812,198.20761108398438,198.22142028808594,198.23573303222656,198.25062561035156,198.26609802246094,198.28208923339844,198.29867553710938,198.31576538085938,198.33338928222656,198.35145568847656
198.70089721679688,198.7005157470703,198.7010955810547,198.70260620117188,198.70494079589844,198.70803833007812,198.7117919921875,198.7161865234375,198.7211151123047,198.72650146484375,198.73228454589844,198.73837280273438,198.7447509765625,198.75131225585938,198.75808715820312,198.7650146484375,198.77206420898438,198.77923583984375,198.7865447998047,198.79400634765625,198.80160522460938,198.80938720703125,198.8173370361328,198.8255615234375,198.83399963378906,198.84274291992188,198.85182189941406,198.86129760742188,198.87120056152344,198.881591796875,198.89256286621094,198.90414428710938,198.91644287109375,198.9295654296875,198.9434814453125,198.9583740234375,198.97425842285156,198.99114990234375,199.00909423828125,199.02816772460938,199.0482940673828,199.06948852539062,199.09169006347656,199.1148681640625
199.68353271484375,199.6855010986328,199.68853759765625,199.6925048828125,199.6973419189453,199.702880859375,199.7090606689453,199.71575927734375,199.72280883789062,199.73016357421875,199.73765563964844,199.7451934814453,199.75265502929688,199.75997924804688,199.76707458496094,199.7738800048828,199.78042602539062,199.7866668701172,199.7926483154297,199.79837036132812,199.80389404296875,199.80921936035156,199.81446838378906,199.81968688964844,199.824951171875,199.83033752441406,199.8359375,199.84190368652344,199.84835815429688,199.8554229736328,199.86325073242188,199.87196350097656,199.88174438476562,199.89268493652344,199.9049530029297,199.9186248779297,199.93386840820312,199.95074462890625,199.96932983398438,199.98963928222656,200.01171875,200.0355224609375,200.06100463867188,200.08810424804688
200.92381286621094,200.9291534423828,200.93540954589844,200.9424285888672,200.9501190185547,200.95828247070312,200.966796875,200.97557067871094,200.98440551757812,200.99317932128906,201.00164794921875,201.0097198486328,201.01722717285156,201.02403259277344,201.03009033203125,201.03536987304688,201.03982543945312,201.04345703125,201.04627990722656,201.04832458496094,201.0496368408203,201.05026245117188,201.05035400390625,201.04998779296875,201.04931640625,201.0485076904297,201.0478057861328,201.04734802246094,201.04747009277344,201.04837036132812,201.05029296875,201.0535430908203,201.05825805664062,201.0646209716797,201.07284545898438,201.0830841064453,201.0955047607422,201.11026000976562,201.1274871826172,201.14730834960938,201.1697540283203,201.19483947753906,201.22254943847656,201.25270080566406
202.39488220214844,202.40426635742188,202.41432189941406,202.42474365234375,202.43544006347656,202.44622802734375,202.45693969726562,202.4674530029297,202.47756958007812,202.48703002929688,202.49560546875,202.50308227539062,202.50930786132812,202.51416015625,202.51760864257812,202.5196533203125,202.52027893066406,202.51950073242188,202.51722717285156,202.5134735107422,202.50831604003906,202.50186157226562,202.49423217773438,202.48568725585938,202.47647094726562,202.4668426513672,202.4570770263672,202.4476318359375,202.4388427734375,202.4311065673828,202.42483520507812,202.4203643798828,202.41798400878906,202.41787719726562,202.42027282714844,202.42530822753906,202.43328857421875,202.44439697265625,202.45892333984375,202.47708129882812,202.49896240234375,202.52464294433594,202.5540008544922,202.5868377685547
204.05821228027344,204.0716552734375,204.08517456054688,204.0985870361328,204.11167907714844,204.12425231933594,204.13619995117188,204.14736938476562,204.1575927734375,204.16659545898438,204.17408752441406,204.17970275878906,204.18321228027344,204.18458557128906,204.18386840820312,204.18113708496094,204.17645263671875,204.169677734375,204.16073608398438,204.1494140625,204.13571166992188,204.11993408203125,204.1023406982422,204.08331298828125,204.06329345703125,204.04269409179688,204.02191162109375,204.00146484375,203.9818878173828,203.96376037597656,203.9476318359375,203.9339599609375,203.92303466796875,203.9152069091797,203.9106903076172,203.9097900390625,203.9127960205078,203.92001342773438,203.93177795410156,203.94830322265625,203.96978759765625,203.99606323242188,204.02706909179688,204.06248474121094
205.85330200195312,205.8699951171875,205.88613891601562,205.90142822265625,205.9156036376953,205.92837524414062,205.93963623046875,205.94940185546875,205.9576873779297,205.9644317626953,205.96923828125,205.97158813476562,205.97108459472656,205.96755981445312,205.96127319335938,205.95252990722656,205.9414825439453,205.92788696289062,205.91136169433594,205.89158630371094,205.86843872070312,205.8422393798828,205.8135528564453,205.78297424316406,205.75099182128906,205.71812438964844,205.6851043701172,205.652587890625,205.62144470214844,205.59237670898438,205.56594848632812,205.54266357421875,205.5229034423828,205.50711059570312,205.49578857421875,205.4893798828125,205.48828125,205.49273681640625,205.50296020507812,205.51902770996094,205.54098510742188,205.56878662109375,205.60220336914062,205.640869140625
207.69561767578125,207.71383666992188,207.73065185546875,207.7458953857422,207.75926208496094,207.77032470703125,207.77879333496094,207.784912109375,207.78924560546875,207.79208374023438,207.79310607910156,207.79144287109375,207.7861785888672,207.77694702148438,207.76416015625,207.74850463867188,207.73033142089844,207.7093963623047,207.68490600585938,207.65640258789062,207.62380981445312,207.58763122558594,207.5484619140625,207.5067901611328,207.46302795410156,207.41790771484375,207.37249755859375,207.32818603515625,207.2863311767578,207.24766540527344,207.21255493164062,207.18124389648438,207.1541748046875,207.13211059570312,207.11598205566406,207.10638427734375,207.10360717773438,207.10757446289062,207.11819458007812,207.13551330566406,207.1597137451172,207.19090270996094,207.2288360595703,207.27297973632812
209.49078369140625,209.50718688964844,209.52088928222656,209.53237915039062,209.5418243408203,209.54879760742188,209.55271911621094,209.55380249023438,209.5527801513672,209.550537109375,209.5469207763672,209.5406494140625,209.53013610839844,209.51473999023438,209.49508666992188,209.47239685058594,209.44717407226562,209.41900634765625,209.38677978515625,209.3499298095703,209.30862426757812,209.26370239257812,209.21575927734375,209.16485595703125,209.11105346679688,209.05520629882812,208.9992218017578,208.9454345703125,208.89573669433594,208.850830078125,208.8105926513672,208.77493286132812,208.744384765625,208.72003173828125,208.7029571533203,208.69371032714844,208.69215393066406,208.69802856445312,208.71131896972656,208.73257446289062,208.76231384277344,208.8008270263672,208.8474578857422,208.90066528320312
211.14593505859375,211.1566619873047,211.1628875732422,211.1663055419922,211.16842651367188,211.16928100585938,211.16761779785156,211.16250610351562,211.15464782714844,211.1453399658203,211.13499450683594,211.1221923828125,211.10487365722656,211.0821990966797,211.0552520751953,211.02587890625,210.9948272705078,210.96115112304688,210.92315673828125,210.87985229492188,210.83164978027344,210.77984619140625,210.72520446777344,210.6677703857422,210.60731506347656,210.5447540283203,210.48260498046875,210.4239501953125,210.37098693847656,210.3243865966797,210.2837677001953,210.24905395507812,210.220703125,210.19944763183594,210.18572998046875,210.17945861816406,210.1807403564453,210.19046020507812,210.20974731445312,210.23973083496094,210.28086853027344,210.33245849609375,210.39254760742188,210.45799255371094
212.58078002929688,212.5828399658203,212.5786590576172,212.57142639160156,212.56436157226562,212.55784606933594,212.54917907714844,212.535888671875,212.51824951171875,212.49880981445312,212.47903442382812,212.4576416015625,212.43202209472656,212.40098571777344,212.36610412597656,212.33004760742188,212.29417419433594,212.2572784423828,212.2166748046875,212.17019653320312,212.11776733398438,212.0611114501953,212.002197265625,211.94190979003906,211.88015747070312,211.81739807128906,211.75564575195312,211.69789123535156,211.64666748046875,211.60302734375,211.567138671875,211.53927612304688,211.51931762695312,211.5063934326172,211.4990997314453,211.4973907470703,211.50344848632812,211.5209503173828,211.55271911621094,211.59893798828125,211.6575164794922,211.7257537841797,211.8007049560547,211.87896728515625
213.7427215576172,213.73243713378906,213.7159423828125,213.69717407226562,213.679931640625,213.66390991210938,213.6449737548828,213.61953735351562,213.58868408203125,213.55686950683594,213.5269775390625,213.49749755859375,213.46453857421875,213.4261016845703,213.38389587402344,213.3414764404297,213.3011932373047,213.26231384277344,213.2214813232422,213.17489624023438,213.1211700439453,213.06256103515625,213.00315856933594,212.9456024169922,212.8895263671875,212.83358764648438,212.7781982421875,212.72633361816406,212.68136596679688,212.64535522460938,212.61895751953125,212.6022186279297,212.59410095214844,212.5922088623047,212.59423828125,212.6012420654297,212.61862182617188,212.6529083251953,212.70635986328125,212.77529907226562,212.85340881347656,212.93666076660156,213.02401733398438,213.11416625976562
214.6095733642578,214.58241271972656,214.55209350585938,214.5216827392578,214.49313354492188,214.46469116210938,214.4315185546875,214.39076232910156,214.3453826904297,214.30177307128906,214.26333618164062,214.22744750976562,214.18894958496094,214.1454315185547,214.0988006591797,214.05267333984375,214.00970458984375,213.96990966796875,213.93032836914062,213.88662719726562,213.83624267578125,213.78175354003906,213.7288055419922,213.68077087402344,213.63587951660156,213.5905303955078,213.54470825195312,213.50279235839844,213.4696044921875,213.44688415527344,213.4337158203125,213.42897033691406,213.4320831298828,213.4423370361328,213.45919799804688,213.4847869873047,213.52476501464844,213.58468627929688,213.66407775878906,213.75540161132812,213.85032653808594,213.94638061523438,214.0460662841797,214.1497039794922
215.18894958496094,215.14427185058594,215.1015625,215.06094360351562,215.02064514160156,214.9776611328125,214.9285888671875,214.87306213378906,214.8157958984375,214.76344299316406,214.7183074951172,214.67649841308594,214.63296508789062,214.58670043945312,214.54031372070312,214.4962615966797,214.45521545410156,214.41700744628906,214.38072204589844,214.3439483642578,214.30450439453125,214.26377868652344,214.2257080078125,214.19175720214844,214.1588592529297,214.12403869628906,214.09017944335938,214.06411743164062,214.0502471923828,214.04684448242188,214.0492706298828,214.0556640625,214.0692138671875,214.0951385498047,214.1361846923828,214.1919708251953,214.26214599609375,214.347412109375,214.44638061523438,214.55348205566406,214.66322326660156,214.7752685546875,214.8922882080078,215.01197814941406
215.5311279296875,215.4752197265625,215.42405700683594,215.3743896484375,215.3215789794922,215.2633056640625,215.19964599609375,215.13320922851562,215.06893920898438,215.0117645263672,214.96229553222656,214.91641235351562,214.8705596923828,214.82594299316406,214.78607177734375,214.75128173828125,214.7186737060547,214.6868896484375,214.65782165527344,214.6332550048828,214.61224365234375,214.59288024902344,214.57408142089844,214.55442810058594,214.532470703125,214.51046752929688,214.495361328125,214.4935302734375,214.50473022460938,214.5223846435547,214.5400390625,214.5579833984375,214.58494567871094,214.63241577148438,214.70455932617188,214.79441833496094,214.89195251464844,214.99423217773438,215.10462951660156,215.22500610351562,215.35301208496094,215.4864044189453,215.62286376953125,215.75543212890625
215.72720336914062,215.6669464111328,215.6087646484375,215.5489959716797,215.48345947265625,215.41200256347656,215.33839416503906,215.26705932617188,215.20143127441406,215.1438446044922,215.0944061279297,215.0506591796875,215.0106658935547,214.9757843017578,214.9488983154297,214.92897033691406,214.910888671875,214.89222717285156,214.87680053710938,214.86972045898438,214.8702850341797,214.87261962890625,214.87130737304688,214.8653564453125,214.85850524902344,214.8582305908203,214.87135314941406,214.89822387695312,214.93235778808594,214.96641540527344,214.99758911132812,215.03005981445312,215.07559204101562,215.147705078125,215.2489471435547,215.36546325683594,215.48133850097656,215.5955810546875,215.71932983398438,215.85877990722656,216.0089569091797,216.16162109375,216.31019592285156,216.44677734375
215.87857055664062,215.81597900390625,215.75062561035156,215.6822967529297,215.60931396484375,215.53277587890625,215.45767211914062,215.38877868652344,215.32797241210938,215.27552795410156,215.2322998046875,215.19891357421875,215.17440795898438,215.15760803222656,215.14840698242188,215.14537048339844,215.14463806152344,215.1443328857422,215.14865112304688,215.1625518798828,215.18344116210938,215.2027587890625,215.21575927734375,215.22645568847656,215.2432403564453,215.2728271484375,215.31568908691406,215.36553955078125,215.41456604003906,215.46043395996094,215.50636291503906,215.558349609375,215.6267547607422,215.7232208251953,215.84669494628906,215.9793701171875,216.10647583007812,216.23388671875,216.37681579589844,216.536865234375,216.7021942138672,216.8623046875,217.0116729736328,217.14370727539062
