earth/public/data/atmosphere/C53/ANN-rh-isobaric-700hPa-gfs-1.0.json
{"header": {"discipline": 0, "disciplineName": "Meteorological products", "gribEdition": 2, "gribLength": 17922.0, "center": 0, "centerName": "Kiel Climate Model", "subcenter": 0, "refTime": "1", "significanceOfRT": 1, "significanceOfRTName": "Start of forecast", "productStatus": 0, "productStatusName": "Operational products", "productType": 1, "productTypeName": "Forecast products", "productDefinitionTemplate": 0, "productDefinitionTemplateName": "Analysis/forecast at horizontal level/layer at a point in time", "parameterCategory": 2, "parameterCategoryName": "Momentum", "parameterNumber": 2, "parameterNumberName": "U-component_of_wind", "parameterUnit": "%", "genProcessType": 2, "genProcessTypeName": "Forecast", "forecastTime": 0, "surface1Type": 103, "surface1TypeName": "Specified height level above ground", "surface1Value": 10, "surface2Type": 255, "surface2TypeName": "Missing", "surface2Value": 0, "gridDefinitionTemplate": 0, "gridDefinitionTemplateName": "Latitude_Longitude", "numberPoints": 65160, "shape": 6, "shapeName": "Earth spherical with radius of 6,371,229.0 m", "gridUnits": "degrees", "resolution": 48, "winds": "true", "scanMode": 0, "nx": 128.0, "ny": 64.0, "basicAngle": 0, "subDivisions": 0, "lo1": 0.0, "la1": 87.86379883923263, "lo2": 357.1875, "la2": -87.86379883923263, "dx": 2.8125, "dy": 2.7893269472772264}, "data":
[rows 38 to 56 of 64, columns 43 to 85 of 128]
0.6184206604957581,0.6197184324264526,0.6234058737754822,0.629012942314148,0.6335601210594177,0.638520359992981,0.6441704034805298,0.6482926607131958,0.6522725224494934,0.657939612865448,0.6640359163284302,0.6709683537483215,0.6802211403846741,0.6901265978813171,0.698722779750824,0.7062978744506836,0.7138795852661133,0.7225847840309143,0.7316856980323792,0.7387422919273376,0.7443984150886536,0.7504389882087708,0.7546181082725525,0.7560447454452515,0.758219301700592,0.761150062084198,0.762053906917572,0.7623539566993713,0.7627291679382324,0.7606319785118103,0.7584148645401001,0.7591344714164734,0.7573484778404236,0.7496033310890198,0.7423635721206665,0.7380074262619019,0.7303436994552612,0.7187768816947937,0.7082220315933228,0.6973778605461121,0.6829207539558411,0.6668187975883484,0.6492912769317627
0.5438721776008606,0.5443744659423828,0.5470173358917236,0.5501663088798523,0.552428662776947,0.555798351764679,0.5598939657211304,0.5638973712921143,0.5704169273376465,0.579011082649231,0.5860229134559631,0.592803418636322,0.602142870426178,0.6117931008338928,0.6204697489738464,0.630613386631012,0.6421196460723877,0.6527423858642578,0.6623071432113647,0.6710720658302307,0.6786273717880249,0.6851105690002441,0.6907505393028259,0.6963961124420166,0.7028034925460815,0.7079261541366577,0.7103822827339172,0.7129679322242737,0.7165085673332214,0.7181459665298462,0.7187526226043701,0.7204228043556213,0.7197260856628418,0.7153904438018799,0.7129330635070801,0.7130614519119263,0.7098246216773987,0.7030307054519653,0.6968716979026794,0.689767599105835,0.6790338754653931,0.6672032475471497,0.6554028987884521
0.49338823556900024,0.49475669860839844,0.496844619512558,0.4970231056213379,0.49696826934814453,0.4998285174369812,0.5036742687225342,0.5067988634109497,0.5113307237625122,0.5165747404098511,0.520433783531189,0.5258325338363647,0.534582257270813,0.5432208180427551,0.55159592628479,0.5628715753555298,0.5747842192649841,0.5837686061859131,0.5920159220695496,0.6012142896652222,0.6086607575416565,0.6138853430747986,0.6199012398719788,0.6276604533195496,0.6352624893188477,0.6409122943878174,0.6447117328643799,0.6486648917198181,0.6539270281791687,0.6590098142623901,0.6624863743782043,0.6646421551704407,0.6659677624702454,0.6671804785728455,0.6688571572303772,0.6694384217262268,0.6675326824188232,0.6650363802909851,0.6632778644561768,0.6601563692092896,0.6550137996673584,0.6503612399101257,0.6468413472175598
0.46570634841918945,0.4670650064945221,0.46913719177246094,0.4692111611366272,0.46932095289230347,0.47180086374282837,0.4742047190666199,0.4752258062362671,0.47702816128730774,0.47972849011421204,0.4831337630748749,0.4899713695049286,0.49951669573783875,0.5071083307266235,0.5133056044578552,0.5216742157936096,0.530208945274353,0.5365384817123413,0.5436229705810547,0.5521547198295593,0.5585055351257324,0.5630464553833008,0.5689089298248291,0.5749422907829285,0.5793637633323669,0.5841346383094788,0.589890718460083,0.5944518446922302,0.598213255405426,0.6032009720802307,0.6081487536430359,0.6112642884254456,0.614422619342804,0.6190670728683472,0.6224918365478516,0.6228682398796082,0.6230038404464722,0.6251252293586731,0.6271077394485474,0.62711501121521,0.6265822052955627,0.6264953017234802,0.6259040236473083
0.4526963233947754,0.4517689347267151,0.45262962579727173,0.4536527395248413,0.4553026258945465,0.45784369111061096,0.45959746837615967,0.46099984645843506,0.46394121646881104,0.4675270915031433,0.4709951877593994,0.47626471519470215,0.48287180066108704,0.4879570007324219,0.49248701333999634,0.498769074678421,0.5049450993537903,0.5095571279525757,0.5145701169967651,0.5195476412773132,0.5222025513648987,0.5244154334068298,0.5280462503433228,0.5300600528717041,0.5298866033554077,0.5322226285934448,0.537264347076416,0.5399129390716553,0.5403679609298706,0.54317307472229,0.5476183295249939,0.5505427718162537,0.5537140369415283,0.5589397549629211,0.5632209181785583,0.565609335899353,0.5697279572486877,0.5754691958427429,0.5784990787506104,0.5791956186294556,0.5815075635910034,0.5845786333084106,0.5854326486587524
0.46594271063804626,0.46458107233047485,0.46407198905944824,0.4638686776161194,0.46456173062324524,0.46603214740753174,0.467255175113678,0.46898961067199707,0.4721854627132416,0.47516578435897827,0.4767250418663025,0.47856011986732483,0.4817896783351898,0.48579922318458557,0.49086397886276245,0.4968864917755127,0.5018353462219238,0.5052589774131775,0.5087067484855652,0.5114442110061646,0.5120483040809631,0.5124508738517761,0.5138992071151733,0.5138512849807739,0.5120580196380615,0.5119731426239014,0.5132215023040771,0.5122266411781311,0.510346531867981,0.5112782716751099,0.5133827924728394,0.5139890909194946,0.5154641270637512,0.5193386673927307,0.5226491093635559,0.5252116918563843,0.5303980112075806,0.5365400910377502,0.5390148162841797,0.5401275753974915,0.5450798273086548,0.5516092777252197,0.5549212694168091
0.5065560936927795,0.5078128576278687,0.5076173543930054,0.5055209994316101,0.5037692189216614,0.5033684968948364,0.5031886100769043,0.5029317736625671,0.5033013820648193,0.5040690898895264,0.5049335956573486,0.5066120028495789,0.5093565583229065,0.512542724609375,0.5158542394638062,0.5187840461730957,0.5205613374710083,0.5220764875411987,0.5249353647232056,0.5282331705093384,0.5299559831619263,0.5304536819458008,0.5308457016944885,0.5305936932563782,0.5295126438140869,0.5284731388092041,0.5269679427146912,0.5243862271308899,0.5225822329521179,0.5225691199302673,0.5221364498138428,0.5208945870399475,0.5218706727027893,0.5248908996582031,0.5261407494544983,0.5261162519454956,0.5288835167884827,0.5334017276763916,0.5355892777442932,0.5371835827827454,0.5422806143760681,0.5485787391662598,0.5517772436141968
0.5540149211883545,0.5554797649383545,0.555116593837738,0.5531084537506104,0.5523301362991333,0.5536279678344727,0.5549662709236145,0.5549148917198181,0.5541054606437683,0.553572952747345,0.5537155866622925,0.5543601512908936,0.5547963380813599,0.5544910430908203,0.5538046956062317,0.5531694889068604,0.5524799227714539,0.5520609617233276,0.5526582598686218,0.5539050698280334,0.554506778717041,0.5539947748184204,0.5528241395950317,0.5513447523117065,0.5497386455535889,0.5480470061302185,0.5460793375968933,0.5442506670951843,0.5433759093284607,0.5428136587142944,0.5413961410522461,0.5406199097633362,0.5427809357643127,0.5459972620010376,0.5465294122695923,0.5454363822937012,0.5466338396072388,0.5497300624847412,0.5515809059143066,0.552711546421051,0.5553865432739258,0.5584334135055542,0.5602990388870239
0.6002888083457947,0.5975557565689087,0.5945650935173035,0.5934033393859863,0.5957807302474976,0.6005692481994629,0.6049803495407104,0.6075136065483093,0.6084129810333252,0.6081534028053284,0.6069054007530212,0.6048946380615234,0.6023790836334229,0.5997251272201538,0.5976504683494568,0.5965971946716309,0.5959129929542542,0.5944792032241821,0.5920541286468506,0.589426577091217,0.5873894095420837,0.5859188437461853,0.5843414664268494,0.5822213292121887,0.5798689126968384,0.5777914524078369,0.5760989785194397,0.5747577548027039,0.5736996531486511,0.5725527405738831,0.5713559985160828,0.5712602138519287,0.5728710293769836,0.574639081954956,0.5750668048858643,0.5752875804901123,0.5768862962722778,0.5789675712585449,0.5802433490753174,0.5816246867179871,0.5838298797607422,0.585520327091217,0.5866984128952026
0.6487385034561157,0.643769383430481,0.6395986080169678,0.6391132473945618,0.6420746445655823,0.645767331123352,0.6481912136077881,0.6495791077613831,0.6507383584976196,0.6514636278152466,0.6512715220451355,0.6504186987876892,0.6492874622344971,0.6476706862449646,0.6454278230667114,0.6430748105049133,0.6410164833068848,0.6388181447982788,0.6359726190567017,0.6329784393310547,0.6308771371841431,0.629822850227356,0.6288526058197021,0.6272461414337158,0.6254090666770935,0.6240079998970032,0.6228987574577332,0.6215441226959229,0.6200398802757263,0.6190397143363953,0.6188351511955261,0.618962824344635,0.6187955737113953,0.6184943914413452,0.6191279888153076,0.6212266683578491,0.6235170960426331,0.6244866251945496,0.625024676322937,0.627291738986969,0.630841851234436,0.632854700088501,0.6328423619270325
0.6900903582572937,0.6892075538635254,0.6888826489448547,0.6906443238258362,0.692980170249939,0.6932224631309509,0.6908743381500244,0.6879340410232544,0.6862547397613525,0.6859390735626221,0.6863728165626526,0.6872928738594055,0.6881043910980225,0.6873677372932434,0.6841751337051392,0.6795710921287537,0.6756265759468079,0.6732791066169739,0.6718173027038574,0.670275092124939,0.6684378981590271,0.6664050817489624,0.6640958189964294,0.6616736054420471,0.6598071455955505,0.6588595509529114,0.6582274436950684,0.6571850776672363,0.6561263799667358,0.6561424136161804,0.6573294997215271,0.6583927273750305,0.6584436893463135,0.658551037311554,0.6604701280593872,0.6639168858528137,0.6664345860481262,0.6666746139526367,0.666500985622406,0.6683391332626343,0.6714692115783691,0.6731718182563782,0.6730594635009766
0.7178602814674377,0.7215293645858765,0.7254258394241333,0.7296500205993652,0.7327921986579895,0.7330635190010071,0.7303865551948547,0.7264455556869507,0.7228290438652039,0.719960629940033,0.7178017497062683,0.716518759727478,0.7159206867218018,0.7150125503540039,0.7129377126693726,0.7100968360900879,0.707663893699646,0.7060932517051697,0.7047038674354553,0.7027357816696167,0.7001972198486328,0.697504997253418,0.6948643326759338,0.6923967599868774,0.6904547214508057,0.6892805099487305,0.688554048538208,0.6878191828727722,0.687279462814331,0.687599241733551,0.6888169646263123,0.6900830268859863,0.6908677816390991,0.6918810606002808,0.6940778493881226,0.6970151662826538,0.6991623640060425,0.6999910473823547,0.7007174491882324,0.7023864388465881,0.7042660117149353,0.7052920460700989,0.7062957286834717
0.7412642240524292,0.743587076663971,0.7469666600227356,0.750806987285614,0.7539629340171814,0.7552279829978943,0.7544091939926147,0.752383291721344,0.7500457167625427,0.7475993633270264,0.7449525594711304,0.7423653602600098,0.7403790354728699,0.7392854690551758,0.7389088273048401,0.7387604713439941,0.7381933927536011,0.7366205453872681,0.7340105175971985,0.7312029600143433,0.7293491363525391,0.7288050651550293,0.7287701368331909,0.7281987071037292,0.7269090414047241,0.7255753874778748,0.7247948050498962,0.7245097756385803,0.7243572473526001,0.7242188453674316,0.7242369651794434,0.7245211005210876,0.7250829339027405,0.7259458899497986,0.7270762920379639,0.7283245325088501,0.7297074794769287,0.7316226363182068,0.7343226671218872,0.737152099609375,0.7389363646507263,0.7394962906837463,0.7402089238166809
0.7627493739128113,0.7618013024330139,0.7639142274856567,0.767217755317688,0.7694137692451477,0.769023597240448,0.7663840651512146,0.7633087635040283,0.7615453004837036,0.7614180445671082,0.7618427872657776,0.7615008354187012,0.7599686980247498,0.7578720450401306,0.7561230659484863,0.7550297379493713,0.7540810108184814,0.7525942325592041,0.7505874633789062,0.7489109635353088,0.7483710050582886,0.748735785484314,0.7488101124763489,0.7476320266723633,0.7455164194107056,0.7437514662742615,0.7432727217674255,0.7437809705734253,0.7442098259925842,0.7439305186271667,0.7433683276176453,0.7434759140014648,0.744718611240387,0.7466234564781189,0.7482818961143494,0.7492786645889282,0.7501198649406433,0.7516745328903198,0.7541447281837463,0.7567036151885986,0.758333683013916,0.758975625038147,0.7595454454421997
0.7757130861282349,0.7751100063323975,0.7794071435928345,0.7853199243545532,0.7887903451919556,0.7873742580413818,0.7816858887672424,0.7748105525970459,0.7700617909431458,0.7687700390815735,0.769729495048523,0.77052241563797,0.7694833874702454,0.7667401432991028,0.7637289762496948,0.761859655380249,0.7615401148796082,0.762217104434967,0.7630788087844849,0.7635896801948547,0.7634461522102356,0.7623292207717896,0.7600265741348267,0.7568925619125366,0.753989577293396,0.7524542212486267,0.7525419592857361,0.7533349990844727,0.7535409927368164,0.7526962757110596,0.7516219615936279,0.7516745924949646,0.7535092830657959,0.7565085291862488,0.759355366230011,0.7611372470855713,0.7619354128837585,0.7624492049217224,0.7631936073303223,0.7641617059707642,0.765209436416626,0.7665308117866516,0.7685115933418274
0.783103346824646,0.7836781144142151,0.7895050644874573,0.7975998520851135,0.8036099076271057,0.8043045997619629,0.7993329763412476,0.7911294102668762,0.7831493616104126,0.7777531743049622,0.7751829028129578,0.7741232514381409,0.7731378674507141,0.7717675566673279,0.7705692648887634,0.7703332304954529,0.7712892293930054,0.7729199528694153,0.7743764519691467,0.7750091552734375,0.774619460105896,0.7734048366546631,0.7718148827552795,0.7704246640205383,0.7697418928146362,0.7699100375175476,0.7705170512199402,0.770781397819519,0.7701196670532227,0.768665075302124,0.7672507166862488,0.7668079137802124,0.767670214176178,0.7693818211555481,0.7711406946182251,0.7724397778511047,0.7733289003372192,0.7741460204124451,0.7750990390777588,0.7761603593826294,0.7773106098175049,0.7787451148033142,0.7807022333145142
0.788813591003418,0.788640022277832,0.7927998900413513,0.7999421954154968,0.806938111782074,0.8105631470680237,0.8091331124305725,0.8031652569770813,0.7948135137557983,0.7866116762161255,0.7803512215614319,0.7766521573066711,0.7752029895782471,0.7752652168273926,0.776045560836792,0.7768397927284241,0.7770934104919434,0.7765169143676758,0.7752150297164917,0.7736762762069702,0.7725419998168945,0.772260844707489,0.7728523015975952,0.773919939994812,0.774887204170227,0.775292694568634,0.775001585483551,0.7742437124252319,0.7734894156455994,0.7731999754905701,0.7735609412193298,0.7743523120880127,0.7750776410102844,0.7753190398216248,0.7750828862190247,0.7748554348945618,0.7752749919891357,0.7766416072845459,0.7786568999290466,0.7806151509284973,0.781909704208374,0.7824471592903137,0.7826460599899292
0.7893577814102173,0.7893987894058228,0.7926793098449707,0.7988147139549255,0.8058350682258606,0.811068594455719,0.8123599886894226,0.808989405632019,0.8018835783004761,0.7931116819381714,0.784991979598999,0.779242992401123,0.776498556137085,0.7762906551361084,0.7774190902709961,0.7785234451293945,0.7786372900009155,0.7775267362594604,0.7756837010383606,0.7739834785461426,0.7731669545173645,0.7734146118164062,0.7742396593093872,0.7747668027877808,0.7742466926574707,0.7725121974945068,0.7701197266578674,0.7680856585502625,0.7673503160476685,0.768261730670929,0.7703649997711182,0.7726303339004517,0.7740054726600647,0.7739943861961365,0.7729202508926392,0.7717105150222778,0.7713214159011841,0.7721571326255798,0.7738432884216309,0.7754990458488464,0.7763287425041199,0.7761486768722534,0.7755168676376343
0.7885714173316956,0.790099561214447,0.7938411831855774,0.799370527267456,0.8053149580955505,0.809809148311615,0.8112161755561829,0.8087841868400574,0.8029439449310303,0.7951328754425049,0.7872450351715088,0.7809524536132812,0.777184247970581,0.7759422063827515,0.7764935493469238,0.7778100371360779,0.7790453433990479,0.7798352837562561,0.7803107500076294,0.7808515429496765,0.7817304134368896,0.7828621864318848,0.783788800239563,0.783918023109436,0.7828771471977234,0.7807759046554565,0.7782191634178162,0.7760432362556458,0.7749075889587402,0.7749640345573425,0.7757865786552429,0.7766100168228149,0.7767549157142639,0.7760002613067627,0.7746988534927368,0.7735684514045715,0.7732728123664856,0.7740395665168762,0.7755322456359863,0.7770540714263916,0.7779605984687805,0.7780405879020691,0.7776422500610352
