earth/public/data/atmosphere/C53/ANN-wind-isobaric-500hPa-gfs-1.0.json
{"header": {"discipline": 0, "disciplineName": "Meteorological products", "gribEdition": 2, "gribLength": 17922.0, "center": 0, "centerName": "Kiel Climate Model", "subcenter": 0, "refTime": "1", "significanceOfRT": 1, "significanceOfRTName": "Start of forecast", "productStatus": 0, "productStatusName": "Operational products", "productType": 1, "productTypeName": "Forecast products", "productDefinitionTemplate": 0, "productDefinitionTemplateName": "Analysis/forecast at horizontal level/layer at a point in time", "parameterCategory": 2, "parameterCategoryName": "Momentum", "parameterNumber": 2, "parameterNumberName": "V-component_of_wind", "parameterUnit": "m/s", "genProcessType": 2, "genProcessTypeName": "Forecast", "forecastTime": 0, "surface1Type": 103, "surface1TypeName": "Specified height level above ground", "surface1Value": 10, "surface2Type": 255, "surface2TypeName": "Missing", "surface2Value": 0, "gridDefinitionTemplate": 0, "gridDefinitionTemplateName": "Latitude_Longitude", "numberPoints": 65160, "shape": 6, "shapeName": "Earth spherical with radius of 6,371,229.0 m", "gridUnits": "degrees", "resolution": 48, "winds": "true", "scanMode": 0, "nx": 128.0, "ny": 64.0, "basicAngle": 0, "subDivisions": 0, "lo1": 0.0, "la1": 87.86379883923263, "lo2": 357.1875, "la2": -87.86379883923263, "dx": 2.8125, "dy": 2.7893269472772264}, "data":
[rows 19 to 37 of 64, columns 42 to 83 of 128]
-1.1750613451004028,-1.2941818237304688,-1.3963372707366943,-1.4061273336410522,-1.218338131904602,-0.7979755997657776,-0.19421522319316864,0.5074094533920288,1.235291600227356,1.9390575885772705,2.550696611404419,2.983520984649658,3.2025787830352783,3.247518301010132,3.1604413986206055,2.953792095184326,2.659386157989502,2.328518867492676,1.9773313999176025,1.6043434143066406,1.2472949028015137,0.9535813331604004,0.7206178903579712,0.5253735184669495,0.37914660573005676,0.30338671803474426,0.2853008806705475,0.29767465591430664,0.3364347219467163,0.40993213653564453,0.5090593099594116,0.6092780232429504,0.6935730576515198,0.7587432861328125,0.8034201860427856,0.8247268199920654,0.8256604671478271,0.8089366555213928,0.7653807401657104,0.6876420974731445,0.5894378423690796,0.4881358742713928
-1.080283284187317,-1.279008388519287,-1.4794471263885498,-1.5276936292648315,-1.330439567565918,-0.9149647355079651,-0.3211410641670227,0.41206246614456177,1.1837921142578125,1.8689135313034058,2.3875629901885986,2.7044003009796143,2.823209762573242,2.787612199783325,2.6390554904937744,2.3974673748016357,2.0938713550567627,1.7639424800872803,1.4171468019485474,1.069868803024292,0.7714396119117737,0.547654926776886,0.37524718046188354,0.24398212134838104,0.1759631186723709,0.17067573964595795,0.1996312290430069,0.253191202878952,0.3379693329334259,0.44384580850601196,0.5522078275680542,0.6544386744499207,0.7415438890457153,0.7993054986000061,0.8235030174255371,0.8224993944168091,0.8027586340904236,0.7607319951057434,0.6903905868530273,0.5977709889411926,0.49971190094947815,0.4001510441303253
-1.258452296257019,-1.492504596710205,-1.6848950386047363,-1.6803953647613525,-1.4310868978500366,-0.9891549944877625,-0.35852980613708496,0.42767831683158875,1.1946964263916016,1.7712607383728027,2.1328186988830566,2.3195629119873047,2.350743293762207,2.2512426376342773,2.0551488399505615,1.7877641916275024,1.4840800762176514,1.1768404245376587,0.8709920048713684,0.5816619992256165,0.35032734274864197,0.18715238571166992,0.07077675312757492,0.011122925207018852,0.026348650455474854,0.08333209156990051,0.1443982720375061,0.22515998780727386,0.34317970275878906,0.4724045693874359,0.5869402885437012,0.6853356957435608,0.7590608596801758,0.793648362159729,0.7957591414451599,0.7798582911491394,0.7452853918075562,0.6869701147079468,0.6089503765106201,0.5196127891540527,0.42441311478614807,0.321733683347702
-1.394593358039856,-1.6575021743774414,-1.8212244510650635,-1.7521415948867798,-1.4286808967590332,-0.9097234606742859,-0.2169264853000641,0.5577032566070557,1.2039598226547241,1.6088738441467285,1.8325446844100952,1.9266480207443237,1.8796888589859009,1.7177653312683105,1.4936177730560303,1.2290326356887817,0.9472188949584961,0.6804071664810181,0.43239957094192505,0.20785143971443176,0.03860705718398094,-0.06480033695697784,-0.11797517538070679,-0.11288382858037949,-0.0422937236726284,0.057312093675136566,0.1555694341659546,0.265388160943985,0.3911983072757721,0.5101533532142639,0.6136685609817505,0.7019590735435486,0.7581592798233032,0.776019275188446,0.7727412581443787,0.7515802979469299,0.7013223171234131,0.6320129036903381,0.5629810094833374,0.49028998613357544,0.40123239159584045,0.3004719018936157
-1.4337118864059448,-1.6363928318023682,-1.7023823261260986,-1.532863974571228,-1.127126932144165,-0.5690551996231079,0.07005195319652557,0.6792945265769958,1.1226813793182373,1.3876482248306274,1.5418851375579834,1.5759708881378174,1.4630932807922363,1.2667555809020996,1.0524917840957642,0.8177129626274109,0.5696204304695129,0.34597450494766235,0.1541268676519394,-0.011480014771223068,-0.12569409608840942,-0.16964387893676758,-0.1599631905555725,-0.11360068619251251,-0.032034121453762054,0.08057259023189545,0.21422554552555084,0.35118141770362854,0.46688881516456604,0.5580804347991943,0.6425728797912598,0.7149321436882019,0.7530252933502197,0.7651169896125793,0.768308699131012,0.7462934255599976,0.6878122687339783,0.6223626732826233,0.5711972713470459,0.5145449638366699,0.4357873201370239,0.3504372835159302
-1.4210368394851685,-1.4559223651885986,-1.3682042360305786,-1.0915707349777222,-0.6449494361877441,-0.15105785429477692,0.30038735270500183,0.6788257360458374,0.9736637473106384,1.1861498355865479,1.2932952642440796,1.2601004838943481,1.1217676401138306,0.9558687210083008,0.7787362337112427,0.5694947838783264,0.3525979518890381,0.1730751395225525,0.03699297830462456,-0.0696590393781662,-0.138380765914917,-0.1489635407924652,-0.10683564841747284,-0.04132611304521561,0.03577818721532822,0.14257699251174927,0.28312447667121887,0.4210132658481598,0.5238662362098694,0.6032378077507019,0.6762263774871826,0.7271659970283508,0.7461621165275574,0.7541239261627197,0.7553724050521851,0.7278020977973938,0.6771062016487122,0.6325939893722534,0.5936772227287292,0.5408397316932678,0.47742989659309387,0.41843950748443604
-1.2078354358673096,-1.1220617294311523,-0.9765728116035461,-0.6868414878845215,-0.26388612389564514,0.13021878898143768,0.40076789259910583,0.6165730953216553,0.8504683971405029,1.0358458757400513,1.0623290538787842,0.9596022367477417,0.8475936651229858,0.7451545596122742,0.594763457775116,0.40836432576179504,0.24003945291042328,0.10625537484884262,0.010957417078316212,-0.04511893168091774,-0.07924553006887436,-0.08801352977752686,-0.049903590232133865,0.022119931876659393,0.10330788791179657,0.20032000541687012,0.31616777181625366,0.42692482471466064,0.5206843018531799,0.6036283373832703,0.6661482453346252,0.6954997777938843,0.707604169845581,0.7181474566459656,0.7102553844451904,0.6752649545669556,0.6388406157493591,0.609272837638855,0.5640082359313965,0.506474494934082,0.46343401074409485,0.43183204531669617
-0.8157604932785034,-0.708087682723999,-0.5831380486488342,-0.3372902572154999,0.02252551168203354,0.3087313771247864,0.4236627221107483,0.49554044008255005,0.6442796587944031,0.771247148513794,0.7462285161018372,0.6476957201957703,0.5908622741699219,0.5156803131103516,0.36856311559677124,0.23254026472568512,0.13847126066684723,0.0348719023168087,-0.052152734249830246,-0.07905906438827515,-0.08789674937725067,-0.09996329993009567,-0.07557843625545502,-0.012438887730240822,0.06202278658747673,0.14581307768821716,0.23514819145202637,0.3192746639251709,0.4032309651374817,0.47965624928474426,0.5248281359672546,0.5451205372810364,0.5673089623451233,0.5857256054878235,0.5763208866119385,0.5477580428123474,0.5223705768585205,0.4892205595970154,0.433872252702713,0.3803519606590271,0.35032132267951965,0.3288334906101227
-0.567426860332489,-0.4312691390514374,-0.24773968756198883,0.005907364189624786,0.2679370939731598,0.3759036958217621,0.2960183322429657,0.20221412181854248,0.238692507147789,0.3265050947666168,0.3403853178024292,0.31431078910827637,0.28659817576408386,0.18936775624752045,0.04990415275096893,-0.020027585327625275,-0.06054527685046196,-0.1558636724948883,-0.2364300638437271,-0.24527202546596527,-0.24461112916469574,-0.2506960332393646,-0.22490927577018738,-0.18257957696914673,-0.13746045529842377,-0.06866142153739929,0.01159320306032896,0.08050382137298584,0.1434771567583084,0.19598254561424255,0.23008136451244354,0.2614212930202484,0.29257404804229736,0.3063715398311615,0.30628955364227295,0.3034641444683075,0.2854827642440796,0.2446771115064621,0.20281431078910828,0.17318987846374512,0.14069384336471558,0.10773923248052597
-0.5143224000930786,-0.3609887957572937,-0.11000887304544449,0.14546577632427216,0.27573728561401367,0.20169270038604736,0.016214480623602867,-0.09393943101167679,-0.05140271037817001,0.03989794850349426,0.06104449927806854,0.019092585891485214,-0.057826459407806396,-0.17811372876167297,-0.2806386351585388,-0.3134825825691223,-0.3541467487812042,-0.43577709794044495,-0.473310261964798,-0.4653407037258148,-0.4747088849544525,-0.46927106380462646,-0.42598626017570496,-0.398407518863678,-0.3781954050064087,-0.31780925393104553,-0.24418997764587402,-0.19371908903121948,-0.1574937105178833,-0.12631715834140778,-0.08811932802200317,-0.03908133879303932,-0.01282076258212328,-0.014513163827359676,-0.0006258332286961377,0.022931696847081184,0.007035295013338327,-0.03288281708955765,-0.044702574610710144,-0.04512229934334755,-0.07881878316402435,-0.11612643301486969
-0.3557572662830353,-0.2786256968975067,-0.12586326897144318,0.012206707149744034,0.02471606247127056,-0.08214123547077179,-0.1487835794687271,-0.06220034137368202,0.09868019819259644,0.1565987914800644,0.03849607706069946,-0.16007407009601593,-0.32510673999786377,-0.42970430850982666,-0.4801388680934906,-0.507168710231781,-0.5567959547042847,-0.597063422203064,-0.5827270746231079,-0.5703495740890503,-0.5857405066490173,-0.5605307221412659,-0.5051437616348267,-0.4852828085422516,-0.46752241253852844,-0.41231510043144226,-0.36117708683013916,-0.3321060240268707,-0.3065313994884491,-0.2823185324668884,-0.24555686116218567,-0.1990499049425125,-0.18508954346179962,-0.1924140602350235,-0.1700296252965927,-0.1426635980606079,-0.15816143155097961,-0.18474356830120087,-0.18166333436965942,-0.17632925510406494,-0.19572634994983673,-0.20977327227592468
-0.06681367754936218,-0.0504482239484787,-0.05549725145101547,-0.07912233471870422,-0.12575186789035797,-0.14624513685703278,-0.036791808903217316,0.2002703696489334,0.39365923404693604,0.3598916530609131,0.09816455096006393,-0.20436780154705048,-0.383484423160553,-0.4408301115036011,-0.4538692533969879,-0.46716657280921936,-0.4815628230571747,-0.4729076325893402,-0.44815289974212646,-0.4448278844356537,-0.44061464071273804,-0.39715588092803955,-0.3584364056587219,-0.35134899616241455,-0.32774314284324646,-0.2883003056049347,-0.27101951837539673,-0.255450576543808,-0.22906729578971863,-0.21593213081359863,-0.2043871283531189,-0.18572105467319489,-0.1836487054824829,-0.1852119117975235,-0.16969718039035797,-0.16192598640918732,-0.16892600059509277,-0.16989870369434357,-0.17381197214126587,-0.1879362165927887,-0.19013693928718567,-0.17951205372810364
0.06907224655151367,0.1538688987493515,0.14230863749980927,0.06684955209493637,0.01866534724831581,0.06034828722476959,0.192525714635849,0.34957435727119446,0.4258916974067688,0.33769214153289795,0.11127723753452301,-0.10674277693033218,-0.2046491652727127,-0.2156686633825302,-0.20958386361598969,-0.19157065451145172,-0.1560302972793579,-0.12781403958797455,-0.12435305118560791,-0.12691907584667206,-0.107694111764431,-0.08296968787908554,-0.08535514771938324,-0.09084728360176086,-0.07331666350364685,-0.06733492016792297,-0.08116385340690613,-0.07802867889404297,-0.07046836614608765,-0.08483298867940903,-0.09961580485105515,-0.10666200518608093,-0.11491060256958008,-0.11251314729452133,-0.11064902693033218,-0.12326845526695251,-0.11882387846708298,-0.10033215582370758,-0.11390016973018646,-0.1390959918498993,-0.13344870507717133,-0.12886862456798553
0.02383756823837757,0.18033455312252045,0.25933754444122314,0.2406146079301834,0.22837410867214203,0.28413674235343933,0.3477955758571625,0.3547891080379486,0.3198319375514984,0.2648712992668152,0.1857660859823227,0.11531522125005722,0.09698474407196045,0.1145666316151619,0.13999570906162262,0.17888568341732025,0.2212694138288498,0.23861092329025269,0.2351786196231842,0.23218339681625366,0.2221011221408844,0.18874774873256683,0.15127459168434143,0.13520444929599762,0.11838782578706741,0.07748299092054367,0.0418248251080513,0.02315845526754856,-0.009892907924950123,-0.047902144491672516,-0.06471051275730133,-0.0817224308848381,-0.10049867630004883,-0.0957350879907608,-0.0919489711523056,-0.10291271656751633,-0.09318839758634567,-0.07746879011392593,-0.09010174125432968,-0.09702984243631363,-0.08747520297765732,-0.10767427831888199
-0.011392130516469479,0.09244983643293381,0.18858692049980164,0.22349342703819275,0.24756620824337006,0.30334919691085815,0.33643725514411926,0.30654609203338623,0.270183801651001,0.2753945589065552,0.29152169823646545,0.29339516162872314,0.3050359785556793,0.3428572416305542,0.3939371407032013,0.43841439485549927,0.4644429385662079,0.4809156060218811,0.49812111258506775,0.4927951693534851,0.4415263533592224,0.37353014945983887,0.3290646970272064,0.2896907329559326,0.2186279147863388,0.1396239995956421,0.08936114609241486,0.04072874039411545,-0.026891296729445457,-0.07269391417503357,-0.09271883219480515,-0.12878012657165527,-0.1602790653705597,-0.15145103633403778,-0.1341167390346527,-0.12526512145996094,-0.10593020170927048,-0.09406709671020508,-0.09357251226902008,-0.07343517988920212,-0.060665711760520935,-0.08936871588230133
-0.05308392271399498,-0.03836407884955406,0.0024124898482114077,0.03593839704990387,0.05685769021511078,0.08493030071258545,0.11043495684862137,0.11701494455337524,0.12408404052257538,0.15227273106575012,0.18855395913124084,0.21862760186195374,0.25434058904647827,0.31101033091545105,0.3802432119846344,0.4382471442222595,0.48106932640075684,0.5267597436904907,0.5666744709014893,0.5641887187957764,0.5232547521591187,0.4876241981983185,0.45927783846855164,0.39916399121284485,0.311034232378006,0.23783282935619354,0.17855995893478394,0.10110075771808624,0.022141287103295326,-0.02944602258503437,-0.08357423543930054,-0.15604250133037567,-0.1974463015794754,-0.19394166767597198,-0.18434388935565948,-0.16758903861045837,-0.13317619264125824,-0.10798992961645126,-0.0892387107014656,-0.05911613255739212,-0.04598705843091011,-0.05533307045698166
-0.19547273218631744,-0.2045956552028656,-0.204959437251091,-0.20103375613689423,-0.2098720520734787,-0.2210535854101181,-0.21327252686023712,-0.19134360551834106,-0.17521384358406067,-0.16129326820373535,-0.12576234340667725,-0.06516227126121521,-0.0003740675747394562,0.06035185232758522,0.1263808012008667,0.19865567982196808,0.27105191349983215,0.3362291157245636,0.37596645951271057,0.3855344355106354,0.3936106264591217,0.40969744324684143,0.4001848101615906,0.35978564620018005,0.32758086919784546,0.3037087917327881,0.2472558468580246,0.1669854372739792,0.10764778405427933,0.05513741075992584,-0.029800331220030785,-0.11517275124788284,-0.15389975905418396,-0.17166069149971008,-0.1945851892232895,-0.19356274604797363,-0.1638975292444229,-0.13537976145744324,-0.10854116827249527,-0.08190767467021942,-0.06732942909002304,-0.049078285694122314
-0.30927979946136475,-0.3099246323108673,-0.3222145736217499,-0.3399498760700226,-0.36170879006385803,-0.3829340934753418,-0.3909235894680023,-0.3884828984737396,-0.39273256063461304,-0.39514997601509094,-0.3647150695323944,-0.30342745780944824,-0.2480558454990387,-0.21082378923892975,-0.16992606222629547,-0.11541342735290527,-0.061137717217206955,-0.023611368611454964,-0.007075318600982428,0.0054994444362819195,0.03096199408173561,0.05097857862710953,0.04766904562711716,0.052697740495204926,0.08595935255289078,0.09870695322751999,0.061013560742139816,0.021230651065707207,0.0057188705541193485,-0.029670633375644684,-0.09547477960586548,-0.14340344071388245,-0.1685551106929779,-0.2059987634420395,-0.24206474423408508,-0.24848411977291107,-0.2437802255153656,-0.2378128319978714,-0.21445325016975403,-0.18754081428050995,-0.16810782253742218,-0.13722749054431915
-0.23635795712471008,-0.23928122222423553,-0.2502918839454651,-0.26711925864219666,-0.28309622406959534,-0.30472108721733093,-0.3358100652694702,-0.3681544065475464,-0.39066368341445923,-0.3941679000854492,-0.37819704413414,-0.35994479060173035,-0.35643893480300903,-0.3599131405353546,-0.3544570207595825,-0.3443860113620758,-0.34393972158432007,-0.35574638843536377,-0.371562123298645,-0.38285472989082336,-0.3920276165008545,-0.407672256231308,-0.41677340865135193,-0.39635834097862244,-0.3665234446525574,-0.36744558811187744,-0.3829822838306427,-0.3746762275695801,-0.36445680260658264,-0.383756548166275,-0.40155917406082153,-0.39743512868881226,-0.41051971912384033,-0.44503968954086304,-0.4519912898540497,-0.43599388003349304,-0.43972456455230713,-0.44360700249671936,-0.41448426246643066,-0.37803417444229126,-0.3513243794441223,-0.3195563852787018
