earth/public/data/atmosphere/C53/ANN-temp-isobaric-250hPa-gfs-1.0.json
{"header": {"discipline": 0, "disciplineName": "Meteorological products", "gribEdition": 2, "gribLength": 17922.0, "center": 0, "centerName": "Kiel Climate Model", "subcenter": 0, "refTime": "1", "significanceOfRT": 1, "significanceOfRTName": "Start of forecast", "productStatus": 0, "productStatusName": "Operational products", "productType": 1, "productTypeName": "Forecast products", "productDefinitionTemplate": 0, "productDefinitionTemplateName": "Analysis/forecast at horizontal level/layer at a point in time", "parameterCategory": 2, "parameterCategoryName": "Momentum", "parameterNumber": 2, "parameterNumberName": "U-component_of_wind", "parameterUnit": "K", "genProcessType": 2, "genProcessTypeName": "Forecast", "forecastTime": 0, "surface1Type": 103, "surface1TypeName": "Specified height level above ground", "surface1Value": 10, "surface2Type": 255, "surface2TypeName": "Missing", "surface2Value": 0, "gridDefinitionTemplate": 0, "gridDefinitionTemplateName": "Latitude_Longitude", "numberPoints": 65160, "shape": 6, "shapeName": "Earth spherical with radius of 6,371,229.0 m", "gridUnits": "degrees", "resolution": 48, "winds": "true", "scanMode": 0, "nx": 128.0, "ny": 64.0, "basicAngle": 0, "subDivisions": 0, "lo1": 0.0, "la1": 87.86379883923263, "lo2": 357.1875, "la2": -87.86379883923263, "dx": 2.8125, "dy": 2.7893269472772264}, "data":
[rows 0 to 18 of 64, columns 44 to 87 of 128]
214.94619750976562,214.9468994140625,214.94741821289062,214.94778442382812,214.94796752929688,214.94796752929688,214.94781494140625,214.94747924804688,214.94696044921875,214.9462890625,214.9454803466797,214.94447326660156,214.94332885742188,214.9420166015625,214.94058227539062,214.93898010253906,214.937255859375,214.9353790283203,214.93338012695312,214.93125915527344,214.9290313720703,214.92669677734375,214.92422485351562,214.92166137695312,214.91900634765625,214.91627502441406,214.91346740722656,214.9105682373047,214.9075927734375,214.90457153320312,214.9014892578125,214.89834594726562,214.8951873779297,214.89198303222656,214.88873291015625,214.88548278808594,214.8822021484375,214.87889099121094,214.87559509277344,214.87228393554688,214.86898803710938,214.86569213867188,214.8624267578125,214.8591766357422
215.04132080078125,215.04196166992188,215.04226684570312,215.04225158691406,215.04193115234375,215.04132080078125,215.0404052734375,215.0392303466797,215.03778076171875,215.0360870361328,215.03411865234375,215.0319061279297,215.02943420410156,215.02671813964844,215.02377319335938,215.0205841064453,215.01715087890625,215.01351928710938,215.00962829589844,215.0055389404297,215.00123596191406,214.9967498779297,214.9920654296875,214.9871826171875,214.98214721679688,214.9769744873047,214.97166442871094,214.96620178222656,214.96063232421875,214.9549560546875,214.94921875,214.9434051513672,214.93753051757812,214.9315948486328,214.92564392089844,214.91966247558594,214.9136505126953,214.9076385498047,214.90159606933594,214.8955535888672,214.88949584960938,214.88340759277344,214.8773193359375,214.8711700439453
215.20957946777344,215.20907592773438,215.20831298828125,215.20730590820312,215.2061004638672,215.20472717285156,215.20321655273438,215.2015380859375,215.19973754882812,215.19778442382812,215.1956787109375,215.19342041015625,215.19094848632812,215.18829345703125,215.1854248046875,215.18231201171875,215.178955078125,215.1753387451172,215.17144775390625,215.16726684570312,215.1627655029297,215.15797424316406,215.15284729003906,215.14743041992188,215.14170837402344,215.1356964111328,215.12937927246094,215.12281799316406,215.11598205566406,215.1089324951172,215.10165405273438,215.0941925048828,215.08657836914062,215.07882690429688,215.07095336914062,215.06301879882812,215.05502319335938,215.0469970703125,215.03895568847656,215.03091430664062,215.02285766601562,215.01478576660156,215.0066680908203,214.99847412109375
215.46287536621094,215.4628448486328,215.46282958984375,215.4628448486328,215.46287536621094,215.46290588378906,215.46287536621094,215.46275329589844,215.4624786376953,215.46205139160156,215.46142578125,215.46063232421875,215.45962524414062,215.45843505859375,215.45704650878906,215.45542907714844,215.4535675048828,215.4513702392578,215.44882202148438,215.44583129882812,215.44235229492188,215.43829345703125,215.43365478515625,215.42840576171875,215.42251586914062,215.41603088378906,215.408935546875,215.40127563476562,215.39308166503906,215.3843994140625,215.37530517578125,215.36575317382812,215.35586547851562,215.34559631347656,215.33502197265625,215.32418823242188,215.31312561035156,215.3018798828125,215.29054260253906,215.27915954589844,215.267822265625,215.25657653808594,215.24542236328125,215.23439025878906
215.78475952148438,215.7890167236328,215.79354858398438,215.7982177734375,215.8027801513672,215.80694580078125,215.81053161621094,215.8133544921875,215.81541442871094,215.8166961669922,215.8173828125,215.81764221191406,215.8176727294922,215.81759643554688,215.81752014160156,215.81744384765625,215.8173065185547,215.8169708251953,215.81622314453125,215.8148956298828,215.81272888183594,215.8095703125,215.80526733398438,215.7997283935547,215.7928924560547,215.7848358154297,215.77566528320312,215.7655029296875,215.75454711914062,215.74295043945312,215.7309112548828,215.71852111816406,215.7058563232422,215.69288635253906,215.67965698242188,215.6660919189453,215.65216064453125,215.63787841796875,215.62326049804688,215.60836791992188,215.5933837890625,215.57846069335938,215.56373596191406,215.54933166503906
216.19033813476562,216.20046997070312,216.21080017089844,216.2209014892578,216.230224609375,216.23831176757812,216.244873046875,216.24977111816406,216.25311279296875,216.25526428222656,216.2566375732422,216.2577667236328,216.259033203125,216.2606964111328,216.26287841796875,216.26544189453125,216.26817321777344,216.27069091796875,216.27261352539062,216.27354431152344,216.2731475830078,216.2711181640625,216.26712036132812,216.2610626220703,216.25283813476562,216.24252319335938,216.23033142089844,216.2166290283203,216.2018280029297,216.18643188476562,216.17074584960938,216.1551055908203,216.13963317871094,216.12435913085938,216.10919189453125,216.093994140625,216.07864379882812,216.0629425048828,216.0468292236328,216.03024291992188,216.0132293701172,215.99598693847656,215.97869873046875,215.96163940429688
216.68777465820312,216.70310974121094,216.71778869628906,216.73126220703125,216.7432403564453,216.7535400390625,216.76229858398438,216.76976013183594,216.7764129638672,216.78282165527344,216.78956604003906,216.7970733642578,216.80555725097656,216.81492614746094,216.82469177246094,216.83419799804688,216.84268188476562,216.8495330810547,216.8542938232422,216.85678100585938,216.8568878173828,216.8544921875,216.84947204589844,216.8416748046875,216.83102416992188,216.81759643554688,216.80181884765625,216.7842559814453,216.76568603515625,216.7467803955078,216.72805786132812,216.70974731445312,216.69186401367188,216.67433166503906,216.6570281982422,216.63983154296875,216.6227569580078,216.60565185546875,216.58843994140625,216.57093811035156,216.5529327392578,216.53436279296875,216.51536560058594,216.49618530273438
217.26026916503906,217.28123474121094,217.29986572265625,217.31597900390625,217.33013916015625,217.3433074951172,217.35662841796875,217.37110900878906,217.38743591308594,217.4060516357422,217.42706298828125,217.45025634765625,217.47503662109375,217.50025939941406,217.5244598388672,217.5459747314453,217.5634002685547,217.57586669921875,217.58328247070312,217.58612060546875,217.5850830078125,217.58067321777344,217.5730743408203,217.56216430664062,217.54776000976562,217.53004455566406,217.5096893310547,217.48777770996094,217.465576171875,217.44403076171875,217.42355346679688,217.404052734375,217.38502502441406,217.3660125732422,217.34677124023438,217.32745361328125,217.3083953857422,217.28990173339844,217.27194213867188,217.25405883789062,217.235595703125,217.21607971191406,217.19537353515625,217.1739501953125
217.90113830566406,217.92771911621094,217.95103454589844,217.97134399414062,217.99021911621094,218.01010131835938,218.0333709716797,218.0617218017578,218.09568786621094,218.1348114013672,218.1780242919922,218.22389221191406,218.2707061767578,218.31643676757812,218.35874938964844,218.39524841308594,218.42410278320312,218.44448852539062,218.456787109375,218.46238708496094,218.46287536621094,218.45933532714844,218.45211791992188,218.44088745117188,218.4252471923828,218.4053497314453,218.3822021484375,218.35739135742188,218.33262634277344,218.30918884277344,218.28738403320312,218.2668914794922,218.246826171875,218.2265167236328,218.20579528808594,218.18516540527344,218.16543579101562,218.14723205566406,218.13050842285156,218.11434936523438,218.09739685058594,218.0784149169922,218.05712890625,218.0343780517578
218.61915588378906,218.6497802734375,218.6790771484375,218.70721435546875,218.73629760742188,218.7696533203125,218.8107147216797,218.8615264892578,218.9219970703125,218.9901123046875,219.06280517578125,219.13677978515625,219.20909118652344,219.27713012695312,219.3385772705078,219.3911895751953,219.4333953857422,219.46466064453125,219.48582458496094,219.49868774414062,219.50527954101562,219.50701904296875,219.50430297851562,219.4968719482422,219.48439025878906,219.4671630859375,219.4462432861328,219.42315673828125,219.3992919921875,219.37557983398438,219.35235595703125,219.32957458496094,219.30702209472656,219.2845916748047,219.26248168945312,219.24119567871094,219.22152709960938,219.2041473388672,219.18914794921875,219.17564392089844,219.16197204589844,219.14634704589844,219.12794494628906,219.1074676513672
219.43524169921875,219.47335815429688,219.51461791992188,219.55856323242188,219.6065673828125,219.66180419921875,219.72796630859375,219.8074188232422,219.89987182617188,220.00218200683594,220.10928344726562,220.21563720703125,220.3165740966797,220.4087677001953,220.49021911621094,220.5598602294922,220.61715698242188,220.6621551513672,220.6956024169922,220.7190704345703,220.73426818847656,220.74261474609375,220.744873046875,220.74131774902344,220.73239135742188,220.71896362304688,220.70216369628906,220.68289184570312,220.66156005859375,220.63833618164062,220.61366271972656,220.58848571777344,220.56414794921875,220.5417022705078,220.5213623046875,220.50274658203125,220.4853057861328,220.46910095214844,220.4546661376953,220.4423065185547,220.4315185546875,220.42071533203125,220.40826416015625,220.39344787597656
220.3763427734375,220.4314727783203,220.49497985839844,220.56515502929688,220.64144897460938,220.72511291503906,220.81890869140625,220.9256134033203,221.04627990722656,221.17881774902344,221.31796264648438,221.45654296875,221.58740234375,221.70559692382812,221.80902099609375,221.89776611328125,221.97274780273438,222.03469848632812,222.08412170410156,222.1217041015625,222.14862060546875,222.16603088378906,222.1747589111328,222.17539978027344,222.1688995361328,222.15672302246094,222.1405029296875,222.12118530273438,222.0990447998047,222.07432556152344,222.0480194091797,222.02206420898438,221.99891662597656,221.98020935058594,221.96595764160156,221.9543914794922,221.9431610107422,221.9309844970703,221.9181671142578,221.90623474121094,221.89622497558594,221.8876953125,221.87869262695312,221.8671417236328
221.45306396484375,221.5284881591797,221.6171875,221.71681213378906,221.82464599609375,221.9390869140625,222.06065368652344,222.1920623779297,222.33633422851562,222.49403381347656,222.66136169433594,222.8303680419922,222.99169921875,223.137939453125,223.2660369873047,223.37684631347656,223.47259521484375,223.55450439453125,223.62257385253906,223.67674255371094,223.71786499023438,223.74700927734375,223.76463317871094,223.77084350585938,223.76654052734375,223.75375366210938,223.7350311279297,223.71240234375,223.6873016357422,223.6609344482422,223.6348419189453,223.61070251464844,223.5902862548828,223.57476806640625,223.5641326904297,223.55690002441406,223.5506134033203,223.54312133789062,223.5336456298828,223.52268981933594,223.51136779785156,223.5000457763672,223.48780822753906,223.47299194335938
222.67800903320312,222.76409912109375,222.86691284179688,222.98577880859375,223.1182098388672,223.260986328125,223.4125213623047,223.57400512695312,223.74819946289062,223.9359130859375,224.1336212158203,224.3330841064453,224.52398681640625,224.69786071777344,224.85118103027344,224.98519897460938,225.10275268554688,225.2047882080078,225.28994750976562,225.35728454589844,225.40774536132812,225.44300842285156,225.463623046875,225.46966552734375,225.4628448486328,225.4468231201172,225.42527770996094,225.40069580078125,225.37484741210938,225.3495635986328,225.3263702392578,225.3057403564453,225.28756713867188,225.27203369140625,225.25958251953125,225.25006103515625,225.24244689941406,225.2353057861328,225.2271270751953,225.21653747558594,225.20285034179688,225.1861114501953,225.16671752929688,225.1444091796875
224.0857391357422,224.16940307617188,224.27198791503906,224.39688110351562,224.54397583007812,224.71044921875,224.89358520507812,225.09230041503906,225.30563354492188,225.53030395507812,225.75979614257812,225.98590087890625,226.20033264160156,226.39645385742188,226.57101440429688,226.724853515625,226.86013793945312,226.9764404296875,227.07037353515625,227.1400604248047,227.18765258789062,227.2165985107422,227.22824096679688,227.2234344482422,227.20599365234375,227.1820831298828,227.1560516357422,227.1289825439453,227.10134887695312,227.07525634765625,227.05250549316406,227.03282165527344,227.01512145996094,226.99942016601562,226.9862823486328,226.97508239746094,226.96438598632812,226.95339965820312,226.9416961669922,226.92791748046875,226.91004943847656,226.88722229003906,226.85986328125,226.82803344726562
225.69749450683594,225.771240234375,225.86968994140625,225.9984130859375,226.15771484375,226.34507751464844,226.5574951171875,226.7915496826172,227.0415496826172,227.29844665527344,227.55206298828125,227.79527282714844,228.0243377685547,228.23568725585938,228.425048828125,228.59024047851562,228.73167419433594,228.84796142578125,228.93479919433594,228.9907989501953,229.0210418701172,229.0320281982422,229.02589416503906,229.0033721923828,228.96963500976562,228.93276977539062,228.89686584472656,228.8610382080078,228.8251953125,228.7928009033203,228.76641845703125,228.74473571777344,228.7258758544922,228.7106475830078,228.6997833251953,228.6903533935547,228.67796325683594,228.66127014160156,228.64163208007812,228.61915588378906,228.592041015625,228.5592803955078,228.5210723876953,228.47659301757812
227.53277587890625,227.59202575683594,227.6870880126953,227.8203887939453,227.98989868164062,228.19366455078125,228.42843627929688,228.68734741210938,228.9601593017578,229.2344970703125,229.4990234375,229.74879455566406,229.98448181152344,230.20391845703125,230.39852905273438,230.5611114501953,230.69102478027344,230.78851318359375,230.85055541992188,230.87750244140625,230.8777618408203,230.86056518554688,230.82823181152344,230.7808837890625,230.72467041015625,230.668701171875,230.61666870117188,230.56689453125,230.52041625976562,230.48228454589844,230.4544219970703,230.43275451660156,230.4135284423828,230.39764404296875,230.3860626220703,230.37440490722656,230.35691833496094,230.33230590820312,230.30271911621094,230.2683563232422,230.22727966308594,230.17941284179688,230.1263427734375,230.06739807128906
229.64605712890625,229.68206787109375,229.7638397216797,229.8885955810547,230.0541229248047,230.26235961914062,230.50875854492188,230.7786407470703,231.056640625,231.33135986328125,231.5935516357422,231.83932495117188,232.07064819335938,232.28407287597656,232.46603393554688,232.6059112548828,232.70510864257812,232.76763916015625,232.79220581054688,232.78042602539062,232.74229431152344,232.68748474121094,232.6186065673828,232.53770446777344,232.4532012939453,232.37454223632812,232.30471801757812,232.24267578125,232.1901092529297,232.15054321289062,232.12322998046875,232.10244750976562,232.08409118652344,232.06802368164062,232.05303955078125,232.0342254638672,232.00759887695312,231.97384643554688,231.93484497070312,231.8892059326172,231.83453369140625,231.7716064453125,231.70333862304688,231.63047790527344
232.04884338378906,232.05186462402344,232.10780334472656,232.21083068847656,232.36038208007812,232.56253051757812,232.8079833984375,233.0712127685547,233.33419799804688,233.5918731689453,233.8379669189453,234.06556701660156,234.2740478515625,234.4580535888672,234.6016387939453,234.6957550048828,234.7469024658203,234.76141357421875,234.73793029785156,234.6797637939453,234.5982208251953,234.50132751464844,234.39242553710938,234.2787322998047,234.17080688476562,234.07447814941406,233.99081420898438,233.92120361328125,233.8673553466797,233.82766723632812,233.79782104492188,233.7747344970703,233.75772094726562,233.7445526123047,233.72914123535156,233.70529174804688,233.67173767089844,233.63070678710938,233.58285522460938,233.526611328125,233.461181640625,233.38768005371094,233.3077850341797,233.22308349609375
