earth/public/data/atmosphere/C53/ANN-rh-isobaric-700hPa-gfs-1.0.json
{"header": {"discipline": 0, "disciplineName": "Meteorological products", "gribEdition": 2, "gribLength": 17922.0, "center": 0, "centerName": "Kiel Climate Model", "subcenter": 0, "refTime": "1", "significanceOfRT": 1, "significanceOfRTName": "Start of forecast", "productStatus": 0, "productStatusName": "Operational products", "productType": 1, "productTypeName": "Forecast products", "productDefinitionTemplate": 0, "productDefinitionTemplateName": "Analysis/forecast at horizontal level/layer at a point in time", "parameterCategory": 2, "parameterCategoryName": "Momentum", "parameterNumber": 2, "parameterNumberName": "U-component_of_wind", "parameterUnit": "%", "genProcessType": 2, "genProcessTypeName": "Forecast", "forecastTime": 0, "surface1Type": 103, "surface1TypeName": "Specified height level above ground", "surface1Value": 10, "surface2Type": 255, "surface2TypeName": "Missing", "surface2Value": 0, "gridDefinitionTemplate": 0, "gridDefinitionTemplateName": "Latitude_Longitude", "numberPoints": 65160, "shape": 6, "shapeName": "Earth spherical with radius of 6,371,229.0 m", "gridUnits": "degrees", "resolution": 48, "winds": "true", "scanMode": 0, "nx": 128.0, "ny": 64.0, "basicAngle": 0, "subDivisions": 0, "lo1": 0.0, "la1": 87.86379883923263, "lo2": 357.1875, "la2": -87.86379883923263, "dx": 2.8125, "dy": 2.7893269472772264}, "data":
[rows 0 to 18 of 64, columns 43 to 85 of 128]
0.7978108525276184,0.798105001449585,0.7984488010406494,0.7988412976264954,0.7992813587188721,0.7997680902481079,0.8002994060516357,0.8008735775947571,0.8014883399009705,0.8021411895751953,0.8028291463851929,0.8035492897033691,0.8042987585067749,0.8050737977027893,0.8058710694313049,0.8066869378089905,0.8075178861618042,0.808359682559967,0.8092085123062134,0.810060441493988,0.8109118342399597,0.8117581605911255,0.812595546245575,0.8134204149246216,0.8142282366752625,0.8150158524513245,0.8157788515090942,0.816514253616333,0.817218005657196,0.8178873062133789,0.8185192346572876,0.8191109299659729,0.8196598887443542,0.820164680480957,0.8206232190132141,0.8210341930389404,0.8213972449302673,0.8217118382453918,0.8219777345657349,0.8221957683563232,0.8223667740821838,0.8224921226501465,0.8225734233856201
0.7797037363052368,0.7798193693161011,0.7800582051277161,0.7804158926010132,0.780888020992279,0.7814675569534302,0.7821455001831055,0.7829136848449707,0.7837619781494141,0.7846805453300476,0.785658597946167,0.7866869568824768,0.7877570986747742,0.7888621687889099,0.789996862411499,0.7911580204963684,0.7923442721366882,0.7935568690299988,0.794797420501709,0.7960687279701233,0.7973741888999939,0.7987154722213745,0.8000935316085815,0.8015064001083374,0.8029500246047974,0.8044161200523376,0.8058940768241882,0.8073703050613403,0.8088284134864807,0.8102502822875977,0.8116171360015869,0.8129094243049622,0.8141095042228699,0.8152008056640625,0.8161688446998596,0.8170026540756226,0.8176936507225037,0.8182371854782104,0.8186318874359131,0.8188794255256653,0.8189848065376282,0.8189557194709778,0.8188022375106812
0.7782741189002991,0.7788107395172119,0.7793793678283691,0.7799738049507141,0.780596911907196,0.781256914138794,0.7819628715515137,0.7827188372612,0.7835201025009155,0.7843487858772278,0.7851737141609192,0.7859545350074768,0.786644458770752,0.7872008085250854,0.7875890731811523,0.787794291973114,0.7878237962722778,0.7877116203308105,0.7875162363052368,0.7873160243034363,0.7872016429901123,0.7872642874717712,0.7875871658325195,0.7882336378097534,0.7892400622367859,0.7906113266944885,0.7923206686973572,0.7943127155303955,0.7965096235275269,0.7988201975822449,0.8011500835418701,0.803409993648529,0.8055234551429749,0.8074330687522888,0.8091014623641968,0.8105114698410034,0.8116629123687744,0.812569797039032,0.8132522106170654,0.8137345314025879,0.8140405416488647,0.8141897320747375,0.8141991496086121
0.7890885472297668,0.790477991104126,0.7911025285720825,0.7910333275794983,0.7904556393623352,0.7896350026130676,0.7888745665550232,0.7884570956230164,0.788593053817749,0.7893786430358887,0.7907745242118835,0.7926099896430969,0.7946113348007202,0.7964507937431335,0.797804057598114,0.7984126806259155,0.7981306314468384,0.7969557642936707,0.7950356602668762,0.792646586894989,0.7901527881622314,0.7879519462585449,0.7864139676094055,0.7858261466026306,0.7863538265228271,0.7880188822746277,0.7907034158706665,0.7941732406616211,0.798117995262146,0.8021992444992065,0.8061011433601379,0.8095709085464478,0.8124470114707947,0.8146708607673645,0.8162798285484314,0.8173884749412537,0.8181565403938293,0.8187563419342041,0.8193405866622925,0.8200178742408752,0.8208366632461548,0.8217852115631104,0.8227983713150024
0.7995768785476685,0.8001497983932495,0.7981982827186584,0.7939249277114868,0.7879385352134705,0.7811707258224487,0.774716854095459,0.7696411609649658,0.766778826713562,0.7665829658508301,0.769041895866394,0.7736883163452148,0.7796922326087952,0.7860159277915955,0.7916076183319092,0.7955840826034546,0.7973814606666565,0.7968412041664124,0.7942222952842712,0.7901424765586853,0.7854554653167725,0.7810981869697571,0.777927041053772,0.776577353477478,0.7773678302764893,0.7802649736404419,0.7849113941192627,0.7907096147537231,0.7969397306442261,0.8028919696807861,0.8079849481582642,0.8118516206741333,0.8143770694732666,0.8156898617744446,0.8161115050315857,0.8160737156867981,0.8160302042961121,0.8163715600967407,0.8173646330833435,0.819118320941925,0.8215806484222412,0.824562132358551,0.8277779817581177
0.7947757840156555,0.794510543346405,0.7904987335205078,0.7828835248947144,0.772578239440918,0.7611087560653687,0.7502967119216919,0.7418727278709412,0.7371183633804321,0.7366206049919128,0.7401936054229736,0.7469633221626282,0.7555837035179138,0.7645201086997986,0.7723344564437866,0.7779250144958496,0.7806780338287354,0.7805307507514954,0.7779380679130554,0.7737617492675781,0.7691036462783813,0.7651038765907288,0.7627362608909607,0.7626410126686096,0.7650188207626343,0.7696155309677124,0.7757946848869324,0.7826888561248779,0.7893880009651184,0.7951245307922363,0.7994182109832764,0.8021422624588013,0.8035112023353577,0.8039976358413696,0.8041961193084717,0.8046821355819702,0.8058847784996033,0.8080117702484131,0.8110337257385254,0.8147242069244385,0.8187417387962341,0.8227220773696899,0.8263546228408813
0.7723036408424377,0.7723469734191895,0.7695387005805969,0.7640665173530579,0.7569810748100281,0.7498469948768616,0.7442337274551392,0.7412395477294922,0.7412082552909851,0.743716835975647,0.7477983236312866,0.7522948980331421,0.7562026977539062,0.7588996887207031,0.7602040767669678,0.7602903842926025,0.7595317363739014,0.758353590965271,0.7571553587913513,0.7563032507896423,0.7561564445495605,0.757070779800415,0.7593441605567932,0.7631165981292725,0.7682715654373169,0.7743991017341614,0.780858039855957,0.7869277000427246,0.7919967174530029,0.7957237958908081,0.79811692237854,0.7995131611824036,0.8004715442657471,0.8016167879104614,0.8034740090370178,0.8063331246376038,0.8101725578308105,0.8146611452102661,0.8192439079284668,0.8232959508895874,0.8263033032417297,0.8280160427093506,0.8285229802131653
0.7506716251373291,0.7481403350830078,0.7447009086608887,0.7415745854377747,0.7403733134269714,0.7422993779182434,0.7475020289421082,0.7548775672912598,0.7623953819274902,0.7677916884422302,0.7693407535552979,0.7664180994033813,0.7596719861030579,0.7507776021957397,0.7418830990791321,0.7349493503570557,0.7312091588973999,0.7309244275093079,0.7335096597671509,0.7379390001296997,0.7432392835617065,0.7488350868225098,0.7546077966690063,0.760686993598938,0.7671341300010681,0.7737314701080322,0.7799925208091736,0.785369336605072,0.7895115613937378,0.7924237847328186,0.7944446206092834,0.7960910797119141,0.7978723049163818,0.8001576066017151,0.803124189376831,0.8067533373832703,0.8108389973640442,0.8150023221969604,0.8187441229820251,0.8215641379356384,0.8231313824653625,0.8234399557113647,0.8228712677955627
0.7413284182548523,0.7343879342079163,0.7286279797554016,0.7268025875091553,0.7308136820793152,0.7405145168304443,0.7534207105636597,0.7655331492424011,0.7728643417358398,0.7729252576828003,0.7655090689659119,0.7525468468666077,0.7372533082962036,0.7230433821678162,0.7126213312149048,0.7074385285377502,0.7075397968292236,0.7117507457733154,0.7181723713874817,0.7248849868774414,0.7306443452835083,0.7352570295333862,0.7394281625747681,0.7441459894180298,0.7499637007713318,0.7566229701042175,0.7632363438606262,0.7688661217689514,0.7730827927589417,0.7761319875717163,0.7786582112312317,0.7812392115592957,0.7840756177902222,0.7870129942893982,0.7897960543632507,0.7923150658607483,0.7946655750274658,0.797012984752655,0.7994186878204346,0.8017845153808594,0.8039582371711731,0.8059177994728088,0.8078809976577759
0.736972451210022,0.733020544052124,0.732661783695221,0.7385047674179077,0.7511272430419922,0.7678159475326538,0.7830134034156799,0.790542483329773,0.78651362657547,0.7712498903274536,0.749118983745575,0.7264147400856018,0.7085903286933899,0.69837886095047,0.6955808997154236,0.6981704831123352,0.7037003040313721,0.7101659774780273,0.716190755367279,0.7209488153457642,0.7242315411567688,0.7266045212745667,0.7292698621749878,0.7334213852882385,0.7394109964370728,0.7463832497596741,0.7527589797973633,0.7572857737541199,0.7598570585250854,0.7614833116531372,0.7634819149971008,0.7665547728538513,0.7704506516456604,0.7743595838546753,0.7776134014129639,0.7801186442375183,0.7822718620300293,0.7845425009727478,0.7871126532554626,0.7898142337799072,0.7923409342765808,0.7945277690887451,0.7964961528778076
0.7382186055183411,0.7460092306137085,0.7553568482398987,0.7671443223953247,0.78179532289505,0.7971491813659668,0.807898223400116,0.8077037930488586,0.7930168509483337,0.7659841179847717,0.7341575622558594,0.7068754434585571,0.6905912756919861,0.6861528754234314,0.6895763278007507,0.6953721046447754,0.6998907327651978,0.7025505900382996,0.7046938538551331,0.7075988054275513,0.7114230990409851,0.715624213218689,0.7199289202690125,0.7246183753013611,0.7298771142959595,0.7350935935974121,0.7390783429145813,0.7411195635795593,0.7418166995048523,0.7427687644958496,0.7453386783599854,0.7496190667152405,0.7545274496078491,0.7588260769844055,0.7620726823806763,0.7647170424461365,0.7674513459205627,0.7705451250076294,0.7737053632736206,0.7764082551002502,0.7782918214797974,0.7793188095092773,0.7797282934188843
0.7494791150093079,0.7644197940826416,0.7705726623535156,0.7687320709228516,0.7646000981330872,0.7638707160949707,0.7671459913253784,0.7690075039863586,0.7622448205947876,0.7438764572143555,0.7180810570716858,0.6937302947044373,0.6785711646080017,0.6745637655258179,0.6776525974273682,0.6816527843475342,0.6829013824462891,0.6821235418319702,0.6825278401374817,0.6862875819206238,0.6926296353340149,0.6989024877548218,0.7031296491622925,0.7054193019866943,0.7071409821510315,0.7091830372810364,0.7113103866577148,0.7130869030952454,0.7149587869644165,0.718024492263794,0.7227258086204529,0.7280603647232056,0.7323569059371948,0.734821081161499,0.7361809611320496,0.7378129363059998,0.7403941750526428,0.7435009479522705,0.7463445663452148,0.7486318349838257,0.7506420612335205,0.7526723146438599,0.7546448707580566
0.7539432048797607,0.7603468894958496,0.7508309483528137,0.727436900138855,0.7018768191337585,0.6883225440979004,0.6932207345962524,0.7104553580284119,0.7259076833724976,0.7275937795639038,0.7133576273918152,0.6908619999885559,0.6711018085479736,0.6610175371170044,0.6603267788887024,0.6638810038566589,0.6668137311935425,0.6680947542190552,0.6699050068855286,0.674151599407196,0.6799502372741699,0.6845258474349976,0.6861869096755981,0.685975193977356,0.6863548159599304,0.6886654496192932,0.6921793222427368,0.6955114603042603,0.6984161138534546,0.7017828226089478,0.7060324549674988,0.7101507186889648,0.7127478122711182,0.7138475179672241,0.7150387763977051,0.7176859378814697,0.7213938236236572,0.7246156334877014,0.726548969745636,0.7279713153839111,0.730150580406189,0.7333314418792725,0.7365325689315796
0.7378872036933899,0.7289297580718994,0.712827205657959,0.6895132064819336,0.6682341694831848,0.6617895364761353,0.6755439043045044,0.7014400362968445,0.7229564189910889,0.7266727089881897,0.7105739712715149,0.6834967136383057,0.6581515669822693,0.6436388492584229,0.6416072249412537,0.6472588777542114,0.653977632522583,0.6581082344055176,0.6601506471633911,0.6620558500289917,0.6642637252807617,0.6657246351242065,0.6660391688346863,0.6665055751800537,0.6687757968902588,0.6729159355163574,0.6771748661994934,0.6797343492507935,0.680578887462616,0.6814130544662476,0.6836473345756531,0.6868435740470886,0.6896355152130127,0.6918851137161255,0.6949561834335327,0.6995729804039001,0.7043502926826477,0.7073065042495728,0.7083747386932373,0.7094298005104065,0.7118389010429382,0.7148495316505432,0.716698169708252
0.7132248282432556,0.7018306851387024,0.6951968669891357,0.6893112063407898,0.686006486415863,0.6905139684677124,0.7035604119300842,0.7169395089149475,0.719030499458313,0.7049074769020081,0.6799471378326416,0.6543628573417664,0.6362160444259644,0.628828763961792,0.6311405897140503,0.6386045217514038,0.645595908164978,0.6490681767463684,0.649749219417572,0.649543046951294,0.6490405797958374,0.6481239199638367,0.6474227905273438,0.6478177905082703,0.6492284536361694,0.6508392095565796,0.6520036458969116,0.6524533033370972,0.6524297595024109,0.6530673503875732,0.6556187868118286,0.6596844792366028,0.6632710695266724,0.6653191447257996,0.6669902801513672,0.6695257425308228,0.672121524810791,0.6733992695808411,0.6740250587463379,0.6759814023971558,0.6794942617416382,0.6824759840965271,0.6833343505859375
0.6818939447402954,0.6820664405822754,0.6837320923805237,0.6845325231552124,0.6842848658561707,0.6856244802474976,0.6890673637390137,0.6884127259254456,0.6764374375343323,0.6551388502120972,0.635284423828125,0.6252374053001404,0.6246207356452942,0.6290823221206665,0.6357526779174805,0.6424225568771362,0.6464517712593079,0.6474056839942932,0.6475330591201782,0.6477589011192322,0.6463385820388794,0.6428619623184204,0.6399075984954834,0.6388864517211914,0.6377924084663391,0.6351953148841858,0.6331300735473633,0.6336395740509033,0.6354818940162659,0.6368073225021362,0.6383165717124939,0.6409906148910522,0.6431664824485779,0.6428985595703125,0.6413489580154419,0.6409056186676025,0.6415135860443115,0.6417311429977417,0.6420349478721619,0.6439815163612366,0.6468821167945862,0.6483326554298401,0.6479257345199585
0.623272180557251,0.6279135942459106,0.6279821395874023,0.6254966259002686,0.6193294525146484,0.613372266292572,0.613257884979248,0.6158604025840759,0.6129587292671204,0.6053463220596313,0.6029256582260132,0.6098228096961975,0.6194088459014893,0.6257996559143066,0.630465030670166,0.6349027156829834,0.6363874077796936,0.6345566511154175,0.6336013078689575,0.6343147158622742,0.6319928765296936,0.6256027221679688,0.6209213733673096,0.6208361387252808,0.6204997301101685,0.6164583563804626,0.6129792332649231,0.6141444444656372,0.6164885759353638,0.6153091192245483,0.6125825047492981,0.612561047077179,0.6141630411148071,0.6138314604759216,0.6122674345970154,0.6124674677848816,0.6138952374458313,0.613974392414093,0.6131045818328857,0.6133455634117126,0.6140018105506897,0.612934947013855,0.6107892394065857
0.5381709337234497,0.5335317254066467,0.5341985821723938,0.5383533835411072,0.5363706946372986,0.5311092138290405,0.534325122833252,0.5464091897010803,0.5566596388816833,0.5627137422561646,0.5729143619537354,0.5881833434104919,0.5983596444129944,0.5999367833137512,0.601444661617279,0.6068268418312073,0.6089692711830139,0.6047099828720093,0.6011480689048767,0.6014741063117981,0.5989744663238525,0.5910286903381348,0.5854066014289856,0.5863074064254761,0.5867589712142944,0.581626296043396,0.5766397714614868,0.5772532820701599,0.5788934826850891,0.5761781334877014,0.5728741884231567,0.5743939876556396,0.5778643488883972,0.5779383182525635,0.5761585831642151,0.5766148567199707,0.5778230428695679,0.5764268040657043,0.5740939974784851,0.5739516019821167,0.5745254755020142,0.5730405449867249,0.5706204771995544
0.4626756012439728,0.4556153118610382,0.4643695056438446,0.47872695326805115,0.4835086464881897,0.4820934534072876,0.48932701349258423,0.5065515637397766,0.5214016437530518,0.5305962562561035,0.5436102151870728,0.5616635084152222,0.5731088519096375,0.5747222304344177,0.5777420997619629,0.5864748954772949,0.5905580520629883,0.5851916670799255,0.5798352956771851,0.5800026059150696,0.5784401297569275,0.5709004402160645,0.5642895698547363,0.5629623532295227,0.5612514019012451,0.5554583072662354,0.5509556531906128,0.5516952276229858,0.5532898902893066,0.5522918105125427,0.5527913570404053,0.5574464201927185,0.5607321858406067,0.5581843256950378,0.5542515516281128,0.5537480711936951,0.5536255836486816,0.5504739284515381,0.547774612903595,0.5485395193099976,0.5490512251853943,0.5461583733558655,0.542555034160614
