earth/public/data/atmosphere/C53/ANN-temp-isobaric-700hPa-gfs-1.0.json
{"header": {"discipline": 0, "disciplineName": "Meteorological products", "gribEdition": 2, "gribLength": 17922.0, "center": 0, "centerName": "Kiel Climate Model", "subcenter": 0, "refTime": "1", "significanceOfRT": 1, "significanceOfRTName": "Start of forecast", "productStatus": 0, "productStatusName": "Operational products", "productType": 1, "productTypeName": "Forecast products", "productDefinitionTemplate": 0, "productDefinitionTemplateName": "Analysis/forecast at horizontal level/layer at a point in time", "parameterCategory": 2, "parameterCategoryName": "Momentum", "parameterNumber": 2, "parameterNumberName": "U-component_of_wind", "parameterUnit": "K", "genProcessType": 2, "genProcessTypeName": "Forecast", "forecastTime": 0, "surface1Type": 103, "surface1TypeName": "Specified height level above ground", "surface1Value": 10, "surface2Type": 255, "surface2TypeName": "Missing", "surface2Value": 0, "gridDefinitionTemplate": 0, "gridDefinitionTemplateName": "Latitude_Longitude", "numberPoints": 65160, "shape": 6, "shapeName": "Earth spherical with radius of 6,371,229.0 m", "gridUnits": "degrees", "resolution": 48, "winds": "true", "scanMode": 0, "nx": 128.0, "ny": 64.0, "basicAngle": 0, "subDivisions": 0, "lo1": 0.0, "la1": 87.86379883923263, "lo2": 357.1875, "la2": -87.86379883923263, "dx": 2.8125, "dy": 2.7893269472772264}, "data":
[rows 20 to 39 of 64, columns 44 to 87 of 128]
284.46826171875,284.1485290527344,283.9058837890625,283.7559814453125,283.70977783203125,283.73077392578125,283.76812744140625,283.8357849121094,283.9598083496094,284.0946044921875,284.1895446777344,284.2591857910156,284.3152160644531,284.3348083496094,284.32647705078125,284.3136901855469,284.2748107910156,284.2001953125,284.1341857910156,284.085693359375,284.0103759765625,283.9151306152344,283.84698486328125,283.7903137207031,283.7069396972656,283.626708984375,283.5857238769531,283.55438232421875,283.5054626464844,283.4614562988281,283.4324645996094,283.3951416015625,283.34161376953125,283.2851257324219,283.2351989746094,283.1988525390625,283.17205810546875,283.1325378417969,283.0777587890625,283.0321044921875,282.99017333984375,282.92144775390625,282.8418884277344,282.7934265136719
286.05377197265625,285.7139892578125,285.4664611816406,285.3157043457031,285.28179931640625,285.3332824707031,285.3929748535156,285.44219970703125,285.50567626953125,285.5662536621094,285.6014404296875,285.62384033203125,285.6216735839844,285.57684326171875,285.53253173828125,285.5085754394531,285.4399719238281,285.3190002441406,285.2326965332031,285.1839294433594,285.0907897949219,284.9730529785156,284.906982421875,284.85833740234375,284.7716979980469,284.69793701171875,284.6717529296875,284.6322937011719,284.5617370605469,284.5161437988281,284.49285888671875,284.4404296875,284.37347412109375,284.33642578125,284.31707763671875,284.2874450683594,284.25177001953125,284.213134765625,284.1673889160156,284.1249084472656,284.0853576660156,284.0335693359375,283.9820861816406,283.9511413574219
287.4010314941406,287.0992736816406,286.9030456542969,286.80718994140625,286.78985595703125,286.79925537109375,286.7948303222656,286.79998779296875,286.8301086425781,286.83758544921875,286.8139953613281,286.8095703125,286.80072021484375,286.72650146484375,286.63421630859375,286.5807189941406,286.5032043457031,286.37188720703125,286.2698059082031,286.2050476074219,286.09893798828125,285.9782409667969,285.91705322265625,285.87176513671875,285.793212890625,285.73529052734375,285.71160888671875,285.65869140625,285.5887145996094,285.56097412109375,285.5419616699219,285.48187255859375,285.4244689941406,285.4043884277344,285.3736267089844,285.3100891113281,285.25640869140625,285.224365234375,285.1848449707031,285.13726806640625,285.0989990234375,285.06768798828125,285.0411376953125,285.0195007324219
288.4818115234375,288.2901611328125,288.1986389160156,288.168701171875,288.13372802734375,288.0498046875,287.9468994140625,287.9075622558594,287.9432678222656,287.9574279785156,287.9107971191406,287.8797607421875,287.873046875,287.8059387207031,287.6909484863281,287.60675048828125,287.5296630859375,287.41644287109375,287.31121826171875,287.2279968261719,287.1256103515625,287.0283203125,286.9725341796875,286.9165344238281,286.8450622558594,286.80322265625,286.7772216796875,286.72509765625,286.68072509765625,286.66839599609375,286.63568115234375,286.5709228515625,286.5274658203125,286.498046875,286.43048095703125,286.3446960449219,286.2926025390625,286.2593994140625,286.2077941894531,286.1473388671875,286.095703125,286.04437255859375,285.9915771484375,285.947265625
289.2263488769531,289.2130432128906,289.24139404296875,289.2140197753906,289.104736328125,288.9762878417969,288.87799072265625,288.82391357421875,288.82659912109375,288.8431396484375,288.8048095703125,288.736572265625,288.6904296875,288.6319580078125,288.5348815917969,288.4402160644531,288.3565368652344,288.259033203125,288.15777587890625,288.0631103515625,287.9731750488281,287.90582275390625,287.85418701171875,287.7880859375,287.72808837890625,287.699462890625,287.6683349609375,287.62353515625,287.5979919433594,287.573486328125,287.515625,287.46014404296875,287.43182373046875,287.3852233886719,287.3094177246094,287.2522277832031,287.2155456542969,287.1591796875,287.08740234375,287.0278015136719,286.9707946777344,286.8976745605469,286.820556640625,286.75775146484375
289.6360778808594,289.7838439941406,289.9284973144531,289.8635559082031,289.63763427734375,289.51055908203125,289.5218811035156,289.48565673828125,289.3915710449219,289.36175537109375,289.3570556640625,289.2914123535156,289.2078857421875,289.1475524902344,289.078125,288.98828125,288.89666748046875,288.80950927734375,288.7242431640625,288.6372375488281,288.5597839355469,288.5059814453125,288.4548034667969,288.3928527832031,288.3506164550781,288.3276672363281,288.2900085449219,288.2527160644531,288.2316589355469,288.18890380859375,288.1280822753906,288.097900390625,288.0730285644531,288.0074462890625,287.94378662109375,287.9153137207031,287.87078857421875,287.7929992675781,287.7314758300781,287.6913757324219,287.6371154785156,287.57318115234375,287.5175476074219,287.46087646484375
289.87225341796875,290.01458740234375,290.23846435546875,290.2073669433594,289.92108154296875,289.78082275390625,289.8753662109375,289.87506103515625,289.709716796875,289.611328125,289.606201171875,289.5623474121094,289.4851989746094,289.42364501953125,289.3552551269531,289.2698974609375,289.1850891113281,289.1073303222656,289.0367736816406,288.9679260253906,288.9010009765625,288.8443298339844,288.7902526855469,288.7380065917969,288.702880859375,288.6716003417969,288.6302490234375,288.60101318359375,288.5770568847656,288.52886962890625,288.48431396484375,288.464599609375,288.42242431640625,288.3527526855469,288.30987548828125,288.2792053222656,288.21453857421875,288.1518249511719,288.12359619140625,288.0820007324219,288.0122375488281,287.9635925292969,287.932373046875,287.8748474121094
290.0940246582031,290.0789489746094,290.29241943359375,290.36297607421875,290.1242370605469,289.9366455078125,289.98187255859375,289.99688720703125,289.8705749511719,289.7498474121094,289.66522216796875,289.57763671875,289.51361083984375,289.4508361816406,289.3552551269531,289.2677001953125,289.19818115234375,289.1136169433594,289.0283508300781,288.9613952636719,288.8964538574219,288.8300476074219,288.77203369140625,288.7224426269531,288.67559814453125,288.6265869140625,288.58465576171875,288.5552978515625,288.5164794921875,288.4681091308594,288.4365539550781,288.40216064453125,288.34344482421875,288.3028869628906,288.2882080078125,288.2433166503906,288.18011474609375,288.1550598144531,288.135009765625,288.06951904296875,288.0043640136719,287.9804382324219,287.9508056640625,287.89007568359375
290.267578125,290.1750793457031,290.3059387207031,290.3838806152344,290.1788330078125,289.9150390625,289.81048583984375,289.8114929199219,289.8492431640625,289.8514709472656,289.7314758300781,289.584716796875,289.5281982421875,289.47210693359375,289.3597717285156,289.2803955078125,289.2310485839844,289.1423034667969,289.04815673828125,288.98822021484375,288.93035888671875,288.8652038574219,288.814208984375,288.7718505859375,288.7214050292969,288.6709899902344,288.63714599609375,288.6025390625,288.5473327636719,288.503662109375,288.4800109863281,288.4256896972656,288.35992431640625,288.3421325683594,288.31964111328125,288.24444580078125,288.19256591796875,288.18011474609375,288.1240234375,288.046142578125,288.0237121582031,288.013671875,287.9590148925781,287.9098815917969
290.2568664550781,290.283447265625,290.3642578125,290.3296813964844,290.0925598144531,289.8075256347656,289.62469482421875,289.6417236328125,289.88458251953125,290.1153564453125,290.09906005859375,289.9843444824219,289.95965576171875,289.9313659667969,289.8476257324219,289.8057556152344,289.7879638671875,289.73028564453125,289.6794738769531,289.6597595214844,289.62945556640625,289.58880615234375,289.5618896484375,289.54217529296875,289.51617431640625,289.4897766113281,289.4718933105469,289.4415283203125,289.3888854980469,289.35516357421875,289.3322448730469,289.2632751464844,289.1908264160156,289.160400390625,289.09088134765625,288.9783020019531,288.92547607421875,288.88458251953125,288.7720031738281,288.68487548828125,288.66534423828125,288.59796142578125,288.4889831542969,288.4436340332031
290.1580505371094,290.3262023925781,290.4449462890625,290.3736877441406,290.1903381347656,290.0356750488281,289.9403381347656,290.00390625,290.31292724609375,290.6319274902344,290.70953369140625,290.6748962402344,290.6946716308594,290.70147705078125,290.67486572265625,290.6826477050781,290.6917724609375,290.67376708984375,290.67291259765625,290.6824645996094,290.6739196777344,290.66082763671875,290.6506042480469,290.64459228515625,290.6440124511719,290.6348876953125,290.61895751953125,290.5972900390625,290.56036376953125,290.5296325683594,290.4985046386719,290.42755126953125,290.3580627441406,290.31658935546875,290.2275085449219,290.1119079589844,290.0533447265625,289.97467041015625,289.8292541503906,289.732177734375,289.6661376953125,289.5245056152344,289.3929748535156,289.3433837890625
290.2782897949219,290.4377746582031,290.5943298339844,290.61224365234375,290.5789794921875,290.5874938964844,290.5994567871094,290.65753173828125,290.8407287597656,291.02197265625,291.0721130371094,291.0860595703125,291.1341247558594,291.158935546875,291.17230224609375,291.207763671875,291.2256164550781,291.2269592285156,291.23870849609375,291.24041748046875,291.23626708984375,291.2387390136719,291.2256164550781,291.21453857421875,291.22296142578125,291.2113342285156,291.1827087402344,291.1673278808594,291.142822265625,291.107177734375,291.0744323730469,291.01983642578125,290.9609680175781,290.9197692871094,290.8459777832031,290.75152587890625,290.6877136230469,290.595947265625,290.4636535644531,290.37579345703125,290.29052734375,290.1517639160156,290.0552673339844,289.9990539550781
290.5860290527344,290.64520263671875,290.74127197265625,290.7874450683594,290.8009948730469,290.81890869140625,290.8233947753906,290.8343811035156,290.8852233886719,290.92724609375,290.9371032714844,290.96832275390625,291.0113525390625,291.02349853515625,291.036865234375,291.0659484863281,291.08013916015625,291.0916748046875,291.1048889160156,291.10101318359375,291.10687255859375,291.1223449707031,291.1100769042969,291.1037292480469,291.12347412109375,291.11480712890625,291.0889892578125,291.087646484375,291.07257080078125,291.0367126464844,291.0157165527344,290.981689453125,290.92431640625,290.8753356933594,290.81072998046875,290.7245788574219,290.6551513671875,290.57611083984375,290.4717712402344,290.3876647949219,290.30584716796875,290.2015380859375,290.11669921875,290.02978515625
290.6602478027344,290.6532897949219,290.6446838378906,290.614501953125,290.5630798339844,290.51336669921875,290.4817810058594,290.47918701171875,290.5010986328125,290.5179138183594,290.5198669433594,290.5201416015625,290.5072326660156,290.4784851074219,290.4618225097656,290.4542541503906,290.4400939941406,290.43402099609375,290.42938232421875,290.4125061035156,290.4081115722656,290.409912109375,290.3919982910156,290.3872375488281,290.40203857421875,290.3904113769531,290.37298583984375,290.379150390625,290.3656921386719,290.3345031738281,290.3233642578125,290.2986145019531,290.2476501464844,290.21038818359375,290.1658935546875,290.09228515625,290.03118896484375,289.9786071777344,289.8965148925781,289.8053283691406,289.72784423828125,289.64813232421875,289.5540771484375,289.453369140625
290.39910888671875,290.3768310546875,290.331787109375,290.2736511230469,290.21588134765625,290.1750183105469,290.1551818847656,290.1448974609375,290.13720703125,290.122802734375,290.0819396972656,290.0117492675781,289.9336853027344,289.8677673339844,289.8137512207031,289.75537109375,289.6880798339844,289.62371826171875,289.560546875,289.4920654296875,289.42706298828125,289.3642883300781,289.29998779296875,289.248779296875,289.20404052734375,289.1485290527344,289.10235595703125,289.0715637207031,289.02972412109375,288.98944091796875,288.9667663574219,288.9330139160156,288.896240234375,288.89007568359375,288.8816223144531,288.84136962890625,288.80755615234375,288.79058837890625,288.7547607421875,288.7059020996094,288.6780090332031,288.6627197265625,288.62847900390625,288.5893859863281
290.1291198730469,290.1103515625,290.09246826171875,290.0793151855469,290.0678405761719,290.0553283691406,290.0351867675781,289.9913330078125,289.9283142089844,289.862060546875,289.7852478027344,289.6960144042969,289.6145324707031,289.5410461425781,289.4592590332031,289.36895751953125,289.273193359375,289.1700744628906,289.0655212402344,288.9595642089844,288.84283447265625,288.7199401855469,288.6028137207031,288.48724365234375,288.3679504394531,288.256591796875,288.1572265625,288.056396484375,287.958984375,287.88385009765625,287.8204345703125,287.75286865234375,287.7015380859375,287.6804504394531,287.6668701171875,287.64752197265625,287.6352844238281,287.6410827636719,287.6625671386719,287.6908264160156,287.7275085449219,287.78131103515625,287.837646484375,287.8822326660156
289.9378967285156,289.93359375,289.9322204589844,289.9369201660156,289.9275817871094,289.8963623046875,289.8604736328125,289.81964111328125,289.7668151855469,289.7114562988281,289.65838623046875,289.60784912109375,289.55810546875,289.489990234375,289.4004211425781,289.3157653808594,289.2360534667969,289.1427307128906,289.0473327636719,288.9541320800781,288.8414306640625,288.7164001464844,288.5963439941406,288.46466064453125,288.32110595703125,288.1919860839844,288.0656433105469,287.9219665527344,287.78662109375,287.6728820800781,287.55902099609375,287.4502868652344,287.36163330078125,287.28076171875,287.2158508300781,287.1841735839844,287.16119384765625,287.1429443359375,287.1656799316406,287.212646484375,287.2469787597656,287.29937744140625,287.3879089355469,287.4720458984375
289.5808410644531,289.59063720703125,289.58050537109375,289.57159423828125,289.5558166503906,289.527587890625,289.5119934082031,289.51055908203125,289.50067138671875,289.478759765625,289.4496154785156,289.4137878417969,289.37066650390625,289.31146240234375,289.2410583496094,289.1800537109375,289.1186828613281,289.0379333496094,288.9557189941406,288.8787841796875,288.78533935546875,288.685302734375,288.59375,288.48565673828125,288.358642578125,288.2409362792969,288.12109375,287.98492431640625,287.8569641113281,287.7334289550781,287.5947265625,287.4695129394531,287.3670654296875,287.2531433105469,287.14788818359375,287.0848693847656,287.02294921875,286.9494934082031,286.9191589355469,286.9209899902344,286.9109191894531,286.9288330078125,287.00360107421875,287.08837890625
288.919677734375,288.9269104003906,288.9114685058594,288.9035949707031,288.90692138671875,288.9101257324219,288.9158935546875,288.91668701171875,288.90582275390625,288.89306640625,288.873779296875,288.83843994140625,288.8004455566406,288.7664794921875,288.7265930175781,288.6800537109375,288.62384033203125,288.5528564453125,288.48101806640625,288.4129333496094,288.3349304199219,288.2554931640625,288.1834716796875,288.0968933105469,287.99365234375,287.896240234375,287.7971496582031,287.6884765625,287.5876159667969,287.4826354980469,287.3560485839844,287.24017333984375,287.1463928222656,287.0380554199219,286.92193603515625,286.82720947265625,286.7310791015625,286.6268310546875,286.5523376464844,286.5022277832031,286.4548645019531,286.439453125,286.464599609375,286.4990234375
287.94091796875,287.9351501464844,287.92620849609375,287.9248352050781,287.9261779785156,287.92584228515625,287.92169189453125,287.9049987792969,287.8888854980469,287.894775390625,287.90325927734375,287.8915100097656,287.87847900390625,287.8719177246094,287.8485107421875,287.8091125488281,287.7722473144531,287.7348937988281,287.6925048828125,287.6504211425781,287.6050109863281,287.5529479980469,287.49542236328125,287.4276428222656,287.3558044433594,287.2920837402344,287.2245788574219,287.1431884765625,287.0636291503906,286.986572265625,286.8957824707031,286.8013000488281,286.7150573730469,286.6213073730469,286.5146484375,286.4096984863281,286.3096923828125,286.2127990722656,286.1190490722656,286.02374267578125,285.93609619140625,285.8685607910156,285.8068542480469,285.75018310546875
