earth/public/data/atmosphere/C53/ANN-tsw-surface-level-gfs-1.0.json
{"header": {"discipline": 0, "disciplineName": "Meteorological products", "gribEdition": 2, "gribLength": 131138.0, "center": 0, "centerName": "Kiel Climate Model", "subcenter": 0, "refTime": "1", "significanceOfRT": 1, "significanceOfRTName": "Start of forecast", "productStatus": 0, "productStatusName": "Operational products", "productType": 1, "productTypeName": "Forecast products", "productDefinitionTemplate": 0, "productDefinitionTemplateName": "Analysis/forecast at horizontal level/layer at a point in time", "parameterCategory": 2, "parameterCategoryName": "Momentum", "parameterNumber": 2, "parameterNumberName": "U-component_of_wind", "parameterUnit": "K", "genProcessType": 2, "genProcessTypeName": "Forecast", "forecastTime": 0, "surface1Type": 103, "surface1TypeName": "Specified height level above ground", "surface1Value": 10, "surface2Type": 255, "surface2TypeName": "Missing", "surface2Value": 0, "gridDefinitionTemplate": 0, "gridDefinitionTemplateName": "Latitude_Longitude", "numberPoints": 65160, "shape": 6, "shapeName": "Earth spherical with radius of 6,371,229.0 m", "gridUnits": "degrees", "resolution": 48, "winds": "true", "scanMode": 0, "nx": 360.0, "ny": 180.0, "basicAngle": 0, "subDivisions": 0, "lo1": 0.0, "la1": -89.5, "lo2": 359.0, "la2": 89.5, "dx": 1.0, "dy": -1.0}, "data":
[rows 105 to 125 of 180, columns 240 to 287 of 360]
304.71295166015625,304.7095031738281,304.7076110839844,304.70391845703125,304.69720458984375,304.6935119628906,304.6847229003906,304.66876220703125,304.6526184082031,304.6392822265625,304.6319580078125,304.6275329589844,304.6194763183594,304.6150817871094,304.6056823730469,304.588623046875,304.5792541503906,304.5666198730469,304.54364013671875,304.531005859375,304.530517578125,304.5296325683594,304.52734375,304.52410888671875,304.5223083496094,304.5073547363281,304.4801330566406,304.4651794433594,304.460205078125,304.45123291015625,304.4462890625,304.45660400390625,304.47540283203125,304.4857177734375,304.49224853515625,304.5041198730469,304.51068115234375,304.523193359375,304.54595947265625,304.5833740234375,304.6285705566406,304.6534118652344,304.665283203125,304.6867980957031,304.69866943359375,304.6990051269531,304.69964599609375,304.70001220703125
304.521728515625,304.51568603515625,304.5122375488281,304.5079040527344,304.5001220703125,304.4958190917969,304.48699951171875,304.47100830078125,304.4551086425781,304.4421691894531,304.43505859375,304.431396484375,304.4246520996094,304.4209899902344,304.4128723144531,304.39794921875,304.38983154296875,304.3790588378906,304.35919189453125,304.3484191894531,304.3479919433594,304.34722900390625,304.3426208496094,304.3353576660156,304.3311767578125,304.3167724609375,304.2904968261719,304.2760925292969,304.27557373046875,304.2739562988281,304.2734375,304.2860107421875,304.30853271484375,304.32110595703125,304.32586669921875,304.33477783203125,304.33953857421875,304.3521423339844,304.375,304.4145202636719,304.4631652832031,304.4900817871094,304.50152587890625,304.52239990234375,304.5338439941406,304.5348815917969,304.5366516113281,304.5376892089844
304.1742248535156,304.16302490234375,304.156982421875,304.151611328125,304.1417236328125,304.1363525390625,304.12750244140625,304.1114501953125,304.095947265625,304.08380126953125,304.07708740234375,304.0747375488281,304.0705261230469,304.0681457519531,304.0621337890625,304.0514221191406,304.04541015625,304.0377502441406,304.02410888671875,304.0164489746094,304.01611328125,304.01556396484375,304.007080078125,303.9918518066406,303.9836730957031,303.9701843261719,303.94580078125,303.93231201171875,303.9391784667969,303.95233154296875,303.9591979980469,303.97552490234375,304.0054931640625,304.0218200683594,304.02362060546875,304.026611328125,304.0284118652344,304.04107666015625,304.0641784667969,304.10723876953125,304.16278076171875,304.1931457519531,304.2038879394531,304.223388671875,304.2341613769531,304.236328125,304.2403564453125,304.2425231933594
303.9830017089844,303.9692077636719,303.96160888671875,303.9555969238281,303.94464111328125,303.9386291503906,303.9297790527344,303.9136962890625,303.8984069824219,303.88665771484375,303.8802185058594,303.87860107421875,303.87567138671875,303.87408447265625,303.86932373046875,303.8607177734375,303.8559875488281,303.8501892089844,303.8396301269531,303.8338623046875,303.8336181640625,303.8331604003906,303.8223571777344,303.8031005859375,303.7925109863281,303.77960205078125,303.75616455078125,303.7432556152344,303.7545471191406,303.7750549316406,303.7863464355469,303.8049011230469,303.8386535644531,303.8572082519531,303.85723876953125,303.8572692871094,303.8572692871094,303.8700256347656,303.8931884765625,303.9383850097656,303.99737548828125,304.0298156738281,304.0401611328125,304.0589904785156,304.0693359375,304.0721740722656,304.07733154296875,304.0802001953125
303.75616455078125,303.7357177734375,303.7241516113281,303.7179260253906,303.7066345214844,303.7004089355469,303.6910400390625,303.674072265625,303.6554870605469,303.6391296386719,303.6298828125,303.62640380859375,303.6203918457031,303.616943359375,303.6117248535156,303.6022644042969,303.5970458984375,303.5897216796875,303.57666015625,303.5693664550781,303.56756591796875,303.5645751953125,303.5525207519531,303.5338134765625,303.5235595703125,303.5109558105469,303.488037109375,303.4754638671875,303.48590087890625,303.5050048828125,303.5154724121094,303.5326232910156,303.5640563964844,303.58123779296875,303.5771179199219,303.5702819824219,303.566162109375,303.57427978515625,303.58978271484375,303.6323547363281,303.6947021484375,303.72918701171875,303.7458801269531,303.77532958984375,303.7920227050781,303.80023193359375,303.8143310546875,303.822509765625
303.3443603515625,303.31060791015625,303.2923889160156,303.2857971191406,303.2738342285156,303.26727294921875,303.25701904296875,303.23834228515625,303.2142333984375,303.1885681152344,303.1747131347656,303.16815185546875,303.1559753417969,303.1494445800781,303.14337158203125,303.1322937011719,303.126220703125,303.11639404296875,303.0982971191406,303.0884704589844,303.0841369628906,303.07598876953125,303.0619201660156,303.04425048828125,303.0345153808594,303.0224609375,303.0006103515625,302.9885559082031,302.9975891113281,303.0138854980469,303.0229187011719,303.03778076171875,303.0645751953125,303.07940673828125,303.0684509277344,303.0478515625,303.036865234375,303.0373229980469,303.03741455078125,303.0756530761719,303.14471435546875,303.18255615234375,303.2098693847656,303.260498046875,303.287841796875,303.3049621582031,303.3368835449219,303.35400390625
302.8191223144531,302.7742614746094,302.7493591308594,302.7406311035156,302.72503662109375,302.71630859375,302.7021484375,302.67694091796875,302.6422119140625,302.6053466796875,302.5847473144531,302.5754089355469,302.55859375,302.54925537109375,302.5420837402344,302.52911376953125,302.5219421386719,302.5052795410156,302.4757995605469,302.45916748046875,302.4488830566406,302.4308776855469,302.412841796875,302.3984069824219,302.390625,302.3783264160156,302.35601806640625,302.3437194824219,302.3458251953125,302.3506164550781,302.35272216796875,302.3648681640625,302.38714599609375,302.3992919921875,302.38970947265625,302.37139892578125,302.3617858886719,302.3605041503906,302.3576965332031,302.3944091796875,302.4638366699219,302.5018615722656,302.53790283203125,302.60308837890625,302.63916015625,302.66741943359375,302.7179260253906,302.74615478515625
302.2769775390625,302.2231750488281,302.1938171386719,302.18182373046875,302.15972900390625,302.1477355957031,302.1279296875,302.0914306640625,302.04443359375,301.99444580078125,301.9672546386719,301.95635986328125,301.9364013671875,301.9255065917969,301.91729736328125,301.90228271484375,301.8940734863281,301.8685607910156,301.82135009765625,301.79583740234375,301.77825927734375,301.74566650390625,301.7230224609375,301.7140197753906,301.7089538574219,301.6956787109375,301.6714782714844,301.658203125,301.65020751953125,301.63470458984375,301.626708984375,301.63665771484375,301.6545715332031,301.6645202636719,301.6640930175781,301.6640930175781,301.6636657714844,301.66717529296875,301.67401123046875,301.7124938964844,301.7758483886719,301.81085205078125,301.850830078125,301.9239196777344,301.96392822265625,302.0018310546875,302.0716247558594,302.1095275878906
301.9786071777344,301.9203186035156,301.88824462890625,301.8742980957031,301.84893798828125,301.8349914550781,301.81182861328125,301.7696533203125,301.71533203125,301.65875244140625,301.6276550292969,301.6158142089844,301.5942687988281,301.5824279785156,301.5736083984375,301.5575866699219,301.54876708984375,301.5179138183594,301.46185302734375,301.4309997558594,301.4090576171875,301.369140625,301.34375,301.33746337890625,301.3340148925781,301.3201904296875,301.2950134277344,301.28118896484375,301.26708984375,301.2414855957031,301.2273864746094,301.2360534667969,301.2517395019531,301.2604064941406,301.26544189453125,301.2746276855469,301.2796936035156,301.2861022949219,301.2977294921875,301.3373107910156,301.3976135253906,301.4307861328125,301.4731750488281,301.5502014160156,301.5925598144531,301.6362609863281,301.7156677246094,301.7593688964844
301.6280822753906,301.5647277832031,301.5296630859375,301.5113525390625,301.4787292480469,301.46044921875,301.4324645996094,301.38232421875,301.3196716308594,301.2572021484375,301.2225341796875,301.2091064453125,301.1849670410156,301.17156982421875,301.1604919433594,301.1406555175781,301.12957763671875,301.0931701660156,301.02783203125,300.9914245605469,300.96588134765625,300.9199523925781,300.89312744140625,300.89044189453125,300.88916015625,300.87567138671875,300.85107421875,300.83758544921875,300.8179931640625,300.7832336425781,300.763671875,300.7713317871094,300.7854309082031,300.7931213378906,300.8067321777344,300.8302001953125,300.84381103515625,300.8546142578125,300.87359619140625,300.9124755859375,300.96429443359375,300.99237060546875,301.0328369140625,301.10675048828125,301.147216796875,301.1961669921875,301.28436279296875,301.33331298828125
300.99127197265625,300.91778564453125,300.87762451171875,300.8520812988281,300.8049621582031,300.7794189453125,300.74346923828125,300.6773681640625,300.600830078125,300.52655029296875,300.4859619140625,300.4699401855469,300.4405517578125,300.4245300292969,300.40966796875,300.3822937011719,300.367431640625,300.3217468261719,300.23785400390625,300.19219970703125,300.16064453125,300.1027526855469,300.073486328125,300.0780029296875,300.080322265625,300.0673828125,300.0439453125,300.031005859375,300.0022888183594,299.94921875,299.92047119140625,299.9265441894531,299.93743896484375,299.9435119628906,299.9714050292969,300.02337646484375,300.05126953125,300.0694274902344,300.10308837890625,300.1408386230469,300.1756591796875,300.19525146484375,300.2325744628906,300.3002014160156,300.3375549316406,300.395263671875,300.5009765625,300.5586853027344
300.6407470703125,300.5622253417969,300.5190124511719,300.4891052246094,300.43475341796875,300.40484619140625,300.3641052246094,300.2900390625,300.2051696777344,300.1249694824219,300.0808410644531,300.0632629394531,300.03125,300.0136413574219,299.99652099609375,299.9653625488281,299.9482421875,299.8970031738281,299.8038635253906,299.75262451171875,299.71746826171875,299.653564453125,299.6228942871094,299.6309814453125,299.63543701171875,299.62286376953125,299.6000061035156,299.5874328613281,299.5531921386719,299.490966796875,299.4567565917969,299.46185302734375,299.47113037109375,299.4762268066406,299.5126647949219,299.5789489746094,299.6153869628906,299.637939453125,299.678955078125,299.71600341796875,299.7423400878906,299.7568054199219,299.7922668457031,299.85675048828125,299.8922119140625,299.9552001953125,300.0696716308594,300.13262939453125
300.31292724609375,300.2302551269531,300.1845703125,300.1518249511719,300.09271240234375,300.0599670410156,300.0186462402344,299.9436340332031,299.8572998046875,299.7755432128906,299.73052978515625,299.70928955078125,299.6712646484375,299.6500549316406,299.63043212890625,299.5951232910156,299.57550048828125,299.5261535644531,299.43609619140625,299.38671875,299.3527526855469,299.290771484375,299.2599182128906,299.26580810546875,299.2689208984375,299.2559814453125,299.2325439453125,299.2196350097656,299.1860046386719,299.12481689453125,299.0911865234375,299.093994140625,299.0994567871094,299.1022644042969,299.13427734375,299.1931457519531,299.22515869140625,299.24224853515625,299.2742004394531,299.3043212890625,299.32818603515625,299.3411865234375,299.38116455078125,299.45318603515625,299.4931335449219,299.55908203125,299.678466796875,299.744384765625
299.7172546386719,299.62628173828125,299.57647705078125,299.5389709472656,299.47039794921875,299.43292236328125,299.3906555175781,299.313720703125,299.2248840332031,299.1401062011719,299.0935363769531,299.0662841796875,299.0162048339844,298.9889831542969,298.9652099609375,298.9216003417969,298.8978271484375,298.8515625,298.7677001953125,298.721435546875,298.68939208984375,298.63134765625,298.6001892089844,298.6015930175781,298.60247802734375,298.5889892578125,298.56439208984375,298.5509033203125,298.518310546875,298.45916748046875,298.42657470703125,298.425537109375,298.42333984375,298.4223327636719,298.44696044921875,298.49102783203125,298.5156555175781,298.523681640625,298.53741455078125,298.5559997558594,298.5749816894531,298.5855407714844,298.6330261230469,298.7200622558594,298.767578125,298.83837890625,298.9676208496094,299.0384521484375
299.3894348144531,299.2943420410156,299.24200439453125,299.2016906738281,299.12835693359375,299.0880126953125,299.0451965332031,298.9673156738281,298.87701416015625,298.7906799316406,298.7431945800781,298.71234130859375,298.65625,298.6253967285156,298.59912109375,298.5513610839844,298.52508544921875,298.4806823730469,298.39996337890625,298.3555603027344,298.3246765136719,298.2685546875,298.2372131347656,298.23638916015625,298.2359313964844,298.22210693359375,298.1969299316406,298.18310546875,298.151123046875,298.0929870605469,298.06103515625,298.0577087402344,298.05169677734375,298.0483703613281,298.06854248046875,298.1052551269531,298.12542724609375,298.12799072265625,298.1326599121094,298.1443176269531,298.16082763671875,298.169921875,298.221923828125,298.3164978027344,298.3684997558594,298.4422607421875,298.5763854980469,298.6501770019531
299.120849609375,299.025146484375,298.9725036621094,298.9334716796875,298.8623046875,298.8232727050781,298.785888671875,298.7171325683594,298.6360778808594,298.55609130859375,298.5124206542969,298.4794921875,298.419921875,298.38702392578125,298.3600769042969,298.3111877441406,298.28424072265625,298.2442626953125,298.1708679199219,298.1308898925781,298.1001892089844,298.0443420410156,298.0065612792969,297.99468994140625,297.9875793457031,297.9705505371094,297.9400329589844,297.9230041503906,297.8931579589844,297.8385925292969,297.8087463378906,297.8031005859375,297.793212890625,297.7875671386719,297.7987060546875,297.8203125,297.8314514160156,297.82867431640625,297.8244323730469,297.8344421386719,297.8571472167969,297.8699645996094,297.9254455566406,298.0257873535156,298.081298828125,298.146728515625,298.2669677734375,298.3323974609375
298.632568359375,298.53570556640625,298.4824523925781,298.4455871582031,298.3787841796875,298.3419189453125,298.31365966796875,298.2630615234375,298.1974792480469,298.13018798828125,298.09283447265625,298.05645751953125,297.989990234375,297.9535827636719,297.925537109375,297.8743896484375,297.8463439941406,297.8136901855469,297.7550354003906,297.722412109375,297.6920166015625,297.6367492675781,297.58819580078125,297.55419921875,297.53607177734375,297.513671875,297.47247314453125,297.4501037597656,297.4237976074219,297.3763427734375,297.3500671386719,297.3405456542969,297.3228759765625,297.3133544921875,297.3094482421875,297.3009033203125,297.2969970703125,297.2852783203125,297.2632141113281,297.2705078125,297.30560302734375,297.3245849609375,297.3858642578125,297.497802734375,297.55908203125,297.61065673828125,297.703125,297.7546691894531
298.0669250488281,297.9743347167969,297.92364501953125,297.8897705078125,297.82794189453125,297.7940979003906,297.7730712890625,297.734619140625,297.6813659667969,297.62255859375,297.5903015136719,297.5521240234375,297.4826965332031,297.44451904296875,297.417236328125,297.3674621582031,297.3401794433594,297.31591796875,297.2711486816406,297.2468566894531,297.2173767089844,297.1636657714844,297.10565185546875,297.0543212890625,297.0257568359375,296.9985656738281,296.9493103027344,296.9220886230469,296.89990234375,296.8592834472656,296.83709716796875,296.8249206542969,296.8028564453125,296.7906799316406,296.775146484375,296.7472839355469,296.73175048828125,296.7144470214844,296.6830139160156,296.6872253417969,296.72650146484375,296.74798583984375,296.80419921875,296.90765380859375,296.9638366699219,296.99676513671875,297.0581970214844,297.09112548828125
297.5263977050781,297.4435119628906,297.397705078125,297.36663818359375,297.3104248046875,297.2793884277344,297.2613830566406,297.2289123535156,297.1808166503906,297.12628173828125,297.09619140625,297.0585021972656,296.9900207519531,296.95233154296875,296.9275207519531,296.88262939453125,296.85784912109375,296.840087890625,296.8084411621094,296.79071044921875,296.7624816894531,296.7112731933594,296.6482238769531,296.5843200683594,296.5495300292969,296.51959228515625,296.4649353027344,296.43499755859375,296.4161071777344,296.3820495605469,296.3631591796875,296.3504333496094,296.3272399902344,296.31451416015625,296.2947082519531,296.25836181640625,296.23858642578125,296.2208251953125,296.1885681152344,296.1903076171875,296.22552490234375,296.2449951171875,296.28692626953125,296.3618469238281,296.4037780761719,296.4195556640625,296.4466552734375,296.4624328613281
297.2293701171875,297.1513366699219,297.1083984375,297.07904052734375,297.0256652832031,296.9963073730469,296.9801025390625,296.9506530761719,296.9056091308594,296.85321044921875,296.82440185546875,296.7870178222656,296.7190246582031,296.681640625,296.6582946777344,296.6158752441406,296.592529296875,296.5787353515625,296.5536193847656,296.5398254394531,296.5123291015625,296.4623718261719,296.39630126953125,296.326171875,296.2875671386719,296.2560119628906,296.19866943359375,296.1671142578125,296.1501770019531,296.1194152832031,296.10247802734375,296.08941650390625,296.065673828125,296.0526123046875,296.0302734375,295.9896545410156,295.9673156738281,295.9493103027344,295.9166259765625,295.9169006347656,295.9501037597656,295.9683532714844,296.001708984375,296.0623779296875,296.09576416015625,296.1012268066406,296.1111755371094,296.11663818359375
296.8525390625,296.7838134765625,296.7464599609375,296.7181091308594,296.6664123535156,296.6380920410156,296.619140625,296.5850830078125,296.5365295410156,296.4827880859375,296.4531555175781,296.4176330566406,296.35272216796875,296.31719970703125,296.2940673828125,296.251953125,296.22882080078125,296.2127990722656,296.18402099609375,296.1679992675781,296.1397399902344,296.0885009765625,296.0255126953125,295.9617919921875,295.92706298828125,295.90118408203125,295.8533020019531,295.8274230957031,295.81158447265625,295.78265380859375,295.766845703125,295.74871826171875,295.716552734375,295.69842529296875,295.6741638183594,295.63031005859375,295.6060485839844,295.5932312011719,295.5691833496094,295.57611083984375,295.6117858886719,295.63153076171875,295.6576232910156,295.7062072753906,295.7323303222656,295.73504638671875,295.7404479980469,295.7431945800781
