earth/public/data/atmosphere/C53/ANN-rh-isobaric-1000hPa-gfs-1.0.json
{"header": {"discipline": 0, "disciplineName": "Meteorological products", "gribEdition": 2, "gribLength": 17922.0, "center": 0, "centerName": "Kiel Climate Model", "subcenter": 0, "refTime": "1", "significanceOfRT": 1, "significanceOfRTName": "Start of forecast", "productStatus": 0, "productStatusName": "Operational products", "productType": 1, "productTypeName": "Forecast products", "productDefinitionTemplate": 0, "productDefinitionTemplateName": "Analysis/forecast at horizontal level/layer at a point in time", "parameterCategory": 2, "parameterCategoryName": "Momentum", "parameterNumber": 2, "parameterNumberName": "U-component_of_wind", "parameterUnit": "%", "genProcessType": 2, "genProcessTypeName": "Forecast", "forecastTime": 0, "surface1Type": 103, "surface1TypeName": "Specified height level above ground", "surface1Value": 10, "surface2Type": 255, "surface2TypeName": "Missing", "surface2Value": 0, "gridDefinitionTemplate": 0, "gridDefinitionTemplateName": "Latitude_Longitude", "numberPoints": 65160, "shape": 6, "shapeName": "Earth spherical with radius of 6,371,229.0 m", "gridUnits": "degrees", "resolution": 48, "winds": "true", "scanMode": 0, "nx": 128.0, "ny": 64.0, "basicAngle": 0, "subDivisions": 0, "lo1": 0.0, "la1": 87.86379883923263, "lo2": 357.1875, "la2": -87.86379883923263, "dx": 2.8125, "dy": 2.7893269472772264}, "data":
[rows 38 to 56 of 64, columns 43 to 85 of 128]
0.7916252613067627,0.7930756211280823,0.7935612797737122,0.7925571203231812,0.7945408821105957,0.7966487407684326,0.7968311905860901,0.7977424263954163,0.7978270053863525,0.7959186434745789,0.7955513000488281,0.7957311868667603,0.79299396276474,0.7903662323951721,0.7906837463378906,0.7905440330505371,0.7884228825569153,0.7883474230766296,0.7914783954620361,0.7915347218513489,0.7856170535087585,0.782852828502655,0.787381112575531,0.7863012552261353,0.7759055495262146,0.7721543908119202,0.7765135765075684,0.7739685773849487,0.7675751447677612,0.7673649191856384,0.7667354345321655,0.7639376521110535,0.7649855017662048,0.7631980180740356,0.7591184377670288,0.764224648475647,0.7674367427825928,0.7596520185470581,0.7623081207275391,0.77540123462677,0.7730108499526978,0.7669343948364258,0.777611255645752
0.7843090295791626,0.7886039018630981,0.7926060557365417,0.7899628281593323,0.7871707081794739,0.7906743884086609,0.7956096529960632,0.7948041558265686,0.7902829647064209,0.7899038195610046,0.7936987280845642,0.7937618494033813,0.7903814911842346,0.7915821075439453,0.7955226898193359,0.7943456172943115,0.7914635539054871,0.7942939400672913,0.7989978194236755,0.7991783618927002,0.7978472113609314,0.7982980012893677,0.7958012223243713,0.7896124720573425,0.7892325520515442,0.7958348989486694,0.796200156211853,0.7883879542350769,0.785717248916626,0.7876611948013306,0.7833436727523804,0.7775896787643433,0.7768000364303589,0.7745319604873657,0.7722761631011963,0.7740985751152039,0.7702256441116333,0.7641469836235046,0.7702223658561707,0.7733336091041565,0.761289119720459,0.7608151435852051,0.7748646140098572
0.7797632813453674,0.7800344824790955,0.7820397019386292,0.7818852066993713,0.7796429991722107,0.7794607877731323,0.7808531522750854,0.7801472544670105,0.7789425253868103,0.7816386818885803,0.7858973741531372,0.78656005859375,0.7864764332771301,0.7902868986129761,0.7940177917480469,0.7944179773330688,0.7961733937263489,0.7992467284202576,0.7975585460662842,0.7949588298797607,0.7996994256973267,0.8055740594863892,0.8033785223960876,0.8012874126434326,0.8080211877822876,0.8120013475418091,0.803897500038147,0.7976309061050415,0.8027106523513794,0.8051949739456177,0.7984938621520996,0.7954452633857727,0.7974138855934143,0.7941158413887024,0.7891885042190552,0.7873289585113525,0.7825254201889038,0.7793271541595459,0.7824182510375977,0.7775211930274963,0.7669280171394348,0.7720106244087219,0.779298722743988
0.7708180546760559,0.7660267353057861,0.7641767859458923,0.7676533460617065,0.7706360220909119,0.7698671817779541,0.7692934274673462,0.7723016142845154,0.7767398357391357,0.7789562344551086,0.7784255743026733,0.7780413031578064,0.7804232239723206,0.7836094498634338,0.7845802307128906,0.78658127784729,0.7932934165000916,0.7987233996391296,0.7970530390739441,0.7952737212181091,0.7999157309532166,0.8043440580368042,0.804499626159668,0.8075340986251831,0.8127204775810242,0.8098804950714111,0.8037036657333374,0.8079767823219299,0.8159705400466919,0.8126097321510315,0.8062679767608643,0.8103213310241699,0.8141493201255798,0.8077470064163208,0.8026390075683594,0.8037835359573364,0.8016929626464844,0.7978639006614685,0.7969678640365601,0.7928404808044434,0.7892833948135376,0.7931034564971924,0.7894701957702637
0.7725573778152466,0.7723995447158813,0.7698184251785278,0.7706922292709351,0.7725539207458496,0.7712541222572327,0.7700923681259155,0.7725275754928589,0.7747461795806885,0.7728089094161987,0.769867479801178,0.7708308696746826,0.7749187350273132,0.7776776552200317,0.7779562473297119,0.7790176868438721,0.7826745510101318,0.7868912816047668,0.7906092405319214,0.7946017384529114,0.7967372536659241,0.7953936457633972,0.7956981658935547,0.8007532954216003,0.8036079406738281,0.8017253875732422,0.8052323460578918,0.8153497576713562,0.8170480132102966,0.8087040185928345,0.8083000183105469,0.817416787147522,0.817734956741333,0.8097915053367615,0.8108378648757935,0.817461371421814,0.8151740431785583,0.8093105554580688,0.8090046048164368,0.8088496923446655,0.8070628643035889,0.8060665130615234,0.7998206615447998
0.7812421321868896,0.7849763631820679,0.7838396430015564,0.7820260524749756,0.7815136909484863,0.7814772725105286,0.7819429039955139,0.7820112705230713,0.7799146175384521,0.7776406407356262,0.7790282368659973,0.7828876972198486,0.7850243449211121,0.7857213616371155,0.7877930998802185,0.7895834445953369,0.7879621982574463,0.786058247089386,0.7892407178878784,0.7949427366256714,0.796280026435852,0.7947434186935425,0.7974622845649719,0.8028780221939087,0.8039463758468628,0.8036652207374573,0.8089009523391724,0.8131058812141418,0.8079962134361267,0.804054856300354,0.8123081922531128,0.8198071718215942,0.8137208819389343,0.8083524703979492,0.8162869215011597,0.8222936987876892,0.8157799243927002,0.812012255191803,0.818049430847168,0.8198654651641846,0.8145051598548889,0.8127135038375854,0.8138659000396729
0.7814059257507324,0.778989851474762,0.779265820980072,0.7804907560348511,0.7818608283996582,0.7848778367042542,0.7895342707633972,0.7923595905303955,0.7922698259353638,0.7940174341201782,0.7999815344810486,0.804127037525177,0.8016591668128967,0.7983022928237915,0.8010718822479248,0.8063651919364929,0.8069838285446167,0.8045676350593567,0.8047865033149719,0.806472659111023,0.8060440421104431,0.8062995672225952,0.8101831078529358,0.8130607604980469,0.8116450309753418,0.8112549781799316,0.8140538930892944,0.8132465481758118,0.8091862797737122,0.8128311038017273,0.8227100372314453,0.8228965997695923,0.8139761090278625,0.8149348497390747,0.8257203698158264,0.8259221911430359,0.8164076209068298,0.8184126019477844,0.8298307657241821,0.8295645713806152,0.8207118511199951,0.8226410150527954,0.8316684365272522
0.7946169972419739,0.7907629609107971,0.7926292419433594,0.7929558157920837,0.7884286046028137,0.7851949334144592,0.7884039282798767,0.7942639589309692,0.7974759936332703,0.7996777892112732,0.8041006326675415,0.8079699277877808,0.8076145052909851,0.8060643672943115,0.8082790374755859,0.8132132291793823,0.8169713020324707,0.8191980123519897,0.8207751512527466,0.82045978307724,0.8187173008918762,0.8189309239387512,0.821006178855896,0.8210646510124207,0.8199487924575806,0.8224666118621826,0.8268400430679321,0.8271539807319641,0.8262224793434143,0.8305657505989075,0.834715723991394,0.8300856351852417,0.824974536895752,0.8315881490707397,0.8403416872024536,0.835834264755249,0.8279255032539368,0.8338464498519897,0.843410849571228,0.8385059237480164,0.8297823667526245,0.8358777761459351,0.8465034365653992
0.8308877348899841,0.8370386958122253,0.8397737145423889,0.8316342234611511,0.8136411905288696,0.7983179092407227,0.7955469489097595,0.8012398481369019,0.8048532009124756,0.8033961653709412,0.8023688197135925,0.8060439825057983,0.8127186894416809,0.8184630870819092,0.8212839365005493,0.8219618201255798,0.8230147361755371,0.82597416639328,0.829193651676178,0.8304628729820251,0.8310291767120361,0.8332871198654175,0.8359122276306152,0.8365351557731628,0.8372802734375,0.8410135507583618,0.844657301902771,0.844122052192688,0.8424009680747986,0.8437312245368958,0.8448717594146729,0.8426592350006104,0.8427965641021729,0.8487259745597839,0.8517215251922607,0.8464333415031433,0.8434166312217712,0.8498032689094543,0.8537698984146118,0.846888542175293,0.8424379229545593,0.8505263924598694,0.8570556640625
0.858491063117981,0.8709391355514526,0.8737850785255432,0.8624929189682007,0.8417274951934814,0.8241569995880127,0.818990170955658,0.8231772780418396,0.8265648484230042,0.8240761756896973,0.8198155164718628,0.8201161623001099,0.8258575797080994,0.8324786424636841,0.8357303142547607,0.8359057903289795,0.836288571357727,0.838420569896698,0.8406692147254944,0.8418368697166443,0.8435654640197754,0.8471963405609131,0.8508129119873047,0.8523109555244446,0.8529326319694519,0.8543477654457092,0.855013906955719,0.8534749746322632,0.8522207736968994,0.8537570238113403,0.85619056224823,0.8571635484695435,0.8578590750694275,0.8587591648101807,0.8573837876319885,0.854769229888916,0.8562411665916443,0.8609136343002319,0.8607545495033264,0.8554860949516296,0.8552513718605042,0.8618696928024292,0.8633244633674622
0.8673243522644043,0.8774938583374023,0.8826634883880615,0.8790953159332275,0.868565559387207,0.8572496771812439,0.8508696556091309,0.8502057194709778,0.8515177965164185,0.8509896993637085,0.848063051700592,0.8447279930114746,0.8427804708480835,0.842542827129364,0.8437745571136475,0.8465683460235596,0.8505538105964661,0.8538939952850342,0.8545916676521301,0.8530592918395996,0.8519564867019653,0.8528442978858948,0.8544864058494568,0.8553364872932434,0.8559343218803406,0.8574042916297913,0.8593089580535889,0.8607733845710754,0.8621873259544373,0.8639589548110962,0.8651098012924194,0.8648362755775452,0.8638884425163269,0.8631028532981873,0.8625806570053101,0.8630410432815552,0.8650000095367432,0.8662184476852417,0.8641695380210876,0.8612404465675354,0.8618782758712769,0.8644726872444153,0.8634904026985168
0.8782892227172852,0.8844017386436462,0.8909313082695007,0.8940430879592896,0.8922033905982971,0.886334240436554,0.8792041540145874,0.8738853335380554,0.8717809915542603,0.8717328310012817,0.8711659908294678,0.8683779239654541,0.8639557957649231,0.8602036833763123,0.8592491149902344,0.861355185508728,0.8645954132080078,0.8662053346633911,0.8648003339767456,0.8615542650222778,0.8589451313018799,0.8583084344863892,0.8590422868728638,0.8601377606391907,0.8615574836730957,0.8636624217033386,0.8660852313041687,0.8679024577140808,0.8684901595115662,0.8677695393562317,0.8661789894104004,0.8648126125335693,0.8648505806922913,0.8662959337234497,0.8678284287452698,0.8682295083999634,0.867398738861084,0.866065263748169,0.865310788154602,0.8659010529518127,0.8669334650039673,0.8662260174751282,0.8639249801635742
0.8976824283599854,0.8973446488380432,0.8978871703147888,0.8979490995407104,0.8971939086914062,0.8956000804901123,0.8932352066040039,0.890562891960144,0.8883240818977356,0.8868705630302429,0.8858551383018494,0.8847274780273438,0.883384644985199,0.8821561932563782,0.8812190294265747,0.8801937103271484,0.8783668875694275,0.8753476738929749,0.8715912699699402,0.8683023452758789,0.8666593432426453,0.8669645190238953,0.8684900999069214,0.870109498500824,0.8710247278213501,0.8710267543792725,0.870376467704773,0.8695498704910278,0.8689153790473938,0.8685517907142639,0.8684890270233154,0.8690257668495178,0.8703978657722473,0.8720214366912842,0.8725566864013672,0.8712239265441895,0.8690041303634644,0.8681424260139465,0.8700811266899109,0.8736938238143921,0.8758746981620789,0.8745945692062378,0.871447741985321
0.9167181253433228,0.9109045267105103,0.9051777124404907,0.9005329012870789,0.8982682824134827,0.898659348487854,0.9003169536590576,0.9011587500572205,0.9000626802444458,0.8976401686668396,0.8955275416374207,0.8949397802352905,0.8956931829452515,0.8963931202888489,0.8955128788948059,0.892450749874115,0.8877624273300171,0.8825511336326599,0.8777356147766113,0.8738428950309753,0.8712403774261475,0.8702243566513062,0.8706942796707153,0.8718447089195251,0.8724973201751709,0.8720272779464722,0.8710346817970276,0.8709067106246948,0.872500479221344,0.87522953748703,0.8775563836097717,0.8783981204032898,0.8779532313346863,0.8771743774414062,0.8766833543777466,0.8764141798019409,0.8761852383613586,0.8762409090995789,0.8769657015800476,0.8781834840774536,0.8791167736053467,0.8792278170585632,0.8788337111473083
0.9263659119606018,0.9235355257987976,0.9214465618133545,0.9198474884033203,0.9183956384658813,0.9168161153793335,0.9147811532020569,0.9121217131614685,0.9092751145362854,0.9072936177253723,0.9070985913276672,0.9085455536842346,0.9102262258529663,0.9103384017944336,0.9079362154006958,0.9034704566001892,0.89816814661026,0.8929176330566406,0.8877872228622437,0.8825945854187012,0.87778639793396,0.8745120167732239,0.8736649751663208,0.8748784065246582,0.876652181148529,0.8776342868804932,0.8777880668640137,0.8781898021697998,0.8796151876449585,0.8814341425895691,0.8820801377296448,0.8807012438774109,0.8782758116722107,0.8769422769546509,0.8780847787857056,0.8809916973114014,0.8833558559417725,0.8831796646118164,0.8804136514663696,0.8770080208778381,0.8754386901855469,0.8769069314002991,0.8805246949195862
0.9251084327697754,0.9265013337135315,0.9303725957870483,0.9343886971473694,0.9359126091003418,0.9336897134780884,0.9284798502922058,0.9225298166275024,0.9183427691459656,0.9173954725265503,0.9194095730781555,0.9225547909736633,0.924514651298523,0.9237971901893616,0.9204368591308594,0.9156109094619751,0.9105308055877686,0.9055727124214172,0.900395393371582,0.8948554396629333,0.8897391557693481,0.8864489793777466,0.8858242034912109,0.8872042298316956,0.8887300491333008,0.8887315392494202,0.8869789838790894,0.8846526145935059,0.8831033110618591,0.8826321363449097,0.8824515342712402,0.881783664226532,0.8808957934379578,0.8809511065483093,0.8827739953994751,0.8857583999633789,0.8880667090415955,0.8880704641342163,0.8857786059379578,0.8829694986343384,0.8818365931510925,0.883251428604126,0.8860924243927002
0.9267079830169678,0.9251413941383362,0.926868200302124,0.930316150188446,0.933190107345581,0.9339092969894409,0.932410717010498,0.9299259781837463,0.9280118942260742,0.9275311827659607,0.9282079339027405,0.9289665818214417,0.9287377595901489,0.9271360039710999,0.92453533411026,0.9215561747550964,0.9184406995773315,0.9148908853530884,0.9105279445648193,0.9055474996566772,0.9009070992469788,0.8977489471435547,0.8964672088623047,0.8962428569793701,0.8955529928207397,0.8933405876159668,0.8899142146110535,0.8868046402931213,0.8856571316719055,0.8870286345481873,0.8900255560874939,0.8930043578147888,0.8947020173072815,0.8949145078659058,0.8943237662315369,0.893805742263794,0.8938632011413574,0.8945452570915222,0.8956819772720337,0.8970358371734619,0.898217499256134,0.8986020088195801,0.8975607752799988
0.9381572604179382,0.9329062700271606,0.929080605506897,0.9274165630340576,0.9278082251548767,0.9295684099197388,0.931826114654541,0.9338183403015137,0.9350008368492126,0.9350601434707642,0.9339379668235779,0.9318804740905762,0.9294161200523376,0.9271711707115173,0.9255455136299133,0.9244378805160522,0.9232457876205444,0.9212166666984558,0.9179670214653015,0.9138087034225464,0.9096062183380127,0.906215250492096,0.9038892984390259,0.9021179676055908,0.9000576734542847,0.89727383852005,0.8942251801490784,0.8920915722846985,0.8920090794563293,0.8942426443099976,0.8978783488273621,0.9012715816497803,0.9029637575149536,0.902480959892273,0.9005463719367981,0.8986192941665649,0.8980768918991089,0.8994961380958557,0.9023786187171936,0.9054040312767029,0.9070709943771362,0.9064330458641052,0.9036105871200562
0.9433723092079163,0.9382046461105347,0.9316087365150452,0.9254502654075623,0.9212297201156616,0.9196273684501648,0.9204038381576538,0.9226380586624146,0.9251598715782166,0.9269985556602478,0.9276823401451111,0.9272946119308472,0.9262868762016296,0.9251564145088196,0.9241489768028259,0.9231451749801636,0.9217901229858398,0.9197862148284912,0.9171656966209412,0.9143558740615845,0.911973237991333,0.9104586839675903,0.9097860455513,0.9094444513320923,0.9087339043617249,0.9071937799453735,0.9048990607261658,0.9024259448051453,0.9005112051963806,0.8996233940124512,0.8997194766998291,0.9003326296806335,0.9009206891059875,0.9012342691421509,0.9014647006988525,0.9020805954933167,0.9034558534622192,0.9055302739143372,0.9077216386795044,0.9091614484786987,0.9091480374336243,0.9075655341148376,0.9050261378288269
