earth/public/data/atmosphere/C53/ANN-wind-isobaric-500hPa-gfs-1.0.json
{"header": {"discipline": 0, "disciplineName": "Meteorological products", "gribEdition": 2, "gribLength": 17922.0, "center": 0, "centerName": "Kiel Climate Model", "subcenter": 0, "refTime": "1", "significanceOfRT": 1, "significanceOfRTName": "Start of forecast", "productStatus": 0, "productStatusName": "Operational products", "productType": 1, "productTypeName": "Forecast products", "productDefinitionTemplate": 0, "productDefinitionTemplateName": "Analysis/forecast at horizontal level/layer at a point in time", "parameterCategory": 2, "parameterCategoryName": "Momentum", "parameterNumber": 2, "parameterNumberName": "V-component_of_wind", "parameterUnit": "m/s", "genProcessType": 2, "genProcessTypeName": "Forecast", "forecastTime": 0, "surface1Type": 103, "surface1TypeName": "Specified height level above ground", "surface1Value": 10, "surface2Type": 255, "surface2TypeName": "Missing", "surface2Value": 0, "gridDefinitionTemplate": 0, "gridDefinitionTemplateName": "Latitude_Longitude", "numberPoints": 65160, "shape": 6, "shapeName": "Earth spherical with radius of 6,371,229.0 m", "gridUnits": "degrees", "resolution": 48, "winds": "true", "scanMode": 0, "nx": 128.0, "ny": 64.0, "basicAngle": 0, "subDivisions": 0, "lo1": 0.0, "la1": 87.86379883923263, "lo2": 357.1875, "la2": -87.86379883923263, "dx": 2.8125, "dy": 2.7893269472772264}, "data":
[rows 19 to 37 of 64, columns 84 to 125 of 128]
0.3792748749256134,0.25394997000694275,0.125010147690773,0.00940254982560873,-0.09523957967758179,-0.19440267980098724,-0.28217512369155884,-0.3599017560482025,-0.4403209686279297,-0.522074818611145,-0.5908992886543274,-0.6501537561416626,-0.7169003486633301,-0.7889628410339355,-0.8494279980659485,-0.8972465395927429,-0.9379028677940369,-0.9505221843719482,-0.8974480628967285,-0.7605482339859009,-0.5420549511909485,-0.2478455901145935,0.08801501989364624,0.3703623414039612,0.484988272190094,0.394564688205719,0.1725713610649109,-0.06373660266399384,-0.23451733589172363,-0.3168924152851105,-0.32594606280326843,-0.30352988839149475,-0.3060254156589508,-0.36656567454338074,-0.4569909870624542,-0.5023083686828613,-0.44628244638442993,-0.29703840613365173,-0.10141289979219437,0.10888141393661499,0.32740476727485657,0.5464480519294739
0.28557848930358887,0.1572035551071167,0.040419802069664,-0.05340995267033577,-0.13897748291492462,-0.21845918893814087,-0.27479371428489685,-0.3128146529197693,-0.3591996431350708,-0.4154207706451416,-0.45720022916793823,-0.4807991683483124,-0.5064499378204346,-0.539432168006897,-0.5645608901977539,-0.5730264186859131,-0.565590500831604,-0.5357682704925537,-0.4679884910583496,-0.3450640141963959,-0.1513616144657135,0.11055661737918854,0.390773206949234,0.59377121925354,0.6347220540046692,0.5040675401687622,0.2757853865623474,0.05379585176706314,-0.09145601093769073,-0.14979718625545502,-0.15760481357574463,-0.1674252599477768,-0.22090668976306915,-0.3251107931137085,-0.43528422713279724,-0.4745430648326874,-0.3982052803039551,-0.23425284028053284,-0.04075055941939354,0.15748704969882965,0.36135202646255493,0.5554696321487427
0.20894509553909302,0.09907570481300354,0.013272075913846493,-0.05106223374605179,-0.11514752358198166,-0.17811179161071777,-0.21844708919525146,-0.23556958138942719,-0.25039777159690857,-0.26879823207855225,-0.27897748351097107,-0.27704712748527527,-0.27086031436920166,-0.2679520845413208,-0.2682565450668335,-0.2578035593032837,-0.21746939420700073,-0.14835116267204285,-0.06488008052110672,0.045439429581165314,0.21470671892166138,0.4314366579055786,0.623729407787323,0.7201412916183472,0.6953960061073303,0.557102620601654,0.33689603209495544,0.10627143085002899,-0.05158448591828346,-0.11593122780323029,-0.1421872079372406,-0.18484030663967133,-0.2448631078004837,-0.30165794491767883,-0.3406134247779846,-0.33296653628349304,-0.2471548616886139,-0.09721784293651581,0.06960834562778473,0.23381629586219788,0.4030877351760864,0.5646815896034241
0.2026556134223938,0.11843941360712051,0.052516259253025055,0.002075684256851673,-0.04002860561013222,-0.07673098146915436,-0.10582409799098969,-0.12170615792274475,-0.11696626991033554,-0.09582287818193436,-0.0780310332775116,-0.06976126879453659,-0.052314065396785736,-0.02115887776017189,0.003220504382625222,0.024825014173984528,0.07684741169214249,0.16034747660160065,0.24757881462574005,0.3514682948589325,0.5055460333824158,0.6696441173553467,0.7473124265670776,0.706936240196228,0.6019571423530579,0.4667186439037323,0.28390297293663025,0.0735936313867569,-0.081986203789711,-0.14616945385932922,-0.17652691900730133,-0.22025911509990692,-0.24705150723457336,-0.23009441792964935,-0.19723716378211975,-0.1555197387933731,-0.06186830252408981,0.09234962612390518,0.2550462782382965,0.3908080756664276,0.50697261095047,0.6018104553222656
0.2764458954334259,0.2111044079065323,0.14723162353038788,0.09285622090101242,0.061700720340013504,0.047936584800481796,0.03171374276280403,0.01753680408000946,0.03494657203555107,0.08350776880979538,0.12090197205543518,0.13057106733322144,0.14767545461654663,0.19147855043411255,0.2361421436071396,0.27242764830589294,0.3254382014274597,0.3967616558074951,0.4662269949913025,0.5487772226333618,0.6636266708374023,0.7555354833602905,0.7362453937530518,0.6057078838348389,0.4545966386795044,0.3366272747516632,0.21492500603199005,0.0645064115524292,-0.05618217960000038,-0.09796937555074692,-0.10336560010910034,-0.12089967727661133,-0.1238708645105362,-0.08587150275707245,-0.03648724779486656,0.018104424700140953,0.12066525965929031,0.2686803936958313,0.40002357959747314,0.485094279050827,0.5381854772567749,0.5502296090126038
0.3654501140117645,0.3125019073486328,0.2574116885662079,0.20697976648807526,0.17396889626979828,0.15951037406921387,0.15236102044582367,0.15623106062412262,0.18937639892101288,0.24617093801498413,0.29392707347869873,0.3194856643676758,0.3439229130744934,0.3831058442592621,0.4294971525669098,0.47710132598876953,0.5289704203605652,0.5826736092567444,0.6360308527946472,0.6922594904899597,0.7387048006057739,0.7408095002174377,0.6724437475204468,0.5485114455223083,0.42504626512527466,0.3435404300689697,0.2734997272491455,0.16706326603889465,0.06117826700210571,0.03043343313038349,0.06098925322294235,0.08324754983186722,0.08767728507518768,0.10597145557403564,0.1433490812778473,0.20235857367515564,0.29166603088378906,0.3770390748977661,0.4116540253162384,0.4091942012310028,0.39925748109817505,0.34543129801750183
0.39291197061538696,0.35073840618133545,0.31460294127464294,0.27981647849082947,0.24372658133506775,0.21531593799591064,0.20927733182907104,0.23457233607769012,0.2809984087944031,0.3300873637199402,0.3790157735347748,0.4310057461261749,0.47610676288604736,0.5101549029350281,0.5507874488830566,0.6067612171173096,0.6609823703765869,0.7090447545051575,0.7687006592750549,0.8234981894493103,0.8218126893043518,0.75664883852005,0.6700134873390198,0.5812585353851318,0.49797311425209045,0.448533296585083,0.4165908694267273,0.34001708030700684,0.23962551355361938,0.21120776236057281,0.2607584595680237,0.29985523223876953,0.2946130037307739,0.284762442111969,0.2956758439540863,0.32428109645843506,0.3568960428237915,0.35980212688446045,0.3089066445827484,0.2307254821062088,0.15973782539367676,0.06623909622430801
0.30269721150398254,0.2770417034626007,0.2514212727546692,0.22351469099521637,0.195255309343338,0.1668267697095871,0.15349800884723663,0.17734627425670624,0.2252419888973236,0.2704628109931946,0.32349324226379395,0.39811500906944275,0.4674474895000458,0.5124489068984985,0.5603933334350586,0.6288595199584961,0.6935938000679016,0.7471088171005249,0.8130902051925659,0.871457576751709,0.8633888363838196,0.7909601330757141,0.7059507966041565,0.618364155292511,0.5303320288658142,0.48697149753570557,0.48650968074798584,0.46147406101226807,0.4142457842826843,0.41427040100097656,0.4521835148334503,0.45928269624710083,0.43201881647109985,0.4078156352043152,0.3856979012489319,0.3499332368373871,0.30629339814186096,0.25807106494903564,0.18320727348327637,0.06153623387217522,-0.07815858721733093,-0.1930663287639618
0.09859616309404373,0.09888547658920288,0.0748443454504013,0.044817689806222916,0.03738604485988617,0.030372999608516693,0.014013955369591713,0.025601781904697418,0.07503517717123032,0.13447700440883636,0.20177416503429413,0.2882188558578491,0.3752855360507965,0.4434562921524048,0.5062451958656311,0.5803548097610474,0.6543757915496826,0.711920440196991,0.7542105913162231,0.776511013507843,0.7632640600204468,0.7204062938690186,0.6591604351997375,0.5697667598724365,0.47243964672088623,0.42502468824386597,0.43290311098098755,0.45371347665786743,0.48453885316848755,0.5272305011749268,0.5378913283348083,0.5088659524917603,0.487983375787735,0.4779534637928009,0.43975523114204407,0.37254443764686584,0.3013629913330078,0.23533892631530762,0.15153206884860992,0.0008967844187282026,-0.1982288807630539,-0.3358186185359955
-0.10726584494113922,-0.08666150271892548,-0.10438905656337738,-0.1265520453453064,-0.11446657031774521,-0.0987728089094162,-0.0952099859714508,-0.06733197718858719,-0.004200964700430632,0.06908831000328064,0.1442914605140686,0.22931139171123505,0.32289862632751465,0.4110719561576843,0.48128455877304077,0.5425524711608887,0.6073355078697205,0.6544077396392822,0.6551572680473328,0.6214643120765686,0.5875334143638611,0.563061535358429,0.5259461998939514,0.46165332198143005,0.39779984951019287,0.36765164136886597,0.36826983094215393,0.4005625247955322,0.47234484553337097,0.531760573387146,0.5297904014587402,0.5212798118591309,0.5474585890769958,0.5380216240882874,0.46925628185272217,0.4184843599796295,0.390532910823822,0.3210050165653229,0.2099253088235855,0.06587797403335571,-0.12208456546068192,-0.2833080291748047
-0.19387026131153107,-0.17640504240989685,-0.1792539656162262,-0.18003755807876587,-0.16602836549282074,-0.1460603028535843,-0.10841341316699982,-0.044658418744802475,0.023661280050873756,0.08634326606988907,0.1522374153137207,0.2235156148672104,0.3052644729614258,0.39286935329437256,0.4578021168708801,0.4964034855365753,0.5319398641586304,0.5505748987197876,0.523828387260437,0.4744097590446472,0.44298815727233887,0.4272553324699402,0.4018315374851227,0.3697536885738373,0.3577287793159485,0.3655509352684021,0.3740425407886505,0.4026300013065338,0.46378985047340393,0.49981871247291565,0.49812886118888855,0.5448237061500549,0.620368242263794,0.5807560086250305,0.45414915680885315,0.41639605164527893,0.43908578157424927,0.3568662405014038,0.20264779031276703,0.09714698791503906,0.0009206966497004032,-0.14121869206428528
-0.17673230171203613,-0.17719565331935883,-0.1643768548965454,-0.1482463777065277,-0.1438630372285843,-0.12775342166423798,-0.07204124331474304,-0.004347147885710001,0.03987903147935867,0.07927000522613525,0.13078559935092926,0.17810311913490295,0.22566841542720795,0.28209012746810913,0.32078123092651367,0.33107683062553406,0.33115363121032715,0.3169543147087097,0.28412970900535583,0.260627418756485,0.2617310583591461,0.2676679193973541,0.26237666606903076,0.259145587682724,0.2810259759426117,0.3194262385368347,0.3451983332633972,0.36562180519104004,0.3925815522670746,0.38900214433670044,0.36549273133277893,0.4155895709991455,0.5179537534713745,0.515450119972229,0.4126121997833252,0.3847482204437256,0.4162275791168213,0.3193385601043701,0.12128151953220367,0.013689559884369373,-0.007183964364230633,-0.071225605905056
-0.1511460542678833,-0.16196972131729126,-0.14647117257118225,-0.13678377866744995,-0.13622672855854034,-0.11275138705968857,-0.0671490728855133,-0.036439333111047745,-0.02256513014435768,0.005610534455627203,0.03948565572500229,0.05334989354014397,0.06323860585689545,0.07774177938699722,0.07073535025119781,0.04307381808757782,0.015445023775100708,-0.015157901681959629,-0.04378216341137886,-0.04940411448478699,-0.03347617760300636,-0.01071484200656414,0.010775024071335793,0.03069893643260002,0.0646577700972557,0.11561542004346848,0.1554296612739563,0.1831268072128296,0.22096647322177887,0.2298755645751953,0.17020271718502045,0.13291878998279572,0.22347410023212433,0.3617287874221802,0.41011175513267517,0.4031050503253937,0.41183632612228394,0.3512086868286133,0.17554613947868347,0.030656512826681137,0.007493467535823584,0.023275429382920265
-0.14428916573524475,-0.1522606611251831,-0.15266868472099304,-0.16693107783794403,-0.16337700188159943,-0.13544303178787231,-0.12123293429613113,-0.1281200349330902,-0.122891865670681,-0.10268007218837738,-0.10329418629407883,-0.12379762530326843,-0.13081534206867218,-0.13953706622123718,-0.18352937698364258,-0.23974570631980896,-0.2774707078933716,-0.3055727481842041,-0.3292231559753418,-0.34205618500709534,-0.34386295080184937,-0.32841819524765015,-0.3014315962791443,-0.28104594349861145,-0.25306612253189087,-0.19870150089263916,-0.13554547727108002,-0.05629090592265129,0.0714821144938469,0.17998868227005005,0.13868142664432526,0.005211676005274057,0.02993873506784439,0.2687554657459259,0.4605547785758972,0.46254321932792664,0.4366653263568878,0.4564017653465271,0.397311270236969,0.279024213552475,0.24736946821212769,0.29645800590515137
-0.1149807944893837,-0.11707054078578949,-0.13592419028282166,-0.16110150516033173,-0.15756237506866455,-0.15465182065963745,-0.17983166873455048,-0.20109468698501587,-0.2005278766155243,-0.21206921339035034,-0.2548626959323883,-0.2959621250629425,-0.31383222341537476,-0.34068554639816284,-0.3956049978733063,-0.4482974410057068,-0.48206159472465515,-0.5093269348144531,-0.5338671803474426,-0.5571648478507996,-0.5754605531692505,-0.5706717371940613,-0.5506619215011597,-0.5389444231987,-0.5189857482910156,-0.4651828110218048,-0.3811018168926239,-0.2564818561077118,-0.06698904931545258,0.13685056567192078,0.21395598351955414,0.12068947404623032,0.0645432397723198,0.23317156732082367,0.45961952209472656,0.5111681818962097,0.48726123571395874,0.5374860763549805,0.5706961750984192,0.5402302742004395,0.5475311875343323,0.583307683467865
-0.05406292527914047,-0.056106992065906525,-0.07820101082324982,-0.08736370503902435,-0.09129030257463455,-0.1307615339756012,-0.1784479022026062,-0.19882112741470337,-0.22743146121501923,-0.28972822427749634,-0.35376131534576416,-0.4022759199142456,-0.4570741057395935,-0.5245840549468994,-0.5808319449424744,-0.618593156337738,-0.6576744914054871,-0.698411762714386,-0.7270216345787048,-0.7530294060707092,-0.7768838405609131,-0.7751196622848511,-0.750237226486206,-0.7212961912155151,-0.6849556565284729,-0.6297391653060913,-0.545555055141449,-0.43444693088531494,-0.29890403151512146,-0.0861041471362114,0.19632281363010406,0.34503740072250366,0.2602086365222931,0.19621753692626953,0.3470364212989807,0.5409315824508667,0.612542450428009,0.6227126121520996,0.6364612579345703,0.6605165600776672,0.6859248280525208,0.6457825899124146
-0.02785138227045536,-0.035139791667461395,-0.04805838689208031,-0.03763623163104057,-0.05657126009464264,-0.12120018154382706,-0.1611616164445877,-0.1806076169013977,-0.2501949369907379,-0.3449898362159729,-0.40433594584465027,-0.46314260363578796,-0.5653683543205261,-0.6677490472793579,-0.7274128198623657,-0.7756554484367371,-0.841907799243927,-0.8967614769935608,-0.9236170649528503,-0.953097939491272,-0.9891963601112366,-0.9993573427200317,-0.9730214476585388,-0.9199945330619812,-0.8609217405319214,-0.8091611862182617,-0.7292376756668091,-0.6229109168052673,-0.5393106341362,-0.33271101117134094,0.1846230924129486,0.6970700621604919,0.6927154660224915,0.35416439175605774,0.2961932122707367,0.573506236076355,0.7690770030021667,0.7589815855026245,0.7376576662063599,0.7740885019302368,0.7400346994400024,0.553703784942627
-0.11369599401950836,-0.12259818613529205,-0.1244165226817131,-0.11290112137794495,-0.14790600538253784,-0.21037030220031738,-0.23575177788734436,-0.2670198976993561,-0.3550994098186493,-0.43990278244018555,-0.490166038274765,-0.5677250623703003,-0.6813439130783081,-0.7693859338760376,-0.8278130292892456,-0.9037024974822998,-0.9903730750083923,-1.0426685810089111,-1.0690083503723145,-1.1100198030471802,-1.1574580669403076,-1.1814465522766113,-1.175884485244751,-1.138688325881958,-1.0987409353256226,-1.0888258218765259,-1.0361684560775757,-0.895383894443512,-0.7650701999664307,-0.5362716913223267,0.11119576543569565,0.9434078335762024,1.2047778367996216,0.8077201247215271,0.5025217533111572,0.6526120901107788,0.8740347027778625,0.9086096882820129,0.9169144034385681,0.9490680694580078,0.818584680557251,0.49269816279411316
-0.29820629954338074,-0.2972884476184845,-0.2896682024002075,-0.28869763016700745,-0.32658651471138,-0.3695630133152008,-0.3961116671562195,-0.44926944375038147,-0.5227653980255127,-0.5698369741439819,-0.6200669407844543,-0.7101870775222778,-0.7930733561515808,-0.8401077389717102,-0.8959167003631592,-0.9767127633094788,-1.0418531894683838,-1.0766258239746094,-1.1134952306747437,-1.1642483472824097,-1.2005174160003662,-1.220193862915039,-1.2441343069076538,-1.255198359489441,-1.2663761377334595,-1.3354521989822388,-1.387068748474121,-1.2969993352890015,-1.1573132276535034,-0.9917800426483154,-0.4601861834526062,0.4944075345993042,1.1991108655929565,1.173304557800293,0.8530234694480896,0.8087879419326782,0.9785668849945068,1.0887706279754639,1.1236889362335205,1.0927603244781494,0.8796731233596802,0.5042183995246887
