earth/public/data/atmosphere/C53/ANN-temp-isobaric-10hPa-gfs-1.0.json
{"header": {"discipline": 0, "disciplineName": "Meteorological products", "gribEdition": 2, "gribLength": 17922.0, "center": 0, "centerName": "Kiel Climate Model", "subcenter": 0, "refTime": "1", "significanceOfRT": 1, "significanceOfRTName": "Start of forecast", "productStatus": 0, "productStatusName": "Operational products", "productType": 1, "productTypeName": "Forecast products", "productDefinitionTemplate": 0, "productDefinitionTemplateName": "Analysis/forecast at horizontal level/layer at a point in time", "parameterCategory": 2, "parameterCategoryName": "Momentum", "parameterNumber": 2, "parameterNumberName": "U-component_of_wind", "parameterUnit": "K", "genProcessType": 2, "genProcessTypeName": "Forecast", "forecastTime": 0, "surface1Type": 103, "surface1TypeName": "Specified height level above ground", "surface1Value": 10, "surface2Type": 255, "surface2TypeName": "Missing", "surface2Value": 0, "gridDefinitionTemplate": 0, "gridDefinitionTemplateName": "Latitude_Longitude", "numberPoints": 65160, "shape": 6, "shapeName": "Earth spherical with radius of 6,371,229.0 m", "gridUnits": "degrees", "resolution": 48, "winds": "true", "scanMode": 0, "nx": 128.0, "ny": 64.0, "basicAngle": 0, "subDivisions": 0, "lo1": 0.0, "la1": 87.86379883923263, "lo2": 357.1875, "la2": -87.86379883923263, "dx": 2.8125, "dy": 2.7893269472772264}, "data":
[rows 38 to 56 of 64, columns 0 to 43 of 128]
219.8716583251953,219.83529663085938,219.79922485351562,219.78358459472656,219.79489135742188,219.8307342529297,219.88424682617188,219.93939208984375,219.97607421875,219.98712158203125,219.98193359375,219.97015380859375,219.9519500732422,219.9325714111328,219.93209838867188,219.9650115966797,220.02090454101562,220.077392578125,220.11827087402344,220.1348419189453,220.12741088867188,220.109375,220.0993194580078,220.10873413085938,220.1368865966797,220.1732177734375,220.20797729492188,220.23870849609375,220.26344299316406,220.276123046875,220.27561950683594,220.26931762695312,220.26382446289062,220.25900268554688,220.25234985351562,220.24557495117188,220.24545288085938,220.25730895996094,220.28065490722656,220.31341552734375,220.3555145263672,220.40512084960938,220.4568634033203,220.50506591796875
219.4544219970703,219.4042205810547,219.35311889648438,219.32720947265625,219.34210205078125,219.3927764892578,219.45767211914062,219.51181030273438,219.53675842285156,219.5287628173828,219.50125122070312,219.47137451171875,219.4450225830078,219.4246063232422,219.42115783691406,219.44207763671875,219.47683715820312,219.50811767578125,219.52606201171875,219.52780151367188,219.51751708984375,219.50857543945312,219.51490783691406,219.5402374267578,219.57919311523438,219.62376403808594,219.66818237304688,219.7098388671875,219.74539184570312,219.7698516845703,219.78277587890625,219.79043579101562,219.79893493652344,219.80946350097656,219.82077026367188,219.83291625976562,219.84906005859375,219.87371826171875,219.90948486328125,219.95594787597656,220.0116424560547,220.07481384277344,220.14224243164062,220.20994567871094
219.01510620117188,218.96104431152344,218.89710998535156,218.8476104736328,218.8350372314453,218.86599731445312,218.92112731933594,218.968994140625,218.9871826171875,218.9711151123047,218.9326171875,218.8896484375,218.8541717529297,218.83056640625,218.82098388671875,218.8238525390625,218.8322296142578,218.83883666992188,218.83883666992188,218.82974243164062,218.81707763671875,218.81439208984375,218.8306884765625,218.86326599121094,218.9059600830078,218.9551544189453,219.00714111328125,219.056396484375,219.09812927246094,219.13038635253906,219.1551055908203,219.17660522460938,219.1985626220703,219.22303771972656,219.2508087158203,219.2814483642578,219.31480407714844,219.3536376953125,219.40187072753906,219.4603729248047,219.52708435058594,219.60011291503906,219.67803955078125,219.75888061523438
218.61402893066406,218.57418823242188,218.50978088378906,218.43740844726562,218.38331604003906,218.3677978515625,218.38279724121094,218.40089416503906,218.40199279785156,218.38160705566406,218.34344482421875,218.2953643798828,218.24879455566406,218.21302795410156,218.18907165527344,218.1713104248047,218.15513610839844,218.14016723632812,218.12559509277344,218.10989379882812,218.09747314453125,218.09771728515625,218.11436462402344,218.14405822753906,218.1842803955078,218.23423767089844,218.2892608642578,218.34173583984375,218.38690185546875,218.42466735839844,218.45721435546875,218.48744201660156,218.51803588867188,218.551513671875,218.5898895263672,218.63311767578125,218.67984008789062,218.7310333251953,218.78973388671875,218.8569793701172,218.9309844970703,219.01022338867188,219.09405517578125,219.1812286376953
218.2944793701172,218.28070068359375,218.23231506347656,218.15614318847656,218.07591247558594,218.0150146484375,217.97430419921875,217.93914794921875,217.9017333984375,217.86277770996094,217.81991577148438,217.76893615722656,217.71292114257812,217.6600341796875,217.61349487304688,217.5709991455078,217.53155517578125,217.49708557128906,217.4683837890625,217.44578552246094,217.43228149414062,217.43109130859375,217.44189453125,217.46365356445312,217.49766540527344,217.5430145263672,217.59353637695312,217.64292907714844,217.6885986328125,217.7300262451172,217.76719665527344,217.8017578125,217.83645629882812,217.87408447265625,217.91693115234375,217.96548461914062,218.0186309814453,218.07618713378906,218.1399688720703,218.21099853515625,218.28793334960938,218.3693084716797,218.45455932617188,218.54287719726562
218.0831756591797,218.0890655517578,218.06170654296875,218.00112915039062,217.92274475097656,217.841064453125,217.75730895996094,217.6683807373047,217.57980346679688,217.50131225585938,217.43406677246094,217.37135314941406,217.30718994140625,217.23922729492188,217.16763305664062,217.0966033935547,217.03268432617188,216.97930908203125,216.93585205078125,216.9025421142578,216.88186645507812,216.8741912841797,216.87716674804688,216.8903350830078,216.9152069091797,216.9497833251953,216.98928833007812,217.03099060058594,217.0740509033203,217.11618041992188,217.15505981445312,217.19155883789062,217.22813415527344,217.26661682128906,217.3088836669922,217.3566436767578,217.40982055664062,217.46755981445312,217.530517578125,217.59974670410156,217.674560546875,217.7537384033203,217.8370361328125,217.92428588867188
217.9801483154297,217.98959350585938,217.97457885742188,217.93222045898438,217.86973571777344,217.79122924804688,217.69390869140625,217.57766723632812,217.45172119140625,217.330078125,217.2233123779297,217.13392639160156,217.0548095703125,216.9727783203125,216.880126953125,216.78298950195312,216.69444274902344,216.62107849121094,216.56129455566406,216.5138397216797,216.48068237304688,216.46218872070312,216.4557647705078,216.4595489501953,216.47280883789062,216.49375915527344,216.5205535888672,216.55337524414062,216.5911865234375,216.63003540039062,216.66717529296875,216.70382690429688,216.741455078125,216.7796173095703,216.8190460205078,216.862548828125,216.91156005859375,216.96524047851562,217.02333068847656,217.0867462158203,217.15557861328125,217.22927856445312,217.30795288085938,217.3916473388672
217.94534301757812,217.94960021972656,217.93772888183594,217.90432739257812,217.8519287109375,217.78207397460938,217.6923065185547,217.58045959472656,217.44879150390625,217.30577087402344,217.16586303710938,217.04287719726562,216.93820190429688,216.83865356445312,216.7312774658203,216.61732482910156,216.50877380371094,216.41456604003906,216.33599853515625,216.27268981933594,216.2255859375,216.19415283203125,216.1758270263672,216.1681671142578,216.16928100585938,216.17788696289062,216.19378662109375,216.21778869628906,216.2480010986328,216.28024291992188,216.312744140625,216.34738159179688,216.3845977783203,216.42214965820312,216.45907592773438,216.497802734375,216.54051208496094,216.5872039794922,216.63763427734375,216.6927947998047,216.7534637451172,216.8195037841797,216.8908233642578,216.9672393798828
217.9039764404297,217.90419006347656,217.89312744140625,217.86170959472656,217.80953979492188,217.74148559570312,217.66082763671875,217.5655975341797,217.4503173828125,217.31307983398438,217.16305541992188,217.01727294921875,216.88711547851562,216.76943969726562,216.65362548828125,216.5343475341797,216.4155731201172,216.30479431152344,216.2081298828125,216.12916564941406,216.06861877441406,216.02430725097656,215.9932403564453,215.97354125976562,215.96371459960938,215.96229553222656,215.9688262939453,215.98358154296875,216.00503540039062,216.02992248535156,216.05677795410156,216.08676147460938,216.12017822265625,216.15484619140625,216.18896484375,216.22341918945312,216.259765625,216.298583984375,216.3402862548828,216.38601684570312,216.43685913085938,216.49310302734375,216.55458068847656,216.62100219726562
217.76171875,217.76101684570312,217.75119018554688,217.72152709960938,217.66934204101562,217.60072326660156,217.5232391357422,217.4380645751953,217.33889770507812,217.2186279296875,217.07852172851562,216.9304962158203,216.788818359375,216.66029357910156,216.5415802001953,216.42538452148438,216.30783081054688,216.1917724609375,216.08489990234375,215.99429321289062,215.92218017578125,215.8663330078125,215.8240966796875,215.79421997070312,215.77537536621094,215.76548767089844,215.76333618164062,215.76919555664062,215.78262329101562,215.80123901367188,215.82269287109375,215.84649658203125,215.87289428710938,215.9012451171875,215.93035888671875,215.95986938476562,215.99026489257812,216.02215576171875,216.05613708496094,216.09295654296875,216.13339233398438,216.17822265625,216.2281494140625,216.28338623046875
217.41766357421875,217.41844177246094,217.41006469726562,217.3848114013672,217.33909606933594,217.27618408203125,217.20205688476562,217.11981201171875,217.02752685546875,216.920654296875,216.79730224609375,216.66220092773438,216.52542114257812,216.39659118652344,216.27891540527344,216.1685028076172,216.0595703125,215.95068359375,215.846435546875,215.75335693359375,215.67494201660156,215.61114501953125,215.56101989746094,215.52392578125,215.49839782714844,215.48182678222656,215.47262573242188,215.47119140625,215.47787475585938,215.49082946777344,215.50698852539062,215.52459716796875,215.54360961914062,215.5643310546875,215.58631896972656,215.6089324951172,215.63232421875,215.6573944091797,215.68460083007812,215.7138671875,215.74510192871094,215.77906799316406,215.81727600097656,215.86074829101562
216.7840118408203,216.7895050048828,216.78427124023438,216.7651824951172,216.72988891601562,216.67843627929688,216.61256408691406,216.5345458984375,216.44638061523438,216.34872436523438,216.24118041992188,216.12435913085938,216.00216674804688,215.88128662109375,215.76747131347656,215.66209411621094,215.56271362304688,215.467041015625,215.37551879882812,215.29071044921875,215.2150421142578,215.1500701904297,215.0968475341797,215.055908203125,215.026123046875,215.00521850585938,214.99148559570312,214.98484802246094,214.98553466796875,214.99212646484375,215.00216674804688,215.01373291015625,215.02638244628906,215.04017639160156,215.05455017089844,215.0691680908203,215.08462524414062,215.10220336914062,215.1226043701172,215.14527893066406,215.16921997070312,215.19461059570312,215.22276306152344,215.25526428222656
215.8108673095703,215.822998046875,215.82290649414062,215.8102264404297,215.78436279296875,215.74440002441406,215.68955993652344,215.6206817626953,215.54074096679688,215.45346069335938,215.3607177734375,215.26229858398438,215.1581268310547,215.0507049560547,214.9447784423828,214.84490966796875,214.75331115722656,214.66976928710938,214.593017578125,214.52207946777344,214.4566650390625,214.3976593017578,214.34677124023438,214.30545043945312,214.27374267578125,214.2503204345703,214.23374938964844,214.22328186035156,214.21849060058594,214.2183380126953,214.22145080566406,214.2266082763672,214.233154296875,214.2406005859375,214.24832153320312,214.25619506835938,214.26513671875,214.27650451660156,214.29098510742188,214.30789184570312,214.32608032226562,214.3451385498047,214.36605834960938,214.39027404785156
214.49737548828125,214.51356506347656,214.5177764892578,214.51023864746094,214.49124145507812,214.46029663085938,214.41629028320312,214.35934448242188,214.29183959960938,214.21768188476562,214.13970947265625,214.058349609375,213.9723358154297,213.8815460205078,213.78858947753906,213.69808959960938,213.61444091796875,213.53994750976562,213.47421264648438,213.4152069091797,213.3609619140625,213.31082153320312,213.265625,213.22686767578125,213.19528198242188,213.17063903808594,213.15187072753906,213.13807678222656,213.12841796875,213.12228393554688,213.1189727783203,213.11790466308594,213.11842346191406,213.1200714111328,213.12245178222656,213.12582397460938,213.1309356689453,213.13876342773438,213.14950561523438,213.1624755859375,213.17677307128906,213.19204711914062,213.20912170410156,213.2292938232422
212.8858184814453,212.9006805419922,212.90562438964844,212.9007110595703,212.88619995117188,212.86190795898438,212.82711791992188,212.78172302246094,212.72723388671875,212.66650390625,212.60223388671875,212.53536987304688,212.46524047851562,212.39109802246094,212.31394958496094,212.23683166503906,212.1636962890625,212.0975341796875,212.03916931152344,211.98753356933594,211.94082641601562,211.89784240722656,211.8585968017578,211.82374572753906,211.79400634765625,211.76922607421875,211.74884033203125,211.73214721679688,211.7185516357422,211.70785522460938,211.69972229003906,211.69383239746094,211.68975830078125,211.68707275390625,211.68580627441406,211.6863250732422,211.6894073486328,211.69561767578125,211.70489501953125,211.71656799316406,211.73001098632812,211.74508666992188,211.76239013671875,211.78294372558594
211.0485076904297,211.05799865722656,211.06015014648438,211.05479431152344,211.04205322265625,211.02171325683594,210.99334716796875,210.9568634033203,210.91307067871094,210.86367797851562,210.81065368652344,210.75509643554688,210.69720458984375,210.63681030273438,210.5743408203125,210.51145935058594,210.45050048828125,210.3936767578125,210.342041015625,210.2955780029297,210.2534942626953,210.21510314941406,210.18023681640625,210.14894104003906,210.121337890625,210.09722900390625,210.07608032226562,210.05755615234375,210.04153442382812,210.02810668945312,210.01727294921875,210.00894165039062,210.0027313232422,209.99830627441406,209.99569702148438,209.99545288085938,209.9982147216797,210.00450134277344,210.01434326171875,210.02734375,210.04299926757812,210.06114196777344,210.08203125,210.10630798339844
209.07395935058594,209.0765380859375,209.07382202148438,209.06564331054688,209.05198669433594,209.03274536132812,209.0077362060547,208.97698974609375,208.9408721923828,208.9002685546875,208.85623168945312,208.80967712402344,208.76124572753906,208.71131896972656,208.66043090820312,208.6095733642578,208.55987548828125,208.51246643066406,208.468017578125,208.42677307128906,208.38870239257812,208.3537139892578,208.32171630859375,208.29278564453125,208.26678466796875,208.2434539794922,208.2224578857422,208.20367431640625,208.18714904785156,208.17315673828125,208.1619415283203,208.1534881591797,208.14764404296875,208.14414978027344,208.14306640625,208.1447296142578,208.14968872070312,208.15838623046875,208.1709442138672,208.18719482421875,208.20680236816406,208.2295379638672,208.25550842285156,208.28488159179688
207.05596923828125,207.05152893066406,207.04331970214844,207.0312042236328,207.01513671875,206.99525451660156,206.9716033935547,206.9442596435547,206.91343688964844,206.87953186035156,206.84295654296875,206.80422973632812,206.76394653320312,206.72259521484375,206.6808319091797,206.63929748535156,206.59857177734375,206.55923461914062,206.5215606689453,206.48577880859375,206.45201110839844,206.42042541503906,206.39117431640625,206.36439514160156,206.34007263183594,206.31813049316406,206.29843139648438,206.28097534179688,206.265869140625,206.2533416748047,206.24365234375,206.23687744140625,206.23316955566406,206.23240661621094,206.2346954345703,206.24021911621094,206.2493133544922,206.2621307373047,206.27883911132812,206.29931640625,206.32345581054688,206.35104370117188,206.3821258544922,206.416748046875
205.08743286132812,205.07699584960938,205.06393432617188,205.04818725585938,205.02987670898438,205.0090789794922,204.98602294921875,204.9608917236328,204.93374633789062,204.90476989746094,204.87413024902344,204.842041015625,204.80880737304688,204.77487182617188,204.7406463623047,204.70657348632812,204.67306518554688,204.64039611816406,204.6088409423828,204.57850646972656,204.54959106445312,204.52230834960938,204.496826171875,204.47337341308594,204.4520263671875,204.4329071044922,204.416015625,204.4014434814453,204.38929748535156,204.3797607421875,204.373046875,204.3693389892578,204.36883544921875,204.37159729003906,204.37782287597656,204.38760375976562,204.40103149414062,204.41818237304688,204.43911743164062,204.46372985839844,204.4920196533203,204.52389526367188,204.5592498779297,204.59815979003906
