earth/public/data/atmosphere/C53/ANN-rh-isobaric-500hPa-gfs-1.0.json
{"header": {"discipline": 0, "disciplineName": "Meteorological products", "gribEdition": 2, "gribLength": 17922.0, "center": 0, "centerName": "Kiel Climate Model", "subcenter": 0, "refTime": "1", "significanceOfRT": 1, "significanceOfRTName": "Start of forecast", "productStatus": 0, "productStatusName": "Operational products", "productType": 1, "productTypeName": "Forecast products", "productDefinitionTemplate": 0, "productDefinitionTemplateName": "Analysis/forecast at horizontal level/layer at a point in time", "parameterCategory": 2, "parameterCategoryName": "Momentum", "parameterNumber": 2, "parameterNumberName": "U-component_of_wind", "parameterUnit": "%", "genProcessType": 2, "genProcessTypeName": "Forecast", "forecastTime": 0, "surface1Type": 103, "surface1TypeName": "Specified height level above ground", "surface1Value": 10, "surface2Type": 255, "surface2TypeName": "Missing", "surface2Value": 0, "gridDefinitionTemplate": 0, "gridDefinitionTemplateName": "Latitude_Longitude", "numberPoints": 65160, "shape": 6, "shapeName": "Earth spherical with radius of 6,371,229.0 m", "gridUnits": "degrees", "resolution": 48, "winds": "true", "scanMode": 0, "nx": 128.0, "ny": 64.0, "basicAngle": 0, "subDivisions": 0, "lo1": 0.0, "la1": 87.86379883923263, "lo2": 357.1875, "la2": -87.86379883923263, "dx": 2.8125, "dy": 2.7893269472772264}, "data":
[rows 19 to 37 of 64, columns 0 to 42 of 128]
0.3405321538448334,0.3368380069732666,0.3329777717590332,0.32947853207588196,0.32622960209846497,0.3215619623661041,0.3141755163669586,0.3054485619068146,0.2977728843688965,0.29112160205841064,0.2838422358036041,0.27617841958999634,0.26973584294319153,0.26396462321281433,0.2569464147090912,0.24942737817764282,0.24401165544986725,0.2404915690422058,0.23627741634845734,0.2312154769897461,0.22745586931705475,0.22532595694065094,0.22432993352413177,0.2265939861536026,0.23342187702655792,0.24059605598449707,0.24356073141098022,0.2448595017194748,0.2502705752849579,0.26043644547462463,0.27176785469055176,0.28251227736473083,0.29332566261291504,0.30418017506599426,0.3138338625431061,0.3219841420650482,0.3317500352859497,0.34865549206733704,0.37372887134552,0.3990505039691925,0.41521066427230835,0.4216352701187134,0.42449286580085754
0.285960853099823,0.28429993987083435,0.2825104594230652,0.2785447835922241,0.27291375398635864,0.2665638327598572,0.25867849588394165,0.248930424451828,0.23948442935943604,0.2320837676525116,0.225411519408226,0.2179294228553772,0.2108936607837677,0.20569905638694763,0.20083343982696533,0.1947845220565796,0.18924281001091003,0.18572673201560974,0.18228571116924286,0.17764334380626678,0.17454002797603607,0.17467190325260162,0.1753832846879959,0.17528560757637024,0.17689235508441925,0.18071793019771576,0.1841452419757843,0.1879100352525711,0.19595156610012054,0.2082977294921875,0.22089722752571106,0.23176603019237518,0.24247457087039948,0.25502362847328186,0.2696680426597595,0.28510603308677673,0.30140984058380127,0.321417897939682,0.3451063334941864,0.3658220171928406,0.37874293327331543,0.38843655586242676,0.4006628394126892
0.24395042657852173,0.2415662556886673,0.24002310633659363,0.23580490052700043,0.22883467376232147,0.22172604501247406,0.21495410799980164,0.20668844878673553,0.19712325930595398,0.18903394043445587,0.1832815259695053,0.1774417608976364,0.17045794427394867,0.16479042172431946,0.1616157740354538,0.15839003026485443,0.1539234071969986,0.15046831965446472,0.1484420746564865,0.14586129784584045,0.14412140846252441,0.14617455005645752,0.14977328479290009,0.1512070894241333,0.1524173468351364,0.156492680311203,0.1621413379907608,0.168468177318573,0.1773468255996704,0.1882159262895584,0.19852928817272186,0.2088918834924698,0.2216627150774002,0.2376987487077713,0.25737494230270386,0.2804332673549652,0.30486658215522766,0.3284618854522705,0.3487100601196289,0.36272600293159485,0.3722156286239624,0.38348588347435,0.39756667613983154
0.219014972448349,0.21306920051574707,0.20831255614757538,0.20335055887699127,0.19699208438396454,0.1898360252380371,0.183273583650589,0.1771644502878189,0.1700282096862793,0.16232746839523315,0.15657612681388855,0.15269088745117188,0.14782601594924927,0.1422688066959381,0.1391342729330063,0.13770824670791626,0.13504838943481445,0.13278694450855255,0.1335930973291397,0.1351599097251892,0.13581515848636627,0.13855595886707306,0.1438172459602356,0.14838993549346924,0.1530831903219223,0.16056497395038605,0.16898517310619354,0.17661550641059875,0.18521612882614136,0.19465716183185577,0.20390096306800842,0.2155543565750122,0.23092031478881836,0.24758441746234894,0.2664003074169159,0.29068031907081604,0.3181575834751129,0.34259939193725586,0.3605251908302307,0.3725185990333557,0.38208523392677307,0.39181211590766907,0.3989851474761963
0.20766203105449677,0.20261691510677338,0.1945257931947708,0.18619878590106964,0.17978134751319885,0.17329062521457672,0.16586793959140778,0.15998952090740204,0.15555278956890106,0.149580717086792,0.14312338829040527,0.13970275223255157,0.13786303997039795,0.13449136912822723,0.13172809779644012,0.13178125023841858,0.13197003304958344,0.13179919123649597,0.1347583830356598,0.13998442888259888,0.14397545158863068,0.14835402369499207,0.1552165448665619,0.16255807876586914,0.17057734727859497,0.18117401003837585,0.19175776839256287,0.20046131312847137,0.210062175989151,0.2211035192012787,0.23286843299865723,0.2484913319349289,0.2679015100002289,0.28646373748779297,0.30610114336013794,0.3316778540611267,0.35814735293388367,0.3770245313644409,0.38849231600761414,0.3972390294075012,0.40480294823646545,0.4089704155921936,0.4069962799549103
0.2211448848247528,0.22037410736083984,0.20689471065998077,0.18761087954044342,0.1751447468996048,0.16998767852783203,0.16481506824493408,0.158774271607399,0.15487989783287048,0.1511019915342331,0.14530465006828308,0.14113014936447144,0.14053195714950562,0.1399458646774292,0.13897649943828583,0.1411956548690796,0.1453702300786972,0.14844048023223877,0.15281371772289276,0.16026778519153595,0.16814275085926056,0.1764509081840515,0.18677088618278503,0.19700147211551666,0.20683354139328003,0.21869882941246033,0.23086495697498322,0.24169307947158813,0.25420287251472473,0.26869937777519226,0.2837865948677063,0.3023984432220459,0.3237937390804291,0.34287554025650024,0.36294445395469666,0.3882845640182495,0.40977340936660767,0.4189175069332123,0.4217710494995117,0.4256305694580078,0.42906197905540466,0.4284164607524872,0.42265304923057556
0.2767826020717621,0.27130740880966187,0.24587655067443848,0.20920611917972565,0.1832680106163025,0.17604491114616394,0.1759648323059082,0.17309868335723877,0.16971009969711304,0.16859184205532074,0.16663458943367004,0.16353079676628113,0.16319885849952698,0.1651310920715332,0.1667933315038681,0.17048271000385284,0.1772693246603012,0.18388871848583221,0.190794438123703,0.20070095360279083,0.2119612693786621,0.22354808449745178,0.23684000968933105,0.24993348121643066,0.2617214024066925,0.27497419714927673,0.2892687916755676,0.30298149585723877,0.3183401823043823,0.3347913920879364,0.35003113746643066,0.3668183982372284,0.3843507170677185,0.39713266491889954,0.4089788794517517,0.42471033334732056,0.43552786111831665,0.4358724355697632,0.4346495568752289,0.4368422329425812,0.43873241543769836,0.4397103190422058,0.4395674169063568
0.3570660352706909,0.3363955318927765,0.2993704378604889,0.25270360708236694,0.21552442014217377,0.20069129765033722,0.20222315192222595,0.2060863971710205,0.20728133618831635,0.20901024341583252,0.2105279117822647,0.20921048521995544,0.20905274152755737,0.21332594752311707,0.2184234857559204,0.22311758995056152,0.23002102971076965,0.23836681246757507,0.24770720303058624,0.2599991261959076,0.273524671792984,0.28652191162109375,0.3011886775493622,0.31703296303749084,0.33211565017700195,0.3481914699077606,0.3649902045726776,0.3804300129413605,0.3962670564651489,0.41199570894241333,0.4245748519897461,0.4364722967147827,0.4478188157081604,0.4526593089103699,0.45316341519355774,0.4551968276500702,0.4545990824699402,0.4498254954814911,0.44806739687919617,0.4489706754684448,0.44872763752937317,0.45212459564208984,0.4593733549118042
0.4358341097831726,0.406100869178772,0.3684843182563782,0.32770657539367676,0.29254916310310364,0.27139270305633545,0.26842206716537476,0.2775422930717468,0.28629788756370544,0.2897948622703552,0.2897171676158905,0.28644588589668274,0.28374969959259033,0.28726720809936523,0.2947116494178772,0.3016754686832428,0.30930161476135254,0.31819120049476624,0.3278297185897827,0.3400437533855438,0.3540719747543335,0.3679628074169159,0.3836304247379303,0.4010842442512512,0.41783010959625244,0.4348931908607483,0.4520223140716553,0.46653658151626587,0.4803552031517029,0.4943934679031372,0.5048697590827942,0.5127279162406921,0.5198048949241638,0.5214703679084778,0.5174399614334106,0.5128685235977173,0.5073798894882202,0.501133918762207,0.4976341426372528,0.4934697151184082,0.486804336309433,0.48533809185028076,0.4896383285522461
0.51936936378479,0.49811333417892456,0.46924012899398804,0.4398424029350281,0.4165874421596527,0.3971845209598541,0.38685113191604614,0.39276638627052307,0.40420833230018616,0.4072928726673126,0.4033612608909607,0.39746880531311035,0.3919776678085327,0.3918463885784149,0.3984183371067047,0.4074631631374359,0.4172672629356384,0.4273681342601776,0.4364556670188904,0.4461073875427246,0.45765921473503113,0.47032782435417175,0.4848683774471283,0.5003934502601624,0.5141937136650085,0.5277801752090454,0.5420081615447998,0.5537845492362976,0.5644127726554871,0.5763447880744934,0.5857284665107727,0.5910208225250244,0.595052182674408,0.5962017774581909,0.5931282043457031,0.5892515778541565,0.5853932499885559,0.580815315246582,0.5760086178779602,0.5684200525283813,0.558064877986908,0.5499577522277832,0.5431800484657288
0.6081780791282654,0.6035712361335754,0.5854777693748474,0.5622290372848511,0.5484737753868103,0.5355985164642334,0.5194657444953918,0.5141510963439941,0.5189311504364014,0.5185962319374084,0.5128607153892517,0.5092393159866333,0.5071837902069092,0.5073285698890686,0.5129525065422058,0.5220253467559814,0.5321029424667358,0.542930006980896,0.5524969696998596,0.5601165294647217,0.5676021575927734,0.5759099721908569,0.5857574343681335,0.5963464379310608,0.6052011251449585,0.6136531829833984,0.6237704157829285,0.632862389087677,0.6403492093086243,0.6489162445068359,0.6563606858253479,0.6599224805831909,0.6619333624839783,0.6630005836486816,0.6615989804267883,0.6595717072486877,0.6585071682929993,0.6572018265724182,0.6544959545135498,0.6494093537330627,0.6420990228652954,0.632748007774353,0.6185609102249146
0.6777831315994263,0.6816862225532532,0.6726611256599426,0.6529439091682434,0.6409280896186829,0.6318471431732178,0.6156641840934753,0.6032568216323853,0.6003119349479675,0.595931351184845,0.5891969799995422,0.5881564021110535,0.5911292433738708,0.5948490500450134,0.6014270782470703,0.6097210645675659,0.6180426478385925,0.6280926465988159,0.6382077932357788,0.6452246904373169,0.6502074599266052,0.6547939777374268,0.6597130298614502,0.6657670736312866,0.6715861558914185,0.6766069531440735,0.6830200552940369,0.690127432346344,0.6956771612167358,0.7009066343307495,0.7060680389404297,0.7090550661087036,0.7107642889022827,0.7125365734100342,0.7126947641372681,0.7111995816230774,0.7103806734085083,0.7104218006134033,0.7095621824264526,0.7065231204032898,0.7003337144851685,0.689378023147583,0.6727777719497681
0.7165507078170776,0.7173427939414978,0.711527943611145,0.695993185043335,0.6813387274742126,0.6708155870437622,0.6601530909538269,0.6527148485183716,0.650880753993988,0.6478230953216553,0.6421578526496887,0.6394400596618652,0.639266312122345,0.639954686164856,0.644105851650238,0.6510867476463318,0.658955454826355,0.6687474250793457,0.6780285835266113,0.6833155155181885,0.6869251132011414,0.6905497312545776,0.6930678486824036,0.6963571310043335,0.701093316078186,0.7046814560890198,0.7083304524421692,0.7139984965324402,0.7190271019935608,0.7225534319877625,0.7265113592147827,0.7296737432479858,0.7310221791267395,0.7324361801147461,0.7333323955535889,0.7318329215049744,0.7294815182685852,0.7276948094367981,0.7248172760009766,0.7190163731575012,0.7087562680244446,0.6928383111953735,0.6738622188568115
0.7178982496261597,0.7141926884651184,0.7048449516296387,0.6922267079353333,0.6757506728172302,0.6613097190856934,0.6551185846328735,0.6558589935302734,0.659687340259552,0.6635086536407471,0.6647897362709045,0.6620601415634155,0.6550557017326355,0.647497832775116,0.6454213857650757,0.6497842669487,0.6581184267997742,0.6685566902160645,0.6764416098594666,0.6788542866706848,0.6804201602935791,0.6834262013435364,0.6847407221794128,0.686053991317749,0.6900182962417603,0.6934053301811218,0.6959854960441589,0.7009469866752625,0.7058243155479431,0.7084054946899414,0.7116785645484924,0.7151557207107544,0.7159502506256104,0.7160549759864807,0.7168951630592346,0.7161367535591125,0.7137484550476074,0.7107657194137573,0.7057113647460938,0.6980592608451843,0.6879186630249023,0.6736295819282532,0.6565213799476624
0.6680598258972168,0.6671517491340637,0.6553004384040833,0.644550085067749,0.6291092038154602,0.6119508147239685,0.6057197451591492,0.6084288954734802,0.6131651997566223,0.6210169196128845,0.6294323205947876,0.6304178237915039,0.6229978799819946,0.6146312355995178,0.6118737459182739,0.6150099039077759,0.6217743754386902,0.6303688287734985,0.6366474032402039,0.6378082036972046,0.637849748134613,0.6394127011299133,0.6396497488021851,0.6396322846412659,0.6425594091415405,0.6460040807723999,0.6489625573158264,0.6541566252708435,0.6593043804168701,0.6616499423980713,0.66447514295578,0.6685981154441833,0.6708889603614807,0.6722854375839233,0.6744822263717651,0.6758416891098022,0.6763009428977966,0.6762637495994568,0.6737208366394043,0.6694916486740112,0.6664905548095703,0.6630844473838806,0.6564744710922241
0.5837608575820923,0.5913280844688416,0.5846109390258789,0.5771332383155823,0.5641734600067139,0.5467928051948547,0.539199709892273,0.5397042632102966,0.5399113297462463,0.543205738067627,0.5494537949562073,0.5506146550178528,0.5469947457313538,0.5461037158966064,0.5502141714096069,0.5557255148887634,0.5599530339241028,0.5635449290275574,0.5665116906166077,0.5671820640563965,0.566609799861908,0.5668388605117798,0.5669329166412354,0.5671243071556091,0.5694932341575623,0.5730671286582947,0.5770060420036316,0.5829988718032837,0.5895997881889343,0.5940863490104675,0.598077654838562,0.6031251549720764,0.6081435084342957,0.613368034362793,0.6188750863075256,0.6234210729598999,0.6280640959739685,0.633493959903717,0.6370705366134644,0.6387001276016235,0.6418786644935608,0.646915853023529,0.651027262210846
0.5007619261741638,0.5174393057823181,0.521512508392334,0.5208497643470764,0.5125460028648376,0.4974553883075714,0.48832574486732483,0.48390448093414307,0.4757841229438782,0.4679405689239502,0.46386080980300903,0.4599727690219879,0.45790618658065796,0.4619593620300293,0.4703298807144165,0.4781741499900818,0.48228245973587036,0.4827767312526703,0.48215168714523315,0.4811665415763855,0.47943314909935,0.4783822298049927,0.47883185744285583,0.4801841676235199,0.4830257296562195,0.487679123878479,0.49319717288017273,0.4996979832649231,0.5074702501296997,0.5153139233589172,0.522345244884491,0.5289216637611389,0.5359911322593689,0.5443682670593262,0.553256630897522,0.5613717436790466,0.5695788860321045,0.5787262916564941,0.5871962308883667,0.5938125848770142,0.5995368361473083,0.6054061055183411,0.6118965744972229
0.42863452434539795,0.45145881175994873,0.4652728736400604,0.4742259085178375,0.4748840630054474,0.46597328782081604,0.45641669631004333,0.446298748254776,0.4297792315483093,0.41047897934913635,0.394105464220047,0.38255932927131653,0.3783833980560303,0.3809320330619812,0.3859166204929352,0.39173799753189087,0.39692336320877075,0.3984946310520172,0.39725804328918457,0.3955231010913849,0.39309418201446533,0.3909088969230652,0.39083510637283325,0.39229726791381836,0.3952064514160156,0.4008038341999054,0.4077768325805664,0.41426345705986023,0.4215284287929535,0.43073853850364685,0.4403660297393799,0.4492335915565491,0.4581255614757538,0.4678046405315399,0.47806277871131897,0.4883366525173187,0.49800440669059753,0.5069320201873779,0.5158324241638184,0.524786114692688,0.5323010683059692,0.5375347137451172,0.5418304204940796
0.36801886558532715,0.3902852535247803,0.405739426612854,0.41917577385902405,0.42752453684806824,0.42803436517715454,0.4255526661872864,0.42061853408813477,0.4080662429332733,0.3861347734928131,0.35825416445732117,0.3336021304130554,0.3214268684387207,0.3191368281841278,0.31841185688972473,0.31892111897468567,0.32203200459480286,0.3236987888813019,0.32259809970855713,0.3212202489376068,0.31933683156967163,0.3168620765209198,0.3160136342048645,0.31681352853775024,0.31864282488822937,0.32309168577194214,0.3298518657684326,0.3365187346935272,0.34334301948547363,0.35175859928131104,0.3611535429954529,0.3707956075668335,0.3805549144744873,0.38965144753456116,0.3982376456260681,0.40727242827415466,0.41561269760131836,0.4219035506248474,0.42790842056274414,0.435248464345932,0.44227534532546997,0.4473026990890503,0.4506608843803406
