earth/public/data/atmosphere/C53/ANN-temp-isobaric-500hPa-gfs-1.0.json
{"header": {"discipline": 0, "disciplineName": "Meteorological products", "gribEdition": 2, "gribLength": 17922.0, "center": 0, "centerName": "Kiel Climate Model", "subcenter": 0, "refTime": "1", "significanceOfRT": 1, "significanceOfRTName": "Start of forecast", "productStatus": 0, "productStatusName": "Operational products", "productType": 1, "productTypeName": "Forecast products", "productDefinitionTemplate": 0, "productDefinitionTemplateName": "Analysis/forecast at horizontal level/layer at a point in time", "parameterCategory": 2, "parameterCategoryName": "Momentum", "parameterNumber": 2, "parameterNumberName": "U-component_of_wind", "parameterUnit": "K", "genProcessType": 2, "genProcessTypeName": "Forecast", "forecastTime": 0, "surface1Type": 103, "surface1TypeName": "Specified height level above ground", "surface1Value": 10, "surface2Type": 255, "surface2TypeName": "Missing", "surface2Value": 0, "gridDefinitionTemplate": 0, "gridDefinitionTemplateName": "Latitude_Longitude", "numberPoints": 65160, "shape": 6, "shapeName": "Earth spherical with radius of 6,371,229.0 m", "gridUnits": "degrees", "resolution": 48, "winds": "true", "scanMode": 0, "nx": 128.0, "ny": 64.0, "basicAngle": 0, "subDivisions": 0, "lo1": 0.0, "la1": 87.86379883923263, "lo2": 357.1875, "la2": -87.86379883923263, "dx": 2.8125, "dy": 2.7893269472772264}, "data":
[rows 20 to 39 of 64, columns 44 to 87 of 128]
268.7314453125,268.7496643066406,268.8452453613281,269.0290222167969,269.2754821777344,269.5323181152344,269.77886962890625,270.0281982421875,270.27655029296875,270.503662109375,270.7087707519531,270.8991394042969,271.0647277832031,271.19476318359375,271.2932434082031,271.361572265625,271.3945007324219,271.3948974609375,271.36859130859375,271.3143615722656,271.2364196777344,271.14923095703125,271.0609436035156,270.9703369140625,270.88079833984375,270.7989196777344,270.72607421875,270.6629943847656,270.61309814453125,270.57537841796875,270.5450439453125,270.5198974609375,270.497314453125,270.4729919433594,270.44708251953125,270.420166015625,270.38433837890625,270.3328857421875,270.27264404296875,270.2115173339844,270.1464538574219,270.0750427246094,270.00347900390625,269.9339599609375
270.7428894042969,270.7787780761719,270.89862060546875,271.10302734375,271.354736328125,271.5884094238281,271.78631591796875,271.98016357421875,272.1773376464844,272.35284423828125,272.499755859375,272.62994384765625,272.7452392578125,272.8402099609375,272.908935546875,272.94146728515625,272.93829345703125,272.91357421875,272.86822509765625,272.790771484375,272.6907653808594,272.5912780761719,272.4933166503906,272.3876647949219,272.28509521484375,272.1997375488281,272.12628173828125,272.0584716796875,272.00341796875,271.9639587402344,271.9327087402344,271.9064636230469,271.8852844238281,271.8646240234375,271.84130859375,271.81439208984375,271.7768859863281,271.7237854003906,271.66387939453125,271.6059875488281,271.54608154296875,271.48126220703125,271.41796875,271.3584899902344
272.6695861816406,272.7389831542969,272.8815612792969,273.0810852050781,273.2904052734375,273.4598693847656,273.5921936035156,273.7196044921875,273.84454345703125,273.951416015625,274.04339599609375,274.1266174316406,274.195068359375,274.24859619140625,274.2869567871094,274.2955017089844,274.2698059082031,274.2255554199219,274.1639709472656,274.0717468261719,273.95977783203125,273.8518981933594,273.745849609375,273.6314697265625,273.5224609375,273.43365478515625,273.3575744628906,273.28802490234375,273.2330017089844,273.1936950683594,273.1612548828125,273.1343688964844,273.11517333984375,273.0970153808594,273.0733642578125,273.04412841796875,273.0068054199219,272.95977783203125,272.91046142578125,272.8641052246094,272.8161315917969,272.7665710449219,272.7218933105469,272.680419921875
274.3787536621094,274.4850769042969,274.6340637207031,274.7867736816406,274.9046325683594,274.98699951171875,275.0587463378906,275.1244812011719,275.16949462890625,275.2019348144531,275.24554443359375,275.29443359375,275.32476806640625,275.33795166015625,275.3453063964844,275.3353271484375,275.29608154296875,275.2372741699219,275.1640319824219,275.0681457519531,274.95440673828125,274.8381042480469,274.7218933105469,274.6043701171875,274.49530029296875,274.4025573730469,274.3223571777344,274.25299072265625,274.19854736328125,274.15728759765625,274.12298583984375,274.0954895019531,274.07568359375,274.0567321777344,274.0323181152344,274.003173828125,273.9700622558594,273.93377685546875,273.8992614746094,273.8669738769531,273.83209228515625,273.7976989746094,273.7705078125,273.7464904785156
275.7346496582031,275.8427734375,275.966064453125,276.0517578125,276.0839538574219,276.10040283203125,276.1229553222656,276.1291809082031,276.1072692871094,276.08343505859375,276.0800476074219,276.0860290527344,276.08233642578125,276.0681457519531,276.04888916015625,276.0186767578125,275.96893310546875,275.9004821777344,275.8179931640625,275.7225646972656,275.6143493652344,275.4973449707031,275.3796691894531,275.2679748535156,275.16412353515625,275.070068359375,274.98907470703125,274.919677734375,274.8589782714844,274.80841064453125,274.7684326171875,274.7364807128906,274.711669921875,274.69134521484375,274.66973876953125,274.644775390625,274.6178283691406,274.590087890625,274.56396484375,274.5400390625,274.5158996582031,274.49365234375,274.4770812988281,274.4633483886719
276.6789245605469,276.7597351074219,276.82659912109375,276.8419189453125,276.82177734375,276.80206298828125,276.7745056152344,276.72235107421875,276.6690368652344,276.63165283203125,276.5918884277344,276.5457763671875,276.511474609375,276.4842224121094,276.4450988769531,276.39599609375,276.3424072265625,276.27410888671875,276.1874084472656,276.0932312011719,275.9944763183594,275.8878173828125,275.7813415527344,275.6819763183594,275.58447265625,275.4914855957031,275.4122314453125,275.3413391113281,275.273193359375,275.21661376953125,275.1725158691406,275.13165283203125,275.0972595214844,275.073486328125,275.05072021484375,275.02484130859375,275.0009765625,274.9772033691406,274.95098876953125,274.9272766113281,274.9084777832031,274.8923645019531,274.8776550292969,274.86566162109375
277.237060546875,277.2907409667969,277.28692626953125,277.2312316894531,277.17913818359375,277.1460266113281,277.0868225097656,277.0008544921875,276.9464111328125,276.9213562011719,276.8678894042969,276.79254150390625,276.74322509765625,276.7094421386719,276.6578674316406,276.5998229980469,276.548828125,276.4857482910156,276.40283203125,276.3164367675781,276.2295837402344,276.1351318359375,276.04058837890625,275.95068359375,275.85772705078125,275.7669372558594,275.6881103515625,275.6134338378906,275.5424499511719,275.4879455566406,275.4417724609375,275.39111328125,275.3492736816406,275.3216247558594,275.2911376953125,275.2585754394531,275.2348937988281,275.2106018066406,275.17901611328125,275.1509704589844,275.12982177734375,275.1094665527344,275.0888977050781,275.072509765625
277.4689636230469,277.49957275390625,277.4458923339844,277.3474426269531,277.2881774902344,277.2771911621094,277.2434997558594,277.1687927246094,277.110595703125,277.0789794921875,277.0306091308594,276.9693603515625,276.9247131347656,276.88372802734375,276.8310852050781,276.78179931640625,276.73638916015625,276.6762390136719,276.60467529296875,276.5357666015625,276.4635009765625,276.3802795410156,276.2958679199219,276.21429443359375,276.129150390625,276.0460205078125,275.9710998535156,275.89739990234375,275.8298034667969,275.7779235839844,275.72796630859375,275.67431640625,275.635498046875,275.6064758300781,275.5685119628906,275.5341491699219,275.510986328125,275.4794616699219,275.441162109375,275.412841796875,275.3874816894531,275.3583679199219,275.3330993652344,275.3121337890625
277.4737548828125,277.48797607421875,277.4315490722656,277.3422546386719,277.3033142089844,277.3370361328125,277.3710632324219,277.34381103515625,277.2801208496094,277.2283020019531,277.198486328125,277.1767883300781,277.1459045410156,277.1029968261719,277.0664978027344,277.04168701171875,277.0076599121094,276.9572448730469,276.9056091308594,276.8569641113281,276.8004455566406,276.73455810546875,276.66827392578125,276.6026916503906,276.5338134765625,276.466552734375,276.40509033203125,276.3456115722656,276.29083251953125,276.2427062988281,276.19329833984375,276.1494445800781,276.12103271484375,276.0893859863281,276.04833984375,276.021728515625,276.00054931640625,275.9596252441406,275.9205322265625,275.89996337890625,275.8726501464844,275.837890625,275.8148498535156,275.79144287109375
277.38189697265625,277.3971252441406,277.3695983886719,277.3209533691406,277.3077697753906,277.3636779785156,277.4450988769531,277.47515869140625,277.4425048828125,277.40594482421875,277.40533447265625,277.416015625,277.4023132324219,277.376953125,277.3682861328125,277.3652038574219,277.34619140625,277.31829833984375,277.2900695800781,277.2550964355469,277.2127990722656,277.1690673828125,277.1248779296875,277.07904052734375,277.0306701660156,276.9812316894531,276.93487548828125,276.8930358886719,276.8536376953125,276.81268310546875,276.77154541015625,276.7415466308594,276.718994140625,276.6830749511719,276.6449890136719,276.62860107421875,276.60894775390625,276.56658935546875,276.53631591796875,276.52288818359375,276.4916687011719,276.4557189941406,276.4370422363281,276.4101257324219
277.2982482910156,277.3264465332031,277.3331298828125,277.3338317871094,277.3445129394531,277.3874816894531,277.4624328613281,277.5279846191406,277.5559997558594,277.5694274902344,277.5932312011719,277.6134948730469,277.61688232421875,277.6201477050781,277.6299133300781,277.6294860839844,277.61944580078125,277.61126708984375,277.5954284667969,277.56597900390625,277.5362854003906,277.5079040527344,277.473876953125,277.4400634765625,277.4079895019531,277.3705139160156,277.3307189941406,277.295166015625,277.2614440917969,277.226318359375,277.1934814453125,277.1680908203125,277.14300537109375,277.10833740234375,277.0780029296875,277.0631103515625,277.041259765625,277.0079650878906,276.9892272949219,276.9739990234375,276.939208984375,276.9085693359375,276.8907165527344,276.85760498046875
277.2717590332031,277.31134033203125,277.3460998535156,277.3900146484375,277.4243469238281,277.4479064941406,277.48858642578125,277.55096435546875,277.6102294921875,277.6531982421875,277.681396484375,277.69586181640625,277.7054443359375,277.7189636230469,277.7259521484375,277.719482421875,277.71356201171875,277.70904541015625,277.69049072265625,277.66485595703125,277.64501953125,277.6191711425781,277.58355712890625,277.5541076660156,277.5285949707031,277.4947204589844,277.45684814453125,277.4208679199219,277.38616943359375,277.3559875488281,277.3301086425781,277.30419921875,277.2784118652344,277.2535095214844,277.2302551269531,277.2085266113281,277.18536376953125,277.16595458984375,277.15313720703125,277.1318664550781,277.1015319824219,277.0794677734375,277.055419921875,277.0169372558594
277.28436279296875,277.3223876953125,277.3585205078125,277.406982421875,277.44635009765625,277.46551513671875,277.4881286621094,277.527099609375,277.5666198730469,277.5950622558594,277.6134338378906,277.6231384277344,277.6286926269531,277.6337890625,277.6347961425781,277.6333312988281,277.6329345703125,277.6236877441406,277.6025695800781,277.58447265625,277.56842041015625,277.5399475097656,277.5080261230469,277.48468017578125,277.4581298828125,277.423583984375,277.3904113769531,277.3565979003906,277.3221740722656,277.2975769042969,277.2788391113281,277.2572937011719,277.2398986816406,277.2279968261719,277.2105712890625,277.1888427734375,277.174072265625,277.1652526855469,277.1501770019531,277.12701416015625,277.1070251464844,277.0869140625,277.0523376464844,277.015625
277.2716369628906,277.28741455078125,277.2922668457031,277.3062744140625,277.3273620605469,277.34759521484375,277.3699645996094,277.38897705078125,277.39434814453125,277.3952941894531,277.40435791015625,277.4152526855469,277.42041015625,277.4247741699219,277.4327087402344,277.44091796875,277.4415283203125,277.430908203125,277.4185791015625,277.4100646972656,277.3940124511719,277.3699951171875,277.3536682128906,277.3404235839844,277.3152770996094,277.28656005859375,277.2615966796875,277.2303466796875,277.1975402832031,277.17578125,277.1584167480469,277.1417541503906,277.13446044921875,277.13006591796875,277.11761474609375,277.10601806640625,277.1019287109375,277.0921936035156,277.07049560546875,277.0512390136719,277.03912353515625,277.0147705078125,276.976318359375,276.9482116699219
277.22796630859375,277.2152099609375,277.1951904296875,277.1849060058594,277.1855773925781,277.18963623046875,277.1948547363281,277.1940612792969,277.1816711425781,277.17083740234375,277.1728515625,277.17840576171875,277.18084716796875,277.1869812011719,277.19586181640625,277.1967468261719,277.18701171875,277.1759948730469,277.1703186035156,277.16259765625,277.1462707519531,277.13262939453125,277.1283264160156,277.1198425292969,277.10394287109375,277.0909729003906,277.07391357421875,277.0455627441406,277.0208740234375,277.0043029785156,276.98492431640625,276.9699401855469,276.9664611816406,276.9597473144531,276.9466247558594,276.9399719238281,276.9338073730469,276.9139099121094,276.88861083984375,276.872802734375,276.85858154296875,276.8294677734375,276.7943420410156,276.767333984375
277.25323486328125,277.2261047363281,277.20416259765625,277.1900634765625,277.1728210449219,277.1442565917969,277.1144714355469,277.091064453125,277.07012939453125,277.0526123046875,277.0389709472656,277.0216979980469,277.0021057128906,276.9878845214844,276.9732971191406,276.9491882324219,276.9208984375,276.89630126953125,276.87255859375,276.8454895019531,276.8211975097656,276.8057556152344,276.7915954589844,276.7737731933594,276.7632141113281,276.7582092285156,276.7406311035156,276.7174072265625,276.7083740234375,276.7021179199219,276.6860046386719,276.67584228515625,276.6733093261719,276.6613464355469,276.6459045410156,276.63641357421875,276.619873046875,276.5931091308594,276.56915283203125,276.54730224609375,276.5176086425781,276.4808044433594,276.44244384765625,276.3990783691406
277.4052734375,277.3692932128906,277.33465576171875,277.301025390625,277.2607116699219,277.2099914550781,277.1602783203125,277.11810302734375,277.07733154296875,277.0359802246094,276.9937744140625,276.9459228515625,276.89508056640625,276.8480224609375,276.8010559082031,276.749267578125,276.69512939453125,276.63751220703125,276.5744323730469,276.5147705078125,276.4673156738281,276.425537109375,276.38079833984375,276.3415222167969,276.3171081542969,276.29388427734375,276.2610778808594,276.237060546875,276.2313537597656,276.22369384765625,276.2095642089844,276.2039794921875,276.19964599609375,276.1864013671875,276.1761169433594,276.1671142578125,276.14495849609375,276.11865234375,276.09552001953125,276.060791015625,276.0142517089844,275.9693603515625,275.9194030761719,275.8547668457031
277.5587158203125,277.5093994140625,277.4493408203125,277.38702392578125,277.32757568359375,277.26934814453125,277.21099853515625,277.1478271484375,277.0762023925781,277.0030212402344,276.9333190917969,276.86187744140625,276.787841796875,276.7152404785156,276.6415100097656,276.5626220703125,276.47735595703125,276.3844299316406,276.2893981933594,276.20330810546875,276.125244140625,276.0457458496094,275.9684143066406,275.9044189453125,275.8494567871094,275.7914123535156,275.73638916015625,275.6982727050781,275.6703186035156,275.64044189453125,275.6167297363281,275.60272216796875,275.5853271484375,275.5680847167969,275.5623779296875,275.55267333984375,275.5273742675781,275.5030212402344,275.4799499511719,275.4408874511719,275.3937683105469,275.3487854003906,275.29083251953125,275.21795654296875
277.47039794921875,277.41583251953125,277.3511962890625,277.2824401855469,277.2134094238281,277.1408996582031,277.06146240234375,276.9741516113281,276.8832092285156,276.796142578125,276.71209716796875,276.6236877441406,276.5304260253906,276.4352722167969,276.3361511230469,276.2322692871094,276.125732421875,276.01708984375,275.91033935546875,275.8091735839844,275.7077941894531,275.6040954589844,275.5089111328125,275.4252624511719,275.34173583984375,275.2579650878906,275.1868896484375,275.1274719238281,275.0679016113281,275.0133361816406,274.9741516113281,274.93939208984375,274.8999328613281,274.8707580566406,274.8551940917969,274.83221435546875,274.8006896972656,274.7777404785156,274.7563781738281,274.7236633300781,274.6880187988281,274.6488037109375,274.5934143066406,274.530517578125
276.9136657714844,276.86187744140625,276.80499267578125,276.738525390625,276.6605224609375,276.57159423828125,276.4759521484375,276.38006591796875,276.2890625,276.2017822265625,276.1104431152344,276.0105285644531,275.9053649902344,275.7962646484375,275.68206787109375,275.5687561035156,275.46173095703125,275.3563232421875,275.2482604980469,275.14007568359375,275.0334167480469,274.930908203125,274.83648681640625,274.7456970214844,274.6526794433594,274.56494140625,274.48822021484375,274.4127502441406,274.3357849121094,274.2714538574219,274.22003173828125,274.165771484375,274.11138916015625,274.0716552734375,274.0382080078125,273.9972839355469,273.96051025390625,273.936767578125,273.91180419921875,273.88079833984375,273.8515930175781,273.8174743652344,273.7742004394531,273.7336120605469
