earth/public/data/atmosphere/C53/ANN-wind-isobaric-250hPa-gfs-1.0.json
{"header": {"discipline": 0, "disciplineName": "Meteorological products", "gribEdition": 2, "gribLength": 17922.0, "center": 0, "centerName": "Kiel Climate Model", "subcenter": 0, "refTime": "1", "significanceOfRT": 1, "significanceOfRTName": "Start of forecast", "productStatus": 0, "productStatusName": "Operational products", "productType": 1, "productTypeName": "Forecast products", "productDefinitionTemplate": 0, "productDefinitionTemplateName": "Analysis/forecast at horizontal level/layer at a point in time", "parameterCategory": 2, "parameterCategoryName": "Momentum", "parameterNumber": 2, "parameterNumberName": "U-component_of_wind", "parameterUnit": "m/s", "genProcessType": 2, "genProcessTypeName": "Forecast", "forecastTime": 0, "surface1Type": 103, "surface1TypeName": "Specified height level above ground", "surface1Value": 10, "surface2Type": 255, "surface2TypeName": "Missing", "surface2Value": 0, "gridDefinitionTemplate": 0, "gridDefinitionTemplateName": "Latitude_Longitude", "numberPoints": 65160, "shape": 6, "shapeName": "Earth spherical with radius of 6,371,229.0 m", "gridUnits": "degrees", "resolution": 48, "winds": "true", "scanMode": 0, "nx": 128.0, "ny": 64.0, "basicAngle": 0, "subDivisions": 0, "lo1": 0.0, "la1": 87.86379883923263, "lo2": 357.1875, "la2": -87.86379883923263, "dx": 2.8125, "dy": 2.7893269472772264}, "data":
[rows 38 to 56 of 64, columns 44 to 87 of 128]
12.67957592010498,12.920275688171387,13.176492691040039,13.458697319030762,13.745096206665039,14.0264253616333,14.302898406982422,14.552770614624023,14.768549919128418,14.967584609985352,15.141045570373535,15.266202926635742,15.353851318359375,15.417562484741211,15.440518379211426,15.414021492004395,15.357769012451172,15.287973403930664,15.205381393432617,15.109003067016602,15.001055717468262,14.883885383605957,14.754203796386719,14.605842590332031,14.445061683654785,14.285602569580078,14.128372192382812,13.969039916992188,13.811017036437988,13.649321556091309,13.474577903747559,13.302645683288574,13.153681755065918,13.012102127075195,12.86188793182373,12.726426124572754,12.621742248535156,12.527202606201172,12.436548233032227,12.364608764648438,12.30596923828125,12.25956916809082,12.2455472946167,12.251770973205566
18.839557647705078,19.0670166015625,19.317214965820312,19.587730407714844,19.861364364624023,20.13343048095703,20.399736404418945,20.637264251708984,20.83734703063965,21.011428833007812,21.15538215637207,21.260482788085938,21.333478927612305,21.367216110229492,21.344148635864258,21.276317596435547,21.185396194458008,21.065902709960938,20.91202163696289,20.738435745239258,20.555208206176758,20.36100959777832,20.155372619628906,19.933931350708008,19.694087982177734,19.443775177001953,19.183900833129883,18.906818389892578,18.61985969543457,18.334177017211914,18.044544219970703,17.752552032470703,17.472679138183594,17.197473526000977,16.90951156616211,16.621620178222656,16.35403823852539,16.10002326965332,15.850224494934082,15.605287551879883,15.361469268798828,15.125304222106934,14.913101196289062,14.719386100769043
25.159503936767578,25.34651756286621,25.566734313964844,25.796966552734375,26.015384674072266,26.227895736694336,26.437213897705078,26.62440299987793,26.781545639038086,26.91449546813965,27.01637840270996,27.07741355895996,27.09597396850586,27.064577102661133,26.984039306640625,26.875158309936523,26.739513397216797,26.554256439208984,26.32523536682129,26.08281135559082,25.832061767578125,25.56540298461914,25.290555953979492,25.00623893737793,24.70030975341797,24.380775451660156,24.058658599853516,23.72446060180664,23.380563735961914,23.047828674316406,22.723459243774414,22.38840103149414,22.048097610473633,21.713090896606445,21.369524002075195,21.00753402709961,20.642011642456055,20.28553009033203,19.932680130004883,19.575122833251953,19.21392822265625,18.857898712158203,18.511568069458008,18.173818588256836
30.614450454711914,30.71359634399414,30.83187484741211,30.951265335083008,31.061555862426758,31.1755428314209,31.290969848632812,31.385759353637695,31.4543399810791,31.503496170043945,31.525814056396484,31.508621215820312,31.44745635986328,31.341407775878906,31.200471878051758,31.037982940673828,30.841163635253906,30.59270668029785,30.31509780883789,30.03716468811035,29.74864387512207,29.440296173095703,29.13156509399414,28.823184967041016,28.495389938354492,28.162229537963867,27.8515682220459,27.55232048034668,27.24745750427246,26.95160484313965,26.670635223388672,26.384119033813477,26.089332580566406,25.79918098449707,25.499427795410156,25.165929794311523,24.806215286254883,24.43952178955078,24.063989639282227,23.67510414123535,23.28550148010254,22.902389526367188,22.512422561645508,22.109167098999023
34.12971878051758,34.10553741455078,34.07771301269531,34.04500198364258,34.0142707824707,33.994834899902344,33.97266387939453,33.926795959472656,33.85961151123047,33.780311584472656,33.68198776245117,33.5548095703125,33.396888732910156,33.20808410644531,32.99469757080078,32.76411056518555,32.50760269165039,32.22041320800781,31.92708969116211,31.64565658569336,31.36016082763672,31.066646575927734,30.790258407592773,30.532489776611328,30.270578384399414,30.016489028930664,29.801042556762695,29.61431884765625,29.429426193237305,29.252681732177734,29.09678077697754,28.948951721191406,28.799272537231445,28.650754928588867,28.489757537841797,28.294706344604492,28.0667781829834,27.814247131347656,27.529998779296875,27.215761184692383,26.893535614013672,26.568431854248047,26.217744827270508,25.832509994506836
35.48935317993164,35.33238983154297,35.1593017578125,34.971988677978516,34.781124114990234,34.59046173095703,34.38864517211914,34.17137145996094,33.950164794921875,33.727874755859375,33.493247985839844,33.242977142333984,32.98173141479492,32.70863723754883,32.426246643066406,32.14448547363281,31.862516403198242,31.574729919433594,31.293033599853516,31.030954360961914,30.782255172729492,30.545900344848633,30.340713500976562,30.172922134399414,30.028610229492188,29.90910530090332,29.82866859436035,29.781082153320312,29.750728607177734,29.741525650024414,29.76021385192871,29.795316696166992,29.834060668945312,29.872041702270508,29.898603439331055,29.901504516601562,29.879499435424805,29.827285766601562,29.728839874267578,29.583984375,29.411874771118164,29.216209411621094,28.981388092041016,28.706785202026367
35.5553092956543,35.25691604614258,34.93457794189453,34.589080810546875,34.23104476928711,33.864723205566406,33.48941421508789,33.114784240722656,32.75267791748047,32.397762298583984,32.04007339477539,31.68665313720703,31.34709358215332,31.016128540039062,30.692110061645508,30.38831901550293,30.10865592956543,29.841367721557617,29.586366653442383,29.358413696289062,29.161151885986328,28.988187789916992,28.846168518066406,28.75031089782715,28.704158782958984,28.700389862060547,28.732030868530273,28.795555114746094,28.892152786254883,29.02566909790039,29.19321060180664,29.384836196899414,29.59181785583496,29.80413246154785,30.006742477416992,30.191843032836914,30.361927032470703,30.50993537902832,30.61622428894043,30.673187255859375,30.689146041870117,30.66649627685547,30.60202980041504,30.504995346069336
35.26030731201172,34.829715728759766,34.3690299987793,33.88516616821289,33.39155960083008,32.894107818603516,32.395103454589844,31.90418243408203,31.42947006225586,30.968284606933594,30.521831512451172,30.104637145996094,29.72239875793457,29.361061096191406,29.01396942138672,28.696170806884766,28.417144775390625,28.16594123840332,27.936925888061523,27.742137908935547,27.586673736572266,27.459640502929688,27.35987091064453,27.306371688842773,27.312570571899414,27.368728637695312,27.458717346191406,27.58106803894043,27.743741989135742,27.94830322265625,28.189537048339844,28.46588706970215,28.775611877441406,29.102724075317383,29.424457550048828,29.734174728393555,30.039142608642578,30.334163665771484,30.598478317260742,30.820913314819336,31.00567054748535,31.155475616455078,31.270755767822266,31.360454559326172
34.80390167236328,34.29341125488281,33.755165100097656,33.198360443115234,32.63373565673828,32.06521224975586,31.495468139648438,30.934101104736328,30.391172409057617,29.87076187133789,29.379199981689453,28.927553176879883,28.516427993774414,28.133460998535156,27.775760650634766,27.458221435546875,27.189472198486328,26.95842170715332,26.75505256652832,26.585285186767578,26.454618453979492,26.356576919555664,26.28873062133789,26.262826919555664,26.287782669067383,26.356435775756836,26.459190368652344,26.59859848022461,26.779884338378906,26.998807907104492,27.250381469726562,27.539600372314453,27.86881446838379,28.223125457763672,28.5839900970459,28.95016098022461,29.327560424804688,29.7039794921875,30.055910110473633,30.37659454345703,30.67708969116211,30.961917877197266,31.224409103393555,31.46352195739746
33.90981674194336,33.38898849487305,32.8474006652832,32.29096984863281,31.72287368774414,31.144153594970703,30.561159133911133,29.988147735595703,29.438091278076172,28.914859771728516,28.41903305053711,27.95530891418457,27.529254913330078,27.144193649291992,26.806148529052734,26.522558212280273,26.290390014648438,26.09437370300293,25.92403793334961,25.783557891845703,25.68010902404785,25.612253189086914,25.575136184692383,25.568613052368164,25.593589782714844,25.64890480041504,25.736967086791992,25.864450454711914,26.03192901611328,26.230710983276367,26.45530128479004,26.71002769470215,26.997129440307617,27.308670043945312,27.63878059387207,27.992733001708984,28.371095657348633,28.75499153137207,29.123085021972656,29.476831436157227,29.832164764404297,30.190593719482422,30.536434173583984,30.860870361328125
32.25867462158203,31.79233741760254,31.307907104492188,30.8117618560791,30.303386688232422,29.78138542175293,29.251708984375,28.728260040283203,28.223705291748047,27.742080688476562,27.283105850219727,26.85188102722168,26.46015167236328,26.11903190612793,25.8331241607666,25.598529815673828,25.40481185913086,25.242074966430664,25.108753204345703,25.010557174682617,24.950092315673828,24.920692443847656,24.911754608154297,24.916688919067383,24.935089111328125,24.971433639526367,25.033266067504883,25.12640953063965,25.249309539794922,25.39582061767578,25.564035415649414,25.757253646850586,25.975601196289062,26.214157104492188,26.471731185913086,26.75347900390625,27.05922508239746,27.377668380737305,27.699960708618164,28.031402587890625,28.379390716552734,28.735958099365234,29.084327697753906,29.42056655883789
29.63751983642578,29.290637969970703,28.921871185302734,28.538719177246094,28.141218185424805,27.726682662963867,27.29717445373535,26.863161087036133,26.43893051147461,26.03632354736328,25.663272857666016,25.326400756835938,25.03130531311035,24.778902053833008,24.56406021118164,24.379230499267578,24.220869064331055,24.09258460998535,24.00125503540039,23.949106216430664,23.928634643554688,23.925884246826172,23.929134368896484,23.934537887573242,23.945051193237305,23.96608543395996,24.001708984375,24.052448272705078,24.115978240966797,24.191341400146484,24.282276153564453,24.394018173217773,24.526897430419922,24.67586326599121,24.837013244628906,25.011791229248047,25.20435333251953,25.418733596801758,25.658981323242188,25.926511764526367,26.213001251220703,26.502479553222656,26.786823272705078,27.075443267822266
26.08748435974121,25.901939392089844,25.6883487701416,25.44963264465332,25.187637329101562,24.903427124023438,24.600772857666016,24.289705276489258,23.98607635498047,23.706165313720703,23.460826873779297,23.252986907958984,23.078462600708008,22.92937469482422,22.798654556274414,22.684396743774414,22.59082794189453,22.52437973022461,22.487220764160156,22.47355079650879,22.471813201904297,22.47139549255371,22.46776008605957,22.46236228942871,22.458892822265625,22.459941864013672,22.465791702270508,22.474519729614258,22.48357391357422,22.492328643798828,22.504043579101562,22.524734497070312,22.558752059936523,22.60626220703125,22.665386199951172,22.736595153808594,22.825984954833984,22.94333267211914,23.094959259033203,23.275619506835938,23.468505859375,23.65840721130371,23.84732437133789,24.053119659423828
21.92612075805664,21.881391525268555,21.809764862060547,21.708740234375,21.582670211791992,21.43920135498047,21.286575317382812,21.133594512939453,20.989694595336914,20.863182067871094,20.758169174194336,20.673654556274414,20.60576629638672,20.55168914794922,20.511934280395508,20.489179611206055,20.484766006469727,20.49540901184082,20.51348304748535,20.5302677154541,20.54020118713379,20.542037963867188,20.536697387695312,20.524368286132812,20.504226684570312,20.47681427001953,20.444942474365234,20.41147232055664,20.375734329223633,20.333900451660156,20.28336524963379,20.22745132446289,20.174636840820312,20.133638381958008,20.108901977539062,20.101778030395508,20.114347457885742,20.151060104370117,20.213836669921875,20.296276092529297,20.385339736938477,20.472665786743164,20.563913345336914,20.6739444732666
17.616247177124023,17.641817092895508,17.655059814453125,17.652507781982422,17.639163970947266,17.6238956451416,17.614356994628906,17.614194869995117,17.623661041259766,17.641033172607422,17.664030075073242,17.6911678314209,17.723148345947266,17.763111114501953,17.814523696899414,17.877763748168945,17.947973251342773,18.016521453857422,18.075603485107422,18.122251510620117,18.158294677734375,18.185688018798828,18.201929092407227,18.200204849243164,18.174869537353516,18.127368927001953,18.06633758544922,18.001129150390625,17.93412971496582,17.85978889465332,17.77142333984375,17.66926383972168,17.562341690063477,17.462560653686523,17.3773250579834,17.30716323852539,17.249956130981445,17.20527458190918,17.17432403564453,17.156375885009766,17.14781951904297,17.14593505859375,17.153104782104492,17.175029754638672
13.60386848449707,13.64472484588623,13.692146301269531,13.744148254394531,13.802871704101562,13.872547149658203,13.956202507019043,14.053889274597168,14.163349151611328,14.28138542175293,14.4053373336792,14.533753395080566,14.666097640991211,14.80176830291748,14.938535690307617,15.071895599365234,15.195903778076172,15.305928230285645,15.401198387145996,15.484644889831543,15.559258460998535,15.623473167419434,15.669530868530273,15.687361717224121,15.671470642089844,15.625507354736328,15.560100555419922,15.485239028930664,15.403584480285645,15.310504913330078,15.200395584106445,15.073667526245117,14.938048362731934,14.803396224975586,14.675050735473633,14.552047729492188,14.43113899230957,14.312207221984863,14.199522972106934,14.09897232055664,14.013490676879883,13.942378044128418,13.883105278015137,13.83368968963623
10.061007499694824,10.11861801147461,10.1937255859375,10.285188674926758,10.391912460327148,10.512919425964355,10.64735221862793,10.794403076171875,10.953598976135254,11.124748229980469,11.307453155517578,11.500189781188965,11.699603080749512,11.900402069091797,12.096196174621582,12.2808198928833,12.449975967407227,12.602496147155762,12.739679336547852,12.863470077514648,12.973348617553711,13.064973831176758,13.131269454956055,13.166001319885254,13.167642593383789,13.140345573425293,13.090776443481445,13.023682594299316,12.939339637756348,12.835184097290039,12.710431098937988,12.569063186645508,12.419034957885742,12.267702102661133,12.11746597290039,11.965789794921875,11.80919361114502,11.647920608520508,11.487588882446289,11.336240768432617,11.199474334716797,11.077730178833008,10.967069625854492,10.862699508666992
6.914289474487305,7.015025615692139,7.135752201080322,7.275069236755371,7.429927349090576,7.596368789672852,7.770890712738037,7.95107364654541,8.136473655700684,8.327917098999023,8.526721000671387,8.733288764953613,8.946324348449707,9.162693977355957,9.377964973449707,9.587560653686523,9.787338256835938,9.974220275878906,10.145513534545898,10.298543930053711,10.4301118850708,10.536938667297363,10.616591453552246,10.66830825805664,10.693267822265625,10.6932954788208,10.669194221496582,10.619878768920898,10.543460845947266,10.439598083496094,10.311882019042969,10.167872428894043,10.016411781311035,9.863730430603027,9.710877418518066,9.554509162902832,9.390581130981445,9.218218803405762,9.041403770446777,8.867210388183594,8.702168464660645,8.549184799194336,8.406733512878418,8.270970344543457
4.2279534339904785,4.373943328857422,4.537973403930664,4.717354774475098,4.907953262329102,5.104916572570801,5.303544998168945,5.500472545623779,5.694454193115234,5.8864030838012695,6.0788655281066895,6.274821758270264,6.476571083068848,6.684817314147949,6.8980712890625,7.112834930419922,7.323945045471191,7.525432109832764,7.711384296417236,7.8769659996032715,8.019007682800293,8.136528968811035,8.230287551879883,8.301775932312012,8.351743698120117,8.379218101501465,8.381288528442383,8.354205131530762,8.295466423034668,8.206031799316406,8.090967178344727,7.958330154418945,7.8166327476501465,7.671539306640625,7.524629592895508,7.373815536499023,7.215931415557861,7.049683094024658,6.877074718475342,6.70308780670166,6.5335564613342285,6.372710227966309,6.221724033355713,6.079002857208252
