earth/public/data/atmosphere/C53/ANN-temp-surface-level-gfs-1.0.json
{"header": {"discipline": 0, "disciplineName": "Meteorological products", "gribEdition": 2, "gribLength": 17922.0, "center": 0, "centerName": "Kiel Climate Model", "subcenter": 0, "refTime": "1", "significanceOfRT": 1, "significanceOfRTName": "Start of forecast", "productStatus": 0, "productStatusName": "Operational products", "productType": 1, "productTypeName": "Forecast products", "productDefinitionTemplate": 0, "productDefinitionTemplateName": "Analysis/forecast at horizontal level/layer at a point in time", "parameterCategory": 2, "parameterCategoryName": "Momentum", "parameterNumber": 2, "parameterNumberName": "U-component_of_wind", "parameterUnit": "K", "genProcessType": 2, "genProcessTypeName": "Forecast", "forecastTime": 0, "surface1Type": 103, "surface1TypeName": "Specified height level above ground", "surface1Value": 10, "surface2Type": 255, "surface2TypeName": "Missing", "surface2Value": 0, "gridDefinitionTemplate": 0, "gridDefinitionTemplateName": "Latitude_Longitude", "numberPoints": 65160, "shape": 6, "shapeName": "Earth spherical with radius of 6,371,229.0 m", "gridUnits": "degrees", "resolution": 48, "winds": "true", "scanMode": 0, "nx": 128.0, "ny": 64.0, "basicAngle": 0, "subDivisions": 0, "lo1": 0.0, "la1": 87.86379883923263, "lo2": 357.1875, "la2": -87.86379883923263, "dx": 2.8125, "dy": 2.7893269472772264}, "data":
[rows 40 to 59 of 64, columns 0 to 43 of 128]
308.46807861328125,310.12615966796875,310.973388671875,311.3759460449219,311.518798828125,312.0287170410156,312.89215087890625,312.29840087890625,309.3357238769531,305.94580078125,304.1595764160156,302.2153625488281,302.373291015625,302.6982421875,302.86260986328125,302.5324401855469,302.3460998535156,302.4110412597656,302.2334899902344,301.87176513671875,301.7279968261719,301.747802734375,301.7223815917969,301.7071228027344,301.6546630859375,301.4948425292969,301.4501037597656,301.5987548828125,301.6893005371094,301.6551208496094,301.6750793457031,301.7433166503906,301.7530212402344,301.7411804199219,301.7481689453125,301.74560546875,301.7703857421875,301.8354797363281,301.8721618652344,301.85968017578125,301.8389587402344,301.8155517578125,301.787353515625,301.76019287109375
306.09722900390625,307.34552001953125,308.23760986328125,308.57537841796875,308.55596923828125,309.26470947265625,310.43243408203125,310.24688720703125,307.9795837402344,305.5426330566406,302.74737548828125,302.4032287597656,301.98052978515625,301.7308654785156,301.6279296875,301.41558837890625,301.3772277832031,301.6739501953125,301.5664978027344,301.30810546875,301.1080322265625,300.84332275390625,300.579833984375,300.617919921875,300.7707824707031,300.64410400390625,300.413818359375,300.4053649902344,300.480712890625,300.4336853027344,300.37451171875,300.3999328613281,300.43096923828125,300.4283142089844,300.4197998046875,300.4217529296875,300.4716491699219,300.56298828125,300.5942077636719,300.5242919921875,300.4473876953125,300.44207763671875,300.47637939453125,300.4942321777344
304.2544250488281,305.01458740234375,305.61578369140625,305.6651611328125,305.6389465332031,306.3025207519531,307.1217041015625,306.39007568359375,304.3480529785156,301.76361083984375,301.4915771484375,301.23065185546875,300.8750305175781,300.7563781738281,300.66790771484375,300.6509704589844,300.29296875,300.3487854003906,300.23199462890625,300.3034362792969,300.49542236328125,300.28411865234375,299.75274658203125,299.4889221191406,299.5733337402344,299.5642395019531,299.37054443359375,299.2221374511719,299.1280212402344,299.01092529296875,298.94073486328125,298.9394226074219,298.9279479980469,298.90673828125,298.9217834472656,298.9322509765625,298.90191650390625,298.86773681640625,298.8526611328125,298.85064697265625,298.88067626953125,298.92864990234375,298.9263916015625,298.8624267578125
301.4388732910156,301.98565673828125,302.6333923339844,302.6153564453125,302.8777160644531,303.557373046875,303.95703125,303.01715087890625,301.56085205078125,300.31640625,300.3143005371094,299.9380187988281,299.7564392089844,299.83319091796875,300.53271484375,300.38934326171875,299.9372863769531,299.25054931640625,298.9156799316406,298.7093505859375,299.0188903808594,299.35015869140625,299.0711669921875,298.5681457519531,298.2528381347656,298.13665771484375,298.09149169921875,298.0361328125,297.91326904296875,297.7698059082031,297.703369140625,297.6631774902344,297.5613708496094,297.4599914550781,297.4495544433594,297.462646484375,297.40350341796875,297.3223876953125,297.30511474609375,297.3425598144531,297.3743896484375,297.3623046875,297.2857666015625,297.1705627441406
298.21148681640625,298.85284423828125,299.54193115234375,299.8691711425781,299.81793212890625,300.5181884765625,300.9453430175781,300.5759582519531,300.06298828125,299.6759033203125,299.5953369140625,298.7353210449219,298.23480224609375,298.1445617675781,298.6312561035156,298.4289855957031,298.2018737792969,298.09625244140625,298.1518859863281,297.6508483886719,297.35223388671875,297.96795654296875,298.41033935546875,298.197265625,297.7078552246094,297.3121337890625,297.1733703613281,297.1170654296875,296.95794677734375,296.752197265625,296.61407470703125,296.5065002441406,296.341796875,296.1998291015625,296.1468505859375,296.1293029785156,296.08154296875,296.0735778808594,296.11785888671875,296.104736328125,295.9783630371094,295.85693359375,295.85015869140625,295.91546630859375
295.862548828125,296.46893310546875,296.5771484375,296.2253112792969,296.2995300292969,296.94866943359375,297.659423828125,298.05657958984375,298.16888427734375,298.4766540527344,297.62799072265625,296.7265319824219,296.098388671875,296.0313720703125,295.81201171875,295.23687744140625,295.1609191894531,295.9364013671875,296.52685546875,296.44683837890625,295.919921875,296.3326416015625,297.46514892578125,297.67919921875,297.29351806640625,296.73602294921875,296.3827819824219,296.1964111328125,295.9609375,295.6630554199219,295.39678955078125,295.1824035644531,294.96710205078125,294.7897644042969,294.6509704589844,294.48028564453125,294.3242492675781,294.3157043457031,294.4989013671875,294.5826416015625,294.41552734375,294.2012023925781,294.16107177734375,294.25439453125
293.63946533203125,293.81689453125,292.9622802734375,292.7106018066406,292.9781799316406,293.8663024902344,294.886474609375,295.9376220703125,296.31524658203125,295.99835205078125,295.0824890136719,294.4513244628906,294.2962951660156,295.3138732910156,293.8841247558594,293.2388916015625,292.6240234375,293.0596923828125,293.6390075683594,293.9651794433594,293.4295959472656,294.208740234375,295.54522705078125,295.7234191894531,295.4033508300781,294.9162292480469,294.5801086425781,294.47381591796875,294.27032470703125,293.91082763671875,293.53533935546875,293.19573974609375,292.9098815917969,292.6616516113281,292.460693359375,292.1210021972656,291.8489685058594,291.6983642578125,292.0632019042969,292.5340576171875,292.5783386230469,292.29107666015625,292.005615234375,291.8238220214844
290.0896911621094,289.9994812011719,289.6096496582031,289.9311218261719,290.705810546875,291.8928527832031,293.6273498535156,294.0775451660156,293.89239501953125,293.6496887207031,292.74761962890625,292.3544616699219,292.30279541015625,293.2882385253906,293.2375793457031,292.7989196777344,291.5140075683594,291.2256164550781,291.31536865234375,291.5793762207031,291.6468505859375,291.4696350097656,292.4287414550781,291.89434814453125,291.3553466796875,291.1578369140625,291.10595703125,291.41693115234375,291.1990966796875,290.7432861328125,290.3864440917969,290.13763427734375,289.929931640625,289.7522888183594,289.6252746582031,289.3858947753906,289.15911865234375,288.7763977050781,288.8738708496094,289.78375244140625,290.2906188964844,290.17523193359375,289.830078125,289.5185546875
286.9996337890625,287.01654052734375,287.39825439453125,288.0834045410156,289.6396789550781,291.1846923828125,292.0787048339844,291.9642333984375,291.7729187011719,291.8977355957031,290.64068603515625,290.14794921875,289.94268798828125,290.181884765625,290.5360412597656,290.88922119140625,291.3222351074219,290.44140625,289.8138122558594,289.7613220214844,289.9586486816406,290.13751220703125,289.91204833984375,289.64385986328125,289.2920227050781,288.98956298828125,288.68389892578125,288.50537109375,288.0716552734375,287.69915771484375,287.51678466796875,287.424560546875,287.33172607421875,287.2587890625,287.2231750488281,287.1396484375,286.9578857421875,286.5986328125,286.3847961425781,287.0699768066406,287.7665710449219,288.0178527832031,287.91790771484375,287.58709716796875
285.6946105957031,285.7208251953125,286.1728210449219,286.8555908203125,288.233154296875,289.5244445800781,289.99066162109375,290.0225524902344,290.0272216796875,290.11474609375,290.002685546875,289.3807067871094,288.1323547363281,288.3555908203125,289.2322692871094,289.68927001953125,289.7700500488281,289.3764343261719,288.9591369628906,288.72698974609375,288.56884765625,288.7779846191406,288.6240539550781,288.15234375,287.80450439453125,287.6357727050781,287.3231506347656,286.879150390625,286.25640869140625,285.6172180175781,285.45001220703125,285.43170166015625,285.386474609375,285.2896728515625,285.2138366699219,285.1324768066406,285.0020751953125,284.8883361816406,284.52655029296875,284.5041198730469,285.1173095703125,285.6714172363281,285.90252685546875,285.89251708984375
284.94610595703125,284.8565673828125,284.92950439453125,285.1585388183594,285.59197998046875,286.2377624511719,287.01165771484375,287.5356750488281,287.8470458984375,287.6266784667969,287.7802429199219,287.8262634277344,287.5693359375,287.3152770996094,287.6871337890625,288.0913391113281,288.0820007324219,288.119140625,287.81591796875,287.62689208984375,287.6401062011719,287.46551513671875,287.0165710449219,286.5643005371094,286.38458251953125,286.3323059082031,286.11126708984375,285.6258239746094,284.99664306640625,284.3692626953125,284.0458068847656,283.832275390625,283.5985412597656,283.3705139160156,283.1905212402344,283.0757141113281,282.9866638183594,282.9670104980469,282.6899108886719,282.6840515136719,283.21014404296875,283.3612365722656,283.63909912109375,283.95001220703125
284.08551025390625,284.0533142089844,283.8454895019531,283.6255798339844,283.6322937011719,283.9810485839844,284.60443115234375,285.1379699707031,285.1902160644531,284.415283203125,283.84637451171875,283.81854248046875,283.5690002441406,283.44110107421875,284.18359375,284.83880615234375,285.41900634765625,285.9844970703125,286.2457275390625,286.4571228027344,286.4100036621094,286.148193359375,285.75762939453125,285.4589538574219,285.27880859375,285.1343078613281,284.78912353515625,284.16937255859375,283.50628662109375,282.93035888671875,282.5843505859375,281.9341735839844,282.0835876464844,281.8141174316406,281.1695556640625,280.9932861328125,281.012451171875,280.8128662109375,280.7798767089844,280.78765869140625,280.9126892089844,281.3625183105469,281.6374206542969,282.1167297363281
283.0592041015625,283.0455322265625,282.7341613769531,282.29266357421875,282.0793151855469,282.2186279296875,282.6034851074219,282.9697570800781,282.83856201171875,282.14544677734375,281.2814025878906,280.5843811035156,280.26324462890625,280.4179382324219,280.6313171386719,281.361572265625,281.91748046875,282.26837158203125,282.4794006347656,283.859375,283.9407043457031,283.93450927734375,283.8369140625,283.6650085449219,283.4876708984375,283.314453125,282.8777160644531,281.9415283203125,280.9397888183594,280.498779296875,280.2904968261719,280.4335632324219,280.53228759765625,280.39349365234375,280.26995849609375,280.1407775878906,280.03192138671875,279.9315490722656,279.8660888671875,279.5157470703125,279.5823669433594,279.8961181640625,280.21539306640625,280.6819152832031
281.62542724609375,281.72637939453125,281.52093505859375,281.0693664550781,280.70574951171875,280.617431640625,280.787109375,280.9958190917969,280.9496154785156,280.51837158203125,279.8023986816406,279.2143859863281,279.5958251953125,278.9264831542969,279.23272705078125,279.5859375,279.7782287597656,279.98150634765625,279.67108154296875,279.533935546875,279.5086669921875,279.56390380859375,280.2887268066406,280.20452880859375,279.336669921875,279.7857666015625,278.74151611328125,278.4755554199219,278.34149169921875,278.2909240722656,278.86627197265625,278.9073791503906,278.9340515136719,278.9322814941406,278.977294921875,279.0577697753906,279.13885498046875,279.1951599121094,278.60723876953125,278.68487548828125,278.8147277832031,279.04742431640625,279.425048828125,279.6783447265625
280.38397216796875,280.533447265625,280.9798583984375,281.0610656738281,280.98651123046875,280.885986328125,280.8511962890625,280.85357666015625,280.826904296875,280.68402099609375,280.4403991699219,279.5948791503906,279.9576110839844,279.8274841308594,279.7073059082031,279.5521240234375,279.28924560546875,278.9607849121094,277.9767761230469,278.3558654785156,278.1816711425781,278.07177734375,277.9621276855469,277.81719970703125,277.622802734375,277.4234619140625,277.26544189453125,277.2029113769531,277.23529052734375,276.64776611328125,276.6582336425781,277.28631591796875,277.2113037109375,276.5257873535156,276.5379333496094,276.71826171875,276.5499267578125,277.0159606933594,277.3459777832031,277.5942687988281,277.6922302246094,278.0837707519531,278.35400390625,278.53326416015625
279.415771484375,279.34039306640625,279.97003173828125,280.1253356933594,280.1686706542969,280.1404113769531,280.08953857421875,280.0200500488281,279.95782470703125,279.83489990234375,279.66778564453125,279.458251953125,279.2051086425781,278.9497375488281,278.68780517578125,278.43017578125,278.175048828125,277.91180419921875,277.7031555175781,277.53887939453125,277.392333984375,277.20904541015625,277.0572204589844,276.8540344238281,276.65869140625,276.5262451171875,276.49615478515625,276.49737548828125,275.76226806640625,276.4490661621094,276.3185729980469,276.08758544921875,275.85479736328125,275.1394348144531,275.2049255371094,275.441162109375,275.54193115234375,276.25640869140625,276.7802429199219,277.1024169921875,277.27911376953125,277.3930969238281,277.57904052734375,277.87176513671875
278.3362731933594,278.1918029785156,278.1535949707031,278.1480712890625,278.1376647949219,278.0670166015625,277.9283447265625,277.6082458496094,278.7183837890625,278.58013916015625,278.3820495605469,278.0780944824219,277.0863037109375,277.4024963378906,277.1117248535156,276.853515625,276.6946105957031,276.57342529296875,276.5187683105469,276.44134521484375,276.3398132324219,275.4313659667969,275.2799072265625,275.83856201171875,275.004638671875,274.94091796875,275.6994323730469,275.7113342285156,275.69207763671875,275.5420837402344,275.3662414550781,275.1293640136719,274.93939208984375,274.37347412109375,274.40277099609375,274.60955810546875,274.9632873535156,275.42572021484375,276.07305908203125,276.51971435546875,276.848876953125,277.130615234375,277.38079833984375,277.6210021972656
277.7458190917969,277.6652526855469,277.568359375,277.5037841796875,277.43572998046875,277.33563232421875,277.1925354003906,276.8797607421875,276.24609375,277.5718078613281,276.44171142578125,276.98541259765625,276.6178894042969,276.3053894042969,275.49853515625,275.82977294921875,275.7119445800781,275.6070251464844,275.530517578125,275.42034912109375,275.28778076171875,275.1037902832031,274.93743896484375,274.793212890625,274.68756103515625,274.66180419921875,274.6595458984375,274.70269775390625,274.70819091796875,274.6446228027344,274.57659912109375,274.4913635253906,273.8603515625,274.4935607910156,274.64593505859375,274.27496337890625,274.42236328125,274.6749572753906,275.00048828125,275.369140625,275.90631103515625,276.29388427734375,276.6049499511719,276.85528564453125
277.8351745605469,277.8067932128906,276.9197998046875,276.9053649902344,276.8223876953125,276.65069580078125,276.4181213378906,276.02655029296875,277.18328857421875,276.9344787597656,276.59222412109375,276.2976989746094,275.9973449707031,275.7879943847656,275.6105041503906,275.51177978515625,275.4554443359375,275.38739013671875,275.3284912109375,275.208740234375,274.4062805175781,274.9446716308594,274.813232421875,274.6842041015625,274.5929260253906,274.54620361328125,274.54571533203125,274.5555725097656,274.5868835449219,274.62091064453125,274.6143798828125,274.59197998046875,274.5602111816406,274.54443359375,274.5478515625,274.6138000488281,274.7402648925781,274.34844970703125,274.4178161621094,274.5906677246094,274.9361267089844,275.7624206542969,275.9853820800781,276.22906494140625
276.76361083984375,276.75323486328125,276.7172546386719,276.7017822265625,276.7152099609375,276.6205139160156,275.6280517578125,276.3021240234375,276.0984802246094,275.85577392578125,275.6303405761719,275.4173278808594,275.2239074707031,274.5282287597656,275.00897216796875,274.95751953125,274.9530029296875,274.91668701171875,274.8836364746094,274.85711669921875,274.7998352050781,274.7619934082031,274.0366516113281,274.6519470214844,274.6116027832031,273.9491882324219,274.61181640625,274.6306457519531,274.6676025390625,274.6790771484375,274.7064208984375,274.71954345703125,274.7098693847656,274.0434265136719,274.6532897949219,274.62469482421875,274.5799865722656,274.58966064453125,274.6130065917969,274.69232177734375,274.7765808105469,274.9051513671875,275.0774841308594,275.26092529296875
