earth/public/data/atmosphere/C53/ANN-temp-isobaric-250hPa-gfs-1.0.json
{"header": {"discipline": 0, "disciplineName": "Meteorological products", "gribEdition": 2, "gribLength": 17922.0, "center": 0, "centerName": "Kiel Climate Model", "subcenter": 0, "refTime": "1", "significanceOfRT": 1, "significanceOfRTName": "Start of forecast", "productStatus": 0, "productStatusName": "Operational products", "productType": 1, "productTypeName": "Forecast products", "productDefinitionTemplate": 0, "productDefinitionTemplateName": "Analysis/forecast at horizontal level/layer at a point in time", "parameterCategory": 2, "parameterCategoryName": "Momentum", "parameterNumber": 2, "parameterNumberName": "U-component_of_wind", "parameterUnit": "K", "genProcessType": 2, "genProcessTypeName": "Forecast", "forecastTime": 0, "surface1Type": 103, "surface1TypeName": "Specified height level above ground", "surface1Value": 10, "surface2Type": 255, "surface2TypeName": "Missing", "surface2Value": 0, "gridDefinitionTemplate": 0, "gridDefinitionTemplateName": "Latitude_Longitude", "numberPoints": 65160, "shape": 6, "shapeName": "Earth spherical with radius of 6,371,229.0 m", "gridUnits": "degrees", "resolution": 48, "winds": "true", "scanMode": 0, "nx": 128.0, "ny": 64.0, "basicAngle": 0, "subDivisions": 0, "lo1": 0.0, "la1": 87.86379883923263, "lo2": 357.1875, "la2": -87.86379883923263, "dx": 2.8125, "dy": 2.7893269472772264}, "data":
[rows 0 to 18 of 64, columns 0 to 43 of 128]
214.81619262695312,214.81849670410156,214.82098388671875,214.8236083984375,214.82638549804688,214.82928466796875,214.83233642578125,214.83547973632812,214.8387451171875,214.84213256835938,214.84561157226562,214.84913635253906,214.852783203125,214.85647583007812,214.86021423339844,214.86402893066406,214.8678436279297,214.87168884277344,214.87554931640625,214.87939453125,214.8832244873047,214.8870391845703,214.8908233642578,214.89456176757812,214.89820861816406,214.90182495117188,214.90533447265625,214.90875244140625,214.91209411621094,214.9153289794922,214.91842651367188,214.92141723632812,214.92425537109375,214.9269561767578,214.92953491210938,214.93194580078125,214.9342041015625,214.93629455566406,214.93821716308594,214.9399871826172,214.94155883789062,214.9429931640625,214.94422912597656,214.94529724121094
214.749755859375,214.75428771972656,214.75924682617188,214.76463317871094,214.77044677734375,214.77667236328125,214.78329467773438,214.79031372070312,214.7976531982422,214.80538940429688,214.8134307861328,214.82174682617188,214.8303680419922,214.83921813964844,214.84825134277344,214.8574676513672,214.86683654785156,214.87628173828125,214.88577270507812,214.89529418945312,214.90480041503906,214.91419982910156,214.9235076904297,214.9326629638672,214.94161987304688,214.9503173828125,214.95875549316406,214.96688842773438,214.97467041015625,214.98208618164062,214.98912048339844,214.9957275390625,215.00189208984375,215.00765991210938,215.01292419433594,215.01776123046875,215.0220947265625,215.02601623535156,215.02944946289062,215.032470703125,215.0350341796875,215.03720092773438,215.03897094726562,215.04031372070312
214.76739501953125,214.77291870117188,214.77928161621094,214.78643798828125,214.7943878173828,214.80311584472656,214.81260681152344,214.8228302001953,214.83375549316406,214.84535217285156,214.85763549804688,214.87051391601562,214.88397216796875,214.89801025390625,214.9125518798828,214.92755126953125,214.94293212890625,214.95863342285156,214.9745635986328,214.99066162109375,215.00677490234375,215.0228271484375,215.0386962890625,215.05430603027344,215.0695037841797,215.084228515625,215.09837341308594,215.11187744140625,215.12461853027344,215.13658142089844,215.1476593017578,215.15785217285156,215.1671142578125,215.17539978027344,215.18272399902344,215.18907165527344,215.1944580078125,215.1989288330078,215.2025146484375,215.20530700683594,215.20730590820312,215.20867919921875,215.20944213867188,215.20973205566406
214.8800811767578,214.8861846923828,214.89346313476562,214.90191650390625,214.91148376464844,214.92210388183594,214.93370056152344,214.9462127685547,214.95957946777344,214.97378540039062,214.98875427246094,215.00453186035156,215.0211181640625,215.03854370117188,215.05677795410156,215.07586669921875,215.0957794189453,215.11643981933594,215.13772583007812,215.15953063964844,215.18165588378906,215.2039031982422,215.22610473632812,215.24803161621094,215.26950073242188,215.2903289794922,215.31036376953125,215.3294677734375,215.34756469726562,215.36451721191406,215.38026428222656,215.39474487304688,215.40785217285156,215.4195098876953,215.42967224121094,215.43832397460938,215.44544982910156,215.45111083984375,215.45542907714844,215.45852661132812,215.46058654785156,215.4618682861328,215.4625244140625,215.4628143310547
215.06036376953125,215.0664825439453,215.07403564453125,215.08306884765625,215.093505859375,215.1053009033203,215.1182861328125,215.13235473632812,215.14732360839844,215.16302490234375,215.17938232421875,215.19642639160156,215.21420288085938,215.2328338623047,215.25245666503906,215.27320861816406,215.29519653320312,215.3184356689453,215.34286499023438,215.368408203125,215.39480590820312,215.42184448242188,215.44918823242188,215.4765167236328,215.50350952148438,215.5299072265625,215.55545043945312,215.58004760742188,215.60357666015625,215.62594604492188,215.6471405029297,215.66705322265625,215.68556213378906,215.7025146484375,215.71771240234375,215.73098754882812,215.74224853515625,215.75155639648438,215.75901794433594,215.76490783691406,215.76963806152344,215.77359008789062,215.77720642089844,215.7808837890625
215.30599975585938,215.31106567382812,215.31732177734375,215.32513427734375,215.334716796875,215.34625244140625,215.35971069335938,215.37484741210938,215.39134216308594,215.40884399414062,215.4270782470703,215.44586181640625,215.46527099609375,215.4854278564453,215.50653076171875,215.52880859375,215.55238342285156,215.57745361328125,215.6041259765625,215.6324462890625,215.6623992919922,215.69386291503906,215.72650146484375,215.75982666015625,215.7932586669922,215.82626342773438,215.8583526611328,215.8892822265625,215.9189453125,215.9474334716797,215.97482299804688,216.00115966796875,216.02635192871094,216.05006408691406,216.07192993164062,216.09158325195312,216.1087188720703,216.123291015625,216.13548278808594,216.14581298828125,216.15484619140625,216.16331481933594,216.1717987060547,216.1807403564453
215.63934326171875,215.64346313476562,215.64781188964844,215.65309143066406,215.66026306152344,215.67019653320312,215.68325805664062,215.69931030273438,215.7177276611328,215.73770141601562,215.75857543945312,215.7799835205078,215.8018798828125,215.8244171142578,215.84771728515625,215.87184143066406,215.8968505859375,215.92294311523438,215.95050048828125,215.98020935058594,216.01260375976562,216.0480499267578,216.08628845214844,216.1266326904297,216.1678466796875,216.208740234375,216.24832153320312,216.28610229492188,216.3220977783203,216.356689453125,216.39028930664062,216.42311096191406,216.4550323486328,216.48558044433594,216.5140380859375,216.53977966308594,216.5624237060547,216.58200073242188,216.59898376464844,216.61416625976562,216.62843322753906,216.64260864257812,216.6571807861328,216.67230224609375
216.08689880371094,216.090087890625,216.09242248535156,216.094970703125,216.09967041015625,216.10842895507812,216.1222686767578,216.1408233642578,216.1626434326172,216.18589782714844,216.20921325683594,216.2320556640625,216.254638671875,216.2773895263672,216.300537109375,216.32394409179688,216.347412109375,216.37124633789062,216.39645385742188,216.42457580566406,216.4571533203125,216.4949951171875,216.5377197265625,216.58383178710938,216.63111877441406,216.6775665283203,216.7218475341797,216.7637176513672,216.8037567138672,216.84283447265625,216.88165283203125,216.9202880859375,216.9582061767578,216.9944305419922,217.02792358398438,217.0579833984375,217.08445739746094,217.10784912109375,217.12913513183594,217.1495361328125,217.1702117919922,217.1918487548828,217.21453857421875,217.23768615722656
216.681640625,216.68226623535156,216.6821746826172,216.6825408935547,216.68624877929688,216.69618225097656,216.7135467529297,216.7370147705078,216.763427734375,216.78939819335938,216.81289672851562,216.8338623046875,216.8533935546875,216.87274169921875,216.89227294921875,216.91160583496094,216.9303436279297,216.94900512695312,216.96939086914062,216.9940643310547,217.025146484375,217.06326293945312,217.107177734375,217.1542510986328,217.2016143798828,217.24725341796875,217.29063415527344,217.33241271972656,217.37380981445312,217.41575622558594,217.4584197998047,217.5010986328125,217.54258728027344,217.5817413330078,217.61778259277344,217.6505126953125,217.68028259277344,217.70773315429688,217.73382568359375,217.7595672607422,217.785888671875,217.81353759765625,217.8425750732422,217.8722381591797
217.46461486816406,217.463134765625,217.462158203125,217.46292114257812,217.46875,217.48265075683594,217.5047149658203,217.5315704345703,217.5581817626953,217.5806427001953,217.59812927246094,217.6125030517578,217.6265411376953,217.64193725585938,217.65841674804688,217.67457580566406,217.6893768310547,217.70330810546875,217.718505859375,217.73764038085938,217.76258850097656,217.79344177246094,217.82870483398438,217.8662567138672,217.90447998046875,217.9430694580078,217.98255920410156,218.02374267578125,218.06668090820312,218.11061096191406,218.15426635742188,218.19625854492188,218.2359619140625,218.2734375,218.3092041015625,218.34402465820312,218.37823486328125,218.41163635253906,218.44357299804688,218.4736328125,218.5020751953125,218.52989196777344,218.5583953857422,218.58827209472656
218.47137451171875,218.47140502929688,218.4735107421875,218.47933959960938,218.49197387695312,218.51258850097656,218.5381622314453,218.56256103515625,218.580322265625,218.5900115966797,218.594970703125,218.60037231445312,218.6099853515625,218.62420654296875,218.64077758789062,218.6567840576172,218.67027282714844,218.68067932128906,218.68861389160156,218.69515991210938,218.7015380859375,218.70909118652344,218.71945190429688,218.73460388183594,218.75648498535156,218.78622436523438,218.8233184814453,218.86550903320312,218.90931701660156,218.95164489746094,218.99082946777344,219.0269317626953,219.06112670898438,219.0947265625,219.128662109375,219.16323852539062,219.19821166992188,219.23272705078125,219.26551818847656,219.2953338623047,219.3219757080078,219.34683227539062,219.37246704101562,219.40147399902344
219.7226104736328,219.7285919189453,219.73854064941406,219.7540740966797,219.77679443359375,219.80459594726562,219.8306121826172,219.8469696044922,219.85037231445312,219.8449249267578,219.83909606933594,219.8396453857422,219.84796142578125,219.86106872558594,219.8751220703125,219.8877716064453,219.89743041992188,219.9015350341797,219.89657592773438,219.88034057617188,219.85452270507812,219.8253631591797,219.801513671875,219.7908477783203,219.79742431640625,219.8203125,219.85430908203125,219.8924102783203,219.9287109375,219.96063232421875,219.9893341064453,220.0177001953125,220.0476837158203,220.0787353515625,220.10855102539062,220.13516235351562,220.1583251953125,220.17942810058594,220.2000274658203,220.22096252441406,220.24273681640625,220.2666015625,220.29502868652344,220.3309326171875
221.2281494140625,221.24493408203125,221.26651000976562,221.29287719726562,221.32334899902344,221.35333251953125,221.37445068359375,221.37997436523438,221.37115478515625,221.35763549804688,221.3501434326172,221.35231018066406,221.35935974121094,221.3643341064453,221.36488342285156,221.3631591796875,221.36016845703125,221.3509521484375,221.3267364501953,221.28207397460938,221.2209930419922,221.15658569335938,221.10452270507812,221.07546997070312,221.07102966308594,221.0849151611328,221.1072540283203,221.12939453125,221.1470489501953,221.16099548339844,221.17510986328125,221.19297790527344,221.21469116210938,221.23631286621094,221.2526092529297,221.2609100341797,221.26284790039062,221.2630157470703,221.26583862304688,221.27395629882812,221.28872680664062,221.31182861328125,221.34552001953125,221.39210510253906
222.9759063720703,223.0039825439453,223.03550720214844,223.06814575195312,223.09963989257812,223.12571716308594,223.13973999023438,223.13790893554688,223.12472534179688,223.11155700683594,223.1071014404297,223.10940551757812,223.1082000732422,223.09542846679688,223.0726776123047,223.0474395751953,223.0230712890625,222.99310302734375,222.9459686279297,222.87571716308594,222.78878784179688,222.70181274414062,222.6320037841797,222.58836364746094,222.5687713623047,222.56419372558594,222.56504821777344,222.56549072265625,222.56387329101562,222.56118774414062,222.55905151367188,222.55810546875,222.5568084716797,222.5520477294922,222.54151916503906,222.52633666992188,222.5107421875,222.49913024902344,222.49334716796875,222.49365234375,222.50160217285156,222.52110290527344,222.55615234375,222.60855102539062
224.91259765625,224.9464569091797,224.98175048828125,225.01502990722656,225.04415893554688,225.0669403076172,225.07949829101562,225.07923889160156,225.06954956054688,225.05859375,225.0510711669922,225.04238891601562,225.0230712890625,224.98876953125,224.94419860839844,224.89695739746094,224.8488311767578,224.7939910888672,224.72451782226562,224.63787841796875,224.54037475585938,224.4446563720703,224.36312866210938,224.30181884765625,224.25926208496094,224.23004150390625,224.2091064453125,224.19325256347656,224.1797332763672,224.1652374267578,224.14666748046875,224.12245178222656,224.0924530029297,224.0572052001953,224.0186767578125,223.9814453125,223.95147705078125,223.93173217773438,223.92037963867188,223.9145050048828,223.91587829589844,223.9310302734375,223.96499633789062,224.0175323486328
226.96986389160156,227.00804138183594,227.04539489746094,227.07907104492188,227.10797119140625,227.13140869140625,227.14674377441406,227.1507568359375,227.1439666748047,227.1304473876953,227.1116485595703,227.08375549316406,227.04312133789062,226.99215698242188,226.93655395507812,226.87770080566406,226.8118438720703,226.7357177734375,226.65020751953125,226.55857849121094,226.4643096923828,226.37173461914062,226.28611755371094,226.2117919921875,226.15084838867188,226.10377502441406,226.06967163085938,226.0450439453125,226.02349853515625,225.99839782714844,225.96632385253906,225.92794799804688,225.8850860595703,225.8377227783203,225.78460693359375,225.7278289794922,225.67431640625,225.63095092773438,225.59893798828125,225.57635498046875,225.5651397705078,225.57122802734375,225.59750366210938,225.64068603515625
229.1033935546875,229.14785766601562,229.18736267089844,229.22161865234375,229.25125122070312,229.27561950683594,229.29100036621094,229.293212890625,229.28289794921875,229.26405334472656,229.2367706298828,229.19656372070312,229.14328002929688,229.08505249023438,229.0284423828125,228.96905517578125,228.8981475830078,228.81532287597656,228.72866821289062,228.64443969726562,228.56298828125,228.48358154296875,228.40777587890625,228.33755493164062,228.2753448486328,228.2252197265625,228.18954467773438,228.1641845703125,228.14028930664062,228.11151123046875,228.0775909423828,228.04136657714844,228.00376892089844,227.960693359375,227.904541015625,227.83163452148438,227.748779296875,227.66909790039062,227.60137939453125,227.54710388183594,227.50741577148438,227.486328125,227.4849090576172,227.50009155273438
231.27761840820312,231.32244873046875,231.35760498046875,231.38729858398438,231.41506958007812,231.44000244140625,231.4556884765625,231.4564208984375,231.4446258544922,231.427490234375,231.40542602539062,231.37086486816406,231.32171630859375,231.26771545410156,231.21722412109375,231.16567993164062,231.10482788085938,231.03720092773438,230.97186279296875,230.91123962402344,230.8522491455078,230.79591369628906,230.745361328125,230.69871520996094,230.65396118164062,230.6170196533203,230.59461975097656,230.58238220214844,230.56973266601562,230.55247497558594,230.5328826904297,230.51087951660156,230.48265075683594,230.44374084472656,230.3875732421875,230.3065948486328,230.20213317871094,230.088134765625,229.9794158935547,229.88137817382812,229.79547119140625,229.72625732421875,229.67723083496094,229.6486358642578
233.44607543945312,233.48471069335938,233.5129852294922,233.53759765625,233.5637969970703,233.5911865234375,233.6130828857422,233.62301635742188,233.62298583984375,233.6207275390625,233.61720275878906,233.60403442382812,233.5771484375,233.5445098876953,233.51419067382812,233.4833984375,233.44827270507812,233.41549682617188,233.39212036132812,233.3726348876953,233.3494110107422,233.32766723632812,233.3152313232422,233.3068389892578,233.29556274414062,233.28878784179688,233.2957000732422,233.3081817626953,233.31289672851562,233.31134033203125,233.31053161621094,233.3042755126953,233.28082275390625,233.2390899658203,233.18031311035156,233.09414672851562,232.97137451171875,232.8231658935547,232.671630859375,232.5275421142578,232.3916473388672,232.26922607421875,232.16830444335938,232.09242248535156
