earth/public/data/atmosphere/C53/ANN-temp-isobaric-700hPa-gfs-1.0.json
{"header": {"discipline": 0, "disciplineName": "Meteorological products", "gribEdition": 2, "gribLength": 17922.0, "center": 0, "centerName": "Kiel Climate Model", "subcenter": 0, "refTime": "1", "significanceOfRT": 1, "significanceOfRTName": "Start of forecast", "productStatus": 0, "productStatusName": "Operational products", "productType": 1, "productTypeName": "Forecast products", "productDefinitionTemplate": 0, "productDefinitionTemplateName": "Analysis/forecast at horizontal level/layer at a point in time", "parameterCategory": 2, "parameterCategoryName": "Momentum", "parameterNumber": 2, "parameterNumberName": "U-component_of_wind", "parameterUnit": "K", "genProcessType": 2, "genProcessTypeName": "Forecast", "forecastTime": 0, "surface1Type": 103, "surface1TypeName": "Specified height level above ground", "surface1Value": 10, "surface2Type": 255, "surface2TypeName": "Missing", "surface2Value": 0, "gridDefinitionTemplate": 0, "gridDefinitionTemplateName": "Latitude_Longitude", "numberPoints": 65160, "shape": 6, "shapeName": "Earth spherical with radius of 6,371,229.0 m", "gridUnits": "degrees", "resolution": 48, "winds": "true", "scanMode": 0, "nx": 128.0, "ny": 64.0, "basicAngle": 0, "subDivisions": 0, "lo1": 0.0, "la1": 87.86379883923263, "lo2": 357.1875, "la2": -87.86379883923263, "dx": 2.8125, "dy": 2.7893269472772264}, "data":
[rows 40 to 59 of 64, columns 0 to 43 of 128]
289.71478271484375,289.7928771972656,289.9252624511719,289.9852294921875,289.9521789550781,289.9259033203125,289.9378662109375,289.8494873046875,289.4752502441406,288.80328369140625,288.0662841796875,287.5250549316406,287.21270751953125,286.9906311035156,286.7766418457031,286.58392333984375,286.4273681640625,286.3182067871094,286.2767639160156,286.29095458984375,286.3249816894531,286.3623352050781,286.3939208984375,286.4100646972656,286.42559814453125,286.4585266113281,286.4973449707031,286.5272521972656,286.5515441894531,286.5732116699219,286.59368896484375,286.6197509765625,286.64794921875,286.66741943359375,286.68115234375,286.69873046875,286.7175598144531,286.72650146484375,286.7193603515625,286.7019958496094,286.6872253417969,286.6814270019531,286.6796875,286.6710205078125
288.2319030761719,288.29559326171875,288.42071533203125,288.5110778808594,288.56036376953125,288.64129638671875,288.72454833984375,288.6289978027344,288.25469970703125,287.7486267089844,287.3199462890625,286.99346923828125,286.66851806640625,286.3230285644531,286.0192565917969,285.7811279296875,285.5914306640625,285.4533386230469,285.3681640625,285.3144226074219,285.2908020019531,285.308837890625,285.34222412109375,285.3567199707031,285.359619140625,285.3674621582031,285.37725830078125,285.3923034667969,285.4154052734375,285.42608642578125,285.4162902832031,285.410400390625,285.41845703125,285.423828125,285.4222106933594,285.4186706542969,285.4039306640625,285.37646484375,285.3548889160156,285.3407287597656,285.31268310546875,285.27142333984375,285.2399597167969,285.2164001464844
286.3260803222656,286.3763732910156,286.491455078125,286.5955505371094,286.69183349609375,286.7991027832031,286.8368835449219,286.67138671875,286.3297119140625,286.0293884277344,285.8970947265625,285.8009948730469,285.5657958984375,285.20819091796875,284.85986328125,284.5973815917969,284.4327087402344,284.3509521484375,284.3005065917969,284.235107421875,284.17266845703125,284.1441345214844,284.1313781738281,284.1127014160156,284.0987548828125,284.0875549316406,284.0633544921875,284.0423583984375,284.0440979003906,284.0466003417969,284.0313720703125,284.0185241699219,284.0179138183594,284.0118103027344,283.9972229003906,283.9815673828125,283.952392578125,283.9072265625,283.8736572265625,283.8568420410156,283.8237609863281,283.7671203613281,283.72027587890625,283.6927795410156
284.0657043457031,284.08441162109375,284.1911926269531,284.3066711425781,284.42132568359375,284.5121154785156,284.50482177734375,284.3615417480469,284.1710205078125,284.07501220703125,284.0939636230469,284.1009216308594,283.9805603027344,283.7340087890625,283.4334716796875,283.1669006347656,283.0111083984375,282.96844482421875,282.9528503417969,282.8986511230469,282.8268127441406,282.7651672363281,282.69818115234375,282.62835693359375,282.5856018066406,282.5584716796875,282.5108642578125,282.4551086425781,282.42333984375,282.4036865234375,282.3757019042969,282.353759765625,282.3453063964844,282.3292541503906,282.30303955078125,282.2872009277344,282.2783203125,282.2562255859375,282.22393798828125,282.1927795410156,282.1554870605469,282.109130859375,282.07037353515625,282.0440368652344
281.470703125,281.44891357421875,281.5318298339844,281.64898681640625,281.7881164550781,281.9040832519531,281.935546875,281.9044189453125,281.8990173339844,281.95458984375,282.0216064453125,282.05010986328125,282.0294189453125,281.939697265625,281.7610168457031,281.55523681640625,281.43701171875,281.42523193359375,281.4198913574219,281.3525695800781,281.2536315917969,281.1539306640625,281.0393981933594,280.9211120605469,280.838134765625,280.7821960449219,280.7137756347656,280.6394348144531,280.5897521972656,280.5540771484375,280.5096435546875,280.4717712402344,280.4565734863281,280.443115234375,280.41644287109375,280.3969421386719,280.3966369628906,280.39459228515625,280.3748474121094,280.3492126464844,280.3311462402344,280.3154296875,280.28997802734375,280.2523193359375
278.720703125,278.68682861328125,278.7317199707031,278.8236083984375,278.97882080078125,279.15264892578125,279.2737731933594,279.35919189453125,279.4754638671875,279.6142578125,279.71160888671875,279.76031494140625,279.7950744628906,279.7919921875,279.70281982421875,279.57861328125,279.535400390625,279.5887756347656,279.6342468261719,279.59942626953125,279.50799560546875,279.3914794921875,279.2480773925781,279.0987854003906,278.98455810546875,278.90032958984375,278.8102111816406,278.7187805175781,278.65625,278.6149597167969,278.5672912597656,278.5215148925781,278.50128173828125,278.49658203125,278.4833984375,278.4656982421875,278.4590759277344,278.4575500488281,278.44873046875,278.4413757324219,278.4493713378906,278.4620361328125,278.45428466796875,278.4213562011719
276.108154296875,276.08392333984375,276.0924072265625,276.1374206542969,276.2672424316406,276.4614562988281,276.64874267578125,276.8150939941406,276.99456787109375,277.1761169433594,277.31207275390625,277.39947509765625,277.465087890625,277.4898376464844,277.4390869140625,277.3570861816406,277.3396301269531,277.4102783203125,277.5,277.5461120605469,277.53857421875,277.47601318359375,277.357421875,277.21942138671875,277.1115417480469,277.03131103515625,276.9398498535156,276.8348388671875,276.7507629394531,276.69635009765625,276.647216796875,276.5953369140625,276.558837890625,276.5444030761719,276.5382995605469,276.53302001953125,276.53277587890625,276.535888671875,276.53533935546875,276.5349426269531,276.54559326171875,276.56634521484375,276.5845642089844,276.5939636230469
273.8218994140625,273.8087158203125,273.8127136230469,273.836669921875,273.9258728027344,274.0889587402344,274.2863464355469,274.4898681640625,274.6947937011719,274.8820495605469,275.02642822265625,275.1370849609375,275.2397155761719,275.32257080078125,275.34906005859375,275.32183837890625,275.2906799316406,275.2961120605469,275.3406982421875,275.4073486328125,275.466552734375,275.4751892089844,275.412109375,275.3128356933594,275.2308654785156,275.1705322265625,275.09515380859375,274.99420166015625,274.89935302734375,274.8330383300781,274.7814025878906,274.7268371582031,274.6760559082031,274.64373779296875,274.6305236816406,274.6283874511719,274.63311767578125,274.64306640625,274.6537170410156,274.66253662109375,274.673828125,274.69549560546875,274.7313232421875,274.7762145996094
271.9142761230469,271.9117431640625,271.9431457519531,271.98760986328125,272.05987548828125,272.1819763183594,272.3531188964844,272.55194091796875,272.746337890625,272.90374755859375,273.01605224609375,273.1152648925781,273.24200439453125,273.3949279785156,273.5276184082031,273.5957946777344,273.5956726074219,273.560791015625,273.5362548828125,273.5495910644531,273.5872497558594,273.6033630371094,273.5664367675781,273.4933166503906,273.4222106933594,273.3624572753906,273.2933349609375,273.20654296875,273.1221618652344,273.0580749511719,273.0076599121094,272.9580078125,272.91265869140625,272.883544921875,272.8708190917969,272.8641662597656,272.8601379394531,272.8664855957031,272.8892517089844,272.92291259765625,272.95721435546875,272.9892272949219,273.02392578125,273.0625305175781
270.4325256347656,270.4341125488281,270.476806640625,270.53265380859375,270.5981750488281,270.6943054199219,270.8350524902344,271.00494384765625,271.16583251953125,271.2868347167969,271.3729553222656,271.4639892578125,271.59844970703125,271.77593994140625,271.95501708984375,272.0858459472656,272.1435852050781,272.1380920410156,272.1015625,272.0648498535156,272.0371398925781,272.00543212890625,271.95574951171875,271.89056396484375,271.82159423828125,271.7523498535156,271.67822265625,271.6007385253906,271.5296325683594,271.4686584472656,271.4114990234375,271.3557434082031,271.31219482421875,271.2915344238281,271.28741455078125,271.2829895019531,271.2733459472656,271.2737121582031,271.3016052246094,271.3560791015625,271.4185485839844,271.4715270996094,271.5107116699219,271.5404052734375
269.37615966796875,269.3766784667969,269.3958435058594,269.4253234863281,269.471923828125,269.5523376464844,269.66845703125,269.79547119140625,269.9002685546875,269.97308349609375,270.03936767578125,270.1386413574219,270.2900695800781,270.4765319824219,270.6590576171875,270.802734375,270.8900451660156,270.9185791015625,270.8946838378906,270.83184814453125,270.7489013671875,270.66448974609375,270.5896911621094,270.5244140625,270.46014404296875,270.3885192871094,270.3104248046875,270.2352600097656,270.16986083984375,270.1092834472656,270.04376220703125,269.97442626953125,269.9168701171875,269.8848571777344,269.87420654296875,269.86767578125,269.8564758300781,269.851806640625,269.8732604980469,269.9284362792969,270.0062561035156,270.0875244140625,270.1584777832031,270.2142333984375
268.558349609375,268.5628356933594,268.5544128417969,268.5483703613281,268.571533203125,268.63897705078125,268.7333679199219,268.81256103515625,268.84478759765625,268.84051513671875,268.84869384765625,268.91949462890625,269.06646728515625,269.25994873046875,269.4524841308594,269.6075744628906,269.708740234375,269.7510070800781,269.73382568359375,269.6648254394531,269.5650634765625,269.4634704589844,269.3803405761719,269.3157958984375,269.2543029785156,269.1824035644531,269.1019287109375,269.0264587402344,268.9657897949219,268.9155578613281,268.86407470703125,268.807373046875,268.7549133300781,268.71893310546875,268.7006530761719,268.6893615722656,268.6756896972656,268.66387939453125,268.66998291015625,268.7091369628906,268.7841796875,268.88360595703125,268.98736572265625,269.0755615234375
267.780029296875,267.78826904296875,267.76751708984375,267.741455078125,267.74658203125,267.799560546875,267.8772888183594,267.9305114746094,267.92333984375,267.8653869628906,267.80804443359375,267.808349609375,267.89080810546875,268.0362548828125,268.20111083984375,268.34478759765625,268.4442443847656,268.491943359375,268.4896545410156,268.44683837890625,268.3811950683594,268.3136291503906,268.25701904296875,268.20892333984375,268.1564636230469,268.0902099609375,268.01422119140625,267.943115234375,267.88922119140625,267.85345458984375,267.8278503417969,267.80615234375,267.7899169921875,267.7843017578125,267.7892150878906,267.7958679199219,267.79388427734375,267.78179931640625,267.77166748046875,267.78302001953125,267.83050537109375,267.9134521484375,268.01385498046875,268.1051940917969
267.0597839355469,267.0711669921875,267.0553283691406,267.0293884277344,267.02471923828125,267.05975341796875,267.121826171875,267.17413330078125,267.1830749511719,267.1440124511719,267.08477783203125,267.04571533203125,267.05322265625,267.10638427734375,267.18353271484375,267.2585754394531,267.31365966796875,267.34271240234375,267.3478088378906,267.3356628417969,267.3147277832031,267.29229736328125,267.2705383300781,267.2455749511719,267.2104797363281,267.16217041015625,267.105224609375,267.04974365234375,267.0048828125,266.9742736816406,266.9570617675781,266.95245361328125,266.96246337890625,266.9886169433594,267.0264587402344,267.06378173828125,267.0858154296875,267.085205078125,267.0687255859375,267.0556640625,267.06689453125,267.1122741699219,267.18377685546875,267.2598876953125
266.47344970703125,266.497314453125,266.50433349609375,266.49871826171875,266.4971923828125,266.5146179199219,266.55169677734375,266.5938720703125,266.6219787597656,266.6256103515625,266.60888671875,266.5855712890625,266.5684814453125,266.5622253417969,266.5629577636719,266.56390380859375,266.5604248046875,266.552001953125,266.5404968261719,266.5279541015625,266.5152282714844,266.50189208984375,266.4864501953125,266.4671630859375,266.44305419921875,266.41461181640625,266.3836669921875,266.35235595703125,266.32208251953125,266.29376220703125,266.2697448730469,266.25506591796875,266.2563171386719,266.27740478515625,266.31512451171875,266.3581237792969,266.39154052734375,266.4053039550781,266.4007263183594,266.3909606933594,266.39410400390625,266.422607421875,266.4761657714844,266.5416259765625
265.98907470703125,266.0223693847656,266.05108642578125,266.06890869140625,266.07763671875,266.0835266113281,266.0916748046875,266.1028747558594,266.1140441894531,266.1211853027344,266.1219177246094,266.11614990234375,266.1045227050781,266.0876159667969,266.065673828125,266.0393981933594,266.01055908203125,265.9815368652344,265.95404052734375,265.9283752441406,265.9036560058594,265.8788757324219,265.8541259765625,265.830810546875,265.8110656738281,265.7962341308594,265.7855529785156,265.77581787109375,265.7628173828125,265.74365234375,265.7190856933594,265.6943664550781,265.6773376464844,265.6745910644531,265.6877136230469,265.71234130859375,265.7402648925781,265.7643127441406,265.78271484375,265.8002014160156,265.82501220703125,265.8634338378906,265.91534423828125,265.9732360839844
265.5859680175781,265.6072998046875,265.6337585449219,265.6559753417969,265.6681213378906,265.66888427734375,265.6604919433594,265.64678955078125,265.63134765625,265.61639404296875,265.6024475097656,265.588623046875,265.5733337402344,265.5551452636719,265.5333557128906,265.5084228515625,265.481689453125,265.45458984375,265.42803955078125,265.40216064453125,265.3765563964844,265.351318359375,265.32757568359375,265.3072509765625,265.2926025390625,265.2846374511719,265.28216552734375,265.2819519042969,265.2796630859375,265.27191162109375,265.2579650878906,265.2403564453125,265.22406005859375,265.2144470214844,265.2151794433594,265.2269592285156,265.24786376953125,265.2751159667969,265.30657958984375,265.3419189453125,265.3817443847656,265.42626953125,265.4736328125,265.5200500488281
265.28131103515625,265.2786865234375,265.28509521484375,265.2938537597656,265.2989501953125,265.29669189453125,265.28594970703125,265.2679443359375,265.24505615234375,265.2199401855469,265.1944885253906,265.169677734375,265.1456604003906,265.1221008300781,265.0987854003906,265.07568359375,265.0531921386719,265.0315246582031,265.01080322265625,264.9908752441406,264.97149658203125,264.9527282714844,264.93511962890625,264.9197082519531,264.9076843261719,264.89971923828125,264.8956604003906,264.89434814453125,264.89410400390625,264.89337158203125,264.891357421875,264.8885803222656,264.8865966796875,264.8874816894531,264.8931884765625,264.90478515625,264.9223937988281,264.9455261230469,264.9732971191406,265.0050048828125,265.039794921875,265.0768737792969,265.11505126953125,265.15301513671875
265.0532531738281,265.0330505371094,265.020751953125,265.0133056640625,265.00726318359375,264.9997863769531,264.9889221191406,264.97393798828125,264.95501708984375,264.9329528808594,264.9088134765625,264.8836364746094,264.8581848144531,264.8331604003906,264.8089904785156,264.7861022949219,264.76470947265625,264.744873046875,264.72650146484375,264.7093811035156,264.6932678222656,264.6780700683594,264.6638488769531,264.65093994140625,264.63995361328125,264.63134765625,264.62554931640625,264.6226806640625,264.6225891113281,264.6249694824219,264.6293640136719,264.6356201171875,264.6435852050781,264.6533508300781,264.66510009765625,264.67913818359375,264.6956481933594,264.7149353027344,264.7373046875,264.7629699707031,264.7920227050781,264.8244323730469,264.85992431640625,264.8978271484375
264.8809814453125,264.85546875,264.8345642089844,264.8173828125,264.80267333984375,264.7889099121094,264.77484130859375,264.75958251953125,264.7425231933594,264.72357177734375,264.702880859375,264.6808776855469,264.65814208984375,264.63525390625,264.61279296875,264.5912780761719,264.5710144042969,264.55230712890625,264.5352478027344,264.5198059082031,264.5060119628906,264.4937744140625,264.4831237792969,264.47412109375,264.4669494628906,264.4617919921875,264.4588928222656,264.4583435058594,264.460205078125,264.4643859863281,264.47076416015625,264.4791259765625,264.4892883300781,264.5011291503906,264.5146484375,264.530029296875,264.5475158691406,264.5674743652344,264.59033203125,264.6163024902344,264.6455993652344,264.677978515625,264.71295166015625,264.7496032714844
