earth/public/data/atmosphere/C53/ANN-wind-isobaric-250hPa-gfs-1.0.json
{"header": {"discipline": 0, "disciplineName": "Meteorological products", "gribEdition": 2, "gribLength": 17922.0, "center": 0, "centerName": "Kiel Climate Model", "subcenter": 0, "refTime": "1", "significanceOfRT": 1, "significanceOfRTName": "Start of forecast", "productStatus": 0, "productStatusName": "Operational products", "productType": 1, "productTypeName": "Forecast products", "productDefinitionTemplate": 0, "productDefinitionTemplateName": "Analysis/forecast at horizontal level/layer at a point in time", "parameterCategory": 2, "parameterCategoryName": "Momentum", "parameterNumber": 2, "parameterNumberName": "V-component_of_wind", "parameterUnit": "m/s", "genProcessType": 2, "genProcessTypeName": "Forecast", "forecastTime": 0, "surface1Type": 103, "surface1TypeName": "Specified height level above ground", "surface1Value": 10, "surface2Type": 255, "surface2TypeName": "Missing", "surface2Value": 0, "gridDefinitionTemplate": 0, "gridDefinitionTemplateName": "Latitude_Longitude", "numberPoints": 65160, "shape": 6, "shapeName": "Earth spherical with radius of 6,371,229.0 m", "gridUnits": "degrees", "resolution": 48, "winds": "true", "scanMode": 0, "nx": 128.0, "ny": 64.0, "basicAngle": 0, "subDivisions": 0, "lo1": 0.0, "la1": 87.86379883923263, "lo2": 357.1875, "la2": -87.86379883923263, "dx": 2.8125, "dy": 2.7893269472772264}, "data":
[rows 38 to 56 of 64, columns 0 to 41 of 128]
-0.989439845085144,-1.060692310333252,-1.136974573135376,-1.2283670902252197,-1.3508238792419434,-1.5019152164459229,-1.635528564453125,-1.7031806707382202,-1.7322019338607788,-1.7924846410751343,-1.8880615234375,-1.9794145822525024,-2.0874500274658203,-2.2435977458953857,-2.3773090839385986,-2.3977463245391846,-2.33149790763855,-2.2547712326049805,-2.170985221862793,-2.054452657699585,-1.926814317703247,-1.8239729404449463,-1.7532110214233398,-1.706137776374817,-1.6769191026687622,-1.667848825454712,-1.6815319061279297,-1.7046500444412231,-1.7211111783981323,-1.7320022583007812,-1.734055757522583,-1.7098404169082642,-1.6582896709442139,-1.5866423845291138,-1.4774458408355713,-1.3209943771362305,-1.1519091129302979,-0.9988142251968384,-0.8413459658622742,-0.6559587717056274,-0.45347750186920166,-0.2509346008300781
-0.523553192615509,-0.6427631974220276,-0.777369499206543,-0.9583558440208435,-1.178004264831543,-1.431151270866394,-1.7070680856704712,-1.9587637186050415,-2.152536153793335,-2.3024070262908936,-2.4167122840881348,-2.4906165599823,-2.561979055404663,-2.6669399738311768,-2.749976873397827,-2.7285072803497314,-2.6143343448638916,-2.473626136779785,-2.3202574253082275,-2.1310081481933594,-1.9165871143341064,-1.7225112915039062,-1.5829118490219116,-1.4927654266357422,-1.4270414113998413,-1.3860129117965698,-1.3898290395736694,-1.426723837852478,-1.4618924856185913,-1.4903852939605713,-1.5214873552322388,-1.5375499725341797,-1.521059513092041,-1.4779503345489502,-1.4008266925811768,-1.2669546604156494,-1.0884003639221191,-0.9051569700241089,-0.7268317937850952,-0.5301567912101746,-0.30723607540130615,-0.07862481474876404
-0.03171401470899582,-0.20997877418994904,-0.4173719584941864,-0.6849429607391357,-0.9737279415130615,-1.2705188989639282,-1.6163744926452637,-2.0091121196746826,-2.3738138675689697,-2.642430305480957,-2.800732135772705,-2.8737242221832275,-2.9064483642578125,-2.9297873973846436,-2.9272100925445557,-2.86154842376709,-2.7233502864837646,-2.528456926345825,-2.295569658279419,-2.0426084995269775,-1.7826755046844482,-1.5281031131744385,-1.30644690990448,-1.1432651281356812,-1.0340567827224731,-0.9681670665740967,-0.953402042388916,-0.9838992357254028,-1.0285711288452148,-1.0738292932510376,-1.1262098550796509,-1.1712825298309326,-1.184066891670227,-1.165289044380188,-1.1198166608810425,-1.0276423692703247,-0.8759923577308655,-0.6886036396026611,-0.49244847893714905,-0.28470391035079956,-0.056114453822374344,0.17965398728847504
0.4575922191143036,0.20188625156879425,-0.09059888869524002,-0.43572667241096497,-0.7838659286499023,-1.1133817434310913,-1.479557991027832,-1.915007472038269,-2.3514697551727295,-2.68790864944458,-2.8888087272644043,-2.9846320152282715,-3.0105175971984863,-2.976839780807495,-2.8878026008605957,-2.7548606395721436,-2.576694965362549,-2.3364038467407227,-2.0430526733398438,-1.7405102252960205,-1.4512099027633667,-1.1615244150161743,-0.8825263977050781,-0.6623325347900391,-0.5213504433631897,-0.4372641444206238,-0.3963302969932556,-0.402758926153183,-0.44686394929885864,-0.5098819732666016,-0.5827243328094482,-0.6515752673149109,-0.6925835609436035,-0.6965764760971069,-0.6699830293655396,-0.6076120734214783,-0.4951559901237488,-0.3363937735557556,-0.14954644441604614,0.05881394445896149,0.28973639011383057,0.529721736907959
0.9215058088302612,0.5914561748504639,0.22615383565425873,-0.17348770797252655,-0.5796512365341187,-0.9760737419128418,-1.384979248046875,-1.8208184242248535,-2.240888833999634,-2.5759994983673096,-2.795577049255371,-2.9136295318603516,-2.9404261112213135,-2.865152597427368,-2.694488525390625,-2.470046043395996,-2.221284866333008,-1.9359331130981445,-1.6069660186767578,-1.2676948308944702,-0.94574373960495,-0.6317538619041443,-0.32986322045326233,-0.08522333204746246,0.07369982451200485,0.16892926394939423,0.2241281121969223,0.2317434400320053,0.18603643774986267,0.10543443262577057,0.011837613768875599,-0.0798335000872612,-0.15133599936962128,-0.18640150129795074,-0.1825902760028839,-0.14175815880298615,-0.05883009731769562,0.06872584670782089,0.23350836336612701,0.428866446018219,0.6513194441795349,0.8876495957374573
1.3418489694595337,0.9759003520011902,0.5745248198509216,0.14828680455684662,-0.3064037561416626,-0.7924584150314331,-1.292649507522583,-1.7714289426803589,-2.1914925575256348,-2.5242667198181152,-2.7524890899658203,-2.8690199851989746,-2.8682913780212402,-2.7437639236450195,-2.5078115463256836,-2.2046642303466797,-1.877314805984497,-1.5302588939666748,-1.153004765510559,-0.7635107040405273,-0.3935098648071289,-0.05062573775649071,0.26597946882247925,0.5320223569869995,0.7175753712654114,0.8229750990867615,0.8667084574699402,0.8565912246704102,0.7953394055366516,0.6965318322181702,0.5783932209014893,0.45638108253479004,0.348914235830307,0.2747809588909149,0.24150335788726807,0.24907293915748596,0.3024384081363678,0.40639206767082214,0.5535765290260315,0.7302407622337341,0.9280833601951599,1.140247106552124
1.6687344312667847,1.2992554903030396,0.8805184364318848,0.43212366104125977,-0.05487969145178795,-0.5982085466384888,-1.1745586395263672,-1.7230651378631592,-2.1937296390533447,-2.5626473426818848,-2.808788776397705,-2.9108030796051025,-2.8670198917388916,-2.696686267852783,-2.425654649734497,-2.082655429840088,-1.6935513019561768,-1.2669744491577148,-0.8045781850814819,-0.33281853795051575,0.10235296934843063,0.4804329574108124,0.816734254360199,1.1175743341445923,1.3530281782150269,1.4879028797149658,1.5204031467437744,1.4781959056854248,1.3889541625976562,1.2647290229797363,1.1108238697052002,0.9424328804016113,0.7866921424865723,0.6655225157737732,0.5835065245628357,0.5401182770729065,0.5454671382904053,0.6104238629341125,0.7268850207328796,0.8725287318229675,1.032926321029663,1.2069966793060303
1.8454203605651855,1.4832173585891724,1.045042634010315,0.5612946152687073,0.04738224670290947,-0.5097873210906982,-1.1047614812850952,-1.6889861822128296,-2.2038519382476807,-2.6078553199768066,-2.868337631225586,-2.9619088172912598,-2.8945534229278564,-2.6993064880371094,-2.407909631729126,-2.0372347831726074,-1.5960766077041626,-1.0905005931854248,-0.5355441570281982,0.02332443930208683,0.5207623839378357,0.926138162612915,1.269982933998108,1.59124755859375,1.8722705841064453,2.0529768466949463,2.1014065742492676,2.043740749359131,1.9253798723220825,1.7675580978393555,1.5727057456970215,1.355007529258728,1.1454195976257324,0.9678032398223877,0.8257489800453186,0.718998908996582,0.6597365736961365,0.6614183187484741,0.7185277342796326,0.8106720447540283,0.9242544174194336,1.0591331720352173
1.8588900566101074,1.5261839628219604,1.098745346069336,0.6028528213500977,0.07160244137048721,-0.49156486988067627,-1.085752248764038,-1.673556923866272,-2.192671537399292,-2.5917506217956543,-2.8422930240631104,-2.9336371421813965,-2.8721139430999756,-2.6766016483306885,-2.3668506145477295,-1.9586706161499023,-1.465957760810852,-0.9010906219482422,-0.28553175926208496,0.32851874828338623,0.865750789642334,1.283065676689148,1.608927607536316,1.9016426801681519,2.1710562705993652,2.365093946456909,2.4335336685180664,2.3802859783172607,2.2459888458251953,2.0628488063812256,1.843098759651184,1.5989075899124146,1.351489543914795,1.119788646697998,0.9136139750480652,0.7420433163642883,0.6181915998458862,0.5496895909309387,0.5310006141662598,0.5521370768547058,0.6100907921791077,0.7048690319061279
1.7147825956344604,1.4434154033660889,1.086269736289978,0.6437710523605347,0.13646042346954346,-0.42120760679244995,-1.0102341175079346,-1.5816866159439087,-2.0677621364593506,-2.420260429382324,-2.6285245418548584,-2.7033259868621826,-2.653728485107422,-2.4797747135162354,-2.1811704635620117,-1.7683604955673218,-1.261491060256958,-0.6809862852096558,-0.05202832445502281,0.5746277570724487,1.1233514547348022,1.538656234741211,1.82955002784729,2.051690101623535,2.2420895099639893,2.384124755859375,2.4380295276641846,2.388826608657837,2.255730152130127,2.068021297454834,1.8455023765563965,1.598849892616272,1.3367230892181396,1.070468544960022,0.8169999718666077,0.5966378450393677,0.4226674735546112,0.2935347855091095,0.2006773203611374,0.14489445090293884,0.13750067353248596,0.1820085048675537
1.4460238218307495,1.244755744934082,0.9803991913795471,0.6299492120742798,0.19313889741897583,-0.3133843243122101,-0.8548156023025513,-1.3721210956573486,-1.7960623502731323,-2.0790882110595703,-2.214460611343384,-2.225213050842285,-2.1375362873077393,-1.963529348373413,-1.702516794204712,-1.3515373468399048,-0.9120079874992371,-0.39205461740493774,0.18502672016620636,0.7680007815361023,1.2833614349365234,1.6709660291671753,1.9215806722640991,2.074336528778076,2.17451810836792,2.2361676692962646,2.243910312652588,2.1805644035339355,2.046983003616333,1.8596643209457397,1.6372556686401367,1.3908016681671143,1.1247268915176392,0.8464704155921936,0.5741307139396667,0.33035120368003845,0.1260584145784378,-0.04581620544195175,-0.19538040459156036,-0.3167720139026642,-0.39128029346466064,-0.41148775815963745
1.1554152965545654,1.0136245489120483,0.8175161480903625,0.5447663068771362,0.19194726645946503,-0.22816357016563416,-0.689373254776001,-1.1461317539215088,-1.5322436094284058,-1.7785625457763672,-1.8438323736190796,-1.7364825010299683,-1.5095621347427368,-1.2299623489379883,-0.9417573809623718,-0.6478710174560547,-0.3207632899284363,0.06698959320783615,0.5129637122154236,0.9749377965927124,1.3886553049087524,1.702067255973816,1.901212453842163,2.0080206394195557,2.05433988571167,2.0570826530456543,2.013359785079956,1.9138965606689453,1.7580406665802002,1.5575597286224365,1.3287427425384521,1.081910490989685,0.8193355798721313,0.5442616939544678,0.27001312375068665,0.016298891976475716,-0.2051665484905243,-0.39815545082092285,-0.5718226432800293,-0.7254918813705444,-0.8486144542694092,-0.9366710782051086
0.9276288151741028,0.8316294550895691,0.6809729337692261,0.469474732875824,0.19898664951324463,-0.13263075053691864,-0.5301185846328735,-0.9752215147018433,-1.3986905813217163,-1.686461091041565,-1.732204556465149,-1.5043367147445679,-1.074108362197876,-0.5776638984680176,-0.13730238378047943,0.20010565221309662,0.46564456820487976,0.7198002934455872,0.997065544128418,1.284767508506775,1.5421924591064453,1.734769344329834,1.8533177375793457,1.9086991548538208,1.9139052629470825,1.872148036956787,1.779026985168457,1.6329679489135742,1.4428893327713013,1.2261896133422852,0.9986165761947632,0.7648067474365234,0.5184981822967529,0.25412502884864807,-0.021051762625575066,-0.2866051495075226,-0.5219430923461914,-0.7195606827735901,-0.8864004611968994,-1.0346671342849731,-1.1741000413894653,-1.3113884925842285
0.727920413017273,0.6551048159599304,0.5411007404327393,0.39293766021728516,0.20984546840190887,-0.03321769833564758,-0.3731393814086914,-0.8136522769927979,-1.28033447265625,-1.6236231327056885,-1.686463713645935,-1.398103952407837,-0.825402557849884,-0.13952654600143433,0.479534775018692,0.9316293001174927,1.2205381393432617,1.4105252027511597,1.5617635250091553,1.6946545839309692,1.7975002527236938,1.8546040058135986,1.864089846611023,1.8345589637756348,1.7719800472259521,1.673266887664795,1.5322498083114624,1.3502016067504883,1.1403306722640991,0.9215523600578308,0.7061313986778259,0.4911998212337494,0.2620355784893036,0.006272842641919851,-0.2716224491596222,-0.5479890704154968,-0.7928096055984497,-0.9881196618080139,-1.1383092403411865,-1.2660452127456665,-1.398768424987793,-1.5553256273269653
0.48285773396492004,0.41326749324798584,0.3261784315109253,0.23420822620391846,0.13162827491760254,-0.01792108081281185,-0.26271766424179077,-0.6157352328300476,-1.0120646953582764,-1.3120012283325195,-1.3624095916748047,-1.08282470703125,-0.5173621773719788,0.18572619557380676,0.8526371717453003,1.3661428689956665,1.6995129585266113,1.8919633626937866,1.9973149299621582,2.0475096702575684,2.04925799369812,2.0016472339630127,1.9111127853393555,1.7913141250610352,1.6534152030944824,1.4996155500411987,1.3262319564819336,1.1322181224822998,0.924231231212616,0.7131232023239136,0.505000650882721,0.2946818470954895,0.06852830946445465,-0.18416619300842285,-0.4590299129486084,-0.7340510487556458,-0.9797855019569397,-1.176218032836914,-1.3249616622924805,-1.4487546682357788,-1.5789698362350464,-1.7396178245544434
0.20484137535095215,0.14717108011245728,0.08713097870349884,0.03755071386694908,-0.004934853408485651,-0.06726965308189392,-0.18544182181358337,-0.3718116879463196,-0.5867565274238586,-0.7400471568107605,-0.7292396426200867,-0.4946780800819397,-0.05541763827204704,0.498175710439682,1.049493670463562,1.5077286958694458,1.835076928138733,2.0392231941223145,2.145998001098633,2.1762046813964844,2.1401870250701904,2.0457468032836914,1.9064117670059204,1.7409273386001587,1.5656397342681885,1.3879566192626953,1.2064337730407715,1.0168321132659912,0.8180471658706665,0.6131501197814941,0.40515774488449097,0.19230617582798004,-0.032128848135471344,-0.27427709102630615,-0.532295286655426,-0.7932450175285339,-1.0378079414367676,-1.2505344152450562,-1.4290642738342285,-1.5864437818527222,-1.7447662353515625,-1.9241207838058472
-0.005020288284868002,-0.028264285996556282,-0.04854446277022362,-0.05609184503555298,-0.04875357449054718,-0.036886755377054214,-0.03738315775990486,-0.05874669924378395,-0.08686843514442444,-0.08385166525840759,-0.003516361117362976,0.18430528044700623,0.47588446736335754,0.8334168195724487,1.2018178701400757,1.5310331583023071,1.7904572486877441,1.9697535037994385,2.0706474781036377,2.098680019378662,2.060598134994507,1.9664219617843628,1.8308930397033691,1.6711111068725586,1.5009853839874268,1.327009916305542,1.14851713180542,0.9621008634567261,0.7665961384773254,0.5648531317710876,0.36137518286705017,0.158041849732399,-0.04814913868904114,-0.26340267062187195,-0.49240899085998535,-0.7340604066848755,-0.9809097647666931,-1.2230355739593506,-1.4536964893341064,-1.6735572814941406,-1.8902595043182373,-2.1140120029449463
-0.03239087387919426,-0.018612004816532135,0.000788827717769891,0.032648149877786636,0.08210049569606781,0.1490253061056137,0.22832970321178436,0.31441736221313477,0.40664127469062805,0.5116058588027954,0.6403416395187378,0.8013957142829895,0.9945805668830872,1.2088261842727661,1.4252920150756836,1.6233305931091309,1.7857064008712769,1.901025652885437,1.9637467861175537,1.9733048677444458,1.9335185289382935,1.852089285850525,1.7390519380569458,1.6041380167007446,1.4539872407913208,1.291124701499939,1.1153687238693237,0.9269484877586365,0.7291178703308105,0.528194010257721,0.33084091544151306,0.14015774428844452,-0.04678848013281822,-0.2382069230079651,-0.4438626766204834,-0.6703358292579651,-0.9180771112442017,-1.181659460067749,-1.4529392719268799,-1.72509765625,-1.9950380325317383,-2.2628841400146484
0.1528618186712265,0.19144658744335175,0.23506779968738556,0.2890680432319641,0.3593398630619049,0.4496523439884186,0.5601605176925659,0.6877889633178711,0.8277842998504639,0.9755463004112244,1.127422571182251,1.280275583267212,1.4303884506225586,1.5724982023239136,1.6998039484024048,1.8048676252365112,1.8810689449310303,1.9238343238830566,1.9315176010131836,1.9055267572402954,1.849756121635437,1.7692859172821045,1.668800950050354,1.551195502281189,1.4170329570770264,1.2653387784957886,1.0955084562301636,0.9091483950614929,0.7110282778739929,0.508029043674469,0.30666956305503845,0.1102553978562355,-0.08291436731815338,-0.2790524661540985,-0.48639601469039917,-0.7117615938186646,-0.9578883647918701,-1.2226165533065796,-1.5001808404922485,-1.7834928035736084,-2.066296339035034,-2.3436694145202637
