earth/public/data/atmosphere/C53/ANN-temp-surface-level-gfs-1.0.json
{"header": {"discipline": 0, "disciplineName": "Meteorological products", "gribEdition": 2, "gribLength": 17922.0, "center": 0, "centerName": "Kiel Climate Model", "subcenter": 0, "refTime": "1", "significanceOfRT": 1, "significanceOfRTName": "Start of forecast", "productStatus": 0, "productStatusName": "Operational products", "productType": 1, "productTypeName": "Forecast products", "productDefinitionTemplate": 0, "productDefinitionTemplateName": "Analysis/forecast at horizontal level/layer at a point in time", "parameterCategory": 2, "parameterCategoryName": "Momentum", "parameterNumber": 2, "parameterNumberName": "U-component_of_wind", "parameterUnit": "K", "genProcessType": 2, "genProcessTypeName": "Forecast", "forecastTime": 0, "surface1Type": 103, "surface1TypeName": "Specified height level above ground", "surface1Value": 10, "surface2Type": 255, "surface2TypeName": "Missing", "surface2Value": 0, "gridDefinitionTemplate": 0, "gridDefinitionTemplateName": "Latitude_Longitude", "numberPoints": 65160, "shape": 6, "shapeName": "Earth spherical with radius of 6,371,229.0 m", "gridUnits": "degrees", "resolution": 48, "winds": "true", "scanMode": 0, "nx": 128.0, "ny": 64.0, "basicAngle": 0, "subDivisions": 0, "lo1": 0.0, "la1": 87.86379883923263, "lo2": 357.1875, "la2": -87.86379883923263, "dx": 2.8125, "dy": 2.7893269472772264}, "data":
[rows 0 to 19 of 64, columns 0 to 43 of 128]
278.09234619140625,278.09136962890625,278.0906066894531,278.0899658203125,278.08953857421875,278.0890808105469,278.088623046875,278.088134765625,278.0875244140625,278.08648681640625,278.0841064453125,278.0813293457031,278.07861328125,278.07562255859375,278.07220458984375,278.06842041015625,278.0641174316406,278.0594177246094,278.0542907714844,278.0486755371094,278.0426940917969,278.0362854003906,278.02984619140625,278.02301025390625,278.01580810546875,278.0082702636719,278.0004577636719,277.9924011230469,277.984130859375,277.9757080078125,277.96728515625,277.95880126953125,277.95025634765625,277.9416809082031,277.9331970214844,277.92486572265625,277.91668701171875,277.90911865234375,277.9017639160156,277.89453125,277.887451171875,277.88055419921875,277.8738098144531,277.86724853515625
278.08050537109375,278.0782165527344,278.0782775878906,278.0803527832031,278.0832214355469,278.08673095703125,278.0895690917969,278.0914306640625,278.09130859375,278.0889587402344,278.0829162597656,278.0738830566406,278.06103515625,278.0445251464844,278.02447509765625,278.0011901855469,277.974609375,277.94525146484375,277.9139404296875,277.8826904296875,277.8499755859375,277.8171081542969,277.78497314453125,277.75445556640625,277.72491455078125,277.696533203125,277.66943359375,277.643798828125,277.6196594238281,277.5984191894531,277.5790710449219,277.560302734375,277.54168701171875,277.524169921875,277.50482177734375,277.48358154296875,277.45867919921875,277.4313659667969,277.40087890625,277.36773681640625,277.3258056640625,277.28125,277.2357482910156,277.19110107421875
278.239501953125,278.23370361328125,278.23394775390625,278.23883056640625,278.2464904785156,278.2554016113281,278.26446533203125,278.27197265625,278.2757568359375,278.2747802734375,278.26824951171875,278.2552795410156,278.23492431640625,278.2073059082031,278.1713562011719,278.127685546875,278.0775146484375,278.0215148925781,277.9610595703125,277.8981018066406,277.835693359375,277.7747802734375,277.71783447265625,277.6681823730469,277.62396240234375,277.58819580078125,277.5594482421875,277.5372009277344,277.520751953125,277.5099182128906,277.50225830078125,277.49334716796875,277.4793395996094,277.4548645019531,277.40850830078125,277.34539794921875,277.24420166015625,277.12017822265625,276.9825744628906,276.8324890136719,276.66217041015625,276.5101623535156,276.28668212890625,276.25323486328125
278.5621032714844,278.5480651855469,278.53533935546875,278.52398681640625,278.5132141113281,278.50286865234375,278.4914855957031,278.4797058105469,278.46661376953125,278.4521484375,278.4344482421875,278.41400146484375,278.389892578125,278.3614196777344,278.3291015625,278.2919616699219,278.2521057128906,278.2100524902344,278.1672668457031,278.1244812011719,278.082763671875,278.04266357421875,278.00482177734375,277.9699401855469,277.9396057128906,277.9158630371094,277.8973083496094,277.8845520019531,277.8710632324219,277.8619079589844,277.854248046875,277.850830078125,277.8354187011719,277.7972717285156,277.7161865234375,277.58514404296875,277.3812561035156,277.1131896972656,276.784912109375,276.3960266113281,276.0303955078125,276.04193115234375,275.8257141113281,275.62994384765625
279.0152282714844,278.9656982421875,278.90692138671875,278.8445739746094,278.7829284667969,278.7272033691406,278.6789855957031,278.63946533203125,278.6069641113281,278.5794982910156,278.554443359375,278.5282897949219,278.4993896484375,278.46624755859375,278.4316101074219,278.3990173339844,278.3753967285156,278.36334228515625,278.3670349121094,278.38214111328125,278.4031066894531,278.4236755371094,278.4385070800781,278.4440612792969,278.43658447265625,278.41387939453125,278.3775939941406,278.3263854980469,278.27056884765625,278.2188415527344,278.17755126953125,278.1468200683594,278.1120300292969,278.0395202636719,277.9040832519531,277.6841735839844,277.3365783691406,276.879150390625,276.3084411621094,275.61083984375,275.8102111816406,275.4523010253906,275.1380310058594,274.9082946777344
279.2402648925781,279.15716552734375,279.06781005859375,278.98822021484375,278.92877197265625,278.8941345214844,278.88067626953125,278.88226318359375,278.8937072753906,278.9044189453125,278.9066162109375,278.8955078125,278.86871337890625,278.83013916015625,278.7802429199219,278.7284240722656,278.6875,278.6762390136719,278.6993103027344,278.7525939941406,278.822021484375,278.8903503417969,278.94195556640625,278.9803466796875,279.0014343261719,278.9837341308594,278.9085388183594,278.7736511230469,278.6081237792969,278.4568176269531,278.33038330078125,278.22491455078125,278.1004333496094,277.9373779296875,278.15869140625,277.6155700683594,277.89508056640625,277.64093017578125,277.29510498046875,276.8119201660156,276.2978515625,275.77642822265625,275.31878662109375,274.9898986816406
279.1046142578125,278.9886474609375,278.914306640625,278.9159851074219,278.9774169921875,279.06744384765625,279.1590270996094,279.2179870605469,279.2352600097656,279.2216796875,279.2042541503906,279.20355224609375,279.2326965332031,279.2646484375,279.2886047363281,279.2889099121094,279.2527160644531,279.22283935546875,279.2402648925781,279.2860107421875,279.3669738769531,279.49603271484375,279.6014709472656,279.6738586425781,279.67169189453125,279.62042236328125,279.46685791015625,279.35296630859375,279.39111328125,279.8546142578125,279.28900146484375,279.14654541015625,279.681396484375,279.01007080078125,279.0145263671875,278.98089599609375,278.9606628417969,279.4407653808594,278.6800842285156,278.3115234375,277.8798828125,277.38385009765625,276.8537292480469,276.4223937988281
279.0761413574219,278.9051208496094,278.849853515625,278.85302734375,279.0454406738281,279.26300048828125,279.4391174316406,279.46966552734375,279.4184875488281,279.22955322265625,279.1886291503906,279.3575439453125,279.5261535644531,279.744873046875,279.9461669921875,279.9125061035156,279.8633117675781,280.1104736328125,280.22589111328125,279.9013671875,280.0198974609375,280.167724609375,280.3301086425781,280.4451904296875,280.49005126953125,280.4482116699219,280.2491455078125,280.3397521972656,280.4942321777344,280.8708801269531,280.8109436035156,280.6936950683594,280.5395812988281,279.843505859375,279.602783203125,279.4936828613281,279.4468688964844,279.5433349609375,279.38885498046875,279.28179931640625,279.0697326660156,278.7951965332031,278.5149841308594,278.2657470703125
279.7901916503906,279.5789489746094,279.478271484375,279.4579162597656,279.5427551269531,279.7289733886719,279.5065002441406,279.57586669921875,279.7828369140625,279.6681823730469,279.4612731933594,279.7264709472656,280.22247314453125,280.6986083984375,280.91326904296875,281.13800048828125,281.3342590332031,281.3944396972656,281.2877197265625,280.5750427246094,280.6741943359375,280.8386535644531,281.0122985839844,281.1603698730469,281.31231689453125,281.4676818847656,281.5002136230469,281.4457092285156,281.491943359375,282.00457763671875,281.9194030761719,281.79998779296875,281.6432189941406,280.9144287109375,280.6476135253906,280.4595947265625,280.3135681152344,280.22216796875,280.10723876953125,279.9925842285156,279.8222961425781,279.69476318359375,279.6637268066406,279.792236328125
280.62689208984375,280.6268310546875,280.4029846191406,280.1576232910156,280.08306884765625,280.1752624511719,280.4154968261719,280.6345520019531,280.7601013183594,280.8536376953125,280.9522399902344,281.1685791015625,281.4180908203125,281.6794128417969,281.9087219238281,281.99835205078125,282.0339050292969,282.12530517578125,282.2840881347656,281.7420349121094,281.8117370605469,281.5424499511719,281.7076416015625,281.880859375,282.17181396484375,282.5813903808594,282.8746337890625,282.7972412109375,282.7348327636719,283.0355224609375,282.8330078125,282.2560729980469,282.2635498046875,282.3084716796875,282.26153564453125,282.0545349121094,281.79608154296875,281.49566650390625,281.2779846191406,281.1286926269531,281.0212707519531,280.9647216796875,280.97930908203125,281.0550842285156
281.7688293457031,281.8690185546875,281.6016540527344,281.1896057128906,280.9078674316406,281.3287658691406,281.32220458984375,281.7839660644531,282.2310791015625,282.43267822265625,282.7024230957031,282.57647705078125,282.3390808105469,282.2619323730469,282.5132141113281,282.5274353027344,282.7073669433594,282.8830871582031,283.1544189453125,283.84478759765625,283.90386962890625,283.1387634277344,282.84014892578125,282.8315124511719,283.03790283203125,283.6688232421875,284.1142272949219,284.2156066894531,283.7929992675781,283.2105712890625,282.8417053222656,282.8615417480469,283.10302734375,283.3018798828125,283.2452392578125,282.884033203125,282.6334533691406,282.4096984863281,282.3162841796875,282.47869873046875,282.57586669921875,282.4949035644531,282.20416259765625,281.77301025390625
283.0377502441406,283.0869140625,282.8734436035156,282.473388671875,282.2081604003906,282.4036865234375,282.7643127441406,283.3568420410156,284.04632568359375,284.2120666503906,283.8294372558594,282.70465087890625,282.5311279296875,282.72943115234375,283.2127990722656,283.65875244140625,283.9358825683594,284.2177734375,284.54217529296875,285.216064453125,285.7691650390625,285.5811462402344,285.1170959472656,283.9667053222656,284.1570129394531,284.7696228027344,285.1038513183594,285.46002197265625,284.8830261230469,284.172119140625,283.7742919921875,283.7906494140625,283.96514892578125,283.977783203125,283.7183837890625,283.41162109375,283.4314270019531,283.837158203125,284.08807373046875,284.4503173828125,284.4329833984375,283.86065673828125,282.815185546875,281.6049499511719
284.4365539550781,284.1995544433594,284.061767578125,283.8841247558594,283.99658203125,284.25,285.007080078125,285.64923095703125,285.86456298828125,285.66851806640625,284.99224853515625,283.8846435546875,283.8965148925781,284.4853515625,285.1618347167969,286.01275634765625,286.0010070800781,285.3077087402344,285.4543762207031,286.578125,287.4206848144531,287.5382080078125,286.9653015136719,285.53839111328125,285.4886474609375,286.05322265625,286.63140869140625,286.77874755859375,286.36102294921875,285.7867431640625,285.4023742675781,285.2423095703125,285.1061706542969,284.9776916503906,285.0281982421875,285.4057922363281,286.15655517578125,286.4507751464844,286.4505615234375,286.01385498046875,285.2676086425781,284.2724914550781,283.060302734375,281.7420349121094
285.72796630859375,285.5423889160156,285.5683288574219,285.7532043457031,286.2615051269531,287.50616455078125,287.7013854980469,287.8450622558594,287.68450927734375,287.10955810546875,285.97125244140625,285.72613525390625,286.1607360839844,286.8514099121094,287.473876953125,287.93316650390625,286.8773193359375,286.41278076171875,286.6213684082031,287.9981384277344,288.927978515625,289.1056213378906,288.48968505859375,286.9259033203125,286.5330810546875,286.80914306640625,287.37078857421875,287.7200622558594,287.5956726074219,287.19110107421875,286.73370361328125,286.3561706542969,286.011474609375,286.1620788574219,286.971923828125,288.0741882324219,288.52471923828125,287.5948181152344,285.63690185546875,283.8184509277344,282.9731750488281,283.0655517578125,283.3000793457031,283.0687255859375
287.0902099609375,287.3068542480469,287.4585876464844,288.77679443359375,289.4202880859375,290.0240173339844,290.0205078125,289.7575378417969,289.3270263671875,288.657470703125,288.13262939453125,288.0936584472656,288.37921142578125,288.7454833984375,288.95611572265625,288.6099548339844,288.2657470703125,288.1837158203125,289.1891174316406,290.00408935546875,290.3997497558594,290.3246765136719,289.5031433105469,288.165771484375,287.7178039550781,287.999267578125,288.56787109375,288.849609375,288.6499938964844,288.1771545410156,287.7191162109375,287.33526611328125,287.0118103027344,287.11029052734375,287.82232666015625,288.4468994140625,287.65765380859375,285.1661682128906,282.1288146972656,280.14434814453125,280.34979248046875,282.0526123046875,283.904296875,284.69830322265625
288.64373779296875,289.285888671875,290.2303161621094,290.6467590332031,291.24810791015625,291.4166259765625,290.98883056640625,291.0704650878906,291.1661682128906,290.7633056640625,290.4031066894531,290.00335693359375,290.26861572265625,290.1389465332031,290.01605224609375,289.9482116699219,290.0176696777344,290.5864562988281,291.58221435546875,291.88958740234375,291.8864440917969,291.7608337402344,291.2068176269531,290.6563415527344,290.5393981933594,290.7995300292969,290.8524169921875,290.90899658203125,290.4605407714844,290.2088928222656,290.0428466796875,289.8345947265625,288.83843994140625,287.2738342285156,286.0653381347656,285.2296447753906,284.09112548828125,282.46307373046875,281.17987060546875,281.1976623535156,282.5738830566406,284.3853454589844,285.4544372558594,285.4640808105469
290.54412841796875,291.71905517578125,292.3390808105469,292.63604736328125,292.73992919921875,292.14837646484375,292.2503662109375,292.47637939453125,293.0666809082031,292.86077880859375,292.5203857421875,292.1753234863281,291.9990234375,291.7829284667969,291.6212158203125,291.71435546875,292.1149597167969,292.7911071777344,293.4854431152344,293.5464782714844,293.6957702636719,293.8786926269531,293.58880615234375,293.09832763671875,292.9049377441406,292.9577331542969,293.3243103027344,293.0339050292969,292.67840576171875,292.7575988769531,293.8348693847656,292.7042541503906,290.3573303222656,286.65142822265625,283.5057678222656,282.2693786621094,282.5093994140625,283.4571228027344,285.2799377441406,287.61370849609375,289.344970703125,289.4565734863281,288.19854736328125,286.9420166015625
292.74017333984375,294.0029296875,294.502197265625,294.63995361328125,294.61529541015625,293.9775085449219,293.9143371582031,294.2215576171875,294.6493835449219,294.5758361816406,294.366943359375,294.185302734375,293.875,293.321533203125,293.1354064941406,293.40496826171875,293.72442626953125,294.2210693359375,294.53106689453125,294.5084228515625,294.91888427734375,295.41619873046875,295.64276123046875,295.2042541503906,294.44305419921875,293.8863830566406,294.0840759277344,294.6742248535156,294.4745788574219,294.32177734375,294.4936828613281,293.67401123046875,290.67327880859375,286.7115478515625,284.29315185546875,284.6366271972656,286.4043273925781,288.3354187011719,290.41058349609375,292.6149597167969,293.71649169921875,293.2542419433594,291.95623779296875,291.4582824707031
295.80230712890625,295.7719421386719,296.0394592285156,296.2731018066406,296.3703918457031,295.9823913574219,295.55645751953125,295.9443359375,296.164794921875,296.16461181640625,296.51788330078125,296.5770263671875,295.568603515625,295.0377502441406,294.84771728515625,295.022705078125,295.43756103515625,295.56280517578125,295.4093017578125,295.3221130371094,295.63018798828125,296.2066650390625,296.7608337402344,296.5818176269531,295.9884948730469,295.5804748535156,295.99285888671875,296.53912353515625,296.102783203125,295.40740966796875,294.9935302734375,294.0852966308594,291.891357421875,289.4062805175781,289.3772277832031,291.66192626953125,293.7357482910156,293.86700439453125,293.22174072265625,293.4673156738281,294.3531188964844,294.9447021484375,295.5421447753906,296.5069580078125
297.86688232421875,297.7768249511719,297.7160949707031,297.86981201171875,297.8198547363281,297.5068054199219,297.1441345214844,297.356689453125,297.6056213378906,297.7344665527344,297.93218994140625,297.91705322265625,297.57952880859375,296.98297119140625,296.6269226074219,296.6939392089844,296.92156982421875,296.8818359375,296.6484069824219,296.48138427734375,296.5740051269531,297.0269470214844,297.8338928222656,298.8627624511719,298.6229553222656,298.06475830078125,298.190673828125,298.587890625,297.9924011230469,297.2502136230469,296.9029541015625,296.2613525390625,294.9654235839844,293.9825439453125,295.18353271484375,297.8300476074219,298.9854736328125,297.31512451171875,295.043212890625,294.70977783203125,295.6552734375,296.65631103515625,297.3023986816406,297.81329345703125
