earth/public/data/atmosphere/C53/ANN-rh-isobaric-850hPa-gfs-1.0.json
{"header": {"discipline": 0, "disciplineName": "Meteorological products", "gribEdition": 2, "gribLength": 17922.0, "center": 0, "centerName": "Kiel Climate Model", "subcenter": 0, "refTime": "1", "significanceOfRT": 1, "significanceOfRTName": "Start of forecast", "productStatus": 0, "productStatusName": "Operational products", "productType": 1, "productTypeName": "Forecast products", "productDefinitionTemplate": 0, "productDefinitionTemplateName": "Analysis/forecast at horizontal level/layer at a point in time", "parameterCategory": 2, "parameterCategoryName": "Momentum", "parameterNumber": 2, "parameterNumberName": "U-component_of_wind", "parameterUnit": "%", "genProcessType": 2, "genProcessTypeName": "Forecast", "forecastTime": 0, "surface1Type": 103, "surface1TypeName": "Specified height level above ground", "surface1Value": 10, "surface2Type": 255, "surface2TypeName": "Missing", "surface2Value": 0, "gridDefinitionTemplate": 0, "gridDefinitionTemplateName": "Latitude_Longitude", "numberPoints": 65160, "shape": 6, "shapeName": "Earth spherical with radius of 6,371,229.0 m", "gridUnits": "degrees", "resolution": 48, "winds": "true", "scanMode": 0, "nx": 128.0, "ny": 64.0, "basicAngle": 0, "subDivisions": 0, "lo1": 0.0, "la1": 87.86379883923263, "lo2": 357.1875, "la2": -87.86379883923263, "dx": 2.8125, "dy": 2.7893269472772264}, "data":
[rows 0 to 18 of 64, columns 43 to 85 of 128]
0.8833290338516235,0.8833400011062622,0.8833975195884705,0.8835027813911438,0.883655846118927,0.8838571310043335,0.8841066956520081,0.8844040632247925,0.884748637676239,0.8851388692855835,0.8855736255645752,0.8860514163970947,0.8865700364112854,0.8871272802352905,0.8877207040786743,0.8883479833602905,0.8890061378479004,0.8896920680999756,0.8904021978378296,0.8911336660385132,0.891882598400116,0.8926454186439514,0.8934177160263062,0.894196093082428,0.8949759602546692,0.8957533240318298,0.8965238332748413,0.8972831964492798,0.898027241230011,0.8987518548965454,0.899453341960907,0.9001272916793823,0.9007707834243774,0.9013804793357849,0.9019534587860107,0.9024874567985535,0.9029800891876221,0.9034305214881897,0.9038370847702026,0.9041997194290161,0.9045183062553406,0.904792845249176,0.9050246477127075
0.8677638173103333,0.8676654696464539,0.8677160739898682,0.8679119348526001,0.8682466149330139,0.8687112927436829,0.8692947030067444,0.8699833154678345,0.8707626461982727,0.8716184496879578,0.8725357055664062,0.8735015392303467,0.8745046854019165,0.8755371570587158,0.8765941858291626,0.8776751756668091,0.8787824511528015,0.8799221515655518,0.8811026811599731,0.8823337554931641,0.883624792098999,0.8849843740463257,0.8864177465438843,0.8879265189170837,0.8895066976547241,0.8911499381065369,0.8928415179252625,0.8945620059967041,0.8962879180908203,0.8979922533035278,0.8996466994285583,0.901222825050354,0.9026934504508972,0.9040340185165405,0.9052238464355469,0.9062463641166687,0.9070904850959778,0.9077502489089966,0.9082244634628296,0.9085162878036499,0.9086337685585022,0.9085873961448669,0.9083908796310425
0.8653033971786499,0.8660323619842529,0.866898775100708,0.8679066896438599,0.8690646886825562,0.8703808188438416,0.8718552589416504,0.8734731674194336,0.875200629234314,0.8769828081130981,0.8787457942962646,0.8804028034210205,0.8818650841712952,0.8830521106719971,0.8839057087898254,0.8843995332717896,0.8845476508140564,0.8844057321548462,0.8840686678886414,0.8836629986763,0.8833305835723877,0.8832163214683533,0.8834492564201355,0.8841276168823242,0.8853070735931396,0.8869947791099548,0.8891487121582031,0.8916820287704468,0.8944734334945679,0.8973813056945801,0.9002572298049927,0.9029624462127686,0.9053793549537659,0.9074206948280334,0.9090344309806824,0.9102042317390442,0.9109453558921814,0.9112986326217651,0.9113221168518066,0.9110814929008484,0.9106426239013672,0.9100648760795593,0.9093976020812988
0.873265266418457,0.8740546703338623,0.8740795850753784,0.8735156655311584,0.8726596832275391,0.8718844652175903,0.8715741634368896,0.8720558285713196,0.8735328912734985,0.8760403990745544,0.8794272541999817,0.8833706974983215,0.8874232172966003,0.8910834789276123,0.8938782811164856,0.8954430222511292,0.8955869078636169,0.8943276405334473,0.8918958306312561,0.8887026309967041,0.8852795362472534,0.882198691368103,0.8799891471862793,0.8790600895881653,0.8796457648277283,0.881778359413147,0.8852899670600891,0.8898476958274841,0.8950059413909912,0.9002748131752014,0.9051874279975891,0.909358561038971,0.912527322769165,0.9145771265029907,0.9155356884002686,0.9155524373054504,0.9148644804954529,0.9137523770332336,0.9124976396560669,0.9113423824310303,0.9104619026184082,0.9099507331848145,0.9098203182220459
0.8851838111877441,0.8844093680381775,0.8807030916213989,0.8744568228721619,0.8665415048599243,0.858187735080719,0.8507813811302185,0.8456190228462219,0.8436672687530518,0.8453817367553711,0.8506186604499817,0.8586578369140625,0.8683300018310547,0.8782241344451904,0.8869310021400452,0.8932846188545227,0.8965495824813843,0.8965348601341248,0.8936052918434143,0.8885988593101501,0.8826654553413391,0.8770581483840942,0.8729140162467957,0.8710702061653137,0.8719395995140076,0.8754720091819763,0.8811971545219421,0.8883390426635742,0.8959702849388123,0.9031761884689331,0.9091986417770386,0.9135355353355408,0.9159853458404541,0.9166373014450073,0.9158201217651367,0.9140189290046692,0.9117830395698547,0.909637451171875,0.9080103039741516,0.9071837067604065,0.9072715044021606,0.9082221984863281,0.9098440408706665
0.8819029331207275,0.8820943832397461,0.8778032064437866,0.8692437410354614,0.8575796484947205,0.8447113633155823,0.832873523235321,0.8241544365882874,0.8200612664222717,0.8212426900863647,0.8274121880531311,0.8374654650688171,0.8497440218925476,0.8623647093772888,0.8735504150390625,0.88190758228302,0.8866186141967773,0.8875367045402527,0.8851765990257263,0.880599319934845,0.875203549861908,0.8704559803009033,0.8676049113273621,0.8674402236938477,0.8701565861701965,0.8753546476364136,0.8821768760681152,0.8895370960235596,0.8963807821273804,0.9019030928611755,0.9056780338287354,0.9076794385910034,0.9082058668136597,0.907752275466919,0.9068663120269775,0.906029224395752,0.9055812358856201,0.9056960344314575,0.9063941836357117,0.9075820446014404,0.9090996980667114,0.9107633829116821,0.9123976230621338
0.8562902212142944,0.8586875200271606,0.8574566841125488,0.8528093099594116,0.8461138010025024,0.8393877148628235,0.8345851898193359,0.8329591751098633,0.834732711315155,0.8391661047935486,0.8449501395225525,0.8507264256477356,0.8555166125297546,0.8589126467704773,0.8610011339187622,0.8621267080307007,0.8626394867897034,0.8627739548683167,0.8626844882965088,0.8625843524932861,0.8628594875335693,0.8640534281730652,0.8666955828666687,0.871047854423523,0.8769074082374573,0.8835799098014832,0.8900632262229919,0.8953758478164673,0.8988874554634094,0.9005146622657776,0.9007115364074707,0.9002736210823059,0.9000453948974609,0.9006556272506714,0.9023587703704834,0.9050167202949524,0.908194363117218,0.91131591796875,0.9138299226760864,0.9153431057929993,0.9157026410102844,0.915017306804657,0.9136191606521606
0.8317086100578308,0.8301427960395813,0.8268864154815674,0.8236597180366516,0.8228868842124939,0.8265302777290344,0.8350555300712585,0.8470050692558289,0.8593790531158447,0.8686794638633728,0.8721948862075806,0.8690073490142822,0.860322892665863,0.849007248878479,0.8385282754898071,0.8317373394966125,0.8299866318702698,0.8329082131385803,0.8388983011245728,0.8460224270820618,0.8528922200202942,0.8590988516807556,0.8650515079498291,0.8713868260383606,0.8783356547355652,0.8854272365570068,0.8916780948638916,0.8961220979690552,0.8983465433120728,0.8987290263175964,0.8982591032981873,0.8980789184570312,0.8990094661712646,0.9012824296951294,0.9045689702033997,0.9082091450691223,0.9114919900894165,0.913858950138092,0.9149912595748901,0.9148210287094116,0.9135197401046753,0.9114845395088196,0.9092971682548523
0.8207383155822754,0.8123937249183655,0.8051003813743591,0.802524983882904,0.807405412197113,0.8200605511665344,0.8378757834434509,0.8560409545898438,0.8692395687103271,0.8735671639442444,0.8678913116455078,0.8541619181632996,0.8366405963897705,0.8204233646392822,0.8098209500312805,0.8071151971817017,0.8120468258857727,0.8221645951271057,0.8339110016822815,0.8440687656402588,0.8509767055511475,0.8549756407737732,0.8578603863716125,0.8616427183151245,0.8673356771469116,0.8744486570358276,0.8814418315887451,0.8867724537849426,0.8898264765739441,0.8911625146865845,0.8920120000839233,0.893448531627655,0.8958041667938232,0.8986450433731079,0.9012153744697571,0.9029761552810669,0.9038776159286499,0.904259443283081,0.9045284986495972,0.9048868417739868,0.9052929878234863,0.9056455492973328,0.9060180187225342
0.8139017224311829,0.8087327480316162,0.8089633584022522,0.8174900412559509,0.8343150615692139,0.8556331992149353,0.8747172355651855,0.8844830393791199,0.8806337118148804,0.8637645244598389,0.83922278881073,0.8147433400154114,0.7971528172492981,0.7899073362350464,0.7925729751586914,0.8020606637001038,0.8144910335540771,0.8265652060508728,0.8361004590988159,0.8421056270599365,0.8448319435119629,0.8457496166229248,0.8470636010169983,0.8506507277488708,0.856952965259552,0.8646584153175354,0.871537446975708,0.8759140372276306,0.8777052760124207,0.8783023357391357,0.8794556260108948,0.8820632696151733,0.8857276439666748,0.889278769493103,0.8917407989501953,0.8929906487464905,0.8937180638313293,0.8948380351066589,0.8968446850776672,0.8995175361633301,0.9021080136299133,0.9038276672363281,0.9043415188789368
0.8189447522163391,0.8282795548439026,0.840686023235321,0.8565804362297058,0.8756069540977478,0.8946813344955444,0.9073593020439148,0.9060842990875244,0.8867051601409912,0.8523505926132202,0.8134399056434631,0.7829994559288025,0.7699305415153503,0.7746442556381226,0.789947509765625,0.8062630295753479,0.817267656326294,0.8221834301948547,0.8239786028862,0.8258781433105469,0.8292329907417297,0.833797037601471,0.8391020894050598,0.8450779914855957,0.8515025973320007,0.857379674911499,0.8613318204879761,0.8627928495407104,0.8627504110336304,0.863174319267273,0.8655592799186707,0.8698697090148926,0.8747562170028687,0.8787428140640259,0.8813010454177856,0.8829896450042725,0.8847485184669495,0.8870963454246521,0.8898605108261108,0.8924691081047058,0.8943689465522766,0.8952270746231079,0.8949544429779053
0.8434415459632874,0.8633513450622559,0.8687275052070618,0.8609074354171753,0.8499855995178223,0.8469181060791016,0.8542894124984741,0.8635218143463135,0.8613796234130859,0.8408859372138977,0.8078388571739197,0.7774578332901001,0.7636947631835938,0.7696900367736816,0.7867562770843506,0.8020918369293213,0.8083771467208862,0.8075172305107117,0.8065544962882996,0.8105671405792236,0.81906658411026,0.8280317187309265,0.8342822790145874,0.8376577496528625,0.8397858142852783,0.8418060541152954,0.8436944484710693,0.8453118205070496,0.8473381996154785,0.8507921695709229,0.8557844161987305,0.8610711097717285,0.8650277853012085,0.8670649528503418,0.8680601119995117,0.8694136142730713,0.8717213869094849,0.8743510842323303,0.8762547969818115,0.877126932144165,0.8777319192886353,0.8790862560272217,0.8813644647598267
0.8549813628196716,0.8683685064315796,0.8511030077934265,0.8070802688598633,0.7600406408309937,0.7383434772491455,0.7544328570365906,0.795427680015564,0.832517147064209,0.8417670726776123,0.820178747177124,0.7853288650512695,0.7603357434272766,0.757006049156189,0.770126461982727,0.7856420278549194,0.7938512563705444,0.7957415580749512,0.7983841300010681,0.8059502243995667,0.8158684968948364,0.8227668404579163,0.8244904279708862,0.823601245880127,0.8239212036132812,0.8268664479255676,0.8312395811080933,0.8355423808097839,0.8395724296569824,0.8438519239425659,0.8482543230056763,0.8517553806304932,0.8535556197166443,0.8541618585586548,0.855126142501831,0.8576523065567017,0.861470103263855,0.865085780620575,0.8671644330024719,0.8677686452865601,0.8683282136917114,0.8703255653381348,0.8738224506378174
0.8259941339492798,0.8258784413337708,0.8045668005943298,0.7618739008903503,0.7205184102058411,0.7095040082931519,0.7400928139686584,0.7950800061225891,0.8405012488365173,0.8499495387077332,0.8219900727272034,0.7783194184303284,0.7463011741638184,0.7403491735458374,0.7554660439491272,0.7757787108421326,0.7891569137573242,0.794887125492096,0.7991212606430054,0.8053736686706543,0.8111821413040161,0.8131043910980225,0.8121033906936646,0.8124788403511047,0.8167305588722229,0.8232138156890869,0.8286587595939636,0.8316093683242798,0.833015501499176,0.8344419598579407,0.8365278244018555,0.8390001058578491,0.8415436744689941,0.844329833984375,0.8477333784103394,0.851728081703186,0.85574871301651,0.8591637015342712,0.8617445826530457,0.8636662364006042,0.8652445077896118,0.8667120933532715,0.8679699897766113
0.7811628580093384,0.7840728759765625,0.7847481369972229,0.7762512564659119,0.7690706253051758,0.7784609794616699,0.80693519115448,0.8384897112846375,0.8508221507072449,0.8339935541152954,0.7977972030639648,0.7629688382148743,0.7465690970420837,0.7529104351997375,0.7734636068344116,0.7941793203353882,0.805821418762207,0.8093492388725281,0.8111517429351807,0.8141376376152039,0.8158544301986694,0.8145971298217773,0.8132621645927429,0.8153566718101501,0.8199741244316101,0.823265552520752,0.8235236406326294,0.8225441575050354,0.822651743888855,0.8244155645370483,0.8272683620452881,0.8307226300239563,0.83445805311203,0.838036060333252,0.8409885764122009,0.8430166840553284,0.8442528247833252,0.8455195426940918,0.8478384017944336,0.851209282875061,0.8543208837509155,0.855972170829773,0.8563416004180908
0.7426612973213196,0.7622304558753967,0.7759317755699158,0.7813931107521057,0.7846918106079102,0.7935926914215088,0.8082878589630127,0.8179118037223816,0.811536967754364,0.7924495339393616,0.7759090065956116,0.7731304168701172,0.7831016778945923,0.7989707589149475,0.8149600028991699,0.8264138698577881,0.8306071162223816,0.8301871418952942,0.8306918144226074,0.8330216407775879,0.8330748081207275,0.8296276330947876,0.8268941044807434,0.8274040818214417,0.8278165459632874,0.8248228430747986,0.8208574652671814,0.8203806281089783,0.8235527276992798,0.8270774483680725,0.829197108745575,0.8305661678314209,0.8315539360046387,0.8317131400108337,0.831339955329895,0.8313051462173462,0.8317797780036926,0.8327255845069885,0.8347617387771606,0.8379333019256592,0.8406738042831421,0.8417236804962158,0.8420789837837219
0.6776244640350342,0.6977087259292603,0.7027183771133423,0.6997296810150146,0.6932932138442993,0.6932018995285034,0.7082934975624084,0.7320009469985962,0.749818742275238,0.7609326243400574,0.7772985696792603,0.8015881180763245,0.8221770524978638,0.8317368030548096,0.8356857299804688,0.8394197225570679,0.8409993648529053,0.8398372530937195,0.84018474817276,0.8423457741737366,0.8410852551460266,0.835803210735321,0.8326160311698914,0.8336659073829651,0.833583652973175,0.829635739326477,0.8268512487411499,0.8291201591491699,0.8324951529502869,0.8319551348686218,0.8289754986763,0.8275265097618103,0.8272861838340759,0.825933575630188,0.8245370984077454,0.8255287408828735,0.8279247879981995,0.8291842937469482,0.8296125531196594,0.8307616710662842,0.8317103385925293,0.8309972286224365,0.8300799131393433
0.5618757605552673,0.5640681982040405,0.5704034566879272,0.5803379416465759,0.5831723213195801,0.5898572206497192,0.6221587657928467,0.675662636756897,0.7235332131385803,0.7552724480628967,0.7833119630813599,0.8115911483764648,0.8273389935493469,0.8277941942214966,0.8277552127838135,0.8347699046134949,0.8400667905807495,0.8386440873146057,0.8372513651847839,0.8386680483818054,0.8369585871696472,0.831569492816925,0.8298425674438477,0.8330127000808716,0.8338100910186768,0.8300057053565979,0.8278493285179138,0.8297486901283264,0.8297826051712036,0.8249220252037048,0.8209845423698425,0.8227015137672424,0.8259636163711548,0.8256030678749084,0.8239570260047913,0.8252022862434387,0.8271661996841431,0.8259567618370056,0.8236789107322693,0.8242703676223755,0.8261086344718933,0.8256580829620361,0.824205756187439
0.45310312509536743,0.45223143696784973,0.4789865016937256,0.5149332284927368,0.5367408394813538,0.5580136179924011,0.6077417135238647,0.6787676215171814,0.7343931198120117,0.7619323134422302,0.781981885433197,0.8049404621124268,0.8179006576538086,0.8184071183204651,0.822870671749115,0.8354328274726868,0.8419135808944702,0.8384371399879456,0.836674153804779,0.8399360775947571,0.8398923277854919,0.8357419371604919,0.8348854780197144,0.8370300531387329,0.8351658582687378,0.8294750452041626,0.8265426754951477,0.8273258209228516,0.8268436193466187,0.8244538307189941,0.8252336382865906,0.8302985429763794,0.8335562348365784,0.8312862515449524,0.8281658291816711,0.8287635445594788,0.8297409415245056,0.8272082805633545,0.8249505758285522,0.8272724151611328,0.8305320143699646,0.8300418853759766,0.8282139897346497
