earth/public/data/atmosphere/C53/ANN-temp-isobaric-500hPa-gfs-1.0.json
{"header": {"discipline": 0, "disciplineName": "Meteorological products", "gribEdition": 2, "gribLength": 17922.0, "center": 0, "centerName": "Kiel Climate Model", "subcenter": 0, "refTime": "1", "significanceOfRT": 1, "significanceOfRTName": "Start of forecast", "productStatus": 0, "productStatusName": "Operational products", "productType": 1, "productTypeName": "Forecast products", "productDefinitionTemplate": 0, "productDefinitionTemplateName": "Analysis/forecast at horizontal level/layer at a point in time", "parameterCategory": 2, "parameterCategoryName": "Momentum", "parameterNumber": 2, "parameterNumberName": "U-component_of_wind", "parameterUnit": "K", "genProcessType": 2, "genProcessTypeName": "Forecast", "forecastTime": 0, "surface1Type": 103, "surface1TypeName": "Specified height level above ground", "surface1Value": 10, "surface2Type": 255, "surface2TypeName": "Missing", "surface2Value": 0, "gridDefinitionTemplate": 0, "gridDefinitionTemplateName": "Latitude_Longitude", "numberPoints": 65160, "shape": 6, "shapeName": "Earth spherical with radius of 6,371,229.0 m", "gridUnits": "degrees", "resolution": 48, "winds": "true", "scanMode": 0, "nx": 128.0, "ny": 64.0, "basicAngle": 0, "subDivisions": 0, "lo1": 0.0, "la1": 87.86379883923263, "lo2": 357.1875, "la2": -87.86379883923263, "dx": 2.8125, "dy": 2.7893269472772264}, "data":
[rows 0 to 19 of 64, columns 44 to 87 of 128]
248.98094177246094,248.97811889648438,248.97491455078125,248.97128295898438,248.96726989746094,248.96287536621094,248.95809936523438,248.9530029296875,248.94752502441406,248.94174194335938,248.9356231689453,248.9292449951172,248.92259216308594,248.9156494140625,248.90850830078125,248.90113830566406,248.89358520507812,248.88587951660156,248.8780517578125,248.87010192871094,248.86209106445312,248.85400390625,248.8459014892578,248.8378143310547,248.8297576904297,248.82176208496094,248.81385803222656,248.8060760498047,248.79844665527344,248.79098510742188,248.78372192382812,248.7766876220703,248.76988220214844,248.76333618164062,248.757080078125,248.75112915039062,248.74546813964844,248.74012756347656,248.735107421875,248.7304229736328,248.72610473632812,248.72210693359375,248.71844482421875,248.71511840820312
249.21798706054688,249.21176147460938,249.2045440673828,249.1963653564453,249.18728637695312,249.17733764648438,249.16651916503906,249.1549072265625,249.14254760742188,249.1294403076172,249.1156768798828,249.1012420654297,249.086181640625,249.070556640625,249.05435180664062,249.03762817382812,249.02037048339844,249.00265502929688,248.98446655273438,248.96585083007812,248.94688415527344,248.9276123046875,248.90811157226562,248.88845825195312,248.8687744140625,248.84915161132812,248.8297576904297,248.81068420410156,248.7920684814453,248.77406311035156,248.7567901611328,248.74037170410156,248.72488403320312,248.71043395996094,248.6970977783203,248.68487548828125,248.673828125,248.66392517089844,248.65516662597656,248.6475067138672,248.64088439941406,248.63523864746094,248.6304931640625,248.62652587890625
249.490478515625,249.47817993164062,249.46449279785156,249.44944763183594,249.43304443359375,249.4153289794922,249.39633178710938,249.3761749267578,249.3550262451172,249.33306884765625,249.310546875,249.28761291503906,249.2645263671875,249.24142456054688,249.21832275390625,249.1952362060547,249.17205810546875,249.1486358642578,249.12474060058594,249.10012817382812,249.07460021972656,249.0479736328125,249.0201873779297,248.9912567138672,248.96133422851562,248.93064880371094,248.89955139160156,248.8684844970703,248.837890625,248.80825805664062,248.78004455566406,248.75363159179688,248.72935485839844,248.70745849609375,248.6880645751953,248.67127990722656,248.65704345703125,248.64524841308594,248.63577270507812,248.62840270996094,248.6228790283203,248.61895751953125,248.6163787841797,248.6148681640625
249.83694458007812,249.8206787109375,249.80389404296875,249.78587341308594,249.76573181152344,249.7427520751953,249.71630859375,249.68624877929688,249.6527557373047,249.61647033691406,249.57839965820312,249.53976440429688,249.5018310546875,249.4656982421875,249.4322052001953,249.4016876220703,249.37405395507812,249.3486785888672,249.3246612548828,249.30076599121094,249.2758026123047,249.24862670898438,249.21844482421875,249.18484497070312,249.14785766601562,249.10794067382812,249.06593322753906,249.02291870117188,248.9801025390625,248.93862915039062,248.8995361328125,248.8636932373047,248.83160400390625,248.8035888671875,248.77960205078125,248.75958251953125,248.74319458007812,248.7301025390625,248.71994018554688,248.71238708496094,248.70713806152344,248.70388793945312,248.702392578125,248.70245361328125
250.2521514892578,250.2405548095703,250.2326202392578,250.22576904296875,250.216796875,250.2024383544922,250.17984008789062,250.1473388671875,250.10455322265625,250.0525360107422,249.9937286376953,249.9313507080078,249.86911010742188,249.81033325195312,249.7577667236328,249.71292114257812,249.6760711669922,249.64625549316406,249.62144470214844,249.59898376464844,249.57601928710938,249.54995727539062,249.51889038085938,249.4817657470703,249.43858337402344,249.39022827148438,249.33836364746094,249.28506469726562,249.2324676513672,249.18251037597656,249.1366424560547,249.09576416015625,249.06024169921875,249.02984619140625,249.004150390625,248.9824676513672,248.96420288085938,248.94883728027344,248.93600463867188,248.92552185058594,248.91732788085938,248.9114532470703,248.90789794921875,248.90672302246094
250.74151611328125,250.7308807373047,250.72886657714844,250.73147583007812,250.7333526611328,250.728759765625,250.7128143310547,250.68228149414062,250.63629150390625,250.5762481689453,250.50552368164062,250.42877197265625,250.35101318359375,250.2769012451172,250.20994567871094,250.1522216796875,250.10415649414062,250.0646514892578,250.0313262939453,250.00111389160156,249.970703125,249.93707275390625,249.8981170654297,249.85275268554688,249.80128479003906,249.74508666992188,249.68641662597656,249.6278533935547,249.57192993164062,249.5205841064453,249.4749298095703,249.43524169921875,249.40103149414062,249.37142944335938,249.34539794921875,249.32223510742188,249.30160522460938,249.2835235595703,249.268310546875,249.25633239746094,249.24765014648438,249.24209594726562,249.23922729492188,249.2384796142578
251.35784912109375,251.33721923828125,251.32232666015625,251.3094482421875,251.2939910888672,251.27175903320312,251.24005126953125,251.19815063476562,251.1472625732422,251.08984375,251.02877807617188,250.96665954589844,250.90524291992188,250.8455810546875,250.78799438476562,250.73248291015625,250.6788787841797,250.62698364257812,250.57638549804688,250.52638244628906,250.47592163085938,250.42391967773438,250.36935424804688,250.31190490722656,250.2519073486328,250.1907196044922,250.13021850585938,250.0725860595703,250.01963806152344,249.97256469726562,249.93162536621094,249.89614868164062,249.8649139404297,249.83645629882812,249.80967712402344,249.78421020507812,249.7605743408203,249.73997497558594,249.723876953125,249.71334838867188,249.70846557617188,249.7081756591797,249.7105255126953,249.71328735351562
252.07159423828125,252.0496368408203,252.02127075195312,251.98324584960938,251.93421936035156,251.87594604492188,251.81301879882812,251.7517547607422,251.6979217529297,251.65487670898438,251.6225128173828,251.5972442626953,251.57339477539062,251.54498291015625,251.50759887695312,251.4592742919922,251.40078735351562,251.33494567871094,251.2652130126953,251.19464111328125,251.12506103515625,251.05691528320312,250.9899139404297,250.92367553710938,250.85845947265625,250.7952117919922,250.7354278564453,250.68051147460938,250.63137817382812,250.5883026123047,250.55084228515625,250.5179443359375,250.48838806152344,250.46080017089844,250.43411254882812,250.40792846679688,250.38284301757812,250.3604736328125,250.3428955078125,250.3319091796875,250.327880859375,250.32945251464844,250.33377075195312,250.3376007080078
252.77105712890625,252.75779724121094,252.7296142578125,252.68350219726562,252.62156677246094,252.5514678955078,252.48483276367188,252.43313598632812,252.403564453125,252.39596557617188,252.40310668945312,252.41329956054688,252.41456604003906,252.39830017089844,252.3612060546875,252.30519104003906,252.2357177734375,252.15957641601562,252.08261108398438,252.00828552246094,251.9373779296875,251.8687286376953,251.80056762695312,251.73228454589844,251.66470336914062,251.60008239746094,251.54074096679688,251.48794555664062,251.44143676757812,251.39990234375,251.3618927001953,251.32652282714844,251.29371643066406,251.26356506347656,251.23585510253906,251.20997619628906,251.18551635742188,251.1629180908203,251.14385986328125,251.13038635253906,251.1237335205078,251.12306213378906,251.1257781982422,251.12864685058594
253.4270477294922,253.4051971435547,253.37684631347656,253.3400115966797,253.29672241210938,253.25518798828125,253.22811889648438,253.2268829345703,253.2548370361328,253.30374145507812,253.35635375976562,253.39344787597656,253.4016876220703,253.37771606445312,253.32737731933594,253.26132202148438,253.19009399414062,253.12107849121094,253.0574951171875,252.99900817871094,252.9428253173828,252.88534545898438,252.8239288330078,252.7583465576172,252.69126892089844,252.62698364257812,252.56918334960938,252.5191650390625,252.4752655029297,252.43418884277344,252.39312744140625,252.3512725830078,252.3102569580078,252.27255249023438,252.2398681640625,252.21212768554688,252.1878662109375,252.1659698486328,252.14688110351562,252.13267517089844,252.1253662109375,252.12496948242188,252.12887573242188,252.13352966308594
254.12234497070312,254.089599609375,254.0746612548828,254.0708770751953,254.0699920654297,254.07159423828125,254.08607482910156,254.12767028808594,254.20211791992188,254.29843139648438,254.39187622070312,254.4563446044922,254.47793579101562,254.45999145507812,254.41795349121094,254.3688201904297,254.32301330566406,254.28274536132812,254.24546813964844,254.20770263671875,254.16697692871094,254.12155151367188,254.07040405273438,254.0137939453125,253.9539794921875,253.89462280273438,253.83917236328125,253.78904724121094,253.74314880371094,253.6988983154297,253.654052734375,253.60809326171875,253.56260681152344,253.52049255371094,253.48422241210938,253.4546356201172,253.43031311035156,253.40914916992188,253.39028930664062,253.37522888183594,253.3667449951172,253.36599731445312,253.3708953857422,253.37710571289062
254.965576171875,254.96963500976562,255.0125732421875,255.072998046875,255.12232971191406,255.1464385986328,255.1576690673828,255.18643188476562,255.2574005126953,255.36920166015625,255.49371337890625,255.59503173828125,255.6522216796875,255.66897583007812,255.6649932861328,255.65896606445312,255.65744018554688,255.65577697753906,255.6468505859375,255.6279754638672,255.6011199951172,255.56918334960938,255.53292846679688,255.49151611328125,255.44454956054688,255.39312744140625,255.339111328125,255.28428649902344,255.23025512695312,255.17852783203125,255.13027954101562,255.08554077148438,255.04354858398438,255.00399780273438,254.96812438964844,254.9378662109375,254.91400146484375,254.89495849609375,254.87823486328125,254.86309814453125,254.85154724121094,254.84637451171875,254.8478240966797,254.85247802734375
256.02008056640625,256.087890625,256.1913757324219,256.2999267578125,256.37274169921875,256.3890686035156,256.3688049316406,256.3629150390625,256.41815185546875,256.5440979003906,256.70831298828125,256.86187744140625,256.9724426269531,257.0397033691406,257.0845642089844,257.1268310546875,257.1709289550781,257.2087097167969,257.2314758300781,257.2381591796875,257.23333740234375,257.22100830078125,257.2010498046875,257.1718444824219,257.1333312988281,257.0874938964844,257.0362548828125,256.9806213378906,256.9223327636719,256.8653564453125,256.814208984375,256.77056884765625,256.7320251464844,256.6950988769531,256.65899658203125,256.6270751953125,256.6033020019531,256.5882263183594,256.5780944824219,256.5684814453125,256.558349609375,256.550537109375,256.5482482910156,256.5505065917969
257.2308349609375,257.3104553222656,257.40533447265625,257.4971618652344,257.55633544921875,257.5689697265625,257.5589599609375,257.5793151855469,257.6756896972656,257.8529968261719,258.0730285644531,258.2824401855469,258.4469909667969,258.5660400390625,258.6605224609375,258.7496337890625,258.83673095703125,258.9129333496094,258.9698486328125,259.00701904296875,259.028564453125,259.0362854003906,259.0282287597656,259.00335693359375,258.9652404785156,258.9203796386719,258.8726806640625,258.8215637207031,258.7656555175781,258.70751953125,258.65313720703125,258.6070556640625,258.56878662109375,258.5345153808594,258.5019226074219,258.47271728515625,258.4510803222656,258.4391174316406,258.434326171875,258.4310607910156,258.4254150390625,258.41802978515625,258.4123840332031,258.40960693359375
258.4878234863281,258.523681640625,258.5653991699219,258.61468505859375,258.6640319824219,258.71282958984375,258.7818603515625,258.9031677246094,259.0934753417969,259.338134765625,259.599609375,259.84027099609375,260.0410461425781,260.2054138183594,260.34906005859375,260.4840087890625,260.60955810546875,260.7166442871094,260.7984313964844,260.8554382324219,260.89190673828125,260.9099426269531,260.90838623046875,260.88690185546875,260.8494873046875,260.8034973144531,260.75439453125,260.70269775390625,260.64703369140625,260.5889587402344,260.53411865234375,260.4879150390625,260.4519958496094,260.42437744140625,260.4020080566406,260.38287353515625,260.3668212890625,260.3553466796875,260.34906005859375,260.345458984375,260.3399353027344,260.330078125,260.3174743652344,260.30389404296875
259.81439208984375,259.8217468261719,259.84246826171875,259.8858947753906,259.9558410644531,260.0609436035156,260.2194519042969,260.4413146972656,260.7103576660156,260.99322509765625,261.2629089355469,261.5088195800781,261.7305908203125,261.9314880371094,262.11578369140625,262.2848815917969,262.43402099609375,262.5556335449219,262.6459655761719,262.7066650390625,262.7419738769531,262.75628662109375,262.7530212402344,262.7336730957031,262.69921875,262.6524658203125,262.5986328125,262.54229736328125,262.4859619140625,262.4323425292969,262.38470458984375,262.3451232910156,262.31329345703125,262.2884521484375,262.27032470703125,262.2568359375,262.24462890625,262.23248291015625,262.2222595214844,262.2140197753906,262.2032165527344,262.185302734375,262.160888671875,262.1329650878906
261.32733154296875,261.3367919921875,261.3699951171875,261.4398193359375,261.5455322265625,261.6925964355469,261.8990173339844,262.1665344238281,262.463623046875,262.75238037109375,263.0203857421875,263.27484130859375,263.5184326171875,263.7452697753906,263.9505920410156,264.1311950683594,264.2810974121094,264.39599609375,264.4778747558594,264.5304870605469,264.55487060546875,264.5540466308594,264.5363464355469,264.5085144042969,264.4707336425781,264.42218017578125,264.3671875,264.3122863769531,264.2608642578125,264.2147216796875,264.1758728027344,264.1439514160156,264.1150207519531,264.0873107910156,264.06390380859375,264.0470886230469,264.0338134765625,264.02001953125,264.0052490234375,263.9891357421875,263.9674072265625,263.9356689453125,263.89544677734375,263.85125732421875
263.02935791015625,263.0303649902344,263.069580078125,263.1702575683594,263.31854248046875,263.5027160644531,263.7334899902344,264.0114440917969,264.3065185546875,264.5904235839844,264.8643798828125,265.13671875,265.3966064453125,265.6277160644531,265.8280029296875,265.9984130859375,266.13043212890625,266.21942138671875,266.2751159667969,266.30718994140625,266.3134765625,266.2924499511719,266.2542724609375,266.2103271484375,266.1618957519531,266.10748291015625,266.0520935058594,266.0016174316406,265.9552001953125,265.91082763671875,265.87237548828125,265.84295654296875,265.8182373046875,265.79254150390625,265.76776123046875,265.74810791015625,265.731201171875,265.7110900878906,265.68560791015625,265.65478515625,265.6163330078125,265.5684814453125,265.5133056640625,265.4535217285156
264.83990478515625,264.82672119140625,264.8717041015625,265.00341796875,265.19775390625,265.4241638183594,265.67987060546875,265.9630126953125,266.25030517578125,266.5257263183594,266.7991638183594,267.0731506347656,267.3226623535156,267.5286865234375,267.70050048828125,267.84588623046875,267.9510498046875,268.007080078125,268.02825927734375,268.02996826171875,268.0106506347656,267.9678039550781,267.91192626953125,267.8539123535156,267.79351806640625,267.72918701171875,267.6678771972656,267.61627197265625,267.57061767578125,267.52545166015625,267.4849853515625,267.4560852050781,267.4353942871094,267.41448974609375,267.3921813964844,267.3712463378906,267.34814453125,267.3163146972656,267.2753601074219,267.2279052734375,267.1740417480469,267.1141357421875,267.05035400390625,266.9814453125
266.74127197265625,266.73858642578125,266.80657958984375,266.96649169921875,267.1934509277344,267.447021484375,267.7132873535156,267.9919738769531,268.267333984375,268.5260925292969,268.77691650390625,269.0211486816406,269.234130859375,269.400390625,269.53369140625,269.6432800292969,269.71551513671875,269.742431640625,269.7360534667969,269.7078552246094,269.65863037109375,269.5921936035156,269.51953125,269.4470520019531,269.373291015625,269.2984619140625,269.229248046875,269.1721496582031,269.1258850097656,269.0850830078125,269.0496826171875,269.0230712890625,269.0020751953125,268.9795837402344,268.95501708984375,268.93017578125,268.89923095703125,268.8554992675781,268.8020935058594,268.7445068359375,268.6819152832031,268.6141662597656,268.545166015625,268.4737548828125
