earth/public/data/atmosphere/C53/ANN-rh-isobaric-100hPa-gfs-1.0.json
{"header": {"discipline": 0, "disciplineName": "Meteorological products", "gribEdition": 2, "gribLength": 17922.0, "center": 0, "centerName": "Kiel Climate Model", "subcenter": 0, "refTime": "1", "significanceOfRT": 1, "significanceOfRTName": "Start of forecast", "productStatus": 0, "productStatusName": "Operational products", "productType": 1, "productTypeName": "Forecast products", "productDefinitionTemplate": 0, "productDefinitionTemplateName": "Analysis/forecast at horizontal level/layer at a point in time", "parameterCategory": 2, "parameterCategoryName": "Momentum", "parameterNumber": 2, "parameterNumberName": "U-component_of_wind", "parameterUnit": "%", "genProcessType": 2, "genProcessTypeName": "Forecast", "forecastTime": 0, "surface1Type": 103, "surface1TypeName": "Specified height level above ground", "surface1Value": 10, "surface2Type": 255, "surface2TypeName": "Missing", "surface2Value": 0, "gridDefinitionTemplate": 0, "gridDefinitionTemplateName": "Latitude_Longitude", "numberPoints": 65160, "shape": 6, "shapeName": "Earth spherical with radius of 6,371,229.0 m", "gridUnits": "degrees", "resolution": 48, "winds": "true", "scanMode": 0, "nx": 128.0, "ny": 64.0, "basicAngle": 0, "subDivisions": 0, "lo1": 0.0, "la1": 87.86379883923263, "lo2": 357.1875, "la2": -87.86379883923263, "dx": 2.8125, "dy": 2.7893269472772264}, "data":
[rows 19 to 37 of 64, columns 0 to 42 of 128]
0.3288276791572571,0.3249852657318115,0.32005757093429565,0.31460559368133545,0.3091246485710144,0.30363354086875916,0.2979181110858917,0.2918664515018463,0.2857440710067749,0.27998632192611694,0.27444133162498474,0.26845866441726685,0.2620539963245392,0.2559739947319031,0.25035175681114197,0.24459606409072876,0.23869843780994415,0.233284592628479,0.22855053842067719,0.22433586418628693,0.2207285314798355,0.21777598559856415,0.21540386974811554,0.21387815475463867,0.21337686479091644,0.21349750459194183,0.2141350954771042,0.21577930450439453,0.21820709109306335,0.22047199308872223,0.22254343330860138,0.22502583265304565,0.22744695842266083,0.22896039485931396,0.23009666800498962,0.23168325424194336,0.23298786580562592,0.23286519944667816,0.23166011273860931,0.2303726226091385,0.22900602221488953,0.2270679473876953,0.22487309575080872
0.3433755040168762,0.338072270154953,0.33244237303733826,0.32614341378211975,0.31939154863357544,0.312950998544693,0.3072660267353058,0.30178502202033997,0.2960365414619446,0.2907055914402008,0.28633642196655273,0.2821255326271057,0.2774823307991028,0.2731427848339081,0.2694634199142456,0.2656894028186798,0.2617035508155823,0.2582671046257019,0.25547707080841064,0.2530551850795746,0.25137758255004883,0.25063443183898926,0.2504194378852844,0.2508811950683594,0.2524360716342926,0.25467047095298767,0.25733843445777893,0.2610258162021637,0.26546621322631836,0.26949289441108704,0.27323979139328003,0.2776200771331787,0.2819882035255432,0.2851131856441498,0.2871912121772766,0.28856679797172546,0.28852760791778564,0.28706201910972595,0.28535324335098267,0.2836000919342041,0.2808586657047272,0.2773308753967285,0.2744593918323517
0.3651259243488312,0.3580825924873352,0.3519008159637451,0.34616315364837646,0.340121865272522,0.33404332399368286,0.32911279797554016,0.32540830969810486,0.3217832148075104,0.3181418776512146,0.31538456678390503,0.3132968544960022,0.3111189305782318,0.3092001676559448,0.30787187814712524,0.3065451681613922,0.3052669167518616,0.3047114312648773,0.30455055832862854,0.3043847680091858,0.3050007224082947,0.306637167930603,0.30846747756004333,0.31076693534851074,0.31448081135749817,0.31913575530052185,0.32418495416641235,0.33031415939331055,0.3371647596359253,0.3431352972984314,0.3484422564506531,0.3545314371585846,0.36095690727233887,0.3662903904914856,0.3701567053794861,0.37205538153648376,0.37131229043006897,0.369161456823349,0.36730295419692993,0.3648703098297119,0.36034658551216125,0.3549394905567169,0.35090306401252747
0.3968137502670288,0.3904658555984497,0.38495925068855286,0.38080134987831116,0.3771143853664398,0.3727840781211853,0.36884286999702454,0.3667542338371277,0.3658033609390259,0.3648891746997833,0.36446648836135864,0.36487722396850586,0.36557289958000183,0.3664977550506592,0.367762953042984,0.3689427971839905,0.3702612519264221,0.37233874201774597,0.37461918592453003,0.37664133310317993,0.3793330788612366,0.3828783333301544,0.3863845467567444,0.3905511200428009,0.39660853147506714,0.40352481603622437,0.41022762656211853,0.4176991581916809,0.4259498119354248,0.4332738220691681,0.43975335359573364,0.4468546211719513,0.45434024930000305,0.4611949324607849,0.4668847620487213,0.469978004693985,0.46948733925819397,0.4673171639442444,0.46540507674217224,0.4626420736312866,0.45786574482917786,0.4525063931941986,0.4480574131011963
0.4396621882915497,0.4375893771648407,0.4346725046634674,0.4319746494293213,0.4300595819950104,0.4276125431060791,0.42499247193336487,0.42427635192871094,0.4256346523761749,0.4277583658695221,0.430452436208725,0.43385574221611023,0.43736279010772705,0.4407983422279358,0.4444074034690857,0.44791898131370544,0.45137491822242737,0.4552823305130005,0.45929187536239624,0.462992787361145,0.46711501479148865,0.4719090461730957,0.4768265187740326,0.48260530829429626,0.49001792073249817,0.497587114572525,0.5042814016342163,0.5114956498146057,0.5197128057479858,0.5275257229804993,0.5347492098808289,0.542245090007782,0.5499668717384338,0.5577594041824341,0.5649646520614624,0.5691922903060913,0.5694190263748169,0.5680768489837646,0.5670166611671448,0.5653588771820068,0.5625284314155579,0.5588961839675903,0.5541555881500244
0.49720436334609985,0.49967002868652344,0.49952349066734314,0.49709445238113403,0.4943651258945465,0.49222519993782043,0.4915931820869446,0.4933578073978424,0.4969504177570343,0.5014806985855103,0.506979763507843,0.5130853652954102,0.5186737179756165,0.5236088037490845,0.5287390351295471,0.5341818332672119,0.5395427942276001,0.5449635982513428,0.5504328608512878,0.5555115938186646,0.5603783130645752,0.565554141998291,0.5711308121681213,0.5772845149040222,0.5839943289756775,0.5904287695884705,0.5964050889015198,0.6028832197189331,0.6099694967269897,0.6168635487556458,0.6234505772590637,0.6299838423728943,0.6369341611862183,0.6451188325881958,0.6533827781677246,0.6587693691253662,0.6611620187759399,0.6631554961204529,0.6651241183280945,0.6656793355941772,0.664574384689331,0.6610629558563232,0.654219388961792
0.567344605922699,0.5707680583000183,0.5718801021575928,0.5694925785064697,0.5644534826278687,0.5606677532196045,0.5618563294410706,0.5671356320381165,0.5732439160346985,0.579336941242218,0.5863382816314697,0.5939920544624329,0.6010914444923401,0.6073596477508545,0.6136282086372375,0.620240330696106,0.6265409588813782,0.6323949694633484,0.6383867859840393,0.6442298889160156,0.6492336988449097,0.6539469957351685,0.6592265963554382,0.6647244691848755,0.6698952317237854,0.6752079129219055,0.6811120510101318,0.6868839263916016,0.6917704343795776,0.6962658762931824,0.7007818818092346,0.7049092054367065,0.7095069289207458,0.7160004377365112,0.7228432893753052,0.7278128862380981,0.732458233833313,0.7383593320846558,0.7431666254997253,0.7451077103614807,0.7447202801704407,0.7407735586166382,0.7327250242233276
0.6378393769264221,0.6391535401344299,0.6406853199005127,0.639965832233429,0.6341046690940857,0.6280919909477234,0.6290454864501953,0.6359984874725342,0.6439548134803772,0.6513469219207764,0.6585820913314819,0.6658715605735779,0.6736228466033936,0.6815882921218872,0.6891707181930542,0.6962558627128601,0.7021924257278442,0.7067248821258545,0.7114580869674683,0.7171127796173096,0.7222328782081604,0.7266417741775513,0.7317019701004028,0.7370355129241943,0.7417132258415222,0.7468669414520264,0.7529746294021606,0.7578383684158325,0.7605359554290771,0.7630884647369385,0.766169548034668,0.7684822082519531,0.7707641124725342,0.774257481098175,0.7772347331047058,0.779150664806366,0.7829939723014832,0.7887946963310242,0.7929446697235107,0.7952433824539185,0.7970708012580872,0.7962281703948975,0.7918906211853027
0.6966444849967957,0.6968874931335449,0.6997668743133545,0.7022199630737305,0.6983251571655273,0.6915961503982544,0.6898399591445923,0.6939324140548706,0.701047956943512,0.709007978439331,0.7151575684547424,0.7197875380516052,0.7264216542243958,0.7351511716842651,0.7433075308799744,0.7504445314407349,0.7562215328216553,0.759660542011261,0.7628589272499084,0.768210768699646,0.7741963267326355,0.7794303894042969,0.7852411866188049,0.7915134429931641,0.796711802482605,0.8016685247421265,0.8072926998138428,0.8117337226867676,0.8143276572227478,0.8170892000198364,0.8201390504837036,0.8220940232276917,0.8240719437599182,0.8267765641212463,0.827954888343811,0.8277758955955505,0.8293150663375854,0.8321672677993774,0.834633469581604,0.8384295105934143,0.8430023193359375,0.844608724117279,0.8442643880844116
0.7403233051300049,0.7429012060165405,0.7482277750968933,0.753131091594696,0.7524617314338684,0.7476991415023804,0.7432519197463989,0.7414743304252625,0.7444097399711609,0.750235915184021,0.7533181309700012,0.7546131610870361,0.7600025534629822,0.7684227228164673,0.7754231095314026,0.7818009853363037,0.7883619070053101,0.792733371257782,0.7959848046302795,0.8015854954719543,0.8087615966796875,0.8153314590454102,0.8221817016601562,0.8295243382453918,0.8353009819984436,0.8396071195602417,0.8443516492843628,0.849355161190033,0.8537439107894897,0.8577762246131897,0.8608235716819763,0.8625323176383972,0.8650071024894714,0.8688986897468567,0.8717161417007446,0.8728615045547485,0.8739842176437378,0.8757138848304749,0.8797575831413269,0.8868634700775146,0.8905237317085266,0.8861383199691772,0.8817683458328247
0.7730627655982971,0.7783846855163574,0.7846269011497498,0.7888110876083374,0.7896547317504883,0.7880445718765259,0.7835307121276855,0.7780405879020691,0.7764520645141602,0.7771303653717041,0.7751772403717041,0.7746297121047974,0.7808888554573059,0.7889407277107239,0.7934675812721252,0.7979423403739929,0.8049707412719727,0.8113719820976257,0.8162037134170532,0.8222441673278809,0.829749584197998,0.8368437886238098,0.8437955379486084,0.8511976599693298,0.8573759198188782,0.861667275428772,0.8660690784454346,0.8715562224388123,0.8770691156387329,0.8817499279975891,0.8850443363189697,0.8870349526405334,0.8893613219261169,0.8929860591888428,0.8968619704246521,0.899858832359314,0.9015944004058838,0.9038641452789307,0.9110143184661865,0.9212496280670166,0.9224087595939636,0.9092820882797241,0.8955514430999756
0.7982916235923767,0.802736759185791,0.8062435984611511,0.8064820170402527,0.8057265281677246,0.8053968548774719,0.8027060031890869,0.7988249063491821,0.7968528270721436,0.7932477593421936,0.787013828754425,0.78632652759552,0.7933459281921387,0.799402117729187,0.8009667992591858,0.8035069704055786,0.810089647769928,0.8182478547096252,0.8254581689834595,0.831836998462677,0.8384288549423218,0.8449839353561401,0.8510372042655945,0.8572636842727661,0.8634806871414185,0.86867356300354,0.8734592795372009,0.8787086009979248,0.883826494216919,0.8885551691055298,0.8931661248207092,0.8970726132392883,0.8998059034347534,0.9022334218025208,0.9056097269058228,0.9093427062034607,0.9113730192184448,0.9133954048156738,0.9207329750061035,0.9314305782318115,0.9337950348854065,0.9219236969947815,0.9047639966011047
0.8109039068222046,0.8124128580093384,0.8117103576660156,0.8078058362007141,0.8044018745422363,0.8028165698051453,0.801100492477417,0.8015043139457703,0.8035885691642761,0.8008544445037842,0.7955666780471802,0.7965487837791443,0.801342785358429,0.8026258945465088,0.802446722984314,0.8051549196243286,0.8109914660453796,0.8197249174118042,0.828959584236145,0.8352709412574768,0.8401067852973938,0.8457573056221008,0.8509677648544312,0.8556150197982788,0.8610837459564209,0.866732120513916,0.8718785643577576,0.8769998550415039,0.8819444179534912,0.8867213726043701,0.8919218182563782,0.8970881104469299,0.9010502099990845,0.9039742946624756,0.9075705409049988,0.9119259119033813,0.9145324230194092,0.9158621430397034,0.9202286601066589,0.9274328351020813,0.9316897392272949,0.9288409352302551,0.9177804589271545
0.8078747987747192,0.8080218434333801,0.8043459057807922,0.7978870272636414,0.793177604675293,0.7902839779853821,0.7881801128387451,0.7909461259841919,0.7966936230659485,0.7982778549194336,0.7989518046379089,0.8032408952713013,0.8045963644981384,0.8020733594894409,0.8042261600494385,0.8103902339935303,0.8154997229576111,0.8226855993270874,0.8319956064224243,0.8375878930091858,0.8407908082008362,0.845856249332428,0.8509191274642944,0.8546261191368103,0.8589252829551697,0.863798975944519,0.8685097694396973,0.8737573027610779,0.8794595003128052,0.8845826983451843,0.8887771964073181,0.8928099274635315,0.8973154425621033,0.9015500545501709,0.9052620530128479,0.9090938568115234,0.9118515849113464,0.9128404855728149,0.9141573905944824,0.9161326885223389,0.9176620841026306,0.9189536571502686,0.9160040020942688
0.79632568359375,0.7956737875938416,0.7896384596824646,0.7810362577438354,0.7761803269386292,0.7739669680595398,0.7723081111907959,0.7752315402030945,0.7811723351478577,0.78492271900177,0.7897636890411377,0.7955256700515747,0.7945631146430969,0.7924906015396118,0.8005312085151672,0.8116462826728821,0.8164345026016235,0.8210486769676208,0.8288589715957642,0.8340215682983398,0.8371182084083557,0.8421183824539185,0.8470643162727356,0.8505064845085144,0.8541439175605774,0.8581029176712036,0.8621161580085754,0.8670299649238586,0.8729743957519531,0.8787737488746643,0.8829317688941956,0.8862430453300476,0.8909612894058228,0.8958704471588135,0.8987407088279724,0.9010950326919556,0.9036476612091064,0.9047298431396484,0.9049504995346069,0.9047853350639343,0.9033622145652771,0.9027786254882812,0.9034438729286194
0.7736743092536926,0.7716237306594849,0.7646615505218506,0.7555054426193237,0.7516494989395142,0.7515254020690918,0.7517752647399902,0.7552720308303833,0.7605316638946533,0.763541042804718,0.767236053943634,0.7708598375320435,0.7693111300468445,0.7701486945152283,0.7820046544075012,0.7951192855834961,0.8002357482910156,0.803955614566803,0.8106442093849182,0.8163282871246338,0.8208246231079102,0.8258058428764343,0.8299446105957031,0.8333470821380615,0.8371586203575134,0.8412330746650696,0.8457164764404297,0.850504457950592,0.8556430339813232,0.861920952796936,0.8680101633071899,0.8728629946708679,0.8785112500190735,0.8843318223953247,0.8877297639846802,0.8907712697982788,0.894932746887207,0.8972408175468445,0.8979471921920776,0.8995546102523804,0.900603711605072,0.9005525708198547,0.9019208550453186
0.7264564633369446,0.7255846858024597,0.7218824625015259,0.7166412472724915,0.7160772085189819,0.717856228351593,0.7190925478935242,0.7232646942138672,0.7292649745941162,0.7323492765426636,0.7343122959136963,0.7369451522827148,0.7384780049324036,0.7426553964614868,0.7527617812156677,0.7625196576118469,0.7678133249282837,0.7727441191673279,0.7790272235870361,0.784957230091095,0.7904485464096069,0.7948877215385437,0.7981529235839844,0.8020967841148376,0.8066089153289795,0.8112475872039795,0.8172631859779358,0.8233083486557007,0.8281697034835815,0.8345435857772827,0.8423869609832764,0.8489253520965576,0.8553981781005859,0.8625680804252625,0.8681471943855286,0.8734582662582397,0.8800339698791504,0.8844860196113586,0.886406660079956,0.8898383378982544,0.8946954607963562,0.898314356803894,0.9010541439056396
0.6611645221710205,0.6643065810203552,0.6651090383529663,0.6654094457626343,0.6693795323371887,0.6731334924697876,0.6743801236152649,0.6779204607009888,0.6841408014297485,0.688204824924469,0.6908552646636963,0.6961276531219482,0.7037810683250427,0.7114803791046143,0.7176941633224487,0.7223322987556458,0.7275958061218262,0.7342091798782349,0.7401003837585449,0.7453049421310425,0.7504895925521851,0.7540494799613953,0.7571605443954468,0.7624096274375916,0.7677766680717468,0.7723804116249084,0.7792112231254578,0.7869762778282166,0.7928919196128845,0.7996076345443726,0.8080897927284241,0.8152862191200256,0.8220409154891968,0.8301069140434265,0.8372048735618591,0.843117356300354,0.8498274683952332,0.8557801246643066,0.8596555590629578,0.8635715246200562,0.8683945536613464,0.873015820980072,0.8769253492355347
0.5958999395370483,0.6009168028831482,0.6019658446311951,0.6041005849838257,0.6113172173500061,0.6189188957214355,0.6232877969741821,0.6275426745414734,0.6329736113548279,0.636720597743988,0.6396158337593079,0.6461777091026306,0.6567798256874084,0.6662920713424683,0.6710806488990784,0.6742413640022278,0.6804717779159546,0.688202977180481,0.6937280893325806,0.6982273459434509,0.7028079628944397,0.7057101130485535,0.7088346481323242,0.7149304747581482,0.7209905385971069,0.7254549860954285,0.7318928241729736,0.7400887608528137,0.7470185160636902,0.7541716694831848,0.7627330422401428,0.770424485206604,0.7776273488998413,0.7859611511230469,0.7935383319854736,0.7991959452629089,0.8047194480895996,0.8107054829597473,0.8162214159965515,0.8206518292427063,0.8237319588661194,0.8262262344360352,0.8290220499038696
