earth/public/data/atmosphere/C53/ANN-slp-surface-level-gfs-1.0.json
{"header": {"discipline": 0, "disciplineName": "Meteorological products", "gribEdition": 2, "gribLength": 17922.0, "center": 0, "centerName": "Kiel Climate Model", "subcenter": 0, "refTime": "1", "significanceOfRT": 1, "significanceOfRTName": "Start of forecast", "productStatus": 0, "productStatusName": "Operational products", "productType": 1, "productTypeName": "Forecast products", "productDefinitionTemplate": 0, "productDefinitionTemplateName": "Analysis/forecast at horizontal level/layer at a point in time", "parameterCategory": 2, "parameterCategoryName": "Momentum", "parameterNumber": 2, "parameterNumberName": "U-component_of_wind", "parameterUnit": "Pa", "genProcessType": 2, "genProcessTypeName": "Forecast", "forecastTime": 0, "surface1Type": 103, "surface1TypeName": "Specified height level above ground", "surface1Value": 10, "surface2Type": 255, "surface2TypeName": "Missing", "surface2Value": 0, "gridDefinitionTemplate": 0, "gridDefinitionTemplateName": "Latitude_Longitude", "numberPoints": 65160, "shape": 6, "shapeName": "Earth spherical with radius of 6,371,229.0 m", "gridUnits": "degrees", "resolution": 48, "winds": "true", "scanMode": 0, "nx": 128.0, "ny": 64.0, "basicAngle": 0, "subDivisions": 0, "lo1": 0.0, "la1": 87.86379883923263, "lo2": 357.1875, "la2": -87.86379883923263, "dx": 2.8125, "dy": 2.7893269472772264}, "data":
[rows 0 to 22 of 64, columns 0 to 51 of 128]
97651.7109375,97654.3515625,97656.7109375,97659.8984375,97662.5625,97665.8046875,97668.859375,97672.203125,97675.6953125,97679.1953125,97682.5703125,97686.3125,97689.703125,97693.25,97696.8828125,97700.546875,97703.5859375,97707.1953125,97710.7578125,97714.28125,97717.796875,97721.3203125,97724.8984375,97727.9765625,97731.8203125,97735.265625,97738.34375,97741.71875,97745.4375,97748.90625,97752.140625,97755.765625,97759.1640625,97762.9296875,97766.421875,97769.609375,97773.0546875,97776.6953125,97779.859375,97783.0859375,97786.296875,97788.8046875,97791.7421875,97794.421875,97796.7578125,97798.6484375,97800.03125,97801.4296875,97802.765625,97803.359375,97803.7578125,97803.8984375
97511.2890625,97519.640625,97528.5703125,97537.2734375,97546.546875,97555.7890625,97566.125,97576.1640625,97586.9609375,97597.8125,97608.75,97619.3828125,97630.7578125,97641.1015625,97651.9765625,97661.5625,97671.34375,97680.0,97688.28125,97695.8671875,97702.5625,97708.875,97714.0859375,97719.8671875,97724.7578125,97729.578125,97734.3515625,97740.109375,97745.8203125,97752.0703125,97758.609375,97766.25,97775.03125,97784.296875,97793.9609375,97804.5546875,97816.0703125,97827.953125,97839.7734375,97852.484375,97864.6796875,97876.9609375,97889.40625,97900.9375,97911.171875,97920.984375,97929.40625,97936.7109375,97941.875,97945.703125,97947.6796875,97947.8359375
97457.1015625,97461.5078125,97465.7109375,97469.390625,97473.421875,97478.2890625,97484.8671875,97492.2421875,97502.109375,97514.09375,97528.9375,97544.875,97563.265625,97583.03125,97603.796875,97623.9453125,97643.65625,97661.78125,97678.2109375,97692.5390625,97703.9921875,97713.09375,97720.3203125,97727.0703125,97732.4765625,97738.609375,97746.0625,97754.3359375,97764.8671875,97777.9375,97792.1953125,97809.2265625,97827.1640625,97846.0234375,97865.7421875,97885.4375,97905.5703125,97925.1328125,97944.78125,97964.8203125,97984.890625,98005.3203125,98025.953125,98046.25,98066.0546875,98084.71875,98102.2734375,98116.5078125,98128.2578125,98135.703125,98139.171875,98137.7890625
97414.2265625,97415.3046875,97415.15625,97414.21875,97411.8203125,97408.7265625,97405.421875,97402.828125,97402.453125,97405.28125,97411.8515625,97423.5,97440.9921875,97463.75,97490.7421875,97520.7734375,97551.609375,97581.046875,97607.5234375,97627.9765625,97643.0703125,97652.796875,97658.65625,97661.921875,97665.875,97672.7109375,97685.7109375,97705.0703125,97731.8359375,97765.3515625,97803.6640625,97845.78125,97887.8359375,97928.4609375,97965.328125,97997.390625,98023.328125,98044.8984375,98062.0390625,98076.703125,98090.4140625,98105.5859375,98123.0625,98143.0390625,98166.5703125,98191.421875,98217.109375,98240.7578125,98261.0625,98275.484375,98283.0078125,98282.0703125
97302.1640625,97318.6796875,97337.328125,97355.015625,97371.3828125,97384.1875,97392.625,97395.640625,97394.8359375,97390.1640625,97384.671875,97380.5859375,97381.953125,97391.4609375,97410.5,97438.71875,97473.875,97512.234375,97548.4375,97578.8984375,97599.2109375,97608.2578125,97608.875,97604.765625,97600.703125,97603.7265625,97617.5625,97644.1171875,97684.3203125,97735.1796875,97793.9453125,97854.6640625,97914.7734375,97970.3984375,98020.03125,98063.46875,98099.7578125,98129.71875,98155.3203125,98177.5703125,98197.40625,98216.2734375,98235.25,98255.265625,98276.671875,98300.1640625,98325.1953125,98349.0546875,98370.21875,98384.484375,98389.4921875,98383.609375
97279.5703125,97289.109375,97301.5390625,97316.75,97334.8828125,97355.984375,97378.390625,97399.46875,97416.078125,97424.5546875,97422.9140625,97412.8046875,97397.734375,97383.6484375,97379.328125,97389.59375,97417.0234375,97458.109375,97507.421875,97553.921875,97590.21875,97611.8515625,97619.140625,97618.328125,97618.546875,97628.5390625,97652.71875,97692.25,97742.2734375,97795.9609375,97845.84375,97888.578125,97922.765625,97952.265625,97982.8671875,98021.5546875,98071.1171875,98132.6875,98202.0703125,98272.578125,98338.1796875,98390.046875,98425.9296875,98445.5078125,98451.7265625,98452.609375,98453.9375,98460.578125,98471.8828125,98483.265625,98486.34375,98474.7734375
97380.1015625,97364.9453125,97344.1171875,97321.0,97300.765625,97289.125,97292.75,97312.828125,97346.6171875,97384.984375,97417.2265625,97432.890625,97428.90625,97408.890625,97384.3984375,97369.734375,97376.546875,97408.2890625,97458.3125,97513.4375,97558.890625,97584.6171875,97592.171875,97592.1875,97599.3359375,97627.6015625,97680.953125,97753.8359375,97833.484375,97903.21875,97951.625,97975.21875,97979.4296875,97976.21875,97979.6328125,98002.640625,98052.5234375,98130.5625,98230.6953125,98340.0,98441.3984375,98519.8515625,98562.65625,98569.4921875,98548.1328125,98516.1484375,98492.40625,98490.953125,98512.9609375,98549.5546875,98582.203125,98594.0
97447.25,97460.078125,97462.4296875,97450.296875,97424.15625,97390.328125,97361.8984375,97349.578125,97361.0390625,97394.90625,97441.6953125,97483.375,97505.8203125,97502.7109375,97479.078125,97451.5234375,97440.5625,97457.796875,97503.1640625,97559.5625,97604.328125,97620.6171875,97608.125,97584.2578125,97574.640625,97597.9296875,97660.015625,97747.7578125,97840.3125,97919.75,97978.03125,98020.3515625,98057.0859375,98094.6171875,98135.6640625,98176.7421875,98217.1015625,98260.359375,98312.7578125,98377.71875,98450.9921875,98519.4140625,98566.0234375,98580.234375,98563.4296875,98533.1953125,98512.8359375,98524.8125,98575.1015625,98652.53125,98731.515625,98782.9453125
97522.71875,97554.1796875,97592.1640625,97627.0234375,97646.0859375,97644.25,97620.171875,97583.0390625,97546.4609375,97525.2109375,97527.2734375,97549.0859375,97577.7421875,97597.109375,97596.6875,97578.265625,97560.4921875,97564.8828125,97604.0546875,97667.4296875,97727.2265625,97754.59375,97742.515625,97710.0625,97690.921875,97710.8203125,97768.7265625,97840.796875,97898.7734375,97931.25,97952.21875,97991.1484375,98070.234375,98186.796875,98312.9765625,98412.265625,98462.3359375,98464.859375,98446.3203125,98438.28125,98461.6171875,98516.9140625,98584.953125,98642.2109375,98674.0625,98682.3046875,98684.109375,98697.5625,98736.40625,98798.3515625,98863.859375,98904.984375
97746.375,97717.390625,97707.96875,97720.2421875,97749.0546875,97779.65625,97796.984375,97789.453125,97756.6171875,97710.5234375,97670.515625,97656.828125,97674.7890625,97711.109375,97740.125,97740.578125,97713.1953125,97684.84375,97688.7421875,97738.0078125,97809.78125,97863.4375,97872.375,97851.21875,97841.640625,97881.09375,97967.15625,98058.5625,98111.0,98112.546875,98090.8125,98093.640625,98155.8984375,98272.953125,98407.421875,98516.609375,98577.0,98593.8515625,98593.1015625,98601.078125,98632.2734375,98684.484375,98744.4375,98800.53125,98844.2890625,98874.1796875,98892.484375,98907.109375,98926.15625,98953.640625,98978.0546875,98980.109375
98041.3203125,98010.046875,97975.59375,97947.3515625,97932.2734375,97932.015625,97945.15625,97967.7578125,97988.5,97991.9296875,97973.328125,97948.046875,97940.28125,97963.046875,98002.515625,98023.1015625,97997.1953125,97936.9140625,97888.796875,97898.0078125,97961.6875,98030.4140625,98050.71875,98017.921875,97980.9609375,98001.796875,98093.0,98209.3984375,98298.703125,98345.9765625,98373.125,98408.96875,98466.59375,98529.140625,98577.5859375,98608.28125,98637.6328125,98685.3125,98756.59375,98838.03125,98905.4296875,98941.0546875,98947.5859375,98947.2421875,98963.265625,99003.6640625,99057.9375,99108.546875,99145.5625,99166.75,99166.1484375,99137.2421875
98307.984375,98348.7734375,98382.9921875,98392.3671875,98367.7421875,98313.5234375,98257.4765625,98236.375,98264.5078125,98318.6015625,98357.546875,98351.9375,98308.0546875,98268.359375,98269.9375,98305.15625,98319.9140625,98278.4765625,98208.5390625,98180.7421875,98229.59375,98314.5625,98360.703125,98336.296875,98281.8984375,98268.6328125,98315.9609375,98382.984375,98432.9375,98483.2265625,98567.3515625,98686.890625,98798.46875,98855.2421875,98851.453125,98828.2265625,98829.953125,98875.5859375,98952.703125,99035.59375,99095.6328125,99120.9453125,99122.359375,99127.828125,99157.484375,99206.0625,99247.5078125,99259.8125,99245.5703125,99228.6484375,99222.671875,99214.859375
98636.1328125,98643.1875,98677.71875,98718.5546875,98734.625,98706.734375,98640.5390625,98574.140625,98553.6171875,98599.390625,98681.7265625,98726.7578125,98682.90625,98582.4296875,98518.5625,98542.5703125,98608.3359375,98623.1171875,98554.28125,98476.5625,98481.0625,98562.53125,98638.5546875,98655.6875,98644.4296875,98668.2890625,98727.765625,98756.21875,98724.6171875,98697.625,98753.1015625,98882.546875,98999.7265625,99045.6875,99046.7890625,99067.53125,99126.2890625,99187.40625,99215.21875,99222.3984375,99243.875,99292.4296875,99352.8671875,99406.5546875,99436.375,99417.3828125,99343.3125,99244.8671875,99164.9765625,99135.1875,99167.2421875,99228.890625
99085.6953125,99029.4296875,98982.328125,98960.03125,98973.46875,99010.96875,99033.765625,99015.015625,98971.8828125,98958.6953125,99012.6484375,99092.421875,99110.3984375,99033.5390625,98933.6015625,98913.890625,98985.734375,99043.4765625,98988.65625,98867.3828125,98813.6875,98866.59375,98933.453125,98935.0234375,98910.296875,98949.6953125,99053.953125,99117.390625,99087.296875,99049.421875,99105.8046875,99222.078125,99279.4375,99241.5703125,99210.65625,99286.5625,99428.984375,99516.6171875,99518.0,99506.21875,99531.75,99579.8203125,99611.7578125,99605.8203125,99561.03125,99472.859375,99348.9375,99241.609375,99196.25,99222.5390625,99307.9140625,99404.3046875
99504.4921875,99522.3984375,99488.328125,99416.109375,99356.3359375,99355.5234375,99413.265625,99474.3046875,99479.421875,99427.8984375,99387.9921875,99418.5390625,99487.09375,99500.2265625,99428.5625,99359.1484375,99380.3515625,99444.390625,99426.6875,99316.4453125,99248.8125,99306.4921875,99389.3203125,99361.0859375,99251.125,99206.703125,99274.5546875,99336.5390625,99316.40625,99309.5390625,99420.3046875,99581.3671875,99637.328125,99566.6953125,99512.28125,99580.125,99704.0703125,99783.03125,99832.5,99883.6875,99905.765625,99859.2578125,99752.859375,99644.5390625,99587.96875,99564.953125,99522.1171875,99474.140625,99479.8125,99545.515625,99609.0,99607.5
99784.703125,99832.5234375,99868.796875,99860.734375,99802.1875,99727.4296875,99702.734375,99758.921875,99844.0703125,99860.875,99790.0078125,99728.3515625,99764.78125,99848.3203125,99850.609375,99758.296875,99697.28125,99729.453125,99749.9609375,99663.625,99568.40625,99608.3046875,99727.28125,99741.9453125,99628.890625,99552.21875,99589.453125,99617.9609375,99550.7734375,99491.59375,99562.96875,99711.15625,99800.96875,99825.9375,99872.8203125,99959.75,100023.203125,100029.453125,100018.859375,100016.375,99991.9375,99905.9296875,99778.6875,99707.125,99753.3125,99829.953125,99819.1484375,99750.796875,99743.421875,99790.015625,99748.1015625,99588.34375
100072.53125,100007.15625,100004.3359375,100066.953125,100133.03125,100127.0546875,100049.921875,100004.5078125,100075.046875,100192.4140625,100212.046875,100123.1328125,100077.375,100154.6640625,100229.578125,100165.03125,100040.8671875,100022.671875,100075.125,100024.6328125,99873.5859375,99802.65625,99861.625,99896.0546875,99832.6875,99794.125,99853.9140625,99895.5078125,99830.890625,99748.21875,99750.6015625,99801.359375,99847.328125,99968.5703125,100156.8515625,100263.5859375,100227.578125,100115.390625,99997.15625,99905.3828125,99850.796875,99817.296875,99802.453125,99832.8984375,99909.3984375,99948.4140625,99860.140625,99715.546875,99696.8984375,99789.3125,99758.625,99569.328125
100397.7265625,100337.890625,100261.1640625,100249.5703125,100340.5625,100452.6015625,100456.78125,100351.203125,100292.9140625,100375.9296875,100483.296875,100458.0859375,100359.359375,100363.109375,100462.78125,100467.5859375,100338.71875,100264.203125,100327.65625,100359.8203125,100242.8359375,100106.1953125,100073.5625,100060.6328125,99984.4921875,99923.1015625,99937.40625,99952.265625,99919.171875,99910.84375,99951.109375,99963.8359375,99971.7109375,100103.2578125,100249.609375,100209.7734375,100060.4921875,99993.1171875,99979.5078125,99893.734375,99780.203125,99771.4921875,99840.3046875,99843.875,99796.421875,99792.6328125,99772.65625,99689.265625,99687.3046875,99820.828125,99854.875,99686.5703125
100506.953125,100583.5703125,100566.625,100467.015625,100407.2890625,100478.875,100598.546875,100600.640625,100488.671875,100439.5078125,100525.3203125,100593.6875,100529.0234375,100455.140625,100504.6484375,100569.625,100495.3359375,100373.0390625,100366.40625,100418.6796875,100375.6171875,100267.5,100214.5,100189.4609375,100125.3125,100062.125,100023.703125,99957.015625,99875.625,99883.359375,99959.3203125,99990.046875,100007.0703125,100101.9453125,100116.75,99922.140625,99748.6484375,99821.1484375,99984.078125,99934.8046875,99759.9921875,99764.0234375,99878.609375,99816.625,99655.9921875,99698.1328125,99887.515625,99903.6484375,99789.2890625,99811.71875,99878.9609375,99783.03125
100415.9609375,100465.21875,100565.25,100583.1171875,100485.453125,100420.265625,100509.96875,100648.0,100647.1328125,100537.9296875,100519.640625,100617.4765625,100650.734375,100564.9296875,100520.4765625,100576.515625,100585.0078125,100483.8515625,100398.9609375,100378.28125,100320.234375,100201.3203125,100112.984375,100066.1875,100018.453125,100000.7734375,100010.1796875,99965.828125,99866.515625,99827.6953125,99853.65625,99845.2578125,99831.9375,99889.421875,99894.8828125,99748.328125,99611.828125,99692.34375,99913.6328125,99937.8203125,99781.4453125,99778.8671875,99916.9453125,99878.5859375,99705.359375,99773.0390625,100042.28125,100048.1640625,99792.4375,99722.734375,99862.4921875,99877.8359375
100435.6640625,100338.4765625,100387.765625,100543.453125,100618.7578125,100541.0,100471.3046875,100547.03125,100651.0078125,100610.8984375,100508.984375,100528.5234375,100616.6796875,100594.5390625,100495.9375,100475.734375,100509.7265625,100481.640625,100414.7734375,100376.8125,100314.4765625,100187.140625,100061.515625,99968.8515625,99874.28125,99801.0546875,99787.2421875,99782.25,99741.7265625,99714.859375,99718.2890625,99698.65625,99655.03125,99636.8125,99630.703125,99600.4921875,99566.5703125,99609.265625,99753.9765625,99840.96875,99789.953125,99755.546875,99873.828125,99984.59375,99931.296875,99897.9140625,99992.75,99974.4765625,99798.2578125,99784.53125,99956.3828125,99968.296875
100468.5703125,100406.703125,100292.40625,100308.21875,100456.2578125,100525.28125,100426.0,100347.890625,100425.8046875,100503.7890625,100439.25,100361.2890625,100399.5,100441.328125,100379.921875,100306.1015625,100288.8359375,100261.09375,100209.125,100187.4296875,100168.0,100099.9140625,100027.203125,99981.1484375,99901.5390625,99762.109375,99629.6953125,99553.90625,99523.078125,99515.640625,99519.203125,99534.1953125,99538.828125,99475.4765625,99389.7421875,99421.6875,99539.8203125,99573.4609375,99567.75,99665.578125,99746.9375,99678.984375,99686.65625,99882.203125,99977.15625,99862.234375,99805.03125,99868.2734375,99867.65625,99853.015625,99910.6875,99872.8046875
100193.34375,100307.3203125,100248.3828125,100095.2890625,100093.2265625,100250.109375,100315.6015625,100228.0703125,100201.28125,100300.8828125,100341.1953125,100263.421875,100215.6015625,100240.984375,100238.609375,100194.6875,100159.4765625,100106.859375,100020.265625,99954.2734375,99913.3203125,99853.3515625,99796.796875,99784.3203125,99776.3359375,99712.2578125,99595.0859375,99484.671875,99438.15625,99421.46875,99364.5703125,99320.5390625,99364.4140625,99374.5390625,99269.9765625,99269.6875,99461.203125,99539.234375,99425.5546875,99453.1640625,99628.6328125,99613.6171875,99497.9609375,99602.640625,99752.4375,99691.40625,99654.8515625,99784.96875,99808.890625,99677.09375,99638.734375,99691.7421875
