earth/public/data/atmosphere/C53/ANN-wind-surface-level-gfs-1.0.json
{"header": {"discipline": 0, "disciplineName": "Meteorological products", "gribEdition": 2, "gribLength": 17922.0, "center": 0, "centerName": "Kiel Climate Model", "subcenter": 0, "refTime": "1", "significanceOfRT": 1, "significanceOfRTName": "Start of forecast", "productStatus": 0, "productStatusName": "Operational products", "productType": 1, "productTypeName": "Forecast products", "productDefinitionTemplate": 0, "productDefinitionTemplateName": "Analysis/forecast at horizontal level/layer at a point in time", "parameterCategory": 2, "parameterCategoryName": "Momentum", "parameterNumber": 2, "parameterNumberName": "U-component_of_wind", "parameterUnit": "m/s", "genProcessType": 2, "genProcessTypeName": "Forecast", "forecastTime": 0, "surface1Type": 103, "surface1TypeName": "Specified height level above ground", "surface1Value": 10, "surface2Type": 255, "surface2TypeName": "Missing", "surface2Value": 0, "gridDefinitionTemplate": 0, "gridDefinitionTemplateName": "Latitude_Longitude", "numberPoints": 65160, "shape": 6, "shapeName": "Earth spherical with radius of 6,371,229.0 m", "gridUnits": "degrees", "resolution": 48, "winds": "true", "scanMode": 0, "nx": 128.0, "ny": 64.0, "basicAngle": 0, "subDivisions": 0, "lo1": 0.0, "la1": 87.86379883923263, "lo2": 357.1875, "la2": -87.86379883923263, "dx": 2.8125, "dy": 2.7893269472772264}, "data":
[rows 0 to 18 of 64, columns 43 to 85 of 128]
1.2768807411193848,1.336698055267334,1.3927043676376343,1.4445480108261108,1.491774320602417,1.5340721607208252,1.571400761604309,1.603148102760315,1.628987431526184,1.6486616134643555,1.6619423627853394,1.6686686277389526,1.668745517730713,1.6621081829071045,1.6487616300582886,1.6288330554962158,1.602319359779358,1.5693845748901367,1.5302255153656006,1.4850943088531494,1.4342690706253052,1.3780317306518555,1.3166762590408325,1.2505264282226562,1.1799044609069824,1.1051084995269775,1.0264828205108643,0.9443018436431885,0.8587765097618103,0.7701721787452698,0.678685188293457,0.5845262408256531,0.48777633905410767,0.3887205421924591,0.2875484824180603,0.1844218522310257,0.07958481460809708,-0.026773618534207344,-0.13440485298633575,-0.24300043284893036,-0.3522460460662842,-0.4618165194988251,-0.5712004899978638
1.2306609153747559,1.3464288711547852,1.4586963653564453,1.5661873817443848,1.6678911447525024,1.7623049020767212,1.8490725755691528,1.9261292219161987,1.9918500185012817,2.044776201248169,2.085120439529419,2.1104142665863037,2.119671583175659,2.112675905227661,2.0907304286956787,2.0511929988861084,1.994649052619934,1.9228330850601196,1.8363704681396484,1.7360588312149048,1.6243374347686768,1.5040428638458252,1.376774787902832,1.2450230121612549,1.112613558769226,0.9814227819442749,0.85319584608078,0.7293174862861633,0.6121127009391785,0.5003345608711243,0.39362189173698425,0.29146552085876465,0.19309455156326294,0.09623052179813385,-0.0006092687253840268,-0.09905652701854706,-0.20022636651992798,-0.30451714992523193,-0.4135981500148773,-0.527803897857666,-0.6468993425369263,-0.7699021100997925,-0.8960332870483398
0.9046749472618103,1.2795233726501465,1.1288151741027832,1.2479679584503174,1.6400340795516968,1.7452213764190674,1.932723045349121,1.9387307167053223,2.027517557144165,2.111055612564087,2.188779592514038,1.8446829319000244,1.8922529220581055,2.112795829772949,2.3709168434143066,2.3594870567321777,2.321408987045288,2.2459516525268555,2.135255813598633,1.9896165132522583,1.8122718334197998,1.6097198724746704,1.3899930715560913,1.1630398035049438,0.936741828918457,0.7208962440490723,0.5214474201202393,0.27700182795524597,0.1247231587767601,-0.018031561747193336,-0.1346036195755005,-0.2059284746646881,-0.30876457691192627,-0.3794502019882202,-0.44735732674598694,-0.4612014889717102,-0.5146815180778503,-0.5929733514785767,-0.6592097282409668,-0.7703039050102234,-0.892928421497345,-1.023432970046997,-1.1603063344955444
0.6460386514663696,0.8972181081771851,0.7988194227218628,0.8888631463050842,1.0984214544296265,1.2938685417175293,1.3138633966445923,1.3309204578399658,1.3580540418624878,1.4014164209365845,1.1774777173995972,1.1113076210021973,1.2088333368301392,1.4950408935546875,1.5037565231323242,1.435545563697815,2.019893169403076,2.063159704208374,2.0425140857696533,1.9587059020996094,1.8120214939117432,1.609830379486084,1.3657902479171753,1.0954300165176392,0.8169985413551331,0.5496851205825806,0.3083752989768982,0.10664089024066925,-0.05154860019683838,-0.1648123562335968,-0.24085891246795654,-0.288845956325531,-0.32122308015823364,-0.370083749294281,-0.40366530418395996,-0.4330885410308838,-0.5023121237754822,-0.5933700799942017,-0.7062629461288452,-0.8361844420433044,-0.9765742421150208,-1.1215410232543945,-1.2639285326004028
0.4267444312572479,0.5826046466827393,0.6618832349777222,0.7797079086303711,0.9415770173072815,1.0052621364593506,0.985572338104248,0.977820098400116,1.0314592123031616,0.9848619103431702,0.8227954506874084,0.7824896574020386,0.8151717782020569,0.8904401063919067,1.0391160249710083,1.1561399698257446,1.1927200555801392,1.6970561742782593,1.7838690280914307,1.788399338722229,1.719866156578064,1.5848218202590942,1.3972231149673462,1.1737111806869507,0.9354696273803711,0.704291045665741,0.5006299614906311,0.33540982007980347,0.21199245750904083,0.12661240994930267,0.0699034258723259,0.03109300136566162,-5.282647907733917e-05,-0.06298089027404785,-0.09988559782505035,-0.13377149403095245,-0.20449578762054443,-0.2918786108493805,-0.39121127128601074,-0.5001273155212402,-0.6135385632514954,-0.7258982062339783,-0.830112874507904
0.017473412677645683,0.24871771037578583,0.47266364097595215,0.6366801261901855,0.817444920539856,0.9988391995429993,1.3666826486587524,1.430142879486084,1.4465523958206177,1.4370834827423096,1.4097263813018799,1.371206521987915,1.3349593877792358,1.3134779930114746,1.3113658428192139,1.3296154737472534,1.176796555519104,1.1388827562332153,1.464464783668518,1.4885601997375488,1.4852148294448853,1.456377387046814,1.4023208618164062,1.3331332206726074,1.252731204032898,1.1665226221084595,1.0822455883026123,1.0029534101486206,0.9254018664360046,0.8441966772079468,0.7556775808334351,0.6605066657066345,0.5633156895637512,0.47204676270484924,0.3947707712650299,0.33546048402786255,0.2938084602355957,0.26571783423423767,0.2435547560453415,0.2194027453660965,0.18746791779994965,0.1453135758638382,0.09465257823467255
-0.14669977128505707,-0.01312432810664177,0.15619920194149017,0.31423163414001465,0.47095710039138794,0.6809272170066833,0.985465943813324,1.1492944955825806,1.2876206636428833,1.4857178926467896,1.681327223777771,1.5793436765670776,1.8418468236923218,1.7303650379180908,1.5540310144424438,1.3718664646148682,1.233734130859375,1.1638919115066528,1.1620532274246216,1.2129766941070557,1.29605233669281,1.4056456089019775,1.5106244087219238,1.6030782461166382,1.6798434257507324,1.7404758930206299,1.7819228172302246,1.7960526943206787,1.7729943990707397,1.7073651552200317,1.6041549444198608,1.4773468971252441,1.3474388122558594,1.2373253107070923,1.1640946865081787,1.1343169212341309,1.1439018249511719,1.1793471574783325,1.2229564189910889,1.2579975128173828,1.271537184715271,1.257100224494934,1.2146234512329102
0.31284207105636597,0.34132617712020874,0.3801058530807495,0.36796697974205017,0.3739655315876007,0.43054693937301636,0.5569977760314941,0.6821836829185486,0.861685037612915,1.1580617427825928,1.6651970148086548,1.5513463020324707,1.4563426971435547,1.7672244310379028,1.5803020000457764,1.3780686855316162,1.2489548921585083,1.2212927341461182,1.2954740524291992,1.4460252523422241,1.6295862197875977,1.803593635559082,1.941140055656433,2.0416152477264404,2.11724591255188,2.1824448108673096,2.243873119354248,2.2990901470184326,2.33443284034729,2.344196081161499,2.336212396621704,2.307985544204712,2.281235694885254,2.266080856323242,2.271446466445923,2.296954393386841,2.3360800743103027,2.378870725631714,2.4151558876037598,2.4384915828704834,2.445949077606201,2.438347578048706,2.4166460037231445
1.0762673616409302,1.2491014003753662,1.242592215538025,1.0871293544769287,0.9409711360931396,0.8796318173408508,0.8060708045959473,0.8307983875274658,0.9886446595191956,1.2627986669540405,1.3313261270523071,1.266874074935913,1.6734284162521362,1.5969796180725098,1.5263534784317017,1.5162603855133057,1.5874667167663574,1.7338507175445557,1.937565803527832,2.1607205867767334,2.3609275817871094,2.507483959197998,2.589157819747925,2.6212141513824463,2.6353914737701416,2.6599929332733154,2.710207462310791,2.4769020080566406,2.8664517402648926,2.9571588039398193,3.0460023880004883,3.134645938873291,3.222161293029785,3.304030656814575,3.3748397827148438,3.431093692779541,3.474163293838501,3.510073184967041,3.545001268386841,3.584231376647949,3.628920316696167,3.6786255836486816,3.730050802230835
1.2758893966674805,1.4370207786560059,1.429686188697815,1.3997408151626587,1.2213776111602783,1.1947587728500366,1.3330379724502563,1.4234241247177124,1.6465867757797241,1.5188432931900024,1.3969796895980835,1.7543426752090454,1.6191530227661133,1.5896607637405396,1.6882219314575195,1.8829989433288574,2.1187498569488525,2.346670150756836,2.543445348739624,2.7131476402282715,2.8658556938171387,3.0033416748046875,3.120570421218872,3.2192561626434326,3.3126256465911865,3.4169113636016846,3.5308170318603516,3.649204730987549,3.764449119567871,3.86529541015625,3.961292266845703,4.06259822845459,4.168529033660889,4.266766548156738,4.34465217590332,4.401834964752197,4.453768730163574,4.519620418548584,4.608499050140381,4.71644926071167,4.830196857452393,4.939383029937744,5.03652286529541
1.3753079175949097,1.2922065258026123,1.1858458518981934,1.1042957305908203,0.9004006385803223,0.8079118132591248,0.9840995669364929,1.2861402034759521,1.3021615743637085,1.3776154518127441,1.5377287864685059,2.0251481533050537,1.9034000635147095,1.9189645051956177,2.098576784133911,2.372389316558838,2.636460781097412,2.811589002609253,2.911881923675537,3.011655330657959,3.1690356731414795,3.3845434188842773,3.613410472869873,3.8152015209198,3.985896348953247,4.146275520324707,4.308568954467773,4.463094234466553,4.59316349029541,4.699077606201172,4.799406051635742,4.912055015563965,5.034867763519287,5.14998722076416,5.241541862487793,5.314334869384766,5.390233993530273,5.488103866577148,5.608495235443115,5.733891487121582,5.844907283782959,5.939245223999023,6.02591609954834
1.1997520923614502,1.1671619415283203,1.1931500434875488,0.8140690922737122,0.4874005615711212,0.14902879297733307,-0.011075584217905998,0.1817466914653778,0.6769110560417175,1.1674202680587769,1.581251859664917,2.4516446590423584,2.4672229290008545,2.458449363708496,2.55594801902771,2.7615373134613037,2.984928846359253,3.1389923095703125,3.2504756450653076,3.4089772701263428,3.6595165729522705,3.957077980041504,4.210864543914795,4.374382495880127,4.480190277099609,4.592596054077148,4.744986057281494,4.92054557800293,5.086629390716553,5.233151912689209,5.375190734863281,5.525146961212158,5.674986839294434,5.805286407470703,5.908708572387695,5.999420642852783,6.10301399230957,6.229470729827881,6.361490249633789,6.468203544616699,6.535721302032471,6.582306861877441,6.646276950836182
1.1896154880523682,1.1894932985305786,1.0719460248947144,1.1554596424102783,1.0893853902816772,0.6771285533905029,0.17460742592811584,0.07501063495874405,0.4283158779144287,1.3371710777282715,1.7335344552993774,2.938403844833374,2.9586167335510254,2.806705951690674,2.746242046356201,2.875375747680664,3.1079044342041016,3.314347505569458,3.489243745803833,3.706696033477783,3.9938249588012695,4.285085678100586,4.494844913482666,4.616551399230957,4.722792148590088,4.8825883865356445,5.097288608551025,5.317296028137207,5.503127574920654,5.657376289367676,5.80321741104126,5.949921131134033,6.0847272872924805,6.193888187408447,6.282819747924805,6.3760294914245605,6.498754501342773,6.657349586486816,6.82784366607666,6.969125747680664,7.05174446105957,7.085455894470215,7.11597204208374
1.3641083240509033,1.0576096773147583,1.4178835153579712,2.160095691680908,2.7882301807403564,2.8156049251556396,1.996712565422058,1.2428804636001587,1.0510808229446411,1.5668245553970337,2.5608434677124023,2.830406665802002,2.74351167678833,2.6067726612091064,2.642918348312378,2.8813676834106445,3.1708080768585205,3.362330913543701,3.4722325801849365,3.615586042404175,3.835902214050293,4.078491687774658,4.285480976104736,4.475740909576416,4.704028129577637,4.974984169006348,5.2336883544921875,5.432249546051025,5.579073905944824,5.716452121734619,5.867609977722168,6.0261759757995605,6.178584098815918,6.321558475494385,6.454301834106445,6.574545383453369,6.687218189239502,6.81400728225708,6.9703826904296875,7.1361918449401855,7.262365341186523,7.317549228668213,7.319051742553711
1.2905017137527466,1.190271019935608,1.7372099161148071,2.3057665824890137,3.148252487182617,3.302093982696533,2.651169776916504,1.7999560832977295,1.4342408180236816,1.5339492559432983,1.395061731338501,2.0181727409362793,2.078559398651123,2.338038444519043,2.7228221893310547,3.1367759704589844,3.3966033458709717,3.4506266117095947,3.431215763092041,3.5026190280914307,3.6865859031677246,3.8951642513275146,4.078906059265137,4.273295879364014,4.507413864135742,4.736039161682129,4.897439956665039,5.004765510559082,5.126622676849365,5.297677516937256,5.485918998718262,5.649465560913086,5.799173831939697,5.972533226013184,6.1705756187438965,6.341699123382568,6.442880153656006,6.499910354614258,6.578980922698975,6.705870628356934,6.836306571960449,6.914098262786865,6.934554576873779
1.017816185951233,1.2163925170898438,1.4501080513000488,1.4427261352539062,1.4540808200836182,1.701041340827942,1.3585264682769775,1.3573296070098877,1.2897346019744873,1.8720111846923828,1.8871303796768188,1.9770398139953613,2.287916660308838,2.72802472114563,3.1629278659820557,3.4485392570495605,3.519390821456909,3.4474892616271973,3.40494966506958,3.500758171081543,3.6720516681671143,3.7921957969665527,3.848369836807251,3.928133010864258,4.065235614776611,4.1947922706604,4.272616863250732,4.351872444152832,4.500457286834717,4.700291156768799,4.865144729614258,4.944910526275635,4.980599880218506,5.054691314697266,5.199641704559326,5.36834716796875,5.494867324829102,5.572386264801025,5.645608425140381,5.742321491241455,5.836561679840088,5.894439220428467,5.928955554962158
0.4606732726097107,0.7547793388366699,0.6895738244056702,0.46481552720069885,0.29554611444473267,0.3208391070365906,0.5752130746841431,1.1608903408050537,2.2584028244018555,2.566291332244873,2.6077682971954346,2.685248851776123,2.8899548053741455,3.089059591293335,3.1697165966033936,3.1428487300872803,3.0601046085357666,2.9733147621154785,2.956829786300659,3.0286197662353516,3.093724250793457,3.066056251525879,3.0065860748291016,3.0356252193450928,3.1536169052124023,3.264413356781006,3.332772970199585,3.4060351848602295,3.5097837448120117,3.61063551902771,3.6805689334869385,3.72175931930542,3.742685317993164,3.760361433029175,3.8060121536254883,3.897700309753418,4.016140937805176,4.130828857421875,4.228508472442627,4.307670593261719,4.360453128814697,4.383058547973633,4.398250579833984
0.035704419016838074,0.1426762491464615,0.15193630754947662,0.11211248487234116,0.16510626673698425,0.48586127161979675,1.0385539531707764,2.084679126739502,2.7021098136901855,2.8499646186828613,2.7221899032592773,2.62042236328125,2.5648386478424072,2.4151055812835693,2.1762611865997314,1.9968510866165161,1.92136812210083,1.8747975826263428,1.8239480257034302,1.7900848388671875,1.7466636896133423,1.6687177419662476,1.6259615421295166,1.6778122186660767,1.7547283172607422,1.7769665718078613,1.7851601839065552,1.8299435377120972,1.8549308776855469,1.8150538206100464,1.79605233669281,1.8856720924377441,2.0265815258026123,2.1121015548706055,2.134727954864502,2.1588666439056396,2.2101986408233643,2.2654836177825928,2.3087916374206543,2.349538803100586,2.3982632160186768,2.4452316761016846,2.477855920791626
0.030614083632826805,-0.030445482581853867,-0.06831046938896179,0.06817612051963806,0.37913277745246887,0.7813029885292053,1.5169011354446411,1.9258652925491333,2.008273124694824,1.7678821086883545,1.4547080993652344,1.2618579864501953,1.1198617219924927,0.8795490264892578,0.6008171439170837,0.44354844093322754,0.39168766140937805,0.30600306391716003,0.17054593563079834,0.0732426568865776,0.02277839183807373,-0.02078484185039997,-0.03112378902733326,-0.00887098629027605,-0.05524735152721405,-0.1855885237455368,-0.24428603053092957,-0.16117610037326813,-0.08862076699733734,-0.14067496359348297,-0.20576246082782745,-0.1650601476430893,-0.07838231325149536,-0.03603570908308029,-0.011098186485469341,0.041457969695329666,0.0937299057841301,0.1151813268661499,0.12719285488128662,0.16372546553611755,0.23238755762577057,0.308133602142334,0.35492804646492004
