earth/public/data/atmosphere/C53/ANN-rh-isobaric-700hPa-gfs-1.0.json
{"header": {"discipline": 0, "disciplineName": "Meteorological products", "gribEdition": 2, "gribLength": 17922.0, "center": 0, "centerName": "Kiel Climate Model", "subcenter": 0, "refTime": "1", "significanceOfRT": 1, "significanceOfRTName": "Start of forecast", "productStatus": 0, "productStatusName": "Operational products", "productType": 1, "productTypeName": "Forecast products", "productDefinitionTemplate": 0, "productDefinitionTemplateName": "Analysis/forecast at horizontal level/layer at a point in time", "parameterCategory": 2, "parameterCategoryName": "Momentum", "parameterNumber": 2, "parameterNumberName": "U-component_of_wind", "parameterUnit": "%", "genProcessType": 2, "genProcessTypeName": "Forecast", "forecastTime": 0, "surface1Type": 103, "surface1TypeName": "Specified height level above ground", "surface1Value": 10, "surface2Type": 255, "surface2TypeName": "Missing", "surface2Value": 0, "gridDefinitionTemplate": 0, "gridDefinitionTemplateName": "Latitude_Longitude", "numberPoints": 65160, "shape": 6, "shapeName": "Earth spherical with radius of 6,371,229.0 m", "gridUnits": "degrees", "resolution": 48, "winds": "true", "scanMode": 0, "nx": 128.0, "ny": 64.0, "basicAngle": 0, "subDivisions": 0, "lo1": 0.0, "la1": 87.86379883923263, "lo2": 357.1875, "la2": -87.86379883923263, "dx": 2.8125, "dy": 2.7893269472772264}, "data":
[rows 19 to 37 of 64, columns 43 to 85 of 128]
0.42926156520843506,0.43526124954223633,0.447690486907959,0.4580625593662262,0.46032822132110596,0.46120452880859375,0.4719632863998413,0.4920012652873993,0.509630560874939,0.5203303098678589,0.5323166847229004,0.5494263768196106,0.5631939172744751,0.5690863728523254,0.5742632746696472,0.5816786289215088,0.5837488174438477,0.5781192779541016,0.5726684927940369,0.570801854133606,0.5673697590827942,0.560566782951355,0.5545223951339722,0.550724983215332,0.5472477078437805,0.5445457100868225,0.5445168018341064,0.5459678173065186,0.5463041067123413,0.5462494492530823,0.54869145154953,0.5528393983840942,0.5539182424545288,0.5507459044456482,0.5483298301696777,0.5491046905517578,0.5485143661499023,0.5442777276039124,0.5410759449005127,0.5405446290969849,0.537306010723114,0.529913067817688,0.523848831653595
0.43381500244140625,0.4492439925670624,0.45656031370162964,0.4574202597141266,0.45812588930130005,0.4630526602268219,0.4738011062145233,0.49090123176574707,0.5105530619621277,0.5268846750259399,0.5403841733932495,0.5549046993255615,0.568579375743866,0.5776363611221313,0.582627534866333,0.5837207436561584,0.5797727704048157,0.5740600824356079,0.5696884989738464,0.5635689496994019,0.5548617839813232,0.5490674376487732,0.5468971133232117,0.5432419776916504,0.5394060611724854,0.540801465511322,0.5449215173721313,0.5459359884262085,0.5453007817268372,0.5469772219657898,0.5499634146690369,0.5519973635673523,0.5531436800956726,0.5537863969802856,0.5541425943374634,0.5538067817687988,0.5505960583686829,0.5444239377975464,0.5391078591346741,0.5350608229637146,0.5277756452560425,0.5178000926971436,0.5110548734664917
0.4449615180492401,0.4578924775123596,0.4627085030078888,0.4639401435852051,0.47099968791007996,0.48292818665504456,0.4933217465877533,0.5057538151741028,0.5258802771568298,0.5484745502471924,0.5666646957397461,0.5808744430541992,0.5922820568084717,0.6000701189041138,0.6034850478172302,0.6002680063247681,0.5916204452514648,0.5853951573371887,0.5826514959335327,0.5748040676116943,0.563554584980011,0.5605515241622925,0.5636668801307678,0.5617212653160095,0.5580835938453674,0.5614817142486572,0.5665108561515808,0.5669798254966736,0.5691831111907959,0.5758900046348572,0.5797663927078247,0.5798498392105103,0.5821766257286072,0.5850789546966553,0.5828795433044434,0.5772342085838318,0.5717271566390991,0.5654510855674744,0.558013379573822,0.5504001379013062,0.5415723919868469,0.5319944620132446,0.5242007970809937
0.4518418312072754,0.4636962115764618,0.4729222357273102,0.47742119431495667,0.48685187101364136,0.5043965578079224,0.5234052538871765,0.5432659387588501,0.5664404630661011,0.5883360505104065,0.6055009961128235,0.6186527609825134,0.6251216530799866,0.625053882598877,0.624378502368927,0.6216035485267639,0.6123130917549133,0.6038178205490112,0.6012189388275146,0.5960638523101807,0.5877983570098877,0.5875425934791565,0.5927501916885376,0.5924100279808044,0.5913169384002686,0.5970727205276489,0.602179765701294,0.6030842065811157,0.6088063716888428,0.6181829571723938,0.6203962564468384,0.618381917476654,0.6212337613105774,0.6236785054206848,0.618613064289093,0.6126904487609863,0.6113195419311523,0.6082980632781982,0.599880576133728,0.5901669859886169,0.5811601281166077,0.5718472599983215,0.5622036457061768
0.48510217666625977,0.49508512020111084,0.5027214288711548,0.5042485594749451,0.5108121633529663,0.5311610102653503,0.5604063272476196,0.5912646055221558,0.6163164973258972,0.6290282011032104,0.6356614828109741,0.6445401310920715,0.6478513479232788,0.6408869028091431,0.6359212398529053,0.6356537938117981,0.6289482116699219,0.6188070774078369,0.6156672239303589,0.6149868369102478,0.6119260191917419,0.6125410199165344,0.6161420941352844,0.6171097755432129,0.6203188896179199,0.6286796927452087,0.6341038942337036,0.6361263990402222,0.6426454186439514,0.6499823331832886,0.6503236889839172,0.6495325565338135,0.6536921858787537,0.6558997631072998,0.653030514717102,0.6527975797653198,0.6555111408233643,0.6526266932487488,0.6442339420318604,0.6367754340171814,0.6297610998153687,0.6208800077438354,0.612736165523529
0.5618919134140015,0.5553967356681824,0.5457044243812561,0.5424779057502747,0.556536078453064,0.584418535232544,0.6120681166648865,0.6365914940834045,0.6574200391769409,0.664985179901123,0.6632392406463623,0.667462170124054,0.6730604767799377,0.6689868569374084,0.6641479730606079,0.6649270057678223,0.661798357963562,0.6549755930900574,0.6540082693099976,0.6565665006637573,0.6574143767356873,0.6593060493469238,0.6625112295150757,0.665455162525177,0.6712172031402588,0.6789342761039734,0.6837576627731323,0.6878083944320679,0.6944075226783752,0.6997615694999695,0.7023776769638062,0.7062898278236389,0.7105028629302979,0.7111290097236633,0.711227297782898,0.7138524651527405,0.7135006785392761,0.7070586085319519,0.7013894319534302,0.699822187423706,0.6958604454994202,0.6876885890960693,0.6820858120918274
0.6433754563331604,0.6242283582687378,0.595701277256012,0.5861948132514954,0.613664984703064,0.6558276414871216,0.6758484244346619,0.6797218918800354,0.6934144496917725,0.7085906267166138,0.7098392248153687,0.7091177105903625,0.7142501473426819,0.7159469127655029,0.7138034105300903,0.7130558490753174,0.711809515953064,0.7109172344207764,0.7129452228546143,0.7146978378295898,0.7158334255218506,0.7193700075149536,0.7237962484359741,0.7281949520111084,0.7338197827339172,0.7384772300720215,0.7419858574867249,0.7476227879524231,0.7535049915313721,0.7572343349456787,0.7623645663261414,0.7685242891311646,0.7701751589775085,0.7691507339477539,0.7710858583450317,0.7730976343154907,0.7700157761573792,0.7652673721313477,0.764402449131012,0.7651033997535706,0.7619728446006775,0.7559947967529297,0.7517539858818054
0.6835575103759766,0.68450528383255,0.6614376306533813,0.6424254179000854,0.6654171943664551,0.7130944728851318,0.7290754318237305,0.7151572108268738,0.7193574905395508,0.7432436347007751,0.7553699016571045,0.7549809813499451,0.7563081979751587,0.7587701678276062,0.7593598365783691,0.7588286995887756,0.7582810521125793,0.7603509426116943,0.7628962397575378,0.761904239654541,0.7615346312522888,0.7646971940994263,0.7674755454063416,0.7702617049217224,0.774628758430481,0.7773086428642273,0.7795363664627075,0.784164309501648,0.7871347069740295,0.788153350353241,0.7923100590705872,0.7967507243156433,0.7973846793174744,0.798783004283905,0.8021674752235413,0.8026431798934937,0.8017904758453369,0.8035322427749634,0.8045352697372437,0.8022557497024536,0.8004782199859619,0.8007338047027588,0.7996455430984497
0.6900970935821533,0.7216152548789978,0.7265540957450867,0.7063267827033997,0.7109125256538391,0.7490561008453369,0.7660158276557922,0.7486633062362671,0.7413342595100403,0.7577918767929077,0.7758128046989441,0.7866721749305725,0.7922416925430298,0.79404217004776,0.7972027063369751,0.8008386492729187,0.8013083338737488,0.8025477528572083,0.8048524260520935,0.8044986724853516,0.8048722743988037,0.8068269491195679,0.8061864972114563,0.8060356974601746,0.8090208768844604,0.8107813596725464,0.8116081953048706,0.813740074634552,0.8144294619560242,0.8146992921829224,0.8171612024307251,0.8189138174057007,0.8206561803817749,0.8251134157180786,0.8269572257995605,0.8246703743934631,0.8260344862937927,0.8301969766616821,0.8294051885604858,0.8270331621170044,0.829869270324707,0.8339037895202637,0.8338547348976135
0.7131974697113037,0.7405290007591248,0.7597569227218628,0.750607430934906,0.7517346739768982,0.7838019728660583,0.8089491724967957,0.8049166798591614,0.7885439395904541,0.7743188142776489,0.772469162940979,0.7863956093788147,0.7975375056266785,0.796492338180542,0.797476589679718,0.8021706342697144,0.8009018898010254,0.7983356714248657,0.7991913557052612,0.7990391254425049,0.7982688546180725,0.7976734042167664,0.7948447465896606,0.7927044034004211,0.792810320854187,0.7917632460594177,0.7903211116790771,0.7899997234344482,0.7897763252258301,0.7908745408058167,0.7921116352081299,0.7914484143257141,0.793304443359375,0.7973668575286865,0.7968634366989136,0.7957620620727539,0.8000438809394836,0.8026754260063171,0.8015772700309753,0.8054444193840027,0.811823844909668,0.8117573261260986,0.8096309900283813
0.777971088886261,0.7749503254890442,0.774206280708313,0.7690414190292358,0.7809944152832031,0.8140081763267517,0.8429628610610962,0.8501446843147278,0.8240907788276672,0.7678480744361877,0.7227844595909119,0.7163975238800049,0.7197245955467224,0.7101184725761414,0.7028982043266296,0.7011911869049072,0.693544328212738,0.6851063370704651,0.6808620691299438,0.6746433973312378,0.6666850447654724,0.6604686379432678,0.6549476981163025,0.6499825716018677,0.6448886394500732,0.6390420794487,0.6347963809967041,0.6317580342292786,0.629112184047699,0.6287368535995483,0.6281813979148865,0.6265622973442078,0.628717303276062,0.6317761540412903,0.6321156620979309,0.6372777819633484,0.6460273265838623,0.6480135917663574,0.6499336361885071,0.660086989402771,0.666641116142273,0.6649776101112366,0.668300986289978
0.832984983921051,0.8156857490539551,0.7863086462020874,0.7674628496170044,0.7763383388519287,0.7953978776931763,0.8043980598449707,0.7996935844421387,0.7630860805511475,0.6881961822509766,0.6217230558395386,0.5978744626045227,0.5887981057167053,0.5713375210762024,0.5574375987052917,0.5476963520050049,0.533261775970459,0.5201645493507385,0.5105443000793457,0.4982982277870178,0.4855640232563019,0.47569739818573,0.4671982228755951,0.45933011174201965,0.4508075416088104,0.4423213303089142,0.4367384910583496,0.4318845272064209,0.42662110924720764,0.42392510175704956,0.42204272747039795,0.42076799273490906,0.42360007762908936,0.42601650953292847,0.4266557991504669,0.43337005376815796,0.4415242373943329,0.44338566064834595,0.44873714447021484,0.45986276865005493,0.46514686942100525,0.4699314832687378,0.48341313004493713
0.8099671602249146,0.7989048957824707,0.7631680965423584,0.7315810322761536,0.7227808833122253,0.7167778611183167,0.6990253329277039,0.6773203015327454,0.6440396308898926,0.5924714207649231,0.549675703048706,0.5314714908599854,0.516980767250061,0.4970221519470215,0.4813690185546875,0.4664860963821411,0.4480729401111603,0.43264758586883545,0.4194515645503998,0.4053685665130615,0.39383748173713684,0.38372260332107544,0.372866690158844,0.36384421586990356,0.3553256392478943,0.3463585078716278,0.3399796485900879,0.3342367708683014,0.3277970850467682,0.3239896893501282,0.3211376667022705,0.31821802258491516,0.31850385665893555,0.31880509853363037,0.31749409437179565,0.3197503089904785,0.3228552043437958,0.3244177997112274,0.33102482557296753,0.3388088345527649,0.34196868538856506,0.35080331563949585,0.3646504580974579
0.7399094104766846,0.733575701713562,0.7112055420875549,0.6853207945823669,0.6706603765487671,0.6585866212844849,0.6411551237106323,0.6250137686729431,0.6096540689468384,0.5916082859039307,0.5779069066047668,0.5673673748970032,0.5505790710449219,0.5319934487342834,0.5171525478363037,0.4998971223831177,0.48067861795425415,0.4643571972846985,0.4473003149032593,0.43005162477493286,0.41687336564064026,0.40317168831825256,0.38781216740608215,0.3760185241699219,0.3648555278778076,0.3518930673599243,0.3416566848754883,0.3326443135738373,0.322588711977005,0.31554174423217773,0.31013429164886475,0.303143173456192,0.29813840985298157,0.2955550253391266,0.29299354553222656,0.2921707332134247,0.29257702827453613,0.29366475343704224,0.2979087829589844,0.3020629286766052,0.3048822283744812,0.31229060888290405,0.32026225328445435
0.7179415822029114,0.7137030363082886,0.7067252397537231,0.6975764632225037,0.6937265992164612,0.6940070986747742,0.6935739517211914,0.6922854781150818,0.6889551877975464,0.6822498440742493,0.6737934947013855,0.6626811623573303,0.6491934061050415,0.6379343867301941,0.6269446611404419,0.6116260290145874,0.5964797139167786,0.5832272171974182,0.5663210153579712,0.5481889843940735,0.5328428745269775,0.5157153010368347,0.4974597990512848,0.4824749827384949,0.4662608206272125,0.4479540288448334,0.433574914932251,0.42010560631752014,0.4040606915950775,0.3913995921611786,0.3821404278278351,0.3710460364818573,0.36098089814186096,0.3543035387992859,0.34789344668388367,0.3427484631538391,0.34063664078712463,0.33888229727745056,0.3371988534927368,0.33861735463142395,0.3434806764125824,0.3484666347503662,0.35237810015678406
0.7544520497322083,0.7571170330047607,0.7596703767776489,0.7623419761657715,0.7672204971313477,0.7727303504943848,0.7760692238807678,0.7772290706634521,0.7758618593215942,0.7711073160171509,0.7649267911911011,0.7603440880775452,0.7583951354026794,0.7568433284759521,0.7514564990997314,0.7427546381950378,0.7357419729232788,0.729630172252655,0.7205401659011841,0.7108341455459595,0.7018184065818787,0.6901581287384033,0.6775995492935181,0.6662286520004272,0.6519827246665955,0.6361750364303589,0.6237220764160156,0.610405445098877,0.5935875177383423,0.5794389247894287,0.5675816535949707,0.5530338883399963,0.5392327904701233,0.5279653668403625,0.5143064260482788,0.5006842613220215,0.49272632598876953,0.485928475856781,0.476861834526062,0.47234752774238586,0.4733041226863861,0.4709921181201935,0.46688544750213623
0.7765154242515564,0.7842135429382324,0.7900012731552124,0.7952830195426941,0.7999341487884521,0.8019271492958069,0.8013908267021179,0.8014308214187622,0.8035073280334473,0.8062502145767212,0.8095920085906982,0.8144712448120117,0.8188204169273376,0.8197486996650696,0.8182998299598694,0.8174494504928589,0.8173887729644775,0.8164787888526917,0.81514972448349,0.8145495653152466,0.8129867315292358,0.8091282248497009,0.8050919771194458,0.8012397885322571,0.7952612638473511,0.7881607413291931,0.7813408374786377,0.7724319100379944,0.7619897127151489,0.7528349161148071,0.7417010068893433,0.7264453172683716,0.71286940574646,0.7016326189041138,0.6859177350997925,0.667849600315094,0.6549062728881836,0.6435063481330872,0.628136157989502,0.6138847470283508,0.6029226779937744,0.5894147753715515,0.5753977298736572
0.7502126693725586,0.7563539147377014,0.7613792419433594,0.765930712223053,0.769446849822998,0.7723285555839539,0.775759756565094,0.7800732851028442,0.7851362228393555,0.7905524969100952,0.7959539890289307,0.8005572557449341,0.8025763630867004,0.8027552366256714,0.8051310181617737,0.8099047541618347,0.8128730058670044,0.8137754797935486,0.8154733180999756,0.8169698119163513,0.8163064122200012,0.8150439262390137,0.8143224120140076,0.8131747841835022,0.8118010759353638,0.8102623224258423,0.8067135214805603,0.8014799952507019,0.7973788976669312,0.7934225797653198,0.7856384515762329,0.7751473188400269,0.7666553258895874,0.7590792775154114,0.7473570108413696,0.7322282791137695,0.7179403901100159,0.7033692002296448,0.6854543089866638,0.6658998727798462,0.6469146609306335,0.6285032629966736,0.6117427945137024
0.6930525898933411,0.696196973323822,0.7003089785575867,0.7055046558380127,0.7100929021835327,0.715933620929718,0.7235260605812073,0.7294905781745911,0.7329063415527344,0.7357551455497742,0.7389064431190491,0.742431640625,0.7464236617088318,0.7514053583145142,0.7581662535667419,0.7649480700492859,0.769416868686676,0.7734760642051697,0.77858567237854,0.7817850112915039,0.7827671766281128,0.7844526767730713,0.7855239510536194,0.7842339277267456,0.7835608124732971,0.7839891910552979,0.7823517322540283,0.7796853184700012,0.7780861854553223,0.7752197980880737,0.7706440687179565,0.7672379612922668,0.7636837363243103,0.7567175626754761,0.7475385665893555,0.7375696897506714,0.7250744104385376,0.7100932002067566,0.6946864128112793,0.6783943772315979,0.6604953408241272,0.6431331634521484,0.6262109279632568
