earth/public/data/atmosphere/C53/ANN-wind-isobaric-700hPa-gfs-1.0.json
{"header": {"discipline": 0, "disciplineName": "Meteorological products", "gribEdition": 2, "gribLength": 17922.0, "center": 0, "centerName": "Kiel Climate Model", "subcenter": 0, "refTime": "1", "significanceOfRT": 1, "significanceOfRTName": "Start of forecast", "productStatus": 0, "productStatusName": "Operational products", "productType": 1, "productTypeName": "Forecast products", "productDefinitionTemplate": 0, "productDefinitionTemplateName": "Analysis/forecast at horizontal level/layer at a point in time", "parameterCategory": 2, "parameterCategoryName": "Momentum", "parameterNumber": 2, "parameterNumberName": "U-component_of_wind", "parameterUnit": "m/s", "genProcessType": 2, "genProcessTypeName": "Forecast", "forecastTime": 0, "surface1Type": 103, "surface1TypeName": "Specified height level above ground", "surface1Value": 10, "surface2Type": 255, "surface2TypeName": "Missing", "surface2Value": 0, "gridDefinitionTemplate": 0, "gridDefinitionTemplateName": "Latitude_Longitude", "numberPoints": 65160, "shape": 6, "shapeName": "Earth spherical with radius of 6,371,229.0 m", "gridUnits": "degrees", "resolution": 48, "winds": "true", "scanMode": 0, "nx": 128.0, "ny": 64.0, "basicAngle": 0, "subDivisions": 0, "lo1": 0.0, "la1": 87.86379883923263, "lo2": 357.1875, "la2": -87.86379883923263, "dx": 2.8125, "dy": 2.7893269472772264}, "data":
[rows 19 to 37 of 64, columns 43 to 85 of 128]
6.883878707885742,7.093795299530029,7.238263130187988,7.294243335723877,7.145297527313232,6.864803791046143,6.630558013916016,6.458745002746582,6.290738105773926,6.1441426277160645,5.9997239112854,5.779790878295898,5.510210037231445,5.265303134918213,4.998672008514404,4.6556267738342285,4.319893836975098,4.056269645690918,3.788426160812378,3.471599578857422,3.189291477203369,2.993896722793579,2.8359639644622803,2.6858367919921875,2.5733864307403564,2.5102624893188477,2.4831321239471436,2.495513439178467,2.545893907546997,2.601428747177124,2.6359193325042725,2.6646862030029297,2.715843439102173,2.7782654762268066,2.8053507804870605,2.7857847213745117,2.7673864364624023,2.7682888507843018,2.734987497329712,2.65238881111145,2.5917305946350098,2.5743846893310547,2.521951913833618
5.610135078430176,5.64094352722168,5.647360324859619,5.622295379638672,5.403250217437744,5.107450485229492,4.956345081329346,4.879069805145264,4.731132984161377,4.572522163391113,4.432319164276123,4.189080715179443,3.835909605026245,3.4969518184661865,3.180652618408203,2.8193581104278564,2.4440159797668457,2.1088099479675293,1.7988619804382324,1.5089997053146362,1.2566909790039062,1.029992938041687,0.8430408835411072,0.7462574243545532,0.7159820795059204,0.6782045960426331,0.6441205143928528,0.6664767265319824,0.7178385853767395,0.750540018081665,0.7799701690673828,0.8144304156303406,0.8238843679428101,0.8133606910705566,0.8061343431472778,0.7827078104019165,0.7345685362815857,0.6925086379051208,0.6473792195320129,0.5645994544029236,0.47333788871765137,0.41090744733810425,0.3454910218715668
3.876650810241699,3.747176170349121,3.6425821781158447,3.551947832107544,3.3184573650360107,3.095156192779541,3.0975162982940674,3.177544355392456,3.1233720779418945,2.987743854522705,2.8261492252349854,2.5552239418029785,2.1881163120269775,1.8295376300811768,1.4850666522979736,1.1234458684921265,0.7641825675964355,0.41018134355545044,0.08298185467720032,-0.14277073740959167,-0.2889167368412018,-0.4620620906352997,-0.6287665963172913,-0.6739187836647034,-0.6479339003562927,-0.663793683052063,-0.6759895086288452,-0.6226779818534851,-0.582872211933136,-0.5947854518890381,-0.5741002559661865,-0.5234290957450867,-0.5374261140823364,-0.5872153043746948,-0.5877859592437744,-0.5952615737915039,-0.6796642541885376,-0.767175018787384,-0.8028201460838318,-0.852458655834198,-0.9437000751495361,-1.0279204845428467,-1.0954513549804688
1.7442646026611328,1.5528324842453003,1.3952486515045166,1.291787028312683,1.1991162300109863,1.2285281419754028,1.4366687536239624,1.6324142217636108,1.6605221033096313,1.5554043054580688,1.3446499109268188,1.045841932296753,0.7477989792823792,0.4524589478969574,0.08645942807197571,-0.27786919474601746,-0.5421158075332642,-0.784631073474884,-1.047886848449707,-1.2141993045806885,-1.2762616872787476,-1.3592520952224731,-1.4416052103042603,-1.4291743040084839,-1.392864465713501,-1.4105403423309326,-1.3930779695510864,-1.3035656213760376,-1.2633955478668213,-1.2972297668457031,-1.2915016412734985,-1.2572866678237915,-1.299363136291504,-1.3651918172836304,-1.3577890396118164,-1.3628668785095215,-1.464642882347107,-1.5616905689239502,-1.5899279117584229,-1.6346876621246338,-1.7145395278930664,-1.7633463144302368,-1.7960273027420044
-0.23997117578983307,-0.3798774778842926,-0.5355148315429688,-0.6070095300674438,-0.4487098455429077,-0.07273958623409271,0.2882467210292816,0.45118802785873413,0.4816341996192932,0.4421936869621277,0.24656665325164795,-0.05246066674590111,-0.27182528376579285,-0.4647049307823181,-0.7780040502548218,-1.082664132118225,-1.2250888347625732,-1.3243077993392944,-1.4732977151870728,-1.569525957107544,-1.5868805646896362,-1.6004703044891357,-1.5919182300567627,-1.5378799438476562,-1.5077322721481323,-1.5097450017929077,-1.469179391860962,-1.3972468376159668,-1.3722834587097168,-1.387144923210144,-1.386006236076355,-1.3951354026794434,-1.4637725353240967,-1.5422712564468384,-1.577927827835083,-1.6288409233093262,-1.7230496406555176,-1.783029556274414,-1.812813639640808,-1.8962184190750122,-1.9849809408187866,-1.997368335723877,-2.0072109699249268
-1.7185181379318237,-1.5577571392059326,-1.5509400367736816,-1.6104826927185059,-1.3947348594665527,-0.8936358094215393,-0.5083432197570801,-0.4430130422115326,-0.4660997688770294,-0.43372347950935364,-0.5165162682533264,-0.7478358149528503,-0.9334715604782104,-1.0565643310546875,-1.2253036499023438,-1.374643325805664,-1.4370901584625244,-1.4886841773986816,-1.5357277393341064,-1.523733377456665,-1.4957066774368286,-1.4737967252731323,-1.4185104370117188,-1.3677492141723633,-1.3498890399932861,-1.305079460144043,-1.2493165731430054,-1.251632809638977,-1.270723581314087,-1.2612483501434326,-1.275026798248291,-1.3296947479248047,-1.3852524757385254,-1.4427716732025146,-1.5231969356536865,-1.6175554990768433,-1.6945000886917114,-1.7339625358581543,-1.783846139907837,-1.891766905784607,-1.9827996492385864,-1.9968256950378418,-2.0221872329711914
-2.904035806655884,-2.2921218872070312,-1.883341670036316,-1.818867564201355,-1.7264379262924194,-1.3542560338974,-0.9753984808921814,-0.9209292531013489,-1.0750370025634766,-1.1601269245147705,-1.1844184398651123,-1.2804065942764282,-1.4290144443511963,-1.5509002208709717,-1.606118083000183,-1.6015890836715698,-1.6176304817199707,-1.6668885946273804,-1.6340152025222778,-1.5303303003311157,-1.4827539920806885,-1.449177622795105,-1.3629565238952637,-1.3223422765731812,-1.320440411567688,-1.2442771196365356,-1.185592770576477,-1.2401014566421509,-1.2746223211288452,-1.2531912326812744,-1.3031374216079712,-1.3855071067810059,-1.4026633501052856,-1.4279658794403076,-1.5068035125732422,-1.5711075067520142,-1.6173701286315918,-1.6800895929336548,-1.7479323148727417,-1.8149950504302979,-1.8664660453796387,-1.885398268699646,-1.9088518619537354
-3.6620419025421143,-2.912660598754883,-2.12679123878479,-1.7216089963912964,-1.612518310546875,-1.3897767066955566,-0.996124804019928,-0.8629074096679688,-1.2096136808395386,-1.6787452697753906,-1.9011331796646118,-1.9489550590515137,-2.0436975955963135,-2.193524122238159,-2.2667899131774902,-2.24882435798645,-2.2542831897735596,-2.281123161315918,-2.220102548599243,-2.133269786834717,-2.131810188293457,-2.10699200630188,-1.9978920221328735,-1.95098078250885,-1.9578372240066528,-1.890783429145813,-1.838049054145813,-1.868793249130249,-1.8586854934692383,-1.8294373750686646,-1.8907191753387451,-1.9429683685302734,-1.9289050102233887,-1.9637922048568726,-2.0200722217559814,-2.0082473754882812,-2.018608570098877,-2.0927977561950684,-2.1274542808532715,-2.118563652038574,-2.1265289783477783,-2.1278555393218994,-2.1049630641937256
-3.2509374618530273,-2.920280694961548,-2.270322561264038,-1.6871473789215088,-1.502098560333252,-1.448495626449585,-1.1305415630340576,-0.8574898838996887,-1.205802083015442,-2.0301856994628906,-2.7087204456329346,-3.019507884979248,-3.1766748428344727,-3.347764730453491,-3.516808271408081,-3.634585380554199,-3.7089414596557617,-3.755368709564209,-3.7700905799865723,-3.7930216789245605,-3.843749523162842,-3.842475652694702,-3.7814583778381348,-3.763735294342041,-3.7737555503845215,-3.7380871772766113,-3.7073419094085693,-3.6979572772979736,-3.6610605716705322,-3.65500807762146,-3.693387508392334,-3.6778299808502197,-3.660745859146118,-3.7253761291503906,-3.751218318939209,-3.7054331302642822,-3.725829601287842,-3.771549701690674,-3.7308542728424072,-3.6877188682556152,-3.6905646324157715,-3.652405261993408,-3.5809881687164307
-1.7147997617721558,-1.9237854480743408,-1.8988921642303467,-1.667367696762085,-1.7091972827911377,-1.9964995384216309,-1.9097429513931274,-1.4584627151489258,-1.4613162279129028,-2.2720160484313965,-3.344017744064331,-4.09169864654541,-4.444598197937012,-4.648266792297363,-4.905625343322754,-5.1869893074035645,-5.376402854919434,-5.507206916809082,-5.656540870666504,-5.7801947593688965,-5.83411979675293,-5.87074613571167,-5.932580947875977,-5.990675449371338,-6.018260955810547,-6.04503870010376,-6.0864973068237305,-6.106688976287842,-6.125585079193115,-6.187708377838135,-6.226012706756592,-6.217369556427002,-6.273715972900391,-6.361351013183594,-6.355014801025391,-6.35881233215332,-6.452834129333496,-6.468300819396973,-6.393466949462891,-6.395699501037598,-6.407193660736084,-6.319178581237793,-6.24951696395874
-0.3262491226196289,-0.5896095037460327,-1.0035663843154907,-1.3285084962844849,-1.8222415447235107,-2.50266432762146,-2.703571319580078,-2.1856367588043213,-1.7744801044464111,-2.1987388134002686,-3.16597580909729,-3.9865381717681885,-4.4088921546936035,-4.649991989135742,-4.962540626525879,-5.315817832946777,-5.564103603363037,-5.761155128479004,-5.999772071838379,-6.184866905212402,-6.271565914154053,-6.392035484313965,-6.5749592781066895,-6.708688735961914,-6.803778648376465,-6.952778339385986,-7.115321636199951,-7.2263946533203125,-7.346223831176758,-7.487907409667969,-7.578394889831543,-7.685825824737549,-7.88267707824707,-8.010693550109863,-8.024881362915039,-8.133109092712402,-8.299036026000977,-8.316207885742188,-8.314109802246094,-8.423318862915039,-8.44422435760498,-8.365267753601074,-8.391338348388672
0.10029628872871399,0.1992243528366089,-0.12648974359035492,-0.711889386177063,-1.4616332054138184,-2.2621877193450928,-2.610002040863037,-2.2151830196380615,-1.6442627906799316,-1.5821818113327026,-1.9639582633972168,-2.3563804626464844,-2.615089178085327,-2.8496148586273193,-3.132063627243042,-3.4077603816986084,-3.6162397861480713,-3.812710762023926,-4.049190998077393,-4.266778945922852,-4.454505920410156,-4.685794353485107,-4.934688568115234,-5.135149002075195,-5.352591514587402,-5.638841152191162,-5.903547286987305,-6.113900184631348,-6.349552154541016,-6.589382171630859,-6.779165267944336,-7.014223575592041,-7.306732177734375,-7.493252277374268,-7.614019870758057,-7.833139896392822,-8.025315284729004,-8.09555721282959,-8.25454330444336,-8.48224925994873,-8.54422378540039,-8.588922500610352,-8.780793190002441
0.054642777889966965,0.3239040672779083,0.18341150879859924,-0.38188105821609497,-1.0368460416793823,-1.5787242650985718,-1.8224679231643677,-1.5990155935287476,-1.1312448978424072,-0.8277312517166138,-0.7661073207855225,-0.8185084462165833,-0.9527357220649719,-1.1322051286697388,-1.270063877105713,-1.3680628538131714,-1.4837225675582886,-1.6210582256317139,-1.7608013153076172,-1.9199118614196777,-2.1255710124969482,-2.357618570327759,-2.5746521949768066,-2.799506902694702,-3.084027051925659,-3.3963804244995117,-3.6739633083343506,-3.9514801502227783,-4.284627437591553,-4.624152183532715,-4.92255973815918,-5.223282337188721,-5.5188984870910645,-5.76077938079834,-6.020986557006836,-6.3251848220825195,-6.542851448059082,-6.7239837646484375,-7.0368146896362305,-7.331082344055176,-7.462904930114746,-7.66648530960083,-7.973259925842285
0.03976326808333397,0.07258281111717224,-0.12603813409805298,-0.6157244443893433,-1.0364301204681396,-1.2370978593826294,-1.3166303634643555,-1.2557018995285034,-1.0592048168182373,-0.9238274097442627,-0.9740323424339294,-1.1490510702133179,-1.3503761291503906,-1.485282301902771,-1.513535499572754,-1.516474723815918,-1.567218542098999,-1.6164050102233887,-1.6236040592193604,-1.6471803188323975,-1.7204668521881104,-1.8002833127975464,-1.884326457977295,-2.0211946964263916,-2.197044610977173,-2.3650848865509033,-2.5483498573303223,-2.7892162799835205,-3.0730888843536377,-3.3712708950042725,-3.6722311973571777,-3.9558088779449463,-4.211426258087158,-4.479776382446289,-4.800487995147705,-5.118195533752441,-5.3742451667785645,-5.6522650718688965,-5.999650001525879,-6.279402732849121,-6.4781646728515625,-6.762083053588867,-7.066445827484131
-0.12382298707962036,-0.3611522912979126,-0.6592581272125244,-1.0594218969345093,-1.3557641506195068,-1.4808419942855835,-1.595721960067749,-1.7419793605804443,-1.8687403202056885,-2.0705177783966064,-2.426633596420288,-2.81374192237854,-3.0853734016418457,-3.2430403232574463,-3.356651782989502,-3.455625295639038,-3.5249316692352295,-3.5495352745056152,-3.5465216636657715,-3.5442755222320557,-3.5395712852478027,-3.5226285457611084,-3.5212602615356445,-3.5448169708251953,-3.5504560470581055,-3.5464229583740234,-3.5982513427734375,-3.6923108100891113,-3.7743492126464844,-3.8768978118896484,-4.033463001251221,-4.2027106285095215,-4.376592636108398,-4.586298942565918,-4.810565948486328,-5.025379180908203,-5.257572174072266,-5.512461185455322,-5.7506632804870605,-5.96544885635376,-6.202269077301025,-6.4680914878845215,-6.708368301391602
-0.5042861700057983,-0.7849907279014587,-1.0521260499954224,-1.3508645296096802,-1.6464779376983643,-1.8860106468200684,-2.1169636249542236,-2.3791956901550293,-2.6591360569000244,-2.985151767730713,-3.3650596141815186,-3.700535535812378,-3.935650110244751,-4.157318592071533,-4.421125888824463,-4.648295879364014,-4.7928595542907715,-4.925678730010986,-5.086468696594238,-5.227994918823242,-5.32983922958374,-5.424015998840332,-5.517469882965088,-5.579165458679199,-5.596386432647705,-5.602911472320557,-5.624268531799316,-5.631997108459473,-5.6172308921813965,-5.625307083129883,-5.6610107421875,-5.700829982757568,-5.772008419036865,-5.866874694824219,-5.927692413330078,-5.99549674987793,-6.133951187133789,-6.2715582847595215,-6.365808963775635,-6.508625030517578,-6.710809230804443,-6.881221771240234,-7.038760662078857
-0.8294700980186462,-1.0247071981430054,-1.216242790222168,-1.419184923171997,-1.657808780670166,-1.8798182010650635,-2.0509278774261475,-2.2127702236175537,-2.3983919620513916,-2.5897843837738037,-2.762516498565674,-2.9156713485717773,-3.0795671939849854,-3.292710304260254,-3.5324878692626953,-3.7379519939422607,-3.935065984725952,-4.199559688568115,-4.497974395751953,-4.750774383544922,-4.985061168670654,-5.245359420776367,-5.489090919494629,-5.692009925842285,-5.8891191482543945,-6.07267427444458,-6.204212188720703,-6.306272029876709,-6.427870750427246,-6.5515007972717285,-6.6244072914123535,-6.667532920837402,-6.741912841796875,-6.818088054656982,-6.843688011169434,-6.877232551574707,-6.962213516235352,-7.031065464019775,-7.079433441162109,-7.174295425415039,-7.274045944213867,-7.32955265045166,-7.406425476074219
-0.9461902976036072,-1.0173323154449463,-1.111621618270874,-1.1886274814605713,-1.2522900104522705,-1.3024972677230835,-1.3217215538024902,-1.3303018808364868,-1.3543797731399536,-1.3684509992599487,-1.3599555492401123,-1.3781229257583618,-1.4528086185455322,-1.5500215291976929,-1.6400196552276611,-1.7503873109817505,-1.9341872930526733,-2.1868269443511963,-2.434072732925415,-2.6550168991088867,-2.9145357608795166,-3.212735652923584,-3.479607582092285,-3.7362279891967773,-4.040940284729004,-4.34078311920166,-4.5817670822143555,-4.82221794128418,-5.091737270355225,-5.322354793548584,-5.493539810180664,-5.669262886047363,-5.867167949676514,-6.037283420562744,-6.16958475112915,-6.297602653503418,-6.417877197265625,-6.520802974700928,-6.631135940551758,-6.72658634185791,-6.762381553649902,-6.792738914489746,-6.852041721343994
-0.8171868324279785,-0.7419604063034058,-0.6997865438461304,-0.6444839835166931,-0.5556137561798096,-0.4807223677635193,-0.427517831325531,-0.36201655864715576,-0.2812381386756897,-0.19615715742111206,-0.11694572120904922,-0.06950943917036057,-0.05700776353478432,-0.05568110942840576,-0.0764179602265358,-0.15005362033843994,-0.26490896940231323,-0.3851048946380615,-0.5088496208190918,-0.6731947064399719,-0.8926826119422913,-1.117136001586914,-1.3109408617019653,-1.5227808952331543,-1.7805671691894531,-2.0298354625701904,-2.2610464096069336,-2.52176570892334,-2.7802164554595947,-2.9861879348754883,-3.2027158737182617,-3.4801905155181885,-3.7444167137145996,-3.9523801803588867,-4.161710739135742,-4.37724494934082,-4.548951148986816,-4.70803689956665,-4.887212753295898,-5.014973163604736,-5.079940319061279,-5.178875923156738,-5.2767205238342285
