earth/public/data/atmosphere/C53/ANN-wind-surface-level-gfs-1.0.json
{"header": {"discipline": 0, "disciplineName": "Meteorological products", "gribEdition": 2, "gribLength": 17922.0, "center": 0, "centerName": "Kiel Climate Model", "subcenter": 0, "refTime": "1", "significanceOfRT": 1, "significanceOfRTName": "Start of forecast", "productStatus": 0, "productStatusName": "Operational products", "productType": 1, "productTypeName": "Forecast products", "productDefinitionTemplate": 0, "productDefinitionTemplateName": "Analysis/forecast at horizontal level/layer at a point in time", "parameterCategory": 2, "parameterCategoryName": "Momentum", "parameterNumber": 2, "parameterNumberName": "V-component_of_wind", "parameterUnit": "m/s", "genProcessType": 2, "genProcessTypeName": "Forecast", "forecastTime": 0, "surface1Type": 103, "surface1TypeName": "Specified height level above ground", "surface1Value": 10, "surface2Type": 255, "surface2TypeName": "Missing", "surface2Value": 0, "gridDefinitionTemplate": 0, "gridDefinitionTemplateName": "Latitude_Longitude", "numberPoints": 65160, "shape": 6, "shapeName": "Earth spherical with radius of 6,371,229.0 m", "gridUnits": "degrees", "resolution": 48, "winds": "true", "scanMode": 0, "nx": 128.0, "ny": 64.0, "basicAngle": 0, "subDivisions": 0, "lo1": 0.0, "la1": 87.86379883923263, "lo2": 357.1875, "la2": -87.86379883923263, "dx": 2.8125, "dy": 2.7893269472772264}, "data":
[rows 0 to 18 of 64, columns 43 to 85 of 128]
0.9539707899093628,0.87784743309021,0.7976024150848389,0.7134166359901428,0.6254381537437439,0.5339298844337463,0.4389745593070984,0.34102922677993774,0.24047063291072845,0.13775020837783813,0.03323115035891533,-0.07258489727973938,-0.17922428250312805,-0.2862415909767151,-0.3931114971637726,-0.49958187341690063,-0.6049197912216187,-0.7086760997772217,-0.8104131817817688,-0.9097365140914917,-1.0063390731811523,-1.0998656749725342,-1.1900464296340942,-1.2768148183822632,-1.3598014116287231,-1.4388409852981567,-1.5137509107589722,-1.5844534635543823,-1.6508684158325195,-1.7128963470458984,-1.770445466041565,-1.823486328125,-1.8719549179077148,-1.9156086444854736,-1.9543025493621826,-1.987860083580017,-2.016162157058716,-2.0389883518218994,-2.056182861328125,-2.0674774646759033,-2.0727686882019043,-2.071890115737915,-2.064619779586792
1.4181782007217407,1.348738193511963,1.2682087421417236,1.1767916679382324,1.0744444131851196,0.961389422416687,0.8374792337417603,0.7035151720046997,0.5605860948562622,0.4099552035331726,0.2510354220867157,0.0868372991681099,-0.08085871487855911,-0.25069522857666016,-0.4237636923789978,-0.5941860675811768,-0.7597386240959167,-0.920802652835846,-1.0743595361709595,-1.216578483581543,-1.3464043140411377,-1.4641474485397339,-1.5676192045211792,-1.656806468963623,-1.7314224243164062,-1.7935129404067993,-1.8457101583480835,-1.889821171760559,-1.9273104667663574,-1.9612057209014893,-1.9934016466140747,-2.0257387161254883,-2.0597121715545654,-2.095496654510498,-2.133309841156006,-2.1727283000946045,-2.2126195430755615,-2.2517285346984863,-2.288215160369873,-2.319964647293091,-2.344841241836548,-2.3604578971862793,-2.365342617034912
1.4549734592437744,1.7134039402008057,1.2899140119552612,1.216909646987915,1.3528531789779663,1.2167892456054688,1.1194312572479248,0.9208744764328003,0.7595163583755493,0.5877496600151062,0.4010365307331085,0.14657211303710938,-0.04366154968738556,-0.278937429189682,-0.5098437666893005,-0.7674306631088257,-1.0341439247131348,-1.2939417362213135,-1.5488202571868896,-1.7833945751190186,-1.9857162237167358,-2.1501386165618896,-2.27297043800354,-2.3523976802825928,-2.391470432281494,-2.3926990032196045,-2.367007255554199,-2.192572832107544,-2.278419256210327,-2.274202823638916,-2.230724811553955,-2.064573287963867,-2.1839587688446045,-2.1912574768066406,-2.214507579803467,-2.0904626846313477,-2.0906403064727783,-2.1409997940063477,-2.400768280029297,-2.455557107925415,-2.497478723526001,-2.5206165313720703,-2.5218751430511475
1.3464604616165161,1.4155422449111938,1.0043723583221436,0.8847096562385559,0.8661112785339355,0.8353496789932251,0.7026301622390747,0.5944340229034424,0.506560742855072,0.423551470041275,0.2593434154987335,0.1476069688796997,0.030267905443906784,-0.1541045606136322,-0.3565368056297302,-0.5444079041481018,-1.0424426794052124,-1.4101148843765259,-1.7780691385269165,-2.1331119537353516,-2.441436767578125,-2.6834828853607178,-2.8467929363250732,-2.9267539978027344,-2.926628351211548,-2.8586418628692627,-2.74137544631958,-2.593282699584961,-2.4399404525756836,-2.3002331256866455,-2.191363573074341,-2.1233060359954834,-2.1017794609069824,-1.9396109580993652,-1.9540979862213135,-2.2659525871276855,-2.3564987182617188,-2.443572521209717,-2.5169272422790527,-2.5651509761810303,-2.580125331878662,-2.5587737560272217,-2.5005502700805664
1.2533602714538574,0.9600085020065308,0.6340532898902893,0.4186214804649353,0.24761052429676056,0.09357701987028122,0.008347837254405022,-0.01721888594329357,0.020309602841734886,0.07726384699344635,0.0965084433555603,0.09705602377653122,0.04994054511189461,-0.061645347625017166,-0.2557503581047058,-0.5170540809631348,-0.7863976359367371,-1.4438846111297607,-1.9035725593566895,-2.3291568756103516,-2.6847023963928223,-2.9417498111724854,-3.0853183269500732,-3.1069414615631104,-3.020153045654297,-2.8513615131378174,-2.6340200901031494,-2.4075498580932617,-2.2041029930114746,-2.0486416816711426,-1.957187294960022,-1.9328655004501343,-1.969061017036438,-1.7782772779464722,-1.8160054683685303,-2.2967987060546875,-2.405866861343384,-2.4874703884124756,-2.5278286933898926,-2.5187931060791016,-2.458162307739258,-2.350166082382202,-2.2035744190216064
1.0155842304229736,0.7551499009132385,0.47437259554862976,0.24064111709594727,0.09840235859155655,0.013922380283474922,0.014616760425269604,0.04668879881501198,0.10427068918943405,0.15722377598285675,0.17099493741989136,0.11583735048770905,-0.02568770758807659,-0.2549557089805603,-0.5687773823738098,-0.9513808488845825,-1.1509827375411987,-1.4552894830703735,-2.189483642578125,-2.5159177780151367,-2.749647378921509,-2.8818976879119873,-2.9034574031829834,-2.822629928588867,-2.6549534797668457,-2.4374024868011475,-2.21500563621521,-2.0251808166503906,-1.8914573192596436,-1.8217064142227173,-1.8115010261535645,-1.8466665744781494,-1.9111994504928589,-1.9886068105697632,-2.064622163772583,-2.1295530796051025,-2.1753427982330322,-2.1944353580474854,-2.180854082107544,-2.1291909217834473,-2.0365874767303467,-1.903812050819397,-1.7356005907058716
0.7311320304870605,0.5354481339454651,0.4379173219203949,0.3154488801956177,0.30689308047294617,0.3973310887813568,0.5625392198562622,0.6390857696533203,0.6468612551689148,0.592326283454895,0.4251825511455536,0.1208905577659607,-0.26209211349487305,-0.7086465954780579,-1.1376591920852661,-1.5151976346969604,-1.8275331258773804,-2.0654258728027344,-2.2219996452331543,-2.3072099685668945,-2.338444948196411,-2.324801445007324,-2.2366106510162354,-2.0981247425079346,-1.941023349761963,-1.8000036478042603,-1.7061235904693604,-1.674686312675476,-1.700023889541626,-1.7599989175796509,-1.8242943286895752,-1.8661879301071167,-1.8694382905960083,-1.832995891571045,-1.7690552473068237,-1.6965819597244263,-1.6327035427093506,-1.5864955186843872,-1.5555955171585083,-1.5282893180847168,-1.4873355627059937,-1.4160007238388062,-1.3030942678451538
0.6492195129394531,0.5185730457305908,0.5181140899658203,0.5678936243057251,0.720025360584259,0.9494484066963196,1.153887152671814,1.0928150415420532,0.9242947697639465,0.6901950836181641,0.3090503513813019,-0.25564518570899963,-0.7125380039215088,-1.4488792419433594,-1.7876468896865845,-1.9193875789642334,-1.899879813194275,-1.7953531742095947,-1.6694854497909546,-1.5648080110549927,-1.4999439716339111,-1.4483281373977661,-1.3850486278533936,-1.309400200843811,-1.2366816997528076,-1.1930816173553467,-1.2009414434432983,-1.264751672744751,-1.3720431327819824,-1.4820542335510254,-1.5536270141601562,-1.5631390810012817,-1.5076699256896973,-1.4003223180770874,-1.2704265117645264,-1.1481342315673828,-1.0558395385742188,-1.0018082857131958,-0.9796953797340393,-0.9715505242347717,-0.9547802805900574,-0.9096450209617615,-0.8244262337684631
0.8330979347229004,0.9891402721405029,1.1238702535629272,1.2022477388381958,1.3122692108154297,1.449958324432373,1.3430010080337524,1.115221619606018,0.804608941078186,0.33247146010398865,-0.30221909284591675,-0.8069058656692505,-1.6805987358093262,-1.9494595527648926,-1.927585482597351,-1.6890770196914673,-1.3627475500106812,-1.0659345388412476,-0.8759034872055054,-0.8096730709075928,-0.8315770626068115,-0.8819617033004761,-0.9079940915107727,-0.885407567024231,-0.8266589641571045,-0.7669824957847595,-0.7391385436058044,-0.6568565368652344,-0.8216869831085205,-0.8783878087997437,-0.9095887541770935,-0.8980900645256042,-0.8488051891326904,-0.7788236141204834,-0.7050606608390808,-0.6380298137664795,-0.580018162727356,-0.5301920771598816,-0.4855547547340393,-0.44054386019706726,-0.3861326575279236,-0.312183678150177,-0.21276026964187622
1.281394600868225,1.4736500978469849,1.5477410554885864,1.6172181367874146,1.4908894300460815,1.4190853834152222,1.3335105180740356,0.9797929525375366,0.4968344569206238,-0.15184208750724792,-0.6813421249389648,-1.5195057392120361,-1.7228503227233887,-1.5777472257614136,-1.2065016031265259,-0.7921708822250366,-0.4724728763103485,-0.3088114857673645,-0.2886826992034912,-0.35687991976737976,-0.4499194920063019,-0.5160923600196838,-0.5274654626846313,-0.482315331697464,-0.40323248505592346,-0.3276250660419464,-0.29099899530410767,-0.2990416884422302,-0.329261839389801,-0.35290685296058655,-0.34661176800727844,-0.31105464696884155,-0.2633120119571686,-0.21939508616924286,-0.1800869107246399,-0.13198977708816528,-0.06183639541268349,0.0278953667730093,0.1188320517539978,0.1896541863679886,0.23443984985351562,0.27195075154304504,0.33150121569633484
1.84886634349823,1.6217360496520996,1.3931893110275269,1.2348016500473022,0.9799088835716248,0.8085625767707825,0.7476285099983215,0.5335429310798645,0.0896095260977745,-0.31836745142936707,-0.7152338027954102,-1.3065589666366577,-1.1800531148910522,-0.7350598573684692,-0.2312605381011963,0.10047093033790588,0.1889307200908661,0.11195297539234161,0.007879385724663734,-0.03057570569217205,0.0024799155071377754,0.06290695071220398,0.11319372057914734,0.1457134634256363,0.1662982851266861,0.17045637965202332,0.14615240693092346,0.09582240879535675,0.04497452825307846,0.026826215907931328,0.05684291198849678,0.12185348570346832,0.19292373955249786,0.25193262100219727,0.3025987446308136,0.36441677808761597,0.452980101108551,0.5648285746574402,0.6732802987098694,0.7433823943138123,0.7578197121620178,0.7388572096824646,0.7409772276878357
1.4762897491455078,1.1534911394119263,0.7657172083854675,0.18470433354377747,-0.1690741330385208,-0.2353302389383316,-0.04407993704080582,0.19879114627838135,0.17942683398723602,-0.07440128177404404,-0.3649866282939911,-0.8292962312698364,-0.6479608416557312,-0.14124616980552673,0.36339065432548523,0.60292649269104,0.5523337125778198,0.39332523941993713,0.33168911933898926,0.4301203191280365,0.593477725982666,0.6888949871063232,0.6719751358032227,0.5979747176170349,0.5387323498725891,0.5165016055107117,0.5056684017181396,0.4839828908443451,0.46215489506721497,0.4643576741218567,0.4968551993370056,0.5445066690444946,0.5919824838638306,0.6379300951957703,0.6868921518325806,0.7374275326728821,0.7864421010017395,0.8408695459365845,0.912206768989563,0.99726402759552,1.071925401687622,1.1162397861480713,1.1459920406341553
0.8743265271186829,0.5093139410018921,-0.04989191144704819,-0.5809444785118103,-0.9318640828132629,-0.7325286269187927,0.05751359090209007,0.7133616805076599,0.8327991366386414,0.7262214422225952,0.14532557129859924,-0.4089200496673584,-0.3857485353946686,0.07449489086866379,0.6019696593284607,0.8841198086738586,0.8742371201515198,0.7701292634010315,0.7803650498390198,0.9256131649017334,1.061155915260315,1.0575076341629028,0.9323527812957764,0.8083332777023315,0.7745897769927979,0.8108702301979065,0.8435538411140442,0.8387378454208374,0.8239632844924927,0.8283773064613342,0.8400309681892395,0.8350099325180054,0.8243309855461121,0.8511222004890442,0.9317581653594971,1.0241471529006958,1.0674902200698853,1.0562444925308228,1.0524848699569702,1.1200958490371704,1.2537590265274048,1.3859742879867554,1.465340495109558
0.32979223132133484,0.16193537414073944,-0.06004500389099121,-0.3399490714073181,-0.37400588393211365,0.27117377519607544,1.2242836952209473,1.6643010377883911,1.4096421003341675,0.9897047281265259,0.1599348485469818,-0.47366470098495483,-0.4811209738254547,-0.006163378711789846,0.5542010068893433,0.8987849354743958,0.9800819158554077,0.962732195854187,1.0180635452270508,1.153763771057129,1.2459169626235962,1.216760277748108,1.126025676727295,1.0863884687423706,1.12502920627594,1.1647807359695435,1.128641128540039,1.0377949476242065,0.9771984219551086,0.9889154434204102,1.0257270336151123,1.0229098796844482,0.9914638996124268,1.0098416805267334,1.123792052268982,1.2800575494766235,1.378279209136963,1.3781774044036865,1.3377070426940918,1.3471006155014038,1.4325987100601196,1.5405701398849487,1.6095227003097534
0.2680598497390747,0.4208776652812958,0.4630727767944336,0.41255995631217957,0.6298192739486694,1.2170236110687256,1.6921175718307495,1.52535879611969,0.9591334462165833,0.27433526515960693,-0.25786322355270386,-0.8011783957481384,-0.5079408288002014,0.07527951151132584,0.5977644324302673,0.92043137550354,1.047804832458496,1.1119440793991089,1.2085193395614624,1.3315144777297974,1.40333890914917,1.3910804986953735,1.3460524082183838,1.3313477039337158,1.3392786979675293,1.3099563121795654,1.2143440246582031,1.102613925933838,1.0562446117401123,1.1023423671722412,1.1856821775436401,1.2332422733306885,1.2333784103393555,1.240305781364441,1.3008657693862915,1.4029333591461182,1.4969059228897095,1.5528044700622559,1.5767713785171509,1.5930083990097046,1.620478630065918,1.6604585647583008,1.7032935619354248
0.48457372188568115,0.6027604937553406,0.5297679901123047,0.4405122399330139,0.5600764751434326,0.9484502673149109,0.8579385876655579,0.4889634847640991,-0.0886295959353447,-0.6757044792175293,-0.6465463042259216,-0.17109693586826324,0.4506535530090332,0.89296954870224,1.1553198099136353,1.3473538160324097,1.5152350664138794,1.647449016571045,1.7343578338623047,1.7664260864257812,1.7350906133651733,1.6522821187973022,1.5465962886810303,1.4363183975219727,1.332242488861084,1.2546446323394775,1.2154006958007812,1.1967824697494507,1.1798597574234009,1.1737253665924072,1.1965105533599854,1.2483344078063965,1.312949538230896,1.3709664344787598,1.4020699262619019,1.4059051275253296,1.4217579364776611,1.489013671875,1.5850697755813599,1.6455953121185303,1.652857780456543,1.6560171842575073,1.6911696195602417
0.2615884840488434,0.044219717383384705,-0.09501305967569351,-0.04505700618028641,0.11915481835603714,0.24496781826019287,0.11887487024068832,-0.15956515073776245,-0.5346220135688782,-0.36719852685928345,0.2829659879207611,1.0355027914047241,1.5087450742721558,1.6853574514389038,1.7973402738571167,1.9613614082336426,2.1118106842041016,2.1749653816223145,2.147953987121582,2.0478291511535645,1.9057797193527222,1.773810625076294,1.6651785373687744,1.536288857460022,1.3804597854614258,1.2724226713180542,1.252406120300293,1.2463288307189941,1.175366997718811,1.066895604133606,1.0034672021865845,1.0208888053894043,1.105649709701538,1.2214713096618652,1.306483268737793,1.310422420501709,1.2724989652633667,1.2825536727905273,1.3457493782043457,1.3775650262832642,1.3512715101242065,1.342191219329834,1.3891531229019165
-0.1850741058588028,-0.4491111636161804,-0.42352524399757385,-0.10666172951459885,0.11750972270965576,0.11827510595321655,-0.0040052663534879684,-0.14901602268218994,0.03381362929940224,0.5908949375152588,1.2950387001037598,1.7737088203430176,1.8935309648513794,1.8868438005447388,1.969970703125,2.0814707279205322,2.0868053436279297,2.0143630504608154,1.9368700981140137,1.8308173418045044,1.6786407232284546,1.5617958307266235,1.515565276145935,1.4464452266693115,1.2964766025543213,1.1455844640731812,1.056694507598877,0.9714674353599548,0.8572506308555603,0.7920644879341125,0.8124496340751648,0.8353676199913025,0.8181646466255188,0.8331735730171204,0.9061387777328491,0.9457916021347046,0.9120698571205139,0.8859378695487976,0.9082236289978027,0.9111207723617554,0.8699283599853516,0.8656906485557556,0.9274933338165283
-0.23908299207687378,-0.2427816241979599,0.08159571886062622,0.4420989751815796,0.5019835829734802,0.26940515637397766,0.0593896210193634,0.08888767659664154,0.400616317987442,0.8935142159461975,1.3310332298278809,1.487924575805664,1.4427136182785034,1.4661279916763306,1.6141122579574585,1.6763709783554077,1.5716928243637085,1.4690589904785156,1.45913565158844,1.4159830808639526,1.260240912437439,1.0986523628234863,1.0078688859939575,0.9085845351219177,0.7489818930625916,0.6073322296142578,0.5167765021324158,0.4036872982978821,0.28675296902656555,0.30415189266204834,0.44699326157569885,0.5073472857475281,0.40520596504211426,0.30909520387649536,0.33806902170181274,0.39243242144584656,0.38741135597229004,0.3954106271266937,0.46304041147232056,0.5101580619812012,0.49281683564186096,0.47746384143829346,0.49441349506378174
