earth/public/data/atmosphere/C53/ANN-temp-isobaric-1000hPa-gfs-1.0.json
{"header": {"discipline": 0, "disciplineName": "Meteorological products", "gribEdition": 2, "gribLength": 17922.0, "center": 0, "centerName": "Kiel Climate Model", "subcenter": 0, "refTime": "1", "significanceOfRT": 1, "significanceOfRTName": "Start of forecast", "productStatus": 0, "productStatusName": "Operational products", "productType": 1, "productTypeName": "Forecast products", "productDefinitionTemplate": 0, "productDefinitionTemplateName": "Analysis/forecast at horizontal level/layer at a point in time", "parameterCategory": 2, "parameterCategoryName": "Momentum", "parameterNumber": 2, "parameterNumberName": "U-component_of_wind", "parameterUnit": "K", "genProcessType": 2, "genProcessTypeName": "Forecast", "forecastTime": 0, "surface1Type": 103, "surface1TypeName": "Specified height level above ground", "surface1Value": 10, "surface2Type": 255, "surface2TypeName": "Missing", "surface2Value": 0, "gridDefinitionTemplate": 0, "gridDefinitionTemplateName": "Latitude_Longitude", "numberPoints": 65160, "shape": 6, "shapeName": "Earth spherical with radius of 6,371,229.0 m", "gridUnits": "degrees", "resolution": 48, "winds": "true", "scanMode": 0, "nx": 128.0, "ny": 64.0, "basicAngle": 0, "subDivisions": 0, "lo1": 0.0, "la1": 87.86379883923263, "lo2": 357.1875, "la2": -87.86379883923263, "dx": 2.8125, "dy": 2.7893269472772264}, "data":
[rows 20 to 39 of 64, columns 44 to 87 of 128]
301.3026428222656,300.22802734375,298.97998046875,298.5491638183594,298.9454345703125,299.3490905761719,299.40625,299.2586975097656,299.05908203125,298.9988708496094,299.124267578125,299.19964599609375,299.1733093261719,299.2207336425781,299.2497253417969,299.0965881347656,298.93359375,298.876220703125,298.7645263671875,298.6094970703125,298.5240783691406,298.35693359375,298.0934143066406,298.0557861328125,298.19384765625,298.0703125,297.7669982910156,297.726806640625,297.82012939453125,297.68701171875,297.55120849609375,297.68194580078125,297.76788330078125,297.59796142578125,297.46240234375,297.4410400390625,297.2783508300781,297.04644775390625,296.9914855957031,296.9718017578125,296.80450439453125,296.64569091796875,296.5545654296875,296.37359619140625
302.82000732421875,301.8484802246094,301.05670166015625,300.9621276855469,300.9441223144531,300.46649169921875,300.0944519042969,300.1668395996094,300.2851867675781,300.3768615722656,300.6005554199219,300.738037109375,300.7284240722656,300.7568359375,300.64202880859375,300.3062744140625,300.1827392578125,300.2717590332031,300.05975341796875,299.6822509765625,299.6335754394531,299.6666259765625,299.41851806640625,299.2276916503906,299.2727355957031,299.1777038574219,298.9944152832031,299.1197814941406,299.280517578125,299.0474853515625,298.8093566894531,298.95721435546875,299.05255126953125,298.79583740234375,298.6072692871094,298.6363830566406,298.5074462890625,298.23046875,298.125244140625,298.0725402832031,297.84539794921875,297.6178283691406,297.5001220703125,297.32977294921875
305.3987731933594,304.35772705078125,303.1966552734375,302.6103515625,302.091552734375,301.44439697265625,301.3838195800781,301.7755126953125,301.8794250488281,301.90814208984375,302.12420654296875,302.0125732421875,301.6398010253906,301.60833740234375,301.6332092285156,301.30413818359375,301.1039123535156,301.1773681640625,300.9722595214844,300.62701416015625,300.67578125,300.7958068847656,300.55987548828125,300.3500061035156,300.4159851074219,300.40765380859375,300.2906494140625,300.3513488769531,300.4105224609375,300.2155456542969,300.0624694824219,300.1250305175781,300.0391845703125,299.75384521484375,299.7061767578125,299.866455078125,299.7789611816406,299.493408203125,299.35321044921875,299.25457763671875,299.0135498046875,298.8147277832031,298.72662353515625,298.5511779785156
307.41986083984375,305.7353515625,303.7435302734375,302.7159729003906,302.4393005371094,302.595458984375,303.2751770019531,303.671875,303.220947265625,302.9119873046875,303.14984130859375,302.9677429199219,302.4347229003906,302.47686767578125,302.70404052734375,302.39654541015625,302.0311279296875,301.99462890625,301.9254455566406,301.7966003417969,301.7895812988281,301.7013244628906,301.5343322753906,301.5799865722656,301.7326965332031,301.7217102050781,301.6135559082031,301.51739501953125,301.41217041015625,301.3755798339844,301.4401550292969,301.42230224609375,301.26727294921875,301.20867919921875,301.3111877441406,301.2809143066406,300.9906921386719,300.71697998046875,300.6101379394531,300.4804992675781,300.28424072265625,300.21087646484375,300.2240295410156,300.101806640625
307.9619445800781,306.0386962890625,304.02197265625,303.2748718261719,303.4329833984375,303.8705749511719,304.5182189941406,304.6925048828125,304.1009521484375,303.87451171875,304.31036376953125,304.33123779296875,303.962646484375,303.9884033203125,304.04241943359375,303.6898498535156,303.39007568359375,303.30853271484375,303.23919677734375,303.21014404296875,303.0663146972656,302.7688903808594,302.78179931640625,303.030517578125,302.93951416015625,302.7095031738281,302.7545166015625,302.75311279296875,302.6003112792969,302.7020568847656,302.88043212890625,302.7139892578125,302.5422668457031,302.70989990234375,302.7627258300781,302.3765563964844,302.0002746582031,301.9758605957031,302.01226806640625,301.8680114746094,301.7138366699219,301.67144775390625,301.64129638671875,301.54998779296875
307.8017883300781,306.482666015625,305.2012023925781,305.12188720703125,305.5013732910156,305.39013671875,305.268310546875,305.3669738769531,305.3227233886719,305.3973388671875,305.6253967285156,305.50390625,305.26239013671875,305.1975402832031,304.946533203125,304.6890869140625,304.77838134765625,304.7290344238281,304.4581604003906,304.4333190917969,304.3533935546875,304.10546875,304.30279541015625,304.5482177734375,304.1122131347656,303.76068115234375,304.0643615722656,304.18328857421875,303.9425964355469,304.0342102050781,304.1728210449219,303.8529052734375,303.63330078125,303.81549072265625,303.75726318359375,303.3502502441406,303.25323486328125,303.5061950683594,303.5587158203125,303.4042053222656,303.3560485839844,303.28338623046875,303.06304931640625,302.9222106933594
307.8028259277344,307.0416259765625,306.12261962890625,306.45953369140625,307.1687927246094,306.7816467285156,306.1148681640625,306.1759033203125,306.4468688964844,306.4967041015625,306.349365234375,306.0458068847656,305.9579162597656,306.0118408203125,305.7325439453125,305.58319091796875,305.8774108886719,305.8162536621094,305.4322509765625,305.4764404296875,305.5389709472656,305.3179016113281,305.4292907714844,305.55316162109375,305.1377258300781,304.9761657714844,305.33306884765625,305.2944030761719,304.95843505859375,305.0344543457031,305.13763427734375,304.8797302246094,304.7379150390625,304.8165588378906,304.70574951171875,304.5108642578125,304.5706481933594,304.671630859375,304.5197448730469,304.38226318359375,304.4736022949219,304.45233154296875,304.22052001953125,304.1457214355469
308.1343994140625,307.5849609375,306.5035095214844,306.70648193359375,307.4986572265625,307.2160949707031,306.64080810546875,306.6759948730469,306.65234375,306.5148620605469,306.6376953125,306.6729431152344,306.66485595703125,306.8006286621094,306.65399169921875,306.3957824707031,306.468994140625,306.4433288574219,306.23834228515625,306.30108642578125,306.29290771484375,305.99810791015625,305.89678955078125,305.8655090332031,305.6557922363281,305.65643310546875,305.74383544921875,305.5220031738281,305.3768310546875,305.48480224609375,305.4412536621094,305.316650390625,305.3182067871094,305.2543640136719,305.1369323730469,305.0948181152344,304.9978332519531,304.8241271972656,304.6872863769531,304.6147155761719,304.608154296875,304.5804443359375,304.51922607421875,304.5742492675781
308.3550720214844,308.0835266113281,307.11724853515625,307.0734558105469,307.5071716308594,307.3934020996094,307.5342712402344,307.829833984375,307.1477355957031,306.462158203125,306.8427734375,307.1236877441406,306.8262939453125,306.8187561035156,306.865966796875,306.5157470703125,306.34088134765625,306.4848327636719,306.4860534667969,306.2920227050781,306.0744323730469,305.9635314941406,305.9368896484375,305.7893981933594,305.6409606933594,305.6143493652344,305.42352294921875,305.239990234375,305.3786315917969,305.3291320800781,304.9571838378906,304.8758544921875,304.90570068359375,304.68316650390625,304.6484375,304.73004150390625,304.47705078125,304.3256530761719,304.4928283691406,304.4170227050781,304.13189697265625,304.05859375,304.09222412109375,304.06298828125
308.0289306640625,307.8907470703125,307.4421081542969,307.6090087890625,307.9898681640625,308.3059387207031,309.2640686035156,309.7661437988281,308.32879638671875,306.7066955566406,306.637939453125,306.7423400878906,306.24957275390625,306.2298583984375,306.45574951171875,306.11444091796875,305.8381042480469,306.042724609375,305.99383544921875,305.47259521484375,305.16766357421875,305.3463134765625,305.4276123046875,305.13519287109375,304.9730529785156,304.9996337890625,304.8063049316406,304.6991271972656,304.8025207519531,304.48114013671875,304.0268249511719,304.0989685058594,304.0731506347656,303.7134094238281,303.7615966796875,303.8672790527344,303.5060729980469,303.4127197265625,303.63677978515625,303.4234619140625,303.13153076171875,303.2093505859375,303.18157958984375,302.9574890136719
307.6272888183594,307.37957763671875,307.2560119628906,307.61224365234375,308.0904235839844,308.5531005859375,309.34918212890625,309.4988708496094,307.99725341796875,306.37152099609375,306.0880126953125,306.1603698730469,305.8896484375,305.8839416503906,305.92041015625,305.5054931640625,305.1886901855469,305.23388671875,305.0757141113281,304.63909912109375,304.45416259765625,304.547607421875,304.3785095214844,303.9391784667969,303.8081970214844,303.920654296875,303.81085205078125,303.67041015625,303.5709533691406,303.2040100097656,303.00689697265625,303.2283020019531,303.1061706542969,302.69378662109375,302.68365478515625,302.6301574707031,302.2565612792969,302.1839294433594,302.17474365234375,301.84832763671875,301.8099060058594,301.9622497558594,301.67596435546875,301.4142150878906
307.6643981933594,307.5749816894531,307.3756103515625,307.2352294921875,307.2140197753906,307.0940856933594,306.91131591796875,306.6585388183594,306.1683349609375,305.77587890625,305.8055419921875,305.8763427734375,305.6894226074219,305.3927307128906,305.0567932128906,304.7476501464844,304.5658264160156,304.4070739746094,304.2499694824219,304.2001037597656,304.14111328125,303.9079284667969,303.5525817871094,303.2687683105469,303.1871032714844,303.1441955566406,302.9742736816406,302.83544921875,302.72003173828125,302.473876953125,302.3393249511719,302.3616638183594,302.17742919921875,301.9127502441406,301.7862243652344,301.5665588378906,301.4083251953125,301.4772033691406,301.2927551269531,300.9697265625,300.99932861328125,300.8468322753906,300.3043518066406,300.1941833496094
307.677978515625,307.83489990234375,307.4700012207031,306.8489990234375,306.4515686035156,306.0598449707031,305.531982421875,305.4024353027344,305.7764892578125,306.02484130859375,305.913330078125,305.72723388671875,305.4633483886719,305.0174865722656,304.72918701171875,304.791015625,304.751953125,304.40997314453125,304.23638916015625,304.3164367675781,304.15771484375,303.77496337890625,303.6186828613281,303.6558837890625,303.554931640625,303.3044128417969,303.1187438964844,303.0853576660156,303.05755615234375,302.86480712890625,302.5579833984375,302.316650390625,302.2423095703125,302.2081298828125,301.964111328125,301.6685791015625,301.68646240234375,301.721435546875,301.4188232421875,301.1888427734375,301.1041259765625,300.7058410644531,300.35125732421875,300.439208984375
307.4922180175781,307.4566650390625,307.11968994140625,306.8471984863281,306.8782043457031,306.88720703125,306.71600341796875,306.76092529296875,306.9334411621094,306.66387939453125,306.1715087890625,306.024169921875,305.97955322265625,305.7583312988281,305.7178039550781,305.84063720703125,305.6407775878906,305.2612609863281,305.14263916015625,305.0716552734375,304.7643127441406,304.52337646484375,304.5403747558594,304.50787353515625,304.283447265625,304.1024475097656,304.0696716308594,304.0508728027344,303.9710693359375,303.8110656738281,303.5460205078125,303.35150146484375,303.3861083984375,303.3288269042969,302.9512634277344,302.6981201171875,302.71417236328125,302.5111999511719,302.2007141113281,302.169677734375,302.02301025390625,301.7049560546875,301.76904296875,301.80255126953125
307.5022888183594,307.2494812011719,307.1147766113281,307.35565185546875,307.6726989746094,307.7039794921875,307.5467529296875,307.48162841796875,307.3135070800781,306.8537902832031,306.5980224609375,306.773193359375,306.834228515625,306.6684875488281,306.62689208984375,306.5101623535156,306.1796875,306.0655212402344,306.1119384765625,305.8878479003906,305.6606750488281,305.7446594238281,305.7209777832031,305.3717041015625,305.1230773925781,305.15814208984375,305.169677734375,304.99591064453125,304.81304931640625,304.7239990234375,304.616943359375,304.5054626464844,304.4507141113281,304.2375183105469,303.8893127441406,303.8142395019531,303.8494567871094,303.6099853515625,303.4798583984375,303.5523986816406,303.29180908203125,303.0562744140625,303.1944274902344,302.8789978027344
307.2930908203125,307.2020568847656,307.18505859375,307.3306579589844,307.3683166503906,307.15673828125,306.8992004394531,306.8479309082031,306.8899230957031,306.87255859375,306.9659729003906,307.0689697265625,306.8522033691406,306.59375,306.5972900390625,306.5291748046875,306.3946838378906,306.520263671875,306.5165710449219,306.1630859375,306.1068115234375,306.372802734375,306.261474609375,305.924072265625,305.9180908203125,306.005126953125,305.827880859375,305.5830993652344,305.4761657714844,305.4149169921875,305.2680358886719,305.0846862792969,304.9839172363281,304.8856506347656,304.73529052734375,304.6803283691406,304.63665771484375,304.4720764160156,304.3675537109375,304.2060241699219,303.8329772949219,303.72015380859375,303.7314147949219,303.2131652832031
306.345947265625,306.3841857910156,306.3272705078125,306.19049072265625,306.15802001953125,306.24591064453125,306.2749328613281,306.31353759765625,306.4488525390625,306.5322570800781,306.52752685546875,306.4443359375,306.24578857421875,306.16595458984375,306.3204650878906,306.410400390625,306.4068298339844,306.442626953125,306.2800598144531,306.0185852050781,306.0860290527344,306.1681823730469,305.9099426269531,305.8302001953125,306.0696716308594,306.0179443359375,305.7029724121094,305.612548828125,305.6485595703125,305.5501403808594,305.3682556152344,305.20416259765625,305.1707763671875,305.2357177734375,305.1216125488281,304.80584716796875,304.56219482421875,304.4149169921875,304.1347961425781,303.7013854980469,303.4898681640625,303.63812255859375,303.529052734375,303.0434875488281
304.9920654296875,304.98992919921875,305.019775390625,304.9397888183594,305.0502624511719,305.3655700683594,305.4621887207031,305.3526306152344,305.300537109375,305.23785400390625,305.1812744140625,305.2965087890625,305.4509582519531,305.5043029785156,305.5408935546875,305.55810546875,305.5142822265625,305.4467468261719,305.40447998046875,305.5243835449219,305.7165832519531,305.5740051269531,305.2547912597656,305.327880859375,305.52972412109375,305.3490295410156,305.1540222167969,305.22454833984375,305.18109130859375,305.0332336425781,305.046142578125,305.004638671875,304.8264465332031,304.7166748046875,304.5038146972656,304.0999755859375,303.8974304199219,303.892333984375,303.62677001953125,303.23699951171875,303.2337341308594,303.32122802734375,302.87493896484375,302.3672180175781
303.4278869628906,303.4593811035156,303.7181396484375,303.82489013671875,303.81634521484375,303.7955322265625,303.65081787109375,303.5257873535156,303.5780029296875,303.6353454589844,303.705322265625,303.93804931640625,304.102294921875,304.0114440917969,303.92144775390625,303.9860534667969,304.0470275878906,304.04962158203125,304.13226318359375,304.34832763671875,304.4937744140625,304.40216064453125,304.3236999511719,304.4461364746094,304.45501708984375,304.297607421875,304.35302734375,304.44000244140625,304.1951904296875,304.0552673339844,304.2772216796875,304.24798583984375,303.82464599609375,303.5663757324219,303.4859313964844,303.3056335449219,303.23321533203125,303.3071594238281,303.1796569824219,302.945068359375,302.8667907714844,302.5932312011719,301.93011474609375,301.53204345703125
301.81982421875,301.82550048828125,302.0535583496094,302.15252685546875,302.0260009765625,301.86639404296875,301.81072998046875,301.934814453125,302.1455383300781,302.23504638671875,302.2468566894531,302.29986572265625,302.2773132324219,302.1886901855469,302.2657470703125,302.4797668457031,302.60791015625,302.6332702636719,302.6211242675781,302.55450439453125,302.4836120605469,302.5283203125,302.6842041015625,302.76129150390625,302.6606140136719,302.6316833496094,302.82183837890625,302.86907958984375,302.635498046875,302.59173583984375,302.7862243652344,302.6772155761719,302.3389587402344,302.321533203125,302.4909362792969,302.4097595214844,302.2144775390625,302.1432189941406,302.0675964355469,301.9092712402344,301.7183532714844,301.4268493652344,301.1154479980469,301.0461120605469
