earth/public/data/atmosphere/C53/ANN-rh-isobaric-500hPa-gfs-1.0.json
{"header": {"discipline": 0, "disciplineName": "Meteorological products", "gribEdition": 2, "gribLength": 17922.0, "center": 0, "centerName": "Kiel Climate Model", "subcenter": 0, "refTime": "1", "significanceOfRT": 1, "significanceOfRTName": "Start of forecast", "productStatus": 0, "productStatusName": "Operational products", "productType": 1, "productTypeName": "Forecast products", "productDefinitionTemplate": 0, "productDefinitionTemplateName": "Analysis/forecast at horizontal level/layer at a point in time", "parameterCategory": 2, "parameterCategoryName": "Momentum", "parameterNumber": 2, "parameterNumberName": "U-component_of_wind", "parameterUnit": "%", "genProcessType": 2, "genProcessTypeName": "Forecast", "forecastTime": 0, "surface1Type": 103, "surface1TypeName": "Specified height level above ground", "surface1Value": 10, "surface2Type": 255, "surface2TypeName": "Missing", "surface2Value": 0, "gridDefinitionTemplate": 0, "gridDefinitionTemplateName": "Latitude_Longitude", "numberPoints": 65160, "shape": 6, "shapeName": "Earth spherical with radius of 6,371,229.0 m", "gridUnits": "degrees", "resolution": 48, "winds": "true", "scanMode": 0, "nx": 128.0, "ny": 64.0, "basicAngle": 0, "subDivisions": 0, "lo1": 0.0, "la1": 87.86379883923263, "lo2": 357.1875, "la2": -87.86379883923263, "dx": 2.8125, "dy": 2.7893269472772264}, "data":
[rows 0 to 18 of 64, columns 0 to 42 of 128]
0.7771502137184143,0.7767189741134644,0.7762832045555115,0.7758437991142273,0.7754029035568237,0.7749617695808411,0.7745220065116882,0.774084746837616,0.7736517190933228,0.7732245922088623,0.7728042602539062,0.7723924517631531,0.7719905376434326,0.7715994119644165,0.7712205648422241,0.7708541750907898,0.7705018520355225,0.7701642513275146,0.7698414921760559,0.7695345282554626,0.7692438364028931,0.7689695358276367,0.7687117457389832,0.7684710025787354,0.7682476043701172,0.7680410742759705,0.767852246761322,0.7676805853843689,0.7675271034240723,0.7673909664154053,0.7672730684280396,0.767173171043396,0.7670923471450806,0.7670300602912903,0.7669872045516968,0.7669644355773926,0.7669615745544434,0.7669795155525208,0.7670190334320068,0.7670801281929016,0.7671637535095215,0.7672702074050903,0.7674002051353455
0.7503889799118042,0.749871551990509,0.7493249177932739,0.748752236366272,0.7481593489646912,0.7475515604019165,0.7469353675842285,0.7463167309761047,0.7457022070884705,0.7450973391532898,0.7445083260536194,0.7439393401145935,0.7433948516845703,0.7428774833679199,0.7423896193504333,0.7419323921203613,0.7415059208869934,0.7411099076271057,0.7407418489456177,0.7403994798660278,0.7400791645050049,0.7397773265838623,0.7394900321960449,0.7392124533653259,0.7389408946037292,0.7386714816093445,0.7384008169174194,0.7381271719932556,0.7378488183021545,0.7375654578208923,0.7372785806655884,0.7369899153709412,0.7367030382156372,0.7364212274551392,0.7361493706703186,0.735892117023468,0.7356545925140381,0.7354407906532288,0.7352553606033325,0.7351017594337463,0.7349823713302612,0.7348997592926025,0.734855055809021
0.7424189448356628,0.7421973347663879,0.7419226765632629,0.7416031360626221,0.741248607635498,0.7408698201179504,0.7404756546020508,0.7400739789009094,0.7396710515022278,0.7392699122428894,0.7388719320297241,0.7384760975837708,0.7380808591842651,0.7376837134361267,0.7372824549674988,0.7368747591972351,0.7364599108695984,0.7360374927520752,0.7356075644493103,0.735170304775238,0.7347252368927002,0.734270453453064,0.7338023781776428,0.7333166599273682,0.732807457447052,0.7322701215744019,0.7317002415657043,0.7310968637466431,0.7304641008377075,0.7298101186752319,0.7291497588157654,0.7285027503967285,0.7278931736946106,0.7273479700088501,0.7268935441970825,0.726553201675415,0.7263454794883728,0.7262802720069885,0.7263582348823547,0.7265707850456238,0.7269001007080078,0.7273207306861877,0.727803647518158
0.745171308517456,0.7450305819511414,0.7448421716690063,0.7446264028549194,0.7444021105766296,0.7441830635070801,0.7439788579940796,0.7437926530838013,0.7436201572418213,0.743449330329895,0.7432600259780884,0.7430260181427002,0.7427172660827637,0.7423046231269836,0.7417637705802917,0.7410809993743896,0.7402551770210266,0.7393004894256592,0.738241970539093,0.7371152639389038,0.7359572052955627,0.7348016500473022,0.7336727976799011,0.7325815558433533,0.7315263748168945,0.7304952144622803,0.7294712066650391,0.7284407615661621,0.7274000644683838,0.7263625860214233,0.7253609895706177,0.7244489192962646,0.7236968278884888,0.7231855392456055,0.7229964137077332,0.7231987118721008,0.7238389253616333,0.7249278426170349,0.7264338135719299,0.7282786965370178,0.7303414344787598,0.7324706315994263,0.7345000505447388
0.7390077710151672,0.73879474401474,0.738571047782898,0.7383145093917847,0.7380064129829407,0.737642228603363,0.7372353672981262,0.7368133068084717,0.736409068107605,0.7360485196113586,0.7357395887374878,0.7354642748832703,0.7351787686347961,0.7348212599754333,0.7343232035636902,0.7336291074752808,0.7327118515968323,0.7315826416015625,0.7302954196929932,0.7289360165596008,0.7276036143302917,0.7263877987861633,0.7253438234329224,0.7244828343391418,0.723768413066864,0.7231305837631226,0.7224880456924438,0.7217731475830078,0.7209519743919373,0.7200365662574768,0.7190831899642944,0.7181874513626099,0.7174692153930664,0.7170612812042236,0.717097818851471,0.7177004814147949,0.7189623117446899,0.7209263443946838,0.7235590815544128,0.7267273664474487,0.7301862835884094,0.7335891723632812,0.7365224361419678
0.7283493280410767,0.7286921739578247,0.7290308475494385,0.7292078733444214,0.7291219830513,0.7287465333938599,0.7281262874603271,0.7273536920547485,0.7265422344207764,0.7257996797561646,0.7252097725868225,0.7248197197914124,0.7246313095092773,0.7245967984199524,0.7246251702308655,0.7246008515357971,0.7244162559509277,0.724013090133667,0.723414421081543,0.7227280139923096,0.7221184372901917,0.7217456102371216,0.7216970324516296,0.7219414114952087,0.7223252058029175,0.7226188778877258,0.7225988507270813,0.7221294045448303,0.7212125062942505,0.7199832797050476,0.7186591625213623,0.7174588441848755,0.7165364027023315,0.7159534692764282,0.7157033681869507,0.7157680988311768,0.7161739468574524,0.7170116901397705,0.7184006571769714,0.7204030752182007,0.7229239344596863,0.7256428003311157,0.7280216217041016
0.7243167757987976,0.7251566052436829,0.7258292436599731,0.7261908650398254,0.7262529134750366,0.7261370420455933,0.7259824872016907,0.7258580923080444,0.7257292866706848,0.7254959940910339,0.7250841856002808,0.7245274186134338,0.7239850759506226,0.7236743569374084,0.7237445116043091,0.7241687774658203,0.7247243523597717,0.7250850796699524,0.7249906659126282,0.7243968844413757,0.723522424697876,0.722754955291748,0.7224506735801697,0.7227363586425781,0.7234118580818176,0.7240175008773804,0.7240356206893921,0.7231348752975464,0.721337080001831,0.7190214395523071,0.7167651057243347,0.7150870561599731,0.7142226099967957,0.7140307426452637,0.7140820026397705,0.7138824462890625,0.7131277322769165,0.7118608951568604,0.7104551792144775,0.7094244360923767,0.7091472744941711,0.709636390209198,0.7104653120040894
0.7263383865356445,0.7268474102020264,0.726855993270874,0.7264129519462585,0.725863516330719,0.7256864905357361,0.7262234687805176,0.727436900138855,0.7288392782211304,0.7296772003173828,0.7293137311935425,0.727622389793396,0.7251530289649963,0.7229336500167847,0.7219734191894531,0.7227178812026978,0.724763810634613,0.7270155549049377,0.728213906288147,0.7275606989860535,0.7251093983650208,0.7217140793800354,0.7185869812965393,0.7167016267776489,0.7163567543029785,0.7171012163162231,0.7180265188217163,0.718252956867218,0.717358410358429,0.7155452966690063,0.7134869694709778,0.7119460105895996,0.7113617062568665,0.7116178274154663,0.712097704410553,0.712002158164978,0.710762083530426,0.7083296179771423,0.7051934599876404,0.7021037340164185,0.699658989906311,0.6979783773422241,0.6966479420661926
0.7246720194816589,0.726035475730896,0.7268335819244385,0.7267833948135376,0.7260127663612366,0.7250707745552063,0.7246651649475098,0.7251863479614258,0.72629714012146,0.7269366979598999,0.725871205329895,0.7225449681282043,0.7176892757415771,0.7132046818733215,0.7112651467323303,0.7131094336509705,0.7182489037513733,0.7245810627937317,0.7293758392333984,0.7305740714073181,0.7276903390884399,0.7218963503837585,0.7153476476669312,0.7101905345916748,0.7077487111091614,0.708196759223938,0.7107213735580444,0.7139952778816223,0.7167313098907471,0.7181157469749451,0.7180033922195435,0.7168236970901489,0.7152464389801025,0.7137812376022339,0.7125135660171509,0.7111297249794006,0.709198534488678,0.7065160870552063,0.7032625079154968,0.6998546123504639,0.6966000199317932,0.6934203505516052,0.6898902654647827
0.7141785025596619,0.7181885242462158,0.7224880456924438,0.7255905270576477,0.7261743545532227,0.7239805459976196,0.7201859951019287,0.7167733311653137,0.7152042984962463,0.7153608798980713,0.7156352400779724,0.7142095565795898,0.7106022834777832,0.7062839865684509,0.7038503885269165,0.7053105235099792,0.710718035697937,0.7180680632591248,0.7244378328323364,0.7275149822235107,0.7265360355377197,0.7222478985786438,0.7162383198738098,0.7102536559104919,0.7058351039886475,0.7041451334953308,0.7057132124900818,0.7100901007652283,0.71574866771698,0.7205502986907959,0.722690761089325,0.7215719223022461,0.7180112600326538,0.7136270999908447,0.7098209261894226,0.7070417404174805,0.7047659754753113,0.7020990252494812,0.6984856128692627,0.694018542766571,0.6892054677009583,0.6844993233680725,0.6800679564476013
0.7012677192687988,0.706007182598114,0.712475597858429,0.7181946039199829,0.720075249671936,0.7165979743003845,0.7093425393104553,0.7023884057998657,0.6997190713882446,0.7025052905082703,0.7083823680877686,0.7132841348648071,0.7143599987030029,0.7116984724998474,0.7077189683914185,0.7050312161445618,0.7046654224395752,0.7059484124183655,0.707714855670929,0.709446132183075,0.7112703919410706,0.7130529284477234,0.7137919068336487,0.7122199535369873,0.7082245945930481,0.7036728858947754,0.7015689611434937,0.7039451599121094,0.7101552486419678,0.7170571088790894,0.721034049987793,0.7203117609024048,0.7158438563346863,0.7102617025375366,0.7058551907539368,0.7031124830245972,0.7007372975349426,0.6969225406646729,0.6908587217330933,0.6834197044372559,0.6766194701194763,0.6723078489303589,0.6711069941520691
0.6899717450141907,0.6922683715820312,0.6965999007225037,0.7008086442947388,0.7015592455863953,0.6970723271369934,0.6893510818481445,0.6835472583770752,0.6844162940979004,0.6925925016403198,0.703872799873352,0.7122148275375366,0.7139432430267334,0.7097193002700806,0.7029959559440613,0.6968048810958862,0.6918936371803284,0.6875614523887634,0.6838468313217163,0.68253493309021,0.6857542395591736,0.6934261918067932,0.7021666765213013,0.7071613669395447,0.7058185338973999,0.7000946402549744,0.6952282786369324,0.6957281827926636,0.7019636631011963,0.7101741433143616,0.7156069278717041,0.7158843278884888,0.7119492888450623,0.7064284682273865,0.7013014554977417,0.6967395544052124,0.6915745735168457,0.6846681237220764,0.6761984825134277,0.6681128144264221,0.6633612513542175,0.6641305685043335,0.6701248288154602
0.672459602355957,0.6728244423866272,0.6737207174301147,0.6741329431533813,0.6722625494003296,0.6674907803535461,0.6622239947319031,0.6610850691795349,0.667248010635376,0.6789979934692383,0.6900993585586548,0.6942635178565979,0.6899393200874329,0.6811013221740723,0.6734453439712524,0.6696682572364807,0.6680874228477478,0.6654322743415833,0.66081702709198,0.657151460647583,0.6587444543838501,0.6671800017356873,0.679093062877655,0.6881022453308105,0.6897003650665283,0.6849748492240906,0.679652988910675,0.6791884303092957,0.684468150138855,0.6919516324996948,0.6973645687103271,0.6987701654434204,0.6964914202690125,0.6913319826126099,0.6838487386703491,0.6750756502151489,0.6668888330459595,0.661025881767273,0.6580010652542114,0.6574196219444275,0.6592041254043579,0.663840115070343,0.6709131002426147
0.6414910554885864,0.6417279839515686,0.6411650776863098,0.6397991180419922,0.6374688744544983,0.6344106197357178,0.6324219703674316,0.6344870328903198,0.6420417428016663,0.6522812843322754,0.6590250134468079,0.6574599146842957,0.6485702395439148,0.6385983824729919,0.6336949467658997,0.634868860244751,0.6379126906394958,0.637836754322052,0.6333561539649963,0.6278272271156311,0.6265190243721008,0.6325011849403381,0.6438942551612854,0.6546826958656311,0.6591766476631165,0.6567183136940002,0.6519680023193359,0.650201678276062,0.6526814699172974,0.6569833159446716,0.6607965230941772,0.663667619228363,0.6650223731994629,0.6627349257469177,0.6556393504142761,0.6469724178314209,0.6432910561561584,0.6488032341003418,0.6610915660858154,0.672970712184906,0.6784606575965881,0.6768319606781006,0.6713545918464661
0.6009646654129028,0.6005553007125854,0.5996608138084412,0.5990344285964966,0.5992265939712524,0.5998764634132385,0.6006271839141846,0.6022440195083618,0.6058087944984436,0.6104506254196167,0.6128210425376892,0.6100590229034424,0.6033492088317871,0.5974757671356201,0.5961529612541199,0.5982881188392639,0.5994728207588196,0.596686065196991,0.5908443331718445,0.5854094624519348,0.5838590860366821,0.588149905204773,0.5974762439727783,0.6075615286827087,0.6129623651504517,0.6119217276573181,0.6082342863082886,0.6068962216377258,0.6087986826896667,0.6115257740020752,0.6143529415130615,0.61924147605896,0.6262966394424438,0.6316086649894714,0.6323183178901672,0.63231360912323,0.639639139175415,0.6575111150741577,0.6794856786727905,0.6943133473396301,0.6949331164360046,0.6828362941741943,0.6652883887290955
0.5589791536331177,0.5574631690979004,0.5560229420661926,0.5556780695915222,0.5573524236679077,0.560163140296936,0.5618664622306824,0.5612995624542236,0.559648871421814,0.5586593151092529,0.5581576228141785,0.5564725995063782,0.5532851219177246,0.5505731105804443,0.5497603416442871,0.549075722694397,0.5455386638641357,0.5392138957977295,0.5335136651992798,0.5310627818107605,0.5314074754714966,0.533391535282135,0.5370852947235107,0.5416267514228821,0.5438753366470337,0.5423094034194946,0.5404775142669678,0.5429379940032959,0.5487853288650513,0.5533539056777954,0.5562017560005188,0.5627368092536926,0.5764507055282593,0.5937632918357849,0.6093481183052063,0.6233012676239014,0.6391000747680664,0.6559889316558838,0.6675556302070618,0.6684207916259766,0.6596624851226807,0.6468717455863953,0.6350290775299072
0.5148976445198059,0.5133423209190369,0.5115570425987244,0.510035514831543,0.5099128484725952,0.5108640193939209,0.5108405947685242,0.5082921385765076,0.5040504932403564,0.5003556609153748,0.4981536269187927,0.4961509704589844,0.4929230511188507,0.4890424609184265,0.48584023118019104,0.4826362431049347,0.47742965817451477,0.4707602560520172,0.46620431542396545,0.4654594957828522,0.46554696559906006,0.4633409082889557,0.46031877398490906,0.4594658315181732,0.459961473941803,0.45955684781074524,0.460305392742157,0.46605148911476135,0.47484466433525085,0.4804409146308899,0.4826182723045349,0.4898856282234192,0.5092138051986694,0.5377424359321594,0.5673056840896606,0.5925284624099731,0.6107925176620483,0.6184579730033875,0.6131942272186279,0.5995147824287415,0.5871875286102295,0.582602858543396,0.583991527557373
0.46161413192749023,0.4596855044364929,0.45734912157058716,0.45487239956855774,0.45283564925193787,0.45080456137657166,0.4477789103984833,0.4434656798839569,0.43854597210884094,0.4339519143104553,0.4300593137741089,0.4262160062789917,0.4212600290775299,0.415108859539032,0.40924742817878723,0.4045979678630829,0.39995765686035156,0.39432430267333984,0.3893507719039917,0.38665953278541565,0.3842161297798157,0.3794501721858978,0.3748708665370941,0.3754236400127411,0.3806871473789215,0.3855246305465698,0.3885389566421509,0.39323335886001587,0.40000292658805847,0.40455904603004456,0.4068930149078369,0.414898157119751,0.43509307503700256,0.4644685685634613,0.4945373833179474,0.5190942287445068,0.5351735353469849,0.5409030318260193,0.5371447205543518,0.5296686291694641,0.5256151556968689,0.5270587801933289,0.5299580097198486
0.40071380138397217,0.3971051573753357,0.3933738172054291,0.39049357175827026,0.38823357224464417,0.38481131196022034,0.3792780935764313,0.37285304069519043,0.36694812774658203,0.3612922132015228,0.35519635677337646,0.3490528166294098,0.34310048818588257,0.3364659249782562,0.3290914297103882,0.32268327474594116,0.31801900267601013,0.3135451674461365,0.3083195090293884,0.3035471737384796,0.29963529109954834,0.29558148980140686,0.29322442412376404,0.2970489263534546,0.30680176615715027,0.31565797328948975,0.3192242383956909,0.32093504071235657,0.32515764236450195,0.33106791973114014,0.3372885286808014,0.3467180132865906,0.3621656000614166,0.38116690516471863,0.3986113667488098,0.4121280908584595,0.42326635122299194,0.435057133436203,0.4488420784473419,0.46252650022506714,0.4722359776496887,0.47583556175231934,0.4741983413696289
