earth/public/data/atmosphere/C53/ANN-rh-isobaric-100hPa-gfs-1.0.json
{"header": {"discipline": 0, "disciplineName": "Meteorological products", "gribEdition": 2, "gribLength": 17922.0, "center": 0, "centerName": "Kiel Climate Model", "subcenter": 0, "refTime": "1", "significanceOfRT": 1, "significanceOfRTName": "Start of forecast", "productStatus": 0, "productStatusName": "Operational products", "productType": 1, "productTypeName": "Forecast products", "productDefinitionTemplate": 0, "productDefinitionTemplateName": "Analysis/forecast at horizontal level/layer at a point in time", "parameterCategory": 2, "parameterCategoryName": "Momentum", "parameterNumber": 2, "parameterNumberName": "U-component_of_wind", "parameterUnit": "%", "genProcessType": 2, "genProcessTypeName": "Forecast", "forecastTime": 0, "surface1Type": 103, "surface1TypeName": "Specified height level above ground", "surface1Value": 10, "surface2Type": 255, "surface2TypeName": "Missing", "surface2Value": 0, "gridDefinitionTemplate": 0, "gridDefinitionTemplateName": "Latitude_Longitude", "numberPoints": 65160, "shape": 6, "shapeName": "Earth spherical with radius of 6,371,229.0 m", "gridUnits": "degrees", "resolution": 48, "winds": "true", "scanMode": 0, "nx": 128.0, "ny": 64.0, "basicAngle": 0, "subDivisions": 0, "lo1": 0.0, "la1": 87.86379883923263, "lo2": 357.1875, "la2": -87.86379883923263, "dx": 2.8125, "dy": 2.7893269472772264}, "data":
[rows 0 to 18 of 64, columns 0 to 42 of 128]
0.5362064242362976,0.5363436341285706,0.5364708304405212,0.5365879535675049,0.5366953015327454,0.5367926955223083,0.5368808507919312,0.5369595885276794,0.5370293855667114,0.5370904803276062,0.5371431708335876,0.5371876358985901,0.537224292755127,0.5372534394264221,0.5372751355171204,0.5372899770736694,0.5372980833053589,0.5372995138168335,0.537294864654541,0.5372835993766785,0.5372666120529175,0.5372434854507446,0.5372147560119629,0.5371797680854797,0.537139356136322,0.5370927453041077,0.5370404720306396,0.5369821190834045,0.5369172692298889,0.5368466973304749,0.5367692112922668,0.5366851091384888,0.5365943312644958,0.5364965200424194,0.5363913774490356,0.5362786054611206,0.5361582040786743,0.5360300540924072,0.5358936190605164,0.5357488989830017,0.5355959534645081,0.5354346632957458,0.5352646708488464
0.5341371297836304,0.5343549251556396,0.5345459580421448,0.534711480140686,0.5348536372184753,0.5349733233451843,0.5350726842880249,0.5351537466049194,0.5352182984352112,0.5352684259414673,0.5353062748908997,0.535332977771759,0.5353509187698364,0.5353608131408691,0.5353645086288452,0.5353623628616333,0.5353558659553528,0.5353450179100037,0.5353305339813232,0.5353131294250488,0.5352926850318909,0.5352694988250732,0.535243570804596,0.5352149605751038,0.5351839661598206,0.5351496934890747,0.5351125597953796,0.5350713729858398,0.5350258350372314,0.5349749326705933,0.5349178314208984,0.5348531603813171,0.5347791314125061,0.534694254398346,0.5345968008041382,0.5344847440719604,0.534355640411377,0.534208357334137,0.5340397953987122,0.5338485240936279,0.533632218837738,0.5333890318870544,0.5331178903579712
0.5213482975959778,0.521663248538971,0.521931529045105,0.5221554636955261,0.5223389267921448,0.5224869251251221,0.5226044654846191,0.5226980447769165,0.5227729082107544,0.5228355526924133,0.5228902101516724,0.5229408740997314,0.5229905843734741,0.5230404138565063,0.5230908989906311,0.5231420993804932,0.5231925845146179,0.5232402086257935,0.5232850313186646,0.5233254432678223,0.5233610272407532,0.5233922004699707,0.5234195590019226,0.5234450101852417,0.5234693288803101,0.5234947800636292,0.523522138595581,0.5235523581504822,0.5235847234725952,0.5236188769340515,0.5236520767211914,0.5236822366714478,0.5237051248550415,0.5237163305282593,0.5237116813659668,0.5236850380897522,0.5236319899559021,0.5235470533370972,0.5234246850013733,0.523259699344635,0.5230475068092346,0.5227830410003662,0.5224618315696716
0.5007894039154053,0.5011650919914246,0.5014760494232178,0.5017247796058655,0.5019140243530273,0.5020501613616943,0.5021411776542664,0.5021964907646179,0.5022278428077698,0.5022458434104919,0.5022614598274231,0.5022825598716736,0.5023156404495239,0.5023634433746338,0.5024263262748718,0.5025014877319336,0.5025849938392639,0.5026718378067017,0.5027585625648499,0.5028426647186279,0.5029252171516418,0.5030093193054199,0.5031002163887024,0.5032057166099548,0.5033326148986816,0.5034873485565186,0.5036734342575073,0.5038921236991882,0.5041403770446777,0.5044121742248535,0.5046987533569336,0.5049896836280823,0.5052725672721863,0.5055354237556458,0.505767285823822,0.505957305431366,0.5060970187187195,0.5061788558959961,0.5061966180801392,0.5061444640159607,0.5060169696807861,0.5058082342147827,0.5055119395256042
0.4741998314857483,0.4745458960533142,0.4748472571372986,0.4750975966453552,0.47529035806655884,0.4754197299480438,0.47548386454582214,0.4754849672317505,0.47543078660964966,0.4753333032131195,0.4752102196216583,0.4750804305076599,0.4749625325202942,0.474872887134552,0.4748225510120392,0.47481584548950195,0.4748515188694,0.474924236536026,0.4750271141529083,0.4751560688018799,0.47531142830848694,0.4754997193813324,0.47573280334472656,0.476025253534317,0.4763900339603424,0.47683626413345337,0.47736603021621704,0.47797316312789917,0.47864440083503723,0.47935983538627625,0.48009800910949707,0.48083382844924927,0.48154395818710327,0.4822065830230713,0.48280179500579834,0.48331353068351746,0.48372817039489746,0.484036386013031,0.4842322766780853,0.48431259393692017,0.4842754304409027,0.48411864042282104,0.4838380515575409
0.4391356110572815,0.4394044280052185,0.43965914845466614,0.43988940119743347,0.4400818943977356,0.4402216076850891,0.4402938783168793,0.44028711318969727,0.4401949346065521,0.4400201141834259,0.43977802991867065,0.4394979476928711,0.4392194151878357,0.43898671865463257,0.43884092569351196,0.4388100802898407,0.4389035105705261,0.4391135573387146,0.43942025303840637,0.43980124592781067,0.4402421712875366,0.4407428205013275,0.4413163661956787,0.4419831931591034,0.4427613914012909,0.44365885853767395,0.44466832280158997,0.445769339799881,0.4469330906867981,0.4481310248374939,0.4493371248245239,0.45053166151046753,0.45169585943222046,0.45280978083610535,0.45384740829467773,0.45477721095085144,0.45556432008743286,0.4561782777309418,0.4565962851047516,0.45680779218673706,0.4568137526512146,0.4566218852996826,0.4562402665615082
0.3970566391944885,0.39721453189849854,0.39731085300445557,0.39734482765197754,0.3973245918750763,0.3972630500793457,0.3971717357635498,0.39705291390419006,0.39689910411834717,0.3966960906982422,0.39643678069114685,0.3961319625377655,0.39582106471061707,0.3955684006214142,0.39544883370399475,0.3955257534980774,0.3958284556865692,0.39634260535240173,0.3970189094543457,0.3977968394756317,0.3986319899559021,0.39951562881469727,0.4004753530025482,0.40155792236328125,0.4028019607067108,0.40421777963638306,0.40577977895736694,0.4074368476867676,0.4091351628303528,0.4108373522758484,0.4125305414199829,0.41422179341316223,0.41591891646385193,0.4176122546195984,0.41926100850105286,0.42079612612724304,0.42213231325149536,0.42319008708000183,0.42391538619995117,0.42429110407829285,0.42433562874794006,0.4240904748439789,0.4235995411872864
0.3508446216583252,0.35090914368629456,0.3508530855178833,0.35066699981689453,0.35037025809288025,0.3500085175037384,0.3496423363685608,0.34932804107666016,0.34909752011299133,0.34894809126853943,0.3488460183143616,0.34875166416168213,0.3486487567424774,0.34856978058815,0.34859445691108704,0.3488183319568634,0.34930792450904846,0.35006168484687805,0.35101187229156494,0.3520595133304596,0.3531321585178375,0.3542271554470062,0.35541635751724243,0.35680559277534485,0.35847729444503784,0.3604457974433899,0.36265140771865845,0.36499446630477905,0.36738121509552,0.3697614073753357,0.3721335530281067,0.3745197653770447,0.3769313395023346,0.3793385922908783,0.38166117668151855,0.3837818205356598,0.3855745494365692,0.38693851232528687,0.3878232538700104,0.3882390856742859,0.38825008273124695,0.3879474699497223,0.38741829991340637
0.30322563648223877,0.3031395673751831,0.30304449796676636,0.30289506912231445,0.30265626311302185,0.3023209273815155,0.3019260764122009,0.3015524744987488,0.30130016803741455,0.30124446749687195,0.3013932704925537,0.30167898535728455,0.30199721455574036,0.3022747039794922,0.30252647399902344,0.30285435914993286,0.3033846616744995,0.3041854500770569,0.3052224814891815,0.3063894510269165,0.307595819234848,0.3088439106941223,0.3102438151836395,0.3119482100009918,0.3140559792518616,0.31655627489089966,0.3193425238132477,0.32228273153305054,0.3252915143966675,0.3283498287200928,0.33147186040878296,0.3346492052078247,0.33781352639198303,0.3408425748348236,0.3435930013656616,0.34594014286994934,0.3478023111820221,0.34914523363113403,0.34997808933258057,0.35034504532814026,0.35031840205192566,0.3499850332736969,0.3494250178337097
0.2618565857410431,0.26142632961273193,0.2611682116985321,0.2610589861869812,0.2610394060611725,0.261021226644516,0.260926753282547,0.26074647903442383,0.2605690360069275,0.26054683327674866,0.2607991397380829,0.26132112741470337,0.26196733117103577,0.2625415325164795,0.2629340589046478,0.26320213079452515,0.26353156566619873,0.26410380005836487,0.26497548818588257,0.2660706639289856,0.26728785037994385,0.2686268091201782,0.2702144384384155,0.27221202850341797,0.2746800482273102,0.27752363681793213,0.2805684506893158,0.2836954891681671,0.2869158685207367,0.29032236337661743,0.29396361112594604,0.29774555563926697,0.30143871903419495,0.3047793507575989,0.30758345127105713,0.30979931354522705,0.31147629022598267,0.3126928508281708,0.31349965929985046,0.31390953063964844,0.3139256536960602,0.313571035861969,0.31289201974868774
0.23389902710914612,0.23323972523212433,0.23270800709724426,0.23237460851669312,0.23231902718544006,0.23253536224365234,0.2328975349664688,0.23322904109954834,0.2334323674440384,0.2335657924413681,0.23379123210906982,0.2342255413532257,0.23481489717960358,0.23535192012786865,0.23563309013843536,0.2356301099061966,0.23552729189395905,0.23558510839939117,0.23594748973846436,0.23657329380512238,0.23735255002975464,0.23829428851604462,0.23958122730255127,0.24142949283123016,0.24387919902801514,0.24673153460025787,0.24970926344394684,0.25268468260765076,0.255765438079834,0.2591533064842224,0.26291370391845703,0.26685836911201477,0.27062830328941345,0.27389195561408997,0.2764987051486969,0.27848824858665466,0.2799871265888214,0.2810852527618408,0.28178566694259644,0.28203341364860535,0.28179407119750977,0.2811031639575958,0.28005850315093994
0.2200002521276474,0.2195235788822174,0.21904633939266205,0.21862713992595673,0.21847309172153473,0.21876461803913116,0.21948310732841492,0.2203880250453949,0.221165269613266,0.2216290682554245,0.2218201756477356,0.2219219207763672,0.22206608951091766,0.2221991866827011,0.2221299409866333,0.2217273712158203,0.22107772529125214,0.22044244408607483,0.22003620862960815,0.21985748410224915,0.219770610332489,0.21976496279239655,0.22009676694869995,0.2211189866065979,0.22295457124710083,0.2253633588552475,0.22796057164669037,0.23055216670036316,0.23325034976005554,0.23627157509326935,0.23965874314308167,0.2431977093219757,0.24656280875205994,0.2495080977678299,0.2519373893737793,0.2538468837738037,0.25524088740348816,0.2560961842536926,0.2563776969909668,0.25607186555862427,0.25521883368492126,0.25393012166023254,0.2523688077926636
0.21894599497318268,0.21862828731536865,0.2185259908437729,0.21854543685913086,0.21873822808265686,0.21922151744365692,0.22003446519374847,0.2210407555103302,0.22195890545845032,0.222507044672966,0.22256825864315033,0.22224688529968262,0.22176192700862885,0.221233069896698,0.2205565720796585,0.21951504051685333,0.21804921329021454,0.21640191972255707,0.2149229794740677,0.21373172104358673,0.21265020966529846,0.21153223514556885,0.2105981409549713,0.2103283405303955,0.2110021412372589,0.21242409944534302,0.2141578644514084,0.2159617841243744,0.21792617440223694,0.2202233523130417,0.22284401953220367,0.22561015188694,0.2283458113670349,0.2309393584728241,0.23324839770793915,0.23504233360290527,0.2361055165529251,0.23639048635959625,0.2360384613275528,0.23524586856365204,0.23412077128887177,0.2326730191707611,0.23091818392276764
0.22879597544670105,0.22831261157989502,0.22838670015335083,0.2289518564939499,0.22982431948184967,0.23078617453575134,0.23167695105075836,0.2324090301990509,0.23291641473770142,0.23310109972953796,0.23284472525119781,0.23208920657634735,0.23091183602809906,0.2294631451368332,0.2277693897485733,0.22565200924873352,0.22296231985092163,0.21990588307380676,0.21697890758514404,0.2144816368818283,0.21222040057182312,0.2098594456911087,0.20751053094863892,0.20575357973575592,0.2050248682498932,0.20517195761203766,0.20572543144226074,0.20645640790462494,0.20748886466026306,0.20894688367843628,0.21073128283023834,0.21267196536064148,0.21471691131591797,0.21681851148605347,0.21871474385261536,0.21997468173503876,0.22031372785568237,0.21983277797698975,0.21892227232456207,0.21794188022613525,0.21696557104587555,0.2157972753047943,0.2142149657011032
0.24508747458457947,0.24462808668613434,0.2446012645959854,0.24521657824516296,0.24633769690990448,0.2475879043340683,0.24858592450618744,0.24908849596977234,0.24902522563934326,0.24847093224525452,0.2474975883960724,0.24602565169334412,0.24390436708927155,0.24115416407585144,0.23797130584716797,0.23444204032421112,0.23045797646045685,0.22606268525123596,0.22167585790157318,0.21769586205482483,0.21400777995586395,0.21023325622081757,0.2064652442932129,0.20338024199008942,0.2014857977628708,0.20056916773319244,0.20009349286556244,0.19988062977790833,0.20010828971862793,0.2008243352174759,0.20181281864643097,0.20291733741760254,0.2041734904050827,0.20553834736347198,0.20670396089553833,0.20731455087661743,0.20726105570793152,0.20669271051883698,0.20582854747772217,0.20482853055000305,0.20375370979309082,0.20254045724868774,0.20105421543121338
0.2640745937824249,0.26396432518959045,0.26390987634658813,0.26422473788261414,0.26482224464416504,0.26544466614723206,0.2658824026584625,0.2658495306968689,0.26498648524284363,0.26320987939834595,0.2608138918876648,0.25799885392189026,0.2545473277568817,0.25023651123046875,0.24532267451286316,0.2402580827474594,0.23510783910751343,0.22966766357421875,0.22405299544334412,0.21868576109409332,0.21369542181491852,0.2088550329208374,0.20424245297908783,0.20044361054897308,0.19784067571163177,0.1961248815059662,0.1948244422674179,0.19392409920692444,0.1936035454273224,0.19371739029884338,0.19396743178367615,0.19435234367847443,0.19500966370105743,0.19577431678771973,0.19630804657936096,0.19659022986888885,0.19687430560588837,0.19715853035449982,0.19705475866794586,0.19627714157104492,0.19499260187149048,0.19356364011764526,0.19215135276317596
0.28344395756721497,0.2831123173236847,0.2827872931957245,0.2826986014842987,0.28241389989852905,0.2815888524055481,0.2804352939128876,0.2790789008140564,0.27701622247695923,0.2737524211406708,0.2695576548576355,0.2650150656700134,0.2601141333580017,0.25443288683891296,0.2480466216802597,0.2415723353624344,0.2352929711341858,0.22890086472034454,0.22226916253566742,0.215862438082695,0.21011798083782196,0.20497150719165802,0.20031966269016266,0.19639743864536285,0.1933377981185913,0.19088459014892578,0.188921719789505,0.1877346932888031,0.1873701810836792,0.18731610476970673,0.18724022805690765,0.1874457597732544,0.18813394010066986,0.18881624937057495,0.18903130292892456,0.1891336888074875,0.18972402811050415,0.1906234174966812,0.1910373866558075,0.19057004153728485,0.18953852355480194,0.18836425244808197,0.18715736269950867
0.3009850084781647,0.2994246780872345,0.29778462648391724,0.29657405614852905,0.2951291799545288,0.2926982045173645,0.28956151008605957,0.2863568961620331,0.28288576006889343,0.27842018008232117,0.27286601066589355,0.26683270931243896,0.2606605887413025,0.2540878355503082,0.24697500467300415,0.23972868919372559,0.2327278107404709,0.22583642601966858,0.21890556812286377,0.21232420206069946,0.20658117532730103,0.20165005326271057,0.19728535413742065,0.1935039460659027,0.190336674451828,0.1876639574766159,0.1857113093137741,0.1849711686372757,0.18524909019470215,0.18564875423908234,0.18585558235645294,0.18644404411315918,0.18756239116191864,0.1884562224149704,0.18874482810497284,0.1890752613544464,0.1899353265762329,0.19076834619045258,0.19086551666259766,0.19035407900810242,0.18969154357910156,0.18880896270275116,0.18745897710323334
0.31584906578063965,0.312950074672699,0.30935147404670715,0.3059835135936737,0.302691251039505,0.2987046241760254,0.2939175069332123,0.28889599442481995,0.28391072154045105,0.27861228585243225,0.27259203791618347,0.26591530442237854,0.25902485847473145,0.2522074282169342,0.24535275995731354,0.23836851119995117,0.2315000593662262,0.22499096393585205,0.2188485711812973,0.2131732702255249,0.20819032192230225,0.20386439561843872,0.20006635785102844,0.19695830345153809,0.1946411430835724,0.1929241120815277,0.1919659525156021,0.19225361943244934,0.1934838742017746,0.1946490854024887,0.19554509222507477,0.19679997861385345,0.1983228474855423,0.19935311377048492,0.20003177225589752,0.20121178030967712,0.2027066946029663,0.20334500074386597,0.2027938812971115,0.20190617442131042,0.20115412771701813,0.20000073313713074,0.19815291464328766
