earth/public/data/atmosphere/C53/ANN-wind-isobaric-100hPa-gfs-1.0.json
{"header": {"discipline": 0, "disciplineName": "Meteorological products", "gribEdition": 2, "gribLength": 17922.0, "center": 0, "centerName": "Kiel Climate Model", "subcenter": 0, "refTime": "1", "significanceOfRT": 1, "significanceOfRTName": "Start of forecast", "productStatus": 0, "productStatusName": "Operational products", "productType": 1, "productTypeName": "Forecast products", "productDefinitionTemplate": 0, "productDefinitionTemplateName": "Analysis/forecast at horizontal level/layer at a point in time", "parameterCategory": 2, "parameterCategoryName": "Momentum", "parameterNumber": 2, "parameterNumberName": "U-component_of_wind", "parameterUnit": "m/s", "genProcessType": 2, "genProcessTypeName": "Forecast", "forecastTime": 0, "surface1Type": 103, "surface1TypeName": "Specified height level above ground", "surface1Value": 10, "surface2Type": 255, "surface2TypeName": "Missing", "surface2Value": 0, "gridDefinitionTemplate": 0, "gridDefinitionTemplateName": "Latitude_Longitude", "numberPoints": 65160, "shape": 6, "shapeName": "Earth spherical with radius of 6,371,229.0 m", "gridUnits": "degrees", "resolution": 48, "winds": "true", "scanMode": 0, "nx": 128.0, "ny": 64.0, "basicAngle": 0, "subDivisions": 0, "lo1": 0.0, "la1": 87.86379883923263, "lo2": 357.1875, "la2": -87.86379883923263, "dx": 2.8125, "dy": 2.7893269472772264}, "data":
[rows 19 to 37 of 64, columns 0 to 43 of 128]
38.46137237548828,38.553707122802734,38.65965270996094,38.783573150634766,38.92415237426758,39.087242126464844,39.284339904785156,39.5230598449707,39.80315017700195,40.11708450317383,40.45109939575195,40.789424896240234,41.121681213378906,41.44811248779297,41.776031494140625,42.110572814941406,42.44869613647461,42.78409194946289,43.11673355102539,43.45029830932617,43.78021240234375,44.097450256347656,44.4049072265625,44.707489013671875,44.98418045043945,45.20634078979492,45.390106201171875,45.58244705200195,45.782230377197266,45.932674407958984,46.01142501831055,46.06058120727539,46.09716033935547,46.069156646728516,45.94829559326172,45.7922477722168,45.6491584777832,45.46428298950195,45.16061782836914,44.76293182373047,44.3583984375,43.978729248046875,43.605857849121094,43.25239181518555
35.707801818847656,35.73445129394531,35.77899169921875,35.849483489990234,35.953216552734375,36.10007095336914,36.29677200317383,36.5450439453125,36.839439392089844,37.16606140136719,37.507781982421875,37.853553771972656,38.19900894165039,38.5411376953125,38.88133239746094,39.230308532714844,39.5968132019043,39.97248077392578,40.34233093261719,40.70623016357422,41.070030212402344,41.42456817626953,41.757930755615234,42.07337951660156,42.370155334472656,42.63355255126953,42.870113372802734,43.11275863647461,43.364105224609375,43.581241607666016,43.744056701660156,43.88604736328125,44.02782440185547,44.134761810302734,44.175907135009766,44.17509078979492,44.158267974853516,44.094085693359375,43.94383239746094,43.73784255981445,43.538204193115234,43.35383987426758,43.158084869384766,42.95604705810547
31.86207389831543,31.824539184570312,31.801271438598633,31.807310104370117,31.86063575744629,31.967710494995117,32.12312698364258,32.32543182373047,32.57339859008789,32.85095977783203,33.13380432128906,33.4101676940918,33.68364715576172,33.957393646240234,34.230960845947266,34.51435089111328,34.824825286865234,35.15987777709961,35.497528076171875,35.83036804199219,36.16802978515625,36.50376510620117,36.819252014160156,37.116146087646484,37.4035758972168,37.673091888427734,37.92416000366211,38.18009948730469,38.448482513427734,38.706520080566406,38.94440460205078,39.18251419067383,39.43536376953125,39.690155029296875,39.92131423950195,40.11022186279297,40.25266647338867,40.354286193847656,40.4239616394043,40.476253509521484,40.52253723144531,40.554481506347656,40.55876922607422,40.53761291503906
27.180349349975586,27.088584899902344,27.001665115356445,26.941062927246094,26.929378509521484,26.964170455932617,27.03095054626465,27.129873275756836,27.26692771911621,27.432405471801758,27.603914260864258,27.76431655883789,27.912288665771484,28.056652069091797,28.2047119140625,28.3665771484375,28.560012817382812,28.789512634277344,29.036237716674805,29.289264678955078,29.554885864257812,29.824237823486328,30.079261779785156,30.32780647277832,30.583084106445312,30.831634521484375,31.065608978271484,31.304006576538086,31.555683135986328,31.812976837158203,32.08334732055664,32.38069534301758,32.70891189575195,33.07328796386719,33.46006774902344,33.817230224609375,34.11785888671875,34.4048957824707,34.719322204589844,35.038150787353516,35.318931579589844,35.5506591796875,35.743385314941406,35.89621353149414
22.182497024536133,22.040483474731445,21.888042449951172,21.749780654907227,21.639808654785156,21.55198860168457,21.484695434570312,21.445716857910156,21.434642791748047,21.446636199951172,21.476585388183594,21.506202697753906,21.51615333557129,21.512014389038086,21.5132999420166,21.534534454345703,21.592090606689453,21.694801330566406,21.82860565185547,21.98124885559082,22.154205322265625,22.332416534423828,22.496360778808594,22.663330078125,22.85276222229004,23.04495620727539,23.227901458740234,23.42337417602539,23.63875389099121,23.86922836303711,24.13506317138672,24.451440811157227,24.813922882080078,25.23660659790039,25.713430404663086,26.175630569458008,26.593849182128906,27.041824340820312,27.565521240234375,28.101070404052734,28.57695198059082,28.98520278930664,29.334318161010742,29.611169815063477
17.392683029174805,17.165292739868164,16.927146911621094,16.696199417114258,16.45241355895996,16.190078735351562,15.950864791870117,15.763968467712402,15.6105318069458,15.47664737701416,15.370739936828613,15.27553939819336,15.157730102539062,15.020711898803711,14.890484809875488,14.781351089477539,14.710705757141113,14.69536018371582,14.723062515258789,14.775411605834961,14.850677490234375,14.930669784545898,14.991939544677734,15.0558443069458,15.150422096252441,15.257335662841797,15.365090370178223,15.50089168548584,15.672611236572266,15.871231079101562,16.116985321044922,16.423545837402344,16.783863067626953,17.21554946899414,17.714305877685547,18.212759017944336,18.701662063598633,19.26952362060547,19.935401916503906,20.605653762817383,21.21819496154785,21.76731300354004,22.22642707824707,22.564186096191406
13.138945579528809,12.765521049499512,12.41956615447998,12.10218334197998,11.733292579650879,11.294416427612305,10.873929977416992,10.5352201461792,10.254816055297852,10.006800651550293,9.790823936462402,9.580357551574707,9.345321655273438,9.101292610168457,8.87192153930664,8.657486915588379,8.473955154418945,8.349161148071289,8.274140357971191,8.223780632019043,8.193613052368164,8.169238090515137,8.126968383789062,8.085975646972656,8.080673217773438,8.103327751159668,8.145161628723145,8.229198455810547,8.360806465148926,8.529993057250977,8.751173973083496,9.03169059753418,9.366199493408203,9.774754524230957,10.24837589263916,10.730649948120117,11.242487907409668,11.869503021240234,12.589217185974121,13.302935600280762,13.984355926513672,14.621993064880371,15.148260116577148,15.525712966918945
9.655817985534668,9.110247611999512,8.645583152770996,8.25189208984375,7.7992329597473145,7.240561008453369,6.672651290893555,6.180533409118652,5.7641472816467285,5.406543254852295,5.086574077606201,4.760640621185303,4.414419651031494,4.080909729003906,3.7745468616485596,3.480882167816162,3.2109429836273193,2.9910881519317627,2.8146181106567383,2.66056752204895,2.524423837661743,2.3952605724334717,2.2554843425750732,2.120873212814331,2.0240979194641113,1.972202181816101,1.9663439989089966,2.017031192779541,2.1174449920654297,2.2591190338134766,2.455155372619629,2.708376884460449,3.0183024406433105,3.4055206775665283,3.849837303161621,4.298806667327881,4.787718296051025,5.388894081115723,6.067670822143555,6.764080047607422,7.477845668792725,8.1531982421875,8.701408386230469,9.125988006591797
7.226000785827637,6.516724586486816,5.908358573913574,5.400404930114746,4.865816116333008,4.238883972167969,3.5793209075927734,2.957716941833496,2.4059228897094727,1.9330896139144897,1.5023506879806519,1.0622819662094116,0.6211919188499451,0.21420378983020782,-0.1630387157201767,-0.5210798978805542,-0.8435008525848389,-1.1249479055404663,-1.3816958665847778,-1.62016761302948,-1.8413928747177124,-2.0599405765533447,-2.283689260482788,-2.4961795806884766,-2.676680088043213,-2.8114445209503174,-2.8825337886810303,-2.8822667598724365,-2.8275201320648193,-2.725682258605957,-2.5641591548919678,-2.3442940711975098,-2.063990831375122,-1.7014180421829224,-1.279670000076294,-0.8535722494125366,-0.40673577785491943,0.11006560921669006,0.7032675743103027,1.3960728645324707,2.1697330474853516,2.852811336517334,3.3484718799591064,3.7786507606506348
6.152503490447998,5.272982597351074,4.4733476638793945,3.7747533321380615,3.101027488708496,2.400146961212158,1.6854687929153442,0.9874100685119629,0.35165929794311523,-0.19963744282722473,-0.7245499491691589,-1.269692301750183,-1.788811445236206,-2.2485382556915283,-2.681945323944092,-3.090778350830078,-3.4424705505371094,-3.7532951831817627,-4.056883811950684,-4.348909378051758,-4.628859043121338,-4.919656753540039,-5.220699787139893,-5.507167816162109,-5.7678728103637695,-5.9966607093811035,-6.171236515045166,-6.276326656341553,-6.318216323852539,-6.29605770111084,-6.200953960418701,-6.0446953773498535,-5.834295272827148,-5.547758102416992,-5.1881279945373535,-4.7984137535095215,-4.401714324951172,-3.9832372665405273,-3.4677226543426514,-2.734464168548584,-1.85325026512146,-1.1539875268936157,-0.7628146409988403,-0.41239041090011597
6.561304569244385,5.531172275543213,4.542092323303223,3.626905679702759,2.767423391342163,1.9546931982040405,1.183362603187561,0.44657546281814575,-0.21630002558231354,-0.795089840888977,-1.3876346349716187,-2.0415968894958496,-2.6567137241363525,-3.168166160583496,-3.6284842491149902,-4.060588359832764,-4.43554162979126,-4.771456241607666,-5.104301452636719,-5.4321608543396,-5.760737419128418,-6.117439270019531,-6.5008320808410645,-6.879317283630371,-7.231273174285889,-7.5533447265625,-7.84302282333374,-8.08915901184082,-8.274080276489258,-8.377674102783203,-8.392668724060059,-8.3389253616333,-8.239112854003906,-8.082680702209473,-7.847197532653809,-7.546942710876465,-7.233497142791748,-6.9228386878967285,-6.488644123077393,-5.741965293884277,-4.779058933258057,-4.026351451873779,-3.6752216815948486,-3.4238057136535645
8.02889633178711,6.986044406890869,5.93170166015625,4.889995098114014,3.880373954772949,2.9483046531677246,2.1045923233032227,1.322464942932129,0.6277918219566345,0.0180028285831213,-0.6355634331703186,-1.396743893623352,-2.1325607299804688,-2.724466562271118,-3.2101926803588867,-3.655463457107544,-4.0731635093688965,-4.468903541564941,-4.851618766784668,-5.228385925292969,-5.617462635040283,-6.038510799407959,-6.497513294219971,-6.977095127105713,-7.43479061126709,-7.845218658447266,-8.227294921875,-8.591574668884277,-8.906457901000977,-9.139192581176758,-9.283214569091797,-9.348954200744629,-9.358165740966797,-9.320700645446777,-9.215184211730957,-9.035174369812012,-8.8309965133667,-8.624908447265625,-8.283105850219727,-7.615161418914795,-6.692887306213379,-5.890061378479004,-5.4458231925964355,-5.199307918548584
9.468700408935547,8.614799499511719,7.687749862670898,6.687902927398682,5.646324157714844,4.650522708892822,3.7465391159057617,2.9081437587738037,2.1482419967651367,1.4699630737304688,0.7639169096946716,-0.04088233783841133,-0.8453215956687927,-1.5273652076721191,-2.0828893184661865,-2.5833897590637207,-3.0910980701446533,-3.6070268154144287,-4.095327377319336,-4.560828685760498,-5.035410404205322,-5.521905422210693,-6.028067588806152,-6.569663047790527,-7.104612827301025,-7.579239845275879,-8.011310577392578,-8.426654815673828,-8.79599666595459,-9.095541000366211,-9.330388069152832,-9.491336822509766,-9.572331428527832,-9.59261703491211,-9.557910919189453,-9.464865684509277,-9.341638565063477,-9.190934181213379,-8.9087495803833,-8.37133502960205,-7.616083145141602,-6.852976322174072,-6.279344081878662,-5.926667213439941
9.878645896911621,9.302358627319336,8.614851951599121,7.790092945098877,6.846009731292725,5.880490303039551,4.972001075744629,4.115178108215332,3.313722848892212,2.5774242877960205,1.8547435998916626,1.102403163909912,0.34128671884536743,-0.3862752616405487,-1.0413461923599243,-1.6360986232757568,-2.251539707183838,-2.9103317260742188,-3.5377461910247803,-4.109500885009766,-4.6678242683410645,-5.2122673988342285,-5.736721515655518,-6.274026393890381,-6.809116840362549,-7.287687301635742,-7.713311672210693,-8.1077880859375,-8.44904899597168,-8.73105525970459,-8.97801685333252,-9.174230575561523,-9.282109260559082,-9.30915641784668,-9.284361839294434,-9.21932315826416,-9.12058162689209,-8.969486236572266,-8.701440811157227,-8.272141456604004,-7.711639881134033,-7.085465908050537,-6.481629848480225,-6.007477283477783
9.34594440460205,8.963507652282715,8.473207473754883,7.832477569580078,7.040525913238525,6.181350231170654,5.342530250549316,4.541950225830078,3.7831168174743652,3.0635831356048584,2.3658440113067627,1.6922457218170166,1.0207358598709106,0.3055651783943176,-0.40821054577827454,-1.0568106174468994,-1.7124953269958496,-2.44179105758667,-3.1553287506103516,-3.7777161598205566,-4.353689670562744,-4.911603927612305,-5.431697368621826,-5.925128936767578,-6.398342609405518,-6.822595596313477,-7.193218231201172,-7.524133205413818,-7.80382776260376,-8.031303405761719,-8.234737396240234,-8.409957885742188,-8.513177871704102,-8.530925750732422,-8.491698265075684,-8.415728569030762,-8.300554275512695,-8.128358840942383,-7.867711067199707,-7.506998538970947,-7.070904731750488,-6.5762619972229,-6.0363078117370605,-5.510935306549072
8.924956321716309,8.606935501098633,8.203577041625977,7.666317462921143,6.995070457458496,6.2672953605651855,5.549320220947266,4.853713035583496,4.195652961730957,3.562832832336426,2.916565418243408,2.275068998336792,1.646730661392212,0.9747885465621948,0.2837248146533966,-0.33879831433296204,-0.9439608454704285,-1.6270943880081177,-2.313450336456299,-2.8908491134643555,-3.395697832107544,-3.8972585201263428,-4.3801116943359375,-4.818044662475586,-5.216338157653809,-5.569371700286865,-5.868551254272461,-6.12741231918335,-6.354475975036621,-6.542356014251709,-6.697879791259766,-6.830734729766846,-6.91680908203125,-6.927931785583496,-6.874748706817627,-6.77449369430542,-6.622122764587402,-6.417610168457031,-6.163636684417725,-5.843755722045898,-5.451162338256836,-5.005031585693359,-4.5198869705200195,-3.999656915664673
9.517068862915039,9.222698211669922,8.865748405456543,8.386221885681152,7.795994281768799,7.187050819396973,6.594368934631348,5.993091583251953,5.414908409118652,4.870345592498779,4.2840471267700195,3.6466565132141113,3.026177167892456,2.4199836254119873,1.8091968297958374,1.2391841411590576,0.6992594003677368,0.1228313148021698,-0.44987374544143677,-0.9249740839004517,-1.325539469718933,-1.7307839393615723,-2.1357178688049316,-2.4959487915039062,-2.8120901584625244,-3.091498613357544,-3.3183066844940186,-3.5028703212738037,-3.67576003074646,-3.829012393951416,-3.9420361518859863,-4.027742862701416,-4.087157726287842,-4.088402271270752,-4.02301025390625,-3.9017086029052734,-3.7150471210479736,-3.469804286956787,-3.1981074810028076,-2.891932725906372,-2.51408314704895,-2.0704708099365234,-1.5922802686691284,-1.0780904293060303
11.320104598999023,11.097857475280762,10.835046768188477,10.448535919189453,9.945713996887207,9.434823989868164,8.940960884094238,8.406261444091797,7.863821029663086,7.357669353485107,6.8068928718566895,6.175806522369385,5.572320938110352,5.044312000274658,4.519993782043457,3.978332996368408,3.4647388458251953,2.9893810749053955,2.5542123317718506,2.185260057449341,1.8677315711975098,1.5542558431625366,1.2520971298217773,1.001822590827942,0.7960981726646423,0.6127815842628479,0.47098997235298157,0.3752128481864929,0.28720995783805847,0.20173759758472443,0.14919640123844147,0.1234801858663559,0.1096411794424057,0.1350669115781784,0.21985851228237152,0.3553272485733032,0.5506454110145569,0.8119413256645203,1.1062878370285034,1.41693115234375,1.7727335691452026,2.191331386566162,2.6586813926696777,3.165469169616699
14.245916366577148,14.148066520690918,14.016924858093262,13.758057594299316,13.362560272216797,12.93586540222168,12.52061939239502,12.063640594482422,11.571438789367676,11.074542045593262,10.510785102844238,9.86405086517334,9.26400089263916,8.777377128601074,8.30299186706543,7.779724597930908,7.288630485534668,6.897664546966553,6.580324649810791,6.300205230712891,6.0475945472717285,5.814567565917969,5.615311145782471,5.481777191162109,5.402207374572754,5.33822774887085,5.297872543334961,5.3025617599487305,5.325435161590576,5.342877388000488,5.373386859893799,5.42134428024292,5.471826076507568,5.541563034057617,5.654923915863037,5.806602478027344,5.994744777679443,6.23296594619751,6.514791011810303,6.819375991821289,7.145538806915283,7.509889125823975,7.924618721008301,8.386272430419922
