earth/public/data/atmosphere/C53/ANN-wind-isobaric-500hPa-gfs-1.0.json
{"header": {"discipline": 0, "disciplineName": "Meteorological products", "gribEdition": 2, "gribLength": 17922.0, "center": 0, "centerName": "Kiel Climate Model", "subcenter": 0, "refTime": "1", "significanceOfRT": 1, "significanceOfRTName": "Start of forecast", "productStatus": 0, "productStatusName": "Operational products", "productType": 1, "productTypeName": "Forecast products", "productDefinitionTemplate": 0, "productDefinitionTemplateName": "Analysis/forecast at horizontal level/layer at a point in time", "parameterCategory": 2, "parameterCategoryName": "Momentum", "parameterNumber": 2, "parameterNumberName": "U-component_of_wind", "parameterUnit": "m/s", "genProcessType": 2, "genProcessTypeName": "Forecast", "forecastTime": 0, "surface1Type": 103, "surface1TypeName": "Specified height level above ground", "surface1Value": 10, "surface2Type": 255, "surface2TypeName": "Missing", "surface2Value": 0, "gridDefinitionTemplate": 0, "gridDefinitionTemplateName": "Latitude_Longitude", "numberPoints": 65160, "shape": 6, "shapeName": "Earth spherical with radius of 6,371,229.0 m", "gridUnits": "degrees", "resolution": 48, "winds": "true", "scanMode": 0, "nx": 128.0, "ny": 64.0, "basicAngle": 0, "subDivisions": 0, "lo1": 0.0, "la1": 87.86379883923263, "lo2": 357.1875, "la2": -87.86379883923263, "dx": 2.8125, "dy": 2.7893269472772264}, "data":
[rows 38 to 56 of 64, columns 0 to 42 of 128]
1.1179226636886597,1.148423194885254,1.29177725315094,1.4910898208618164,1.6456165313720703,1.6508424282073975,1.5464389324188232,1.5122586488723755,1.5974576473236084,1.7001280784606934,1.8035740852355957,1.960149884223938,2.138617992401123,2.276798725128174,2.3722383975982666,2.446023941040039,2.5015602111816406,2.5304126739501953,2.529754638671875,2.5137860774993896,2.497074604034424,2.4828755855560303,2.4857332706451416,2.527704954147339,2.6046700477600098,2.6949872970581055,2.7900235652923584,2.889876127243042,2.9920434951782227,3.0935871601104736,3.1869020462036133,3.266385078430176,3.3431661128997803,3.4232177734375,3.491903066635132,3.551492929458618,3.620948076248169,3.6874568462371826,3.7429003715515137,3.833510637283325,3.9756484031677246,4.114436626434326,4.240398406982422
3.7718193531036377,3.8725016117095947,4.096805095672607,4.302645206451416,4.3498430252075195,4.259592533111572,4.119761943817139,3.985619068145752,3.8569791316986084,3.697730779647827,3.490858554840088,3.2779033184051514,3.1314854621887207,3.084390878677368,3.1118650436401367,3.192091703414917,3.3178911209106445,3.446744918823242,3.5358755588531494,3.6059556007385254,3.6831023693084717,3.7474255561828613,3.7997639179229736,3.8805394172668457,3.9979891777038574,4.126965522766113,4.257597923278809,4.3901872634887695,4.52628231048584,4.673603534698486,4.8210978507995605,4.9491448402404785,5.072527885437012,5.203132152557373,5.3125691413879395,5.403132915496826,5.518204689025879,5.6428327560424805,5.734409332275391,5.833324432373047,5.989091396331787,6.159892559051514,6.312601566314697
6.770606994628906,6.980964660644531,7.262875080108643,7.460842609405518,7.422842979431152,7.266232490539551,7.1570658683776855,7.0665459632873535,6.8869476318359375,6.576826572418213,6.131124496459961,5.5948920249938965,5.113513469696045,4.817663669586182,4.699334144592285,4.693087100982666,4.769251346588135,4.890947341918945,5.010646820068359,5.126680850982666,5.251099109649658,5.372049808502197,5.495879173278809,5.64065408706665,5.792076110839844,5.942519664764404,6.1125006675720215,6.29201078414917,6.453575134277344,6.610509872436523,6.772049903869629,6.909911155700684,7.027646541595459,7.155557155609131,7.274293899536133,7.36227560043335,7.460443019866943,7.589053153991699,7.704612731933594,7.796261310577393,7.901657581329346,8.024932861328125,8.148277282714844
9.83901596069336,10.0891752243042,10.337547302246094,10.503543853759766,10.443273544311523,10.263106346130371,10.152685165405273,10.076383590698242,9.881540298461914,9.519744873046875,9.012232780456543,8.39789867401123,7.793680667877197,7.339495658874512,7.068991184234619,6.935632228851318,6.903454303741455,6.945176601409912,7.030547618865967,7.142606258392334,7.265629291534424,7.393156051635742,7.548325538635254,7.730276584625244,7.8928680419921875,8.035784721374512,8.211103439331055,8.408834457397461,8.573485374450684,8.717257499694824,8.874337196350098,9.013147354125977,9.112910270690918,9.216303825378418,9.330218315124512,9.40653133392334,9.447927474975586,9.502346992492676,9.568049430847168,9.612287521362305,9.644195556640625,9.69459342956543,9.764974594116211
12.951887130737305,13.140595436096191,13.27590274810791,13.357808113098145,13.266080856323242,13.044050216674805,12.850815773010254,12.685624122619629,12.422337532043457,12.027490615844727,11.561842918395996,11.0691499710083,10.583335876464844,10.163238525390625,9.857362747192383,9.672063827514648,9.57919692993164,9.545988082885742,9.56895923614502,9.653395652770996,9.76783561706543,9.88475227355957,10.031545639038086,10.21872615814209,10.391197204589844,10.528008460998535,10.679080963134766,10.85051441192627,10.991971015930176,11.11076545715332,11.249984741210938,11.382744789123535,11.465153694152832,11.527325630187988,11.600057601928711,11.644387245178223,11.634636878967285,11.610872268676758,11.600102424621582,11.579819679260254,11.542047500610352,11.512617111206055,11.498659133911133
16.045963287353516,16.145992279052734,16.16132354736328,16.112884521484375,15.934292793273926,15.651369094848633,15.38481616973877,15.152769088745117,14.85744571685791,14.466748237609863,14.064684867858887,13.725054740905762,13.439188957214355,13.177924156188965,12.957432746887207,12.806954383850098,12.706480979919434,12.62024211883545,12.574505805969238,12.617269515991211,12.720582008361816,12.825591087341309,12.947318077087402,13.122355461120605,13.311811447143555,13.464736938476562,13.600557327270508,13.741864204406738,13.861161231994629,13.951876640319824,14.047218322753906,14.141239166259766,14.191722869873047,14.198782920837402,14.192276954650879,14.16849136352539,14.111503601074219,14.037009239196777,13.962470054626465,13.876936912536621,13.770747184753418,13.65339469909668,13.529871940612793
18.70197105407715,18.760723114013672,18.712736129760742,18.569765090942383,18.34124183654785,18.074337005615234,17.842805862426758,17.649600982666016,17.416099548339844,17.104000091552734,16.7856502532959,16.556114196777344,16.422983169555664,16.328853607177734,16.24591827392578,16.181915283203125,16.117830276489258,16.030105590820312,15.964889526367188,15.989554405212402,16.078601837158203,16.15340232849121,16.21454429626465,16.320528030395508,16.46575927734375,16.594757080078125,16.700927734375,16.80936622619629,16.904569625854492,16.959428787231445,16.989952087402344,17.01906967163086,17.03101348876953,17.002180099487305,16.937320709228516,16.85170555114746,16.74892807006836,16.62637710571289,16.483510971069336,16.322683334350586,16.148550033569336,15.961291313171387,15.756388664245605
20.43561363220215,20.493194580078125,20.44144058227539,20.29755973815918,20.127822875976562,19.979557037353516,19.86467933654785,19.767000198364258,19.649986267089844,19.490400314331055,19.32004165649414,19.206289291381836,19.18060302734375,19.21552085876465,19.271865844726562,19.324474334716797,19.344642639160156,19.322158813476562,19.307756423950195,19.361597061157227,19.456966400146484,19.512073516845703,19.511816024780273,19.513795852661133,19.54391098022461,19.575641632080078,19.602285385131836,19.64310073852539,19.6844425201416,19.68962287902832,19.661094665527344,19.63298225402832,19.609970092773438,19.56275177001953,19.476905822753906,19.366252899169922,19.238597869873047,19.080036163330078,18.880985260009766,18.65650749206543,18.4276123046875,18.194822311401367,17.94634437561035
21.024757385253906,21.080745697021484,21.05445098876953,20.96883201599121,20.900373458862305,20.876291275024414,20.871543884277344,20.87751007080078,20.91203498840332,20.974361419677734,21.042861938476562,21.115629196166992,21.216327667236328,21.36019515991211,21.533519744873047,21.69771385192871,21.806825637817383,21.847000122070312,21.865060806274414,21.92336654663086,22.02085304260254,22.097543716430664,22.11687469482422,22.09686851501465,22.061199188232422,22.0130615234375,21.962024688720703,21.925785064697266,21.897275924682617,21.851043701171875,21.785606384277344,21.722246170043945,21.662031173706055,21.580486297607422,21.46732521057129,21.338050842285156,21.199317932128906,21.031978607177734,20.820491790771484,20.576515197753906,20.319637298583984,20.05258560180664,19.770484924316406
20.478315353393555,20.522785186767578,20.53016471862793,20.506263732910156,20.5052547454834,20.546430587768555,20.611135482788086,20.709325790405273,20.885303497314453,21.148378372192383,21.44545555114746,21.718929290771484,21.96300506591797,22.210391998291016,22.480064392089844,22.7447509765625,22.944622039794922,23.038869857788086,23.051488876342773,23.05567741394043,23.106325149536133,23.198266983032227,23.289756774902344,23.345224380493164,23.350780487060547,23.312034606933594,23.249351501464844,23.182193756103516,23.112585067749023,23.033119201660156,22.946504592895508,22.860132217407227,22.765785217285156,22.64613914489746,22.501771926879883,22.351299285888672,22.202144622802734,22.03912353515625,21.84658432006836,21.625070571899414,21.379873275756836,21.110836029052734,20.82213020324707
19.029909133911133,19.055824279785156,19.083515167236328,19.103084564208984,19.14697265625,19.23392677307129,19.352401733398438,19.503820419311523,19.720260620117188,20.020238876342773,20.370820999145508,20.71430778503418,21.024169921875,21.323894500732422,21.65237045288086,22.01142120361328,22.344402313232422,22.572540283203125,22.663442611694336,22.66558837890625,22.668861389160156,22.730695724487305,22.839855194091797,22.943214416503906,22.99711799621582,22.99555015563965,22.95899772644043,22.905675888061523,22.837879180908203,22.75288963317871,22.65567398071289,22.55304718017578,22.442163467407227,22.315980911254883,22.177349090576172,22.03700065612793,21.898279190063477,21.7533016204834,21.594579696655273,21.420211791992188,21.227279663085938,21.010833740234375,20.7727108001709
17.059906005859375,17.060157775878906,17.07811164855957,17.11441421508789,17.194358825683594,17.326852798461914,17.485071182250977,17.6416072845459,17.806638717651367,18.013792037963867,18.273862838745117,18.557180404663086,18.82750129699707,19.08838653564453,19.3876953125,19.766403198242188,20.199188232421875,20.592853546142578,20.855287551879883,20.970903396606445,21.00593376159668,21.04150390625,21.106250762939453,21.172035217285156,21.201494216918945,21.18796730041504,21.151220321655273,21.10725212097168,21.053308486938477,20.979625701904297,20.886028289794922,20.782184600830078,20.676925659179688,20.57358169555664,20.47286033630371,20.374387741088867,20.274959564208984,20.170307159423828,20.058862686157227,19.941007614135742,19.814983367919922,19.6776180267334,19.527729034423828
14.750420570373535,14.728799819946289,14.722909927368164,14.746471405029297,14.81825065612793,14.93703842163086,15.073321342468262,15.20008373260498,15.328004837036133,15.49706745147705,15.72801685333252,15.989620208740234,16.224843978881836,16.41343879699707,16.60363006591797,16.871706008911133,17.244043350219727,17.660369873046875,18.01749610900879,18.250181198120117,18.36952018737793,18.42959976196289,18.46860122680664,18.486228942871094,18.468353271484375,18.41762924194336,18.354488372802734,18.294937133789062,18.237218856811523,18.17072868347168,18.092273712158203,18.010149002075195,17.93503189086914,17.870946884155273,17.81490707397461,17.76131820678711,17.705724716186523,17.645450592041016,17.578895568847656,17.505197525024414,17.425790786743164,17.346174240112305,17.27273941040039
12.063708305358887,12.03166389465332,12.016473770141602,12.01876449584961,12.039883613586426,12.07998275756836,12.13992977142334,12.232982635498047,12.390137672424316,12.639299392700195,12.967967987060547,13.30875301361084,13.575214385986328,13.72642707824707,13.802647590637207,13.894959449768066,14.072850227355957,14.333264350891113,14.61343765258789,14.84700870513916,15.007438659667969,15.105854988098145,15.160750389099121,15.178297996520996,15.15827465057373,15.10814380645752,15.044112205505371,14.979683876037598,14.918383598327637,14.858965873718262,14.804430961608887,14.762657165527344,14.738892555236816,14.729717254638672,14.725688934326172,14.718477249145508,14.704584121704102,14.682353973388672,14.648160934448242,14.597885131835938,14.5338716506958,14.469337463378906,14.422391891479492
9.205111503601074,9.174847602844238,9.173550605773926,9.178751945495605,9.175354957580566,9.170822143554688,9.197927474975586,9.304132461547852,9.529515266418457,9.878653526306152,10.302241325378418,10.706947326660156,10.997515678405762,11.128670692443848,11.129738807678223,11.082118034362793,11.066313743591309,11.118407249450684,11.224448204040527,11.347185134887695,11.456158638000488,11.538813591003418,11.593857765197754,11.622557640075684,11.627021789550781,11.612470626831055,11.586186408996582,11.553779602050781,11.518592834472656,11.485259056091309,11.462361335754395,11.459137916564941,11.478734016418457,11.515168190002441,11.55781078338623,11.598183631896973,11.632061004638672,11.65530014038086,11.659427642822266,11.634925842285156,11.58038330078125,11.509586334228516,11.446956634521484
6.6894426345825195,6.680932998657227,6.706968307495117,6.740630149841309,6.766423225402832,6.796176433563232,6.867560863494873,7.025782585144043,7.297023773193359,7.667459011077881,8.07962703704834,8.450888633728027,8.707049369812012,8.813865661621094,8.788671493530273,8.68596076965332,8.567205429077148,8.474390029907227,8.420781135559082,8.398902893066406,8.394309997558594,8.395325660705566,8.395636558532715,8.393414497375488,8.389663696289062,8.386451721191406,8.38469409942627,8.38311767578125,8.379822731018066,8.375280380249023,8.37389087677002,8.381614685058594,8.402321815490723,8.436227798461914,8.481847763061523,8.538081169128418,8.602801322937012,8.668572425842285,8.720486640930176,8.741260528564453,8.721660614013672,8.66905689239502,8.605953216552734
4.7829976081848145,4.8056559562683105,4.850308418273926,4.902734279632568,4.957429885864258,5.025032997131348,5.129092693328857,5.293523788452148,5.527251243591309,5.814668655395508,6.1172661781311035,6.385996341705322,6.578307151794434,6.67204475402832,6.66996955871582,6.594182014465332,6.4748430252075195,6.339625358581543,6.207716941833496,6.089205265045166,5.9873762130737305,5.9014573097229,5.829339504241943,5.769379615783691,5.721449851989746,5.686466217041016,5.664604663848877,5.653951644897461,5.650213241577148,5.64820671081543,5.643810272216797,5.635403633117676,5.624667644500732,5.617048740386963,5.62111234664917,5.645762920379639,5.695305824279785,5.764542102813721,5.838160991668701,5.896324634552002,5.924743175506592,5.923038005828857,5.905693531036377
3.281010389328003,3.3118436336517334,3.350353479385376,3.3946633338928223,3.4453353881835938,3.507047176361084,3.5872437953948975,3.692413806915283,3.823762893676758,3.9747087955474854,4.131484508514404,4.276320934295654,4.3916707038879395,4.463789939880371,4.485047340393066,4.454714298248291,4.378601551055908,4.267924785614014,4.136898994445801,3.9998981952667236,3.8683059215545654,3.748798131942749,3.6433801651000977,3.55142879486084,3.472200870513916,3.4062933921813965,3.355201244354248,3.3195085525512695,3.296952247619629,3.2818984985351562,3.2667160034179688,3.2446813583374023,3.213352680206299,3.176698684692383,3.1444363594055176,3.1284849643707275,3.137465000152588,3.1721808910369873,3.224452018737793,3.281121253967285,3.330881357192993,3.3704912662506104,3.4065537452697754
1.9620492458343506,1.9790194034576416,2.0011441707611084,2.031895160675049,2.071765184402466,2.1188483238220215,2.169891357421875,2.221639633178711,2.271801710128784,2.3192028999328613,2.363126039505005,2.402070999145508,2.4325766563415527,2.448870897293091,2.4438817501068115,2.4115066528320312,2.3491501808166504,2.259385108947754,2.1496853828430176,2.0302014350891113,1.910630464553833,1.7976677417755127,1.6941906213760376,1.6003170013427734,1.5154774188995361,1.4401836395263672,1.3762375116348267,1.3255748748779297,1.2883590459823608,1.2618080377578735,1.240507960319519,1.218266248703003,1.1910558938980103,1.1589869260787964,1.126853585243225,1.1021798849105835,1.0920575857162476,1.1001148223876953,1.1253654956817627,1.1635774374008179,1.2103614807128906,1.264182209968567,1.32779860496521
