earth/public/data/atmosphere/C53/ANN-wind-isobaric-1000hPa-gfs-1.0.json
{"header": {"discipline": 0, "disciplineName": "Meteorological products", "gribEdition": 2, "gribLength": 17922.0, "center": 0, "centerName": "Kiel Climate Model", "subcenter": 0, "refTime": "1", "significanceOfRT": 1, "significanceOfRTName": "Start of forecast", "productStatus": 0, "productStatusName": "Operational products", "productType": 1, "productTypeName": "Forecast products", "productDefinitionTemplate": 0, "productDefinitionTemplateName": "Analysis/forecast at horizontal level/layer at a point in time", "parameterCategory": 2, "parameterCategoryName": "Momentum", "parameterNumber": 2, "parameterNumberName": "U-component_of_wind", "parameterUnit": "m/s", "genProcessType": 2, "genProcessTypeName": "Forecast", "forecastTime": 0, "surface1Type": 103, "surface1TypeName": "Specified height level above ground", "surface1Value": 10, "surface2Type": 255, "surface2TypeName": "Missing", "surface2Value": 0, "gridDefinitionTemplate": 0, "gridDefinitionTemplateName": "Latitude_Longitude", "numberPoints": 65160, "shape": 6, "shapeName": "Earth spherical with radius of 6,371,229.0 m", "gridUnits": "degrees", "resolution": 48, "winds": "true", "scanMode": 0, "nx": 128.0, "ny": 64.0, "basicAngle": 0, "subDivisions": 0, "lo1": 0.0, "la1": 87.86379883923263, "lo2": 357.1875, "la2": -87.86379883923263, "dx": 2.8125, "dy": 2.7893269472772264}, "data":
[rows 0 to 18 of 64, columns 43 to 85 of 128]
1.4700859785079956,1.5351547002792358,1.5956021547317505,1.651013731956482,1.701005220413208,1.7452025413513184,1.783231496810913,1.8147480487823486,1.8394442796707153,1.8570382595062256,1.8672914505004883,1.8700096607208252,1.8650436401367188,1.8523284196853638,1.8318136930465698,1.8035434484481812,1.7676128149032593,1.7241606712341309,1.6733957529067993,1.6155656576156616,1.5509768724441528,1.4799681901931763,1.4029124975204468,1.3202043771743774,1.2322494983673096,1.139471173286438,1.0422934293746948,0.9411258101463318,0.8363896608352661,0.7284632325172424,0.6177442669868469,0.5045944452285767,0.38936007022857666,0.2723766267299652,0.1539899855852127,0.034515686333179474,-0.08574023842811584,-0.20644478499889374,-0.3272789418697357,-0.44790759682655334,-0.5679989457130432,-0.6871971487998962,-0.8051491975784302
1.33822500705719,1.4616392850875854,1.5813170671463013,1.6960910558700562,1.8048226833343506,1.9063502550125122,1.9994717836380005,2.0829544067382812,2.155531883239746,2.2158873081207275,2.262709140777588,2.2947099208831787,2.310698986053467,2.3096442222595215,2.290771961212158,2.253636598587036,2.1981966495513916,2.124861478805542,2.0345540046691895,1.9286543130874634,1.8089964389801025,1.6777970790863037,1.5375206470489502,1.390796422958374,1.2402379512786865,1.0883147716522217,0.9372435212135315,0.7888522148132324,0.644505500793457,0.5050696730613708,0.37090301513671875,0.24187979102134705,0.11747977137565613,-0.0031590706203132868,-0.12107493728399277,-0.23740386962890625,-0.3532559275627136,-0.46958890557289124,-0.5871078372001648,-0.7062218189239502,-0.8270002007484436,-0.9491287469863892,-1.0719678401947021
1.290115475654602,1.443432331085205,1.5855541229248047,1.716196060180664,1.836125373840332,1.946921706199646,2.050530195236206,2.148782968521118,2.2428691387176514,2.3328781127929688,2.4174633026123047,2.493762254714966,2.5574748516082764,2.6032276153564453,2.625149726867676,2.617492437362671,2.5754246711730957,2.4956722259521484,2.3770766258239746,2.220945358276367,2.031036138534546,1.8134150505065918,1.5759413242340088,1.327584981918335,1.077671766281128,0.835044264793396,0.6073215007781982,0.4003024399280548,0.21759675443172455,0.06047821417450905,-0.07202748209238052,-0.18285144865512848,-0.27641060948371887,-0.358033150434494,-0.4334426820278168,-0.5081120729446411,-0.5868732333183289,-0.6734843850135803,-0.7704312205314636,-0.8788056373596191,-0.9983091950416565,-1.127365231513977,-1.2633143663406372
1.009984016418457,1.15786874294281,1.2720504999160767,1.3510944843292236,1.398432731628418,1.4220080375671387,1.4332274198532104,1.4451467990875244,1.4703856706619263,1.5189377069473267,1.5963656902313232,1.7025837898254395,1.8314857482910156,1.9715391397476196,2.1070680618286133,2.22037672996521,2.2940354347229004,2.3133206367492676,2.268224000930786,2.1549336910247803,1.9764037132263184,1.7420295476913452,1.4664850234985352,1.1678367853164673,0.8652686476707458,0.5767515897750854,0.31705597043037415,0.09629058092832565,-0.08082284778356552,-0.21484526991844177,-0.3108969032764435,-0.3774213492870331,-0.42471790313720703,-0.4634992182254791,-0.5036097168922424,-0.5531002879142761,-0.6176461577415466,-0.7003502249717712,-0.801843523979187,-0.9205628037452698,-1.0532265901565552,-1.1953437328338623,-1.3417595624923706
0.5604180097579956,0.7864134907722473,0.9740276336669922,1.1072769165039062,1.1795016527175903,1.194615125656128,1.166109561920166,1.1143475770950317,1.0625948905944824,1.032759666442871,1.0416563749313354,1.0984296798706055,1.2033385038375854,1.347942590713501,1.5164588689804077,1.6880223751068115,1.839530348777771,1.9488567113876343,1.997963786125183,1.9757075309753418,1.8796168565750122,1.716476321220398,1.5012757778167725,1.2547839879989624,0.9999657273292542,0.758231520652771,0.546035885810852,0.3728114068508148,0.24040883779525757,0.14404471218585968,0.07447399199008942,0.02048247866332531,-0.028715703636407852,-0.08176806569099426,-0.1443895399570465,-0.2193508744239807,-0.3069874048233032,-0.4059227406978607,-0.5136351585388184,-0.6268516778945923,-0.7417575120925903,-0.8540894389152527,-0.9594159722328186
0.04072032868862152,0.375235915184021,0.7084160447120667,1.0069756507873535,1.2485791444778442,1.4244550466537476,1.5379642248153687,1.6004815101623535,1.6261773109436035,1.627840280532837,1.615028977394104,1.594498872756958,1.5720362663269043,1.5539908409118652,1.5472880601882935,1.557610034942627,1.5866303443908691,1.6297425031661987,1.675843596458435,1.709864854812622,1.7171568870544434,1.68833589553833,1.6224300861358643,1.5270516872406006,1.4155590534210205,1.302291989326477,1.1978861093521118,1.1063838005065918,1.0251399278640747,0.9472765326499939,0.8654611110687256,0.7754153609275818,0.677729606628418,0.5775595307350159,0.4823855757713318,0.39898690581321716,0.33078381419181824,0.2766297459602356,0.2313441038131714,0.1877739429473877,0.13951630890369415,0.08348501473665237,0.02125459350645542
-0.17222563922405243,0.0652332752943039,0.32510754466056824,0.5859943628311157,0.8384565114974976,1.0841230154037476,1.3292204141616821,1.5754094123840332,1.812396764755249,2.0162363052368164,2.154958486557007,2.200108528137207,2.139592170715332,1.9861319065093994,1.7771086692810059,1.564774513244629,1.4003193378448486,1.3180352449417114,1.3258740901947021,1.4060910940170288,1.5249797105789185,1.6469446420669556,1.7466516494750977,1.8145015239715576,1.8542330265045166,1.8752994537353516,1.8845767974853516,1.8816317319869995,1.8594402074813843,1.8094851970672607,1.7281780242919922,1.6211845874786377,1.5035830736160278,1.3958663940429688,1.317405104637146,1.2802008390426636,1.2850306034088135,1.3212567567825317,1.3702080249786377,1.4104771614074707,1.4237507581710815,1.3991504907608032,1.3355863094329834
0.406586617231369,0.4165792763233185,0.41201794147491455,0.40726572275161743,0.43102020025253296,0.5174282789230347,0.6924034953117371,0.9603809714317322,1.2966200113296509,1.6489946842193604,1.9501999616622925,2.1376588344573975,2.175031900405884,2.067089557647705,1.8610739707946777,1.6322596073150635,1.4584345817565918,1.3933714628219604,1.4504119157791138,1.6029422283172607,1.8005752563476562,1.992488145828247,2.1466686725616455,2.256948232650757,2.3367347717285156,2.404974937438965,2.4729833602905273,2.5385897159576416,2.5894389152526855,2.6119155883789062,2.600059986114502,2.5599074363708496,2.5076913833618164,2.4634828567504883,2.443812847137451,2.456301689147949,2.4982802867889404,2.558983564376831,2.6239616870880127,2.679462194442749,2.7149715423583984,2.7235848903656006,2.7010715007781982
1.3145954608917236,1.3008208274841309,1.2248481512069702,1.1195987462997437,1.0359044075012207,1.0206129550933838,1.0968527793884277,1.2560662031173706,1.4639641046524048,1.6745258569717407,1.8451449871063232,1.9477615356445312,1.9751988649368286,1.9428341388702393,1.8852721452713013,1.847167730331421,1.8689994812011719,1.9718185663223267,2.148097038269043,2.3643271923065186,2.5754473209381104,2.7444775104522705,2.857211112976074,2.9246366024017334,2.9729154109954834,3.027794361114502,3.1026101112365723,3.195490598678589,3.2951087951660156,3.3896358013153076,3.472943067550659,3.5454611778259277,3.6109743118286133,3.6726112365722656,3.7306132316589355,3.782735586166382,3.8262619972229004,3.860684871673584,3.8897347450256348,3.9215526580810547,3.965761423110962,4.02754020690918,4.10147762298584
1.6692874431610107,1.8137435913085938,1.8581304550170898,1.8280274868011475,1.7955735921859741,1.8290156126022339,1.947443962097168,2.1094250679016113,2.2399723529815674,2.2767069339752197,2.2065908908843994,2.0727016925811768,1.949705958366394,1.9051083326339722,1.9697192907333374,2.132209062576294,2.355365037918091,2.5992090702056885,2.8358938694000244,3.0515453815460205,3.2405240535736084,3.400585651397705,3.5324642658233643,3.641439914703369,3.73687744140625,3.8289597034454346,3.925049066543579,4.028793811798096,4.141709327697754,4.264628887176514,4.396923542022705,4.534252643585205,4.668222904205322,4.7895684242248535,4.892905235290527,4.979038715362549,5.052736282348633,5.1187357902526855,5.180545330047607,5.243330955505371,5.316398620605469,5.409580230712891,5.523359298706055
1.6322094202041626,1.800864815711975,1.7927535772323608,1.6058937311172485,1.3599203824996948,1.2212146520614624,1.3041883707046509,1.6042715311050415,1.9991542100906372,2.319530725479126,2.449583053588867,2.394451379776001,2.269526481628418,2.2195093631744385,2.326287031173706,2.570042133331299,2.863668441772461,3.124110698699951,3.323457717895508,3.488708257675171,3.663470983505249,3.8696470260620117,4.096412658691406,4.316420555114746,4.509091854095459,4.671997547149658,4.816418170928955,4.956045627593994,5.099217891693115,5.247232437133789,5.395260334014893,5.533655166625977,5.651650905609131,5.744994640350342,5.823099613189697,5.9071125984191895,6.01625919342041,6.152060508728027,6.29551887512207,6.42248010635376,6.524657726287842,6.615478038787842,6.713163375854492
1.7521770000457764,1.776817798614502,1.6353638172149658,1.239370584487915,0.657964825630188,0.11638278514146805,-0.09989287704229355,0.19131095707416534,0.934302031993866,1.8418148756027222,2.563798666000366,2.904873847961426,2.9247934818267822,2.850572347640991,2.886855363845825,3.085045337677002,3.359555244445801,3.6030497550964355,3.782963514328003,3.9458329677581787,4.151825904846191,4.413804054260254,4.692536354064941,4.938927173614502,5.136280059814453,5.306014537811279,5.479604721069336,5.669007301330566,5.862345218658447,6.041569232940674,6.198415756225586,6.333080291748047,6.444492816925049,6.530420780181885,6.599669456481934,6.6784443855285645,6.795322895050049,6.954227447509766,7.123705863952637,7.25993013381958,7.346138954162598,7.409992218017578,7.4972734451293945
1.8495107889175415,1.7689663171768188,1.8408641815185547,1.8281407356262207,1.5078606605529785,0.8997051119804382,0.3368692100048065,0.25905856490135193,0.8620880842208862,1.909320592880249,2.891972064971924,3.40795636177063,3.4277923107147217,3.2364516258239746,3.1496353149414062,3.2831737995147705,3.5495493412017822,3.815784215927124,4.0368146896362305,4.257327556610107,4.525965213775635,4.83015775680542,5.109672546386719,5.3200225830078125,5.476057529449463,5.634151458740234,5.83421516418457,6.062421798706055,6.271993160247803,6.436440944671631,6.575333595275879,6.726475715637207,6.900180339813232,7.06920862197876,7.2036519050598145,7.308250427246094,7.419076442718506,7.562741279602051,7.722846508026123,7.851993083953857,7.9203948974609375,7.951516628265381,8.004006385803223
1.8027664422988892,1.7278742790222168,2.217611789703369,2.942796468734741,3.3481829166412354,3.1012630462646484,2.392545223236084,1.7914087772369385,1.7621837854385376,2.283036708831787,2.9182088375091553,3.2451608180999756,3.2023682594299316,3.050356864929199,3.0599775314331055,3.2805678844451904,3.579327344894409,3.8299050331115723,4.024223327636719,4.231595516204834,4.499109745025635,4.80449914932251,5.086658954620361,5.308584690093994,5.492712497711182,5.695387840270996,5.94271993637085,6.196671485900879,6.395605564117432,6.527072906494141,6.645977020263672,6.814683437347412,7.035989284515381,7.254450798034668,7.417265892028809,7.524242401123047,7.621285438537598,7.753477573394775,7.923684120178223,8.08957576751709,8.200950622558594,8.24544620513916,8.258103370666504
1.8163968324661255,1.8522260189056396,2.408486843109131,3.221012592315674,3.7918527126312256,3.7582080364227295,3.180377721786499,2.4858579635620117,2.1038501262664795,2.1306934356689453,2.3429384231567383,2.505811929702759,2.613852024078369,2.816732168197632,3.1764657497406006,3.5757222175598145,3.8588106632232666,3.9932754039764404,4.066551685333252,4.1737284660339355,4.349400997161865,4.578890800476074,4.827049255371094,5.059261322021484,5.267824649810791,5.479329586029053,5.714649677276611,5.948172569274902,6.134583473205566,6.273069858551025,6.41209602355957,6.583480358123779,6.7627482414245605,6.91014289855957,7.02440881729126,7.1344709396362305,7.257843017578125,7.392716407775879,7.5372796058654785,7.687596321105957,7.820545196533203,7.906666278839111,7.943865776062012
1.5180259943008423,1.7669154405593872,2.030400037765503,2.175004720687866,2.1725661754608154,2.0823843479156494,1.9858977794647217,1.9480422735214233,1.9957654476165771,2.1016347408294678,2.219508171081543,2.369389295578003,2.648508310317993,3.101043939590454,3.60170578956604,3.944815158843994,4.0552873611450195,4.046504020690918,4.060636043548584,4.127814292907715,4.212223052978516,4.3148698806762695,4.460409164428711,4.628918647766113,4.7759222984313965,4.90194034576416,5.041104316711426,5.194244384765625,5.332880973815918,5.4611592292785645,5.609467029571533,5.763306617736816,5.867172718048096,5.920307636260986,6.003969669342041,6.172721862792969,6.369603157043457,6.500895023345947,6.558565139770508,6.61058235168457,6.693045616149902,6.777237892150879,6.8396477699279785
0.6285706758499146,1.0010037422180176,1.0802057981491089,0.7742003798484802,0.4257437288761139,0.4736194908618927,1.0265982151031494,1.8088722229003906,2.461928129196167,2.822387933731079,2.9524385929107666,3.020922899246216,3.172614336013794,3.418473720550537,3.6172168254852295,3.6285812854766846,3.4985077381134033,3.414682626724243,3.467519760131836,3.5580577850341797,3.577225923538208,3.5627965927124023,3.605717897415161,3.697391986846924,3.769298553466797,3.819826602935791,3.896160364151001,3.988854169845581,4.049447536468506,4.094315052032471,4.1863884925842285,4.313831329345703,4.392804145812988,4.4131975173950195,4.476994037628174,4.641490459442139,4.816331386566162,4.8908281326293945,4.892390727996826,4.9281463623046875,5.017486572265625,5.084818363189697,5.100408554077148
-0.08064603805541992,0.12272593379020691,0.22601023316383362,0.12422191351652145,0.1097494512796402,0.538914680480957,1.3963425159454346,2.297149419784546,2.88267183303833,3.0955965518951416,3.0823638439178467,2.981452465057373,2.863077163696289,2.7492551803588867,2.6068689823150635,2.398247003555298,2.1869730949401855,2.09971284866333,2.143209934234619,2.175264596939087,2.110745429992676,2.0346250534057617,2.0422139167785645,2.09039568901062,2.100787878036499,2.1050777435302734,2.1719493865966797,2.2627058029174805,2.2847273349761963,2.2515294551849365,2.2673423290252686,2.359581470489502,2.4429800510406494,2.4674315452575684,2.4891324043273926,2.551903486251831,2.6045660972595215,2.6077799797058105,2.631113290786743,2.7469496726989746,2.8947832584381104,2.958392381668091,2.934946298599243
-0.07018990814685822,-0.09915130585432053,-0.01830228604376316,0.1523355096578598,0.5152774453163147,1.1134546995162964,1.7613646984100342,2.1572518348693848,2.1798572540283203,1.9856857061386108,1.7734479904174805,1.5670806169509888,1.3083516359329224,1.0293534994125366,0.804831862449646,0.6360189914703369,0.4973631799221039,0.4032803475856781,0.34091442823410034,0.2460080236196518,0.11856435984373093,0.04722464457154274,0.05780365318059921,0.05602956935763359,-0.01970549114048481,-0.09750192612409592,-0.08923166990280151,-0.023160681128501892,0.009769197553396225,-0.012054945342242718,-0.03137439116835594,-0.011001457460224628,0.02376924455165863,0.04614797979593277,0.07134880125522614,0.11215056478977203,0.1458619236946106,0.16824820637702942,0.22464445233345032,0.3288379907608032,0.41187775135040283,0.42626312375068665,0.43248260021209717
