earth/public/data/atmosphere/C53/ANN-rh-isobaric-250hPa-gfs-1.0.json
{"header": {"discipline": 0, "disciplineName": "Meteorological products", "gribEdition": 2, "gribLength": 17922.0, "center": 0, "centerName": "Kiel Climate Model", "subcenter": 0, "refTime": "1", "significanceOfRT": 1, "significanceOfRTName": "Start of forecast", "productStatus": 0, "productStatusName": "Operational products", "productType": 1, "productTypeName": "Forecast products", "productDefinitionTemplate": 0, "productDefinitionTemplateName": "Analysis/forecast at horizontal level/layer at a point in time", "parameterCategory": 2, "parameterCategoryName": "Momentum", "parameterNumber": 2, "parameterNumberName": "U-component_of_wind", "parameterUnit": "%", "genProcessType": 2, "genProcessTypeName": "Forecast", "forecastTime": 0, "surface1Type": 103, "surface1TypeName": "Specified height level above ground", "surface1Value": 10, "surface2Type": 255, "surface2TypeName": "Missing", "surface2Value": 0, "gridDefinitionTemplate": 0, "gridDefinitionTemplateName": "Latitude_Longitude", "numberPoints": 65160, "shape": 6, "shapeName": "Earth spherical with radius of 6,371,229.0 m", "gridUnits": "degrees", "resolution": 48, "winds": "true", "scanMode": 0, "nx": 128.0, "ny": 64.0, "basicAngle": 0, "subDivisions": 0, "lo1": 0.0, "la1": 87.86379883923263, "lo2": 357.1875, "la2": -87.86379883923263, "dx": 2.8125, "dy": 2.7893269472772264}, "data":
[rows 38 to 56 of 64, columns 43 to 85 of 128]
0.36651164293289185,0.3649289011955261,0.3644430935382843,0.3655315041542053,0.3675907552242279,0.3705236315727234,0.3746127784252167,0.38010960817337036,0.3871539831161499,0.3953412175178528,0.4043984115123749,0.41459202766418457,0.4253445863723755,0.43569624423980713,0.446150541305542,0.4572531282901764,0.467940092086792,0.4772912859916687,0.4853414297103882,0.49219220876693726,0.4986385703086853,0.5055475234985352,0.5119854211807251,0.5171775221824646,0.5224436521530151,0.5280811786651611,0.5321363210678101,0.5340020656585693,0.5348642468452454,0.5348506569862366,0.5336035490036011,0.5318272113800049,0.5296003222465515,0.5257307887077332,0.5200345516204834,0.5134578347206116,0.5057862997055054,0.4961489140987396,0.48521408438682556,0.4739818274974823,0.4618285298347473,0.4485042095184326,0.4355570077896118
0.32938823103904724,0.32940855622291565,0.3303685188293457,0.3326660692691803,0.3359578847885132,0.3403667211532593,0.3460446894168854,0.35286763310432434,0.36084017157554626,0.36973661184310913,0.37928348779678345,0.3897917568683624,0.40136563777923584,0.41352060437202454,0.4261760711669922,0.4393784999847412,0.45251888036727905,0.4650764763355255,0.47684764862060547,0.48748978972435,0.4972829520702362,0.5070357918739319,0.5166990160942078,0.5259849429130554,0.5352795124053955,0.5441408157348633,0.5513713359832764,0.5573580265045166,0.5632472634315491,0.568531334400177,0.5723828077316284,0.575251042842865,0.5770321488380432,0.5767005681991577,0.5746486186981201,0.5719027519226074,0.5674638748168945,0.560143768787384,0.5513842105865479,0.542684018611908,0.533028244972229,0.5218690037727356,0.510776937007904
0.3123873174190521,0.31364715099334717,0.31584495306015015,0.31878745555877686,0.322449654340744,0.3273812532424927,0.3334691524505615,0.34021732211112976,0.3478976786136627,0.3567150831222534,0.36618050932884216,0.37630099058151245,0.3876345455646515,0.4000404179096222,0.4128389358520508,0.4257752597332001,0.43906402587890625,0.4528309106826782,0.46653100848197937,0.4792245328426361,0.49090033769607544,0.502547025680542,0.514552116394043,0.5263988971710205,0.5377051830291748,0.5482412576675415,0.5577687621116638,0.5666183233261108,0.5752870440483093,0.5836256146430969,0.591389536857605,0.5984328389167786,0.6038854718208313,0.6070235967636108,0.6086823344230652,0.60959792137146,0.6086565852165222,0.6051486730575562,0.6005105376243591,0.5956629514694214,0.5896134376525879,0.5822399258613586,0.5748980641365051
0.31289342045783997,0.31507638096809387,0.31802886724472046,0.32123392820358276,0.324796199798584,0.3294040858745575,0.33493277430534363,0.3410225510597229,0.34824270009994507,0.35690662264823914,0.36619144678115845,0.3756793141365051,0.38598981499671936,0.3973376154899597,0.4091391861438751,0.421102911233902,0.4334743618965149,0.4463095963001251,0.45914891362190247,0.4715225100517273,0.4835951030254364,0.49581921100616455,0.5079498887062073,0.5193212628364563,0.5300787091255188,0.5409840941429138,0.5520631074905396,0.5625529289245605,0.5721511244773865,0.5814626216888428,0.5910086035728455,0.6002163887023926,0.6079205870628357,0.6138476729393005,0.6187155842781067,0.6226950883865356,0.6251011490821838,0.6258466243743896,0.6255624890327454,0.6242049932479858,0.62137371301651,0.6177027821540833,0.6140921711921692
0.33465421199798584,0.33710426092147827,0.3400152921676636,0.3431682884693146,0.34668466448783875,0.35100221633911133,0.35614657402038574,0.36204999685287476,0.36901989579200745,0.37693536281585693,0.38501980900764465,0.393067330121994,0.40170997381210327,0.411293625831604,0.42160552740097046,0.43243545293807983,0.44351211190223694,0.4543813467025757,0.4649318754673004,0.47557228803634644,0.48661255836486816,0.497712641954422,0.5080804824829102,0.5173749923706055,0.5263480544090271,0.5360262393951416,0.5462465882301331,0.5558783411979675,0.5645574331283569,0.5731088519096375,0.582049548625946,0.5908111929893494,0.5987991690635681,0.6061298847198486,0.6128935813903809,0.6187247633934021,0.6235125660896301,0.6275012493133545,0.6304356455802917,0.6317698955535889,0.6318070888519287,0.6313822269439697,0.6306377649307251
0.3805052638053894,0.3825528919696808,0.3848443627357483,0.3877117335796356,0.39107921719551086,0.39482033252716064,0.3990822434425354,0.4041617512702942,0.4100731909275055,0.4163760244846344,0.42272675037384033,0.42933225631713867,0.4364410936832428,0.4439375102519989,0.45186007022857666,0.4605065882205963,0.46965670585632324,0.4786013960838318,0.4871494770050049,0.4957214295864105,0.5044304132461548,0.5128441452980042,0.5206064581871033,0.5277990102767944,0.5347778797149658,0.5418206453323364,0.5488194823265076,0.5554523468017578,0.5617346167564392,0.5680205225944519,0.5744616985321045,0.5810036063194275,0.5877425074577332,0.5945929884910583,0.6009607315063477,0.6065583229064941,0.611936628818512,0.6173434853553772,0.6219974756240845,0.6254292726516724,0.6282787919044495,0.6308270692825317,0.6323760747909546
0.44305849075317383,0.4445824921131134,0.4462440609931946,0.4486207365989685,0.45136862993240356,0.45393654704093933,0.45655569434165955,0.459857702255249,0.46393486857414246,0.46845975518226624,0.47344502806663513,0.4790756106376648,0.4849358797073364,0.4903823435306549,0.4956563711166382,0.501625120639801,0.5084372162818909,0.5153906345367432,0.5219981074333191,0.5282503366470337,0.5340654253959656,0.5393489003181458,0.5443392395973206,0.5492199659347534,0.5537250638008118,0.5576168894767761,0.5611523985862732,0.5646734237670898,0.5681071877479553,0.5712525248527527,0.5743839740753174,0.578169584274292,0.5828211307525635,0.5876219868659973,0.5918245315551758,0.595801591873169,0.6004340052604675,0.6055111885070801,0.6100350618362427,0.6140021085739136,0.6182126402854919,0.6223772764205933,0.6254066824913025
0.506819486618042,0.5081075429916382,0.5094256401062012,0.5112221240997314,0.5132500529289246,0.5151335000991821,0.5171026587486267,0.5195902585983276,0.5225464701652527,0.5257459282875061,0.5293428897857666,0.533453106880188,0.537587583065033,0.5412636995315552,0.5448637008666992,0.5490821599960327,0.5538147687911987,0.5583646297454834,0.5624464750289917,0.5662346482276917,0.5697510838508606,0.5728929042816162,0.5757353901863098,0.5782529711723328,0.5801364183425903,0.5813454389572144,0.5823599696159363,0.5834505558013916,0.584237813949585,0.5844933986663818,0.5849009156227112,0.5863298177719116,0.5885948538780212,0.5907284021377563,0.5925268530845642,0.5949212312698364,0.5983973741531372,0.602024257183075,0.6049057841300964,0.6076491475105286,0.6111786365509033,0.6150015592575073,0.618160605430603
0.5584192276000977,0.5599602460861206,0.5614180564880371,0.5629494786262512,0.5646530985832214,0.5666806101799011,0.5692218542098999,0.5721587538719177,0.5750292539596558,0.5775635242462158,0.5799667835235596,0.5824587345123291,0.5849394202232361,0.5873977541923523,0.5901690721511841,0.5933425426483154,0.5963475108146667,0.598648726940155,0.6005043983459473,0.6025254130363464,0.6047898530960083,0.6068577766418457,0.6083544492721558,0.6091257929801941,0.6091229915618896,0.6085203886032104,0.6076735258102417,0.606687068939209,0.6053606867790222,0.6038150787353516,0.6026980876922607,0.6023662686347961,0.6023215651512146,0.6020432710647583,0.6020122766494751,0.6031056046485901,0.6051198840141296,0.6068952679634094,0.6080516576766968,0.6095343828201294,0.612002968788147,0.61479651927948,0.6171974539756775
0.5945451855659485,0.5966691970825195,0.5987973213195801,0.6007065176963806,0.6024888157844543,0.604534924030304,0.6070889234542847,0.6099263429641724,0.6126148104667664,0.6150169372558594,0.6173262596130371,0.6196591854095459,0.6219257712364197,0.6241274476051331,0.6263986229896545,0.6286200881004333,0.6303750276565552,0.6315433979034424,0.6325963139533997,0.6339969038963318,0.6355577707290649,0.6366821527481079,0.6370234489440918,0.636621356010437,0.6355994939804077,0.6340385675430298,0.6320587992668152,0.6298056840896606,0.6274257302284241,0.6251381635665894,0.6231498122215271,0.6214008331298828,0.6196619272232056,0.618049144744873,0.6171051263809204,0.6170569658279419,0.6173367500305176,0.6173153519630432,0.617260754108429,0.6179412007331848,0.619422197341919,0.6210046410560608,0.6223491430282593
0.6208046078681946,0.6232973337173462,0.6261472702026367,0.628810465335846,0.6310197710990906,0.6329737901687622,0.6349660158157349,0.6370553374290466,0.6391831636428833,0.6414307951927185,0.6439510583877563,0.6466962695121765,0.6494041681289673,0.6518503427505493,0.65395188331604,0.6556409001350403,0.6568734049797058,0.6578205823898315,0.6588062644004822,0.6599020957946777,0.6607497334480286,0.660930335521698,0.6603801846504211,0.6593042612075806,0.6578332185745239,0.6559654474258423,0.653769314289093,0.6514244079589844,0.6490392684936523,0.6465620994567871,0.643932580947876,0.6412891745567322,0.6389923095703125,0.6373842358589172,0.6364338397979736,0.6356655955314636,0.6346167325973511,0.6333885788917542,0.6325130462646484,0.6322163939476013,0.632143497467041,0.632021963596344,0.6321948766708374
0.6446442604064941,0.6468102931976318,0.6495984792709351,0.6524671912193298,0.6549962759017944,0.6571668982505798,0.6591736078262329,0.6611302495002747,0.6630396842956543,0.6649429798126221,0.6669539213180542,0.6691420674324036,0.6714500784873962,0.6737173795700073,0.6757280230522156,0.6772704124450684,0.6782582998275757,0.6788228154182434,0.6791999936103821,0.6794862747192383,0.6795629858970642,0.6792663335800171,0.6785398125648499,0.6773872375488281,0.6758046746253967,0.673865020275116,0.671788215637207,0.669762909412384,0.6677024960517883,0.66532963514328,0.6625953912734985,0.6599159240722656,0.6578556895256042,0.6565405130386353,0.6554920077323914,0.6541528105735779,0.6525309085845947,0.6511510610580444,0.650317907333374,0.6496613025665283,0.6486666202545166,0.6475300788879395,0.6470612287521362
0.6710410714149475,0.672106146812439,0.6737831830978394,0.6757692694664001,0.677776038646698,0.6797221899032593,0.6816616058349609,0.6835976839065552,0.6854312419891357,0.6870726943016052,0.688557505607605,0.6900320649147034,0.6916269063949585,0.6933237910270691,0.6949142813682556,0.6960998177528381,0.696681559085846,0.696691632270813,0.6963502168655396,0.6958958506584167,0.695438802242279,0.6949260830879211,0.6941859722137451,0.6930224299430847,0.691365122795105,0.6893807053565979,0.687381386756897,0.6855467557907104,0.6837473511695862,0.6817300319671631,0.6794865131378174,0.6773375272750854,0.6755725145339966,0.6740739941596985,0.6724517345428467,0.6705977320671082,0.6689514517784119,0.6680460572242737,0.6678255796432495,0.6676335334777832,0.6669923663139343,0.6662066578865051,0.6659506559371948
0.7005966305732727,0.7003873586654663,0.7008305788040161,0.7017763257026672,0.7029379606246948,0.7040750980377197,0.7050927877426147,0.7060251832008362,0.706954836845398,0.7079450488090515,0.7090076208114624,0.7101003527641296,0.7111406922340393,0.7120338678359985,0.7127042412757874,0.7131227254867554,0.7133110761642456,0.7133169770240784,0.7131683826446533,0.7128476500511169,0.7123014330863953,0.7114673852920532,0.7103028297424316,0.7088125348091125,0.7070834636688232,0.7052785158157349,0.7035474181175232,0.7019073963165283,0.7002395391464233,0.6984391808509827,0.6965726613998413,0.6948249936103821,0.6932817697525024,0.6918247938156128,0.6903203129768372,0.6888867616653442,0.6878598928451538,0.6874136924743652,0.6872883439064026,0.6870312690734863,0.6865241527557373,0.6861393451690674,0.6862605214118958
0.7285073399543762,0.727730929851532,0.7278099656105042,0.7286455631256104,0.7297913432121277,0.7306872010231018,0.7309669852256775,0.7306379079818726,0.7300185561180115,0.7294936180114746,0.7292589545249939,0.7292321920394897,0.7291695475578308,0.7288932204246521,0.7284471392631531,0.7280707955360413,0.728004515171051,0.7282857298851013,0.7286800742149353,0.7288080453872681,0.7283724546432495,0.7273220419883728,0.7258522510528564,0.7242609858512878,0.722771167755127,0.7214280366897583,0.720109224319458,0.7186266779899597,0.7168660759925842,0.714884340763092,0.7128947973251343,0.7111455798149109,0.7097848057746887,0.7088286876678467,0.7082395553588867,0.7079823017120361,0.707967221736908,0.7079655528068542,0.7076864838600159,0.707034170627594,0.7062892317771912,0.7059358358383179,0.7062320113182068
0.7497268915176392,0.7493321895599365,0.749780535697937,0.7511000037193298,0.7528426051139832,0.7542735934257507,0.7547487616539001,0.7540409564971924,0.7524089813232422,0.7503887414932251,0.7484707236289978,0.7468801736831665,0.7455919981002808,0.7445031404495239,0.7436046004295349,0.7430050373077393,0.7427980899810791,0.7429108619689941,0.7430692911148071,0.7429313659667969,0.7422897219657898,0.7411913871765137,0.7398872375488281,0.7386495471000671,0.7375959753990173,0.7366319894790649,0.7355422973632812,0.7341501116752625,0.7324357032775879,0.7305484414100647,0.7287212610244751,0.7271628975868225,0.7260002493858337,0.7252832055091858,0.7250077724456787,0.7251005172729492,0.7253855466842651,0.7256079912185669,0.7255648970603943,0.7252635955810547,0.7249515652656555,0.724942147731781,0.7253590822219849
0.7646650671958923,0.7652277946472168,0.766360878944397,0.7682026028633118,0.7704553604125977,0.7724583745002747,0.7734890580177307,0.7731143832206726,0.7713847756385803,0.7687774300575256,0.7659482359886169,0.7634530067443848,0.7615827322006226,0.7603594660758972,0.7596350908279419,0.7591991424560547,0.7588451504707336,0.7583954930305481,0.7577254772186279,0.7567951083183289,0.7556670904159546,0.7544787526130676,0.753361165523529,0.7523573637008667,0.7513959407806396,0.7503496408462524,0.7491377592086792,0.7477961778640747,0.7464666366577148,0.745304524898529,0.744382381439209,0.7436550855636597,0.7430150508880615,0.7423888444900513,0.7417962551116943,0.741326093673706,0.7410598397254944,0.7410063147544861,0.7411072254180908,0.7412917613983154,0.7415237426757812,0.7417969107627869,0.7421046495437622
0.7765839099884033,0.77804034948349,0.779926598072052,0.7823131084442139,0.784949779510498,0.7872892022132874,0.788689136505127,0.7886883020401001,0.7872129082679749,0.7846081852912903,0.7814907431602478,0.7785049080848694,0.7761008739471436,0.774425208568573,0.7733458280563354,0.7725744843482971,0.7718178629875183,0.7708941698074341,0.7697786092758179,0.7685714364051819,0.7674145102500916,0.766395092010498,0.7654855847358704,0.7645539045333862,0.7634417414665222,0.7620707750320435,0.7605147361755371,0.7589862942695618,0.7577387094497681,0.7569340467453003,0.7565562725067139,0.7564197182655334,0.7562742829322815,0.7559415102005005,0.7554033994674683,0.7547944188117981,0.7543090581893921,0.7540888786315918,0.754149317741394,0.7543869614601135,0.7546468377113342,0.7548139691352844,0.7548815608024597
0.788504958152771,0.7900715470314026,0.7920617461204529,0.7944167256355286,0.796866774559021,0.7989665865898132,0.8002244234085083,0.8002761602401733,0.7990237474441528,0.7966734170913696,0.793659508228302,0.7904914021492004,0.7875900268554688,0.7851830720901489,0.7832891941070557,0.7817873954772949,0.7805196642875671,0.7793822288513184,0.7783598303794861,0.7774978280067444,0.7768359184265137,0.7763428688049316,0.7758946418762207,0.7753092050552368,0.7744251489639282,0.7731843590736389,0.7716705203056335,0.7700841426849365,0.7686583399772644,0.7675615549087524,0.766834557056427,0.7663920521736145,0.766086220741272,0.7657941579818726,0.7654789090156555,0.7651948928833008,0.7650383710861206,0.7650773525238037,0.7653012275695801,0.765621542930603,0.7659202814102173,0.7661198377609253,0.7662335634231567
