earth/public/data/atmosphere/C53/ANN-wind-isobaric-1000hPa-gfs-1.0.json
{"header": {"discipline": 0, "disciplineName": "Meteorological products", "gribEdition": 2, "gribLength": 17922.0, "center": 0, "centerName": "Kiel Climate Model", "subcenter": 0, "refTime": "1", "significanceOfRT": 1, "significanceOfRTName": "Start of forecast", "productStatus": 0, "productStatusName": "Operational products", "productType": 1, "productTypeName": "Forecast products", "productDefinitionTemplate": 0, "productDefinitionTemplateName": "Analysis/forecast at horizontal level/layer at a point in time", "parameterCategory": 2, "parameterCategoryName": "Momentum", "parameterNumber": 2, "parameterNumberName": "V-component_of_wind", "parameterUnit": "m/s", "genProcessType": 2, "genProcessTypeName": "Forecast", "forecastTime": 0, "surface1Type": 103, "surface1TypeName": "Specified height level above ground", "surface1Value": 10, "surface2Type": 255, "surface2TypeName": "Missing", "surface2Value": 0, "gridDefinitionTemplate": 0, "gridDefinitionTemplateName": "Latitude_Longitude", "numberPoints": 65160, "shape": 6, "shapeName": "Earth spherical with radius of 6,371,229.0 m", "gridUnits": "degrees", "resolution": 48, "winds": "true", "scanMode": 0, "nx": 128.0, "ny": 64.0, "basicAngle": 0, "subDivisions": 0, "lo1": 0.0, "la1": 87.86379883923263, "lo2": 357.1875, "la2": -87.86379883923263, "dx": 2.8125, "dy": 2.7893269472772264}, "data":
[rows 38 to 56 of 64, columns 0 to 42 of 128]
2.3840105533599854,1.8076164722442627,1.7401100397109985,1.5344432592391968,0.8839220404624939,-0.09907741099596024,-1.2993659973144531,-2.238095998764038,-2.3852460384368896,-1.8373289108276367,-0.7596264481544495,0.8130090236663818,2.1281590461730957,2.3723158836364746,2.049206495285034,2.05167293548584,2.287958860397339,2.451716184616089,2.7266812324523926,3.0977237224578857,3.2840847969055176,3.3261466026306152,3.4076015949249268,3.543940305709839,3.6981379985809326,3.7728238105773926,3.701185464859009,3.6491549015045166,3.7246720790863037,3.7661571502685547,3.706878185272217,3.6542298793792725,3.6095094680786133,3.551163911819458,3.5281314849853516,3.4934937953948975,3.4099483489990234,3.3854713439941406,3.4428389072418213,3.472989797592163,3.4546425342559814,3.4211957454681396,3.3757572174072266
2.9782419204711914,3.0347814559936523,3.1215009689331055,3.055898666381836,2.97434401512146,2.5442051887512207,1.2610893249511719,-0.26391008496284485,-0.9628903269767761,-0.9447283744812012,-0.8440666198730469,-0.4859972894191742,0.36251527070999146,1.1607147455215454,1.4781594276428223,1.5487501621246338,1.6458804607391357,1.817571997642517,2.104342222213745,2.4955685138702393,2.883666515350342,3.1513466835021973,3.232915163040161,3.2450857162475586,3.3877596855163574,3.5904181003570557,3.6407365798950195,3.587355375289917,3.5737485885620117,3.5637903213500977,3.5309720039367676,3.522165298461914,3.4917991161346436,3.414670705795288,3.3694655895233154,3.351120948791504,3.299159288406372,3.258317470550537,3.2630631923675537,3.255192756652832,3.2145185470581055,3.172161817550659,3.1480562686920166
2.623506784439087,3.3624179363250732,3.5914645195007324,3.425950288772583,3.6695380210876465,3.99524188041687,3.352849006652832,1.9742536544799805,0.9836181998252869,0.39371025562286377,-0.5038115382194519,-1.3435786962509155,-1.1750681400299072,-0.1539003849029541,0.7225728631019592,1.0405640602111816,1.1518456935882568,1.3508644104003906,1.5609557628631592,1.7184635400772095,1.9765625,2.3715133666992188,2.6624507904052734,2.7429161071777344,2.8225791454315186,3.0175065994262695,3.1900720596313477,3.2552502155303955,3.261028289794922,3.2376041412353516,3.207144260406494,3.1884896755218506,3.1412899494171143,3.0568220615386963,2.9998865127563477,2.983585834503174,2.9619977474212646,2.9188716411590576,2.8527090549468994,2.7804017066955566,2.759727954864502,2.792144775390625,2.8052549362182617
1.8213022947311401,2.797370433807373,3.216848134994507,3.1088428497314453,3.423008680343628,3.9907352924346924,3.691758155822754,2.42447829246521,1.1712950468063354,0.27121594548225403,-0.7395728230476379,-1.7361606359481812,-1.9603153467178345,-1.3124704360961914,-0.5297060608863831,-0.08890163898468018,0.23394086956977844,0.6848333477973938,1.069152593612671,1.1797300577163696,1.228865385055542,1.5066691637039185,1.9109342098236084,2.166745901107788,2.257763624191284,2.340369939804077,2.4623587131500244,2.579843044281006,2.6727123260498047,2.7325222492218018,2.7429373264312744,2.7064998149871826,2.6553776264190674,2.623342275619507,2.599168300628662,2.548370361328125,2.488173723220825,2.451282501220703,2.409135580062866,2.350144624710083,2.3325703144073486,2.3524699211120605,2.326108455657959
1.2850141525268555,2.07214093208313,2.7130024433135986,2.8953769207000732,3.1100640296936035,3.2678043842315674,2.655263662338257,1.2153074741363525,-0.2112690955400467,-1.0143295526504517,-1.3786094188690186,-1.6444165706634521,-1.785793662071228,-1.6879653930664062,-1.4617477655410767,-1.2427620887756348,-0.9285164475440979,-0.36875951290130615,0.28331953287124634,0.6907608509063721,0.7982078194618225,0.883219838142395,1.1176643371582031,1.3809542655944824,1.5435019731521606,1.6455646753311157,1.7476292848587036,1.8317502737045288,1.891079068183899,1.9537582397460938,2.000429630279541,1.9884089231491089,1.9555765390396118,1.9678664207458496,1.9828236103057861,1.9189571142196655,1.8210794925689697,1.7850979566574097,1.7873814105987549,1.7562745809555054,1.7073216438293457,1.6707738637924194,1.6262468099594116
0.7093560099601746,1.2663317918777466,2.0410163402557373,2.4727680683135986,2.5790834426879883,2.3233931064605713,1.4777764081954956,0.13336867094039917,-1.1296515464782715,-1.7448703050613403,-1.688357949256897,-1.4113526344299316,-1.3025695085525513,-1.3562105894088745,-1.3990741968154907,-1.3990516662597656,-1.3454432487487793,-1.0685175657272339,-0.49648311734199524,0.09155082702636719,0.37801453471183777,0.4028489589691162,0.398914098739624,0.44661521911621094,0.5225472450256348,0.6622828841209412,0.8538550138473511,0.9660910367965698,0.951662540435791,0.93733811378479,0.9996628165245056,1.0502315759658813,1.0299123525619507,1.0075671672821045,1.0159562826156616,0.9936461448669434,0.9353336691856384,0.909663736820221,0.915229320526123,0.8874698281288147,0.8299776315689087,0.8018937706947327,0.8156453967094421
0.060853805392980576,0.5984820127487183,1.254456877708435,1.5701085329055786,1.5510356426239014,1.2738815546035767,0.7330889105796814,-0.018684962764382362,-0.7864130139350891,-1.3192023038864136,-1.5109848976135254,-1.4994581937789917,-1.4649757146835327,-1.4031131267547607,-1.2644636631011963,-1.1731141805648804,-1.230346918106079,-1.2428457736968994,-0.9625759720802307,-0.4733082950115204,-0.05452724173665047,0.18010085821151733,0.25156864523887634,0.1404903531074524,-0.08466090261936188,-0.18399107456207275,-0.050477154552936554,0.10849745571613312,0.10433800518512726,0.049090608954429626,0.10552909970283508,0.19986779987812042,0.19407697021961212,0.13416557013988495,0.13306929171085358,0.17701226472854614,0.20150800049304962,0.21523024141788483,0.23283256590366364,0.20923465490341187,0.12958428263664246,0.0678948387503624,0.0864381194114685
-0.10013698786497116,0.4787159264087677,0.6984525918960571,0.5016139149665833,0.25248244404792786,0.15226514637470245,0.1332189291715622,0.06185316666960716,-0.17184220254421234,-0.629166305065155,-1.253175139427185,-1.8477479219436646,-2.165447950363159,-2.079789400100708,-1.7396762371063232,-1.4792102575302124,-1.4666696786880493,-1.5290828943252563,-1.4152766466140747,-1.0759153366088867,-0.581608772277832,-0.005717918276786804,0.447959840297699,0.4783748984336853,0.08351270854473114,-0.3152805268764496,-0.37744027376174927,-0.2454984188079834,-0.2291601300239563,-0.33954495191574097,-0.39553889632225037,-0.3782183527946472,-0.39917027950286865,-0.4566347897052765,-0.4638923704624176,-0.4249398410320282,-0.39505478739738464,-0.3528134822845459,-0.269647479057312,-0.22988887131214142,-0.3312654197216034,-0.5114402174949646,-0.6062201857566833
-0.2416529357433319,0.20251159369945526,-0.05497493967413902,-0.6769003868103027,-0.99969083070755,-0.8219514489173889,-0.4223233759403229,-0.12684577703475952,-0.13669703900814056,-0.5747349858283997,-1.3953607082366943,-2.2596964836120605,-2.7089836597442627,-2.569775342941284,-2.129934072494507,-1.8338687419891357,-1.8419606685638428,-1.9766979217529297,-2.0242605209350586,-1.8926748037338257,-1.5044962167739868,-0.8290289044380188,-0.11512143164873123,0.19600123167037964,-0.024601930752396584,-0.39354121685028076,-0.5023189187049866,-0.4013713300228119,-0.40173885226249695,-0.5931583642959595,-0.8069552183151245,-0.9281352758407593,-0.9979825019836426,-1.0655885934829712,-1.1325949430465698,-1.210893154144287,-1.2850689888000488,-1.2584549188613892,-1.0768308639526367,-0.8743781447410583,-0.8598389625549316,-1.0607960224151611,-1.292155385017395
-1.2067478895187378,-0.9674608707427979,-1.3028186559677124,-1.7603397369384766,-1.7148871421813965,-1.1242661476135254,-0.4695880711078644,-0.18421728909015656,-0.3913634717464447,-1.0333484411239624,-1.9369264841079712,-2.7438344955444336,-3.0457944869995117,-2.7463629245758057,-2.1985890865325928,-1.8728903532028198,-1.9364897012710571,-2.2267746925354004,-2.523900032043457,-2.6792609691619873,-2.54764986038208,-2.054809808731079,-1.4018398523330688,-0.98665851354599,-0.9883126616477966,-1.1723603010177612,-1.2275489568710327,-1.1533024311065674,-1.1665101051330566,-1.3466787338256836,-1.5594409704208374,-1.680488109588623,-1.7293894290924072,-1.7867406606674194,-1.898823857307434,-2.063568592071533,-2.215076446533203,-2.226414680480957,-2.0218918323516846,-1.7032227516174316,-1.4962425231933594,-1.5507688522338867,-1.8234504461288452
-2.3278841972351074,-2.135984182357788,-2.1464128494262695,-2.057340145111084,-1.51475191116333,-0.6494480967521667,0.013898861594498158,0.08479393273591995,-0.4231967031955719,-1.2613478899002075,-2.158851385116577,-2.847118377685547,-3.086362838745117,-2.8327553272247314,-2.3359122276306152,-1.9648889303207397,-1.9290860891342163,-2.19057297706604,-2.5745320320129395,-2.8711097240448,-2.887578010559082,-2.5660476684570312,-2.0969600677490234,-1.8000808954238892,-1.8176206350326538,-1.9925858974456787,-2.0999674797058105,-2.110909938812256,-2.148996114730835,-2.263461112976074,-2.3674235343933105,-2.3835792541503906,-2.345752477645874,-2.3366479873657227,-2.394517183303833,-2.503499984741211,-2.621049165725708,-2.683509588241577,-2.6229352951049805,-2.425083875656128,-2.179746389389038,-2.056750774383545,-2.1970643997192383
-2.4450113773345947,-2.2274067401885986,-1.9769905805587769,-1.574163556098938,-0.9034093022346497,-0.15287411212921143,0.2802824378013611,0.17272880673408508,-0.34093430638313293,-0.962167501449585,-1.4964113235473633,-1.892706036567688,-2.123382806777954,-2.140331506729126,-1.9548770189285278,-1.694865107536316,-1.5439049005508423,-1.6173797845840454,-1.8750816583633423,-2.132720708847046,-2.189168691635132,-2.001356601715088,-1.742897868156433,-1.6474164724349976,-1.7801839113235474,-1.9999134540557861,-2.1507747173309326,-2.2320497035980225,-2.340670585632324,-2.501145839691162,-2.628419876098633,-2.6512038707733154,-2.6025524139404297,-2.565596580505371,-2.5776920318603516,-2.625389575958252,-2.703319787979126,-2.8221471309661865,-2.9479727745056152,-2.9800705909729004,-2.8436248302459717,-2.6147701740264893,-2.5076382160186768
-1.6840754747390747,-1.577377438545227,-1.4017239809036255,-1.0858778953552246,-0.6149256229400635,-0.16794633865356445,-0.0016014236025512218,-0.18005001544952393,-0.48495328426361084,-0.632121741771698,-0.5473741292953491,-0.3968054950237274,-0.36962082982063293,-0.48005539178848267,-0.5907305479049683,-0.5927454233169556,-0.5264812707901001,-0.5233479738235474,-0.650521993637085,-0.8351351618766785,-0.9495197534561157,-0.9579433798789978,-0.9529668688774109,-1.038079023361206,-1.2032707929611206,-1.3528339862823486,-1.4475969076156616,-1.5680795907974243,-1.8067747354507446,-2.1284844875335693,-2.386162281036377,-2.477768659591675,-2.4504332542419434,-2.433746814727783,-2.5011045932769775,-2.628436326980591,-2.7709357738494873,-2.9262211322784424,-3.0937561988830566,-3.2051515579223633,-3.156888484954834,-2.9398674964904785,-2.706016778945923
-0.8334178328514099,-0.9310212731361389,-0.9823899269104004,-0.867578387260437,-0.5973224639892578,-0.3637238144874573,-0.3817199468612671,-0.6545438170433044,-0.9213507771492004,-0.8735360503196716,-0.43662697076797485,0.16140861809253693,0.5929118990898132,0.6945425868034363,0.5503538250923157,0.3579544425010681,0.24591994285583496,0.21283318102359772,0.19825637340545654,0.16727644205093384,0.11830306053161621,0.04317944869399071,-0.07864691317081451,-0.2400619238615036,-0.3937307298183441,-0.512337327003479,-0.6533594727516174,-0.9222617149353027,-1.3428573608398438,-1.7798640727996826,-2.0291075706481934,-2.005831241607666,-1.8352841138839722,-1.744178295135498,-1.8640557527542114,-2.144641876220703,-2.4428505897521973,-2.6650640964508057,-2.809662103652954,-2.898911714553833,-2.9179229736328125,-2.8449301719665527,-2.7211594581604004
-0.26443395018577576,-0.4925319254398346,-0.6922292709350586,-0.7064554691314697,-0.5529683828353882,-0.43634772300720215,-0.5742465853691101,-0.9796755909919739,-1.4060496091842651,-1.5236833095550537,-1.1808208227157593,-0.5225777626037598,0.12596501410007477,0.49721214175224304,0.5395044088363647,0.3955051004886627,0.2608236074447632,0.25494834780693054,0.3824709355831146,0.5699528455734253,0.7247390151023865,0.7819943428039551,0.7302658557891846,0.6050997972488403,0.44451388716697693,0.23587742447853088,-0.0851406455039978,-0.5560936331748962,-1.0924125909805298,-1.4870734214782715,-1.5456558465957642,-1.2568210363388062,-0.8368100523948669,-0.5880264639854431,-0.6850647330284119,-1.071344256401062,-1.542561411857605,-1.9208778142929077,-2.1592648029327393,-2.30910325050354,-2.4227118492126465,-2.5029115676879883,-2.533053398132324
0.032516200095415115,-0.21629168093204498,-0.45294132828712463,-0.5311436057090759,-0.45831936597824097,-0.399076908826828,-0.5389629602432251,-0.9157113432884216,-1.3610944747924805,-1.6080152988433838,-1.4794617891311646,-1.0099613666534424,-0.41143855452537537,0.0772223249077797,0.33548322319984436,0.403525710105896,0.4151993989944458,0.4904457926750183,0.6649943590164185,0.8897411227226257,1.0815515518188477,1.1812630891799927,1.1799993515014648,1.1000698804855347,0.9509154558181763,0.7040266394615173,0.32148054242134094,-0.17464585602283478,-0.6557865142822266,-0.9272733330726624,-0.8513047695159912,-0.4649750292301178,0.010939791798591614,0.29682457447052,0.2249593287706375,-0.17228074371814728,-0.7156076431274414,-1.2158880233764648,-1.5802874565124512,-1.8191397190093994,-1.9804766178131104,-2.0907418727874756,-2.151153802871704
0.26510968804359436,0.07631625235080719,-0.11594764143228531,-0.19830188155174255,-0.15345995128154755,-0.07048509269952774,-0.07152128219604492,-0.21137812733650208,-0.42792853713035583,-0.5806235671043396,-0.5457679629325867,-0.29608362913131714,0.09000054001808167,0.48739150166511536,0.8012484312057495,1.0075737237930298,1.1391234397888184,1.239894151687622,1.3280707597732544,1.3918087482452393,1.4122313261032104,1.387980580329895,1.337541103363037,1.2766132354736328,1.1916205883026123,1.03830087184906,0.7764515280723572,0.4197412431240082,0.05787620320916176,-0.17872749269008636,-0.19840511679649353,-0.01788550615310669,0.23311454057693481,0.3822367787361145,0.3130751848220825,0.02404281124472618,-0.3882240355014801,-0.7990743517875671,-1.1238890886306763,-1.3418022394180298,-1.4758392572402954,-1.5615042448043823,-1.6312546730041504
0.590406596660614,0.5399158000946045,0.4568106532096863,0.4174974858760834,0.4578326642513275,0.5556016564369202,0.6531645059585571,0.70149827003479,0.6936794519424438,0.6664756536483765,0.6733386516571045,0.7508220672607422,0.9011034369468689,1.0975693464279175,1.3035361766815186,1.4880585670471191,1.6305689811706543,1.7177448272705078,1.7418220043182373,1.7050238847732544,1.6257349252700806,1.5368765592575073,1.4714839458465576,1.4413700103759766,1.423624873161316,1.3682103157043457,1.2267699241638184,0.9867138862609863,0.6871439218521118,0.40308821201324463,0.20516307651996613,0.12007501721382141,0.11761611700057983,0.131867915391922,0.10113967210054398,-0.00020270173263270408,-0.15623430907726288,-0.32872483134269714,-0.4841044843196869,-0.6107683777809143,-0.7205432653427124,-0.8393559455871582,-0.9951564073562622
0.8445562124252319,0.9632354378700256,1.009881615638733,1.0192086696624756,1.0246636867523193,1.0414975881576538,1.0644922256469727,1.0784897804260254,1.0729566812515259,1.051222324371338,1.0301146507263184,1.0321439504623413,1.075378179550171,1.1661139726638794,1.2961323261260986,1.4443985223770142,1.5823760032653809,1.682037353515625,1.7249659299850464,1.7096683979034424,1.6529121398925781,1.5828560590744019,1.525348424911499,1.4897279739379883,1.4619674682617188,1.4105037450790405,1.3027890920639038,1.1243109703063965,0.8893076777458191,0.6368975639343262,0.41439568996429443,0.25723960995674133,0.17602583765983582,0.15653720498085022,0.17057019472122192,0.18980421125888824,0.19499708712100983,0.17727164924144745,0.13326042890548706,0.05902651324868202,-0.05328446999192238,-0.21419775485992432,-0.4315928816795349
