earth/public/data/atmosphere/C53/ANN-rh-isobaric-250hPa-gfs-1.0.json
{"header": {"discipline": 0, "disciplineName": "Meteorological products", "gribEdition": 2, "gribLength": 17922.0, "center": 0, "centerName": "Kiel Climate Model", "subcenter": 0, "refTime": "1", "significanceOfRT": 1, "significanceOfRTName": "Start of forecast", "productStatus": 0, "productStatusName": "Operational products", "productType": 1, "productTypeName": "Forecast products", "productDefinitionTemplate": 0, "productDefinitionTemplateName": "Analysis/forecast at horizontal level/layer at a point in time", "parameterCategory": 2, "parameterCategoryName": "Momentum", "parameterNumber": 2, "parameterNumberName": "U-component_of_wind", "parameterUnit": "%", "genProcessType": 2, "genProcessTypeName": "Forecast", "forecastTime": 0, "surface1Type": 103, "surface1TypeName": "Specified height level above ground", "surface1Value": 10, "surface2Type": 255, "surface2TypeName": "Missing", "surface2Value": 0, "gridDefinitionTemplate": 0, "gridDefinitionTemplateName": "Latitude_Longitude", "numberPoints": 65160, "shape": 6, "shapeName": "Earth spherical with radius of 6,371,229.0 m", "gridUnits": "degrees", "resolution": 48, "winds": "true", "scanMode": 0, "nx": 128.0, "ny": 64.0, "basicAngle": 0, "subDivisions": 0, "lo1": 0.0, "la1": 87.86379883923263, "lo2": 357.1875, "la2": -87.86379883923263, "dx": 2.8125, "dy": 2.7893269472772264}, "data":
[rows 19 to 37 of 64, columns 43 to 85 of 128]
0.46288737654685974,0.4702190160751343,0.47609949111938477,0.48092421889305115,0.48685523867607117,0.4956766366958618,0.5062366724014282,0.5155220031738281,0.5227188467979431,0.5307471752166748,0.542567253112793,0.5571512579917908,0.5707923173904419,0.5814241170883179,0.5894826054573059,0.5952079892158508,0.5978208184242249,0.5974487662315369,0.5954998731613159,0.5928146839141846,0.5892576575279236,0.5851463079452515,0.5814756155014038,0.5787487626075745,0.5768049955368042,0.5756635069847107,0.5755594372749329,0.5762546062469482,0.577156126499176,0.5782608985900879,0.5802828073501587,0.583405613899231,0.5865529179573059,0.5886368155479431,0.5898373126983643,0.5906476974487305,0.5905594229698181,0.5890543460845947,0.5868962407112122,0.5849136114120483,0.5825678706169128,0.5791285037994385,0.5749927163124084
0.4307975172996521,0.4422704577445984,0.45147037506103516,0.45884978771209717,0.46609511971473694,0.4743555188179016,0.48352015018463135,0.49307045340538025,0.5034000277519226,0.5157873034477234,0.5305900573730469,0.5459057092666626,0.5589749813079834,0.5686224699020386,0.575090229511261,0.5781548619270325,0.5775129795074463,0.5744839310646057,0.5709266066551208,0.5670304894447327,0.562328040599823,0.5577731132507324,0.5547415018081665,0.5532407760620117,0.5527514219284058,0.5535021424293518,0.5557129383087158,0.5587171316146851,0.5616439580917358,0.5643843412399292,0.5674964785575867,0.5712385177612305,0.5748575925827026,0.5772870779037476,0.5783854126930237,0.578583300113678,0.5777052640914917,0.5754677653312683,0.5724831223487854,0.5692481994628906,0.565139889717102,0.5598655343055725,0.5544407367706299
0.4082106947898865,0.41893619298934937,0.4268620014190674,0.43337222933769226,0.44005274772644043,0.44750213623046875,0.4562206566333771,0.46721985936164856,0.4810357093811035,0.496765673160553,0.5126917958259583,0.527225911617279,0.5390927195549011,0.5475740432739258,0.5524812340736389,0.5535268187522888,0.5509362816810608,0.5464975237846375,0.541954755783081,0.5372074842453003,0.5322097539901733,0.5286412239074707,0.5275959968566895,0.5281863212585449,0.5298556685447693,0.5332350134849548,0.5381338596343994,0.5434016585350037,0.5486963391304016,0.5543672442436218,0.5602544546127319,0.5658179521560669,0.5705149173736572,0.5736310482025146,0.5747292637825012,0.574114203453064,0.572246789932251,0.5693832039833069,0.5658601522445679,0.5616849660873413,0.5563656091690063,0.5502216219902039,0.5445773005485535
0.38868752121925354,0.39465948939323425,0.3980417847633362,0.40150347352027893,0.40753838419914246,0.4167499244213104,0.4284166097640991,0.44225504994392395,0.4581589698791504,0.47467243671417236,0.48993101716041565,0.5031014680862427,0.5133848190307617,0.5197908282279968,0.5225170850753784,0.5223437547683716,0.5196316242218018,0.5153855085372925,0.5110260844230652,0.5069409608840942,0.5036879777908325,0.5028513669967651,0.5046489834785461,0.5077809691429138,0.5124044418334961,0.5194616317749023,0.5277471542358398,0.5355138182640076,0.543323814868927,0.5521640181541443,0.5609103441238403,0.5678851008415222,0.5727494359016418,0.5756608843803406,0.5765751004219055,0.575884222984314,0.5742163062095642,0.5717160701751709,0.5683490633964539,0.5641616582870483,0.5590262413024902,0.5531830787658691,0.5474860072135925
0.3807019293308258,0.38122043013572693,0.3807965815067291,0.3816266655921936,0.3867765963077545,0.3976803421974182,0.4121135473251343,0.4274166226387024,0.44277459383010864,0.4571685194969177,0.46951165795326233,0.48000502586364746,0.4880541265010834,0.4921970069408417,0.49326178431510925,0.49309542775154114,0.491569459438324,0.4886139929294586,0.48583075404167175,0.4842641353607178,0.484218031167984,0.48640862107276917,0.4906839430332184,0.4963535964488983,0.5042386054992676,0.5148025155067444,0.5259414315223694,0.5359901189804077,0.5460112690925598,0.5567359924316406,0.5665063261985779,0.5737133026123047,0.5785475969314575,0.5816755294799805,0.5832972526550293,0.5836789011955261,0.5829626321792603,0.5807482004165649,0.5771080851554871,0.5729741454124451,0.5685480237007141,0.5630149245262146,0.5563310980796814
0.3855997323989868,0.3816089928150177,0.3804905414581299,0.382342666387558,0.3885631263256073,0.4001044034957886,0.4137396514415741,0.42634740471839905,0.4379650354385376,0.4480913281440735,0.45595160126686096,0.46290430426597595,0.4689546823501587,0.47206515073776245,0.4729370176792145,0.4736270308494568,0.4734759032726288,0.47215747833251953,0.47182413935661316,0.47341039776802063,0.47614315152168274,0.4801481068134308,0.4859142601490021,0.49363088607788086,0.5036523342132568,0.5151385068893433,0.5263245701789856,0.5372223258018494,0.5487956404685974,0.5602124333381653,0.5699151754379272,0.5777451992034912,0.5841884613037109,0.5891345143318176,0.5922214388847351,0.5934199690818787,0.592708945274353,0.589861273765564,0.5855793952941895,0.5815852880477905,0.5779623985290527,0.5726428627967834,0.5650482773780823
0.39789146184921265,0.3898792862892151,0.388651967048645,0.39417338371276855,0.4051758348941803,0.4187292754650116,0.42949071526527405,0.4363136291503906,0.44244667887687683,0.4479900896549225,0.45163601636886597,0.45546281337738037,0.4599951207637787,0.4625561833381653,0.46340903639793396,0.4645704925060272,0.46532803773880005,0.46566134691238403,0.4677298665046692,0.4715184271335602,0.47553467750549316,0.48024269938468933,0.48687589168548584,0.4958597421646118,0.5065171122550964,0.516847550868988,0.526305079460144,0.5370680689811707,0.5494881272315979,0.5609387159347534,0.570561945438385,0.579599916934967,0.5878942608833313,0.5941617488861084,0.5977400541305542,0.5986290574073792,0.5973891019821167,0.5947280526161194,0.5914039015769958,0.5885493159294128,0.5858913064002991,0.5811862349510193,0.5740427374839783
0.4208040237426758,0.40989023447036743,0.4063121974468231,0.41367071866989136,0.42977175116539,0.445492148399353,0.4519549310207367,0.4515519440174103,0.45200228691101074,0.453459769487381,0.4533081352710724,0.45407170057296753,0.4567960798740387,0.4583539366722107,0.45859548449516296,0.4593954384326935,0.4601849913597107,0.46120887994766235,0.4640125036239624,0.4676321744918823,0.47086891531944275,0.47485262155532837,0.48057821393013,0.48818686604499817,0.49699199199676514,0.5050190091133118,0.5125519037246704,0.5224376916885376,0.5340025424957275,0.5440387725830078,0.5529244542121887,0.5620976686477661,0.5701103210449219,0.5757075548171997,0.5790001749992371,0.5798650979995728,0.5792887210845947,0.5788310170173645,0.5782920718193054,0.5772138833999634,0.575583815574646,0.5722999572753906,0.5671677589416504
0.45582687854766846,0.44415482878685,0.4379694163799286,0.44473424553871155,0.4625368118286133,0.47631970047950745,0.4745851457118988,0.4647606909275055,0.45886003971099854,0.4556102156639099,0.4503557085990906,0.4464215040206909,0.4459920823574066,0.44562530517578125,0.44418850541114807,0.44287556409835815,0.4412456750869751,0.43987032771110535,0.4398651421070099,0.4399755597114563,0.4396647810935974,0.44014737010002136,0.4414057433605194,0.4433746337890625,0.44644996523857117,0.44969862699508667,0.4536776840686798,0.46042031049728394,0.4682515263557434,0.47469907999038696,0.4813920259475708,0.48891744017601013,0.4948583245277405,0.4992579221725464,0.5030937790870667,0.5052326321601868,0.5064796805381775,0.5089305639266968,0.5112864375114441,0.5119470357894897,0.5119367837905884,0.5114520192146301,0.5097360610961914
0.4967389702796936,0.4838622510433197,0.47622305154800415,0.48117247223854065,0.49631255865097046,0.5029412508010864,0.4893595576286316,0.4683261811733246,0.4549639821052551,0.44584861397743225,0.43414434790611267,0.4237256348133087,0.41785740852355957,0.4129847288131714,0.40714114904403687,0.4010569751262665,0.3944026827812195,0.3877404034137726,0.3820854425430298,0.37661057710647583,0.3711494505405426,0.36642953753471375,0.36181697249412537,0.357350617647171,0.35403910279273987,0.35168537497520447,0.3510017693042755,0.3531232178211212,0.35593870282173157,0.3580997884273529,0.36179858446121216,0.36662134528160095,0.37014496326446533,0.37372079491615295,0.3782179653644562,0.38132351636886597,0.38381868600845337,0.38805586099624634,0.392095685005188,0.3941687345504761,0.3961544334888458,0.3986636996269226,0.4002718925476074
0.539680540561676,0.5226923227310181,0.5117800235748291,0.5106143355369568,0.5168852806091309,0.5128599405288696,0.4885689318180084,0.45881056785583496,0.4389224946498871,0.4244251251220703,0.4076080322265625,0.3915415108203888,0.3791138529777527,0.3673149049282074,0.35508236289024353,0.3437785506248474,0.3327886462211609,0.32161661982536316,0.31116169691085815,0.30156534910202026,0.29271596670150757,0.28468263149261475,0.27706027030944824,0.2701943516731262,0.2646690905094147,0.2601589858531952,0.2573285698890686,0.2567531168460846,0.2565515339374542,0.25625666975975037,0.25773364305496216,0.2600211501121521,0.26152464747428894,0.2640244662761688,0.26757362484931946,0.26978328824043274,0.27191632986068726,0.2759197950363159,0.2796996235847473,0.2820991575717926,0.2848724126815796,0.2881219983100891,0.2907063961029053
0.5767949223518372,0.5557489991188049,0.539137065410614,0.5266733765602112,0.5185714960098267,0.5034997463226318,0.47458934783935547,0.44330108165740967,0.42077094316482544,0.40298739075660706,0.383946031332016,0.36531883478164673,0.34832563996315,0.33096322417259216,0.31406018137931824,0.29979318380355835,0.28699561953544617,0.2740583121776581,0.2619480490684509,0.2517026364803314,0.24290817975997925,0.23490774631500244,0.22764356434345245,0.22163540124893188,0.2169792354106903,0.21326501667499542,0.21089932322502136,0.20996706187725067,0.20921093225479126,0.2086554318666458,0.20923295617103577,0.20990903675556183,0.21018506586551666,0.2114468812942505,0.21302159130573273,0.21353435516357422,0.21451237797737122,0.2167261689901352,0.21858589351177216,0.2201760709285736,0.22235903143882751,0.2243242710828781,0.22588607668876648
0.5957154631614685,0.5737321376800537,0.5531134009361267,0.5316031575202942,0.5119085311889648,0.4903850555419922,0.463878870010376,0.4377846121788025,0.4163679778575897,0.3967421054840088,0.37665536999702454,0.3574158549308777,0.33874672651290894,0.31925296783447266,0.3004794120788574,0.2845057249069214,0.27031752467155457,0.25663095712661743,0.24460247159004211,0.23524056375026703,0.22768263518810272,0.2209445685148239,0.21493951976299286,0.2098550796508789,0.205673947930336,0.2023714780807495,0.20013980567455292,0.19877883791923523,0.19774092733860016,0.19715003669261932,0.1970396488904953,0.19671548902988434,0.19642992317676544,0.1967393308877945,0.19671693444252014,0.19620582461357117,0.19637158513069153,0.19670961797237396,0.1965588629245758,0.19714221358299255,0.1983877271413803,0.19900712370872498,0.1996060311794281
0.6008636355400085,0.5804033279418945,0.5603442788124084,0.5387551188468933,0.5175958275794983,0.4967171251773834,0.475605309009552,0.4553889334201813,0.43546339869499207,0.41432031989097595,0.39302873611450195,0.3731454312801361,0.35371658205986023,0.33351629972457886,0.31365951895713806,0.29569941759109497,0.27948853373527527,0.2647773027420044,0.25236955285072327,0.24244412779808044,0.23421786725521088,0.22729429602622986,0.22150343656539917,0.21644163131713867,0.21199677884578705,0.20829005539417267,0.20526354014873505,0.20275971293449402,0.20066627860069275,0.19893793761730194,0.1974487006664276,0.19615702331066132,0.19530388712882996,0.19455689191818237,0.19324778020381927,0.1920085847377777,0.19143487513065338,0.1904974728822708,0.1891731470823288,0.18873447179794312,0.18862277269363403,0.18806365132331848,0.1880415976047516
0.6059932708740234,0.5899155139923096,0.5746678709983826,0.5595983266830444,0.5442652106285095,0.5280336737632751,0.5111040472984314,0.49358832836151123,0.47439664602279663,0.45348799228668213,0.43272456526756287,0.41308438777923584,0.3935673236846924,0.3734273910522461,0.3535486161708832,0.3350541889667511,0.3181493580341339,0.3029501736164093,0.289658784866333,0.27781304717063904,0.26712727546691895,0.2580432891845703,0.25045937299728394,0.24376797676086426,0.23787452280521393,0.23270350694656372,0.2279990166425705,0.22379717230796814,0.21990899741649628,0.21601036190986633,0.2124825417995453,0.20977063477039337,0.20748670399188995,0.204980731010437,0.20226266980171204,0.19989998638629913,0.1978985071182251,0.19569319486618042,0.19354648888111115,0.19189570844173431,0.19015857577323914,0.18843097984790802,0.18755757808685303
0.6024278402328491,0.5937028527259827,0.5853075385093689,0.5769706964492798,0.567651629447937,0.556545078754425,0.5435609817504883,0.5289269685745239,0.5130192637443542,0.4965534806251526,0.48021334409713745,0.46409910917282104,0.44783303141593933,0.4313739836215973,0.4153791069984436,0.4001942574977875,0.38556477427482605,0.3717840611934662,0.3591833710670471,0.34707847237586975,0.3352489173412323,0.324467271566391,0.3146752417087555,0.30526167154312134,0.2962981164455414,0.2878226339817047,0.27981629967689514,0.27256685495376587,0.2656534016132355,0.2586463391780853,0.25239089131355286,0.24720805883407593,0.24213235080242157,0.23711183667182922,0.2328798472881317,0.22906363010406494,0.22496327757835388,0.2209375947713852,0.21754345297813416,0.21450035274028778,0.21144410967826843,0.20880284905433655,0.20684371888637543
0.5677322149276733,0.5647050142288208,0.5614603161811829,0.5570641160011292,0.5515598654747009,0.5455030798912048,0.5385515689849854,0.5304322838783264,0.5219388008117676,0.513490617275238,0.5047191381454468,0.4958161413669586,0.4872482717037201,0.4789942800998688,0.4709377586841583,0.46255481243133545,0.45326608419418335,0.44392770528793335,0.43538495898246765,0.4266687333583832,0.4173617660999298,0.4085526168346405,0.400088369846344,0.3908091187477112,0.38073670864105225,0.37036269903182983,0.35992997884750366,0.3497472405433655,0.33961570262908936,0.32959410548210144,0.3207099139690399,0.3128659725189209,0.30494198203086853,0.2975197732448578,0.29150062799453735,0.285672128200531,0.2790655195713043,0.2726653814315796,0.26708415150642395,0.2617548406124115,0.2565731406211853,0.2519495487213135,0.24787721037864685
0.5012853145599365,0.4992079436779022,0.4975516200065613,0.4951894283294678,0.4925760328769684,0.49093392491340637,0.48997506499290466,0.48904114961624146,0.48848095536231995,0.4881614148616791,0.4876004755496979,0.48744505643844604,0.48810210824012756,0.488823801279068,0.48913413286209106,0.48861032724380493,0.48671436309814453,0.4842762351036072,0.48203471302986145,0.47893524169921875,0.4749685227870941,0.4717292785644531,0.46868592500686646,0.463947057723999,0.45768386125564575,0.4507635831832886,0.44282326102256775,0.4335547089576721,0.4233715832233429,0.4131490886211395,0.40392962098121643,0.39560043811798096,0.3872283101081848,0.3789953291416168,0.3712555468082428,0.36311131715774536,0.3542058765888214,0.34543120861053467,0.3370085060596466,0.32837995886802673,0.3195413649082184,0.3109591603279114,0.30309978127479553
0.42657890915870667,0.4239843189716339,0.42252469062805176,0.4218984544277191,0.4219043552875519,0.4230461120605469,0.42534956336021423,0.42865756154060364,0.433174729347229,0.4385412037372589,0.44443562626838684,0.4513508081436157,0.45886939764022827,0.4657714366912842,0.4721887707710266,0.47849541902542114,0.48392605781555176,0.48828625679016113,0.491834431886673,0.49412962794303894,0.4958885610103607,0.4985817074775696,0.5011603832244873,0.5019146203994751,0.5018219947814941,0.5017671585083008,0.5002149939537048,0.4961790442466736,0.49057167768478394,0.4843648672103882,0.4781428277492523,0.4722699522972107,0.4663142263889313,0.4594956040382385,0.45157337188720703,0.4427478313446045,0.43323859572410583,0.42313918471336365,0.41250723600387573,0.40133655071258545,0.3894251883029938,0.37706390023231506,0.36542463302612305
