earth/public/data/atmosphere/C53/ANN-temp-isobaric-850hPa-gfs-1.0.json
{"header": {"discipline": 0, "disciplineName": "Meteorological products", "gribEdition": 2, "gribLength": 17922.0, "center": 0, "centerName": "Kiel Climate Model", "subcenter": 0, "refTime": "1", "significanceOfRT": 1, "significanceOfRTName": "Start of forecast", "productStatus": 0, "productStatusName": "Operational products", "productType": 1, "productTypeName": "Forecast products", "productDefinitionTemplate": 0, "productDefinitionTemplateName": "Analysis/forecast at horizontal level/layer at a point in time", "parameterCategory": 2, "parameterCategoryName": "Momentum", "parameterNumber": 2, "parameterNumberName": "U-component_of_wind", "parameterUnit": "K", "genProcessType": 2, "genProcessTypeName": "Forecast", "forecastTime": 0, "surface1Type": 103, "surface1TypeName": "Specified height level above ground", "surface1Value": 10, "surface2Type": 255, "surface2TypeName": "Missing", "surface2Value": 0, "gridDefinitionTemplate": 0, "gridDefinitionTemplateName": "Latitude_Longitude", "numberPoints": 65160, "shape": 6, "shapeName": "Earth spherical with radius of 6,371,229.0 m", "gridUnits": "degrees", "resolution": 48, "winds": "true", "scanMode": 0, "nx": 128.0, "ny": 64.0, "basicAngle": 0, "subDivisions": 0, "lo1": 0.0, "la1": 87.86379883923263, "lo2": 357.1875, "la2": -87.86379883923263, "dx": 2.8125, "dy": 2.7893269472772264}, "data":
[rows 40 to 59 of 64, columns 44 to 87 of 128]
291.5589599609375,291.53546142578125,291.5457763671875,291.5633850097656,291.5653076171875,291.564208984375,291.5859375,291.6185607910156,291.6380310058594,291.67449951171875,291.76129150390625,291.86065673828125,291.9384460449219,292.0225830078125,292.1184387207031,292.1876525878906,292.2330627441406,292.2929382324219,292.36907958984375,292.4271240234375,292.44305419921875,292.44134521484375,292.47235107421875,292.5198669433594,292.5238037109375,292.51751708984375,292.56536865234375,292.60418701171875,292.5751647949219,292.5680847167969,292.61529541015625,292.6025390625,292.5337829589844,292.5380859375,292.5778503417969,292.52459716796875,292.43377685546875,292.4041748046875,292.3641662597656,292.2510681152344,292.13555908203125,292.0412902832031,291.9187316894531,291.7805480957031
290.08935546875,290.03143310546875,289.9981994628906,289.99932861328125,289.9873046875,289.957275390625,289.9580078125,289.9935302734375,290.02374267578125,290.05535888671875,290.1170654296875,290.18463134765625,290.2364501953125,290.3045959472656,290.39825439453125,290.4787292480469,290.5384216308594,290.60003662109375,290.6500549316406,290.66448974609375,290.66937255859375,290.7077331542969,290.7651672363281,290.7848815917969,290.7658996582031,290.7743835449219,290.8172912597656,290.82513427734375,290.80841064453125,290.845947265625,290.8983154296875,290.87835693359375,290.85589599609375,290.9132080078125,290.94793701171875,290.88873291015625,290.8550720214844,290.8921813964844,290.8766784667969,290.79534912109375,290.756591796875,290.7392272949219,290.66119384765625,290.5616149902344
288.5753173828125,288.5332946777344,288.4935607910156,288.48284912109375,288.4808349609375,288.466064453125,288.4593811035156,288.47552490234375,288.4966125488281,288.5171813964844,288.55029296875,288.59326171875,288.6412353515625,288.70391845703125,288.77606201171875,288.8392028808594,288.8950500488281,288.9469909667969,288.97747802734375,288.9853210449219,288.998779296875,289.0224609375,289.027099609375,289.0087890625,289.0038146972656,289.0228576660156,289.0265197753906,289.0024719238281,289.0000305175781,289.0323181152344,289.0392150878906,289.0156555175781,289.0341491699219,289.08135986328125,289.0713195800781,289.0435791015625,289.094970703125,289.1582946777344,289.13226318359375,289.0998840332031,289.14239501953125,289.1566467285156,289.0834655761719,289.0244140625
287.13629150390625,287.118896484375,287.08135986328125,287.0440979003906,287.0291748046875,287.01983642578125,287.0021667480469,286.9907531738281,286.99951171875,287.0240783691406,287.05828857421875,287.10552978515625,287.167236328125,287.2286376953125,287.271728515625,287.3027648925781,287.3421630859375,287.3881530761719,287.4244384765625,287.45172119140625,287.4678649902344,287.4484558105469,287.3972473144531,287.36761474609375,287.3802490234375,287.38116455078125,287.33740234375,287.29974365234375,287.305419921875,287.3038330078125,287.2614440917969,287.24072265625,287.2740478515625,287.2840881347656,287.2449035644531,287.2573547363281,287.3394775390625,287.3624267578125,287.3101806640625,287.3244934082031,287.4075012207031,287.4136657714844,287.3612365722656,287.3837890625
285.9136962890625,285.8968811035156,285.8491516113281,285.7917175292969,285.7646179199219,285.75823974609375,285.74420166015625,285.7308044433594,285.7377014160156,285.7538757324219,285.76239013671875,285.77667236328125,285.8145446777344,285.86175537109375,285.897705078125,285.9310302734375,285.97357177734375,286.009033203125,286.02447509765625,286.0351867675781,286.044677734375,286.0302734375,285.9981689453125,285.98480224609375,285.97930908203125,285.9310302734375,285.85333251953125,285.81500244140625,285.8131103515625,285.7781066894531,285.7174987792969,285.7072448730469,285.7315979003906,285.7040100097656,285.6490783691406,285.6622619628906,285.7043762207031,285.6705322265625,285.6213073730469,285.6758117675781,285.7577209472656,285.7429504394531,285.72283935546875,285.8099365234375
284.7023620605469,284.6596984863281,284.61822509765625,284.6002197265625,284.6174621582031,284.6416931152344,284.6439208984375,284.6365966796875,284.64013671875,284.6422424316406,284.627685546875,284.6153564453125,284.6279602050781,284.6554870605469,284.68212890625,284.7156677246094,284.7578430175781,284.7822265625,284.7763977050781,284.7674255371094,284.775634765625,284.78387451171875,284.77532958984375,284.75323486328125,284.7119140625,284.64447021484375,284.5801086425781,284.5478210449219,284.51641845703125,284.448486328125,284.3823547363281,284.36553955078125,284.35382080078125,284.2919006347656,284.2301025390625,284.228515625,284.2300720214844,284.1799011230469,284.15606689453125,284.21563720703125,284.2574462890625,284.21563720703125,284.203125,284.2814025878906
283.34771728515625,283.2914733886719,283.2771911621094,283.3211669921875,283.3984375,283.45880126953125,283.47906494140625,283.4834289550781,283.4996032714844,283.5228576660156,283.5403747558594,283.5589904785156,283.583984375,283.599609375,283.59735107421875,283.5970764160156,283.614990234375,283.63739013671875,283.64886474609375,283.65789794921875,283.6710205078125,283.67047119140625,283.64013671875,283.5901184082031,283.5397644042969,283.4985046386719,283.4651184082031,283.4250183105469,283.35791015625,283.2730712890625,283.20965576171875,283.17413330078125,283.123291015625,283.04559326171875,282.99273681640625,282.9833984375,282.9612121582031,282.9049377441406,282.8753662109375,282.8894348144531,282.8765869140625,282.825927734375,282.8233947753906,282.87579345703125
281.9766845703125,281.93707275390625,281.9376525878906,281.99908447265625,282.0960388183594,282.1820068359375,282.2381896972656,282.2832946777344,282.3360900878906,282.39007568359375,282.4334716796875,282.4700622558594,282.5048522949219,282.5284423828125,282.5339050292969,282.5340270996094,282.54541015625,282.56781005859375,282.5918884277344,282.61273193359375,282.62420654296875,282.6144714355469,282.581787109375,282.54248046875,282.51141357421875,282.482421875,282.4372863769531,282.3678894042969,282.2874755859375,282.21990966796875,282.1723937988281,282.1226806640625,282.0507507324219,281.9760437011719,281.9299621582031,281.8984069824219,281.8412780761719,281.7664489746094,281.7188720703125,281.6970520019531,281.6604919433594,281.62188720703125,281.6319885253906,281.66839599609375
280.6365966796875,280.6065673828125,280.6001281738281,280.6471862792969,280.7372741699219,280.83685302734375,280.927490234375,281.01495361328125,281.1037292480469,281.18109130859375,281.2347717285156,281.2732238769531,281.3160400390625,281.3708801269531,281.4290771484375,281.47943115234375,281.5169677734375,281.5421142578125,281.55877685546875,281.5711975097656,281.57977294921875,281.581787109375,281.5773010253906,281.5677185058594,281.546630859375,281.5015869140625,281.4314880371094,281.35546875,281.2960205078125,281.25323486328125,281.2037353515625,281.1296081542969,281.0442199707031,280.9763488769531,280.9278869628906,280.8686218261719,280.785888671875,280.7130432128906,280.6802978515625,280.6626892089844,280.6200256347656,280.5662841796875,280.54254150390625,280.5371398925781
279.279052734375,279.257080078125,279.26025390625,279.31365966796875,279.4049987792969,279.502685546875,279.59124755859375,279.6805419921875,279.78314208984375,279.8934326171875,279.99517822265625,280.0819091796875,280.16131591796875,280.24127197265625,280.31903076171875,280.3861083984375,280.4391174316406,280.48236083984375,280.521484375,280.5562744140625,280.58160400390625,280.5936279296875,280.5931396484375,280.5804748535156,280.5516357421875,280.5054931640625,280.45294189453125,280.4103088378906,280.3782653808594,280.3350524902344,280.2600402832031,280.1631164550781,280.0787353515625,280.0248718261719,279.9792175292969,279.9104309082031,279.8262634277344,279.7665100097656,279.743408203125,279.71710205078125,279.6499938964844,279.56182861328125,279.4992980957031,279.46710205078125
277.984619140625,278.00830078125,278.0484924316406,278.12677001953125,278.23248291015625,278.3372802734375,278.4250183105469,278.50482177734375,278.5968933105469,278.71026611328125,278.8363342285156,278.9589538574219,279.0657958984375,279.15142822265625,279.21722412109375,279.27215576171875,279.33074951171875,279.4042053222656,279.48944091796875,279.5683288574219,279.62054443359375,279.6387634277344,279.63134765625,279.6116027832031,279.5873718261719,279.5611267089844,279.53485107421875,279.5079345703125,279.47125244140625,279.41192626953125,279.3305358886719,279.2484436035156,279.18853759765625,279.1478271484375,279.09881591796875,279.0242919921875,278.94140625,278.8790588378906,278.83587646484375,278.77972412109375,278.6949768066406,278.6107177734375,278.5654602050781,278.55389404296875
276.8331298828125,276.90283203125,276.9523620605469,277.0186462402344,277.119873046875,277.246826171875,277.3753662109375,277.4859924316406,277.5746765136719,277.6506652832031,277.7276611328125,277.8149719238281,277.912841796875,278.01373291015625,278.109619140625,278.19970703125,278.291015625,278.3892822265625,278.4892578125,278.5754699707031,278.634033203125,278.66400146484375,278.6763916015625,278.68212890625,278.68231201171875,278.6700439453125,278.6398010253906,278.59295654296875,278.5357971191406,278.475830078125,278.4201354980469,278.37274169921875,278.3294677734375,278.2777099609375,278.20794677734375,278.1271667480469,278.05535888671875,278.0030517578125,277.9567565917969,277.8951721191406,277.81964111328125,277.7578430175781,277.72955322265625,277.71630859375
275.7970886230469,275.88116455078125,275.90997314453125,275.93072509765625,275.9923400878906,276.1139831542969,276.2758483886719,276.435791015625,276.5577087402344,276.63262939453125,276.6801452636719,276.73236083984375,276.8128662109375,276.92523193359375,277.056396484375,277.1889953613281,277.31146240234375,277.4190368652344,277.50982666015625,277.58233642578125,277.6374816894531,277.6803894042969,277.7170715332031,277.74786376953125,277.7652282714844,277.7598876953125,277.7301940917969,277.68560791015625,277.6409606933594,277.60565185546875,277.5772705078125,277.54364013671875,277.4922180175781,277.4205017089844,277.3406066894531,277.2724609375,277.22808837890625,277.20001220703125,277.1663513183594,277.1116027832031,277.0422058105469,276.97869873046875,276.93109130859375,276.8859558105469
274.877685546875,274.98785400390625,275.0348815917969,275.046630859375,275.07135009765625,275.14654541015625,275.2776794433594,275.4392395019531,275.5943603515625,275.71759033203125,275.8064270019531,275.8763122558594,275.9468688964844,276.0296630859375,276.1258239746094,276.2304992675781,276.3382263183594,276.4447326660156,276.5455322265625,276.6352233886719,276.7093811035156,276.7664794921875,276.80810546875,276.83648681640625,276.8526306152344,276.8573303222656,276.8529357910156,276.84368896484375,276.8326721191406,276.8180236816406,276.7931213378906,276.751220703125,276.69219970703125,276.62548828125,276.5653381347656,276.5211181640625,276.4896240234375,276.45654296875,276.4080810546875,276.3430480957031,276.27447509765625,276.2176513671875,276.17584228515625,276.138671875
274.14703369140625,274.2817077636719,274.3662109375,274.39947509765625,274.4067687988281,274.4244689941406,274.4809265136719,274.5843811035156,274.7226257324219,274.8722839355469,275.01007080078125,275.1211853027344,275.2022399902344,275.2603454589844,275.309814453125,275.3670654296875,275.4445495605469,275.5451965332031,275.6606140136719,275.7743835449219,275.8698425292969,275.93743896484375,275.978515625,276.0025329589844,276.0206604003906,276.0396423339844,276.0588073730469,276.0714416503906,276.0689392089844,276.0460205078125,276.00396728515625,275.950927734375,275.89862060546875,275.856201171875,275.8248291015625,275.7963562011719,275.7582092285156,275.7022705078125,275.632568359375,275.5647277832031,275.51666259765625,275.4955749511719,275.491943359375,275.4859924316406
273.6216125488281,273.7273254394531,273.7984924316406,273.82513427734375,273.81591796875,273.79571533203125,273.7952880859375,273.8384094238281,273.9326477050781,274.0675964355469,274.2203063964844,274.3652648925781,274.4842834472656,274.5724182128906,274.63818359375,274.6974792480469,274.76519775390625,274.8477478027344,274.9405822753906,275.03173828125,275.1091003417969,275.1671447753906,275.2091979980469,275.2442932128906,275.2804870605469,275.31890869140625,275.3524169921875,275.36962890625,275.3615417480469,275.32794189453125,275.2782287597656,275.2275085449219,275.1886291503906,275.1650695800781,275.14935302734375,275.1274719238281,275.0881042480469,275.0309753417969,274.9685363769531,274.9196472167969,274.8978576660156,274.9020690917969,274.91546630859375,274.9152526855469
273.16656494140625,273.2413330078125,273.2926940917969,273.3166809082031,273.317626953125,273.3092346191406,273.3111877441406,273.3422546386719,273.4134521484375,273.5240478515625,273.662353515625,273.8105773925781,273.951416015625,274.0733337402344,274.1728820800781,274.2530212402344,274.3194580078125,274.3768310546875,274.4270935058594,274.4703369140625,274.507080078125,274.5401916503906,274.57427978515625,274.613525390625,274.65838623046875,274.70379638671875,274.74072265625,274.75994873046875,274.7568054199219,274.73419189453125,274.70135498046875,274.6695861816406,274.6465759277344,274.6324462890625,274.62030029296875,274.6006774902344,274.56793212890625,274.5244140625,274.48004150390625,274.4471740722656,274.4331359863281,274.4356994628906,274.443603515625,274.4429931640625
272.6758117675781,272.77001953125,272.8498840332031,272.9137268066406,272.9627990722656,273.002197265625,273.0403137207031,273.0865173339844,273.1483459472656,273.229248046875,273.3277282714844,273.4381408691406,273.5526428222656,273.6634521484375,273.7644958496094,273.8521728515625,273.9250183105469,273.9833679199219,274.0287780761719,274.06378173828125,274.0917053222656,274.1162414550781,274.140380859375,274.16546630859375,274.19036865234375,274.2117919921875,274.2257385253906,274.2292175292969,274.2221984863281,274.2077331542969,274.19097900390625,274.17669677734375,274.1670837402344,274.1606140136719,274.1529846191406,274.1393737792969,274.11737060546875,274.0885925292969,274.0581359863281,274.0323791503906,274.015869140625,274.00927734375,274.0096130371094,274.011962890625
272.30743408203125,272.41375732421875,272.5102233886719,272.5929260253906,272.65985107421875,272.71142578125,272.7504577636719,272.7818603515625,272.8114929199219,272.8451232910156,272.88739013671875,272.9410705566406,273.007080078125,273.0843200683594,273.1702575683594,273.2613525390625,273.35357666015625,273.4429016113281,273.5257568359375,273.5992736816406,273.6614074707031,273.71099853515625,273.74755859375,273.77117919921875,273.7824401855469,273.7824401855469,273.773193359375,273.7574462890625,273.73870849609375,273.7207946777344,273.7068176269531,273.6986083984375,273.6961364746094,273.6973571777344,273.69921875,273.6985778808594,273.6932678222656,273.6829528808594,273.66888427734375,273.6534729003906,273.63909912109375,273.6273193359375,273.6185607910156,273.6120910644531
272.21533203125,272.29022216796875,272.3533020019531,272.401123046875,272.4319152832031,272.4459533691406,272.4455261230469,272.434814453125,272.4194030761719,272.40557861328125,272.3995666503906,272.4067687988281,272.43115234375,272.4747314453125,272.5375061035156,272.61737060546875,272.7105407714844,272.81201171875,272.91595458984375,273.01678466796875,273.109130859375,273.1888427734375,273.2530517578125,273.3004455566406,273.3313903808594,273.34759521484375,273.3519287109375,273.34808349609375,273.3399353027344,273.3310241699219,273.32415771484375,273.3208923339844,273.3216857910156,273.32574462890625,273.3316955566406,273.3376770019531,273.3420715332031,273.3438720703125,273.3426208496094,273.3385925292969,273.3323974609375,273.3249816894531,273.3171081542969,273.30950927734375
