earth/public/data/atmosphere/C53/ANN-wind-isobaric-100hPa-gfs-1.0.json
{"header": {"discipline": 0, "disciplineName": "Meteorological products", "gribEdition": 2, "gribLength": 17922.0, "center": 0, "centerName": "Kiel Climate Model", "subcenter": 0, "refTime": "1", "significanceOfRT": 1, "significanceOfRTName": "Start of forecast", "productStatus": 0, "productStatusName": "Operational products", "productType": 1, "productTypeName": "Forecast products", "productDefinitionTemplate": 0, "productDefinitionTemplateName": "Analysis/forecast at horizontal level/layer at a point in time", "parameterCategory": 2, "parameterCategoryName": "Momentum", "parameterNumber": 2, "parameterNumberName": "V-component_of_wind", "parameterUnit": "m/s", "genProcessType": 2, "genProcessTypeName": "Forecast", "forecastTime": 0, "surface1Type": 103, "surface1TypeName": "Specified height level above ground", "surface1Value": 10, "surface2Type": 255, "surface2TypeName": "Missing", "surface2Value": 0, "gridDefinitionTemplate": 0, "gridDefinitionTemplateName": "Latitude_Longitude", "numberPoints": 65160, "shape": 6, "shapeName": "Earth spherical with radius of 6,371,229.0 m", "gridUnits": "degrees", "resolution": 48, "winds": "true", "scanMode": 0, "nx": 128.0, "ny": 64.0, "basicAngle": 0, "subDivisions": 0, "lo1": 0.0, "la1": 87.86379883923263, "lo2": 357.1875, "la2": -87.86379883923263, "dx": 2.8125, "dy": 2.7893269472772264}, "data":
[rows 38 to 56 of 64, columns 0 to 42 of 128]
-3.6136350631713867,-3.8170528411865234,-3.993417978286743,-4.1478657722473145,-4.259730339050293,-4.279660224914551,-4.185043811798096,-4.016964912414551,-3.823784112930298,-3.6109330654144287,-3.3856077194213867,-3.1928884983062744,-3.0611841678619385,-2.959688186645508,-2.8499648571014404,-2.740851879119873,-2.664400339126587,-2.633425235748291,-2.643428325653076,-2.687063694000244,-2.7566545009613037,-2.8510637283325195,-2.9716763496398926,-3.1036508083343506,-3.2282137870788574,-3.353485584259033,-3.4941446781158447,-3.627626419067383,-3.7115659713745117,-3.7344629764556885,-3.716172456741333,-3.669003963470459,-3.5811657905578613,-3.4343302249908447,-3.2263846397399902,-2.9693808555603027,-2.667125940322876,-2.3152999877929688,-1.9288815259933472,-1.5426284074783325,-1.1763074398040771,-0.8241780996322632,-0.4815138280391693
-3.399641990661621,-3.627319574356079,-3.850480556488037,-4.068229675292969,-4.256721019744873,-4.384610652923584,-4.427776336669922,-4.382922172546387,-4.262943267822266,-4.086686611175537,-3.8899388313293457,-3.7243175506591797,-3.609269380569458,-3.503566265106201,-3.3626999855041504,-3.2018444538116455,-3.064586877822876,-2.961277961730957,-2.8781368732452393,-2.814312696456909,-2.7775959968566895,-2.7719151973724365,-2.800280809402466,-2.8547887802124023,-2.914992332458496,-2.9779889583587646,-3.0617856979370117,-3.161712169647217,-3.2400972843170166,-3.270543098449707,-3.2579522132873535,-3.209810972213745,-3.116701126098633,-2.96562123298645,-2.7538435459136963,-2.4850268363952637,-2.16210675239563,-1.7911152839660645,-1.3870216608047485,-0.9672802686691284,-0.5440029501914978,-0.12912152707576752,0.2612266540527344
-2.936234712600708,-3.227726459503174,-3.51176381111145,-3.7833874225616455,-4.036059856414795,-4.268698215484619,-4.4649739265441895,-4.580699443817139,-4.578915596008301,-4.4756083488464355,-4.333185195922852,-4.204071998596191,-4.0864410400390625,-3.9421260356903076,-3.7541213035583496,-3.547041416168213,-3.345466375350952,-3.145636558532715,-2.945652723312378,-2.7663052082061768,-2.622941255569458,-2.513087511062622,-2.439492702484131,-2.4076712131500244,-2.404905080795288,-2.4174087047576904,-2.4532437324523926,-2.517354726791382,-2.585498332977295,-2.6273317337036133,-2.6327502727508545,-2.599632501602173,-2.5174715518951416,-2.3762803077697754,-2.17525315284729,-1.9147133827209473,-1.5923603773117065,-1.2143653631210327,-0.7988747358322144,-0.3624703288078308,0.0855124369263649,0.5311780571937561,0.9529014825820923
-2.282182216644287,-2.665989637374878,-3.0291242599487305,-3.3615317344665527,-3.674689292907715,-3.9865026473999023,-4.291586875915527,-4.539562702178955,-4.671690940856934,-4.686339378356934,-4.637660026550293,-4.563503265380859,-4.446890354156494,-4.25954008102417,-4.013121128082275,-3.744220018386841,-3.4668171405792236,-3.170733690261841,-2.8623180389404297,-2.5723743438720703,-2.3204827308654785,-2.1045780181884766,-1.928252100944519,-1.8043915033340454,-1.731058955192566,-1.6945964097976685,-1.6930997371673584,-1.7297453880310059,-1.7897638082504272,-1.8462504148483276,-1.8806666135787964,-1.881547451019287,-1.8328800201416016,-1.7198594808578491,-1.5400948524475098,-1.2981148958206177,-0.9951918721199036,-0.6342331767082214,-0.2282351851463318,0.20608535408973694,0.6566476821899414,1.110371708869934,1.5481353998184204
-1.5095628499984741,-1.9747061729431152,-2.4316701889038086,-2.859717607498169,-3.264962911605835,-3.6540701389312744,-4.021101474761963,-4.33896017074585,-4.571496963500977,-4.706540584564209,-4.759520053863525,-4.736178874969482,-4.617840766906738,-4.395750045776367,-4.097023010253906,-3.761138439178467,-3.4055862426757812,-3.0285370349884033,-2.6358754634857178,-2.2496094703674316,-1.891409158706665,-1.5730868577957153,-1.3046722412109375,-1.0971760749816895,-0.9534351825714111,-0.8671858310699463,-0.8336130380630493,-0.849797248840332,-0.9034549593925476,-0.9714162945747375,-1.0316249132156372,-1.0686709880828857,-1.0660349130630493,-1.0038878917694092,-0.8702346086502075,-0.6677252650260925,-0.405087411403656,-0.08822187036275864,0.27767544984817505,0.6842573285102844,1.120102882385254,1.569327473640442,2.010552167892456
-0.6921839714050293,-1.2028533220291138,-1.7526682615280151,-2.302619218826294,-2.834455728530884,-3.3278751373291016,-3.7609236240386963,-4.1223883628845215,-4.409671306610107,-4.616820812225342,-4.72728967666626,-4.719615459442139,-4.584921836853027,-4.337777137756348,-4.006221771240234,-3.6163289546966553,-3.1889281272888184,-2.740133762359619,-2.2789618968963623,-1.8132821321487427,-1.361735224723816,-0.9519878625869751,-0.605997622013092,-0.33302024006843567,-0.13474389910697937,-0.00912782084196806,0.04920152574777603,0.04771178215742111,-0.0020147524774074554,-0.0796504020690918,-0.16031518578529358,-0.22591878473758698,-0.26511305570602417,-0.2625040113925934,-0.19888514280319214,-0.06471794098615646,0.13564348220825195,0.3942587971687317,0.7065883278846741,1.0674413442611694,1.4657032489776611,1.8839516639709473,2.3008322715759277
0.04671301320195198,-0.4755532145500183,-1.085356593132019,-1.7273718118667603,-2.367337942123413,-2.9731900691986084,-3.504495143890381,-3.934917688369751,-4.264589309692383,-4.495717525482178,-4.6092305183410645,-4.5827131271362305,-4.422727584838867,-4.158753871917725,-3.809340476989746,-3.378598928451538,-2.884390354156494,-2.3624110221862793,-1.8367754220962524,-1.3113421201705933,-0.7962477207183838,-0.32131603360176086,0.08370072394609451,0.4053416848182678,0.6405585408210754,0.7906273603439331,0.8631795048713684,0.8689373135566711,0.8173424005508423,0.7236871123313904,0.6140600442886353,0.5132029056549072,0.4334518313407898,0.38298866152763367,0.3770027160644531,0.43219152092933655,0.5557531118392944,0.7455716729164124,0.9956527352333069,1.296365737915039,1.6337016820907593,1.9922382831573486,2.3570826053619385
0.5990114808082581,0.08976294845342636,-0.5288258194923401,-1.197466254234314,-1.8832796812057495,-2.5622754096984863,-3.186805486679077,-3.702296733856201,-4.083254814147949,-4.3280816078186035,-4.430563449859619,-4.384253025054932,-4.207427501678467,-3.932213306427002,-3.5679666996002197,-3.1043639183044434,-2.554450273513794,-1.9662342071533203,-1.3837475776672363,-0.820780873298645,-0.28104665875434875,0.21811047196388245,0.6523920297622681,1.0044366121292114,1.2639830112457275,1.427902340888977,1.5047565698623657,1.5089247226715088,1.4498939514160156,1.336938500404358,1.1917803287506104,1.0444095134735107,0.916716456413269,0.8184167146682739,0.7572665810585022,0.7446314096450806,0.7911388874053955,0.901584267616272,1.0733691453933716,1.2966281175613403,1.5573980808258057,1.8431180715560913,2.1433942317962646
0.9365732669830322,0.4579868018627167,-0.1323656588792801,-0.7807176113128662,-1.4552992582321167,-2.138502359390259,-2.788726806640625,-3.3440189361572266,-3.7612154483795166,-4.028048038482666,-4.141777992248535,-4.102675914764404,-3.928635358810425,-3.6484034061431885,-3.2727909088134766,-2.794063091278076,-2.222374200820923,-1.6035311222076416,-0.9906840324401855,-0.4127359390258789,0.12268555164337158,0.6099318265914917,1.0384942293167114,1.394555926322937,1.6622002124786377,1.830603837966919,1.9041765928268433,1.8989834785461426,1.828338861465454,1.7002758979797363,1.5298044681549072,1.3439885377883911,1.1705516576766968,1.0261662006378174,0.9178285598754883,0.8506336212158203,0.8310916423797607,0.8648899793624878,0.9532000422477722,1.0909732580184937,1.268799066543579,1.4764394760131836,1.703303337097168
1.0694169998168945,0.634740948677063,0.09354119747877121,-0.5083217024803162,-1.1316498517990112,-1.75379478931427,-2.345839262008667,-2.8653829097747803,-3.2761335372924805,-3.558195114135742,-3.697774648666382,-3.684910774230957,-3.5271317958831787,-3.249990224838257,-2.8753983974456787,-2.410797357559204,-1.866513729095459,-1.2739684581756592,-0.6774650812149048,-0.11290092766284943,0.4011401832103729,0.8580472469329834,1.2551720142364502,1.5865228176116943,1.8390799760818481,1.999222993850708,2.065004348754883,2.0483062267303467,1.9644775390625,1.8251986503601074,1.643510103225708,1.4397804737091064,1.2376459836959839,1.0552563667297363,0.9028258919715881,0.7864097952842712,0.7111101150512695,0.6804654598236084,0.6949509382247925,0.7517008185386658,0.8453601598739624,0.968607485294342,1.1117064952850342
1.0340567827224731,0.6546757221221924,0.1850280463695526,-0.33982598781585693,-0.8786284923553467,-1.4043418169021606,-1.8986629247665405,-2.3410401344299316,-2.708510160446167,-2.977846622467041,-3.1241071224212646,-3.126708984375,-2.9843153953552246,-2.719205617904663,-2.3620193004608154,-1.9347060918807983,-1.4511781930923462,-0.9292401075363159,-0.3956155776977539,0.11993280798196793,0.59291011095047,1.0084104537963867,1.3604189157485962,1.6463749408721924,1.8610525131225586,1.996745228767395,2.0496723651885986,2.0244810581207275,1.932079792022705,1.7855716943740845,1.5997731685638428,1.391594648361206,1.1776975393295288,0.9715899229049683,0.7837751507759094,0.6234335899353027,0.497923344373703,0.4103413224220276,0.35927772521972656,0.34119856357574463,0.35262152552604675,0.38954830169677734,0.4459192454814911
0.9090160727500916,0.5926691293716431,0.21309210360050201,-0.2094927281141281,-0.6461048126220703,-1.0743783712387085,-1.4788755178451538,-1.8433136940002441,-2.1471097469329834,-2.3672478199005127,-2.4813950061798096,-2.4734978675842285,-2.3416748046875,-2.1013903617858887,-1.7782970666885376,-1.3972034454345703,-0.976983368396759,-0.5331403613090515,-0.08203334361314774,0.3575591742992401,0.7657458782196045,1.124685287475586,1.4220118522644043,1.6522324085235596,1.814688801765442,1.9101694822311401,1.9393726587295532,1.9036272764205933,1.8071346282958984,1.6587387323379517,1.4720534086227417,1.2624748945236206,1.0433889627456665,0.8246625065803528,0.614757239818573,0.4225148856639862,0.2556002140045166,0.11739782243967056,0.006719939410686493,-0.07913945615291595,-0.14202018082141876,-0.18348148465156555,-0.20663496851921082
0.7624293565750122,0.5101053714752197,0.22052040696144104,-0.10010582953691483,-0.4397929608821869,-0.7836917638778687,-1.1127678155899048,-1.4026998281478882,-1.6286677122116089,-1.7729400396347046,-1.82794988155365,-1.7932054996490479,-1.67119562625885,-1.4666361808776855,-1.1888134479522705,-0.8536794185638428,-0.4827868342399597,-0.0988791212439537,0.2790476083755493,0.6373901963233948,0.9653083086013794,1.2512595653533936,1.483386516571045,1.6533665657043457,1.759745478630066,1.8069199323654175,1.8004740476608276,1.7436180114746094,1.6378097534179688,1.4866907596588135,1.298848271369934,1.0865635871887207,0.8621036410331726,0.6351483464241028,0.4131239354610443,0.20225951075553894,0.0071332454681396484,-0.17029371857643127,-0.3301243484020233,-0.47246333956718445,-0.5966558456420898,-0.7025533318519592,-0.7920668125152588
0.6207840442657471,0.4287596046924591,0.21561682224273682,-0.020511245355010033,-0.2776632010936737,-0.5449570417404175,-0.7998420596122742,-1.0126234292984009,-1.1580677032470703,-1.226169228553772,-1.2228449583053589,-1.159741997718811,-1.0422481298446655,-0.8664563298225403,-0.6274070739746094,-0.33083099126815796,0.002239126479253173,0.34195247292518616,0.6618850231170654,0.9470385313034058,1.1926027536392212,1.396751880645752,1.5552291870117188,1.6622145175933838,1.7148016691207886,1.7155338525772095,1.670329213142395,1.5843650102615356,1.460229516029358,1.299810528755188,1.107547640800476,0.8915815949440002,0.6621400117874146,0.42882657051086426,0.198786199092865,-0.023972922936081886,-0.23816753923892975,-0.444014310836792,-0.6412503123283386,-0.8277705907821655,-1.0003108978271484,-1.1567658185958862,-1.2979261875152588
0.49934566020965576,0.3611240088939667,0.21003107726573944,0.042355313897132874,-0.14218033850193024,-0.33423343300819397,-0.5129320621490479,-0.6517904996871948,-0.7302761077880859,-0.7429627776145935,-0.6989317536354065,-0.6112077236175537,-0.48529353737831116,-0.316128671169281,-0.09636610001325607,0.17119522392749786,0.4674990773200989,0.7626219391822815,1.028342843055725,1.2484612464904785,1.4201475381851196,1.5475186109542847,1.633925199508667,1.679072380065918,1.6812524795532227,1.6408109664916992,1.5612255334854126,1.447203278541565,1.3024680614471436,1.1295040845870972,0.931122899055481,0.7121915221214294,0.479808509349823,0.2417944073677063,0.004418710712343454,-0.22911503911018372,-0.45864659547805786,-0.685265839099884,-0.9088550209999084,-1.126796841621399,-1.3346701860427856,-1.5288141965866089,-1.7083112001419067
0.40843239426612854,0.31480494141578674,0.21444231271743774,0.10547208040952682,-0.0114892004057765,-0.1292778104543686,-0.2332429438829422,-0.30533257126808167,-0.33143532276153564,-0.3070012927055359,-0.23679417371749878,-0.12890610098838806,0.01203384529799223,0.18661728501319885,0.3959777355194092,0.6343698501586914,0.885525643825531,1.1260031461715698,1.3336308002471924,1.494994878768921,1.6075011491775513,1.6754896640777588,1.7044601440429688,1.6974316835403442,1.6551549434661865,1.5783010721206665,1.469237208366394,1.3316919803619385,1.1694340705871582,0.985173225402832,0.7810196876525879,0.5596395134925842,0.325239896774292,0.08325251191854477,-0.16115836799144745,-0.4045833945274353,-0.6461173892021179,-0.8862912654876709,-1.1252596378326416,-1.361371636390686,-1.5910717248916626,-1.8104819059371948,-2.017160177230835
0.35658785700798035,0.29959407448768616,0.24242153763771057,0.18560414016246796,0.13058976829051971,0.08157863467931747,0.04622664675116539,0.03395882248878479,0.052895981818437576,0.10708305984735489,0.19590775668621063,0.31584176421165466,0.46284618973731995,0.6331851482391357,0.8219959735870361,1.0209708213806152,1.217537760734558,1.3967103958129883,1.5450642108917236,1.6541080474853516,1.7213884592056274,1.7487226724624634,1.7394306659698486,1.6962664127349854,1.621158480644226,1.5161288976669312,1.3840761184692383,1.2286617755889893,1.0533405542373657,0.860564649105072,0.6518087387084961,0.42842939496040344,0.19275346398353577,-0.051670465618371964,-0.30074164271354675,-0.550993800163269,-0.8006011247634888,-1.049235224723816,-1.2970149517059326,-1.5432628393173218,-1.7856861352920532,-2.0208587646484375,-2.2452504634857178
0.3724035322666168,0.3483448624610901,0.32968175411224365,0.31785905361175537,0.3140183985233307,0.31988072395324707,0.3381642997264862,0.37246233224868774,0.4264119863510132,0.5024570226669312,0.6011049151420593,0.7206506729125977,0.8575021028518677,1.0064401626586914,1.160804271697998,1.312608003616333,1.4530731439590454,1.573733925819397,1.667695164680481,1.730552077293396,1.7604529857635498,1.7573988437652588,1.7223411798477173,1.6566017866134644,1.5618619918823242,1.4404503107070923,1.2954241037368774,1.1302077770233154,0.9478603005409241,0.7505627274513245,0.5396161079406738,0.31602373719215393,0.081236831843853,-0.16241735219955444,-0.41202518343925476,-0.6647979021072388,-0.9187609553337097,-1.1729103326797485,-1.4268014430999756,-1.6795246601104736,-1.9290393590927124,-2.1720383167266846,-2.4045135974884033
0.4803023636341095,0.48484787344932556,0.497744083404541,0.5197880268096924,0.5512582063674927,0.5922185778617859,0.6429727673530579,0.704246997833252,0.776977002620697,0.8618766665458679,0.9588093757629395,1.0662569999694824,1.1810506582260132,1.2985811233520508,1.4131240844726562,1.5186192989349365,1.6092647314071655,1.6802717447280884,1.7281206846237183,1.750695824623108,1.7469946146011353,1.7167751789093018,1.6602615118026733,1.5780513286590576,1.4712765216827393,1.3415758609771729,1.191196322441101,1.0225749015808105,0.838027834892273,0.6394286155700684,0.4281919002532959,0.20556361973285675,-0.027119388803839684,-0.2680908441543579,-0.5153014659881592,-0.766685426235199,-1.0204216241836548,-1.2750403881072998,-1.5292011499404907,-1.7812422513961792,-2.0288164615631104,-2.2687463760375977,-2.4973459243774414
