earth/public/data/atmosphere/C53/ANN-wind-isobaric-250hPa-gfs-1.0.json
{"header": {"discipline": 0, "disciplineName": "Meteorological products", "gribEdition": 2, "gribLength": 17922.0, "center": 0, "centerName": "Kiel Climate Model", "subcenter": 0, "refTime": "1", "significanceOfRT": 1, "significanceOfRTName": "Start of forecast", "productStatus": 0, "productStatusName": "Operational products", "productType": 1, "productTypeName": "Forecast products", "productDefinitionTemplate": 0, "productDefinitionTemplateName": "Analysis/forecast at horizontal level/layer at a point in time", "parameterCategory": 2, "parameterCategoryName": "Momentum", "parameterNumber": 2, "parameterNumberName": "U-component_of_wind", "parameterUnit": "m/s", "genProcessType": 2, "genProcessTypeName": "Forecast", "forecastTime": 0, "surface1Type": 103, "surface1TypeName": "Specified height level above ground", "surface1Value": 10, "surface2Type": 255, "surface2TypeName": "Missing", "surface2Value": 0, "gridDefinitionTemplate": 0, "gridDefinitionTemplateName": "Latitude_Longitude", "numberPoints": 65160, "shape": 6, "shapeName": "Earth spherical with radius of 6,371,229.0 m", "gridUnits": "degrees", "resolution": 48, "winds": "true", "scanMode": 0, "nx": 128.0, "ny": 64.0, "basicAngle": 0, "subDivisions": 0, "lo1": 0.0, "la1": 87.86379883923263, "lo2": 357.1875, "la2": -87.86379883923263, "dx": 2.8125, "dy": 2.7893269472772264}, "data":
[rows 0 to 18 of 64, columns 44 to 87 of 128]
3.4401402473449707,3.4399168491363525,3.429353713989258,3.40836501121521,3.376922369003296,3.3350019454956055,3.2826321125030518,3.2198712825775146,3.1469130516052246,3.0638601779937744,2.9709951877593994,2.8685355186462402,2.7568085193634033,2.63617205619812,2.507051467895508,2.3698484897613525,2.225051164627075,2.073173761367798,1.9147487878799438,1.750355839729309,1.5805715322494507,1.4059792757034302,1.2272984981536865,1.0450780391693115,0.8599937558174133,0.6727073788642883,0.48385360836982727,0.2940758168697357,0.10403263568878174,-0.08570408076047897,-0.2744736075401306,-0.46168917417526245,-0.6468137502670288,-0.8292661309242249,-1.0085372924804688,-1.1841224431991577,-1.3555376529693604,-1.5223361253738403,-1.6841460466384888,-1.840544581413269,-1.9911695718765259,-2.1357662677764893,-2.273994207382202,-2.405627489089966
3.8936798572540283,3.9140453338623047,3.9199957847595215,3.91127347946167,3.8876914978027344,3.84922194480896,3.795941114425659,3.727991819381714,3.645616292953491,3.549189567565918,3.4390738010406494,3.3158230781555176,3.17990779876709,3.032085657119751,2.8730297088623047,2.7034642696380615,2.5244150161743164,2.336782217025757,2.141622304916382,1.94001042842865,1.7331334352493286,1.5221995115280151,1.3084321022033691,1.093026041984558,0.8771596550941467,0.6619477272033691,0.44848090410232544,0.2377602905035019,0.03064398467540741,-0.17207738757133484,-0.36963754892349243,-0.5615142583847046,-0.7470875382423401,-0.9259661436080933,-1.097665786743164,-1.2618844509124756,-1.4181849956512451,-1.5663803815841675,-1.7061175107955933,-1.8371269702911377,-1.9591729640960693,-2.072108268737793,-2.1757259368896484,-2.269954204559326
5.069884300231934,5.090928077697754,5.091283321380615,5.071132183074951,5.030990123748779,4.971631050109863,4.8939433097839355,4.798877716064453,4.6874918937683105,4.560689926147461,4.419351100921631,4.264212131500244,4.095945358276367,3.9150967597961426,3.7222182750701904,3.5179622173309326,3.303093910217285,3.078660488128662,2.8459250926971436,2.606477737426758,2.362225294113159,2.115309953689575,1.8679636716842651,1.6225579977035522,1.3813214302062988,1.146245002746582,0.919104278087616,0.7011473178863525,0.4933742880821228,0.2962217628955841,0.10988514125347137,-0.06584645807743073,-0.23125256597995758,-0.38678112626075745,-0.5327719449996948,-0.6695240139961243,-0.7971778512001038,-0.9156609177589417,-1.0247348546981812,-1.124062180519104,-1.2131527662277222,-1.2915581464767456,-1.3589023351669312,-1.4148446321487427
5.9371161460876465,5.940546035766602,5.920020580291748,5.876373291015625,5.810929298400879,5.725353717803955,5.621660232543945,5.501960277557373,5.368336200714111,5.2227277755737305,5.066673278808594,4.901218414306641,4.726794719696045,4.543381214141846,4.350480079650879,4.147547721862793,3.934006929397583,3.7098500728607178,3.475633382797241,3.2328643798828125,2.983849287033081,2.731776475906372,2.4803249835968018,2.2334630489349365,1.994980812072754,1.7682143449783325,1.5556081533432007,1.3586859703063965,1.177895426750183,1.0127578973770142,0.8620298504829407,0.7240460515022278,0.5969692468643188,0.4791364073753357,0.36931872367858887,0.2667865455150604,0.17139434814453125,0.08354926109313965,0.004095712210983038,-0.06595107167959213,-0.12545503675937653,-0.17342178523540497,-0.20919853448867798,-0.2324521392583847
6.337202548980713,6.33075475692749,6.305545806884766,6.261830806732178,6.199779033660889,6.1197285652160645,6.0224833488464355,5.909314155578613,5.782018184661865,5.642834663391113,5.494152069091797,5.338035583496094,5.176070213317871,5.0090227127075195,4.83686637878418,4.658963203430176,4.474353790283203,4.282261848449707,4.082649230957031,3.876431703567505,3.665760040283203,3.453740119934082,3.244502305984497,3.04226016998291,2.8510069847106934,2.6738569736480713,2.512657403945923,2.3678159713745117,2.238511800765991,2.122823715209961,2.018366575241089,1.9226890802383423,1.833788514137268,1.7504210472106934,1.6723257303237915,1.5999807119369507,1.5346486568450928,1.478027582168579,1.431878924369812,1.3976324796676636,1.3762637376785278,1.3680732250213623,1.3725824356079102,1.388797402381897
6.811187744140625,6.801092624664307,6.78581428527832,6.764856338500977,6.735875129699707,6.695326328277588,6.63932466506958,6.564718723297119,6.46994161605835,6.35545539855957,6.2235493659973145,6.077864646911621,5.922756671905518,5.762447357177734,5.600648403167725,5.440214157104492,5.282986164093018,5.130100727081299,4.982122898101807,4.839430809020996,4.70262336730957,4.572576522827148,4.450595378875732,4.3379902839660645,4.235665798187256,4.143845558166504,4.061707019805908,3.987543821334839,3.9190478324890137,3.8540570735931396,3.7909023761749268,3.7288520336151123,3.66841459274292,3.6110260486602783,3.558884859085083,3.5144598484039307,3.4802908897399902,3.4584906101226807,3.4505910873413086,3.4571523666381836,3.477860689163208,3.511390209197998,3.555631399154663,3.6081056594848633
7.491097450256348,7.472700119018555,7.466071605682373,7.471189975738525,7.482930660247803,7.492717266082764,7.490367412567139,7.4671311378479,7.417556285858154,7.340529441833496,7.238861083984375,7.118286609649658,6.985995292663574,6.849734783172607,6.7170939445495605,6.594879627227783,6.488600730895996,6.4016876220703125,6.3350605964660645,6.287049770355225,6.2541961669921875,6.232332229614258,6.217674732208252,6.207419395446777,6.19965124130249,6.19273567199707,6.184841156005859,6.173935413360596,6.158194065093994,6.136844158172607,6.110732078552246,6.082301139831543,6.055031776428223,6.032464027404785,6.017436504364014,6.011711120605469,6.016141414642334,6.031033992767334,6.056552886962891,6.0927839279174805,6.139400482177734,6.195560455322266,6.259714126586914,6.329898357391357
8.33543872833252,8.321813583374023,8.334221839904785,8.370811462402344,8.422423362731934,8.474556922912598,8.5118408203125,8.52298355102539,8.504228591918945,8.459906578063965,8.399658203125,8.334699630737305,8.27457046508789,8.22612190246582,8.194449424743652,8.184011459350586,8.198829650878906,8.240870475769043,8.308095932006836,8.393802642822266,8.487686157226562,8.579330444335938,8.661185264587402,8.730511665344238,8.788473129272461,8.837869644165039,8.88071060180664,8.917210578918457,8.946451187133789,8.968214988708496,8.984410285949707,8.999130249023438,9.017252922058105,9.042632102966309,9.0765380859375,9.117926597595215,9.16435718536377,9.213949203491211,9.266412734985352,9.323080062866211,9.385891914367676,9.456314086914062,9.534377098083496,9.618912696838379
9.473244667053223,9.468267440795898,9.489653587341309,9.536229133605957,9.599995613098145,9.666264533996582,9.718236923217773,9.744671821594238,9.746509552001953,9.73787784576416,9.740342140197754,9.773736000061035,9.848758697509766,9.965360641479492,10.11711311340332,10.297090530395508,10.501127243041992,10.726174354553223,10.966104507446289,11.208907127380371,11.438583374023438,11.640422821044922,11.807038307189941,11.940712928771973,12.05075740814209,12.147841453552246,12.238885879516602,12.325154304504395,12.404202461242676,12.473726272583008,12.534655570983887,12.59165096282959,12.651000022888184,12.717523574829102,12.792581558227539,12.874197006225586,12.95898151397705,13.044649124145508,13.131169319152832,13.220516204833984,13.314849853515625,13.414960861206055,13.519743919372559,13.626774787902832
10.860904693603516,10.802103042602539,10.7490234375,10.718859672546387,10.726797103881836,10.775357246398926,10.852450370788574,10.94095230102539,11.03282642364502,11.137903213500977,11.280130386352539,11.484271049499512,11.761409759521484,12.1039457321167,12.491442680358887,12.902213096618652,13.32148265838623,13.741081237792969,14.153338432312012,14.545754432678223,14.902056694030762,15.208756446838379,15.46202564239502,15.669342041015625,15.844697952270508,16.0010929107666,16.145431518554688,16.278202056884766,16.397178649902344,16.501693725585938,16.59483528137207,16.68304443359375,16.773624420166016,16.872055053710938,16.980409622192383,17.097732543945312,17.22173500061035,17.350778579711914,17.484355926513672,17.62222671508789,17.762842178344727,17.902523040771484,18.03676986694336,18.161907196044922
12.322999954223633,12.12672233581543,11.919707298278809,11.750081062316895,11.670877456665039,11.714241981506348,11.87655258178711,12.125871658325195,12.425375938415527,12.75720500946045,13.129737854003906,13.565207481384277,14.078083038330078,14.661109924316406,15.287434577941895,15.92445182800293,16.547016143798828,17.141115188598633,17.698226928710938,18.20893096923828,18.662429809570312,19.052085876464844,19.38020133972168,19.656906127929688,19.893529891967773,20.09718894958496,20.270353317260742,20.415542602539062,20.539039611816406,20.650821685791016,20.761009216308594,20.876747131347656,21.001575469970703,21.136821746826172,21.28261375427246,21.437923431396484,21.601055145263672,21.77035140991211,21.944629669189453,22.1218204498291,22.297510147094727,22.464841842651367,22.616962432861328,22.749662399291992
13.843814849853516,13.524120330810547,13.224801063537598,12.99879264831543,12.909914016723633,13.004873275756836,13.28892993927002,13.723365783691406,14.248841285705566,14.819035530090332,15.42107105255127,16.06993293762207,16.78424072265625,17.563058853149414,18.37994384765625,19.19523811340332,19.97348403930664,20.693267822265625,21.344768524169922,21.922550201416016,22.42287254333496,22.846689224243164,23.202903747558594,23.50453758239746,23.76074981689453,23.97275733947754,24.13968849182129,24.268095016479492,24.37552833557129,24.483322143554688,24.60584831237793,24.74620246887207,24.900632858276367,25.06583023071289,25.24091911315918,25.424856185913086,25.61396598815918,25.803466796875,25.99069595336914,26.17499542236328,26.354162216186523,26.52204704284668,26.67047882080078,26.793045043945312
15.447006225585938,15.135354042053223,14.912675857543945,14.793390274047852,14.806988716125488,14.988264083862305,15.353232383728027,15.882242202758789,16.526268005371094,17.234230041503906,17.979562759399414,18.765396118164062,19.605587005615234,20.4990291595459,21.417810440063477,22.31597328186035,23.150279998779297,23.896249771118164,24.549190521240234,25.11273765563965,25.5892333984375,25.98100471496582,26.2977294921875,26.556777954101562,26.773439407348633,26.952436447143555,27.093135833740234,27.202232360839844,27.298839569091797,27.405147552490234,27.53276824951172,27.679546356201172,27.838871002197266,28.00900650024414,28.192630767822266,28.388458251953125,28.587007522583008,28.77595329284668,28.949251174926758,29.108505249023438,29.255935668945312,29.387453079223633,29.494190216064453,29.568134307861328
17.085168838500977,16.90229034423828,16.842538833618164,16.882497787475586,17.016159057617188,17.2637939453125,17.655120849609375,18.199691772460938,18.872663497924805,19.62972068786621,20.43548011779785,21.277341842651367,22.154924392700195,23.059003829956055,23.95918083190918,24.808578491210938,25.563140869140625,26.2025146484375,26.73542594909668,27.182233810424805,27.55290412902832,27.844606399536133,28.05963134765625,28.217510223388672,28.34450912475586,28.45534324645996,28.55118179321289,28.633838653564453,28.71538734436035,28.81161880493164,28.929943084716797,29.067089080810547,29.217815399169922,29.382017135620117,29.561885833740234,29.752817153930664,29.94002914428711,30.10658073425293,30.244874954223633,30.35761833190918,30.44782066345215,30.511180877685547,30.5400447845459,30.531476974487305
18.773386001586914,18.715301513671875,18.747608184814453,18.85355567932129,19.032245635986328,19.309471130371094,19.723304748535156,20.289005279541016,20.97966194152832,21.744382858276367,22.54251480102539,23.354534149169922,24.16750144958496,24.962011337280273,25.71072769165039,26.3804874420166,26.938047409057617,27.36754608154297,27.685842514038086,27.928577423095703,28.116962432861328,28.2470703125,28.315122604370117,28.340791702270508,28.355876922607422,28.378433227539062,28.408964157104492,28.447179794311523,28.501310348510742,28.580535888671875,28.68715476989746,28.817462921142578,28.965389251708984,29.123960494995117,29.28583335876465,29.442733764648438,29.584182739257812,29.69953727722168,29.78413200378418,29.83942222595215,29.864498138427734,29.85182762145996,29.796466827392578,29.705238342285156
20.66899299621582,20.6507568359375,20.67673683166504,20.758358001708984,20.918811798095703,21.19654655456543,21.627145767211914,22.205148696899414,22.87384796142578,23.568161010742188,24.259004592895508,24.941617965698242,25.595176696777344,26.1801700592041,26.670785903930664,27.06264877319336,27.3486270904541,27.51610565185547,27.575664520263672,27.566558837890625,27.5206356048584,27.441865921020508,27.33168601989746,27.213285446166992,27.114643096923828,27.04389762878418,26.998260498046875,26.984657287597656,27.01434898376465,27.085037231445312,27.184572219848633,27.30574607849121,27.44304084777832,27.581771850585938,27.70411491394043,27.80340003967285,27.88125991821289,27.935882568359375,27.962318420410156,27.958688735961914,27.92202377319336,27.844127655029297,27.722055435180664,27.56805992126465
23.02212142944336,22.980606079101562,22.971683502197266,23.012638092041016,23.128189086914062,23.356061935424805,23.725942611694336,24.214271545410156,24.741466522216797,25.239667892456055,25.707378387451172,26.167667388916016,26.590801239013672,26.90472984313965,27.07620620727539,27.1331844329834,27.102874755859375,26.97895050048828,26.76312255859375,26.492101669311523,26.2020206451416,25.90236473083496,25.603893280029297,25.337940216064453,25.126543045043945,24.96210289001465,24.83838653564453,24.774826049804688,24.785669326782227,24.848913192749023,24.9317684173584,25.026906967163086,25.137590408325195,25.246347427368164,25.32806396484375,25.38019371032715,25.413251876831055,25.423097610473633,25.396467208862305,25.332490921020508,25.236963272094727,25.107147216796875,24.940706253051758,24.74884033203125
25.911094665527344,25.81204605102539,25.75057029724121,25.727569580078125,25.751903533935547,25.851709365844727,26.05215072631836,26.330883026123047,26.613698959350586,26.84031867980957,27.02146339416504,27.19115447998047,27.315088272094727,27.306392669677734,27.133289337158203,26.845836639404297,26.489912033081055,26.06378936767578,25.57316780090332,25.061365127563477,24.562685012817383,24.079076766967773,23.622594833374023,23.231807708740234,22.926990509033203,22.690235137939453,22.51141357421875,22.413145065307617,22.405437469482422,22.451589584350586,22.511131286621094,22.584430694580078,22.680959701538086,22.774858474731445,22.832735061645508,22.857542037963867,22.864004135131836,22.837806701660156,22.758708953857422,22.637250900268555,22.494388580322266,22.33043098449707,22.142282485961914,21.943702697753906
28.903528213500977,28.724489212036133,28.575374603271484,28.43970489501953,28.325843811035156,28.257892608642578,28.24503517150879,28.2689208984375,28.284385681152344,28.243379592895508,28.135395050048828,27.97490119934082,27.737483978271484,27.366287231445312,26.856014251708984,26.262474060058594,25.61990737915039,24.92378044128418,24.197498321533203,23.49875259399414,22.85524559020996,22.25745391845703,21.715091705322266,21.265295028686523,20.924434661865234,20.67445945739746,20.501039505004883,20.41087532043457,20.400880813598633,20.439054489135742,20.498214721679688,20.58226203918457,20.689746856689453,20.780967712402344,20.821683883666992,20.826091766357422,20.812633514404297,20.758432388305664,20.644168853759766,20.49720001220703,20.345666885375977,20.180429458618164,19.99807357788086,19.82651710510254
