earth/public/data/atmosphere/C53/ANN-rh-isobaric-100hPa-gfs-1.0.json
{"header": {"discipline": 0, "disciplineName": "Meteorological products", "gribEdition": 2, "gribLength": 17922.0, "center": 0, "centerName": "Kiel Climate Model", "subcenter": 0, "refTime": "1", "significanceOfRT": 1, "significanceOfRTName": "Start of forecast", "productStatus": 0, "productStatusName": "Operational products", "productType": 1, "productTypeName": "Forecast products", "productDefinitionTemplate": 0, "productDefinitionTemplateName": "Analysis/forecast at horizontal level/layer at a point in time", "parameterCategory": 2, "parameterCategoryName": "Momentum", "parameterNumber": 2, "parameterNumberName": "U-component_of_wind", "parameterUnit": "%", "genProcessType": 2, "genProcessTypeName": "Forecast", "forecastTime": 0, "surface1Type": 103, "surface1TypeName": "Specified height level above ground", "surface1Value": 10, "surface2Type": 255, "surface2TypeName": "Missing", "surface2Value": 0, "gridDefinitionTemplate": 0, "gridDefinitionTemplateName": "Latitude_Longitude", "numberPoints": 65160, "shape": 6, "shapeName": "Earth spherical with radius of 6,371,229.0 m", "gridUnits": "degrees", "resolution": 48, "winds": "true", "scanMode": 0, "nx": 128.0, "ny": 64.0, "basicAngle": 0, "subDivisions": 0, "lo1": 0.0, "la1": 87.86379883923263, "lo2": 357.1875, "la2": -87.86379883923263, "dx": 2.8125, "dy": 2.7893269472772264}, "data":
[rows 0 to 18 of 64, columns 43 to 85 of 128]
0.5350862145423889,0.5348995327949524,0.534704327583313,0.5345008373260498,0.5342898964881897,0.5340708494186401,0.5338448882102966,0.5336121320724487,0.5333727598190308,0.5331277847290039,0.5328776240348816,0.5326232314109802,0.5323648452758789,0.5321034789085388,0.5318402051925659,0.531575620174408,0.5313106775283813,0.5310465097427368,0.5307838916778564,0.5305238962173462,0.530267596244812,0.5300158262252808,0.529770016670227,0.52953040599823,0.5292985439300537,0.5290754437446594,0.5288617014884949,0.5286583304405212,0.528466522693634,0.528286337852478,0.5281195044517517,0.5279660224914551,0.527826726436615,0.5277024507522583,0.5275933146476746,0.5275002717971802,0.5274233818054199,0.5273631811141968,0.5273195505142212,0.5272934436798096,0.5272843837738037,0.5272923707962036,0.5273178815841675
0.5328172445297241,0.5324856638908386,0.5321223735809326,0.5317270159721375,0.5312999486923218,0.5308408141136169,0.530350923538208,0.5298305153846741,0.5292815566062927,0.5287055969238281,0.5281042456626892,0.5274807810783386,0.5268369317054749,0.5261759757995605,0.5255007147789001,0.5248146057128906,0.5241206884384155,0.5234228372573853,0.522724449634552,0.5220293402671814,0.5213408470153809,0.520663321018219,0.519999623298645,0.5193538665771484,0.5187296867370605,0.5181300640106201,0.5175580978393555,0.5170169472694397,0.5165093541145325,0.5160375237464905,0.5156034827232361,0.5152089595794678,0.5148556232452393,0.5145443081855774,0.5142760872840881,0.5140513181686401,0.5138705372810364,0.5137336254119873,0.513640820980072,0.5135915875434875,0.5135863423347473,0.5136238932609558,0.5137044191360474
0.5220798850059509,0.5216339230537415,0.5211207270622253,0.5205382108688354,0.5198850631713867,0.5191611051559448,0.5183671712875366,0.5175052285194397,0.5165778994560242,0.5155888199806213,0.5145425796508789,0.5134444236755371,0.5123003125190735,0.5111157298088074,0.5098980665206909,0.5086534023284912,0.5073889493942261,0.5061120986938477,0.5048304796218872,0.5035518407821655,0.502284049987793,0.5010358691215515,0.49981561303138733,0.4986319839954376,0.49749326705932617,0.49640747904777527,0.49538227915763855,0.4944238066673279,0.49353861808776855,0.4927308261394501,0.4920038878917694,0.4913600981235504,0.49080073833465576,0.4903256297111511,0.48993396759033203,0.48962435126304626,0.4893946945667267,0.48924165964126587,0.4891628623008728,0.48915553092956543,0.4892164468765259,0.48934313654899597,0.4895327389240265
0.5051209926605225,0.5046275854110718,0.5040236711502075,0.5033027529716492,0.5024579763412476,0.5014859437942505,0.5003847479820251,0.4991554021835327,0.497802197933197,0.4963300824165344,0.4947483241558075,0.49306541681289673,0.4912928640842438,0.4894413352012634,0.48752251267433167,0.48554882407188416,0.48353296518325806,0.48148778080940247,0.4794270396232605,0.47736573219299316,0.475318968296051,0.4733036458492279,0.4713361859321594,0.46943399310112,0.4676130414009094,0.46588918566703796,0.4642757475376129,0.4627839922904968,0.4614224135875702,0.46019601821899414,0.4591073989868164,0.4581563174724579,0.45734068751335144,0.4566574990749359,0.45610320568084717,0.4556739628314972,0.455366849899292,0.4551791846752167,0.45510774850845337,0.45514917373657227,0.45529961585998535,0.4555533230304718,0.45590484142303467
0.48342594504356384,0.4828721284866333,0.48216262459754944,0.481284499168396,0.4802243411540985,0.478973925113678,0.4775286018848419,0.4758891463279724,0.4740613102912903,0.4720546007156372,0.46988070011138916,0.4675537943840027,0.4650886058807373,0.46250173449516296,0.4598110318183899,0.45703646540641785,0.45420023798942566,0.4513265788555145,0.44844141602516174,0.44557154178619385,0.44274473190307617,0.4399885833263397,0.4373287856578827,0.4347901940345764,0.4323951005935669,0.4301614463329315,0.42810383439064026,0.42623090744018555,0.42454609274864197,0.4230473041534424,0.42172715067863464,0.4205743670463562,0.41957637667655945,0.418721079826355,0.4180000126361847,0.4174107313156128,0.4169566333293915,0.4166470766067505,0.4164937734603882,0.41650909185409546,0.41669949889183044,0.4170641005039215,0.41759297251701355
0.455672025680542,0.4549115002155304,0.453945130109787,0.45275551080703735,0.4513259828090668,0.4496479332447052,0.44772055745124817,0.4455528259277344,0.44315874576568604,0.44055449962615967,0.4377553164958954,0.43477344512939453,0.43162253499031067,0.42831820249557495,0.42488324642181396,0.4213486313819885,0.4177539646625519,0.4141438901424408,0.4105646312236786,0.4070608615875244,0.4036721885204315,0.40043267607688904,0.3973686695098877,0.39450138807296753,0.3918434977531433,0.3894035220146179,0.38718366622924805,0.38518160581588745,0.3833915591239929,0.3818061649799347,0.3804129958152771,0.3791975677013397,0.3781399726867676,0.37721922993659973,0.3764162063598633,0.37572118639945984,0.3751380741596222,0.37468692660331726,0.37440282106399536,0.3743239641189575,0.37448298931121826,0.37489384412765503,0.37554606795310974
0.42289191484451294,0.42197185754776,0.42081886529922485,0.4193972647190094,0.4176740348339081,0.415628045797348,0.4132615029811859,0.4105927646160126,0.40765148401260376,0.404465913772583,0.40105584263801575,0.39743462204933167,0.3936136066913605,0.38961315155029297,0.3854718804359436,0.3812471926212311,0.3770112693309784,0.3728380501270294,0.3687935471534729,0.36492684483528137,0.36126989126205444,0.3578416109085083,0.35465186834335327,0.3517073094844818,0.34900641441345215,0.3465389013290405,0.344285249710083,0.3422219455242157,0.3403293192386627,0.3386012613773346,0.3370467722415924,0.3356829285621643,0.3345203101634979,0.3335517942905426,0.332749605178833,0.3320751190185547,0.33149802684783936,0.33101585507392883,0.3306598365306854,0.3304862082004547,0.3305554687976837,0.3309055268764496,0.33153650164604187
0.38671639561653137,0.3858456611633301,0.38476502895355225,0.38340452313423157,0.3816947042942047,0.3795868456363678,0.37706661224365234,0.37415027618408203,0.37087443470954895,0.3672788441181183,0.36339735984802246,0.3592568337917328,0.35488787293434143,0.35033905506134033,0.3456886112689972,0.34104275703430176,0.3365168869495392,0.33221155405044556,0.3281860947608948,0.324451744556427,0.32098472118377686,0.3177509307861328,0.3147326707839966,0.31193825602531433,0.30938881635665894,0.30709174275398254,0.3050209879875183,0.30311593413352966,0.3013084828853607,0.29956164956092834,0.2978942096233368,0.29637449979782104,0.295083224773407,0.2940661311149597,0.2933063805103302,0.2927316725254059,0.2922547459602356,0.2918233275413513,0.291445791721344,0.2911849021911621,0.2911229133605957,0.2913181483745575,0.29178035259246826
0.348689466714859,0.3477855324745178,0.3466792404651642,0.3453109562397003,0.3436179459095001,0.34154990315437317,0.33907923102378845,0.33620110154151917,0.33293214440345764,0.32930582761764526,0.32536786794662476,0.32117295265197754,0.316786527633667,0.3122914135456085,0.3077949285507202,0.30342787504196167,0.29932281374931335,0.2955795228481293,0.29223233461380005,0.2892366051673889,0.2864927053451538,0.2838954031467438,0.2813892960548401,0.2789963483810425,0.27679720520973206,0.27487191557884216,0.27323541045188904,0.2718082368373871,0.2704530358314514,0.26905378699302673,0.2675897777080536,0.26615193486213684,0.26488324999809265,0.2638889253139496,0.2631702721118927,0.26263508200645447,0.2621679902076721,0.26170778274536133,0.2612844407558441,0.26098766922950745,0.26090365648269653,0.261064738035202,0.26144304871559143
0.3119390606880188,0.310745507478714,0.30932340025901794,0.30767637491226196,0.3058105409145355,0.3037341237068176,0.3014403283596039,0.2989062964916229,0.29610514640808105,0.2930329442024231,0.2897278368473053,0.28626614809036255,0.28274083137512207,0.2792452573776245,0.2758667767047882,0.2726896107196808,0.26978933811187744,0.2672187387943268,0.2649882435798645,0.26305535435676575,0.2613300085067749,0.2597024142742157,0.25808537006378174,0.2564563751220703,0.25487813353538513,0.25346019864082336,0.25228288769721985,0.2513202726840973,0.2504398226737976,0.24948571622371674,0.2483977973461151,0.24726121127605438,0.24624399840831757,0.24546541273593903,0.24491062760353088,0.2444598376750946,0.24400506913661957,0.2435535043478012,0.24322688579559326,0.24316632747650146,0.24342413246631622,0.24393288791179657,0.2445673942565918
0.2787633240222931,0.2772783041000366,0.27562081813812256,0.2738051414489746,0.2718854248523712,0.26994743943214417,0.26805979013442993,0.2662295997142792,0.26440542936325073,0.26252859830856323,0.2605836093425751,0.25861191749572754,0.25668996572494507,0.25490066409111023,0.25331440567970276,0.2519776225090027,0.2508939504623413,0.2500160336494446,0.2492721527814865,0.24862000346183777,0.24806848168373108,0.24764010310173035,0.2472987025976181,0.2469344586133957,0.24644245207309723,0.24581947922706604,0.24517011642456055,0.24459774792194366,0.24409350752830505,0.24354933202266693,0.24289649724960327,0.24221397936344147,0.24168351292610168,0.24142378568649292,0.2413792461156845,0.24138517677783966,0.2413434237241745,0.24133944511413574,0.24157992005348206,0.24221491813659668,0.24320879578590393,0.2443728893995285,0.24551913142204285
0.25069236755371094,0.24899142980575562,0.24727760255336761,0.2455427497625351,0.24383831024169922,0.24230030179023743,0.24108454585075378,0.24027509987354279,0.23984700441360474,0.23970234394073486,0.23973913490772247,0.23988428711891174,0.24009758234024048,0.24038705229759216,0.2408331036567688,0.24156805872917175,0.24266564846038818,0.24402661621570587,0.24539871513843536,0.24656112492084503,0.24751180410385132,0.24844375252723694,0.2495052069425583,0.2505934238433838,0.2514202296733856,0.25179722905158997,0.2518255412578583,0.2517787516117096,0.25181910395622253,0.2518806457519531,0.25184211134910583,0.25175705552101135,0.2518535852432251,0.2523066997528076,0.25306519865989685,0.2539372742176056,0.2548251450061798,0.25583356618881226,0.25714731216430664,0.2588247060775757,0.2607196271419525,0.262600839138031,0.2643376290798187
0.2289661467075348,0.22700227797031403,0.22519707679748535,0.22365616261959076,0.2224593162536621,0.22172299027442932,0.22159551084041595,0.22217923402786255,0.22346670925617218,0.2253589928150177,0.22772535681724548,0.23042507469654083,0.23328988254070282,0.23615634441375732,0.23898594081401825,0.2419472336769104,0.24529048800468445,0.2490580826997757,0.25292763113975525,0.25641465187072754,0.25928792357444763,0.2617446184158325,0.2641226351261139,0.2664581537246704,0.26841652393341064,0.26969292759895325,0.2704080045223236,0.27101022005081177,0.27180787920951843,0.27271145582199097,0.2734871506690979,0.27415895462036133,0.275037944316864,0.27637630701065063,0.2781226933002472,0.28007009625434875,0.28214341402053833,0.2844354808330536,0.2870050370693207,0.28974029421806335,0.292447954416275,0.2950144112110138,0.2974493205547333
0.2122284173965454,0.21013525128364563,0.20835605263710022,0.2072172462940216,0.2068769335746765,0.2074042558670044,0.208865225315094,0.21129730343818665,0.21463307738304138,0.21870830655097961,0.2233734130859375,0.228562131524086,0.23420384526252747,0.240091472864151,0.2459363490343094,0.25161466002464294,0.25729697942733765,0.2632189691066742,0.269294798374176,0.2750506103038788,0.2800266742706299,0.28420284390449524,0.28791868686676025,0.2913738191127777,0.2943485975265503,0.29653602838516235,0.2980608344078064,0.29946696758270264,0.30115658044815063,0.3030209541320801,0.3047654926776886,0.3064522445201874,0.3084845542907715,0.3110874593257904,0.3140653669834137,0.3171565532684326,0.32039114832878113,0.323914498090744,0.32760801911354065,0.3311408758163452,0.33436721563339233,0.33744552731513977,0.3405269682407379
0.1992669701576233,0.19741754233837128,0.19595690071582794,0.19532784819602966,0.19580744206905365,0.19753336906433105,0.20059964060783386,0.20504359900951385,0.21071894466876984,0.21726113557815552,0.2242906093597412,0.23169532418251038,0.23963765799999237,0.24821126461029053,0.2571382224559784,0.2659159004688263,0.27425557374954224,0.28226202726364136,0.29011601209640503,0.2976731061935425,0.3044986426830292,0.31030794978141785,0.31524166464805603,0.319614052772522,0.3234785795211792,0.3266485035419464,0.32916632294654846,0.3315078616142273,0.3341224193572998,0.33695900440216064,0.3397369980812073,0.34257033467292786,0.3459240198135376,0.34991660714149475,0.35410502552986145,0.35814473032951355,0.3622617721557617,0.3667421340942383,0.37127605080604553,0.3752695322036743,0.3786516487598419,0.3818824887275696,0.3851609528064728
0.19072595238685608,0.18935467302799225,0.18834394216537476,0.18814410269260406,0.18919777870178223,0.19184258580207825,0.19626523554325104,0.20248784124851227,0.21032632887363434,0.2193334400653839,0.22891035676002502,0.23866425454616547,0.24866679310798645,0.2592291831970215,0.2703864574432373,0.28169339895248413,0.29254844784736633,0.30263248085975647,0.311988890171051,0.32072681188583374,0.3287118077278137,0.3356224298477173,0.34134575724601746,0.34619125723838806,0.35054534673690796,0.3544471263885498,0.35778579115867615,0.360825777053833,0.36410292983055115,0.36776256561279297,0.3715016543865204,0.37529245018959045,0.37958812713623047,0.38453325629234314,0.3895585238933563,0.3942016363143921,0.398792028427124,0.4037436246871948,0.4086289405822754,0.41268017888069153,0.4159109890460968,0.41894641518592834,0.4218505620956421
0.18595069646835327,0.18494416773319244,0.1844312846660614,0.18478843569755554,0.18660013377666473,0.19047242403030396,0.19657287001609802,0.20454955101013184,0.21395999193191528,0.22455114126205444,0.23609977960586548,0.2482750415802002,0.2607874870300293,0.2735058069229126,0.2863415777683258,0.29911911487579346,0.3115195035934448,0.3230768144130707,0.33338141441345215,0.3424220383167267,0.3504994809627533,0.357685923576355,0.36373451352119446,0.36869776248931885,0.3731290102005005,0.37735849618911743,0.38114500045776367,0.38445955514907837,0.38797709345817566,0.39221903681755066,0.39683470129966736,0.40138664841651917,0.4062044322490692,0.4116829037666321,0.4173480272293091,0.4225063621997833,0.4272952377796173,0.43215087056159973,0.43671754002571106,0.44029638171195984,0.4430055618286133,0.44543296098709106,0.4473862051963806
0.18599961698055267,0.18513669073581696,0.1851537674665451,0.18612678349018097,0.1887635588645935,0.1941606104373932,0.20252853631973267,0.21282510459423065,0.22392457723617554,0.23564636707305908,0.2484440952539444,0.2625705599784851,0.27772951126098633,0.2931514382362366,0.307924747467041,0.3215903341770172,0.3343058228492737,0.3460930585861206,0.3563389778137207,0.36461853981018066,0.37150681018829346,0.3777809143066406,0.3833279311656952,0.3877672851085663,0.3915726840496063,0.3954734802246094,0.39930808544158936,0.40267810225486755,0.4061969518661499,0.4107663631439209,0.4161111116409302,0.4213625192642212,0.42660826444625854,0.43248221278190613,0.43867507576942444,0.444240003824234,0.4490090012550354,0.45340755581855774,0.4572544991970062,0.4599997103214264,0.461775004863739,0.46300193667411804,0.46334028244018555
0.19641061127185822,0.19570206105709076,0.19605593383312225,0.1973830759525299,0.20078514516353607,0.20789746940135956,0.2188604772090912,0.2319691926240921,0.24558568000793457,0.2595134377479553,0.2743165194988251,0.29026854038238525,0.3072165548801422,0.324491947889328,0.34071725606918335,0.35465916991233826,0.36640551686286926,0.3767378330230713,0.3855210244655609,0.3920176029205322,0.39661628007888794,0.40063202381134033,0.40441304445266724,0.40732666850090027,0.4095945358276367,0.4123411774635315,0.415796160697937,0.4192793071269989,0.42295363545417786,0.4277563989162445,0.4336170256137848,0.43953800201416016,0.44532719254493713,0.451534628868103,0.4578720033168793,0.4633592963218689,0.46781057119369507,0.47169095277786255,0.4748384654521942,0.476680189371109,0.4772702753543854,0.47691428661346436,0.47533828020095825
