earth/public/data/atmosphere/C53/ANN-precip-surface-level-gfs-1.0.json
{"header": {"discipline": 0, "disciplineName": "Meteorological products", "gribEdition": 2, "gribLength": 17922.0, "center": 0, "centerName": "Kiel Climate Model", "subcenter": 0, "refTime": "1", "significanceOfRT": 1, "significanceOfRTName": "Start of forecast", "productStatus": 0, "productStatusName": "Operational products", "productType": 1, "productTypeName": "Forecast products", "productDefinitionTemplate": 0, "productDefinitionTemplateName": "Analysis/forecast at horizontal level/layer at a point in time", "parameterCategory": 2, "parameterCategoryName": "Momentum", "parameterNumber": 2, "parameterNumberName": "U-component_of_wind", "parameterUnit": "mm/day", "genProcessType": 2, "genProcessTypeName": "Forecast", "forecastTime": 0, "surface1Type": 103, "surface1TypeName": "Specified height level above ground", "surface1Value": 10, "surface2Type": 255, "surface2TypeName": "Missing", "surface2Value": 0, "gridDefinitionTemplate": 0, "gridDefinitionTemplateName": "Latitude_Longitude", "numberPoints": 65160, "shape": 6, "shapeName": "Earth spherical with radius of 6,371,229.0 m", "gridUnits": "degrees", "resolution": 48, "winds": "true", "scanMode": 0, "nx": 128.0, "ny": 64.0, "basicAngle": 0, "subDivisions": 0, "lo1": 0.0, "la1": 87.86379883923263, "lo2": 357.1875, "la2": -87.86379883923263, "dx": 2.8125, "dy": 2.7893269472772264}, "data":
[rows 19 to 37 of 64, columns 0 to 42 of 128]
2.1256754398345947,2.1252238750457764,1.7818292379379272,1.9295721054077148,1.8853975534439087,1.700209379196167,1.265598177909851,1.3688273429870605,1.2884256839752197,1.1673012971878052,1.1576602458953857,0.9697805643081665,0.8930755257606506,0.8389148116111755,0.7916613221168518,0.687816858291626,0.6920682787895203,0.7083119750022888,0.6705520749092102,0.6645142436027527,0.7374823689460754,0.8079890608787537,0.8611928820610046,0.3925168812274933,0.47228682041168213,0.4923073947429657,0.5021046996116638,0.5935871005058289,0.7328298091888428,0.8490475416183472,0.9678444862365723,1.0693284273147583,1.093794345855713,1.0765533447265625,0.9370051622390747,0.763171374797821,0.7567447423934937,0.8900800347328186,1.0510069131851196,0.9757623672485352,0.9513570666313171,0.9040177464485168,0.8749510645866394
2.071621894836426,2.090195417404175,1.94428288936615,1.858051061630249,1.7880072593688965,1.515462875366211,1.3269606828689575,1.1035209894180298,0.9031778573989868,0.7611232399940491,0.7403742671012878,0.6598325371742249,0.5884303450584412,0.5415139198303223,0.5024444460868835,0.45394399762153625,0.4356626272201538,0.4212622046470642,0.42597800493240356,0.46947816014289856,0.4902060925960541,0.5128361582756042,0.4332798421382904,0.4625426232814789,0.536910355091095,0.5630010366439819,0.6331246495246887,0.9214445948600769,0.9812307357788086,0.7919124960899353,0.940680742263794,0.9608235955238342,0.9187793731689453,0.8643856048583984,0.79131680727005,0.6835724115371704,0.7405634522438049,0.8683670163154602,0.9702735543251038,1.0016539096832275,0.9164549112319946,0.9555366635322571,1.0872105360031128
1.196454405784607,1.3137462139129639,1.4513660669326782,1.4199227094650269,1.3155854940414429,1.1890170574188232,1.0594185590744019,0.8036410808563232,0.6114600896835327,0.4867737293243408,0.46335211396217346,0.4273783564567566,0.3912348449230194,0.35425060987472534,0.3449265658855438,0.3542781472206116,0.3452650308609009,0.3338114321231842,0.3568364977836609,0.36561501026153564,0.37235042452812195,0.40478378534317017,0.47653400897979736,0.5191192030906677,0.6014912128448486,0.6573961973190308,0.7303622961044312,0.9000843167304993,1.0858958959579468,1.3406903743743896,1.3884111642837524,1.3929555416107178,1.385575294494629,0.8329225778579712,0.8084482550621033,0.7740442156791687,0.7847646474838257,0.8591338992118835,0.8831210136413574,0.9149988293647766,0.8855600357055664,1.0185753107070923,1.2279905080795288
0.7390995621681213,0.7167155742645264,0.797183096408844,0.8447648882865906,0.8411622047424316,0.802090048789978,0.6873913407325745,0.5588223338127136,0.4763999879360199,0.39264819025993347,0.34124594926834106,0.3171761929988861,0.3040696382522583,0.2887047529220581,0.28620848059654236,0.29321056604385376,0.29449865221977234,0.2869764566421509,0.3075191080570221,0.3475836515426636,0.36190640926361084,0.4062901437282562,0.48910588026046753,0.5255226492881775,0.47585758566856384,0.46368151903152466,0.2959659993648529,0.3713921308517456,0.5225325226783752,1.1005645990371704,1.0891467332839966,1.1479454040527344,1.2146985530853271,1.235185980796814,1.1641732454299927,0.7452237010002136,0.8017006516456604,0.847233772277832,0.9058293104171753,0.8579797744750977,0.9808222651481628,1.0736202001571655,1.0871537923812866
0.3900846242904663,0.28394293785095215,0.34111565351486206,0.4480176568031311,0.598244309425354,0.683603823184967,0.6560187935829163,0.4994128942489624,0.4238077998161316,0.38150477409362793,0.3134409785270691,0.2723788321018219,0.2843853831291199,0.2869721055030823,0.29046231508255005,0.2972189784049988,0.29933908581733704,0.3026629388332367,0.33708441257476807,0.37511757016181946,0.3879634141921997,0.40230321884155273,0.4604165554046631,0.4758320450782776,0.5226227045059204,0.576324999332428,0.7800418734550476,0.7433881759643555,0.992260754108429,1.0751862525939941,1.17411208152771,1.296277642250061,1.3952082395553589,1.3988968133926392,1.3415354490280151,2.001650810241699,1.1133469343185425,1.0815869569778442,1.1701955795288086,1.1374506950378418,1.198068618774414,1.087534785270691,1.0254833698272705
0.062431700527668,0.39757686853408813,0.3489978015422821,0.262127548456192,0.22933028638362885,0.7505033612251282,0.7497597336769104,0.6044620275497437,0.486444354057312,0.43568605184555054,0.35769349336624146,0.3177681565284729,0.33705252408981323,0.33895084261894226,0.323203444480896,0.3452907204627991,0.36618801951408386,0.3698750138282776,0.3843941390514374,0.43958330154418945,0.4746261537075043,0.5118837356567383,0.6132761240005493,0.7050073742866516,0.7703930735588074,0.8265126943588257,1.0259919166564941,0.8843346238136292,1.0348409414291382,1.2279711961746216,1.5674115419387817,1.6747703552246094,1.8821048736572266,1.9013065099716187,1.842160701751709,1.5320831537246704,1.4480304718017578,1.7621445655822754,1.5771946907043457,1.5167840719223022,1.57888925075531,1.6127216815948486,1.6496728658676147
1.2033957242965698,0.9228799343109131,0.6922060251235962,0.40738242864608765,0.20194201171398163,0.2063816487789154,0.9246273636817932,0.8916741013526917,0.8272048234939575,0.736106276512146,0.6614208817481995,0.5957865715026855,0.5536518096923828,0.5364843606948853,0.5019996166229248,0.5095402002334595,0.6025565266609192,0.6616600155830383,0.6648637056350708,0.7784580588340759,0.9147880673408508,0.9986308813095093,1.172351598739624,1.3768236637115479,1.3567651510238647,1.3990031480789185,1.4245097637176514,1.4651507139205933,1.7212625741958618,2.130321741104126,2.227513313293457,2.13012957572937,2.251326560974121,2.6021969318389893,2.4994847774505615,1.5007712841033936,1.8084242343902588,2.567728042602539,2.2181968688964844,1.9558569192886353,2.7124745845794678,2.9377222061157227,2.4010369777679443
1.7291228771209717,1.5473017692565918,1.4221822023391724,1.0010461807250977,0.35943254828453064,0.2566441297531128,0.8762463927268982,1.2231645584106445,1.5520895719528198,1.4934501647949219,1.4894647598266602,1.4771755933761597,1.2650526762008667,1.2148219347000122,1.224635124206543,1.1478337049484253,1.2097069025039673,1.3961824178695679,1.521047830581665,1.6598623991012573,1.9144734144210815,2.044451951980591,2.1528520584106445,2.3289222717285156,2.313964366912842,2.410881280899048,2.749887228012085,3.0035717487335205,3.0476789474487305,3.318687677383423,3.32979679107666,3.1303975582122803,3.1486117839813232,3.272456169128418,3.235405206680298,3.060964584350586,2.5722999572753906,3.3805272579193115,3.9258370399475098,4.973794460296631,5.51760721206665,5.679671287536621,2.7610437870025635
3.396632194519043,2.2998015880584717,1.7004998922348022,1.5593361854553223,0.9681629538536072,0.6518736481666565,0.7302252650260925,0.7158230543136597,2.183406114578247,2.649674415588379,2.3067879676818848,2.580484390258789,2.3828494548797607,2.2137906551361084,2.5439469814300537,2.6883108615875244,2.6588597297668457,2.6183016300201416,2.6974494457244873,2.843261480331421,3.125664710998535,3.2748515605926514,3.4537158012390137,3.92417573928833,4.176050186157227,4.411375522613525,4.938384056091309,5.185287952423096,4.954077243804932,4.961308002471924,5.352274417877197,5.629117965698242,5.524891376495361,4.958025932312012,4.80082893371582,4.728066921234131,4.47755765914917,4.6880645751953125,5.008563041687012,5.859653949737549,6.216555595397949,6.50529146194458,6.980078220367432
4.062921047210693,3.0333054065704346,2.2694897651672363,2.617480516433716,2.4897398948669434,1.6597731113433838,1.5089356899261475,1.7051488161087036,2.258150577545166,4.791831016540527,3.850181818008423,3.993867874145508,3.671410083770752,3.4374215602874756,3.9404489994049072,4.822141647338867,5.45070219039917,5.094455718994141,4.727248668670654,4.84150505065918,5.228336334228516,5.374505519866943,5.687689781188965,6.508090496063232,7.104776859283447,7.3652544021606445,7.753626346588135,8.028053283691406,8.07331371307373,8.264595031738281,8.492674827575684,8.657286643981934,8.544768333435059,8.106297492980957,7.888396263122559,8.277751922607422,7.891040802001953,7.337291717529297,8.356342315673828,8.75362491607666,8.276712417602539,9.108185768127441,9.903383255004883
4.111372947692871,3.959277868270874,3.8981375694274902,3.719022274017334,3.685276985168457,3.3739047050476074,3.770160436630249,3.6703736782073975,3.6916027069091797,7.583850383758545,4.998203277587891,5.394116401672363,4.889055252075195,5.307638168334961,6.3265581130981445,3.1289355754852295,8.880699157714844,7.814013481140137,7.282113075256348,7.499655723571777,8.321293830871582,8.407380104064941,8.532483100891113,9.340996742248535,9.831330299377441,9.959039688110352,10.315003395080566,10.610424995422363,11.136852264404297,11.72822093963623,11.359017372131348,10.798919677734375,11.022890090942383,11.226670265197754,11.586982727050781,12.180110931396484,11.545187950134277,10.631087303161621,11.834510803222656,13.100053787231445,13.801962852478027,6.163902282714844,5.428025722503662
4.631144046783447,4.965306758880615,4.696593284606934,4.115368843078613,3.9569454193115234,4.256503582000732,5.190613269805908,5.4294209480285645,4.299121856689453,7.042710304260254,5.970298767089844,5.822995662689209,5.741604804992676,7.973681449890137,10.436773300170898,4.276445388793945,10.123541831970215,9.037629127502441,9.341525077819824,9.598444938659668,10.223103523254395,10.401020050048828,10.482172966003418,11.130297660827637,11.487059593200684,11.612171173095703,12.03530502319336,11.862045288085938,11.774033546447754,12.487757682800293,12.821981430053711,12.78500747680664,13.189774513244629,12.886360168457031,12.54478931427002,13.39401626586914,12.955947875976562,11.657403945922852,13.192634582519531,15.876315116882324,17.32635498046875,7.408534526824951,7.0779523849487305
5.5103583335876465,5.0538411140441895,4.487399578094482,4.075329303741455,4.183815956115723,4.251124382019043,4.208723068237305,4.450628757476807,4.718411445617676,8.798128128051758,6.601673126220703,6.73342752456665,7.149570941925049,5.647679328918457,6.123300075531006,6.217611789703369,9.763609886169434,9.04908275604248,10.982994079589844,11.105768203735352,11.052477836608887,11.42064094543457,11.49942398071289,11.572632789611816,11.672369003295898,11.89118766784668,12.398630142211914,12.385248184204102,11.92463207244873,12.272989273071289,12.892340660095215,13.361469268798828,13.909467697143555,13.404410362243652,12.757584571838379,13.542570114135742,13.862544059753418,12.771561622619629,12.968778610229492,14.232989311218262,13.754097938537598,13.010732650756836,13.365347862243652
5.3649702072143555,5.422398567199707,5.018770694732666,4.785714626312256,4.535209655761719,4.301725387573242,4.196226596832275,4.400189399719238,5.622656345367432,6.157668113708496,5.476305961608887,5.336381435394287,11.079436302185059,5.537631511688232,6.847054958343506,6.565372467041016,9.10932445526123,9.531927108764648,11.658309936523438,11.247754096984863,10.68315601348877,11.259424209594727,11.616737365722656,11.61956787109375,11.789440155029297,11.863751411437988,12.070050239562988,12.449564933776855,12.588366508483887,12.694958686828613,12.5247163772583,12.109845161437988,12.404460906982422,12.856751441955566,12.578502655029297,12.690637588500977,13.033736228942871,12.297903060913086,11.710314750671387,11.93632698059082,11.612278938293457,11.193107604980469,11.135599136352539
4.02172327041626,4.670314311981201,4.758365631103516,4.407530307769775,3.9521572589874268,3.8558614253997803,4.252108097076416,4.717355251312256,4.838555335998535,5.257535457611084,5.050882816314697,5.322012901306152,6.389825344085693,6.4542670249938965,6.193017959594727,14.828840255737305,7.962641716003418,10.207772254943848,10.369217872619629,10.060820579528809,9.79675579071045,9.911970138549805,10.116386413574219,10.44208812713623,10.957303047180176,11.0458984375,10.935741424560547,11.245149612426758,11.694768905639648,12.051810264587402,11.986246109008789,11.525886535644531,11.642435073852539,12.269754409790039,12.002474784851074,11.297908782958984,11.379999160766602,11.300862312316895,10.609926223754883,10.393908500671387,10.363241195678711,9.837177276611328,9.445839881896973
6.752870559692383,3.4575226306915283,3.6727375984191895,3.8692426681518555,3.761780261993408,3.4859440326690674,3.8535046577453613,4.510986328125,5.197108268737793,5.864587306976318,6.001282691955566,5.407135963439941,5.738733768463135,5.483651161193848,5.273143291473389,10.941350936889648,9.067041397094727,9.38178539276123,8.228899002075195,8.567091941833496,9.076838493347168,8.826812744140625,8.46806526184082,8.546737670898438,8.827942848205566,9.220488548278809,9.406527519226074,9.514309883117676,9.639127731323242,9.979068756103516,10.532500267028809,10.637553215026855,10.717427253723145,11.189777374267578,11.201997756958008,10.851866722106934,11.306771278381348,11.732810974121094,11.185999870300293,10.924962043762207,10.926253318786621,10.49087905883789,10.296868324279785
2.102292060852051,2.246263265609741,1.602004885673523,2.759312391281128,3.214315176010132,3.0389459133148193,3.6019792556762695,4.576810836791992,5.125420093536377,5.004024028778076,5.951244354248047,3.981222152709961,4.759379863739014,4.774497985839844,4.948047637939453,9.522570610046387,7.293157577514648,7.329832077026367,6.567172527313232,7.008255958557129,7.616825103759766,7.540010452270508,7.3208088874816895,7.263520240783691,7.182774543762207,7.2830634117126465,7.669768333435059,7.9256744384765625,7.772324085235596,7.881111145019531,8.411397933959961,8.579407691955566,8.465055465698242,8.895963668823242,9.44262981414795,9.559554100036621,9.933409690856934,10.422675132751465,10.260584831237793,10.305460929870605,10.953848838806152,10.999561309814453,10.644392013549805
0.8162927627563477,1.2740278244018555,0.6594920754432678,1.4324835538864136,1.8605552911758423,2.36095929145813,3.291938066482544,3.887078046798706,3.6825478076934814,3.987739086151123,3.8842086791992188,3.57214093208313,3.7732739448547363,8.484959602355957,7.431032180786133,6.055339336395264,5.577768802642822,5.757536888122559,5.792292594909668,5.846019268035889,5.708789348602295,5.490909576416016,5.514825344085693,5.711819171905518,5.601572513580322,5.410808086395264,5.611152172088623,6.02968168258667,6.072973728179932,6.004875183105469,6.358653545379639,6.610817909240723,6.511386871337891,6.775275707244873,7.374035358428955,7.530337333679199,7.470584869384766,7.773308753967285,7.988656520843506,8.192512512207031,8.749383926391602,9.140677452087402,8.949810981750488
0.6016876101493835,0.6457895636558533,0.6240828633308411,0.6244605183601379,1.035226821899414,1.4834239482879639,2.305652379989624,2.5771737098693848,2.736140727996826,2.9921715259552,2.6540424823760986,2.308903694152832,5.519428730010986,5.366343021392822,5.27618408203125,4.051886081695557,4.108433246612549,4.181057453155518,4.582021236419678,4.629632949829102,4.266235828399658,3.880807638168335,3.752631902694702,3.885779857635498,3.991023540496826,3.87349534034729,3.8710665702819824,4.179744243621826,4.375168800354004,4.352961540222168,4.5750861167907715,4.954926013946533,5.008741855621338,4.96660852432251,5.239250183105469,5.479492664337158,5.441454887390137,5.47978401184082,5.706453323364258,5.762703895568848,5.6754913330078125,5.912642478942871,6.160816192626953
