earth/public/data/atmosphere/C53/ANN-precip-surface-level-gfs-1.0.json
{"header": {"discipline": 0, "disciplineName": "Meteorological products", "gribEdition": 2, "gribLength": 17922.0, "center": 0, "centerName": "Kiel Climate Model", "subcenter": 0, "refTime": "1", "significanceOfRT": 1, "significanceOfRTName": "Start of forecast", "productStatus": 0, "productStatusName": "Operational products", "productType": 1, "productTypeName": "Forecast products", "productDefinitionTemplate": 0, "productDefinitionTemplateName": "Analysis/forecast at horizontal level/layer at a point in time", "parameterCategory": 2, "parameterCategoryName": "Momentum", "parameterNumber": 2, "parameterNumberName": "U-component_of_wind", "parameterUnit": "mm/day", "genProcessType": 2, "genProcessTypeName": "Forecast", "forecastTime": 0, "surface1Type": 103, "surface1TypeName": "Specified height level above ground", "surface1Value": 10, "surface2Type": 255, "surface2TypeName": "Missing", "surface2Value": 0, "gridDefinitionTemplate": 0, "gridDefinitionTemplateName": "Latitude_Longitude", "numberPoints": 65160, "shape": 6, "shapeName": "Earth spherical with radius of 6,371,229.0 m", "gridUnits": "degrees", "resolution": 48, "winds": "true", "scanMode": 0, "nx": 128.0, "ny": 64.0, "basicAngle": 0, "subDivisions": 0, "lo1": 0.0, "la1": 87.86379883923263, "lo2": 357.1875, "la2": -87.86379883923263, "dx": 2.8125, "dy": 2.7893269472772264}, "data":
[rows 19 to 37 of 64, columns 43 to 85 of 128]
0.8563005924224854,0.9548669457435608,1.288511037826538,1.6935961246490479,2.0364956855773926,2.4121286869049072,4.022319793701172,4.317279815673828,3.941080331802368,3.711110830307007,3.9512341022491455,4.302664279937744,4.478298187255859,4.384235858917236,4.1927409172058105,4.137930870056152,4.080027103424072,3.757455587387085,3.3637609481811523,3.2321174144744873,3.1193246841430664,2.893564462661743,2.6648545265197754,2.618183135986328,2.60512113571167,2.517195224761963,2.476206064224243,2.5478148460388184,2.611645221710205,2.651876449584961,2.7285375595092773,2.863954782485962,2.9242143630981445,2.820470094680786,2.706779718399048,2.73136568069458,2.694248914718628,2.5800044536590576,2.517021656036377,2.541314125061035,2.4705960750579834,2.2985124588012695,2.1857149600982666
1.223738431930542,1.4931349754333496,1.8231195211410522,2.10282301902771,2.278371572494507,2.6936869621276855,3.7180185317993164,3.7643120288848877,3.4990627765655518,3.9240331649780273,4.201297283172607,4.365699291229248,4.492457389831543,4.450595378875732,4.165629863739014,3.871302604675293,3.7233998775482178,3.3893954753875732,3.049123525619507,2.8888065814971924,2.7621471881866455,2.577638864517212,2.447413206100464,2.4561867713928223,2.4697134494781494,2.45369291305542,2.4868955612182617,2.6273274421691895,2.717365026473999,2.702237129211426,2.683943033218384,2.743971347808838,2.779705047607422,2.708467721939087,2.665102481842041,2.710263967514038,2.6402831077575684,2.466041088104248,2.392157554626465,2.3566789627075195,2.199280261993408,1.9815165996551514,1.8828880786895752
1.4592411518096924,1.7122284173965454,2.0077927112579346,2.129915237426758,2.303353786468506,3.342958927154541,3.8336379528045654,3.163877487182617,3.6383070945739746,4.215851306915283,4.4284210205078125,4.362094402313232,4.4496989250183105,4.521945476531982,4.223625659942627,3.8106014728546143,3.486985206604004,3.134434223175049,2.938164710998535,2.7606546878814697,2.4777748584747314,2.342332124710083,2.4692981243133545,2.5683188438415527,2.4752044677734375,2.4760286808013916,2.628265857696533,2.707412004470825,2.702531099319458,2.77107310295105,2.8612024784088135,2.8843138217926025,2.884087085723877,2.9084115028381348,2.881088972091675,2.734549045562744,2.5735251903533936,2.435410499572754,2.3301470279693604,2.2174301147460938,1.9805617332458496,1.7829030752182007,1.7006562948226929
1.0370516777038574,1.206763744354248,1.4757156372070312,1.7173004150390625,2.182539463043213,3.6712186336517334,3.5734636783599854,3.727640390396118,4.204373836517334,4.635951995849609,4.709392070770264,4.638968467712402,4.564971923828125,4.330480575561523,4.01475715637207,3.7900524139404297,3.4844627380371094,3.0548200607299805,2.8901052474975586,2.821363925933838,2.5741472244262695,2.541912078857422,2.845545768737793,2.910417079925537,2.689004421234131,2.8268051147460938,3.1135520935058594,3.0288660526275635,2.937901258468628,3.252157211303711,3.488039493560791,3.3048782348632812,3.2536773681640625,3.3164713382720947,3.160374164581299,2.918181896209717,2.833761692047119,2.762282133102417,2.606757402420044,2.3708291053771973,2.1372179985046387,2.0193140506744385,1.8918912410736084
0.95577073097229,1.2434194087982178,1.4773139953613281,1.7712674140930176,3.09867000579834,3.293814182281494,3.492902994155884,4.650902271270752,5.194693565368652,4.947474479675293,4.948789119720459,5.019018650054932,4.929450988769531,4.380021572113037,3.963134765625,3.994560718536377,3.8104710578918457,3.265526056289673,3.1154873371124268,3.277643918991089,3.208528995513916,3.1641414165496826,3.3887436389923096,3.3904426097869873,3.2392029762268066,3.620206117630005,4.0046515464782715,3.7955267429351807,3.7557663917541504,4.210312366485596,4.278926372528076,3.8948817253112793,3.852999687194824,3.9458415508270264,3.742868661880493,3.6831588745117188,3.8441359996795654,3.7688708305358887,3.4172728061676025,3.120224714279175,2.889174222946167,2.674513816833496,2.4793643951416016
1.628531575202942,1.7908298969268799,1.7944869995117188,3.2255337238311768,3.2310826778411865,3.8624608516693115,4.720014572143555,5.23670768737793,5.201117992401123,5.3793559074401855,5.358651161193848,5.47268533706665,5.575746059417725,5.284496784210205,4.876744747161865,4.880983352661133,4.7716827392578125,4.373840808868408,4.276289939880371,4.420844078063965,4.375219821929932,4.372835636138916,4.525464057922363,4.544157981872559,4.62171745300293,5.048358917236328,5.296417713165283,5.166450023651123,5.355631351470947,5.818427085876465,5.649379253387451,5.357677459716797,5.610901355743408,5.698642253875732,5.459500312805176,5.607359886169434,5.754983425140381,5.3223371505737305,4.942193984985352,4.9574456214904785,4.843111515045166,4.475014686584473,4.124056816101074
2.358098268508911,2.220412015914917,2.1006174087524414,4.086771488189697,4.8605756759643555,6.454265594482422,7.704842567443848,6.650102615356445,6.318978309631348,6.824844837188721,6.995728015899658,6.657501220703125,6.658910751342773,6.838691711425781,6.504738807678223,6.150271892547607,6.107926845550537,6.0335893630981445,5.9211297035217285,5.892807960510254,5.944301605224609,6.031588554382324,6.142486095428467,6.383902549743652,6.779428958892822,7.029197692871094,6.922544479370117,7.029328346252441,7.600414752960205,7.844883441925049,7.6642632484436035,7.966961860656738,8.427310943603516,8.234811782836914,8.004973411560059,8.283353805541992,8.121076583862305,7.466878890991211,7.5903143882751465,8.020307540893555,7.869727611541748,7.564467430114746,7.378398895263672
3.235912322998047,2.9976978302001953,2.513129472732544,5.7082839012146,8.243599891662598,10.126117706298828,4.030144691467285,7.714247703552246,7.93359375,8.719100952148438,9.583598136901855,9.175042152404785,8.820944786071777,9.013937950134277,9.003003120422363,8.64919662475586,8.438085556030273,8.470792770385742,8.5088529586792,8.47567367553711,8.627340316772461,8.667577743530273,8.717464447021484,9.136514663696289,9.708707809448242,9.722159385681152,9.875161170959473,10.497745513916016,10.987656593322754,10.966845512390137,11.141169548034668,11.7597017288208,11.95310115814209,11.403766632080078,11.259649276733398,11.59611701965332,11.205060005187988,10.662578582763672,11.142281532287598,11.448872566223145,11.12221908569336,11.181171417236328,11.442808151245117
7.019784927368164,7.601986885070801,2.7179203033447266,6.803706645965576,10.602157592773438,11.032275199890137,4.208112716674805,8.947216987609863,9.405110359191895,8.139724731445312,9.664337158203125,10.515901565551758,10.833126068115234,10.897500991821289,11.232402801513672,11.159011840820312,10.94797134399414,11.127548217773438,11.232096672058105,11.19002628326416,11.334488868713379,11.440080642700195,11.458956718444824,11.699714660644531,11.759979248046875,11.789015769958496,12.506437301635742,13.170792579650879,13.098895072937012,13.026286125183105,13.54896068572998,13.813763618469238,13.475319862365723,13.303096771240234,13.686452865600586,13.698604583740234,13.156291007995605,13.259233474731445,13.71413516998291,13.15524673461914,12.210285186767578,12.279905319213867,12.541237831115723
11.648016929626465,8.627174377441406,3.368511199951172,8.73214054107666,12.013300895690918,14.73104476928711,6.055761337280273,5.557581901550293,4.943992614746094,9.893129348754883,7.591956615447998,8.501702308654785,9.405660629272461,9.167980194091797,9.243636131286621,9.569369316101074,9.36914348602295,9.098020553588867,8.988967895507812,8.631499290466309,8.22016429901123,8.161785125732422,8.173643112182617,7.952254772186279,7.538278102874756,7.48016357421875,7.717526912689209,7.614114284515381,7.294014930725098,7.453743934631348,7.8240814208984375,7.618846416473389,7.305108547210693,7.667664527893066,8.057250022888184,7.827991008758545,7.716764450073242,8.015518188476562,8.074929237365723,7.79416561126709,7.811747074127197,8.015868186950684,7.933990955352783
4.0692219734191895,12.543858528137207,10.234029769897461,9.282196044921875,11.62507152557373,16.135025024414062,6.235175132751465,6.0324201583862305,4.082252025604248,3.307095766067505,5.979496955871582,5.4880547523498535,5.48683500289917,4.588997840881348,4.011394500732422,4.029402256011963,3.5123915672302246,2.845820665359497,2.6860501766204834,2.4358644485473633,1.950177788734436,1.718824028968811,1.6515077352523804,1.4616024494171143,1.3112170696258545,1.2429190874099731,1.173658013343811,1.0802897214889526,1.0007613897323608,1.0389578342437744,1.073518991470337,1.0314078330993652,1.0204006433486938,1.1334407329559326,1.1388932466506958,1.1402353048324585,1.3418818712234497,1.4373042583465576,1.3939886093139648,1.6372685432434082,1.9747726917266846,1.9831814765930176,2.0202674865722656
6.167766571044922,5.096596717834473,12.1480712890625,9.870362281799316,11.698899269104004,5.25098180770874,5.19908332824707,4.834563255310059,3.6716365814208984,2.7591891288757324,4.348750114440918,3.8055810928344727,3.220669746398926,2.349940776824951,1.9058806896209717,1.596138834953308,1.1587826013565063,0.8080240488052368,0.602088451385498,0.4482819437980652,0.291075199842453,0.18739888072013855,0.13811294734477997,0.09175775945186615,0.05697600170969963,0.04243164882063866,0.03852478042244911,0.03042982704937458,0.024407587945461273,0.02565593086183071,0.0251218993216753,0.02367112971842289,0.02904665097594261,0.03603903949260712,0.0373503714799881,0.04602617025375366,0.06434571743011475,0.06191675737500191,0.06862667948007584,0.11377784609794617,0.12530656158924103,0.11853917688131332,0.1986316442489624
6.416662693023682,5.322831153869629,4.554818153381348,8.663849830627441,7.54728889465332,6.835267066955566,6.033036231994629,5.7293267250061035,4.9400954246521,4.067790985107422,3.5907821655273438,3.313350200653076,2.709684133529663,2.054065704345703,1.6613068580627441,1.344803810119629,0.9547811150550842,0.6459416747093201,0.4245278239250183,0.2681659162044525,0.16379369795322418,0.08950161188840866,0.0511312410235405,0.02246016077697277,0.009314238093793392,0.00587122980505228,0.0034856670536100864,0.0019264406291767955,0.002019573701545596,0.002794307889416814,0.003564049955457449,0.004069519229233265,0.005751608870923519,0.007765259128063917,0.008301782421767712,0.01000972744077444,0.013497727923095226,0.015695756301283836,0.019683539867401123,0.02692088671028614,0.031189285218715668,0.04262624680995941,0.07454493641853333
10.877401351928711,8.402909278869629,8.296419143676758,7.672672271728516,6.536586284637451,6.003501892089844,5.838399410247803,5.346232891082764,4.769341945648193,4.319427967071533,3.9809601306915283,3.5460803508758545,2.8672382831573486,2.332153797149658,1.949458360671997,1.4518258571624756,1.045734167098999,0.7860782146453857,0.5370371341705322,0.3219660222530365,0.1949339359998703,0.12574386596679688,0.06778895109891891,0.031850479543209076,0.01595701090991497,0.00862167775630951,0.003681582398712635,0.002832661848515272,0.0024120816960930824,0.002407186198979616,0.0026484616100788116,0.0031762481667101383,0.003961966838687658,0.005104520823806524,0.006355514749884605,0.007705235853791237,0.010254326276481152,0.01343466155230999,0.01732032746076584,0.022237170487642288,0.026550238952040672,0.03650425001978874,0.051510248333215714
9.463177680969238,9.50771427154541,9.33488941192627,8.971372604370117,7.664056301116943,7.224164009094238,7.440669536590576,7.215809345245361,6.596317291259766,6.279346942901611,5.855075359344482,5.130701065063477,4.469784259796143,3.980614423751831,3.2565674781799316,2.5153088569641113,2.0120697021484375,1.634874939918518,1.2222739458084106,0.8543252348899841,0.6226350665092468,0.4600287973880768,0.30042701959609985,0.20428825914859772,0.14754325151443481,0.08612411469221115,0.05216249078512192,0.037984829396009445,0.025297420099377632,0.017114661633968353,0.014889984391629696,0.014961909502744675,0.01434339303523302,0.015027024783194065,0.01805896870791912,0.019936293363571167,0.02261325716972351,0.028481431305408478,0.033170826733112335,0.037833161652088165,0.049406494945287704,0.06166284531354904,0.060728199779987335
10.923929214477539,11.208467483520508,11.092973709106445,11.244068145751953,11.014175415039062,10.81186580657959,10.94146728515625,10.929211616516113,10.497443199157715,10.186654090881348,9.568087577819824,8.776906967163086,8.327466011047363,7.842004776000977,7.039442539215088,6.393202781677246,6.002861976623535,5.299812316894531,4.501171588897705,4.010125637054443,3.623523712158203,3.0892722606658936,2.5716683864593506,2.2147490978240967,1.8697081804275513,1.5483717918395996,1.3121039867401123,1.1209440231323242,0.925334632396698,0.7495689988136292,0.6434503793716431,0.5902239084243774,0.5304803848266602,0.48200204968452454,0.4447471797466278,0.41439342498779297,0.39608752727508545,0.4088820517063141,0.3928625285625458,0.3962176442146301,0.492581844329834,0.5503379702568054,0.5163217186927795
11.09292984008789,11.630302429199219,11.721904754638672,12.150601387023926,12.734121322631836,12.80724811553955,12.690789222717285,12.52118968963623,12.3760986328125,12.399314880371094,12.408097267150879,12.392720222473145,12.398884773254395,12.182388305664062,11.784612655639648,11.730969429016113,11.607231140136719,10.938782691955566,10.513667106628418,10.480320930480957,10.028938293457031,9.261271476745605,8.869491577148438,8.445878982543945,7.597841739654541,6.880682945251465,6.4326491355896,5.889040470123291,5.286535739898682,4.737564563751221,4.297056198120117,4.024115085601807,3.6750168800354004,3.332387685775757,3.157628059387207,3.0229649543762207,2.827331304550171,2.6579504013061523,2.5147042274475098,2.447084665298462,2.475984573364258,2.3659510612487793,2.266925573348999
8.87077808380127,9.152556419372559,9.472336769104004,9.699967384338379,10.015286445617676,10.354228973388672,10.430142402648926,10.386853218078613,10.62031078338623,10.973554611206055,11.115400314331055,11.160025596618652,11.316814422607422,11.482084274291992,11.681031227111816,11.925869941711426,11.939363479614258,12.006292343139648,12.368416786193848,12.482220649719238,12.093816757202148,11.935532569885254,11.99242877960205,11.543445587158203,10.785849571228027,10.353242874145508,9.9898681640625,9.34300422668457,8.756980895996094,8.301904678344727,7.828291416168213,7.37058162689209,6.8090291023254395,6.220310211181641,6.077579021453857,5.972197532653809,5.501196384429932,5.068884372711182,4.9207940101623535,4.638754844665527,4.122616291046143,3.708170175552368,3.5202856063842773
6.028478622436523,5.963330268859863,6.100155353546143,6.003889560699463,5.833697319030762,6.1125617027282715,6.611086845397949,6.8374199867248535,6.902121543884277,7.090759754180908,7.3127121925354,7.608180522918701,7.940194129943848,8.342513084411621,8.774510383605957,9.001421928405762,9.235689163208008,9.65121078491211,10.16727352142334,10.156192779541016,9.966303825378418,10.256335258483887,10.376420974731445,10.026016235351562,9.879020690917969,10.111604690551758,9.766735076904297,9.204285621643066,8.989622116088867,8.667553901672363,8.103425025939941,7.751152992248535,7.519379615783691,7.163415431976318,6.964838027954102,6.704016208648682,6.167837619781494,5.777979850769043,5.548481464385986,4.984230995178223,4.3621697425842285,4.039583683013916,3.732386350631714
