earth/public/data/atmosphere/C53/ANN-temp-isobaric-100hPa-gfs-1.0.json
{"header": {"discipline": 0, "disciplineName": "Meteorological products", "gribEdition": 2, "gribLength": 17922.0, "center": 0, "centerName": "Kiel Climate Model", "subcenter": 0, "refTime": "1", "significanceOfRT": 1, "significanceOfRTName": "Start of forecast", "productStatus": 0, "productStatusName": "Operational products", "productType": 1, "productTypeName": "Forecast products", "productDefinitionTemplate": 0, "productDefinitionTemplateName": "Analysis/forecast at horizontal level/layer at a point in time", "parameterCategory": 2, "parameterCategoryName": "Momentum", "parameterNumber": 2, "parameterNumberName": "U-component_of_wind", "parameterUnit": "K", "genProcessType": 2, "genProcessTypeName": "Forecast", "forecastTime": 0, "surface1Type": 103, "surface1TypeName": "Specified height level above ground", "surface1Value": 10, "surface2Type": 255, "surface2TypeName": "Missing", "surface2Value": 0, "gridDefinitionTemplate": 0, "gridDefinitionTemplateName": "Latitude_Longitude", "numberPoints": 65160, "shape": 6, "shapeName": "Earth spherical with radius of 6,371,229.0 m", "gridUnits": "degrees", "resolution": 48, "winds": "true", "scanMode": 0, "nx": 128.0, "ny": 64.0, "basicAngle": 0, "subDivisions": 0, "lo1": 0.0, "la1": 87.86379883923263, "lo2": 357.1875, "la2": -87.86379883923263, "dx": 2.8125, "dy": 2.7893269472772264}, "data":
[rows 38 to 56 of 64, columns 44 to 87 of 128]
205.12759399414062,205.13014221191406,205.1336669921875,205.13966369628906,205.14544677734375,205.1499481201172,205.15524291992188,205.1590576171875,205.1568603515625,205.1487274169922,205.13568115234375,205.11590576171875,205.0896759033203,205.06045532226562,205.03045654296875,204.9997100830078,204.96900939941406,204.9417724609375,204.9208984375,204.90403747558594,204.8870086669922,204.87030029296875,204.85560607910156,204.8415069580078,204.82797241210938,204.8185272216797,204.81533813476562,204.81719970703125,204.82254028320312,204.83120727539062,204.84451293945312,204.86419677734375,204.89169311523438,204.92849731445312,204.97616577148438,205.0347900390625,205.10267639160156,205.1793212890625,205.2675018310547,205.36959838867188,205.4840545654297,205.60888671875,205.7445831298828,205.8926239013672
205.98326110839844,205.9890594482422,205.99542236328125,206.00706481933594,206.02291870117188,206.0376739501953,206.0491180419922,206.05577087402344,206.05528259277344,206.04788208007812,206.03358459472656,206.0098419189453,205.97718811035156,205.9405517578125,205.90232849121094,205.86178588867188,205.82095336914062,205.78407287597656,205.75148010253906,205.72019958496094,205.68954467773438,205.66000366210938,205.6288299560547,205.59449768066406,205.56158447265625,205.53367614746094,205.5084991455078,205.48483276367188,205.46514892578125,205.44921875,205.43484497070312,205.42364501953125,205.41864013671875,205.4211883544922,205.43443298339844,205.46275329589844,205.50575256347656,205.56114196777344,205.6316375732422,205.7205352783203,205.8259735107422,205.94578552246094,206.08135986328125,206.23345947265625
207.1223602294922,207.1324462890625,207.14682006835938,207.16787719726562,207.19418334960938,207.218505859375,207.2367401123047,207.24937438964844,207.2562713623047,207.25584411621094,207.24562072753906,207.22251892089844,207.18763732910156,207.14682006835938,207.10409545898438,207.05926513671875,207.01268005371094,206.96615600585938,206.91949462890625,206.871826171875,206.82472229003906,206.77772521972656,206.7263946533203,206.67092895507812,206.61842346191406,206.57081604003906,206.52224731445312,206.4715118408203,206.4234619140625,206.3778839111328,206.3309783935547,206.28488159179688,206.2436981201172,206.20724487304688,206.17755126953125,206.1614990234375,206.16207885742188,206.17764282226562,206.20999145507812,206.262939453125,206.33587646484375,206.42710876464844,206.53717041015625,206.6655731201172
208.5790252685547,208.59341430664062,208.61544799804688,208.6441192626953,208.67752075195312,208.709716796875,208.7368927001953,208.75904846191406,208.77500915527344,208.78146362304688,208.7757110595703,208.7559356689453,208.7228546142578,208.68115234375,208.63519287109375,208.5849609375,208.52920532226562,208.46913146972656,208.40585327148438,208.33908081054688,208.26937866210938,208.19732666015625,208.12171936035156,208.0436248779297,207.96751403808594,207.89395141601562,207.81832885742188,207.73939514160156,207.65968322753906,207.57843017578125,207.49417114257812,207.41094970703125,207.3325958251953,207.25730895996094,207.18516540527344,207.1222686767578,207.0732421875,207.03895568847656,207.02243041992188,207.0276641845703,207.0543212890625,207.1001434326172,207.16465759277344,207.24755859375
210.2814483642578,210.29891967773438,210.3238067626953,210.35540771484375,210.3928985595703,210.43177795410156,210.4673614501953,210.49716186523438,210.5179901123047,210.52658081054688,210.5220489501953,210.5040740966797,210.4718780517578,210.42703247070312,210.3728790283203,210.31024169921875,210.23873901367188,210.16041564941406,210.07693481445312,209.98680114746094,209.88951110839844,209.78839111328125,209.68606567382812,209.58204650878906,209.476318359375,209.37026977539062,209.26405334472656,209.15634155273438,209.04556274414062,208.93060302734375,208.81265258789062,208.69540405273438,208.58094787597656,208.4687957763672,208.3603057861328,208.25950622558594,208.16880798339844,208.0898895263672,208.02679443359375,207.98300170898438,207.9580078125,207.95054626464844,207.96133422851562,207.99078369140625
212.0159912109375,212.03244018554688,212.055419921875,212.0852813720703,212.12173461914062,212.16004943847656,212.1947021484375,212.22242736816406,212.2401580810547,212.2449951171875,212.23623657226562,212.21343994140625,212.17474365234375,212.11981201171875,212.05123901367188,211.97109985351562,211.88021850585938,211.78036499023438,211.67286682128906,211.55662536621094,211.4322509765625,211.30465698242188,211.1771697998047,211.04762268066406,210.91407775878906,210.77940368652344,210.6466522216797,210.51461791992188,210.3807373046875,210.2451629638672,210.10922241210938,209.97256469726562,209.8345184326172,209.69729614257812,209.5651397705078,209.44004821777344,209.32135009765625,209.21002197265625,209.11001586914062,209.02410888671875,208.95297241210938,208.8984832763672,208.86312866210938,208.8463592529297
213.4958953857422,213.50387573242188,213.5185546875,213.5394287109375,213.5653533935547,213.591552734375,213.6133270263672,213.62850952148438,213.63490295410156,213.62905883789062,213.60873413085938,213.57289123535156,213.52003479003906,213.44981384277344,213.3643035888672,213.265869140625,213.15560913085938,213.03468322753906,212.90464782714844,212.7665252685547,212.6225128173828,212.47677612304688,212.3316192626953,212.18545532226562,212.03732299804688,211.88970947265625,211.74476623535156,211.60165405273438,211.4600067138672,211.3216094970703,211.18630981445312,211.0501251220703,210.9105682373047,210.77035522460938,210.63328552246094,210.4995880126953,210.36831665039062,210.24134826660156,210.1220703125,210.0122833251953,209.91372680664062,209.8302001953125,209.76419067382812,209.71385192871094
214.50306701660156,214.49554443359375,214.494140625,214.49693298339844,214.5028533935547,214.50885009765625,214.5115203857422,214.50860595703125,214.49740600585938,214.4742431640625,214.43655395507812,214.3836212158203,214.3148193359375,214.22970581054688,214.1294403076172,214.01605224609375,213.89108276367188,213.75596618652344,213.6126708984375,213.46336364746094,213.31056213378906,213.1571807861328,213.00537109375,212.85577392578125,212.70877075195312,212.5654754638672,212.42633056640625,212.29104614257812,212.16029357910156,212.0350341796875,211.91371154785156,211.79295349121094,211.6710662841797,211.5487518310547,211.42611694335938,211.3024139404297,211.17893981933594,211.0589599609375,210.94410705566406,210.8341522216797,210.73068237304688,210.63734436035156,210.5557098388672,210.48463439941406
214.97866821289062,214.95184326171875,214.92938232421875,214.9090118408203,214.89085388183594,214.87400817871094,214.85568237304688,214.83242797851562,214.80079650878906,214.75796508789062,214.70266723632812,214.63479614257812,214.5539093017578,214.4591827392578,214.3509063720703,214.2307586669922,214.10069274902344,213.9623565673828,213.81747436523438,213.66799926757812,213.5162811279297,213.36524963378906,213.21783447265625,213.07598876953125,212.9405975341797,212.81222534179688,212.69134521484375,212.578125,212.4717559814453,212.3704376220703,212.27249145507812,212.17739868164062,212.08511352539062,211.99362182617188,211.89964294433594,211.80255126953125,211.70555114746094,211.61117553710938,211.51812744140625,211.42474365234375,211.33323669433594,211.24713134765625,211.16696166992188,211.0925750732422
214.9830780029297,214.93629455566406,214.8928985595703,214.85093688964844,214.81069946289062,214.77197265625,214.73248291015625,214.68893432617188,214.6385040283203,214.5794677734375,214.51113891601562,214.43331909179688,214.3455047607422,214.24720764160156,214.1385955810547,214.0208282470703,213.89529418945312,213.76324462890625,213.62599182128906,213.48526000976562,213.3436279296875,213.2045135498047,213.07113647460938,212.94541931152344,212.82801818847656,212.71949768066406,212.62109375,212.53311157226562,212.45361328125,212.3798065185547,212.31082153320312,212.2476806640625,212.18980407714844,212.13284301757812,212.0725555419922,212.0093994140625,211.94671630859375,211.8848114013672,211.82032775878906,211.752197265625,211.68426513671875,211.6199951171875,211.55841064453125,211.49838256835938
214.59571838378906,214.5329132080078,214.47348022460938,214.41598510742188,214.359619140625,214.30361938476562,214.24667358398438,214.18731689453125,214.12425231933594,214.05604553222656,213.9813232421875,213.8991241455078,213.80926513671875,213.71209716796875,213.60829162597656,213.4984893798828,213.38340759277344,213.26394653320312,213.14129638671875,213.01705932617188,212.8935546875,212.77395629882812,212.6612091064453,212.5569305419922,212.46151733398438,212.37530517578125,212.2992401123047,212.233642578125,212.17739868164062,212.12904357910156,212.0884246826172,212.05543518066406,212.02740478515625,211.99940490722656,211.96864318847656,211.936767578125,211.90618896484375,211.87538146972656,211.84054565429688,211.80152893066406,211.7623748779297,211.7255859375,211.6890869140625,211.6510467529297
213.86827087402344,213.7991943359375,213.73257446289062,213.6676788330078,213.60324096679688,213.53834533691406,213.4727325439453,213.4065399169922,213.33941650390625,213.26991271972656,213.1959991455078,213.11639404296875,213.03111267089844,212.9409637451172,212.84671020507812,212.74884033203125,212.6480255126953,212.5453338623047,212.44192504882812,212.3389129638672,212.23776245117188,212.14076232910156,212.0504913330078,211.96865844726562,211.89559936523438,211.83120727539062,211.77569580078125,211.72964477539062,211.6932830810547,211.66650390625,211.64862060546875,211.63758850097656,211.62969970703125,211.62142944335938,211.61209106445312,211.60365295410156,211.59710693359375,211.59017944335938,211.57980346679688,211.5660400390625,211.55149841308594,211.53732299804688,211.5219268798828,211.50466918945312
212.8477020263672,212.78402709960938,212.72039794921875,212.65713500976562,212.59400939941406,212.53085327148438,212.4678192138672,212.40518188476562,212.342529296875,212.27867126464844,212.21212768554688,212.14210510253906,212.06871032714844,211.99234008789062,211.91323852539062,211.83169555664062,211.74850463867188,211.66500854492188,211.58233642578125,211.501220703125,211.4224853515625,211.3477020263672,211.27890014648438,211.21751403808594,211.163818359375,211.11753845214844,211.0789031982422,211.04879760742188,211.02818298339844,211.01699829101562,211.01373291015625,211.0155487060547,211.0194549560547,211.02374267578125,211.028564453125,211.0347442626953,211.04183959960938,211.04803466796875,211.0518798828125,211.05389404296875,211.05535888671875,211.05645751953125,211.05642700195312,211.05577087402344
211.60269165039062,211.55239868164062,211.4998321533203,211.44642639160156,211.39349365234375,211.34165954589844,211.29092407226562,211.24070739746094,211.1900177001953,211.13800048828125,211.08416748046875,211.02862548828125,210.9715576171875,210.91294860839844,210.85247802734375,210.79017639160156,210.72679138183594,210.6635284423828,210.60137939453125,210.54103088378906,210.48306274414062,210.4285125732422,210.3787078857422,210.33457946777344,210.2963104248047,210.26393127441406,210.2379150390625,210.21923828125,210.2086181640625,210.20567321777344,210.20877075195312,210.2158203125,210.22518920898438,210.23609924316406,210.24826049804688,210.2610626220703,210.27346801757812,210.28466796875,210.2948760986328,210.30496215820312,210.31533813476562,210.32534790039062,210.3343048095703,210.34280395507812
210.2183380126953,210.18441772460938,210.14723205566406,210.1087188720703,210.07101440429688,210.03529357910156,210.00144958496094,209.96841430664062,209.9348602294922,209.89996337890625,209.86354064941406,209.8259735107422,209.78741455078125,209.74777221679688,209.7067413330078,209.6643524169922,209.62110900878906,209.57778930664062,209.5350799560547,209.49339294433594,209.45314025878906,209.41506958007812,209.380126953125,209.34910583496094,209.3225555419922,209.30084228515625,209.2845001220703,209.27401733398438,209.26947021484375,209.2702178955078,209.27511596679688,209.2830810546875,209.29335021972656,209.30538940429688,209.31845092773438,209.33157348632812,209.34405517578125,209.35598754882812,209.36805725097656,209.38076782226562,209.3935546875,209.40518188476562,209.41500854492188,209.42381286621094
208.78514099121094,208.76663208007812,208.74497985839844,208.7218780517578,208.69944763183594,208.67913818359375,208.66127014160156,208.64515686035156,208.62965393066406,208.61383056640625,208.5971221923828,208.57928466796875,208.5601348876953,208.53953552246094,208.517333984375,208.49368286132812,208.4689178466797,208.4434356689453,208.41751098632812,208.39138793945312,208.36534118652344,208.3400421142578,208.31639099121094,208.29534912109375,208.27769470214844,208.2639923095703,208.25457763671875,208.24951171875,208.24856567382812,208.251220703125,208.25682067871094,208.2646484375,208.27406311035156,208.28431701660156,208.29461669921875,208.3043670654297,208.3135528564453,208.3227081298828,208.33236694335938,208.34242248535156,208.351806640625,208.3593292236328,208.36468505859375,208.36891174316406
207.38719177246094,207.37948608398438,207.36956787109375,207.35870361328125,207.34864807128906,207.34080505371094,207.33584594726562,207.33363342285156,207.3333740234375,207.33404541015625,207.3346405029297,207.3343505859375,207.33251953125,207.32876586914062,207.32298278808594,207.31524658203125,207.3057861328125,207.29483032226562,207.28260803222656,207.26939392089844,207.25555419921875,207.24168395996094,207.228515625,207.21673583984375,207.20687866210938,207.19927978515625,207.1941375732422,207.19158935546875,207.1917266845703,207.19447326660156,207.1995849609375,207.20648193359375,207.21432495117188,207.2220458984375,207.22882080078125,207.23431396484375,207.23878479003906,207.24293518066406,207.24722290039062,207.25149536132812,207.2549591064453,207.2567596435547,207.25677490234375,207.25570678710938
206.08023071289062,206.07763671875,206.07427978515625,206.0712890625,206.06996154785156,206.0714111328125,206.07615661621094,206.0841064453125,206.09457397460938,206.10659790039062,206.11907958984375,206.1310577392578,206.1417999267578,206.1507568359375,206.15768432617188,206.16244506835938,206.16513061523438,206.1658477783203,206.1648406982422,206.16250610351562,206.1593017578125,206.1556854248047,206.1521453857422,206.14894104003906,206.146240234375,206.14410400390625,206.14263916015625,206.14215087890625,206.14292907714844,206.14529418945312,206.14923095703125,206.15431213378906,206.15972900390625,206.1644287109375,206.16769409179688,206.169189453125,206.1691436767578,206.1681365966797,206.1665802001953,206.16458129882812,206.16183471679688,206.1579132080078,206.1527099609375,206.146484375
204.89157104492188,204.8915252685547,204.89183044433594,204.89352416992188,204.8975830078125,204.90469360351562,204.9150390625,204.9284210205078,204.94424438476562,204.96176147460938,204.98013305664062,204.9986572265625,205.01670837402344,205.03375244140625,205.04942321777344,205.06338500976562,205.0753631591797,205.08531188964844,205.09326171875,205.0994873046875,205.1043701171875,205.10833740234375,205.11178588867188,205.11492919921875,205.11790466308594,205.12074279785156,205.12350463867188,205.12635803222656,205.12945556640625,205.13290405273438,205.1366424560547,205.14031982421875,205.1433868408203,205.14520263671875,205.14527893066406,205.1434326171875,205.1397705078125,205.1345977783203,205.12828063964844,205.12098693847656,205.11276245117188,205.10357666015625,205.09349060058594,205.0826873779297
