earth/public/data/atmosphere/C53/ANN-wind-surface-level-gfs-1.0.json
{"header": {"discipline": 0, "disciplineName": "Meteorological products", "gribEdition": 2, "gribLength": 17922.0, "center": 0, "centerName": "Kiel Climate Model", "subcenter": 0, "refTime": "1", "significanceOfRT": 1, "significanceOfRTName": "Start of forecast", "productStatus": 0, "productStatusName": "Operational products", "productType": 1, "productTypeName": "Forecast products", "productDefinitionTemplate": 0, "productDefinitionTemplateName": "Analysis/forecast at horizontal level/layer at a point in time", "parameterCategory": 2, "parameterCategoryName": "Momentum", "parameterNumber": 2, "parameterNumberName": "U-component_of_wind", "parameterUnit": "m/s", "genProcessType": 2, "genProcessTypeName": "Forecast", "forecastTime": 0, "surface1Type": 103, "surface1TypeName": "Specified height level above ground", "surface1Value": 10, "surface2Type": 255, "surface2TypeName": "Missing", "surface2Value": 0, "gridDefinitionTemplate": 0, "gridDefinitionTemplateName": "Latitude_Longitude", "numberPoints": 65160, "shape": 6, "shapeName": "Earth spherical with radius of 6,371,229.0 m", "gridUnits": "degrees", "resolution": 48, "winds": "true", "scanMode": 0, "nx": 128.0, "ny": 64.0, "basicAngle": 0, "subDivisions": 0, "lo1": 0.0, "la1": 87.86379883923263, "lo2": 357.1875, "la2": -87.86379883923263, "dx": 2.8125, "dy": 2.7893269472772264}, "data":
[rows 0 to 18 of 64, columns 0 to 42 of 128]
-1.7339413166046143,-1.6912790536880493,-1.6468117237091064,-1.6005157232284546,-1.5522643327713013,-1.5020991563796997,-1.4498825073242188,-1.395544409751892,-1.339083194732666,-1.280552864074707,-1.219972014427185,-1.15728759765625,-1.0924687385559082,-1.025569200515747,-0.9567581415176392,-0.8860605359077454,-0.8136504292488098,-0.7396495938301086,-0.6642101407051086,-0.5874612927436829,-0.5095328092575073,-0.4306047856807709,-0.3508141338825226,-0.27031975984573364,-0.1892770677804947,-0.10784255713224411,-0.026084328070282936,0.05580124258995056,0.1377832591533661,0.21970078349113464,0.3014589846134186,0.38294726610183716,0.4640279710292816,0.5445548892021179,0.6243878602981567,0.7033616900444031,0.7813064455986023,0.858080267906189,0.9333474040031433,1.0068366527557373,1.0782463550567627,1.1472864151000977,1.2136253118515015
-1.754452109336853,-1.7426321506500244,-1.730851650238037,-1.7185243368148804,-1.705145001411438,-1.690163254737854,-1.6728272438049316,-1.6524889469146729,-1.6283719539642334,-1.6000044345855713,-1.5668681859970093,-1.5285788774490356,-1.4848984479904175,-1.4357795715332031,-1.3811907768249512,-1.3215759992599487,-1.2572838068008423,-1.188925862312317,-1.1171640157699585,-1.0427168607711792,-0.9661843776702881,-0.8882521390914917,-0.8093904256820679,-0.7301415205001831,-0.6506678462028503,-0.5710861682891846,-0.4912698566913605,-0.4109966456890106,-0.32972100377082825,-0.2469121664762497,-0.1619960069656372,-0.07442152500152588,0.01633327454328537,0.11094244569540024,0.20937363803386688,0.3118174970149994,0.41817164421081543,0.5283669829368591,0.6418052911758423,0.7579726576805115,0.8755776882171631,0.9942230582237244,1.112884759902954
-1.346847653388977,-1.3312546014785767,-1.3182998895645142,-1.3086329698562622,-1.3027070760726929,-1.3005585670471191,-1.3018001317977905,-1.30574369430542,-1.3111412525177002,-1.31651771068573,-1.3204171657562256,-1.320995569229126,-1.3165351152420044,-1.3057585954666138,-1.287624716758728,-1.2616270780563354,-1.2279133796691895,-1.187003493309021,-1.1398216485977173,-1.0877732038497925,-1.0322104692459106,-0.9747081995010376,-0.916350245475769,-0.8583129048347473,-0.8009464144706726,-0.7444009780883789,-0.6882256269454956,-0.6314560174942017,-0.5728305578231812,-0.5105427503585815,-0.44282159209251404,-0.3679680824279785,-0.28413301706314087,-0.19058790802955627,-0.08694472163915634,0.026736104860901833,0.14889898896217346,0.27863410115242004,0.41601935029029846,0.5592074394226074,0.70367032289505,0.8512336015701294,0.8568282723426819
-1.086655616760254,-1.0643718242645264,-1.0401110649108887,-1.0168331861495972,-0.9974151253700256,-0.9844529032707214,-0.9797338247299194,-0.98399817943573,-0.997311532497406,-1.0182576179504395,-1.0449467897415161,-1.074688196182251,-1.1044048070907593,-1.1309670209884644,-1.1514737606048584,-1.1635063886642456,-1.1657681465148926,-1.1572444438934326,-1.1381980180740356,-1.1095260381698608,-1.0724997520446777,-1.0290741920471191,-0.9813407063484192,-0.9311097860336304,-0.8803340196609497,-0.8301340341567993,-0.7814359068870544,-0.7348623871803284,-0.6903936266899109,-0.6468808650970459,-0.6021819114685059,-0.552553653717041,-0.49525099992752075,-0.4279870092868805,-0.34847182035446167,-0.2555820047855377,-0.14892978966236115,-0.027438493445515633,0.10832851380109787,0.2562144696712494,0.4123932421207428,0.4575826823711395,0.5498212575912476
-0.7999749183654785,-0.8304477334022522,-0.8560379147529602,-0.8781865835189819,-0.8979271650314331,-0.9158721566200256,-0.932468831539154,-0.9480693936347961,-0.9626712203025818,-0.9769172668457031,-0.9914100766181946,-1.0065020322799683,-1.0223755836486816,-1.038400650024414,-1.0536624193191528,-1.066659688949585,-1.0757757425308228,-1.0785562992095947,-1.0735583305358887,-1.0590651035308838,-1.0343087911605835,-0.9989041686058044,-0.953093409538269,-0.8976283073425293,-0.8335282206535339,-0.7626490592956543,-0.6874278783798218,-0.6120818257331848,-0.5418240427970886,-0.4811915457248688,-0.4338134229183197,-0.40127110481262207,-0.3836156725883484,-0.37743115425109863,-0.37705865502357483,-0.3753482401371002,-0.3627023696899414,-0.33024734258651733,-0.26884597539901733,-0.16776889562606812,-0.054327938705682755,0.07813950628042221,0.23038050532341003
0.03268907591700554,-0.031204571947455406,-0.10252539813518524,-0.17706456780433655,-0.25038933753967285,-0.3174665868282318,-0.3741309940814972,-0.41755568981170654,-0.4461120069026947,-0.4605313539505005,-0.46377843618392944,-0.46040135622024536,-0.4552227258682251,-0.451971173286438,-0.45341038703918457,-0.461428165435791,-0.47616857290267944,-0.49607232213020325,-0.5208585262298584,-0.5493717193603516,-0.5785383582115173,-0.6045888066291809,-0.6236531138420105,-0.6308771967887878,-0.61692214012146,-0.5753108263015747,-0.5025694966316223,-0.40138933062553406,-0.2829888164997101,-0.16398411989212036,-0.062252964824438095,0.005984142422676086,0.0310323815792799,0.010006370954215527,-0.11975213885307312,-0.1501118242740631,-0.2935299873352051,-0.3977794945240021,-0.4882999062538147,-0.46123915910720825,-0.3996628224849701,-0.31642836332321167,-0.1841605007648468
0.8367393612861633,0.7988786697387695,0.7694521546363831,0.7491793632507324,0.7301040291786194,0.7067690491676331,0.673251211643219,0.6282926797866821,0.5774199366569519,0.5242019295692444,0.4704150855541229,0.4204374849796295,0.3730926811695099,0.3310691714286804,0.3000189960002899,0.2750950753688812,0.25874823331832886,0.24554285407066345,0.2233419269323349,0.18805159628391266,0.13421311974525452,0.055755697190761566,-0.040680691599845886,-0.14234144985675812,-0.2315046638250351,-0.2878400981426239,-0.3541775941848755,-0.3383047580718994,-0.2471056431531906,-0.11735731363296509,0.09096483141183853,0.2313898205757141,0.3349243700504303,0.32968857884407043,0.2880306541919708,0.18725083768367767,0.0568559393286705,-0.09526299685239792,-0.2139470875263214,-0.2985704839229584,-0.34350842237472534,-0.34867018461227417,-0.2715551257133484
1.312616229057312,1.0554126501083374,1.0705963373184204,1.3746225833892822,1.4737213850021362,1.5361241102218628,1.5370701551437378,1.4856847524642944,1.3873707056045532,1.0728874206542969,1.1573352813720703,0.8296871185302734,0.8149943947792053,0.7345986366271973,0.6542894244194031,0.7916840314865112,0.7762746810913086,0.7612215876579285,0.7694401741027832,0.5706508755683899,0.563662588596344,0.7360987067222595,0.6810264587402344,0.5966624617576599,0.49094629287719727,0.38101446628570557,0.29468655586242676,0.15695606172084808,0.2189704030752182,0.3346904218196869,0.4995512366294861,0.6199026107788086,0.6670268177986145,0.5880172252655029,0.47297224402427673,0.39416104555130005,0.35297125577926636,0.3505963683128357,0.3003382086753845,0.27853459119796753,0.2738155722618103,0.28772488236427307,0.3039919435977936
1.8923074007034302,1.8143563270568848,1.909001350402832,2.002337694168091,1.914881944656372,1.8945337533950806,2.2002241611480713,2.0656073093414307,1.6733838319778442,1.6235673427581787,1.9249402284622192,1.9915021657943726,1.7959493398666382,2.0161895751953125,1.9483299255371094,1.8452564477920532,1.733742594718933,1.6159569025039673,1.4991929531097412,1.0838676691055298,1.3145363330841064,1.2916771173477173,1.3134864568710327,1.3521568775177002,1.368266224861145,1.3402073383331299,1.2763360738754272,0.9511528015136719,1.0633128881454468,1.2391958236694336,1.3284813165664673,1.3422560691833496,1.2449918985366821,0.9709120988845825,0.726211428642273,0.6046702265739441,0.5978032350540161,0.6524015665054321,0.6902984976768494,0.7899874448776245,0.7783926129341125,0.8248946666717529,0.9255000948905945
2.960901975631714,2.4283955097198486,2.734809637069702,2.7573044300079346,2.977449655532837,2.966050148010254,2.826812744140625,2.616122245788574,2.3359358310699463,2.374143600463867,3.1525654792785645,3.435899019241333,3.5677342414855957,3.5356266498565674,3.4002833366394043,3.214198350906372,3.0047457218170166,2.7597386837005615,2.470123767852783,1.6182408332824707,1.465640902519226,1.8397595882415771,1.8867981433868408,2.0136795043945312,2.1304337978363037,2.159298896789551,2.088430881500244,1.9652279615402222,1.7119216918945312,1.9389716386795044,2.0057342052459717,1.7995617389678955,1.6251084804534912,1.457442283630371,1.3417898416519165,1.2410895824432373,1.2322304248809814,1.1735721826553345,1.0858772993087769,1.0061275959014893,0.9634866118431091,1.008041501045227,1.0718904733657837
3.4772331714630127,2.680697441101074,3.0700230598449707,3.0254974365234375,3.4394795894622803,4.111474990844727,3.667520046234131,3.3940203189849854,3.213442802429199,4.116891384124756,4.36232328414917,4.390597820281982,4.196643352508545,3.6752612590789795,2.983708143234253,3.741359233856201,3.7157504558563232,3.613762140274048,3.4211697578430176,3.1809864044189453,2.968892812728882,2.324995279312134,2.234143018722534,2.2729194164276123,2.948425054550171,2.871551513671875,2.6469175815582275,1.9174648523330688,1.8611509799957275,1.720160722732544,1.700946569442749,1.6837685108184814,1.5711400508880615,1.569676399230957,1.7817753553390503,1.8560194969177246,2.0986368656158447,2.067307233810425,1.6646102666854858,1.3645848035812378,1.1314433813095093,1.1118725538253784,1.1065874099731445
4.513484954833984,3.4759058952331543,3.734229564666748,3.536336898803711,3.9750711917877197,4.542167663574219,4.504056930541992,4.475917816162109,5.409722805023193,5.565672874450684,5.2460761070251465,3.371990919113159,3.2772531509399414,2.758105516433716,3.1370983123779297,3.7710518836975098,4.115515232086182,4.36385440826416,3.838865280151367,4.400364398956299,4.411889553070068,4.367699146270752,4.223476886749268,3.3834056854248047,3.6917221546173096,3.4470608234405518,3.101821184158325,2.456947088241577,1.976455807685852,1.5519088506698608,1.4368990659713745,1.565199851989746,1.6829231977462769,1.7531590461730957,1.8437209129333496,2.1692380905151367,2.665360689163208,2.8971383571624756,2.4906816482543945,2.115260601043701,1.7854820489883423,1.5569839477539062,1.3269603252410889
5.9387526512146,4.691356182098389,4.879672527313232,4.5726165771484375,4.873960494995117,4.728982448577881,5.75344181060791,6.3703837394714355,6.822861194610596,6.666235446929932,5.7580132484436035,4.160465717315674,2.997856855392456,3.458017110824585,4.905978202819824,6.3615899085998535,6.6139020919799805,5.47984504699707,4.587932109832764,5.492542266845703,5.756461143493652,5.713861465454102,5.18086051940918,3.567385673522949,2.963038444519043,2.6571521759033203,2.710731029510498,2.854011058807373,2.3359220027923584,1.9474940299987793,1.8770856857299805,2.1323676109313965,2.227638006210327,2.2098495960235596,2.2799971103668213,2.50823974609375,2.8826329708099365,2.916097402572632,2.9600439071655273,2.816096305847168,2.4083175659179688,1.836281418800354,1.3856934309005737
6.160658359527588,5.110875606536865,5.386695861816406,5.047756195068359,5.110308647155762,6.28057861328125,6.634103775024414,7.045046806335449,7.238133430480957,6.794597148895264,5.1748456954956055,3.7598390579223633,3.943532943725586,5.365189552307129,7.21436882019043,8.286195755004883,6.773282051086426,5.314530849456787,4.824230194091797,6.182420253753662,6.750217437744141,6.612310886383057,5.640054225921631,3.4962239265441895,2.9227213859558105,2.38895320892334,2.5620334148406982,2.8713650703430176,2.6563034057617188,2.474682092666626,2.518458366394043,2.6771607398986816,2.6335203647613525,2.7121708393096924,2.704432725906372,2.466740846633911,2.1637253761291504,1.9803811311721802,1.8726376295089722,1.9068914651870728,2.3217368125915527,1.9376243352890015,1.5196053981781006
5.518655776977539,4.787498950958252,5.1537394523620605,6.428080081939697,6.953609943389893,7.148391246795654,7.030880451202393,6.905151844024658,6.7892889976501465,6.382414817810059,4.927647113800049,4.910533428192139,5.432528495788574,6.520272731781006,7.494014263153076,7.058160305023193,6.024551868438721,4.812209606170654,6.016594886779785,6.902440071105957,7.430531978607178,7.069766521453857,5.977861404418945,3.6440107822418213,3.1973371505737305,2.752812623977661,2.851203680038452,3.168487787246704,3.346532106399536,3.1022181510925293,2.4769091606140137,1.8157157897949219,1.734942078590393,2.1545257568359375,2.0122311115264893,1.9238899946212769,1.5381056070327759,1.117260217666626,1.1546658277511597,1.4537994861602783,1.6625832319259644,1.356186866760254,1.325728416442871
5.195529937744141,5.692320823669434,6.290938377380371,6.741795539855957,6.888507843017578,6.538127422332764,5.394656181335449,5.88645601272583,6.121806621551514,6.249012470245361,6.145204067230225,5.936645030975342,5.401256561279297,6.366122722625732,6.389686107635498,5.155910491943359,5.023841381072998,5.900745391845703,6.760474681854248,7.409889221191406,7.335544586181641,6.669897079467773,5.935396194458008,5.571034908294678,5.3843231201171875,4.96166467666626,3.5720603466033936,3.5509276390075684,3.420205593109131,3.3071422576904297,2.288264513015747,1.1573430299758911,0.6664842367172241,0.8486135601997375,1.2982876300811768,1.6315442323684692,1.6805810928344727,1.2968744039535522,1.310876727104187,1.0986721515655518,0.9768596291542053,0.9023897647857666,0.9495618343353271
4.573890209197998,5.339111804962158,5.767729759216309,5.6500325202941895,5.090960502624512,3.6265530586242676,3.5243711471557617,4.558381080627441,5.352147102355957,5.821682929992676,5.882622718811035,5.680337905883789,5.5009589195251465,5.385015487670898,5.30632209777832,4.524064064025879,5.566103458404541,6.137957572937012,6.7650041580200195,6.833568096160889,6.2915167808532715,5.497524261474609,5.04862117767334,5.112438201904297,5.250606536865234,4.8122968673706055,3.961858034133911,2.6497063636779785,2.524573802947998,2.6857640743255615,2.264380931854248,0.9061940908432007,0.2792753577232361,0.34818142652511597,0.78155118227005,1.225459098815918,1.497229814529419,1.083701252937317,0.8787559866905212,0.768177330493927,0.5601011514663696,0.28659388422966003,0.2743486166000366
3.175908088684082,3.9007129669189453,4.237987041473389,4.009194374084473,3.4229493141174316,2.395446538925171,2.5382602214813232,3.653038740158081,4.221876621246338,4.27614164352417,4.018252849578857,3.7847185134887695,3.6905219554901123,3.752610921859741,4.035672664642334,4.413513660430908,4.640407562255859,4.825324535369873,4.9644389152526855,4.957987308502197,4.712381839752197,4.1226396560668945,3.5309271812438965,3.231592893600464,3.121459722518921,2.81191086769104,2.2557406425476074,1.578126072883606,1.372725486755371,1.309971570968628,1.0366026163101196,0.45880377292633057,0.2146609127521515,0.37215766310691833,0.8614636659622192,0.8201178312301636,0.601154625415802,0.41497665643692017,0.3779800236225128,0.45093226432800293,0.3741398751735687,0.09213487803936005,-0.03222589194774628
1.8141443729400635,1.9243719577789307,2.2218194007873535,2.4225027561187744,2.357942581176758,2.190579652786255,2.2710962295532227,2.617619514465332,2.5878260135650635,2.159003257751465,1.7264307737350464,1.5024874210357666,1.6113706827163696,1.8004043102264404,2.1835315227508545,2.513597011566162,2.5838561058044434,2.3817496299743652,2.28584885597229,2.492274522781372,2.7036352157592773,2.4890453815460205,1.8991419076919556,1.3106787204742432,0.7126341462135315,0.7467735409736633,0.5545949935913086,0.4700930416584015,0.3215741813182831,0.1723698526620865,-0.021795982494950294,-0.09780531376600266,0.04441961646080017,0.36312058568000793,0.601273238658905,0.4443182945251465,0.07693222910165787,-0.19757826626300812,-0.05508151650428772,0.2828465402126312,0.416995108127594,0.2843681275844574,0.1130986213684082
