earth/public/data/atmosphere/C53/ANN-rh-isobaric-1000hPa-gfs-1.0.json
{"header": {"discipline": 0, "disciplineName": "Meteorological products", "gribEdition": 2, "gribLength": 17922.0, "center": 0, "centerName": "Kiel Climate Model", "subcenter": 0, "refTime": "1", "significanceOfRT": 1, "significanceOfRTName": "Start of forecast", "productStatus": 0, "productStatusName": "Operational products", "productType": 1, "productTypeName": "Forecast products", "productDefinitionTemplate": 0, "productDefinitionTemplateName": "Analysis/forecast at horizontal level/layer at a point in time", "parameterCategory": 2, "parameterCategoryName": "Momentum", "parameterNumber": 2, "parameterNumberName": "U-component_of_wind", "parameterUnit": "%", "genProcessType": 2, "genProcessTypeName": "Forecast", "forecastTime": 0, "surface1Type": 103, "surface1TypeName": "Specified height level above ground", "surface1Value": 10, "surface2Type": 255, "surface2TypeName": "Missing", "surface2Value": 0, "gridDefinitionTemplate": 0, "gridDefinitionTemplateName": "Latitude_Longitude", "numberPoints": 65160, "shape": 6, "shapeName": "Earth spherical with radius of 6,371,229.0 m", "gridUnits": "degrees", "resolution": 48, "winds": "true", "scanMode": 0, "nx": 128.0, "ny": 64.0, "basicAngle": 0, "subDivisions": 0, "lo1": 0.0, "la1": 87.86379883923263, "lo2": 357.1875, "la2": -87.86379883923263, "dx": 2.8125, "dy": 2.7893269472772264}, "data":
[rows 38 to 56 of 64, columns 0 to 42 of 128]
0.306234210729599,0.18840037286281586,0.20119184255599976,0.19989456236362457,0.20581863820552826,0.26081156730651855,0.33078286051750183,0.410457044839859,0.5039209127426147,0.5702834725379944,0.615318238735199,0.6962090134620667,0.7912975549697876,0.8229700922966003,0.797385573387146,0.7836306095123291,0.7959684729576111,0.8015291094779968,0.7949205040931702,0.791724681854248,0.7912459373474121,0.7887906432151794,0.7893544435501099,0.7912723422050476,0.7866898775100708,0.780087947845459,0.7815121412277222,0.7877932190895081,0.7897239923477173,0.7884718775749207,0.7894800305366516,0.7906971573829651,0.7898233532905579,0.7901346683502197,0.790379524230957,0.7866485714912415,0.7843785285949707,0.7876495718955994,0.7892319560050964,0.7883996367454529,0.792901873588562,0.7979530692100525,0.7951987385749817
0.21079204976558685,0.1352175921201706,0.16880154609680176,0.18179841339588165,0.18569396436214447,0.2096613049507141,0.2404235154390335,0.29128497838974,0.3779250383377075,0.4832163453102112,0.599877655506134,0.7169352173805237,0.7855718731880188,0.7858102917671204,0.7670349478721619,0.7695347666740417,0.7800093293190002,0.7828686833381653,0.7858309745788574,0.7918871641159058,0.7924374341964722,0.7862166166305542,0.7826990485191345,0.7871515154838562,0.791435182094574,0.7867146730422974,0.7794269919395447,0.7798148393630981,0.784041702747345,0.7852321863174438,0.7861682176589966,0.7879363298416138,0.7870404124259949,0.7858354449272156,0.7859442234039307,0.7836751937866211,0.7831451892852783,0.7898557782173157,0.7943091988563538,0.7892557978630066,0.7847545146942139,0.7859687805175781,0.7854903340339661
0.21412482857704163,0.16612423956394196,0.1731223613023758,0.18208222091197968,0.19585543870925903,0.20572711527347565,0.21117044985294342,0.24457821249961853,0.32754355669021606,0.4577796757221222,0.615067720413208,0.7405252456665039,0.782375156879425,0.7725297212600708,0.7736419439315796,0.7843496203422546,0.7765870094299316,0.762864887714386,0.7641714811325073,0.7737371921539307,0.7802116870880127,0.7803851366043091,0.7744169235229492,0.7719444632530212,0.7799250483512878,0.7868390083312988,0.7840384244918823,0.7799318432807922,0.7781646251678467,0.7741788625717163,0.7717477679252625,0.7734882831573486,0.7727059721946716,0.7708895802497864,0.7752429246902466,0.7797725796699524,0.7774619460105896,0.7751064896583557,0.776297926902771,0.7750616073608398,0.7728630900382996,0.7756041884422302,0.7794835567474365
0.21294964849948883,0.20230808854103088,0.1881180703639984,0.1899498552083969,0.21463288366794586,0.22687245905399323,0.234862819314003,0.28688618540763855,0.3975016176700592,0.5450696349143982,0.6904301643371582,0.7776511907577515,0.7892332673072815,0.7794240713119507,0.7897070646286011,0.7958686351776123,0.7805034518241882,0.7663159370422363,0.7604121565818787,0.7528610825538635,0.7540968060493469,0.7676065564155579,0.7705546021461487,0.7589698433876038,0.7544683814048767,0.7599368095397949,0.7631689310073853,0.765529453754425,0.7688841819763184,0.7673585414886475,0.7658443450927734,0.7706795930862427,0.7727025747299194,0.7685481905937195,0.7698310017585754,0.7753312587738037,0.7716386318206787,0.7628247737884521,0.7628258466720581,0.7687108516693115,0.7705285549163818,0.7703036665916443,0.7718541026115417
0.21714071929454803,0.2341681271791458,0.21802464127540588,0.21901509165763855,0.24666161835193634,0.2588532865047455,0.2715631425380707,0.34702175855636597,0.49468228220939636,0.6590696573257446,0.7738046050071716,0.8046132326126099,0.7759961485862732,0.744404137134552,0.7303751707077026,0.7222314476966858,0.7297523617744446,0.7594682574272156,0.7741292715072632,0.7529463768005371,0.7354848384857178,0.7484143376350403,0.7632222771644592,0.7603351473808289,0.7558895349502563,0.7560997605323792,0.7539849281311035,0.756509006023407,0.7665584087371826,0.7707036733627319,0.7686302065849304,0.7728570103645325,0.7784595489501953,0.7746940851211548,0.770171582698822,0.7733640670776367,0.775425910949707,0.7727504372596741,0.7744336724281311,0.7791950106620789,0.7764660716056824,0.7692521810531616,0.7686072587966919
0.28715986013412476,0.28923889994621277,0.26697298884391785,0.2633148431777954,0.2820632755756378,0.28593650460243225,0.29216906428337097,0.3659402132034302,0.5207660794258118,0.6882629990577698,0.7865007519721985,0.7925028800964355,0.746540904045105,0.6932209730148315,0.6446474194526672,0.6167237758636475,0.6452220678329468,0.7210086584091187,0.7732500433921814,0.7652021646499634,0.7388997077941895,0.7340605854988098,0.741132915019989,0.7499606609344482,0.7658095359802246,0.7765491604804993,0.7694783210754395,0.7621567249298096,0.7690302133560181,0.7741008996963501,0.7681392431259155,0.7667580842971802,0.7743567824363708,0.7764286398887634,0.7717983722686768,0.7724931240081787,0.777895450592041,0.7796257138252258,0.7790315747261047,0.7794313430786133,0.7774479389190674,0.7736539840698242,0.7749366164207458
0.3643089532852173,0.34641650319099426,0.3258834183216095,0.3181827962398529,0.32407376170158386,0.3236519992351532,0.3303968608379364,0.3920924663543701,0.5216164588928223,0.663620114326477,0.748176634311676,0.7591840028762817,0.7309769988059998,0.6913076639175415,0.6454002857208252,0.615177571773529,0.6374044418334961,0.7037752270698547,0.7577915787696838,0.7692152857780457,0.758286714553833,0.7433743476867676,0.7261643409729004,0.7224695086479187,0.7449997663497925,0.7688942551612854,0.76772141456604,0.7578767538070679,0.763222873210907,0.7727049589157104,0.7704739570617676,0.7676683068275452,0.7749204635620117,0.7811586260795593,0.7789201140403748,0.777346134185791,0.7801494002342224,0.7791987657546997,0.7737605571746826,0.7732117772102356,0.7798832654953003,0.785715639591217,0.7852736115455627
0.4241369366645813,0.4193103015422821,0.41596877574920654,0.4054833650588989,0.399275541305542,0.40544259548187256,0.4332452714443207,0.4973956048488617,0.5942311882972717,0.6861770749092102,0.7322357892990112,0.730257511138916,0.7113893032073975,0.6981798410415649,0.691479504108429,0.6934448480606079,0.7109739780426025,0.735660195350647,0.7520213723182678,0.762556791305542,0.7734212875366211,0.7693783044815063,0.7409546971321106,0.7164026498794556,0.7244313955307007,0.7478621602058411,0.7551989555358887,0.7515188455581665,0.758679211139679,0.7729802131652832,0.7789819836616516,0.7801475524902344,0.7861474752426147,0.7922322750091553,0.7926647067070007,0.7937340140342712,0.7984936237335205,0.7981929183006287,0.7899491786956787,0.7854357957839966,0.7924593091011047,0.8019072413444519,0.8018653988838196
0.5434767007827759,0.549045741558075,0.5454012155532837,0.5206664800643921,0.5017193555831909,0.5158055424690247,0.5650038123130798,0.633648693561554,0.7002304196357727,0.7414547204971313,0.7431536912918091,0.7148352861404419,0.6846163868904114,0.6760119199752808,0.6938269138336182,0.7269874215126038,0.7552852630615234,0.761935293674469,0.7531290650367737,0.7545199394226074,0.7741352319717407,0.7862197160720825,0.7711008191108704,0.7492206692695618,0.7497801780700684,0.7669076919555664,0.7760208249092102,0.7747631669044495,0.7782084941864014,0.7886573672294617,0.7969673871994019,0.8022612929344177,0.8090701699256897,0.8151502013206482,0.8180478811264038,0.8231834173202515,0.8326635956764221,0.8367478847503662,0.8280104398727417,0.8148897886276245,0.8107602596282959,0.8167372941970825,0.8246419429779053
0.7022554278373718,0.695690929889679,0.675004780292511,0.6375122666358948,0.612032949924469,0.6230230331420898,0.6646656394004822,0.7120897173881531,0.7452690601348877,0.7575437426567078,0.7509940266609192,0.7320883870124817,0.7102759480476379,0.6965264678001404,0.6998713612556458,0.7203717827796936,0.7445968389511108,0.7562609314918518,0.7557928562164307,0.76011061668396,0.7773685455322266,0.7944557666778564,0.7987954020500183,0.7984310984611511,0.8067620992660522,0.8198737502098083,0.8251585960388184,0.8228946924209595,0.8233320713043213,0.8293591737747192,0.836127519607544,0.8421710729598999,0.8488059043884277,0.8535373210906982,0.8544740080833435,0.8565704226493835,0.8640021085739136,0.8703625798225403,0.8655743598937988,0.8504593372344971,0.8369463682174683,0.8348216414451599,0.8440248370170593
0.8085649013519287,0.8004592061042786,0.7821553945541382,0.7536993026733398,0.7313776612281799,0.7277117967605591,0.7376946806907654,0.7475133538246155,0.7511025071144104,0.753993570804596,0.7630597352981567,0.7759536504745483,0.7819985747337341,0.7739183306694031,0.757719099521637,0.7480301260948181,0.7529268860816956,0.7669134140014648,0.7801690101623535,0.7897152304649353,0.7984614968299866,0.8086271286010742,0.8208768963813782,0.8355586528778076,0.8498974442481995,0.8580706119537354,0.8589141964912415,0.8594098091125488,0.8656323552131653,0.8745276927947998,0.879760205745697,0.8811513781547546,0.8822936415672302,0.8828508257865906,0.8803890943527222,0.8775749206542969,0.8800718784332275,0.8870633244514465,0.8900026082992554,0.8827608823776245,0.8692770004272461,0.8593235015869141,0.859129011631012
0.8586440086364746,0.8622523546218872,0.8599885702133179,0.8471575975418091,0.8276421427726746,0.8089362382888794,0.7950899600982666,0.7856713533401489,0.7799381017684937,0.7798534035682678,0.7878357768058777,0.8014435172080994,0.8119264841079712,0.8109875917434692,0.8001256585121155,0.790984570980072,0.7940137982368469,0.8075988292694092,0.8204132914543152,0.8240326046943665,0.8213056921958923,0.822193443775177,0.8327298760414124,0.8486355543136597,0.8598452806472778,0.8616582751274109,0.8605023622512817,0.8665863871574402,0.8812212944030762,0.8948917984962463,0.8990073800086975,0.8956682682037354,0.8929339051246643,0.8938531875610352,0.8949795961380005,0.8943432569503784,0.8952087163925171,0.9001942276954651,0.9055460691452026,0.9045616984367371,0.895553708076477,0.8840565085411072,0.8773422241210938
0.8807954788208008,0.8854843974113464,0.8887637257575989,0.8824484944343567,0.8643320202827454,0.8415469527244568,0.8250531554222107,0.8203272819519043,0.8232572674751282,0.8250290751457214,0.8205009698867798,0.8114702701568604,0.8029588460922241,0.7985267639160156,0.7996549606323242,0.8070597052574158,0.8196321725845337,0.832379937171936,0.8385388851165771,0.835928201675415,0.8304271697998047,0.8310192227363586,0.840560257434845,0.8525012731552124,0.8581019043922424,0.8566820621490479,0.8569527864456177,0.8670336604118347,0.884450376033783,0.8983336091041565,0.901541531085968,0.8981046676635742,0.8973899483680725,0.903102457523346,0.9107065796852112,0.9148018956184387,0.9155855774879456,0.91669100522995,0.9190258383750916,0.919424831867218,0.9151472449302673,0.9076202511787415,0.9009255170822144
0.8826795220375061,0.8845945596694946,0.8909738659858704,0.8928557634353638,0.884085476398468,0.8683115243911743,0.8563525080680847,0.8560919761657715,0.8649247884750366,0.872235119342804,0.8690575957298279,0.8552415370941162,0.8381087183952332,0.8256379961967468,0.8212937116622925,0.8237593770027161,0.8294391632080078,0.834782063961029,0.837860643863678,0.8394175171852112,0.8423271775245667,0.8487723469734192,0.8573634028434753,0.8638798594474792,0.8659009337425232,0.8664430975914001,0.8715993165969849,0.8837116360664368,0.8976110219955444,0.9049705862998962,0.9026488661766052,0.8958255648612976,0.8924489617347717,0.8954549431800842,0.9013261198997498,0.9055821895599365,0.9079261422157288,0.9113423228263855,0.9173851013183594,0.9238919019699097,0.9273492693901062,0.9263525009155273,0.9221783876419067
0.8890376091003418,0.8921321630477905,0.9021025896072388,0.9118573069572449,0.9137910008430481,0.906775951385498,0.8972206115722656,0.8932808637619019,0.897837221622467,0.906571626663208,0.9120742082595825,0.909460186958313,0.8987399935722351,0.8833200931549072,0.8673694133758545,0.8543588519096375,0.8467092514038086,0.8454517722129822,0.8497462272644043,0.8569959998130798,0.863899290561676,0.8679043054580688,0.868377685546875,0.8671174645423889,0.8678234815597534,0.87408846616745,0.8864643573760986,0.9007807374000549,0.9099593162536621,0.9088189005851746,0.8980642557144165,0.8837177753448486,0.8724055886268616,0.8669840097427368,0.8664118647575378,0.8690673112869263,0.8752400279045105,0.8860892653465271,0.9007842540740967,0.9155670404434204,0.9260166883468628,0.9301479458808899,0.9292970299720764
0.9004577994346619,0.8955928087234497,0.8945344090461731,0.8958773016929626,0.8958595395088196,0.8922054767608643,0.886425793170929,0.8825601935386658,0.8836963772773743,0.8893521428108215,0.8956720232963562,0.897910475730896,0.8932111263275146,0.8820804357528687,0.868114173412323,0.8563448190689087,0.8508778214454651,0.8527659177780151,0.8592726588249207,0.8652431964874268,0.8660852313041687,0.8606623411178589,0.8522489070892334,0.8468111157417297,0.8495055437088013,0.8614262938499451,0.8785738348960876,0.8938428163528442,0.9009754657745361,0.8980381488800049,0.8881218433380127,0.8768820762634277,0.8689291477203369,0.8658534288406372,0.8670249581336975,0.8717128038406372,0.8800833821296692,0.8921583294868469,0.9061977863311768,0.9186556339263916,0.9261869192123413,0.9280022382736206,0.9264200925827026
0.899712860584259,0.8834386467933655,0.8668742179870605,0.8535788059234619,0.8446516990661621,0.8393142819404602,0.8363504409790039,0.8350493311882019,0.8351137638092041,0.8360235691070557,0.8367100954055786,0.8359605669975281,0.8332730531692505,0.8294798135757446,0.8265856504440308,0.8267308473587036,0.8307845592498779,0.8374353647232056,0.8435252904891968,0.845706582069397,0.842559814453125,0.8358373045921326,0.8298411965370178,0.8291048407554626,0.8357207775115967,0.8480047583580017,0.8614335060119629,0.8713314533233643,0.8756086230278015,0.8757869005203247,0.8756945133209229,0.878821074962616,0.886222779750824,0.8963634967803955,0.9067295789718628,0.9157280325889587,0.9233232140541077,0.9301295280456543,0.9360451698303223,0.9398342967033386,0.9400848150253296,0.9366522431373596,0.9312674403190613
0.9096423983573914,0.897669792175293,0.8838440775871277,0.8710203170776367,0.8607515096664429,0.8529128432273865,0.8462881445884705,0.8395715355873108,0.8321443796157837,0.8243035674095154,0.816998302936554,0.8113656044006348,0.8083194494247437,0.808295726776123,0.8111276626586914,0.8160157203674316,0.8216367959976196,0.8264804482460022,0.8294114470481873,0.8302572965621948,0.8300588726997375,0.8306730389595032,0.8337854743003845,0.8398181200027466,0.8474418520927429,0.8541563153266907,0.8577449321746826,0.8577967286109924,0.8562949299812317,0.8567753434181213,0.8624428510665894,0.8743482232093811,0.8907492160797119,0.908052921295166,0.9227243065834045,0.9329497814178467,0.9390835762023926,0.9427658915519714,0.9454883337020874,0.9476203918457031,0.9484684467315674,0.9471272230148315,0.9434045553207397
0.9322345852851868,0.933306097984314,0.9330525994300842,0.9309213757514954,0.9262155890464783,0.9182344079017639,0.9066413044929504,0.8918619751930237,0.875238835811615,0.8588070869445801,0.8447336554527283,0.8346499800682068,0.8291602730751038,0.827720582485199,0.8289246559143066,0.8310789465904236,0.8328408598899841,0.8336888551712036,0.834048330783844,0.8350154757499695,0.8377615213394165,0.8428412079811096,0.849714994430542,0.8567591309547424,0.8618579506874084,0.8633801937103271,0.8611082434654236,0.8566076159477234,0.8527613282203674,0.8525896072387695,0.8579034805297852,0.8684639930725098,0.8821078538894653,0.8957854509353638,0.9069704413414001,0.9146963953971863,0.91971355676651,0.9237510561943054,0.928360104560852,0.9339979887008667,0.9398146867752075,0.9441747665405273,0.9455627202987671
