earth/public/data/atmosphere/C53/ANN-wind-isobaric-1000hPa-gfs-1.0.json
{"header": {"discipline": 0, "disciplineName": "Meteorological products", "gribEdition": 2, "gribLength": 17922.0, "center": 0, "centerName": "Kiel Climate Model", "subcenter": 0, "refTime": "1", "significanceOfRT": 1, "significanceOfRTName": "Start of forecast", "productStatus": 0, "productStatusName": "Operational products", "productType": 1, "productTypeName": "Forecast products", "productDefinitionTemplate": 0, "productDefinitionTemplateName": "Analysis/forecast at horizontal level/layer at a point in time", "parameterCategory": 2, "parameterCategoryName": "Momentum", "parameterNumber": 2, "parameterNumberName": "U-component_of_wind", "parameterUnit": "m/s", "genProcessType": 2, "genProcessTypeName": "Forecast", "forecastTime": 0, "surface1Type": 103, "surface1TypeName": "Specified height level above ground", "surface1Value": 10, "surface2Type": 255, "surface2TypeName": "Missing", "surface2Value": 0, "gridDefinitionTemplate": 0, "gridDefinitionTemplateName": "Latitude_Longitude", "numberPoints": 65160, "shape": 6, "shapeName": "Earth spherical with radius of 6,371,229.0 m", "gridUnits": "degrees", "resolution": 48, "winds": "true", "scanMode": 0, "nx": 128.0, "ny": 64.0, "basicAngle": 0, "subDivisions": 0, "lo1": 0.0, "la1": 87.86379883923263, "lo2": 357.1875, "la2": -87.86379883923263, "dx": 2.8125, "dy": 2.7893269472772264}, "data":
[rows 38 to 56 of 64, columns 43 to 85 of 128]
-7.626902103424072,-7.641054153442383,-7.597198486328125,-7.55509614944458,-7.533463001251221,-7.459417343139648,-7.323625087738037,-7.213222026824951,-7.127619743347168,-6.967970371246338,-6.736705303192139,-6.531660079956055,-6.364253044128418,-6.175302028656006,-5.976474285125732,-5.828317642211914,-5.727828502655029,-5.6171441078186035,-5.489176273345947,-5.409433841705322,-5.397934436798096,-5.3735737800598145,-5.289269924163818,-5.211629867553711,-5.192162990570068,-5.187796592712402,-5.149656295776367,-5.091728687286377,-5.07365083694458,-5.119998931884766,-5.147512435913086,-5.1057233810424805,-5.11763858795166,-5.225454807281494,-5.255543231964111,-5.222407341003418,-5.360413551330566,-5.583324909210205,-5.623729228973389,-5.6216254234313965,-5.812955379486084,-6.03915548324585,-6.163841247558594
-7.695928573608398,-7.696061134338379,-7.622335910797119,-7.5742292404174805,-7.583652496337891,-7.544898509979248,-7.411304473876953,-7.274417877197266,-7.178212642669678,-7.069072723388672,-6.948398590087891,-6.852916240692139,-6.736619472503662,-6.570732116699219,-6.44095516204834,-6.3923845291137695,-6.335114002227783,-6.207449913024902,-6.078681468963623,-6.019911766052246,-5.994595527648926,-5.937264442443848,-5.858642578125,-5.802162170410156,-5.752049922943115,-5.668740272521973,-5.566784381866455,-5.482430934906006,-5.416141510009766,-5.347888469696045,-5.2723517417907715,-5.222412109375,-5.227973937988281,-5.221355438232422,-5.127830505371094,-5.048264980316162,-5.084755897521973,-5.1083455085754395,-5.043951988220215,-5.072482585906982,-5.224323749542236,-5.273177623748779,-5.220667839050293
-6.962935924530029,-6.93520450592041,-6.878803253173828,-6.833831787109375,-6.805901527404785,-6.757589817047119,-6.6819748878479,-6.619283199310303,-6.580481052398682,-6.541652679443359,-6.5038886070251465,-6.465564250946045,-6.392298698425293,-6.292332649230957,-6.221934795379639,-6.178314208984375,-6.1152238845825195,-6.05247688293457,-6.030368804931641,-6.004551410675049,-5.920055389404297,-5.826972961425781,-5.80112886428833,-5.805947303771973,-5.75184965133667,-5.65364933013916,-5.596078395843506,-5.564798831939697,-5.466938495635986,-5.308760643005371,-5.188133716583252,-5.122622489929199,-5.038848876953125,-4.920492649078369,-4.834864616394043,-4.796103000640869,-4.710826873779297,-4.543156623840332,-4.42816162109375,-4.452401638031006,-4.4654998779296875,-4.348219871520996,-4.244391918182373
-5.507477760314941,-5.527602672576904,-5.559434413909912,-5.550450801849365,-5.491791248321533,-5.443979263305664,-5.4486284255981445,-5.475701808929443,-5.4724016189575195,-5.4228057861328125,-5.345885753631592,-5.268139362335205,-5.220108985900879,-5.221127033233643,-5.23668909072876,-5.207326412200928,-5.148703098297119,-5.136463642120361,-5.16803503036499,-5.1566314697265625,-5.08626127243042,-5.043163299560547,-5.062211513519287,-5.065798759460449,-5.003284454345703,-4.942588806152344,-4.945032119750977,-4.942248821258545,-4.854767799377441,-4.744865417480469,-4.693535327911377,-4.62272834777832,-4.438048362731934,-4.238581657409668,-4.1565985679626465,-4.1064910888671875,-3.942509651184082,-3.7392361164093018,-3.6416852474212646,-3.57273530960083,-3.396519899368286,-3.2230210304260254,-3.211585283279419
-3.432999849319458,-3.502511501312256,-3.5740301609039307,-3.5965771675109863,-3.5821292400360107,-3.591423749923706,-3.6215744018554688,-3.6140084266662598,-3.565944194793701,-3.5313360691070557,-3.5264039039611816,-3.5291149616241455,-3.5496835708618164,-3.6106908321380615,-3.6828134059906006,-3.7229671478271484,-3.7428159713745117,-3.7685348987579346,-3.786250114440918,-3.791987180709839,-3.82334041595459,-3.8818612098693848,-3.904655933380127,-3.863361358642578,-3.8135898113250732,-3.8028833866119385,-3.7938506603240967,-3.7274997234344482,-3.6277098655700684,-3.572819948196411,-3.5552546977996826,-3.4697072505950928,-3.2944469451904297,-3.1467580795288086,-3.068302631378174,-2.9417667388916016,-2.738389253616333,-2.6046881675720215,-2.5622928142547607,-2.4225516319274902,-2.155681610107422,-1.988162875175476,-1.9762696027755737
-0.8623220920562744,-0.9073120951652527,-0.9546770453453064,-1.008292555809021,-1.086275577545166,-1.1869474649429321,-1.2474758625030518,-1.2286053895950317,-1.2077564001083374,-1.2893222570419312,-1.457510232925415,-1.6085830926895142,-1.6893728971481323,-1.7281841039657593,-1.7727550268173218,-1.8533909320831299,-1.961081624031067,-2.040640354156494,-2.0648913383483887,-2.0956413745880127,-2.1845736503601074,-2.2651419639587402,-2.2589359283447266,-2.22076416015625,-2.2428526878356934,-2.287318706512451,-2.254486083984375,-2.1538798809051514,-2.0731496810913086,-2.0209922790527344,-1.922995686531067,-1.766223430633545,-1.6412091255187988,-1.5952576398849487,-1.5315195322036743,-1.3577039241790771,-1.1618229150772095,-1.0743496417999268,-1.0238735675811768,-0.8590819239616394,-0.6409280300140381,-0.5245075225830078,-0.4380042254924774
1.8559601306915283,1.7989393472671509,1.6974470615386963,1.59337317943573,1.510748267173767,1.426440954208374,1.3314017057418823,1.237715244293213,1.1326171159744263,0.9938487410545349,0.8372946381568909,0.6995522975921631,0.5934305191040039,0.5076709985733032,0.4183391332626343,0.2960568070411682,0.14633920788764954,0.024101674556732178,-0.04412955045700073,-0.10445810109376907,-0.1818751096725464,-0.22405770421028137,-0.21388255059719086,-0.22964081168174744,-0.30214181542396545,-0.33717092871665955,-0.27952805161476135,-0.2180372029542923,-0.21895234286785126,-0.19198007881641388,-0.044308777898550034,0.15025606751441956,0.26678335666656494,0.3266102075576782,0.442888081073761,0.6202790141105652,0.7574313282966614,0.8409325480461121,0.972783088684082,1.1671035289764404,1.3009347915649414,1.3449958562850952,1.4394264221191406
4.255369663238525,4.094618797302246,3.8923864364624023,3.8043925762176514,3.868198871612549,3.933380365371704,3.848829746246338,3.629875659942627,3.411412477493286,3.2903647422790527,3.240683078765869,3.1608316898345947,2.9881131649017334,2.7568840980529785,2.5394465923309326,2.3614494800567627,2.207127332687378,2.070563793182373,1.95430588722229,1.8509498834609985,1.7668648958206177,1.7208704948425293,1.6933437585830688,1.644736409187317,1.6042721271514893,1.6438190937042236,1.742673635482788,1.7975355386734009,1.794220209121704,1.8350633382797241,1.9602599143981934,2.087200164794922,2.1751856803894043,2.299286127090454,2.490644931793213,2.650268077850342,2.717688798904419,2.793578863143921,2.972787857055664,3.1705856323242188,3.2639193534851074,3.3058156967163086,3.420508861541748
6.07020902633667,5.816662788391113,5.651094913482666,5.70296573638916,5.898236274719238,6.000107765197754,5.866331577301025,5.585092067718506,5.339216232299805,5.201874256134033,5.098751544952393,4.930346488952637,4.685610771179199,4.43380880355835,4.234120845794678,4.082208633422852,3.943013906478882,3.801253080368042,3.6630403995513916,3.53706955909729,3.4343817234039307,3.3634324073791504,3.3153395652770996,3.2808010578155518,3.277674913406372,3.3222603797912598,3.3880059719085693,3.447183609008789,3.528686285018921,3.661160469055176,3.790524959564209,3.8515779972076416,3.8946523666381836,4.021785259246826,4.211430072784424,4.342077255249023,4.393692970275879,4.476998805999756,4.634736061096191,4.771724224090576,4.8396148681640625,4.931258201599121,5.1044840812683105
7.316291332244873,6.9980082511901855,6.961499214172363,7.153209209442139,7.316989421844482,7.2380690574646,6.955384254455566,6.679765701293945,6.530796527862549,6.4291605949401855,6.247352123260498,5.985584259033203,5.752371788024902,5.614401817321777,5.5268049240112305,5.411849498748779,5.257503509521484,5.111018180847168,5.002995491027832,4.917998790740967,4.836065292358398,4.766066074371338,4.726761341094971,4.7176432609558105,4.719413757324219,4.713595390319824,4.705014705657959,4.732348442077637,4.834874153137207,4.9910149574279785,5.123322486877441,5.195016860961914,5.260697364807129,5.377180099487305,5.513267993927002,5.613578796386719,5.701566696166992,5.829202651977539,5.963557243347168,6.035636901855469,6.0782294273376465,6.186480522155762,6.346623420715332
8.130996704101562,7.742711544036865,7.711026668548584,7.89725923538208,7.9690141677856445,7.750164031982422,7.387510299682617,7.1453962326049805,7.097072124481201,7.086578845977783,6.962660789489746,6.752666473388672,6.576911449432373,6.467449188232422,6.345601558685303,6.157993793487549,5.960495948791504,5.842406272888184,5.812150001525879,5.798384189605713,5.746217727661133,5.672082424163818,5.622973918914795,5.615471839904785,5.630957126617432,5.651820182800293,5.6821160316467285,5.7336201667785645,5.80325984954834,5.874403953552246,5.943536281585693,6.032209396362305,6.152770519256592,6.2723708152771,6.348276615142822,6.400213241577148,6.495946884155273,6.645315170288086,6.770172595977783,6.8233962059021,6.872744560241699,6.9912872314453125,7.120702743530273
8.48100757598877,8.115317344665527,7.955845355987549,8.012842178344727,8.065311431884766,7.930804252624512,7.651018142700195,7.39806604385376,7.262453556060791,7.191191673278809,7.103995323181152,6.990307331085205,6.871100902557373,6.727644920349121,6.526870250701904,6.300105571746826,6.139828205108643,6.10088586807251,6.136506080627441,6.153550624847412,6.111164569854736,6.041555881500244,5.989734649658203,5.968383312225342,5.975966453552246,6.023820877075195,6.11713981628418,6.221599578857422,6.282109260559082,6.286996841430664,6.293830394744873,6.3669657707214355,6.493748664855957,6.592024326324463,6.614191055297852,6.6139349937438965,6.675590515136719,6.796223163604736,6.892515182495117,6.929474830627441,6.9767374992370605,7.098425388336182,7.243784427642822
8.059392929077148,7.858521938323975,7.615291118621826,7.5308074951171875,7.580677032470703,7.605812072753906,7.495078086853027,7.264801979064941,7.003839015960693,6.788767337799072,6.647399425506592,6.561911106109619,6.485713005065918,6.3774495124816895,6.242751598358154,6.1372199058532715,6.109824180603027,6.144743919372559,6.176339626312256,6.163452625274658,6.129145622253418,6.116546154022217,6.124882698059082,6.114867210388184,6.073437690734863,6.0428786277771,6.068552494049072,6.135292053222656,6.182969570159912,6.185061454772949,6.184893608093262,6.236752510070801,6.328500747680664,6.393213272094727,6.398873329162598,6.394255638122559,6.443382740020752,6.536219596862793,6.601476192474365,6.605998992919922,6.600642681121826,6.6495513916015625,6.74693489074707
6.731101036071777,6.720653533935547,6.513946056365967,6.326544284820557,6.2751922607421875,6.321662425994873,6.356263160705566,6.308926582336426,6.189547061920166,6.050725936889648,5.93040132522583,5.828742980957031,5.730734348297119,5.643442630767822,5.603206634521484,5.638265609741211,5.724611282348633,5.792214393615723,5.788558483123779,5.734444618225098,5.703351020812988,5.739525318145752,5.806343078613281,5.827061653137207,5.772217273712158,5.691768646240234,5.656834602355957,5.683503150939941,5.727468967437744,5.746647834777832,5.748197555541992,5.765497207641602,5.805599212646484,5.841160297393799,5.853832244873047,5.863757133483887,5.901648044586182,5.962697505950928,6.007636547088623,6.009956359863281,5.984910011291504,5.9653778076171875,5.964195251464844
4.942232608795166,5.078860282897949,4.972197532653809,4.717553615570068,4.479445934295654,4.375843524932861,4.429216384887695,4.586963653564453,4.767377853393555,4.895280361175537,4.922810077667236,4.844815731048584,4.707113742828369,4.591641426086426,4.571972370147705,4.662357807159424,4.803574562072754,4.90703010559082,4.9255170822143555,4.887247562408447,4.859798908233643,4.8802337646484375,4.923371315002441,4.9391560554504395,4.914621829986572,4.890181064605713,4.913394927978516,4.984431266784668,5.054569244384766,5.076671600341797,5.049995422363281,5.013111114501953,4.999935626983643,5.010235786437988,5.0203633308410645,5.013206958770752,4.992269515991211,4.972790241241455,4.967360973358154,4.979496002197266,5.002070426940918,5.018100738525391,5.009242057800293
3.3019349575042725,3.5350451469421387,3.5131735801696777,3.2410924434661865,2.8707642555236816,2.596543550491333,2.545243501663208,2.7219767570495605,3.027331590652466,3.3219237327575684,3.4992802143096924,3.5323286056518555,3.4748120307922363,3.4202446937561035,3.4425671100616455,3.554335355758667,3.7086825370788574,3.8410420417785645,3.9165992736816406,3.9459218978881836,3.960697650909424,3.97804594039917,3.9900026321411133,3.9855034351348877,3.9760758876800537,3.9924092292785645,4.05228853225708,4.1344523429870605,4.189332008361816,4.180292129516602,4.11636209487915,4.044800758361816,4.010676383972168,4.02034330368042,4.039546489715576,4.024496078491211,3.957782745361328,3.8616721630096436,3.7815093994140625,3.753418207168579,3.7792813777923584,3.8259501457214355,3.8492870330810547
1.9250224828720093,2.123457670211792,2.1167824268341064,1.8962650299072266,1.5660715103149414,1.281258225440979,1.1635642051696777,1.2462859153747559,1.4742271900177002,1.7487776279449463,1.9852337837219238,2.149116039276123,2.2563509941101074,2.3455541133880615,2.4451348781585693,2.557274580001831,2.665672540664673,2.7561194896698,2.830400228500366,2.9020066261291504,2.9795753955841064,3.0554752349853516,3.1119730472564697,3.1393826007843018,3.14788818359375,3.1597347259521484,3.1876914501190186,3.220407009124756,3.230175495147705,3.197795867919922,3.13254976272583,3.068504571914673,3.0390775203704834,3.050593137741089,3.07641339302063,3.0762574672698975,3.025383949279785,2.931727170944214,2.829256057739258,2.7537121772766113,2.7190020084381104,2.710725784301758,2.699861764907837
0.5784887075424194,0.625826358795166,0.5962077379226685,0.4877139627933502,0.341399222612381,0.2203960418701172,0.17768444120883942,0.23340871930122375,0.3731558322906494,0.563832700252533,0.7731893658638,0.9804501533508301,1.1745927333831787,1.3466187715530396,1.485482931137085,1.5824501514434814,1.639958143234253,1.6761759519577026,1.718711495399475,1.7896746397018433,1.891956090927124,2.0072290897369385,2.1079254150390625,2.175076484680176,2.209049701690674,2.225787878036499,2.2423136234283447,2.2635388374328613,2.2802746295928955,2.2790908813476562,2.2548630237579346,2.215623378753662,2.1764185428619385,2.147932529449463,2.129255533218384,2.110074758529663,2.0796475410461426,2.0348782539367676,1.9814733266830444,1.9282429218292236,1.8798524141311646,1.83419930934906,1.7861254215240479
-0.7439470291137695,-0.7771133184432983,-0.7788823246955872,-0.7551036477088928,-0.7096259593963623,-0.6438115239143372,-0.5584205389022827,-0.45494720339775085,-0.3348430097103119,-0.19839933514595032,-0.045234691351652145,0.12260813266038895,0.29731032252311707,0.46495941281318665,0.6101467609405518,0.7236400842666626,0.8083752989768982,0.8789805769920349,0.9541781544685364,1.0458879470825195,1.1518815755844116,1.2569465637207031,1.3420368432998657,1.3959406614303589,1.421928882598877,1.435260534286499,1.453404188156128,1.4852346181869507,1.5259662866592407,1.560327410697937,1.5715802907943726,1.5505443811416626,1.4998705387115479,1.4321768283843994,1.363886833190918,1.3087337017059326,1.273378610610962,1.2564735412597656,1.2503291368484497,1.2442015409469604,1.228175163269043,1.1965157985687256,1.1496293544769287
