earth/public/data/atmosphere/C53/ANN-temp-isobaric-700hPa-gfs-1.0.json
{"header": {"discipline": 0, "disciplineName": "Meteorological products", "gribEdition": 2, "gribLength": 17922.0, "center": 0, "centerName": "Kiel Climate Model", "subcenter": 0, "refTime": "1", "significanceOfRT": 1, "significanceOfRTName": "Start of forecast", "productStatus": 0, "productStatusName": "Operational products", "productType": 1, "productTypeName": "Forecast products", "productDefinitionTemplate": 0, "productDefinitionTemplateName": "Analysis/forecast at horizontal level/layer at a point in time", "parameterCategory": 2, "parameterCategoryName": "Momentum", "parameterNumber": 2, "parameterNumberName": "U-component_of_wind", "parameterUnit": "K", "genProcessType": 2, "genProcessTypeName": "Forecast", "forecastTime": 0, "surface1Type": 103, "surface1TypeName": "Specified height level above ground", "surface1Value": 10, "surface2Type": 255, "surface2TypeName": "Missing", "surface2Value": 0, "gridDefinitionTemplate": 0, "gridDefinitionTemplateName": "Latitude_Longitude", "numberPoints": 65160, "shape": 6, "shapeName": "Earth spherical with radius of 6,371,229.0 m", "gridUnits": "degrees", "resolution": 48, "winds": "true", "scanMode": 0, "nx": 128.0, "ny": 64.0, "basicAngle": 0, "subDivisions": 0, "lo1": 0.0, "la1": 87.86379883923263, "lo2": 357.1875, "la2": -87.86379883923263, "dx": 2.8125, "dy": 2.7893269472772264}, "data":
[rows 0 to 19 of 64, columns 44 to 87 of 128]
264.53070068359375,264.5255126953125,264.51983642578125,264.513671875,264.507080078125,264.5000915527344,264.49267578125,264.48492431640625,264.4768371582031,264.46844482421875,264.45977783203125,264.4508972167969,264.4418029785156,264.43255615234375,264.42315673828125,264.4136962890625,264.4041442871094,264.3946228027344,264.38507080078125,264.3756103515625,264.3662414550781,264.3570251464844,264.34796142578125,264.3390808105469,264.3304748535156,264.3221435546875,264.3141174316406,264.3064270019531,264.29913330078125,264.292236328125,264.2857360839844,264.27972412109375,264.2741394042969,264.26904296875,264.26446533203125,264.2603759765625,264.25677490234375,264.2536926269531,264.2511291503906,264.2489929199219,264.2474060058594,264.24627685546875,264.2455749511719,264.2453308105469
264.7502136230469,264.7377624511719,264.7240905761719,264.7093505859375,264.69366455078125,264.67706298828125,264.65972900390625,264.6417236328125,264.6231689453125,264.6041564941406,264.5848083496094,264.5651550292969,264.5453186035156,264.5252990722656,264.5052185058594,264.48504638671875,264.46478271484375,264.4444580078125,264.4241027832031,264.4036865234375,264.38323974609375,264.3627624511719,264.34234619140625,264.3220520019531,264.3019104003906,264.2821350097656,264.26275634765625,264.2440185546875,264.22607421875,264.2091064453125,264.1932373046875,264.1786804199219,264.16558837890625,264.1540832519531,264.14422607421875,264.13616943359375,264.1298522949219,264.12530517578125,264.12249755859375,264.121337890625,264.12176513671875,264.1236267089844,264.12677001953125,264.1310119628906
264.95733642578125,264.9335021972656,264.9087219238281,264.8830261230469,264.8564147949219,264.8289489746094,264.80072021484375,264.7718811035156,264.7427062988281,264.71356201171875,264.684814453125,264.65692138671875,264.6302795410156,264.6051025390625,264.58160400390625,264.5596923828125,264.5391540527344,264.5196533203125,264.5006408691406,264.4815368652344,264.4617614746094,264.44073486328125,264.41802978515625,264.3934326171875,264.366943359375,264.3387145996094,264.3092041015625,264.2790222167969,264.2488708496094,264.21954345703125,264.19183349609375,264.16650390625,264.1441345214844,264.125244140625,264.110107421875,264.09893798828125,264.0916442871094,264.08807373046875,264.0879821777344,264.0909729003906,264.0966491699219,264.1044616699219,264.1140441894531,264.12481689453125
265.1974792480469,265.1673889160156,265.1393127441406,265.11175537109375,265.0830078125,265.0513916015625,265.015625,264.9749755859375,264.9296875,264.8807678222656,264.8299560546875,264.77960205078125,264.73211669921875,264.6897277832031,264.654052734375,264.6259765625,264.6054382324219,264.5913391113281,264.581787109375,264.574462890625,264.5666809082031,264.5559997558594,264.540283203125,264.51824951171875,264.4893798828125,264.4541015625,264.4135437011719,264.3695983886719,264.3244323730469,264.28045654296875,264.23980712890625,264.204345703125,264.1753845214844,264.1537170410156,264.13946533203125,264.13232421875,264.13153076171875,264.1361389160156,264.14508056640625,264.15728759765625,264.17181396484375,264.1878967285156,264.2049865722656,264.22259521484375
265.5130310058594,265.49346923828125,265.48431396484375,265.48065185546875,265.4759826660156,265.46380615234375,265.43841552734375,265.3963317871094,265.336669921875,265.2615051269531,265.1753845214844,265.08465576171875,264.99627685546875,264.9168701171875,264.8515930175781,264.8034362792969,264.7730407714844,264.758544921875,264.75604248046875,264.7604064941406,264.765869140625,264.76702880859375,264.7594909667969,264.74041748046875,264.70892333984375,264.6658630371094,264.61376953125,264.5563049316406,264.4976806640625,264.4420166015625,264.39300537109375,264.3531799316406,264.3241271972656,264.30615234375,264.2984924316406,264.2997741699219,264.3079833984375,264.3211364746094,264.3372802734375,264.35498046875,264.373046875,264.3909912109375,264.40863037109375,264.4261779785156
265.9211730957031,265.90704345703125,265.912841796875,265.9302978515625,265.9482421875,265.9552001953125,265.9414367675781,265.90118408203125,265.83355712890625,265.74224853515625,265.6347351074219,265.5205383300781,265.4093933105469,265.3097839355469,265.227783203125,265.1664733886719,265.1258850097656,265.10333251953125,265.0941162109375,265.0921936035156,265.0911865234375,265.0852966308594,265.07000732421875,265.042724609375,265.0030212402344,264.95263671875,264.89483642578125,264.833984375,264.7745361328125,264.7205505371094,264.675048828125,264.639892578125,264.615478515625,264.6013488769531,264.59619140625,264.5983581542969,264.606201171875,264.6182556152344,264.6333923339844,264.65069580078125,264.6694641113281,264.68890380859375,264.70843505859375,264.7273864746094
266.4998474121094,266.46990966796875,266.45452880859375,266.4447937011719,266.4299621582031,266.4008483886719,266.3521423339844,266.2838134765625,266.2003479003906,266.1091003417969,266.01800537109375,265.9332275390625,265.8582763671875,265.7937927246094,265.73846435546875,265.6902160644531,265.64703369140625,265.607421875,265.5700988769531,265.5335693359375,265.4959411621094,265.4551086425781,265.40936279296875,265.3580017089844,265.3018798828125,265.24334716796875,265.185546875,265.13177490234375,265.0845031738281,265.045166015625,265.0139465332031,264.9901428222656,264.9726257324219,264.9602355957031,264.95220947265625,264.94830322265625,264.9490051269531,264.9552307128906,264.96820068359375,264.98858642578125,265.0162353515625,265.0494689941406,265.0854187011719,265.12030029296875
267.24951171875,267.21087646484375,267.1601257324219,267.08953857421875,266.9957275390625,266.8822326660156,266.7591552734375,266.640869140625,266.5415954589844,266.4710998535156,266.43145751953125,266.416748046875,266.4150085449219,266.4123229980469,266.397216796875,266.36376953125,266.31231689453125,266.247802734375,266.1769714355469,266.10498046875,266.033935546875,265.96331787109375,265.8915100097656,265.8180847167969,265.7449035644531,265.67578125,265.6150817871094,265.56585693359375,265.5288391113281,265.50238037109375,265.4834899902344,265.4691162109375,265.45709228515625,265.4464111328125,265.4372253417969,265.4305114746094,265.427734375,265.43096923828125,265.4425354003906,265.4644470214844,265.4974670410156,265.5400695800781,265.58807373046875,265.6354675292969
267.9725646972656,267.9322509765625,267.85333251953125,267.7327880859375,267.5792541503906,267.4122009277344,267.2573547363281,267.139404296875,267.0740966796875,267.0633544921875,267.0947265625,267.1456298828125,267.1908874511719,267.2101745605469,267.1934814453125,267.1423034667969,267.067138671875,266.98211669921875,266.8994140625,266.8246154785156,266.7563781738281,266.68878173828125,266.6159973144531,266.53662109375,266.45465087890625,266.377685546875,266.3129577636719,266.2640380859375,266.2298889160156,266.2061462402344,266.18768310546875,266.1710510253906,266.15509033203125,266.14080810546875,266.1297607421875,266.1231689453125,266.12139892578125,266.1245422363281,266.1334533691406,266.150146484375,266.1768798828125,266.2141418457031,266.25897216796875,266.3051452636719
268.5365295410156,268.4543762207031,268.34039306640625,268.20013427734375,268.0488586425781,267.910400390625,267.8118591308594,267.77435302734375,267.80340576171875,267.8844299316406,267.9869384765625,268.07574462890625,268.1238708496094,268.12060546875,268.0717468261719,267.99383544921875,267.9061279296875,267.8238525390625,267.7548828125,267.69842529296875,267.6470947265625,267.59136962890625,267.52484130859375,267.44830322265625,267.3690185546875,267.2967529296875,267.2380065917969,267.1932678222656,267.1582336425781,267.1273498535156,267.0970458984375,267.06658935546875,267.0377197265625,267.0130615234375,266.9952392578125,266.9857177734375,266.9841613769531,266.9884033203125,266.99664306640625,267.0096130371094,267.0309753417969,267.0643005371094,267.1090087890625,267.1585998535156
269.0609130859375,268.9295349121094,268.816162109375,268.7218322753906,268.64300537109375,268.58331298828125,268.55902099609375,268.591064453125,268.6877746582031,268.8316650390625,268.9825744628906,269.09619140625,269.14599609375,269.133544921875,269.0812072753906,269.0157775878906,268.95477294921875,268.9032287597656,268.8583984375,268.81536865234375,268.7692565917969,268.716064453125,268.6543884277344,268.58740234375,268.5221252441406,268.464599609375,268.4154968261719,268.3700866699219,268.32318115234375,268.27423095703125,268.22735595703125,268.1869201660156,268.1537780761719,268.1260070800781,268.1029357910156,268.08709716796875,268.0813903808594,268.0851135253906,268.09381103515625,268.104248046875,268.11907958984375,268.1452941894531,268.18682861328125,268.23846435546875
269.7388916015625,269.6556701660156,269.64837646484375,269.68548583984375,269.71563720703125,269.7066650390625,269.6721496582031,269.66241455078125,269.725341796875,269.86798095703125,270.04852294921875,270.2044372558594,270.2930603027344,270.3135986328125,270.29638671875,270.27392578125,270.25921630859375,270.2463073730469,270.2255554199219,270.1947021484375,270.1575012207031,270.1163330078125,270.07000732421875,270.0179748535156,269.96368408203125,269.9111633300781,269.8592834472656,269.8021240234375,269.73699951171875,269.670654296875,269.6156005859375,269.5790710449219,269.5557861328125,269.5335693359375,269.5060119628906,269.47894287109375,269.4637451171875,269.4646911621094,269.47442626953125,269.48236083984375,269.48614501953125,269.4944152832031,269.5171813964844,269.55426025390625
270.689697265625,270.7252197265625,270.848876953125,270.9975280761719,271.0833740234375,271.0563049316406,270.9458312988281,270.8458251953125,270.85107421875,270.9931335449219,271.2232666015625,271.45147705078125,271.608154296875,271.68145751953125,271.7065734863281,271.7242736816406,271.7487487792969,271.76904296875,271.77288818359375,271.7621154785156,271.74591064453125,271.72607421875,271.6948547363281,271.646240234375,271.5850524902344,271.5220947265625,271.46246337890625,271.4017333984375,271.3349609375,271.2668151855469,271.21044921875,271.174072265625,271.15087890625,271.125,271.0884704589844,271.05010986328125,271.0264587402344,271.0242919921875,271.0347595214844,271.0432434082031,271.0441589355469,271.0443420410156,271.0540466308594,271.0755615234375
271.9088134765625,271.9764099121094,272.09625244140625,272.2161865234375,272.26373291015625,272.2069091796875,272.0924377441406,272.0223388671875,272.0853271484375,272.29815673828125,272.5986022949219,272.8895263671875,273.0990905761719,273.21697998046875,273.2830505371094,273.34222412109375,273.4073791503906,273.4621276855469,273.4914855957031,273.49945068359375,273.49737548828125,273.48577880859375,273.4551086425781,273.4011535644531,273.3331298828125,273.2657165527344,273.2065124511719,273.15167236328125,273.09246826171875,273.0262756347656,272.96099853515625,272.9074401855469,272.8674621582031,272.8328552246094,272.79693603515625,272.7635192871094,272.74127197265625,272.732177734375,272.7300720214844,272.72918701171875,272.72943115234375,272.7334899902344,272.741455078125,272.7505187988281
273.274169921875,273.25360107421875,273.2599182128906,273.2774963378906,273.2751770019531,273.2508850097656,273.25396728515625,273.3515930175781,273.57135009765625,273.8798828125,274.2096252441406,274.4975280761719,274.7091369628906,274.8489685058594,274.9527893066406,275.055419921875,275.1593017578125,275.24090576171875,275.2856140136719,275.3023376464844,275.3035888671875,275.28851318359375,275.2530212402344,275.2032165527344,275.1485595703125,275.0904846191406,275.0271911621094,274.96136474609375,274.895751953125,274.8278503417969,274.7574768066406,274.6937561035156,274.6464538574219,274.61480712890625,274.5914001464844,274.5720520019531,274.5550231933594,274.5359802246094,274.51324462890625,274.49420166015625,274.487060546875,274.4881591796875,274.4853515625,274.4726257324219
274.7807922363281,274.6768798828125,274.6112976074219,274.5885925292969,274.5948486328125,274.63330078125,274.7477722167969,274.97833251953125,275.29962158203125,275.63409423828125,275.9227294921875,276.1552734375,276.3404846191406,276.4860534667969,276.6099548339844,276.73321533203125,276.84991455078125,276.93255615234375,276.9738464355469,276.9943542480469,277.0037536621094,276.9878234863281,276.9438171386719,276.8950500488281,276.8542785644531,276.8025817871094,276.7244873046875,276.6382141113281,276.5693664550781,276.5157775878906,276.4613037109375,276.40716552734375,276.3658447265625,276.33709716796875,276.3113708496094,276.2878723144531,276.2698059082031,276.251220703125,276.2267761230469,276.20526123046875,276.1954040527344,276.1868896484375,276.1636962890625,276.1290588378906
276.5935363769531,276.4667053222656,276.3820495605469,276.3662109375,276.4013366699219,276.46258544921875,276.5821533203125,276.80694580078125,277.10504150390625,277.3842468261719,277.6011047363281,277.7868347167969,277.96551513671875,278.1194152832031,278.2432556152344,278.3612060546875,278.47216796875,278.5422668457031,278.56805419921875,278.58697509765625,278.6080322265625,278.5943298339844,278.5347595214844,278.4714660644531,278.4300842285156,278.3799133300781,278.29656982421875,278.21142578125,278.1607666015625,278.1290283203125,278.0837097167969,278.0301818847656,277.99078369140625,277.95965576171875,277.9203186035156,277.8828125,277.8648986816406,277.8565673828125,277.83843994140625,277.81536865234375,277.7988586425781,277.7766418457031,277.7330627441406,277.682861328125
278.6805419921875,278.5299072265625,278.3969421386719,278.3568420410156,278.3940734863281,278.4429626464844,278.5127258300781,278.6667785644531,278.8908386230469,279.0941467285156,279.2476501464844,279.4095153808594,279.598876953125,279.7577819824219,279.8615417480469,279.95623779296875,280.05712890625,280.1159362792969,280.1186218261719,280.1164855957031,280.1297912597656,280.1123962402344,280.0445556640625,279.97454833984375,279.9337463378906,279.88824462890625,279.8132019042969,279.7436828613281,279.708251953125,279.6751403808594,279.61297607421875,279.5494384765625,279.5180969238281,279.4980163574219,279.4591979980469,279.4203186035156,279.407470703125,279.3984375,279.3617858886719,279.3115539550781,279.2738037109375,279.2366027832031,279.1794128417969,279.1169128417969
280.7641296386719,280.55841064453125,280.3630676269531,280.277587890625,280.2906188964844,280.3164978027344,280.345458984375,280.4478454589844,280.62554931640625,280.7885437011719,280.906494140625,281.04681396484375,281.2258605957031,281.3631286621094,281.4248962402344,281.47509765625,281.54412841796875,281.5779724121094,281.551513671875,281.5140686035156,281.49383544921875,281.45849609375,281.3934020996094,281.3322448730469,281.29071044921875,281.2410583496094,281.1723937988281,281.1145324707031,281.0793151855469,281.0347900390625,280.96728515625,280.914794921875,280.9002685546875,280.8866271972656,280.8435974121094,280.8011169433594,280.7850036621094,280.7611083984375,280.69854736328125,280.626953125,280.57843017578125,280.5340881347656,280.4723815917969,280.4096374511719
282.6917724609375,282.4237976074219,282.1985778808594,282.07769775390625,282.05340576171875,282.0580749511719,282.07049560546875,282.14825439453125,282.307373046875,282.467529296875,282.5802917480469,282.6925964355469,282.82330322265625,282.9102783203125,282.9297790527344,282.93511962890625,282.9479064941406,282.9328308105469,282.88323974609375,282.8285217285156,282.77386474609375,282.7088623046875,282.6435546875,282.58642578125,282.525634765625,282.45751953125,282.3976745605469,282.35443115234375,282.3174133300781,282.2742614746094,282.2285461425781,282.1956481933594,282.17333984375,282.1348571777344,282.0737609863281,282.0238342285156,281.99908447265625,281.9634094238281,281.8986511230469,281.8377685546875,281.7946472167969,281.7388610839844,281.6663818359375,281.6109313964844
