earth/public/data/atmosphere/C53/ANN-wind-isobaric-10hPa-gfs-1.0.json
{"header": {"discipline": 0, "disciplineName": "Meteorological products", "gribEdition": 2, "gribLength": 17922.0, "center": 0, "centerName": "Kiel Climate Model", "subcenter": 0, "refTime": "1", "significanceOfRT": 1, "significanceOfRTName": "Start of forecast", "productStatus": 0, "productStatusName": "Operational products", "productType": 1, "productTypeName": "Forecast products", "productDefinitionTemplate": 0, "productDefinitionTemplateName": "Analysis/forecast at horizontal level/layer at a point in time", "parameterCategory": 2, "parameterCategoryName": "Momentum", "parameterNumber": 2, "parameterNumberName": "U-component_of_wind", "parameterUnit": "m/s", "genProcessType": 2, "genProcessTypeName": "Forecast", "forecastTime": 0, "surface1Type": 103, "surface1TypeName": "Specified height level above ground", "surface1Value": 10, "surface2Type": 255, "surface2TypeName": "Missing", "surface2Value": 0, "gridDefinitionTemplate": 0, "gridDefinitionTemplateName": "Latitude_Longitude", "numberPoints": 65160, "shape": 6, "shapeName": "Earth spherical with radius of 6,371,229.0 m", "gridUnits": "degrees", "resolution": 48, "winds": "true", "scanMode": 0, "nx": 128.0, "ny": 64.0, "basicAngle": 0, "subDivisions": 0, "lo1": 0.0, "la1": 87.86379883923263, "lo2": 357.1875, "la2": -87.86379883923263, "dx": 2.8125, "dy": 2.7893269472772264}, "data":
[rows 38 to 56 of 64, columns 43 to 85 of 128]
5.483560085296631,5.419173240661621,5.353274822235107,5.281886577606201,5.2025017738342285,5.114962577819824,5.020022392272949,4.921716690063477,4.826461315155029,4.738924980163574,4.662299156188965,4.598822116851807,4.548428058624268,4.511975288391113,4.492212772369385,4.486912250518799,4.489704132080078,4.498242378234863,4.511068344116211,4.523416042327881,4.53436279296875,4.549370765686035,4.572103023529053,4.6031012535095215,4.642955303192139,4.689245223999023,4.737330913543701,4.7865214347839355,4.838550090789795,4.891546726226807,4.942015171051025,4.988150596618652,5.027057647705078,5.0550737380981445,5.073195934295654,5.0864787101745605,5.09706449508667,5.103213310241699,5.102659702301025,5.092940330505371,5.069918155670166,5.030412673950195,4.972875118255615
7.847801208496094,7.790103912353516,7.727331161499023,7.657197952270508,7.578102111816406,7.489264011383057,7.392098903656006,7.290911674499512,7.190764427185059,7.095682144165039,7.009555339813232,6.935450553894043,6.8735785484313965,6.825329303741455,6.793763160705566,6.777887344360352,6.77348518371582,6.778509140014648,6.792181491851807,6.811674118041992,6.835530757904053,6.865098476409912,6.901649475097656,6.946875095367432,7.001667499542236,7.062365531921387,7.125082015991211,7.191628456115723,7.263619422912598,7.33711576461792,7.408761978149414,7.47873067855835,7.543825626373291,7.5988383293151855,7.644896984100342,7.686683177947998,7.724494457244873,7.755952835083008,7.779977321624756,7.794414043426514,7.794337749481201,7.776528358459473,7.739776134490967
10.556465148925781,10.502557754516602,10.44042682647705,10.370089530944824,10.291184425354004,10.203143119812012,10.107163429260254,10.006172180175781,9.90322208404541,9.802145957946777,9.708054542541504,9.624368667602539,9.551501274108887,9.490811347961426,9.445768356323242,9.41771125793457,9.404617309570312,9.40466594696045,9.41629695892334,9.437630653381348,9.467508316040039,9.50533390045166,9.551043510437012,9.606108665466309,9.671365737915039,9.74343490600586,9.81956958770752,9.901679039001465,9.990285873413086,10.081745147705078,10.174095153808594,10.26748275756836,10.357996940612793,10.440522193908691,10.515783309936523,10.58660888671875,10.651968955993652,10.710429191589355,10.761847496032715,10.80310344696045,10.828964233398438,10.83725643157959,10.827635765075684
13.663333892822266,13.608089447021484,13.543047904968262,13.46989917755127,13.388996124267578,13.300385475158691,13.205204963684082,13.104576110839844,12.999533653259277,12.893465042114258,12.79222583770752,12.699933052062988,12.617502212524414,12.546280860900879,12.489137649536133,12.447818756103516,12.422804832458496,12.413887023925781,12.419641494750977,12.437812805175781,12.46702766418457,12.506429672241211,12.5552978515625,12.614385604858398,12.684551239013672,12.764470100402832,12.852225303649902,12.947561264038086,13.04968547821045,13.156947135925293,13.268771171569824,13.383989334106445,13.498091697692871,13.607051849365234,13.710872650146484,13.809600830078125,13.901872634887695,13.987719535827637,14.066890716552734,14.135346412658691,14.188581466674805,14.226146697998047,14.24767780303955
17.204870223999023,17.14339828491211,17.071369171142578,16.990970611572266,16.9033203125,16.80929946899414,16.710397720336914,16.606849670410156,16.498279571533203,16.387367248535156,16.279401779174805,16.17827033996582,16.085832595825195,16.004154205322266,15.935148239135742,15.879951477050781,15.840296745300293,15.818321228027344,15.813834190368652,15.823968887329102,15.846510887145996,15.88074779510498,15.92624568939209,15.983113288879395,16.052547454833984,16.135005950927734,16.229169845581055,16.332897186279297,16.444782257080078,16.564836502075195,16.69273567199707,16.825763702392578,16.959714889526367,17.092037200927734,17.221351623535156,17.345346450805664,17.462682723999023,17.57438850402832,17.679794311523438,17.774450302124023,17.855518341064453,17.92351531982422,17.97736930847168
21.167583465576172,21.094051361083984,21.009632110595703,20.916641235351562,20.81681251525879,20.711820602416992,20.603271484375,20.49102783203125,20.374832153320312,20.2568359375,20.14093780517578,20.029804229736328,19.925451278686523,19.83078956604004,19.747974395751953,19.677770614624023,19.622116088867188,19.584321975708008,19.565256118774414,19.56207847595215,19.572343826293945,19.595746994018555,19.63228988647461,19.681791305541992,19.745147705078125,19.823654174804688,19.91667366027832,20.021942138671875,20.138195037841797,20.26565170288086,20.40327262878418,20.547874450683594,20.6961669921875,20.84637451171875,20.99553680419922,21.139925003051758,21.278289794921875,21.412031173706055,21.540090560913086,21.65860939025879,21.76590347290039,21.862682342529297,21.947181701660156
25.462909698486328,25.371767044067383,25.27056121826172,25.161109924316406,25.045204162597656,24.924779891967773,24.801265716552734,24.674673080444336,24.54513931274414,24.41482162475586,24.286802291870117,24.162921905517578,24.044918060302734,23.935583114624023,23.837146759033203,23.750410079956055,23.677255630493164,23.621017456054688,23.58308982849121,23.56178855895996,23.55518913269043,23.563302993774414,23.58623504638672,23.62353515625,23.67572784423828,23.74440574645996,23.82969093322754,23.93001365661621,24.044057846069336,24.171422958374023,24.31058692932129,24.459056854248047,24.614595413208008,24.774959564208984,24.936113357543945,25.093854904174805,25.247106552124023,25.396879196166992,25.541990280151367,25.679546356201172,25.80870246887207,25.929807662963867,26.041004180908203
29.922264099121094,29.81036376953125,29.690439224243164,29.562883377075195,29.428632736206055,29.28962516784668,29.14774513244629,29.003620147705078,28.857295989990234,28.710342407226562,28.565645217895508,28.42572593688965,28.292522430419922,28.167909622192383,28.053022384643555,27.948505401611328,27.85628890991211,27.779537200927734,27.720111846923828,27.677560806274414,27.650941848754883,27.640066146850586,27.64491081237793,27.665180206298828,27.701587677001953,27.755889892578125,27.828567504882812,27.918272018432617,28.02330207824707,28.142681121826172,28.275440216064453,28.41994857788086,28.5743408203125,28.735794067382812,28.90003204345703,29.063152313232422,29.22382164001465,29.38209342956543,29.53682518005371,29.686357498168945,29.830432891845703,29.969093322753906,30.100709915161133
34.31056594848633,34.17627716064453,34.03617858886719,33.889366149902344,33.73574447631836,33.57720947265625,33.41667556762695,33.255489349365234,33.093318939208984,32.93040084838867,32.76899719238281,32.612430572509766,32.46322250366211,32.32265853881836,32.190975189208984,32.068729400634766,31.957792282104492,31.861007690429688,31.780315399169922,31.715930938720703,31.667627334594727,31.63532257080078,31.618999481201172,31.618850708007812,31.636014938354492,31.672088623046875,31.727380752563477,31.800504684448242,31.889907836914062,31.994781494140625,32.114501953125,32.247772216796875,32.39262008666992,32.54618453979492,32.70497512817383,32.865657806396484,33.02600860595703,33.18482208251953,33.341102600097656,33.49449920654297,33.645172119140625,33.79291915893555,33.93655014038086
38.346065521240234,38.18928146362305,38.02796173095703,37.86153793334961,37.68955612182617,37.51364517211914,37.33687210083008,37.16128921508789,36.9866943359375,36.81251907348633,36.639705657958984,36.470909118652344,36.30860900878906,36.15412902832031,36.008060455322266,35.871192932128906,35.74525833129883,35.632076263427734,35.532928466796875,35.448455810546875,35.37923049926758,35.3257942199707,35.288414001464844,35.26747131347656,35.263919830322266,35.27878952026367,35.31229019165039,35.3636474609375,35.43207931518555,35.51729202270508,35.61839294433594,35.73380661010742,35.86149215698242,35.999385833740234,36.14528274536133,36.296180725097656,36.448814392089844,36.60076141357422,36.75126266479492,36.9008674621582,37.04990005493164,37.19810104370117,37.344749450683594
41.72462463378906,41.54930877685547,41.36977005004883,41.1865119934082,40.9998664855957,40.811058044433594,40.62262725830078,40.43682098388672,40.254493713378906,40.07522964477539,39.8989143371582,39.726322174072266,39.55891799926758,39.39822006225586,39.24553298950195,39.101890563964844,38.968265533447266,38.84529113769531,38.73362731933594,38.634376525878906,38.548988342285156,38.478633880615234,38.423824310302734,38.3846549987793,38.36148452758789,38.3549690246582,38.36540222167969,38.392921447753906,38.4376106262207,38.499305725097656,38.577003479003906,38.66889953613281,38.773311614990234,38.88933181762695,39.015625,39.14958953857422,39.287349700927734,39.42589569091797,39.564388275146484,39.703521728515625,39.843841552734375,39.98500061035156,40.126617431640625
44.156028747558594,43.9699592590332,43.78007125854492,43.58741760253906,43.393096923828125,43.19855499267578,43.006160736083984,42.81824493408203,42.63632583618164,42.46036911010742,42.2895393371582,42.12331008911133,41.96209716796875,41.80718231201172,41.65994644165039,41.52113723754883,41.390655517578125,41.26834487915039,41.15456008911133,41.05084228515625,40.95890808105469,40.88011932373047,40.81473922729492,40.76277542114258,40.724403381347656,40.70020294189453,40.69071960449219,40.696407318115234,40.717567443847656,40.75423812866211,40.80568313598633,40.87058639526367,40.94799041748047,41.037418365478516,41.138179779052734,41.24808883666992,41.36376953125,41.48237991333008,41.60281753540039,41.72542190551758,41.85059356689453,41.978084564208984,42.107505798339844
45.40919494628906,45.221622467041016,45.03193283081055,44.84084701538086,44.649932861328125,44.461334228515625,44.27741622924805,44.10042190551758,43.931541442871094,43.770503997802734,43.616302490234375,43.46798324584961,43.32566452026367,43.190155029296875,43.0621452331543,42.941558837890625,42.827571868896484,42.71958541870117,42.61793518066406,42.523868560791016,42.438682556152344,42.36309051513672,42.29716491699219,42.2411003112793,42.195411682128906,42.16083526611328,42.1378173828125,42.126609802246094,42.12754440307617,42.14086151123047,42.166534423828125,42.204097747802734,42.25303649902344,42.31296920776367,42.383365631103516,42.46297073364258,42.54982376098633,42.641902923583984,42.73789978027344,42.83745193481445,42.940528869628906,43.0468864440918,43.15628433227539
45.35231018066406,45.17324447631836,44.995704650878906,44.81989669799805,44.64735412597656,44.48030090332031,44.320899963378906,44.1705207824707,44.0295524597168,43.89747619628906,43.77333450317383,43.65650177001953,43.547019958496094,43.44511032104492,43.350406646728516,43.261966705322266,43.17850112915039,43.09928512573242,43.02437973022461,42.95431900024414,42.889530181884766,42.82986831665039,42.77537155151367,42.726341247558594,42.6836051940918,42.647865295410156,42.61934280395508,42.59812545776367,42.58439636230469,42.578887939453125,42.58213806152344,42.594425201416016,42.61543655395508,42.64487838745117,42.68252182006836,42.72813034057617,42.78123092651367,42.84088897705078,42.90591049194336,42.9753532409668,43.048587799072266,43.12540054321289,43.205562591552734
43.976314544677734,43.81760025024414,43.665374755859375,43.51974868774414,43.38178634643555,43.252925872802734,43.13434982299805,43.0263671875,42.92863464355469,42.84041976928711,42.76103591918945,42.6901741027832,42.6275749206543,42.57265853881836,42.52421569824219,42.48066329956055,42.440521240234375,42.40279769897461,42.36709213256836,42.33316421508789,42.300479888916016,42.268497467041016,42.23689651489258,42.20602035522461,42.176536560058594,42.14891052246094,42.12325668334961,42.099552154541016,42.078128814697266,42.059852600097656,42.04571533203125,42.03634262084961,42.03184127807617,42.03219985961914,42.03757095336914,42.04852294921875,42.065528869628906,42.08857727050781,42.116886138916016,42.149505615234375,42.185646057128906,42.22494125366211,42.267372131347656
41.39650344848633,41.271278381347656,41.15775680541992,41.05604934692383,40.9666748046875,40.890037536621094,40.82618713378906,40.77445602416992,40.73385238647461,40.703426361083984,40.68234634399414,40.66998291015625,40.66554641723633,40.66794204711914,40.675498962402344,40.68642807006836,40.69916534423828,40.7124137878418,40.72514343261719,40.73627853393555,40.744712829589844,40.7494010925293,40.74979782104492,40.74592208862305,40.73811340332031,40.7265739440918,40.711334228515625,40.692447662353516,40.67033767700195,40.64582443237305,40.62004470825195,40.59384536743164,40.5678825378418,40.542537689208984,40.51838684082031,40.496337890625,40.47731399536133,40.46188735961914,40.449974060058594,40.44126510620117,40.435237884521484,40.43170928955078,40.4309196472168
37.83036804199219,37.750675201416016,37.68707275390625,37.6396484375,37.608367919921875,37.592987060546875,37.59273147583008,37.6063346862793,37.63227081298828,37.668914794921875,37.714866638183594,37.76879119873047,37.829254150390625,37.894840240478516,37.96376037597656,38.03437042236328,38.104957580566406,38.173919677734375,38.23963165283203,38.300418853759766,38.35470962524414,38.40116500854492,38.43888854980469,38.46753692626953,38.487037658691406,38.497371673583984,38.498477935791016,38.49049377441406,38.47373580932617,38.44903564453125,38.41740798950195,38.379947662353516,38.33759689331055,38.291221618652344,38.24176025390625,38.190216064453125,38.1378288269043,38.08550262451172,38.0339241027832,37.98342514038086,37.93428421020508,37.88673782348633,37.84117126464844
33.5595703125,33.53355407714844,33.52676010131836,33.53901672363281,33.56996536254883,33.6188850402832,33.68461227416992,33.76556396484375,33.85977554321289,33.96514892578125,34.07954788208008,34.200931549072266,34.32736587524414,34.456966400146484,34.587955474853516,34.71842575073242,34.84660339355469,34.97056579589844,35.08839416503906,35.1981315612793,35.29798889160156,35.38645553588867,35.46243667602539,35.52522659301758,35.574371337890625,35.609561920166016,35.63064956665039,35.63763427734375,35.63084411621094,35.610965728759766,35.578914642333984,35.5358772277832,35.4830207824707,35.42155075073242,35.35268783569336,35.27767562866211,35.1977653503418,35.11418151855469,35.02808380126953,34.94038391113281,34.851898193359375,34.76338577270508,34.6755256652832
28.8893985748291,28.919206619262695,28.970121383666992,29.04173469543457,29.133167266845703,29.24342155456543,29.371084213256836,29.514341354370117,29.671098709106445,29.838947296142578,30.01551055908203,30.19826316833496,30.384899139404297,30.573156356811523,30.760820388793945,30.945777893066406,31.125980377197266,31.29930305480957,31.46373176574707,31.617307662963867,31.758190155029297,31.88491439819336,31.996177673339844,32.09108352661133,32.16885757446289,32.228965759277344,32.27117156982422,32.29530715942383,32.301631927490234,32.29071044921875,32.2634391784668,32.22091293334961,32.164405822753906,32.09526062011719,32.01481628417969,31.924457550048828,31.825532913208008,31.719385147094727,31.607358932495117,31.490699768066406,31.370620727539062,31.24821662902832,31.124534606933594
