earth/public/data/atmosphere/C53/ANN-temp-isobaric-100hPa-gfs-1.0.json
{"header": {"discipline": 0, "disciplineName": "Meteorological products", "gribEdition": 2, "gribLength": 17922.0, "center": 0, "centerName": "Kiel Climate Model", "subcenter": 0, "refTime": "1", "significanceOfRT": 1, "significanceOfRTName": "Start of forecast", "productStatus": 0, "productStatusName": "Operational products", "productType": 1, "productTypeName": "Forecast products", "productDefinitionTemplate": 0, "productDefinitionTemplateName": "Analysis/forecast at horizontal level/layer at a point in time", "parameterCategory": 2, "parameterCategoryName": "Momentum", "parameterNumber": 2, "parameterNumberName": "U-component_of_wind", "parameterUnit": "K", "genProcessType": 2, "genProcessTypeName": "Forecast", "forecastTime": 0, "surface1Type": 103, "surface1TypeName": "Specified height level above ground", "surface1Value": 10, "surface2Type": 255, "surface2TypeName": "Missing", "surface2Value": 0, "gridDefinitionTemplate": 0, "gridDefinitionTemplateName": "Latitude_Longitude", "numberPoints": 65160, "shape": 6, "shapeName": "Earth spherical with radius of 6,371,229.0 m", "gridUnits": "degrees", "resolution": 48, "winds": "true", "scanMode": 0, "nx": 128.0, "ny": 64.0, "basicAngle": 0, "subDivisions": 0, "lo1": 0.0, "la1": 87.86379883923263, "lo2": 357.1875, "la2": -87.86379883923263, "dx": 2.8125, "dy": 2.7893269472772264}, "data":
[rows 0 to 18 of 64, columns 0 to 43 of 128]
202.4806365966797,202.4778289794922,202.47511291503906,202.47250366210938,202.47000122070312,202.4676055908203,202.46531677246094,202.46311950683594,202.46102905273438,202.45904541015625,202.45716857910156,202.4553680419922,202.4536895751953,202.4521026611328,202.4506072998047,202.44921875,202.4479217529297,202.4467010498047,202.44558715820312,202.44454956054688,202.44363403320312,202.44277954101562,202.44204711914062,202.44142150878906,202.4408721923828,202.4404296875,202.44009399414062,202.43988037109375,202.4397735595703,202.43978881835938,202.43991088867188,202.44017028808594,202.4405517578125,202.44107055664062,202.44174194335938,202.4425506591797,202.44351196289062,202.44459533691406,202.4458770751953,202.44729614257812,202.4488525390625,202.45062255859375,202.45252990722656,202.45458984375
202.66851806640625,202.6636962890625,202.6592254638672,202.6551055908203,202.6512908935547,202.64781188964844,202.64459228515625,202.64163208007812,202.638916015625,202.63641357421875,202.63409423828125,202.63194274902344,202.62989807128906,202.62796020507812,202.6260986328125,202.62428283691406,202.6225128173828,202.62075805664062,202.61900329589844,202.61724853515625,202.61549377441406,202.6137237548828,202.6119384765625,202.6101837158203,202.60841369628906,202.60667419433594,202.60496520996094,202.6033172607422,202.6017303466797,202.60025024414062,202.59890747070312,202.59767150878906,202.5966339111328,202.59579467773438,202.59518432617188,202.5948486328125,202.59478759765625,202.59507751464844,202.59573364257812,202.5967559814453,202.5982208251953,202.60012817382812,202.6025390625,202.60543823242188
202.91763305664062,202.91177368164062,202.90658569335938,202.9020538330078,202.89813232421875,202.894775390625,202.8919677734375,202.8896026611328,202.8876495361328,202.88600158691406,202.88458251953125,202.88331604003906,202.88214111328125,202.8809814453125,202.8797607421875,202.87844848632812,202.876953125,202.87530517578125,202.8734588623047,202.8713836669922,202.86907958984375,202.86654663085938,202.86378479003906,202.86080932617188,202.85763549804688,202.85426330566406,202.85072326660156,202.84701538085938,202.84320068359375,202.8393096923828,202.8353729248047,202.83145141601562,202.82757568359375,202.82383728027344,202.82029724121094,202.8170166015625,202.81411743164062,202.8116455078125,202.80975341796875,202.8084716796875,202.8079833984375,202.80831909179688,202.80960083007812,202.8119354248047
203.2174835205078,203.2119598388672,203.20730590820312,203.20350646972656,203.20054626464844,203.19833374023438,203.1968231201172,203.1959228515625,203.19554138183594,203.19549560546875,203.19569396972656,203.19595336914062,203.19615173339844,203.19618225097656,203.1959228515625,203.1953125,203.19432067871094,203.19288635253906,203.19102478027344,203.188720703125,203.1859588623047,203.18272399902344,203.17898559570312,203.1747283935547,203.169921875,203.16453552246094,203.1585693359375,203.15203857421875,203.1449432373047,203.13739013671875,203.12940979003906,203.1211395263672,203.11264038085938,203.10411071777344,203.09564208984375,203.0874481201172,203.0796661376953,203.07252502441406,203.0662078857422,203.0609588623047,203.0570068359375,203.05459594726562,203.05392456054688,203.0552215576172
203.62393188476562,203.62078857421875,203.61846923828125,203.6169891357422,203.61636352539062,203.61659240722656,203.61766052246094,203.61947631835938,203.62191772460938,203.62477111816406,203.6278076171875,203.6307373046875,203.63330078125,203.63526916503906,203.636474609375,203.63681030273438,203.63626098632812,203.6348114013672,203.6325225830078,203.62940979003906,203.62542724609375,203.62054443359375,203.6146697998047,203.60768127441406,203.59947204589844,203.58999633789062,203.57923889160156,203.56723022460938,203.55406188964844,203.53993225097656,203.5250244140625,203.5095977783203,203.49392700195312,203.47830200195312,203.4630126953125,203.44834899902344,203.4346160888672,203.42205810546875,203.41099548339844,203.40170288085938,203.39450073242188,203.3897705078125,203.3878631591797,203.38909912109375
204.1461181640625,204.14691162109375,204.14854431152344,204.15106201171875,204.15452575683594,204.158935546875,204.16429138183594,204.17050170898438,204.1774444580078,204.18479919433594,204.19224548339844,204.1992645263672,204.20542907714844,204.2102508544922,204.21340942382812,204.21475219726562,204.21426391601562,204.21206665039062,204.20831298828125,204.20309448242188,204.1964111328125,204.18814086914062,204.17807006835938,204.1659698486328,204.15174865722656,204.13534545898438,204.11692810058594,204.0966796875,204.0749053955078,204.05194091796875,204.02816772460938,204.0039825439453,203.9798583984375,203.95631408691406,203.9339141845703,203.91314697265625,203.89447021484375,203.87818908691406,203.86456298828125,203.85369873046875,203.84579467773438,203.841064453125,203.83978271484375,203.84239196777344
204.7694549560547,204.77589416503906,204.78358459472656,204.79257202148438,204.80264282226562,204.81356811523438,204.82505798339844,204.83692932128906,204.8489990234375,204.861083984375,204.87289428710938,204.8839111328125,204.89346313476562,204.9008331298828,204.9054412841797,204.90701293945312,204.90567016601562,204.9017791748047,204.89578247070312,204.887939453125,204.87823486328125,204.8662567138672,204.8515167236328,204.83355712890625,204.81222534179688,204.78765869140625,204.76034545898438,204.7308349609375,204.69967651367188,204.66734313964844,204.6342010498047,204.60073852539062,204.56752014160156,204.53536987304688,204.50523376464844,204.4780731201172,204.45472717285156,204.4356689453125,204.4210968017578,204.4108123779297,204.40457153320312,204.402099609375,204.4032745361328,204.40826416015625
205.5074462890625,205.5211181640625,205.53631591796875,205.55303955078125,205.5709228515625,205.5893096923828,205.6074981689453,205.62496948242188,205.6415252685547,205.65721130371094,205.6719970703125,205.68556213378906,205.6971893310547,205.7059326171875,205.71092224121094,205.7117156982422,205.70863342285156,205.70248413085938,205.6942138671875,205.68435668945312,205.6727752685547,205.65859985351562,205.64064025878906,205.61790466308594,205.58995056152344,205.55706787109375,205.5200653076172,205.47998046875,205.43775939941406,205.39413452148438,205.34970092773438,205.30514526367188,205.26132202148438,205.2194061279297,205.18075561523438,205.14671325683594,205.11831665039062,205.09619140625,205.08041381835938,205.07061767578125,205.0662078857422,205.06651306152344,205.0709686279297,205.0792236328125
206.3632354736328,206.38418579101562,206.40557861328125,206.42787170410156,206.451171875,206.47494506835938,206.49832153320312,206.5203857421875,206.5405731201172,206.55868530273438,206.57485961914062,206.589111328125,206.60110473632812,206.6099853515625,206.61483764648438,206.61508178710938,206.61099243164062,206.60353088378906,206.5939178466797,206.5828094482422,206.56997680664062,206.55413818359375,206.53358459472656,206.5068359375,206.47312927246094,206.43251037597656,206.38577270507812,206.33404541015625,206.27871704101562,206.2212677001953,206.1632537841797,206.1063232421875,206.05209350585938,206.00204467773438,205.95745849609375,205.91928100585938,205.88809204101562,205.86410522460938,205.84718322753906,205.83697509765625,205.83302307128906,205.8346710205078,205.84127807617188,205.85215759277344
207.29995727539062,207.32833862304688,207.3550262451172,207.38099670410156,207.40707397460938,207.433349609375,207.4591522216797,207.4832763671875,207.50453186035156,207.52215576171875,207.53619384765625,207.54730224609375,207.5562744140625,207.5634765625,207.56866455078125,207.5712127685547,207.57058715820312,207.56674194335938,207.5599365234375,207.55026245117188,207.53717041015625,207.5196075439453,207.49627685546875,207.46617126464844,207.42869567871094,207.38352966308594,207.33058166503906,207.27035522460938,207.2042694091797,207.13479614257812,207.06503295898438,206.99794006347656,206.93577575683594,206.87997436523438,206.831298828125,206.79022216796875,206.75689697265625,206.73133850097656,206.71328735351562,206.70236206054688,206.6980438232422,206.69970703125,206.70668029785156,206.71829223632812
208.2647247314453,208.3011016845703,208.33413696289062,208.36463928222656,208.3929901123047,208.41920471191406,208.44288635253906,208.4634246826172,208.48004150390625,208.49215698242188,208.50001525878906,208.50494384765625,208.50926208496094,208.51512145996094,208.5234832763672,208.53363037109375,208.5436553955078,208.55140686035156,208.55511474609375,208.55343627929688,208.54525756835938,208.52976989746094,208.5066680908203,208.476318359375,208.43898010253906,208.39422607421875,208.3409423828125,208.2784881591797,208.20797729492188,208.13255310058594,208.05633544921875,207.98272705078125,207.9137420654297,207.8503875732422,207.79368591308594,207.7450714111328,207.7058868408203,207.6765899658203,207.6566162109375,207.64476013183594,207.63980102539062,207.6409149169922,207.6477813720703,207.66065979003906
209.20150756835938,209.24276733398438,209.27984619140625,209.31307983398438,209.34132385253906,209.36328125,209.37887573242188,209.38946533203125,209.3968505859375,209.4020538330078,209.40565490722656,209.4088592529297,209.41429138183594,209.42495727539062,209.4424591064453,209.46580505371094,209.4918212890625,209.51669311523438,209.53732299804688,209.5515899658203,209.55772399902344,209.5542449951172,209.54055786132812,209.51739501953125,209.48605346679688,209.44692993164062,209.39889526367188,209.3406219482422,209.2725830078125,209.1977081298828,209.11984252929688,209.04188537597656,208.96531677246094,208.891845703125,208.82443237304688,208.76675415039062,208.72122192382812,208.6875457763672,208.66357421875,208.64732360839844,208.63812255859375,208.63671875,208.64454650878906,208.6634521484375
210.04925537109375,210.0896759033203,210.12448120117188,210.15403747558594,210.17608642578125,210.18846130371094,210.19212341308594,210.19140625,210.1912078857422,210.19415283203125,210.20053100585938,210.2104949951172,210.22589111328125,210.2496337890625,210.28321838378906,210.32504272460938,210.37086486816406,210.4161376953125,210.45802307128906,210.4953155517578,210.5264892578125,210.54847717285156,210.557861328125,210.55337524414062,210.53646850585938,210.50953674316406,210.47317504882812,210.4263458251953,210.3683319091797,210.30035400390625,210.2248077392578,210.14407348632812,210.06094360351562,209.9799041748047,209.9067840576172,209.8459014892578,209.79733276367188,209.75746154785156,209.7230224609375,209.69468688964844,209.67691040039062,209.67471313476562,209.6906280517578,209.7250213623047
210.75331115722656,210.79037475585938,210.8191375732422,210.83950805664062,210.84971618652344,210.84933471679688,210.84225463867188,210.83544921875,210.83482360839844,210.8421630859375,210.85650634765625,210.8776397705078,210.90777587890625,210.95005798339844,211.00564575195312,211.0721435546875,211.14425659179688,211.216552734375,211.286376953125,211.35394287109375,211.41900634765625,211.47735595703125,211.52175903320312,211.5469512939453,211.553466796875,211.54566955566406,211.5269775390625,211.4975128173828,211.4557342529297,211.4008331298828,211.33340454101562,211.255615234375,211.17242431640625,211.09136962890625,211.01959228515625,210.958984375,210.90536499023438,210.8531494140625,210.80230712890625,210.7610321044922,210.7410125732422,210.74969482421875,210.78602600097656,210.843505859375
211.2815399169922,211.3155059814453,211.33859252929688,211.34896850585938,211.3468017578125,211.3361358642578,211.3249969482422,211.32167053222656,211.3298797607422,211.34832763671875,211.37503051757812,211.41122436523438,211.460693359375,211.52630615234375,211.60800170898438,211.70310974121094,211.80679321289062,211.9131622314453,212.01820373535156,212.12149047851562,212.2233428955078,212.3195037841797,212.4007110595703,212.45901489257812,212.49380493164062,212.50997924804688,212.51182556152344,212.5003662109375,212.4754180908203,212.4371795654297,212.3858642578125,212.32244873046875,212.25128173828125,212.17982482910156,212.11354064941406,212.0515899658203,211.98931884765625,211.9255828857422,211.8676300048828,211.8289794921875,211.82171630859375,211.84921264648438,211.9043731689453,211.97535705566406
211.6375274658203,211.66856384277344,211.68798828125,211.69293212890625,211.6863250732422,211.6761932373047,211.67269897460938,211.68296813964844,211.70765686035156,211.74327087402344,211.78868103027344,211.84754943847656,211.92398071289062,212.01791381835938,212.12637329101562,212.24728393554688,212.37921142578125,212.51808166503906,212.6580047607422,212.79519653320312,212.9280242919922,213.0521240234375,213.1592559814453,213.24339294433594,213.30520629882812,213.34793090820312,213.3717041015625,213.37557983398438,213.3628387451172,213.33944702148438,213.30772399902344,213.26611328125,213.2151336669922,213.15895080566406,213.10006713867188,213.03720092773438,212.9709930419922,212.90965270996094,212.86550903320312,212.84771728515625,212.8587188720703,212.8950653076172,212.94927978515625,213.01283264160156
211.85818481445312,211.88796997070312,211.9080352783203,211.9169921875,211.919921875,211.92538452148438,211.9412078857422,211.97125244140625,212.01466369628906,212.06930541992188,212.13685607910156,212.22230529785156,212.3277130126953,212.44873046875,212.57949829101562,212.71902465820312,212.86929321289062,213.02845764160156,213.18972778320312,213.3466339111328,213.49520874023438,213.6304931640625,213.74639892578125,213.84185791015625,213.92127990722656,213.98536682128906,214.02639770507812,214.03871154785156,214.02964782714844,214.0128173828125,213.9932861328125,213.96653747558594,213.92965698242188,213.88478088378906,213.8324432373047,213.7715606689453,213.70919799804688,213.66152954101562,213.6407012939453,213.6453857421875,213.6675262451172,213.7025146484375,213.74887084960938,213.80335998535156
211.97178649902344,212.0039825439453,212.0309600830078,212.05323791503906,212.0763397216797,212.10621643066406,212.14610290527344,212.1964874267578,212.2569122314453,212.328369140625,212.41470336914062,212.51974487304688,212.6424560546875,212.7767333984375,212.91737365722656,213.0644073486328,213.21926879882812,213.37881469726562,213.5360565185547,213.6859130859375,213.82595825195312,213.95204162597656,214.05899047851562,214.1477813720703,214.2246551513672,214.28839111328125,214.32643127441406,214.33145141601562,214.3150634765625,214.29542541503906,214.276611328125,214.25071716308594,214.21475219726562,214.17269897460938,214.12454223632812,214.06834411621094,214.013916015625,213.98062133789062,213.9774169921875,213.99575805664062,214.02542114257812,214.06680297851562,214.12228393554688,214.1854248046875
211.95095825195312,211.98919677734375,212.02784729003906,212.0682373046875,212.1136474609375,212.166259765625,212.2261962890625,212.29266357421875,212.3654327392578,212.44635009765625,212.53907775878906,212.6453094482422,212.7620086669922,212.8844757080078,213.01123046875,213.14373779296875,213.2808380126953,213.41622924804688,213.542724609375,213.65797424316406,213.7636260986328,213.8588104248047,213.9387664794922,214.00201416015625,214.05197143554688,214.08694458007812,214.09686279296875,214.07896423339844,214.0484161376953,214.02195739746094,213.99803161621094,213.96530151367188,213.92324829101562,213.87969970703125,213.83544921875,213.7881622314453,213.74801635742188,213.73223876953125,213.74464416503906,213.77456665039062,213.8161163330078,213.8740692138672,213.94837951660156,214.02584838867188
