earth/public/data/atmosphere/C53/ANN-temp-isobaric-100hPa-gfs-1.0.json
{"header": {"discipline": 0, "disciplineName": "Meteorological products", "gribEdition": 2, "gribLength": 17922.0, "center": 0, "centerName": "Kiel Climate Model", "subcenter": 0, "refTime": "1", "significanceOfRT": 1, "significanceOfRTName": "Start of forecast", "productStatus": 0, "productStatusName": "Operational products", "productType": 1, "productTypeName": "Forecast products", "productDefinitionTemplate": 0, "productDefinitionTemplateName": "Analysis/forecast at horizontal level/layer at a point in time", "parameterCategory": 2, "parameterCategoryName": "Momentum", "parameterNumber": 2, "parameterNumberName": "U-component_of_wind", "parameterUnit": "K", "genProcessType": 2, "genProcessTypeName": "Forecast", "forecastTime": 0, "surface1Type": 103, "surface1TypeName": "Specified height level above ground", "surface1Value": 10, "surface2Type": 255, "surface2TypeName": "Missing", "surface2Value": 0, "gridDefinitionTemplate": 0, "gridDefinitionTemplateName": "Latitude_Longitude", "numberPoints": 65160, "shape": 6, "shapeName": "Earth spherical with radius of 6,371,229.0 m", "gridUnits": "degrees", "resolution": 48, "winds": "true", "scanMode": 0, "nx": 128.0, "ny": 64.0, "basicAngle": 0, "subDivisions": 0, "lo1": 0.0, "la1": 87.86379883923263, "lo2": 357.1875, "la2": -87.86379883923263, "dx": 2.8125, "dy": 2.7893269472772264}, "data":
[rows 0 to 18 of 64, columns 44 to 87 of 128]
202.45684814453125,202.45925903320312,202.46182250976562,202.46456909179688,202.46746826171875,202.47052001953125,202.4737091064453,202.47705078125,202.48052978515625,202.484130859375,202.4878692626953,202.49168395996094,202.49562072753906,202.49964904785156,202.50375366210938,202.50790405273438,202.51211547851562,202.51637268066406,202.5206298828125,202.52488708496094,202.52914428710938,202.53338623046875,202.53758239746094,202.54171752929688,202.5457763671875,202.5497589111328,202.55361938476562,202.557373046875,202.56100463867188,202.56448364257812,202.5677947998047,202.57095336914062,202.57391357421875,202.57667541503906,202.57923889160156,202.5815887451172,202.58372497558594,202.5856170654297,202.5872802734375,202.58868408203125,202.58985900878906,202.5907745361328,202.59144592285156,202.5918731689453
202.60888671875,202.6128692626953,202.61741638183594,202.62254333496094,202.6282501220703,202.63453674316406,202.64141845703125,202.6488494873047,202.65684509277344,202.66537475585938,202.67442321777344,202.68392944335938,202.69390869140625,202.70425415039062,202.71499633789062,202.7260284423828,202.73731994628906,202.74880981445312,202.7604522705078,202.77218627929688,202.78396606445312,202.79568481445312,202.80734252929688,202.81884765625,202.8301544189453,202.84120178222656,202.8519744873047,202.86236572265625,202.87237548828125,202.88194274902344,202.8910369873047,202.8995819091797,202.9075927734375,202.91500854492188,202.92178344726562,202.92791748046875,202.93336486816406,202.93812561035156,202.9421844482422,202.94549560546875,202.9480743408203,202.94989013671875,202.9509735107422,202.95132446289062
202.81536865234375,202.8199920654297,202.82586669921875,202.83299255371094,202.8414306640625,202.85116577148438,202.86221313476562,202.87454223632812,202.8881378173828,202.9029541015625,202.9189453125,202.93603515625,202.95416259765625,202.97325134277344,202.99317932128906,203.01382446289062,203.03504943847656,203.05673217773438,203.0786895751953,203.1007843017578,203.1228485107422,203.1447296142578,203.16629028320312,203.18739318847656,203.2079620361328,203.22784423828125,203.2469940185547,203.26531982421875,203.28277587890625,203.29928588867188,203.31480407714844,203.32928466796875,203.34263610839844,203.3548583984375,203.36585998535156,203.3756103515625,203.384033203125,203.39111328125,203.39682006835938,203.40113830566406,203.40403747558594,203.4055633544922,203.40570068359375,203.40447998046875
203.0586395263672,203.0643310546875,203.07232666015625,203.08265686035156,203.0953369140625,203.11024475097656,203.1273193359375,203.14645385742188,203.16757202148438,203.19061279296875,203.21551513671875,203.24221801757812,203.27069091796875,203.30084228515625,203.3325653076172,203.36566162109375,203.39990234375,203.43496704101562,203.4705047607422,203.50613403320312,203.54147338867188,203.57614135742188,203.60983276367188,203.64230346679688,203.67333984375,203.70286560058594,203.7307891845703,203.7571258544922,203.78184509277344,203.80499267578125,203.82652282714844,203.84642028808594,203.8646240234375,203.88104248046875,203.8955841064453,203.9081573486328,203.91864013671875,203.92697143554688,203.93309020996094,203.93698120117188,203.93865966796875,203.9381866455078,203.93563842773438,203.9311065673828
203.39382934570312,203.4022216796875,203.41436767578125,203.43019104003906,203.4495086669922,203.4720458984375,203.49745178222656,203.52542114257812,203.55572509765625,203.58822631835938,203.62290954589844,203.65985107421875,203.69915771484375,203.7409210205078,203.7851104736328,203.83154296875,203.87989807128906,203.9296112060547,203.9800262451172,204.03038024902344,204.0799102783203,204.12789916992188,204.1737823486328,204.2171630859375,204.2578125,204.2957000732422,204.33090209960938,204.36355590820312,204.3938446044922,204.42189025878906,204.44778442382812,204.47152709960938,204.4930419921875,204.51220703125,204.52886962890625,204.54287719726562,204.5540771484375,204.56240844726562,204.56777954101562,204.5702362060547,204.56979370117188,204.56654357910156,204.5606231689453,204.55213928222656
203.8492889404297,203.86083984375,203.87725830078125,203.8985595703125,203.9244842529297,203.95469665527344,203.98867797851562,204.02597045898438,204.0662841796875,204.1094207763672,204.15538024902344,204.2042999267578,204.2562713623047,204.31137084960938,204.36941528320312,204.4300537109375,204.49266052246094,204.556396484375,204.6202392578125,204.6831512451172,204.7440948486328,204.80223083496094,204.85687255859375,204.90773010253906,204.95468139648438,204.9978790283203,205.03762817382812,205.07421875,205.10794067382812,205.13894653320312,205.16726684570312,205.1927947998047,205.2154083251953,205.23492431640625,205.2512664794922,205.26434326171875,205.274169921875,205.28079223632812,205.2842559814453,205.28456115722656,205.28176879882812,205.27586364746094,205.2668914794922,205.25489807128906
204.41734313964844,204.43096923828125,204.44952392578125,204.47328186035156,204.50238037109375,204.5368194580078,204.57656860351562,204.62158203125,204.67189025878906,204.72750854492188,204.78836059570312,204.85415649414062,204.92431640625,204.99801635742188,205.0741424560547,205.15145874023438,205.2287139892578,205.3047332763672,205.37847900390625,205.44908142089844,205.51583862304688,205.5782928466797,205.63613891601562,205.6893768310547,205.73817443847656,205.782958984375,205.82415771484375,205.8621368408203,205.89715576171875,205.92922973632812,205.95816040039062,205.98367309570312,206.00550842285156,206.02346801757812,206.03756713867188,206.04794311523438,206.0548553466797,206.05853271484375,206.05908203125,206.05654907226562,206.05081176757812,206.04168701171875,206.02902221679688,206.01275634765625
205.0911865234375,205.1069793701172,205.12692260742188,205.1514892578125,205.18141174316406,205.21751403808594,205.26080322265625,205.31222534179688,205.37249755859375,205.44187927246094,205.51992797851562,205.6053466796875,205.69619750976562,205.7899932861328,205.8842010498047,205.97640991210938,206.06484985351562,206.1483612060547,206.2263946533203,206.29885864257812,206.36582946777344,206.42742919921875,206.48377990722656,206.5350799560547,206.58163452148438,206.62391662597656,206.6625213623047,206.69793701171875,206.73045349121094,206.76010131835938,206.78663635253906,206.80967712402344,206.82887268066406,206.8440399169922,206.85516357421875,206.86239624023438,206.86598205566406,206.8661346435547,206.8629150390625,206.8562774658203,206.84603881835938,206.8319549560547,206.81381225585938,206.7915802001953
205.86676025390625,205.88478088378906,205.90643310546875,205.93243408203125,205.96417236328125,206.00347900390625,206.05230712890625,206.11231994628906,206.18429565429688,206.26783752441406,206.36123657226562,206.46173095703125,206.5659637451172,206.67047119140625,206.7720947265625,206.86843872070312,206.9579315185547,207.04002380371094,207.11485290527344,207.18295288085938,207.24496459960938,207.30126953125,207.3520965576172,207.39752197265625,207.43780517578125,207.4734649658203,207.50518798828125,207.5336151123047,207.55923461914062,207.58212280273438,207.60215759277344,207.61903381347656,207.63246154785156,207.6422882080078,207.64837646484375,207.65065002441406,207.64901733398438,207.64340209960938,207.6338348388672,207.62037658691406,207.6030731201172,207.58197021484375,207.5570068359375,207.52810668945312
206.73406982421875,206.75387573242188,206.7781219482422,206.8077850341797,206.84451293945312,206.89053344726562,206.94815063476562,207.0188446044922,207.10256958007812,207.19717407226562,207.2988739013672,207.4032440185547,207.50628662109375,207.60504150390625,207.69760131835938,207.78282165527344,207.860107421875,207.9293670654297,207.99099731445312,208.04571533203125,208.09429931640625,208.13734436035156,208.1752166748047,208.2082061767578,208.2366943359375,208.26132202148438,208.28268432617188,208.30133056640625,208.31739807128906,208.33074951171875,208.3410186767578,208.34793090820312,208.35145568847656,208.35159301757812,208.34828186035156,208.34127807617188,208.3301544189453,208.31460571289062,208.29470825195312,208.27076721191406,208.24337768554688,208.2129364013672,208.17958068847656,208.1431121826172
207.68026733398438,207.70733642578125,207.7420654296875,207.78392028808594,207.83224487304688,207.8874053955078,207.95094299316406,208.0247344970703,208.10897827148438,208.20094299316406,208.29547119140625,208.38699340820312,208.47152709960938,208.54739379882812,208.61453247070312,208.67323303222656,208.7236328125,208.76577758789062,208.8002471923828,208.82809448242188,208.85061645507812,208.86891174316406,208.88381958007812,208.89602661132812,208.90606689453125,208.9144744873047,208.92156982421875,208.92735290527344,208.931396484375,208.93292236328125,208.93106079101562,208.92529296875,208.91552734375,208.9020538330078,208.88507080078125,208.86441040039062,208.83963012695312,208.8103790283203,208.7768096923828,208.73953247070312,208.6993865966797,208.65695190429688,208.6124725341797,208.5657958984375
208.6953887939453,208.7413330078125,208.7994384765625,208.8643798828125,208.92941284179688,208.99024963378906,209.04754638671875,209.105712890625,209.16864013671875,209.2359161376953,209.30247497558594,209.36192321777344,209.41004943847656,209.446044921875,209.47105407714844,209.48619079589844,209.4920654296875,209.48951721191406,209.48045349121094,209.46739196777344,209.45248413085938,209.43698120117188,209.42152404785156,209.40663146972656,209.39276123046875,209.38002014160156,209.3681640625,209.3567352294922,209.3450164794922,209.33187866210938,209.31581115722656,209.2955780029297,209.27061462402344,209.2411651611328,209.20762634277344,209.17005920410156,209.12823486328125,209.0821533203125,209.03236389160156,208.97975158691406,208.92507934570312,208.86892700195312,208.81175231933594,208.7539825439453
209.77761840820312,209.84732055664062,209.92921447753906,210.0126953125,210.0847930908203,210.13720703125,210.17124938964844,210.19590759277344,210.2201385498047,210.24607849121094,210.268310546875,210.27902221679688,210.27357482910156,210.2522430419922,210.21766662597656,210.17196655273438,210.11671447753906,210.05459594726562,209.9900360107422,209.92747497558594,209.86923217773438,209.81539916992188,209.765625,209.7201690673828,209.67950439453125,209.6432647705078,209.61019897460938,209.57916259765625,209.54922485351562,209.5191192626953,209.4867706298828,209.449951171875,209.4075927734375,209.36001586914062,209.3079071044922,209.25152587890625,209.1907958984375,209.12625122070312,209.05921936035156,208.99099731445312,208.9222869873047,208.85350036621094,208.78553771972656,208.7198028564453
210.91604614257812,210.99949645996094,211.0874786376953,211.1675262451172,211.22470092773438,211.25051879882812,211.24880981445312,211.23187255859375,211.2104034423828,211.18582153320312,211.15093994140625,211.09722900390625,211.02146911621094,210.9268798828125,210.81910705566406,210.70217895507812,210.57876586914062,210.45303344726562,210.33128356933594,210.21888732910156,210.11724853515625,210.02476501464844,209.94027709960938,209.86456298828125,209.79837036132812,209.74024963378906,209.6871795654297,209.63671875,209.587646484375,209.5386199951172,209.4871063232422,209.43048095703125,209.367919921875,209.30043029785156,209.2293243408203,209.15481567382812,209.0767364501953,208.99595642089844,208.91456604003906,208.83433532714844,208.75576782226562,208.6790008544922,208.60536193847656,208.53741455078125
212.0532989501953,212.13363647460938,212.20994567871094,212.26925659179688,212.29676818847656,212.2862091064453,212.24383544921875,212.181640625,212.10720825195312,212.01925659179688,211.91116333007812,211.7777099609375,211.61984252929688,211.4446258544922,211.2609405517578,211.07473754882812,210.8890838623047,210.7079620361328,210.53775024414062,210.3835906982422,210.24571228027344,210.1212615966797,210.00894165039062,209.90985107421875,209.8239288330078,209.74777221679688,209.67652893066406,209.6071319580078,209.53848266601562,209.46923828125,209.3968963623047,209.31932067871094,209.23643493652344,209.1500244140625,209.0616912841797,208.9716796875,208.87985229492188,208.7873992919922,208.6968994140625,208.6102294921875,208.52784729003906,208.44998168945312,208.37847900390625,208.31643676757812
213.08023071289062,213.14794921875,213.2077178955078,213.24310302734375,213.23780822753906,213.18759155273438,213.1006622314453,212.98655700683594,212.84786987304688,212.68252563476562,212.48989868164062,212.27252197265625,212.03582763671875,211.78842163085938,211.5404815673828,211.29920959472656,211.0674591064453,210.8480224609375,210.64625549316406,210.46644592285156,210.30740356445312,210.16513061523438,210.03799438476562,209.9263153076172,209.82803344726562,209.7378692626953,209.65103149414062,209.56544494628906,209.47988891601562,209.39242553710938,209.30099487304688,209.205078125,209.10552978515625,209.00384521484375,208.9014129638672,208.79901123046875,208.69737243652344,208.59811401367188,208.50360107421875,208.41561889648438,208.33506774902344,208.26339721679688,208.20321655273438,208.15692138671875
213.86143493652344,213.9181671142578,213.9622039794922,213.97317504882812,213.93283081054688,213.83912658691406,213.70278930664062,213.5316162109375,213.3245849609375,213.08172607421875,212.8112335205078,212.5238494873047,212.22702026367188,211.9282989501953,211.6382598876953,211.3651580810547,211.1109161376953,210.87649536132812,210.66629028320312,210.4832305908203,210.32354736328125,210.18106079101562,210.05355834960938,209.94058227539062,209.83822631835938,209.74061584472656,209.64483642578125,209.55003356933594,209.45339965820312,209.351318359375,209.243408203125,209.13223266601562,209.01959228515625,208.90606689453125,208.79298400878906,208.68264770507812,208.5767822265625,208.4767608642578,208.38453674316406,208.30189514160156,208.23045349121094,208.17303466796875,208.1326904296875,208.11009216308594
214.2458038330078,214.29583740234375,214.3243865966797,214.31068420410156,214.23619079589844,214.10076904296875,213.91773986816406,213.69464111328125,213.42974853515625,213.12701416015625,212.80223083496094,212.470703125,212.13949584960938,211.81549072265625,211.5111083984375,211.23516845703125,210.98680114746094,210.76412963867188,210.57080078125,210.40835571289062,210.2694854736328,210.1453399658203,210.03346252441406,209.93309020996094,209.83863830566406,209.74395751953125,209.64788818359375,209.55003356933594,209.44573974609375,209.33103942871094,209.20887756347656,209.08514404296875,208.9617462158203,208.83851623535156,208.71847534179688,208.6058349609375,208.50184631347656,208.40682983398438,208.3235321044922,208.25477600097656,208.20172119140625,208.16635131835938,208.1514434814453,208.15623474121094
214.0921173095703,214.13990783691406,214.15850830078125,214.12669372558594,214.02685546875,213.86151123046875,213.64572143554688,213.3874969482422,213.0870819091797,212.75347900390625,212.40728759765625,212.06459045410156,211.73069763183594,211.41307067871094,211.12619018554688,210.87782287597656,210.6629180908203,210.47669982910156,210.32223510742188,210.19943237304688,210.09808349609375,210.00804138183594,209.9266815185547,209.85169982910156,209.775390625,209.69122314453125,209.59898376464844,209.49876403808594,209.3865203857422,209.26104736328125,209.12875366210938,208.99642944335938,208.86474609375,208.73423767089844,208.6112518310547,208.50132751464844,208.40345764160156,208.3168487548828,208.2469024658203,208.1981201171875,208.16888427734375,208.15792846679688,208.16796875,208.1986846923828
