earth/public/data/atmosphere/C53/ANN-temp-isobaric-1000hPa-gfs-1.0.json
{"header": {"discipline": 0, "disciplineName": "Meteorological products", "gribEdition": 2, "gribLength": 17922.0, "center": 0, "centerName": "Kiel Climate Model", "subcenter": 0, "refTime": "1", "significanceOfRT": 1, "significanceOfRTName": "Start of forecast", "productStatus": 0, "productStatusName": "Operational products", "productType": 1, "productTypeName": "Forecast products", "productDefinitionTemplate": 0, "productDefinitionTemplateName": "Analysis/forecast at horizontal level/layer at a point in time", "parameterCategory": 2, "parameterCategoryName": "Momentum", "parameterNumber": 2, "parameterNumberName": "U-component_of_wind", "parameterUnit": "K", "genProcessType": 2, "genProcessTypeName": "Forecast", "forecastTime": 0, "surface1Type": 103, "surface1TypeName": "Specified height level above ground", "surface1Value": 10, "surface2Type": 255, "surface2TypeName": "Missing", "surface2Value": 0, "gridDefinitionTemplate": 0, "gridDefinitionTemplateName": "Latitude_Longitude", "numberPoints": 65160, "shape": 6, "shapeName": "Earth spherical with radius of 6,371,229.0 m", "gridUnits": "degrees", "resolution": 48, "winds": "true", "scanMode": 0, "nx": 128.0, "ny": 64.0, "basicAngle": 0, "subDivisions": 0, "lo1": 0.0, "la1": 87.86379883923263, "lo2": 357.1875, "la2": -87.86379883923263, "dx": 2.8125, "dy": 2.7893269472772264}, "data":
[rows 40 to 59 of 64, columns 0 to 43 of 128]
310.63385009765625,311.2689208984375,311.4963684082031,311.7605895996094,312.043212890625,312.5467529296875,313.31396484375,313.6474304199219,312.7496032714844,310.5118408203125,307.4104309082031,304.3309020996094,302.29449462890625,301.5563659667969,301.3868408203125,301.21478271484375,301.2154846191406,301.4466857910156,301.4250793457031,300.9836730957031,300.6058044433594,300.5516052246094,300.5357666015625,300.4345397949219,300.41259765625,300.4059143066406,300.3091125488281,300.345458984375,300.5826416015625,300.68377685546875,300.5826416015625,300.61370849609375,300.7760009765625,300.75225830078125,300.61041259765625,300.6181335449219,300.65643310546875,300.5767822265625,300.59619140625,300.76641845703125,300.79010009765625,300.6549072265625,300.628173828125,300.6684875488281
308.25042724609375,308.2424011230469,308.6492919921875,309.0844421386719,309.2999267578125,309.6697998046875,310.3538818359375,310.69049072265625,309.64813232421875,307.05181884765625,304.0833740234375,302.0624084472656,301.1119384765625,300.6053466796875,300.2793273925781,300.1730651855469,300.15350341796875,300.14263916015625,300.2251892089844,300.2784423828125,300.0833435058594,299.744384765625,299.5181579589844,299.4663391113281,299.5067443847656,299.49627685546875,299.32135009765625,299.14111328125,299.2012634277344,299.34814453125,299.2879943847656,299.18072509765625,299.3000183105469,299.44580078125,299.3621826171875,299.2474365234375,299.30572509765625,299.3706359863281,299.31756591796875,299.2764892578125,299.30389404296875,299.3134765625,299.2928466796875,299.2846374511719
306.07147216796875,305.54388427734375,305.48577880859375,305.7806091308594,306.1402282714844,306.61773681640625,307.24481201171875,307.44403076171875,306.18707275390625,303.4429931640625,300.8762512207031,299.9456481933594,300.1466064453125,300.312744140625,300.3421936035156,300.4175109863281,300.09820556640625,299.32659912109375,298.84539794921875,298.9236145019531,299.0174560546875,298.8536376953125,298.6601867675781,298.5352783203125,298.4479675292969,298.43060302734375,298.3658447265625,298.1437683105469,297.9785461425781,297.9954833984375,297.924072265625,297.6764221191406,297.57177734375,297.6884460449219,297.750244140625,297.7290954589844,297.8077087402344,297.87908935546875,297.7503662109375,297.579833984375,297.58990478515625,297.66839599609375,297.6213073730469,297.5072937011719
302.7275085449219,302.40301513671875,302.21197509765625,302.5644226074219,303.2036437988281,303.83416748046875,304.4246826171875,304.59893798828125,303.46771240234375,301.041748046875,298.9499206542969,298.4956359863281,299.0313415527344,299.4369201660156,299.7508239746094,300.14837646484375,299.98583984375,299.0154113769531,298.05609130859375,297.7276611328125,297.797119140625,297.9332580566406,297.9722900390625,297.6942443847656,297.20452880859375,296.9820861816406,297.0691833496094,297.0206298828125,296.7942199707031,296.745361328125,296.8351135253906,296.75177001953125,296.56011962890625,296.49713134765625,296.4964904785156,296.4208984375,296.341552734375,296.3107604980469,296.2666015625,296.2396240234375,296.298095703125,296.3524169921875,296.29193115234375,296.1736755371094
299.2772521972656,299.3751525878906,299.33001708984375,299.75115966796875,300.4026794433594,300.92059326171875,301.39642333984375,301.7055358886719,301.14013671875,299.5873718261719,298.178955078125,297.7948913574219,297.9023132324219,297.7855224609375,297.7313232421875,298.0764465332031,298.3041076660156,297.92034912109375,297.2100830078125,296.662109375,296.4967041015625,296.7676696777344,297.17474365234375,297.1239929199219,296.577880859375,296.202880859375,296.26025390625,296.2423400878906,295.9066467285156,295.66796875,295.729248046875,295.7577819824219,295.5743713378906,295.391357421875,295.3194580078125,295.2355041503906,295.1184997558594,295.0912170410156,295.16754150390625,295.21783447265625,295.15521240234375,295.0403747558594,295.0056457519531,295.0828857421875
296.6731262207031,296.65496826171875,296.4560546875,296.6960144042969,297.1935729980469,297.61907958984375,298.0555114746094,298.4712829589844,298.39447021484375,297.700927734375,297.03314208984375,296.84564208984375,296.7373352050781,296.28106689453125,295.7716369628906,295.6300354003906,295.740478515625,295.768310546875,295.58233642578125,295.235107421875,295.0052185058594,295.2909240722656,295.9968566894531,296.421142578125,296.1943359375,295.7723083496094,295.5991516113281,295.47027587890625,295.1220703125,294.7504577636719,294.5561828613281,294.3820495605469,294.10650634765625,293.893310546875,293.84320068359375,293.8143005371094,293.72760009765625,293.7066650390625,293.79925537109375,293.8267822265625,293.6423034667969,293.37091064453125,293.2520446777344,293.32598876953125
293.66448974609375,293.4538269042969,293.1739501953125,293.3746643066406,293.9425964355469,294.52044677734375,294.98602294921875,295.282470703125,295.2520751953125,294.9539794921875,294.7657165527344,294.8816223144531,295.0330810546875,294.9051208496094,294.5108337402344,294.04046630859375,293.664794921875,293.5155029296875,293.552978515625,293.5433654785156,293.4549560546875,293.6227722167969,294.171875,294.623046875,294.4970397949219,293.9848937988281,293.6075744628906,293.5141906738281,293.4859313964844,293.35845947265625,293.116455078125,292.7848815917969,292.45721435546875,292.2578125,292.1466064453125,291.9480285644531,291.6537780761719,291.4931335449219,291.60986328125,291.84454345703125,291.9402160644531,291.827880859375,291.60699462890625,291.3659362792969
290.3655700683594,290.347900390625,290.31854248046875,290.68389892578125,291.4211730957031,292.197265625,292.7377624511719,292.9632263183594,292.9368591308594,292.8153076171875,292.76348876953125,292.8414306640625,293.007568359375,293.17791748046875,293.2008056640625,292.91253662109375,292.38824462890625,291.984130859375,291.9192810058594,291.9862365722656,291.9100646972656,291.7794189453125,291.81378173828125,291.8985290527344,291.7252502441406,291.29864501953125,290.9604797363281,290.92108154296875,291.0218200683594,290.9821472167969,290.7137756347656,290.36346435546875,290.1270751953125,290.0312194824219,289.8926696777344,289.5434265136719,289.0887451171875,288.84710693359375,289.0123291015625,289.4554138183594,289.87646484375,290.0600891113281,289.959716796875,289.6563720703125
288.1759338378906,288.2937927246094,288.3612060546875,288.6913146972656,289.3934631347656,290.2517395019531,290.9607238769531,291.3968200683594,291.63275146484375,291.7420654296875,291.6881103515625,291.4654846191406,291.2657470703125,291.329345703125,291.60638427734375,291.75091552734375,291.5534973144531,291.20867919921875,291.00396728515625,290.9069519042969,290.6776428222656,290.2797546386719,289.925537109375,289.73883056640625,289.60565185546875,289.39324951171875,289.1262512207031,288.8719787597656,288.5887145996094,288.1976013183594,287.749755859375,287.4236755371094,287.3368835449219,287.3989562988281,287.3910827636719,287.1968078613281,286.9270935058594,286.796142578125,286.9015197753906,287.15985107421875,287.42877197265625,287.6268310546875,287.73663330078125,287.7672119140625
286.72314453125,286.6495666503906,286.53350830078125,286.6658630371094,287.21514892578125,288.03131103515625,288.8156433105469,289.423095703125,289.9112243652344,290.3147888183594,290.5119934082031,290.40936279296875,290.1753845214844,290.1252136230469,290.3508605957031,290.6034240722656,290.6112976074219,290.39605712890625,290.16558837890625,289.9892272949219,289.74041748046875,289.3389892578125,288.89300537109375,288.550048828125,288.3101501464844,288.0513916015625,287.6810302734375,287.2028503417969,286.67822265625,286.1885681152344,285.8260192871094,285.6558837890625,285.6548156738281,285.7093505859375,285.7087097167969,285.6396179199219,285.5740051269531,285.5671691894531,285.59515380859375,285.60321044921875,285.589111328125,285.6092834472656,285.7111511230469,285.88629150390625
285.2309265136719,284.96435546875,284.77423095703125,284.8877258300781,285.3711853027344,286.0301513671875,286.6072082519531,287.0566101074219,287.554931640625,288.23126220703125,288.9601745605469,289.47833251953125,289.662841796875,289.6153564453125,289.48309326171875,289.2953796386719,289.02264404296875,288.7167053222656,288.4924621582031,288.3786926269531,288.26708984375,288.0368347167969,287.68157958984375,287.2856750488281,286.9134521484375,286.56317138671875,286.2150573730469,285.8822937011719,285.60308837890625,285.4013366699219,285.26422119140625,285.1492004394531,285.00811767578125,284.8173828125,284.59906005859375,284.41094970703125,284.30572509765625,284.293212890625,284.3384704589844,284.3885803222656,284.39630126953125,284.3333435058594,284.212646484375,284.1119689941406
284.0810546875,283.83587646484375,283.7931213378906,284.0721130371094,284.578857421875,285.05108642578125,285.2961120605469,285.39910888671875,285.6618347167969,286.3028564453125,287.2164611816406,288.0338439941406,288.4130859375,288.2700500488281,287.77044677734375,287.1645812988281,286.6488952636719,286.32427978515625,286.1990051269531,286.19677734375,286.1929931640625,286.088623046875,285.868896484375,285.59442138671875,285.3418884277344,285.15570068359375,285.0389404296875,284.9644775390625,284.8854064941406,284.748779296875,284.5217590332031,284.2145080566406,283.87554931640625,283.5570068359375,283.2816162109375,283.04473876953125,282.8498840332031,282.7349548339844,282.7455139160156,282.86279296875,282.9627685546875,282.8808288574219,282.5641784667969,282.1778259277344
283.47589111328125,283.32421875,283.3940734863281,283.7413635253906,284.206298828125,284.5249328613281,284.5488586425781,284.38543701171875,284.3172607421875,284.5563659667969,285.05059814453125,285.5151672363281,285.6557312011719,285.38336181640625,284.85382080078125,284.3321228027344,284.01788330078125,283.9554443359375,284.0561218261719,284.181396484375,284.22296142578125,284.1438293457031,283.9742126464844,283.7771301269531,283.6090087890625,283.4944763183594,283.4190979003906,283.33746337890625,283.1949157714844,282.9620666503906,282.6650085449219,282.3821716308594,282.1947021484375,282.1209716796875,282.09466552734375,282.0187683105469,281.8593444824219,281.6901550292969,281.6299133300781,281.7142028808594,281.82440185546875,281.7679443359375,281.46539306640625,281.07763671875
283.22802734375,283.0951843261719,283.087646484375,283.2572021484375,283.49920654296875,283.6375732421875,283.56964111328125,283.3510437011719,283.1472473144531,283.0926513671875,283.1777038574219,283.2594909667969,283.18145751953125,282.89776611328125,282.50335693359375,282.15814208984375,281.97747802734375,281.97137451171875,282.06231689453125,282.1485900878906,282.1597595214844,282.07489013671875,281.90863037109375,281.6902160644531,281.45062255859375,281.218505859375,281.015380859375,280.849609375,280.71710205078125,280.6148681640625,280.5565490722656,280.5696716308594,280.66717529296875,280.81707763671875,280.94573974609375,280.9881896972656,280.94915771484375,280.9143981933594,280.9846496582031,281.1773376464844,281.38641357421875,281.455078125,281.31689453125,281.0848083496094
282.9370422363281,282.82598876953125,282.7240295410156,282.68310546875,282.67950439453125,282.647216796875,282.54315185546875,282.3874816894531,282.2471923828125,282.17724609375,282.1706237792969,282.157470703125,282.0526123046875,281.8125915527344,281.4600524902344,281.0638427734375,280.6971130371094,280.4049072265625,280.197265625,280.05950927734375,279.9654541015625,279.884033203125,279.78466796875,279.64703369140625,279.4730224609375,279.2902526855469,279.14007568359375,279.0545349121094,279.03826904296875,279.0686340332031,279.1122131347656,279.1441650390625,279.15704345703125,279.15777587890625,279.16351318359375,279.20196533203125,279.3103332519531,279.51971435546875,279.82464599609375,280.1607360839844,280.420166015625,280.51263427734375,280.4361572265625,280.30194091796875
281.7967834472656,281.7724609375,281.73492431640625,281.71258544921875,281.7011413574219,281.6732177734375,281.6031188964844,281.487060546875,281.3440246582031,281.1991882324219,281.0633850097656,280.9248352050781,280.7570495605469,280.5360107421875,280.2548828125,279.92767333984375,279.58380126953125,279.2575988769531,278.9784851074219,278.76318359375,278.61175537109375,278.5091552734375,278.432861328125,278.365234375,278.30242919921875,278.25408935546875,278.2315673828125,278.2322692871094,278.23187255859375,278.1927185058594,278.0849914550781,277.9093322753906,277.70587158203125,277.54364013671875,277.4944763183594,277.6033020019531,277.8666687011719,278.2277526855469,278.5908203125,278.8531799316406,278.9469299316406,278.8749694824219,278.7215270996094,278.6247253417969
280.1628112792969,280.1370544433594,280.1607360839844,280.24481201171875,280.36651611328125,280.4772033691406,280.52142333984375,280.45849609375,280.27679443359375,279.9960632324219,279.65869140625,279.3150329589844,279.00885009765625,278.7673034667969,278.5970458984375,278.4866027832031,278.4122619628906,278.3465270996094,278.26568603515625,278.1551513671875,278.01220703125,277.8459167480469,277.6746520996094,277.5216064453125,277.4078063964844,277.34368896484375,277.3221130371094,277.3174743652344,277.2934265136719,277.2191162109375,277.0869445800781,276.9234313964844,276.7853698730469,276.7403259277344,276.8384094238281,277.0871276855469,277.4417419433594,277.8165588378906,278.1151123046875,278.2680358886719,278.26361083984375,278.1575012207031,278.0553283691406,278.07244873046875
279.4903869628906,279.32763671875,279.2359313964844,279.2392272949219,279.32330322265625,279.44110107421875,279.5290832519531,279.5283203125,279.40350341796875,279.15338134765625,278.8101806640625,278.42852783203125,278.06884765625,277.77972412109375,277.5856018066406,277.4825744628906,277.44244384765625,277.423828125,277.3861389160156,277.301513671875,277.1626281738281,276.9831848144531,276.7920227050781,276.622802734375,276.5022277832031,276.4408874511719,276.4300537109375,276.4455261230469,276.45794677734375,276.446044921875,276.4073791503906,276.3616638183594,276.3450622558594,276.39599609375,276.53875732421875,276.7713623046875,277.0635070800781,277.3662414550781,277.63031005859375,277.8256530761719,277.9539489746094,278.0484313964844,278.1601867675781,278.3362121582031
279.4822082519531,279.246337890625,279.0216369628906,278.8465270996094,278.7353820800781,278.6775207519531,278.6436462402344,278.59710693359375,278.50616455078125,278.3531494140625,278.1387634277344,277.8800354003906,277.6039123535156,277.3382568359375,277.1042785644531,276.9117126464844,276.7586669921875,276.6349792480469,276.5283203125,276.4296569824219,276.3370666503906,276.2561340332031,276.19683837890625,276.1686096191406,276.1751403808594,276.2111511230469,276.2624206542969,276.30938720703125,276.3333740234375,276.322998046875,276.2790832519531,276.2153625488281,276.1551208496094,276.1246337890625,276.1454772949219,276.2284851074219,276.3714294433594,276.56121826171875,276.7789306640625,277.00616455078125,277.2298889160156,277.4440612792969,277.6478271484375,277.84197998046875
278.56939697265625,278.4049987792969,278.20648193359375,278.00189208984375,277.8125915527344,277.6502380371094,277.5164489746094,277.40496826171875,277.30535888671875,277.20684814453125,277.1015625,276.9861755371094,276.8619689941406,276.73358154296875,276.6075439453125,276.4903259277344,276.3874206542969,276.3028259277344,276.2391052246094,276.1978454589844,276.1796875,276.1839599609375,276.2083435058594,276.2479553222656,276.2953186035156,276.340576171875,276.373046875,276.38330078125,276.36529541015625,276.318603515625,276.249267578125,276.1693115234375,276.0947265625,276.04241943359375,276.0268859863281,276.0572509765625,276.1352233886719,276.25518798828125,276.40509033203125,276.56903076171875,276.73016357421875,276.87347412109375,276.9882507324219,277.06976318359375
