earth/public/data/atmosphere/C53/ANN-wind-isobaric-500hPa-gfs-1.0.json
{"header": {"discipline": 0, "disciplineName": "Meteorological products", "gribEdition": 2, "gribLength": 17922.0, "center": 0, "centerName": "Kiel Climate Model", "subcenter": 0, "refTime": "1", "significanceOfRT": 1, "significanceOfRTName": "Start of forecast", "productStatus": 0, "productStatusName": "Operational products", "productType": 1, "productTypeName": "Forecast products", "productDefinitionTemplate": 0, "productDefinitionTemplateName": "Analysis/forecast at horizontal level/layer at a point in time", "parameterCategory": 2, "parameterCategoryName": "Momentum", "parameterNumber": 2, "parameterNumberName": "U-component_of_wind", "parameterUnit": "m/s", "genProcessType": 2, "genProcessTypeName": "Forecast", "forecastTime": 0, "surface1Type": 103, "surface1TypeName": "Specified height level above ground", "surface1Value": 10, "surface2Type": 255, "surface2TypeName": "Missing", "surface2Value": 0, "gridDefinitionTemplate": 0, "gridDefinitionTemplateName": "Latitude_Longitude", "numberPoints": 65160, "shape": 6, "shapeName": "Earth spherical with radius of 6,371,229.0 m", "gridUnits": "degrees", "resolution": 48, "winds": "true", "scanMode": 0, "nx": 128.0, "ny": 64.0, "basicAngle": 0, "subDivisions": 0, "lo1": 0.0, "la1": 87.86379883923263, "lo2": 357.1875, "la2": -87.86379883923263, "dx": 2.8125, "dy": 2.7893269472772264}, "data":
[rows 38 to 56 of 64, columns 43 to 85 of 128]
4.401366233825684,4.580652236938477,4.7291436195373535,4.868758201599121,5.026589870452881,5.173796653747559,5.303433895111084,5.4404706954956055,5.5702056884765625,5.661350250244141,5.7130255699157715,5.727788925170898,5.7070441246032715,5.672201633453369,5.630426406860352,5.556366443634033,5.442485332489014,5.315219402313232,5.185051918029785,5.029774188995361,4.8382978439331055,4.63392448425293,4.435730457305908,4.225162982940674,3.983147382736206,3.7325520515441895,3.496666431427002,3.256377935409546,3.002634286880493,2.7665905952453613,2.5489919185638428,2.3164899349212646,2.091102361679077,1.9163990020751953,1.7582709789276123,1.579020619392395,1.4274085760116577,1.32948637008667,1.2306150197982788,1.121001124382019,1.043180227279663,0.980756402015686,0.9100123643875122
6.483918190002441,6.6735076904296875,6.8366618156433105,6.983114719390869,7.1484375,7.326328754425049,7.505016326904297,7.680934906005859,7.824873924255371,7.91555643081665,7.971443176269531,8.009814262390137,8.031167030334473,8.035429954528809,8.006515502929688,7.925559043884277,7.816237449645996,7.71420955657959,7.608404159545898,7.473849296569824,7.323341369628906,7.176158428192139,7.017233848571777,6.827390670776367,6.62501859664917,6.442246437072754,6.269623756408691,6.0687255859375,5.844541072845459,5.638880252838135,5.447993278503418,5.238086700439453,5.0266947746276855,4.839751720428467,4.6445159912109375,4.430849552154541,4.253468990325928,4.118762493133545,3.974656820297241,3.830331325531006,3.7271857261657715,3.642867088317871,3.5532639026641846
8.281021118164062,8.428581237792969,8.57800579071045,8.731035232543945,8.892916679382324,9.054319381713867,9.212361335754395,9.364490509033203,9.493450164794922,9.596009254455566,9.686123847961426,9.759310722351074,9.803091049194336,9.820181846618652,9.80772876739502,9.760207176208496,9.696012496948242,9.629348754882812,9.546208381652832,9.445389747619629,9.346649169921875,9.243504524230957,9.114439010620117,8.972663879394531,8.847479820251465,8.738838195800781,8.628129005432129,8.508155822753906,8.384713172912598,8.263336181640625,8.140494346618652,8.01101303100586,7.8778557777404785,7.739782810211182,7.590030193328857,7.4403581619262695,7.304195880889893,7.161652565002441,6.998843669891357,6.844717025756836,6.714131832122803,6.5825324058532715,6.446257591247559
9.837973594665527,9.909882545471191,9.992274284362793,10.089192390441895,10.187644958496094,10.280637741088867,10.377618789672852,10.479289054870605,10.575687408447266,10.66957950592041,10.758445739746094,10.815438270568848,10.829934120178223,10.82818603515625,10.828291893005371,10.822007179260254,10.800463676452637,10.757647514343262,10.693772315979004,10.63027572631836,10.578527450561523,10.51424789428711,10.432821273803711,10.372675895690918,10.340216636657715,10.295316696166992,10.237260818481445,10.20729923248291,10.202138900756836,10.181879997253418,10.148770332336426,10.130905151367188,10.116900444030762,10.079510688781738,10.029561996459961,9.985261917114258,9.926053047180176,9.83148193359375,9.724299430847168,9.623208999633789,9.505650520324707,9.36372184753418,9.227901458740234
11.479716300964355,11.452238082885742,11.43492317199707,11.432268142700195,11.433103561401367,11.439958572387695,11.460061073303223,11.47995662689209,11.487238883972168,11.493342399597168,11.501815795898438,11.492137908935547,11.460203170776367,11.427160263061523,11.399209976196289,11.364873886108398,11.321587562561035,11.27134895324707,11.217864036560059,11.177072525024414,11.152124404907227,11.121049880981445,11.087367057800293,11.085655212402344,11.108545303344727,11.1138334274292,11.115257263183594,11.163098335266113,11.245302200317383,11.316247940063477,11.388596534729004,11.493180274963379,11.60127067565918,11.677462577819824,11.741604804992676,11.80959701538086,11.854019165039062,11.870462417602539,11.889598846435547,11.898276329040527,11.853327751159668,11.77364730834961,11.70674991607666
13.39838695526123,13.271785736083984,13.165511131286621,13.072988510131836,12.981727600097656,12.895030975341797,12.811311721801758,12.711858749389648,12.593510627746582,12.479403495788574,12.38128662109375,12.289575576782227,12.20103645324707,12.114654541015625,12.015567779541016,11.90345287322998,11.806742668151855,11.738069534301758,11.679296493530273,11.624443054199219,11.585909843444824,11.561615943908691,11.545618057250977,11.550168991088867,11.579681396484375,11.621437072753906,11.680988311767578,11.775604248046875,11.895550727844238,12.026434898376465,12.183298110961914,12.370104789733887,12.553717613220215,12.720979690551758,12.89683723449707,13.079604148864746,13.237434387207031,13.375081062316895,13.514780044555664,13.628034591674805,13.681150436401367,13.707534790039062,13.741679191589355
15.540255546569824,15.332547187805176,15.140693664550781,14.95145320892334,14.756830215454102,14.563639640808105,14.371272087097168,14.170934677124023,13.96932601928711,13.780418395996094,13.599486351013184,13.41758918762207,13.2440767288208,13.081925392150879,12.913731575012207,12.743133544921875,12.60505485534668,12.506645202636719,12.411922454833984,12.307258605957031,12.22299575805664,12.17595386505127,12.148735046386719,12.13490104675293,12.15320873260498,12.212751388549805,12.300110816955566,12.402578353881836,12.524945259094238,12.682441711425781,12.877585411071777,13.088823318481445,13.29957103729248,13.526285171508789,13.784018516540527,14.044785499572754,14.276084899902344,14.48957633972168,14.700894355773926,14.887369155883789,15.036113739013672,15.174248695373535,15.307193756103516
17.683090209960938,17.41516876220703,17.140342712402344,16.849397659301758,16.549169540405273,16.25645637512207,15.975630760192871,15.704590797424316,15.449132919311523,15.206395149230957,14.954784393310547,14.688218116760254,14.434978485107422,14.21491527557373,14.011302947998047,13.81104850769043,13.631321907043457,13.480319023132324,13.337002754211426,13.195206642150879,13.081571578979492,13.009618759155273,12.961352348327637,12.930258750915527,12.9381103515625,12.99372673034668,13.074624061584473,13.165782928466797,13.284843444824219,13.450067520141602,13.647143363952637,13.851175308227539,14.067096710205078,14.317276000976562,14.594015121459961,14.862311363220215,15.112078666687012,15.364547729492188,15.621502876281738,15.86038875579834,16.082611083984375,16.30587387084961,16.512907028198242
19.47804069519043,19.178991317749023,18.86237907409668,18.518463134765625,18.157848358154297,17.797922134399414,17.44306182861328,17.094921112060547,16.764036178588867,16.451566696166992,16.140260696411133,15.825887680053711,15.534811019897461,15.286645889282227,15.06322193145752,14.839179039001465,14.619701385498047,14.424686431884766,14.259145736694336,14.119730949401855,14.008328437805176,13.922996520996094,13.85666275024414,13.815485000610352,13.815814018249512,13.8567533493042,13.920426368713379,14.003691673278809,14.122809410095215,14.279988288879395,14.45378303527832,14.634024620056152,14.837382316589355,15.07160472869873,15.313020706176758,15.544293403625488,15.785778999328613,16.056255340576172,16.331144332885742,16.58097267150879,16.82213020324707,17.079015731811523,17.32785987854004
20.526710510253906,20.228776931762695,19.914411544799805,19.570789337158203,19.20319938659668,18.82298469543457,18.43321990966797,18.040096282958984,17.662439346313477,17.312828063964844,16.982006072998047,16.658510208129883,16.351661682128906,16.076372146606445,15.827606201171875,15.58962631225586,15.362815856933594,15.163470268249512,15.001664161682129,14.871923446655273,14.763473510742188,14.671170234680176,14.599899291992188,14.56069278717041,14.558091163635254,14.58354663848877,14.629124641418457,14.700969696044922,14.805922508239746,14.932355880737305,15.063738822937012,15.206031799316406,15.376910209655762,15.570172309875488,15.761042594909668,15.950604438781738,16.168851852416992,16.41989517211914,16.6636962890625,16.876802444458008,17.091798782348633,17.341838836669922,17.603252410888672
20.520872116088867,20.255624771118164,19.966312408447266,19.64739990234375,19.308263778686523,18.960655212402344,18.6073055267334,18.251232147216797,17.9058895111084,17.58233642578125,17.273691177368164,16.965749740600586,16.659988403320312,16.37376594543457,16.119367599487305,15.89431095123291,15.692188262939453,15.513144493103027,15.360100746154785,15.231761932373047,15.124371528625488,15.038440704345703,14.979532241821289,14.950563430786133,14.945272445678711,14.954328536987305,14.977986335754395,15.024957656860352,15.095575332641602,15.176613807678223,15.26048469543457,15.35910415649414,15.484967231750488,15.627837181091309,15.769506454467773,15.91556167602539,16.08662223815918,16.278905868530273,16.46369171142578,16.63463020324707,16.822986602783203,17.048311233520508,17.283967971801758
19.363271713256836,19.17559242248535,18.953838348388672,18.69841766357422,18.423948287963867,18.145160675048828,17.8653621673584,17.582609176635742,17.301437377929688,17.029829025268555,16.768543243408203,16.512235641479492,16.261823654174805,16.028106689453125,15.82055377960205,15.63789176940918,15.472860336303711,15.322619438171387,15.190816879272461,15.081206321716309,14.993758201599121,14.927136421203613,14.88097858428955,14.853464126586914,14.839221954345703,14.833622932434082,14.8382568359375,14.857428550720215,14.889012336730957,14.925267219543457,14.964741706848145,15.016521453857422,15.08718490600586,15.17014217376709,15.255905151367188,15.347030639648438,15.452312469482422,15.570433616638184,15.694210052490234,15.829062461853027,15.988780975341797,16.168323516845703,16.34099769592285
17.2039852142334,17.12558364868164,17.018245697021484,16.87270736694336,16.69534683227539,16.49920082092285,16.292774200439453,16.080135345458984,15.867912292480469,15.66651439666748,15.483579635620117,15.319700241088867,15.171067237854004,15.033928871154785,14.905342102050781,14.783234596252441,14.668563842773438,14.566511154174805,14.482348442077637,14.41537857055664,14.359163284301758,14.308218002319336,14.263294219970703,14.22872543334961,14.205992698669434,14.191887855529785,14.182348251342773,14.17534351348877,14.169949531555176,14.165297508239746,14.162334442138672,14.164399147033691,14.174473762512207,14.192941665649414,14.219407081604004,14.254549980163574,14.298048973083496,14.348505020141602,14.409061431884766,14.488662719726562,14.59066390991211,14.70230484008789,14.8056640625
14.401810646057129,14.397455215454102,14.385266304016113,14.343412399291992,14.265114784240723,14.158708572387695,14.038885116577148,13.919145584106445,13.809617042541504,13.716821670532227,13.642390251159668,13.582301139831543,13.52904224395752,13.475968360900879,13.420914649963379,13.367252349853516,13.321511268615723,13.288496017456055,13.266531944274902,13.247176170349121,13.221783638000488,13.189038276672363,13.156100273132324,13.130794525146484,13.113152503967285,13.094953536987305,13.068044662475586,13.031661987304688,12.991569519042969,12.95305347442627,12.91590404510498,12.87695026397705,12.836202621459961,12.79964828491211,12.775060653686523,12.764644622802734,12.762723922729492,12.762502670288086,12.764877319335938,12.778188705444336,12.807757377624512,12.84880256652832,12.893314361572266
11.412984848022461,11.410719871520996,11.424752235412598,11.433180809020996,11.42261028289795,11.395065307617188,11.363838195800781,11.343805313110352,11.343399047851562,11.362064361572266,11.39238452911377,11.42484188079834,11.452542304992676,11.474052429199219,11.493229866027832,11.515998840332031,11.545912742614746,11.580949783325195,11.614073753356934,11.637815475463867,11.650039672851562,11.655573844909668,11.661140441894531,11.667523384094238,11.666524887084961,11.646875381469727,11.604535102844238,11.546996116638184,11.487154006958008,11.431878089904785,11.376988410949707,11.313627243041992,11.239174842834473,11.162038803100586,11.09487247467041,11.043350219726562,11.002082824707031,10.961689949035645,10.91898250579834,10.879467010498047,10.850089073181152,10.831720352172852,10.819751739501953
8.55823802947998,8.541248321533203,8.553064346313477,8.579468727111816,8.605774879455566,8.626651763916016,8.648186683654785,8.68213176727295,8.73806095123291,8.81796646118164,8.916360855102539,9.02409553527832,9.133187294006348,9.239423751831055,9.342020034790039,9.441205024719238,9.535629272460938,9.622118949890137,9.697613716125488,9.761828422546387,9.81803035736084,9.870182037353516,9.918007850646973,9.954445838928223,9.968647956848145,9.953753471374512,9.912872314453125,9.85800838470459,9.801239013671875,9.74586296081543,9.684962272644043,9.609270095825195,9.516971588134766,9.416513442993164,9.31994342803955,9.233333587646484,9.15345287322998,9.073314666748047,8.9904146194458,8.909242630004883,8.83597469329834,8.771790504455566,8.711716651916504
5.894378662109375,5.906389236450195,5.94626522064209,6.005692958831787,6.0706963539123535,6.131045341491699,6.186079025268555,6.2441630363464355,6.3173508644104,6.414871692657471,6.539247989654541,6.685945510864258,6.846269607543945,7.010659694671631,7.171236991882324,7.322751045227051,7.462474346160889,7.5896782875061035,7.705326080322266,7.811286449432373,7.908864498138428,7.996883869171143,8.070833206176758,8.124029159545898,8.15126895904541,8.152261734008789,8.132466316223145,8.099767684936523,8.059207916259766,8.00989818572998,7.947030544281006,7.867289066314697,7.77308464050293,7.67172908782959,7.570047855377197,7.46943473815918,7.365801811218262,7.254930019378662,7.13787841796875,7.021662712097168,6.914266109466553,6.8184494972229,6.7300848960876465
3.451612949371338,3.51706600189209,3.606748580932617,3.7151269912719727,3.830585479736328,3.9418110847473145,4.043354034423828,4.137621879577637,4.232884883880615,4.3387556076049805,4.461950778961182,4.604022026062012,4.761889934539795,4.92997932434082,5.102514743804932,5.275073051452637,5.444637298583984,5.608944892883301,5.765549182891846,5.9112162590026855,6.042026519775391,6.154035568237305,6.244316577911377,6.311838150024414,6.357825756072998,6.385062217712402,6.3961615562438965,6.391956329345703,6.370905876159668,6.330597400665283,6.270326614379883,6.193188667297363,6.105517864227295,6.013565540313721,5.9197998046875,5.8214850425720215,5.713167667388916,5.591681480407715,5.459866523742676,5.326176643371582,5.200187683105469,5.0870866775512695,4.985143184661865
1.406665325164795,1.5058269500732422,1.6265099048614502,1.7646467685699463,1.9118165969848633,2.058314800262451,2.196605682373047,2.323617696762085,2.441164016723633,2.5544941425323486,2.670212745666504,2.7942607402801514,2.9308485984802246,3.0820577144622803,3.2478010654449463,3.4259519577026367,3.6121859550476074,3.800135612487793,3.9821550846099854,4.150637626647949,4.299633026123047,4.4261908531188965,4.530797481536865,4.616408348083496,4.686551094055176,4.743142604827881,4.785116195678711,4.808637619018555,4.8090643882751465,4.783498764038086,4.73309850692749,4.6631293296813965,4.581058502197266,4.493221282958984,4.4022016525268555,4.306448936462402,4.202409267425537,4.087944030761719,3.964824676513672,3.83860182762146,3.7161426544189453,3.6020777225494385,3.4968090057373047
