earth/public/data/atmosphere/C53/ANN-tsw-surface-level-gfs-1.0.json
{"header": {"discipline": 0, "disciplineName": "Meteorological products", "gribEdition": 2, "gribLength": 131138.0, "center": 0, "centerName": "Kiel Climate Model", "subcenter": 0, "refTime": "1", "significanceOfRT": 1, "significanceOfRTName": "Start of forecast", "productStatus": 0, "productStatusName": "Operational products", "productType": 1, "productTypeName": "Forecast products", "productDefinitionTemplate": 0, "productDefinitionTemplateName": "Analysis/forecast at horizontal level/layer at a point in time", "parameterCategory": 2, "parameterCategoryName": "Momentum", "parameterNumber": 2, "parameterNumberName": "U-component_of_wind", "parameterUnit": "K", "genProcessType": 2, "genProcessTypeName": "Forecast", "forecastTime": 0, "surface1Type": 103, "surface1TypeName": "Specified height level above ground", "surface1Value": 10, "surface2Type": 255, "surface2TypeName": "Missing", "surface2Value": 0, "gridDefinitionTemplate": 0, "gridDefinitionTemplateName": "Latitude_Longitude", "numberPoints": 65160, "shape": 6, "shapeName": "Earth spherical with radius of 6,371,229.0 m", "gridUnits": "degrees", "resolution": 48, "winds": "true", "scanMode": 0, "nx": 360.0, "ny": 180.0, "basicAngle": 0, "subDivisions": 0, "lo1": 0.0, "la1": -89.5, "lo2": 359.0, "la2": 89.5, "dx": 1.0, "dy": -1.0}, "data":
[rows 84 to 104 of 180, columns 0 to 47 of 360]
null,null,null,null,null,null,null,null,null,null,null,null,null,null,null,null,null,null,null,null,null,null,null,null,null,null,null,null,null,null,null,null,null,null,null,null,null,null,null,null,null,306.22412109375,306.2208557128906,306.0830078125,305.8236999511719,305.68585205078125,305.81378173828125,306.0483703613281
null,null,null,null,null,null,null,null,null,null,null,null,null,null,null,null,null,null,null,null,null,null,null,null,null,null,null,null,null,null,null,null,null,null,null,null,null,null,null,null,null,306.4432067871094,306.4432067871094,306.24847412109375,305.89447021484375,305.6997375488281,305.84075927734375,306.09716796875
null,null,null,null,null,null,null,null,null,null,null,null,null,null,null,null,null,null,null,null,null,null,null,null,null,null,null,null,null,null,null,null,null,null,null,null,null,null,null,null,null,306.4432067871094,306.4432067871094,306.191162109375,305.82550048828125,305.6656188964844,305.8255310058594,306.1134033203125
null,null,null,null,null,null,null,null,null,null,null,null,null,null,null,null,null,null,null,null,null,null,null,null,null,null,null,null,null,null,null,null,null,306.49298095703125,306.49298095703125,306.49298095703125,null,null,null,null,null,null,null,null,305.6772155761719,305.60357666015625,305.794921875,306.1457214355469
null,null,null,null,null,null,null,null,null,null,null,null,null,null,null,null,null,null,null,null,null,null,null,null,null,null,null,null,null,null,null,null,null,306.49298095703125,306.49298095703125,306.49298095703125,null,null,null,null,null,null,null,null,305.5694580078125,305.5694580078125,305.7796936035156,306.1619567871094
null,null,null,null,null,null,null,null,null,null,null,null,null,null,null,null,null,null,null,null,null,null,null,null,null,null,null,null,null,null,null,null,null,306.5095520019531,306.51837158203125,306.51800537109375,null,null,null,null,null,null,null,null,305.6515808105469,305.6528015136719,305.84063720703125,306.185546875
null,null,null,null,null,null,null,null,null,null,null,null,null,null,null,null,null,null,null,null,null,null,null,null,307.19732666015625,307.19732666015625,306.9471435546875,306.4780578613281,306.2278747558594,306.2780456542969,306.3720703125,306.4222106933594,306.4679260253906,306.5356750488281,306.5645751953125,306.56494140625,null,null,null,null,null,null,null,null,305.80560302734375,305.80438232421875,305.954833984375,306.2250061035156
null,null,null,null,null,null,null,null,null,null,null,null,null,null,null,null,null,null,null,null,null,null,null,null,307.19732666015625,307.19732666015625,306.94342041015625,306.4817810058594,306.2278747558594,306.2787780761719,306.3713073730469,306.4222106933594,306.4661560058594,306.5460205078125,306.5899658203125,306.5899658203125,null,null,null,null,null,null,null,null,305.8877258300781,305.8877258300781,306.0157775878906,306.24859619140625
null,null,null,null,null,null,null,null,null,null,null,null,null,null,null,null,null,null,null,null,null,null,null,null,307.07049560546875,307.068603515625,306.8282165527344,306.3890686035156,306.148681640625,306.2098388671875,306.31951904296875,306.3807067871094,306.4039001464844,306.44921875,306.472412109375,306.45245361328125,null,null,null,null,null,null,null,null,305.99755859375,305.99920654296875,306.0938415527344,306.2709655761719
null,null,null,null,null,null,null,null,null,null,null,null,null,null,null,null,null,null,null,null,null,null,null,null,306.83270263671875,306.8345947265625,306.61669921875,306.2225646972656,306.0046691894531,306.0829772949219,306.2268981933594,306.30523681640625,306.2938537597656,306.27001953125,306.2586364746094,306.2511291503906,306.23992919921875,306.3310852050781,306.523193359375,306.6256408691406,306.6256408691406,null,null,null,306.2034912109375,306.20184326171875,306.2408142089844,306.30657958984375
null,null,null,null,null,null,null,null,null,null,null,null,null,null,null,null,null,null,null,null,null,null,null,null,306.70587158203125,306.70587158203125,306.50146484375,306.1298522949219,305.9254455566406,306.0140380859375,306.17510986328125,306.2637023925781,306.2315979003906,306.1731872558594,306.14105224609375,306.16400146484375,306.2057189941406,306.3326110839844,306.52166748046875,306.6256408691406,306.6256408691406,null,null,null,306.31329345703125,306.31329345703125,306.31884765625,306.3289794921875
null,null,null,null,null,null,null,null,null,null,null,null,null,null,null,null,null,null,null,null,null,null,null,null,306.6539001464844,306.6531066894531,306.4414978027344,306.0578308105469,305.8462219238281,305.9367370605469,306.10107421875,306.19158935546875,306.153076171875,306.0840148925781,306.0455017089844,306.0502014160156,306.0615234375,306.1344909667969,306.2640075683594,306.332275390625,306.3365478515625,null,null,null,306.38818359375,306.3892822265625,306.3737487792969,306.3486633300781
null,null,null,null,null,null,null,null,null,null,null,null,null,null,null,null,null,null,null,null,null,null,null,null,306.5564270019531,306.5572204589844,306.33355712890625,305.9258117675781,305.7021179199219,305.7959289550781,305.96673583984375,306.0605163574219,306.0113220214844,305.9208984375,305.8717346191406,305.8460693359375,305.796630859375,305.7796936035156,305.7901306152344,305.7988586425781,305.7945556640625,null,null,null,306.528564453125,306.5274658203125,306.4767150878906,306.38128662109375
null,null,null,null,null,null,null,null,null,null,null,null,null,null,null,null,null,null,null,null,null,null,null,null,306.2746276855469,306.2712097167969,306.109375,305.8046875,305.64288330078125,305.708984375,305.8337097167969,305.8998107910156,305.8443603515625,305.7435302734375,305.6880798339844,305.66241455078125,305.6130065917969,305.5794677734375,305.56219482421875,305.5543212890625,305.5873718261719,null,null,null,306.5006103515625,306.5544738769531,306.4844665527344,306.3569030761719
null,null,null,null,null,null,null,null,null,null,null,null,null,null,null,null,null,null,null,null,null,null,null,null,305.84368896484375,305.84710693359375,305.8003845214844,305.7259216308594,305.6792297363281,305.69598388671875,305.72198486328125,305.7387390136719,305.68353271484375,305.58319091796875,305.5279846191406,305.5326843261719,305.5440368652344,305.57269287109375,305.619140625,305.64306640625,305.7038269042969,305.8409118652344,305.9364929199219,306.1082763671875,306.35638427734375,306.4654846191406,306.3985290527344,306.277099609375
null,null,null,null,null,null,null,null,null,null,null,null,null,null,null,null,null,null,null,null,null,null,null,null,305.61383056640625,305.61383056640625,305.6361999511719,305.6768493652344,305.69921875,305.6863708496094,305.6629943847656,305.650146484375,305.5950927734375,305.4949645996094,305.4399108886719,305.4628601074219,305.50457763671875,305.570556640625,305.64886474609375,305.69189453125,305.7559509277344,305.8724365234375,305.9364929199219,306.0622253417969,306.2908020019531,306.4165344238281,306.3514099121094,306.2330322265625
null,null,null,null,null,null,null,null,null,null,null,null,null,null,null,null,null,null,null,null,null,null,null,null,305.33526611328125,305.43731689453125,305.4346923828125,305.4337158203125,305.43109130859375,305.4363098144531,305.4430236816406,305.4482421875,305.41387939453125,305.3482971191406,305.3139343261719,305.3410949707031,305.3898010253906,305.458740234375,305.53497314453125,305.5767822265625,305.63861083984375,305.7513427734375,305.8131408691406,305.9173583984375,306.1101379394531,306.21435546875,306.152587890625,306.0397644042969
null,null,null,null,null,null,null,null,null,null,null,null,null,null,null,null,302.6321105957031,302.6321105957031,302.59735107421875,302.53216552734375,302.4974060058594,302.95068359375,303.80059814453125,304.5353088378906,304.93743896484375,305.11639404296875,305.0721435546875,304.9878845214844,304.943603515625,304.9789123535156,305.04583740234375,305.0811462402344,305.081298828125,305.0847473144531,305.08489990234375,305.1190185546875,305.1817321777344,305.2556457519531,305.3277587890625,305.36749267578125,305.4255676269531,305.53082275390625,305.5888977050781,305.65728759765625,305.7783508300781,305.84674072265625,305.7905578613281,305.6888732910156
null,null,null,null,null,null,null,null,null,null,null,null,null,null,null,null,302.6321105957031,302.6321105957031,302.5968322753906,302.5326843261719,302.4974060058594,302.9574279785156,303.7938537597656,304.4335632324219,304.7602233886719,304.9399108886719,304.87066650390625,304.7447509765625,304.67547607421875,304.7288513183594,304.8258972167969,304.8792724609375,304.9001159667969,304.93804931640625,304.95892333984375,304.99725341796875,305.06695556640625,305.1438293457031,305.2138671875,305.25238037109375,305.3082275390625,305.40972900390625,305.465576171875,305.512451171875,305.5976867675781,305.6445617675781,305.5917053222656,305.49560546875
null,null,null,null,null,null,null,null,null,null,null,null,null,null,null,null,302.8595886230469,302.8629455566406,302.8668212890625,302.8678894042969,302.87176513671875,303.2364196777344,303.9139404296875,304.40594482421875,304.6453857421875,304.772705078125,304.7195739746094,304.6205139160156,304.5673828125,304.6097412109375,304.68841552734375,304.73077392578125,304.7427978515625,304.7659912109375,304.77801513671875,304.79962158203125,304.84149169921875,304.8938903808594,304.9510498046875,304.9818420410156,305.03924560546875,305.1434326171875,305.2008361816406,305.2441101074219,305.3233642578125,305.36663818359375,305.32818603515625,305.256103515625
null,null,null,null,null,null,null,null,null,null,null,null,null,null,null,null,303.28607177734375,303.2826843261719,303.3517761230469,303.4833068847656,303.5523986816406,303.7581481933594,304.1177978515625,304.3636474609375,304.4286193847656,304.46875,304.44244384765625,304.3971252441406,304.3708190917969,304.39483642578125,304.4367980957031,304.4607849121094,304.45806884765625,304.4518127441406,304.4490966796875,304.44287109375,304.4289855957031,304.4406433105469,304.4720153808594,304.48992919921875,304.54998779296875,304.659423828125,304.7195129394531,304.75677490234375,304.8240051269531,304.86126708984375,304.84686279296875,304.8228454589844
