earth/public/data/atmosphere/C53/ANN-temp-isobaric-850hPa-gfs-1.0.json
{"header": {"discipline": 0, "disciplineName": "Meteorological products", "gribEdition": 2, "gribLength": 17922.0, "center": 0, "centerName": "Kiel Climate Model", "subcenter": 0, "refTime": "1", "significanceOfRT": 1, "significanceOfRTName": "Start of forecast", "productStatus": 0, "productStatusName": "Operational products", "productType": 1, "productTypeName": "Forecast products", "productDefinitionTemplate": 0, "productDefinitionTemplateName": "Analysis/forecast at horizontal level/layer at a point in time", "parameterCategory": 2, "parameterCategoryName": "Momentum", "parameterNumber": 2, "parameterNumberName": "U-component_of_wind", "parameterUnit": "K", "genProcessType": 2, "genProcessTypeName": "Forecast", "forecastTime": 0, "surface1Type": 103, "surface1TypeName": "Specified height level above ground", "surface1Value": 10, "surface2Type": 255, "surface2TypeName": "Missing", "surface2Value": 0, "gridDefinitionTemplate": 0, "gridDefinitionTemplateName": "Latitude_Longitude", "numberPoints": 65160, "shape": 6, "shapeName": "Earth spherical with radius of 6,371,229.0 m", "gridUnits": "degrees", "resolution": 48, "winds": "true", "scanMode": 0, "nx": 128.0, "ny": 64.0, "basicAngle": 0, "subDivisions": 0, "lo1": 0.0, "la1": 87.86379883923263, "lo2": 357.1875, "la2": -87.86379883923263, "dx": 2.8125, "dy": 2.7893269472772264}, "data":
[rows 0 to 19 of 64, columns 0 to 43 of 128]
272.2327575683594,272.23614501953125,272.2395324707031,272.2428894042969,272.2462158203125,272.2494812011719,272.25262451171875,272.2557067871094,272.2586364746094,272.26141357421875,272.2640075683594,272.26641845703125,272.2686462402344,272.2706604003906,272.2724609375,272.2740173339844,272.27532958984375,272.2764587402344,272.27734375,272.2779846191406,272.2784118652344,272.27862548828125,272.2786560058594,272.2784118652344,272.27801513671875,272.27740478515625,272.276611328125,272.2756042480469,272.2743835449219,272.2729797363281,272.2713928222656,272.26959228515625,272.267578125,272.265380859375,272.262939453125,272.26031494140625,272.2574462890625,272.2543640136719,272.25103759765625,272.2475280761719,272.2437744140625,272.2397766113281,272.235595703125,272.2311706542969
272.39337158203125,272.4042663574219,272.41558837890625,272.4271240234375,272.43865966796875,272.45001220703125,272.4609375,272.4712829589844,272.48077392578125,272.48931884765625,272.49676513671875,272.50299072265625,272.5079345703125,272.5115966796875,272.5139465332031,272.51507568359375,272.5150451660156,272.51397705078125,272.5119934082031,272.5093078613281,272.5060119628906,272.5022888183594,272.498291015625,272.494140625,272.4898681640625,272.485595703125,272.4812316894531,272.47686767578125,272.4723205566406,272.4675598144531,272.46240234375,272.45672607421875,272.4503479003906,272.44317626953125,272.4350280761719,272.42578125,272.4154052734375,272.40374755859375,272.3908996582031,272.3768310546875,272.3616027832031,272.3453063964844,272.3280334472656,272.3099365234375
272.5673522949219,272.58319091796875,272.60009765625,272.6178283691406,272.6360778808594,272.6545715332031,272.6729736328125,272.69097900390625,272.708251953125,272.7244873046875,272.7394104003906,272.75262451171875,272.7639465332031,272.77313232421875,272.78009033203125,272.78472900390625,272.7872314453125,272.78778076171875,272.78680419921875,272.78472900390625,272.7821044921875,272.77947998046875,272.7773132324219,272.7760009765625,272.7757263183594,272.77655029296875,272.7781677246094,272.7801208496094,272.78173828125,272.7821960449219,272.780517578125,272.77581787109375,272.76708984375,272.753662109375,272.73504638671875,272.7109375,272.6813659667969,272.6466979980469,272.6074523925781,272.56451416015625,272.5187072753906,272.4709777832031,272.4222106933594,272.3731689453125
272.75323486328125,272.7627868652344,272.7725830078125,272.78271484375,272.79339599609375,272.8050537109375,272.818115234375,272.8330993652344,272.8503112792969,272.86993408203125,272.8918762207031,272.9156494140625,272.9405212402344,272.9655456542969,272.9896545410156,273.0118713378906,273.03143310546875,273.0480651855469,273.06182861328125,273.07330322265625,273.0834655761719,273.09344482421875,273.1044921875,273.1175842285156,273.1332702636719,273.151611328125,273.1719665527344,273.1929931640625,273.2127685546875,273.2289123535156,273.23870849609375,273.239501953125,273.2288818359375,273.2049865722656,273.16668701171875,273.1138610839844,273.0474548339844,272.9695129394531,272.88311767578125,272.79193115234375,272.7001647949219,272.61187744140625,272.5306091308594,272.4588317871094
273.00604248046875,273.01385498046875,273.020751953125,273.0271301269531,273.0333557128906,273.0399475097656,273.0477294921875,273.05780029296875,273.071533203125,273.0903625488281,273.1153259277344,273.1466979980469,273.1839294433594,273.225341796875,273.26873779296875,273.3115539550781,273.3515319824219,273.38714599609375,273.41778564453125,273.4438781738281,273.4665222167969,273.4874267578125,273.5083312988281,273.5306701660156,273.5554504394531,273.5827941894531,273.6120300292969,273.6415710449219,273.66900634765625,273.69134521484375,273.705078125,273.70672607421875,273.6927490234375,273.66021728515625,273.6069030761719,273.53173828125,273.4351806640625,273.3197021484375,273.1898498535156,273.052490234375,272.9161376953125,272.7904052734375,272.6845703125,272.60601806640625
273.2486267089844,273.2582702636719,273.2745361328125,273.2976989746094,273.3255615234375,273.3542175292969,273.3800048828125,273.401123046875,273.4184875488281,273.435546875,273.4566345214844,273.4854736328125,273.5235900878906,273.5699462890625,273.62164306640625,273.67498779296875,273.72698974609375,273.7759704589844,273.82171630859375,273.8648681640625,273.9061584472656,273.94580078125,273.9833984375,274.0181884765625,274.0493469238281,274.0763244628906,274.0989685058594,274.1172180175781,274.1308898925781,274.1396179199219,274.1426086425781,274.1389465332031,274.1272277832031,274.1054382324219,274.0706787109375,274.0191345214844,273.9463806152344,273.8487854003906,273.7252502441406,273.5790100097656,273.4186096191406,273.2576599121094,273.11260986328125,272.99945068359375
273.4392395019531,273.4317932128906,273.447998046875,273.4891052246094,273.54705810546875,273.6077880859375,273.65765380859375,273.6893615722656,273.70477294921875,273.71343994140625,273.727783203125,273.7571716308594,273.8042907714844,273.8650207519531,273.9315490722656,273.9969177246094,274.0584411621094,274.1182556152344,274.18115234375,274.2510986328125,274.3283996582031,274.4089050292969,274.485595703125,274.5513916015625,274.60162353515625,274.63543701171875,274.6549987792969,274.6640319824219,274.6656188964844,274.6618957519531,274.65423583984375,274.6441650390625,274.63409423828125,274.6266174316406,274.622314453125,274.6176452636719,274.603759765625,274.5680236816406,274.49786376953125,274.3863525390625,274.236572265625,274.06292724609375,273.88787841796875,273.7354736328125
273.7049865722656,273.675048828125,273.67803955078125,273.7190246582031,273.78509521484375,273.8523254394531,273.8985900878906,273.9155578613281,273.9132995605469,273.91461181640625,273.94317626953125,274.010986328125,274.1126708984375,274.2292785644531,274.3386535644531,274.4266662597656,274.4934997558594,274.551513671875,274.61724853515625,274.70208740234375,274.806640625,274.9214782714844,275.0323181152344,275.1269836425781,275.20001220703125,275.2529296875,275.29150390625,275.3210754394531,275.3432922363281,275.3558044433594,275.3546142578125,275.3382873535156,275.3109130859375,275.28167724609375,275.260498046875,275.252197265625,275.2514343261719,275.2431945800781,275.20855712890625,275.13372802734375,275.01837158203125,274.877685546875,274.7373352050781,274.62200927734375
274.1525573730469,274.114990234375,274.104736328125,274.1321716308594,274.1851806640625,274.23779296875,274.2676086425781,274.2710876464844,274.26751708984375,274.2891845703125,274.3632507324219,274.49578857421875,274.6673278808594,274.8426208496094,274.988525390625,275.0901794433594,275.15557861328125,275.2075500488281,275.26898193359375,275.35125732421875,275.4519348144531,275.5609436035156,275.6690673828125,275.772216796875,275.8704528808594,275.9638977050781,276.05010986328125,276.1241455078125,276.179931640625,276.2117919921875,276.21551513671875,276.1904296875,276.14129638671875,276.07879638671875,276.0163269042969,275.9638977050781,275.9224853515625,275.8833312988281,275.8337097167969,275.7657470703125,275.6832580566406,275.60107421875,275.5372619628906,275.5007019042969
274.77587890625,274.7408752441406,274.72320556640625,274.7326354980469,274.76458740234375,274.80584716796875,274.8453063964844,274.88226318359375,274.92767333984375,274.998046875,275.10516357421875,275.2475891113281,275.40850830078125,275.5628662109375,275.691162109375,275.79058837890625,275.87451171875,275.9601745605469,276.053466796875,276.14544677734375,276.2240295410156,276.2903747558594,276.3638000488281,276.46795654296875,276.60906982421875,276.7659912109375,276.90142822265625,276.9859619140625,277.01556396484375,277.0089111328125,276.99029541015625,276.97296142578125,276.9552917480469,276.9289245605469,276.8881530761719,276.832763671875,276.7649841308594,276.6873779296875,276.60394287109375,276.5228576660156,276.4550476074219,276.4073791503906,276.3746643066406,276.33551025390625
275.5627136230469,275.5554504394531,275.5429382324219,275.5282897949219,275.52496337890625,275.55224609375,275.623779296875,275.735595703125,275.86395263671875,275.9794006347656,276.067138671875,276.13568115234375,276.2054138183594,276.2896728515625,276.38800048828125,276.4958190917969,276.6156005859375,276.751220703125,276.8919677734375,277.00860595703125,277.0763854980469,277.10650634765625,277.1502380371094,277.2618713378906,277.44818115234375,277.652099609375,277.7908630371094,277.8184814453125,277.7590637207031,277.68359375,277.65362548828125,277.6813659667969,277.73468017578125,277.7723388671875,277.7736511230469,277.7415771484375,277.6876525878906,277.6202697753906,277.5448913574219,277.46685791015625,277.3877868652344,277.2983093261719,277.17767333984375,277.0035095214844
276.53082275390625,276.5603332519531,276.5513916015625,276.512451171875,276.47833251953125,276.49871826171875,276.60906982421875,276.7967834472656,276.9954833984375,277.12725830078125,277.1644287109375,277.15386962890625,277.173828125,277.2633056640625,277.39385986328125,277.5111389160156,277.5975646972656,277.6855163574219,277.808837890625,277.95318603515625,278.067626953125,278.126708984375,278.1702575683594,278.2677917480469,278.4408264160156,278.6268615722656,278.730224609375,278.71112060546875,278.6234130859375,278.562255859375,278.57696533203125,278.6357116699219,278.6708068847656,278.65020751953125,278.6010437011719,278.5711669921875,278.57855224609375,278.60101318359375,278.6031799316406,278.55926513671875,278.4484558105469,278.24542236328125,277.9368591308594,277.55670166015625
277.6533508300781,277.6543884277344,277.6376037597656,277.6311340332031,277.6554870605469,277.7353820800781,277.89361572265625,278.11444091796875,278.32269287109375,278.42974853515625,278.4201354980469,278.38323974609375,278.4358825683594,278.6026611328125,278.7831115722656,278.8526611328125,278.79608154296875,278.7298278808594,278.7850341796875,278.9754333496094,279.1898193359375,279.311279296875,279.3310546875,279.3387756347656,279.4128112792969,279.538330078125,279.63836669921875,279.6699523925781,279.66845703125,279.6918029785156,279.738525390625,279.744873046875,279.6685791015625,279.5565490722656,279.5082702636719,279.5706481933594,279.686279296875,279.7538757324219,279.72515869140625,279.6242370605469,279.47467041015625,279.2399597167969,278.86810302734375,278.40264892578125
278.8916015625,278.8262023925781,278.8401184082031,278.9634704589844,279.1480407714844,279.3341979980469,279.507080078125,279.6736145019531,279.8077697753906,279.85906982421875,279.8272399902344,279.79962158203125,279.87603759765625,280.04931640625,280.18670654296875,280.1578063964844,279.98223876953125,279.8316955566406,279.8700866699219,280.09326171875,280.3355712890625,280.4322509765625,280.3680114746094,280.2694396972656,280.26873779296875,280.3879699707031,280.5484313964844,280.66796875,280.7278137207031,280.7470397949219,280.724609375,280.64715576171875,280.5584716796875,280.5736083984375,280.76641845703125,281.0405578613281,281.1659240722656,280.9893798828125,280.60076904296875,280.2548828125,280.1180725097656,280.111572265625,280.0184631347656,279.7391052246094
280.3310852050781,280.28228759765625,280.3720397949219,280.6044921875,280.87713623046875,281.0831298828125,281.19842529296875,281.2619323730469,281.3009948730469,281.30914306640625,281.2906494140625,281.2860412597656,281.3285827636719,281.3887634277344,281.3909912109375,281.29736328125,281.1659240722656,281.11029052734375,281.1921691894531,281.3553466796875,281.4738464355469,281.4678955078125,281.3736877441406,281.30584716796875,281.3581237792969,281.53125,281.739013671875,281.87982177734375,281.912353515625,281.86572265625,281.7881164550781,281.71820068359375,281.721923828125,281.8951110839844,282.2384033203125,282.5337829589844,282.45916748046875,281.912841796875,281.18865966796875,280.7476501464844,280.7994689941406,281.13531494140625,281.3629150390625,281.2704772949219
282.0369873046875,282.072509765625,282.193115234375,282.37506103515625,282.5426330566406,282.6502685546875,282.7132263183594,282.7574157714844,282.778076171875,282.768310546875,282.75384521484375,282.75921630859375,282.75604248046875,282.69122314453125,282.5690002441406,282.4675598144531,282.4589538574219,282.5351257324219,282.6235046386719,282.66119384765625,282.64471435546875,282.6172790527344,282.6204833984375,282.66693115234375,282.758056640625,282.8998107910156,283.0746154785156,283.2245178222656,283.3100891113281,283.36468505859375,283.4321594238281,283.4759521484375,283.4400329589844,283.3791198730469,283.3957824707031,283.4275207519531,283.2574157714844,282.83233642578125,282.4420166015625,282.4312438964844,282.78656005859375,283.13812255859375,283.1541748046875,282.8295593261719
283.8016052246094,283.86724853515625,283.96075439453125,284.0339050292969,284.05499267578125,284.0672302246094,284.13604736328125,284.24444580078125,284.297607421875,284.2520751953125,284.1802062988281,284.1567077636719,284.1368408203125,284.03070068359375,283.8631591796875,283.76055908203125,283.7799987792969,283.8428649902344,283.8560485839844,283.8262634277344,283.8270263671875,283.89794921875,284.0017395019531,284.0693359375,284.090087890625,284.1456604003906,284.3149108886719,284.56671142578125,284.82196044921875,285.0824890136719,285.3580017089844,285.4925231933594,285.28155517578125,284.81439208984375,284.4745788574219,284.4949035644531,284.72320556640625,284.95660400390625,285.2613525390625,285.7342529296875,286.1378173828125,286.0793762207031,285.50506591796875,284.7770690917969
285.39715576171875,285.41546630859375,285.48876953125,285.55322265625,285.5572814941406,285.537841796875,285.57354736328125,285.66156005859375,285.69439697265625,285.60479736328125,285.47479248046875,285.41461181640625,285.3902893066406,285.2936706542969,285.13916015625,285.0399169921875,285.01141357421875,284.96209716796875,284.87939453125,284.86724853515625,284.9826354980469,285.16644287109375,285.345458984375,285.5005798339844,285.650634765625,285.85040283203125,286.1525573730469,286.5126647949219,286.82733154296875,287.09375,287.3529968261719,287.45465087890625,287.1769714355469,286.69342041015625,286.57525634765625,287.1126403808594,287.93402099609375,288.5368957519531,288.8814392089844,289.1509094238281,289.2269287109375,288.837646484375,288.0839538574219,287.4024658203125
286.87176513671875,286.8360900878906,286.8680419921875,286.9382629394531,286.9820861816406,286.9560546875,286.89208984375,286.8538818359375,286.8293151855469,286.75335693359375,286.64007568359375,286.562744140625,286.50244140625,286.3783874511719,286.2254943847656,286.1539306640625,286.1370544433594,286.05487060546875,285.9434814453125,285.9701843261719,286.1709289550781,286.45233154296875,286.82440185546875,287.36834716796875,288.0029296875,288.5398254394531,288.933349609375,289.2572021484375,289.52392578125,289.7240295410156,289.8894958496094,289.9498596191406,289.78546142578125,289.61383056640625,289.95587158203125,290.9163818359375,291.85394287109375,292.12347412109375,291.83709716796875,291.5201721191406,291.3224792480469,291.02142333984375,290.5878601074219,290.2384948730469
288.27691650390625,288.2608337402344,288.2236328125,288.197998046875,288.2001037597656,288.15728759765625,288.02789306640625,287.9008483886719,287.85107421875,287.81622314453125,287.7284851074219,287.6212158203125,287.51080322265625,287.3492126464844,287.1767272949219,287.1195373535156,287.16546630859375,287.1692810058594,287.1309814453125,287.2159118652344,287.48004150390625,287.8702087402344,288.4735412597656,289.39208984375,290.3802795410156,291.0238037109375,291.29351806640625,291.5335998535156,291.9253234863281,292.3404846191406,292.65338134765625,292.8421325683594,292.9109191894531,293.02734375,293.5059814453125,294.3155822753906,294.87261962890625,294.7001647949219,294.0578918457031,293.5627136230469,293.39508056640625,293.2504577636719,292.9215087890625,292.5076904296875
