earth/public/data/atmosphere/C53/ANN-wind-isobaric-850hPa-gfs-1.0.json
{"header": {"discipline": 0, "disciplineName": "Meteorological products", "gribEdition": 2, "gribLength": 17922.0, "center": 0, "centerName": "Kiel Climate Model", "subcenter": 0, "refTime": "1", "significanceOfRT": 1, "significanceOfRTName": "Start of forecast", "productStatus": 0, "productStatusName": "Operational products", "productType": 1, "productTypeName": "Forecast products", "productDefinitionTemplate": 0, "productDefinitionTemplateName": "Analysis/forecast at horizontal level/layer at a point in time", "parameterCategory": 2, "parameterCategoryName": "Momentum", "parameterNumber": 2, "parameterNumberName": "U-component_of_wind", "parameterUnit": "m/s", "genProcessType": 2, "genProcessTypeName": "Forecast", "forecastTime": 0, "surface1Type": 103, "surface1TypeName": "Specified height level above ground", "surface1Value": 10, "surface2Type": 255, "surface2TypeName": "Missing", "surface2Value": 0, "gridDefinitionTemplate": 0, "gridDefinitionTemplateName": "Latitude_Longitude", "numberPoints": 65160, "shape": 6, "shapeName": "Earth spherical with radius of 6,371,229.0 m", "gridUnits": "degrees", "resolution": 48, "winds": "true", "scanMode": 0, "nx": 128.0, "ny": 64.0, "basicAngle": 0, "subDivisions": 0, "lo1": 0.0, "la1": 87.86379883923263, "lo2": 357.1875, "la2": -87.86379883923263, "dx": 2.8125, "dy": 2.7893269472772264}, "data":
[rows 38 to 56 of 64, columns 0 to 42 of 128]
-4.026217460632324,-3.50407075881958,-2.9990923404693604,-2.7683517932891846,-2.2246172428131104,-1.3055009841918945,-0.48915615677833557,-0.21803373098373413,-0.9513426423072815,-2.682471990585327,-4.407876491546631,-5.209856033325195,-5.377935409545898,-5.586180686950684,-5.8722004890441895,-6.068338871002197,-6.276755332946777,-6.5456037521362305,-6.753082752227783,-6.855493545532227,-6.899181842803955,-6.922358512878418,-6.948721885681152,-6.964833736419678,-6.93757438659668,-6.8692755699157715,-6.79062032699585,-6.734593868255615,-6.69350528717041,-6.612842082977295,-6.508363246917725,-6.463037967681885,-6.454423904418945,-6.416751384735107,-6.41012716293335,-6.46441125869751,-6.471516132354736,-6.430315971374512,-6.466290473937988,-6.546150207519531,-6.54513692855835,-6.508608818054199,-6.511119842529297
-4.895328998565674,-4.355503559112549,-3.883981704711914,-3.6445627212524414,-3.028743028640747,-1.885648488998413,-0.7097136378288269,-0.25274115800857544,-0.9668901562690735,-2.333331823348999,-3.308877944946289,-3.6798181533813477,-4.077733039855957,-4.747930526733398,-5.366095066070557,-5.801285266876221,-6.1595458984375,-6.433010578155518,-6.609598636627197,-6.734731674194336,-6.771191120147705,-6.722743034362793,-6.705877304077148,-6.735386371612549,-6.721723556518555,-6.658471584320068,-6.592723369598389,-6.539432048797607,-6.497396945953369,-6.439294338226318,-6.3568596839904785,-6.309435844421387,-6.297924518585205,-6.245294570922852,-6.187122344970703,-6.217511177062988,-6.274827480316162,-6.266837120056152,-6.251552581787109,-6.27067232131958,-6.254972457885742,-6.207160472869873,-6.198572635650635
-4.700080394744873,-4.107709884643555,-3.793246030807495,-3.6493000984191895,-3.2206428050994873,-2.469250202178955,-1.812683343887329,-1.9031178951263428,-2.82199764251709,-3.5419461727142334,-3.215848922729492,-2.53800630569458,-2.6356699466705322,-3.4197335243225098,-4.155972480773926,-4.664059162139893,-5.061264991760254,-5.285728931427002,-5.3785834312438965,-5.496706008911133,-5.598087310791016,-5.599053859710693,-5.572384357452393,-5.560482501983643,-5.534541130065918,-5.515082359313965,-5.490570068359375,-5.413372993469238,-5.332256317138672,-5.2918806076049805,-5.236170291900635,-5.171027660369873,-5.164385795593262,-5.167572021484375,-5.119665145874023,-5.099889755249023,-5.15131139755249,-5.1811652183532715,-5.1601762771606445,-5.161516189575195,-5.1820878982543945,-5.161785125732422,-5.127485275268555
-2.822453737258911,-2.5340538024902344,-2.601445436477661,-2.6059207916259766,-2.348090171813965,-2.048696994781494,-2.010235548019409,-2.5056052207946777,-3.2917768955230713,-3.410154104232788,-2.4599664211273193,-1.459778070449829,-1.431882381439209,-2.0646817684173584,-2.614126205444336,-2.982428550720215,-3.2765557765960693,-3.3881657123565674,-3.363417148590088,-3.3988168239593506,-3.4858133792877197,-3.531074285507202,-3.548173189163208,-3.5364696979522705,-3.4956300258636475,-3.491635322570801,-3.493431568145752,-3.410170316696167,-3.321370840072632,-3.323662281036377,-3.3121886253356934,-3.2269446849823,-3.20019268989563,-3.254760980606079,-3.2481062412261963,-3.1829965114593506,-3.184539556503296,-3.22983455657959,-3.233672618865967,-3.248788356781006,-3.3259689807891846,-3.3759775161743164,-3.3483400344848633
-0.2940855622291565,-0.3978618085384369,-0.6494145393371582,-0.6728410124778748,-0.5251717567443848,-0.569854199886322,-0.923750102519989,-1.4174613952636719,-1.6945345401763916,-1.3601406812667847,-0.5381372570991516,0.05468395724892616,0.03335951641201973,-0.24346116185188293,-0.43798816204071045,-0.621493399143219,-0.7985348105430603,-0.8255998492240906,-0.763319730758667,-0.7456897497177124,-0.7350143194198608,-0.7104006409645081,-0.7289655208587646,-0.7352678179740906,-0.6772274374961853,-0.653296172618866,-0.6808822154998779,-0.6460995674133301,-0.5888804793357849,-0.6297124028205872,-0.6791606545448303,-0.6219078302383423,-0.5745543241500854,-0.6315345168113708,-0.671330451965332,-0.6373806595802307,-0.650901734828949,-0.7340206503868103,-0.7751168608665466,-0.7812948226928711,-0.8495488166809082,-0.946681797504425,-0.9798958897590637
1.926291823387146,1.8541033267974854,1.791043996810913,1.7863376140594482,1.76273775100708,1.4909363985061646,0.9977793097496033,0.6666891574859619,0.8250212669372559,1.3737735748291016,1.8892329931259155,2.1091361045837402,2.192559003829956,2.3442413806915283,2.45457124710083,2.404481887817383,2.3575382232666016,2.4217302799224854,2.4496653079986572,2.405723810195923,2.446725368499756,2.553924798965454,2.5839896202087402,2.6028811931610107,2.711935520172119,2.779520273208618,2.7157416343688965,2.668017864227295,2.6998653411865234,2.679759979248047,2.596090316772461,2.573147773742676,2.5861551761627197,2.5236098766326904,2.4249911308288574,2.369913101196289,2.3054370880126953,2.1900341510772705,2.1039516925811768,2.083155393600464,2.044736862182617,1.9464590549468994,1.8431440591812134
4.1039958000183105,4.365159511566162,4.4447174072265625,4.258815288543701,4.032860279083252,3.8129312992095947,3.5707623958587646,3.5245089530944824,3.869187593460083,4.3634419441223145,4.611475467681885,4.644869327545166,4.802774429321289,5.116889953613281,5.306405067443848,5.3474297523498535,5.492951393127441,5.734436511993408,5.819503307342529,5.775174140930176,5.843402862548828,5.994128227233887,6.043210506439209,6.069230079650879,6.215071201324463,6.337067127227783,6.281125068664551,6.194166660308838,6.2229132652282715,6.246753215789795,6.155440807342529,6.047601699829102,5.991812229156494,5.905906677246094,5.761959075927734,5.643303871154785,5.567492961883545,5.466576099395752,5.33405876159668,5.227520942687988,5.15097713470459,5.051787853240967,4.908210277557373
6.653118133544922,7.041822910308838,6.995376110076904,6.575976848602295,6.28004789352417,6.292397975921631,6.434945583343506,6.652685642242432,7.006368637084961,7.329154968261719,7.392523288726807,7.321497440338135,7.4118852615356445,7.644529342651367,7.803473949432373,7.934498310089111,8.22596549987793,8.57618522644043,8.754501342773438,8.842122077941895,9.050634384155273,9.28568172454834,9.343421936035156,9.325867652893066,9.431129455566406,9.565269470214844,9.551798820495605,9.47842025756836,9.496312141418457,9.52357006072998,9.432347297668457,9.294135093688965,9.212642669677734,9.1314115524292,8.982643127441406,8.832022666931152,8.738100051879883,8.632710456848145,8.45084285736084,8.248971939086914,8.103815078735352,7.990797519683838,7.839864730834961
9.108013153076172,9.317136764526367,9.189350128173828,8.86843490600586,8.734919548034668,8.875421524047852,9.080060005187988,9.25070858001709,9.446640014648438,9.625580787658691,9.690940856933594,9.731361389160156,9.912342071533203,10.20150375366211,10.462632179260254,10.709464073181152,11.00281047821045,11.24195671081543,11.34041976928711,11.450521469116211,11.722870826721191,12.011855125427246,12.110237121582031,12.096861839294434,12.161728858947754,12.267171859741211,12.267809867858887,12.198869705200195,12.179450988769531,12.176758766174316,12.097495079040527,11.982590675354004,11.91583251953125,11.857378959655762,11.729734420776367,11.562620162963867,11.416868209838867,11.260879516601562,11.04360294342041,10.81037712097168,10.637513160705566,10.5101957321167,10.359040260314941
10.727914810180664,10.746885299682617,10.749340057373047,10.784097671508789,10.908333778381348,11.050275802612305,11.085864067077637,11.029784202575684,11.007143020629883,11.083344459533691,11.258783340454102,11.563872337341309,12.0087308883667,12.494942665100098,12.910093307495117,13.245624542236328,13.511612892150879,13.642951011657715,13.626346588134766,13.606043815612793,13.708108901977539,13.863383293151855,13.951953887939453,14.006784439086914,14.113948822021484,14.223345756530762,14.230851173400879,14.161792755126953,14.114189147949219,14.09052848815918,14.02666187286377,13.926478385925293,13.841923713684082,13.767498016357422,13.659783363342285,13.521120071411133,13.377978324890137,13.215985298156738,13.012449264526367,12.797452926635742,12.614483833312988,12.451255798339844,12.27004337310791
11.43958854675293,11.423498153686523,11.511629104614258,11.6867036819458,11.873141288757324,11.980437278747559,11.959758758544922,11.848841667175293,11.750276565551758,11.773933410644531,11.99955940246582,12.43681526184082,12.983926773071289,13.482405662536621,13.86424732208252,14.197056770324707,14.541015625,14.830436706542969,14.961679458618164,14.9368257522583,14.846776962280273,14.765990257263184,14.7350435256958,14.789941787719727,14.92135238647461,15.041156768798828,15.068103790283203,15.02267837524414,14.976482391357422,14.941308975219727,14.872172355651855,14.753076553344727,14.615510940551758,14.486543655395508,14.370063781738281,14.267894744873047,14.176437377929688,14.071407318115234,13.930233001708984,13.761063575744629,13.584298133850098,13.40170955657959,13.208212852478027
11.531505584716797,11.552539825439453,11.556183815002441,11.56561279296875,11.58457088470459,11.607698440551758,11.613591194152832,11.579967498779297,11.529698371887207,11.553067207336426,11.748176574707031,12.111652374267578,12.508667945861816,12.799354553222656,13.000715255737305,13.274922370910645,13.73080062866211,14.274166107177734,14.68764877319336,14.832971572875977,14.747267723083496,14.574169158935547,14.44714069366455,14.422867774963379,14.473479270935059,14.526638984680176,14.53166675567627,14.49341106414795,14.439642906188965,14.373477935791016,14.276693344116211,14.144418716430664,13.992532730102539,13.837602615356445,13.690299987792969,13.563440322875977,13.466822624206543,13.393016815185547,13.32189655303955,13.239304542541504,13.144278526306152,13.042922019958496,12.942838668823242
10.734971046447754,10.752729415893555,10.688912391662598,10.590189933776855,10.495429992675781,10.423906326293945,10.366323471069336,10.304244995117188,10.253408432006836,10.273927688598633,10.410228729248047,10.617551803588867,10.780935287475586,10.838991165161133,10.880990982055664,11.082703590393066,11.526888847351074,12.101693153381348,12.591179847717285,12.855231285095215,12.91347885131836,12.877887725830078,12.838826179504395,12.818073272705078,12.798184394836426,12.766580581665039,12.727070808410645,12.68335247039795,12.626700401306152,12.547266960144043,12.452747344970703,12.364039421081543,12.288196563720703,12.205617904663086,12.093770980834961,11.95971965789795,11.839475631713867,11.764402389526367,11.734416007995605,11.724888801574707,11.714376449584961,11.702631950378418,11.703224182128906
8.658653259277344,8.603299140930176,8.573491096496582,8.568472862243652,8.541168212890625,8.449714660644531,8.3012113571167,8.156903266906738,8.09646224975586,8.160256385803223,8.306415557861328,8.42541790008545,8.422526359558105,8.308627128601074,8.20963191986084,8.267889022827148,8.521315574645996,8.878400802612305,9.210806846618652,9.461026191711426,9.6571044921875,9.838932037353516,9.995458602905273,10.081732749938965,10.0823335647583,10.038490295410156,10.009232521057129,10.015833854675293,10.033782958984375,10.035557746887207,10.02951431274414,10.048653602600098,10.105712890625,10.170783996582031,10.199090003967285,10.176426887512207,10.130284309387207,10.096674919128418,10.081884384155273,10.06032943725586,10.00745677947998,9.930313110351562,9.864078521728516
6.028001308441162,5.9064531326293945,5.922815322875977,6.024871826171875,6.0926923751831055,6.045902252197266,5.918709754943848,5.838962078094482,5.927037715911865,6.194386005401611,6.521606922149658,6.735750675201416,6.730056285858154,6.533640384674072,6.278443813323975,6.096296310424805,6.0371904373168945,6.073029518127441,6.164119720458984,6.307404041290283,6.517053127288818,6.7707109451293945,6.994968891143799,7.116578102111816,7.128100872039795,7.097108364105225,7.107522487640381,7.192046642303467,7.319352149963379,7.440035343170166,7.536992073059082,7.630630016326904,7.743972301483154,7.872437477111816,7.9904985427856445,8.080307960510254,8.145468711853027,8.194600105285645,8.217179298400879,8.183130264282227,8.070510864257812,7.894237518310547,7.706124782562256
4.044637203216553,3.9736552238464355,4.036434650421143,4.168076038360596,4.261116027832031,4.263470649719238,4.2352423667907715,4.312102794647217,4.599630832672119,5.080777645111084,5.6086626052856445,5.991098403930664,6.102916717529297,5.945986270904541,5.6227617263793945,5.258478164672852,4.938511371612549,4.699245452880859,4.555096626281738,4.51616907119751,4.575746536254883,4.69053316116333,4.790390491485596,4.822131156921387,4.79016637802124,4.7533111572265625,4.776523590087891,4.87959623336792,5.026056289672852,5.157140731811523,5.236127853393555,5.2659454345703125,5.273703098297119,5.285543918609619,5.3157501220703125,5.3712263107299805,5.455732345581055,5.5634541511535645,5.669729709625244,5.7349443435668945,5.725630283355713,5.638278484344482,5.505795955657959
2.7664971351623535,2.8146588802337646,2.9271011352539062,3.049854040145874,3.1221718788146973,3.1312482357025146,3.1359505653381348,3.23466157913208,3.4963037967681885,3.9042179584503174,4.354572772979736,4.710319519042969,4.8722333908081055,4.8200554847717285,4.6037821769714355,4.302416801452637,3.9848403930664062,3.6950860023498535,3.457319498062134,3.282881736755371,3.1692264080047607,3.09729266166687,3.0398635864257812,2.9799551963806152,2.924842119216919,2.900301456451416,2.9271934032440186,2.999141216278076,3.080434799194336,3.1258339881896973,3.1066181659698486,3.0240297317504883,2.904273509979248,2.7838833332061768,2.697235345840454,2.670565128326416,2.7182271480560303,2.8376402854919434,3.0050599575042725,3.1796677112579346,3.318260669708252,3.394503116607666,3.410571336746216
1.6208617687225342,1.6901220083236694,1.7741409540176392,1.841491937637329,1.8659626245498657,1.8461178541183472,1.811000108718872,1.805101990699768,1.8610869646072388,1.9786441326141357,2.1241581439971924,2.250452756881714,2.322227716445923,2.330005645751953,2.286043643951416,2.2089996337890625,2.1107306480407715,1.9935871362686157,1.8565813302993774,1.7027180194854736,1.5414477586746216,1.3863725662231445,1.251739501953125,1.150195598602295,1.0910147428512573,1.0765594244003296,1.0982400178909302,1.1357221603393555,1.1623010635375977,1.155168890953064,1.1048593521118164,1.0182559490203857,0.9147319793701172,0.8186392188072205,0.7526344060897827,0.733835756778717,0.7710000872612,0.8618501424789429,0.99112868309021,1.132881760597229,1.2584630250930786,1.3478262424468994,1.3983402252197266
0.6417343616485596,0.6236725449562073,0.6110263466835022,0.603066086769104,0.5966581106185913,0.5880939960479736,0.5747688412666321,0.5548599362373352,0.526347815990448,0.487285315990448,0.43818148970603943,0.3849881589412689,0.3393321931362152,0.3143004775047302,0.31684622168540955,0.341513991355896,0.36975497007369995,0.376212477684021,0.33913832902908325,0.24960105121135712,0.11526462435722351,-0.04272282123565674,-0.19764268398284912,-0.32607364654541016,-0.4147024154663086,-0.46284371614456177,-0.4806387424468994,-0.4839038848876953,-0.4876444935798645,-0.5009011626243591,-0.5248792171478271,-0.5543504953384399,-0.5816911458969116,-0.6002488732337952,-0.6063920855522156,-0.599490225315094,-0.580923318862915,-0.553608238697052,-0.5216736793518066,-0.4898098111152649,-0.4610559940338135,-0.4340294301509857,-0.4010279178619385
