earth/public/data/atmosphere/C53/ANN-precip-surface-level-gfs-1.0.json
{"header": {"discipline": 0, "disciplineName": "Meteorological products", "gribEdition": 2, "gribLength": 17922.0, "center": 0, "centerName": "Kiel Climate Model", "subcenter": 0, "refTime": "1", "significanceOfRT": 1, "significanceOfRTName": "Start of forecast", "productStatus": 0, "productStatusName": "Operational products", "productType": 1, "productTypeName": "Forecast products", "productDefinitionTemplate": 0, "productDefinitionTemplateName": "Analysis/forecast at horizontal level/layer at a point in time", "parameterCategory": 2, "parameterCategoryName": "Momentum", "parameterNumber": 2, "parameterNumberName": "U-component_of_wind", "parameterUnit": "mm/day", "genProcessType": 2, "genProcessTypeName": "Forecast", "forecastTime": 0, "surface1Type": 103, "surface1TypeName": "Specified height level above ground", "surface1Value": 10, "surface2Type": 255, "surface2TypeName": "Missing", "surface2Value": 0, "gridDefinitionTemplate": 0, "gridDefinitionTemplateName": "Latitude_Longitude", "numberPoints": 65160, "shape": 6, "shapeName": "Earth spherical with radius of 6,371,229.0 m", "gridUnits": "degrees", "resolution": 48, "winds": "true", "scanMode": 0, "nx": 128.0, "ny": 64.0, "basicAngle": 0, "subDivisions": 0, "lo1": 0.0, "la1": 87.86379883923263, "lo2": 357.1875, "la2": -87.86379883923263, "dx": 2.8125, "dy": 2.7893269472772264}, "data":
[rows 38 to 56 of 64, columns 43 to 85 of 128]
3.740241050720215,3.5789976119995117,3.6157968044281006,3.703763723373413,3.5898983478546143,3.499678373336792,3.6258316040039062,3.821469783782959,3.9087331295013428,4.065556049346924,4.365261077880859,4.739902496337891,5.109116554260254,5.416969299316406,5.79475736618042,6.243965148925781,6.621891021728516,6.878354549407959,7.1165242195129395,7.345515727996826,7.599168300628662,7.923031806945801,7.934220790863037,7.869579315185547,8.211047172546387,8.593388557434082,8.389220237731934,8.201001167297363,8.396758079528809,8.273448944091797,7.778619766235352,7.657416343688965,7.793522357940674,7.619362831115723,7.179320812225342,6.846179008483887,6.56972074508667,6.34706449508667,5.981963634490967,5.366639137268066,5.031038284301758,4.793325901031494,4.23037576675415
2.26306414604187,2.1199913024902344,2.075657606124878,2.2076072692871094,2.33747935295105,2.3596363067626953,2.333444595336914,2.4330859184265137,2.568251848220825,2.7180840969085693,2.879636287689209,3.0409958362579346,3.2142324447631836,3.4339749813079834,3.693922519683838,4.068589687347412,4.436236381530762,4.673918724060059,4.84374475479126,5.1074113845825195,5.347297668457031,5.483738899230957,5.600142002105713,5.807127952575684,6.052884101867676,6.113750457763672,6.084003448486328,6.270656585693359,6.597511291503906,6.627216339111328,6.563561916351318,6.707430839538574,6.775155544281006,6.515049457550049,6.291003227233887,6.251806259155273,6.202784061431885,6.000332355499268,5.659743785858154,5.38545036315918,5.227210521697998,4.971519470214844,4.485772132873535
1.7120722532272339,1.6410590410232544,1.5854912996292114,1.6270257234573364,1.672008991241455,1.7012255191802979,1.753641963005066,1.8441290855407715,1.9202749729156494,2.029020071029663,2.0677833557128906,2.1540448665618896,2.3130459785461426,2.5215771198272705,2.7084946632385254,2.8842103481292725,3.1022238731384277,3.3187060356140137,3.504645347595215,3.726710081100464,3.8078160285949707,3.8664722442626953,4.024595737457275,4.237450122833252,4.2907819747924805,4.337433338165283,4.529833793640137,4.703876495361328,4.700089931488037,4.7537431716918945,5.054356575012207,5.23622465133667,5.095411777496338,4.970315933227539,5.125133037567139,5.315659999847412,5.191616058349609,4.990468502044678,4.932865619659424,5.02341890335083,4.9525628089904785,4.661085605621338,4.402059555053711
1.512446403503418,1.4978796243667603,1.4703564643859863,1.4820332527160645,1.4963384866714478,1.5393798351287842,1.6110919713974,1.6602039337158203,1.7073439359664917,1.7514389753341675,1.8124345541000366,1.9264473915100098,2.0992543697357178,2.2654759883880615,2.394022226333618,2.487826108932495,2.6401047706604004,2.784837007522583,2.940392017364502,3.0896615982055664,3.1720423698425293,3.2458174228668213,3.391737699508667,3.5295958518981934,3.5608069896698,3.625009298324585,3.8393592834472656,3.977717638015747,3.96830153465271,4.054014682769775,4.252575874328613,4.271983623504639,4.160123348236084,4.259856700897217,4.4933881759643555,4.469918251037598,4.263919830322266,4.261603355407715,4.475703239440918,4.569065093994141,4.3924994468688965,4.23238468170166,4.258116722106934
1.514086365699768,1.5059256553649902,1.5043938159942627,1.5222593545913696,1.5529513359069824,1.5866706371307373,1.626107096672058,1.6857776641845703,1.7754143476486206,1.8405526876449585,1.914036750793457,2.0010313987731934,2.095271348953247,2.214235544204712,2.331228256225586,2.476755142211914,2.6184628009796143,2.713435173034668,2.7984166145324707,2.8924167156219482,3.003424644470215,3.057865858078003,3.129337787628174,3.174731492996216,3.1612305641174316,3.198408365249634,3.3415162563323975,3.4090425968170166,3.4177908897399902,3.489664077758789,3.6170573234558105,3.6295647621154785,3.6427161693573,3.791285514831543,3.891080856323242,3.795339822769165,3.7468128204345703,3.866713285446167,3.931013584136963,3.7464051246643066,3.651435136795044,3.7570154666900635,3.871389150619507
1.7134358882904053,1.6810158491134644,1.6875158548355103,1.6990869045257568,1.7189459800720215,1.7540830373764038,1.7932525873184204,1.859836459159851,1.9462413787841797,2.03773832321167,2.120232343673706,2.179265260696411,2.252321481704712,2.3668932914733887,2.504185199737549,2.644028663635254,2.7460289001464844,2.8117549419403076,2.8596765995025635,2.9561078548431396,3.0564112663269043,3.1005640029907227,3.121457576751709,3.120610237121582,3.1605169773101807,3.1771388053894043,3.200441598892212,3.1884090900421143,3.179274797439575,3.2287917137145996,3.3027503490448,3.3119659423828125,3.33632230758667,3.442244052886963,3.463913917541504,3.394996166229248,3.4499409198760986,3.603945255279541,3.5682153701782227,3.4458765983581543,3.497360944747925,3.6460535526275635,3.645049810409546
2.325502872467041,2.3180124759674072,2.3148293495178223,2.3134071826934814,2.2828993797302246,2.2658638954162598,2.2590882778167725,2.2715535163879395,2.2796647548675537,2.3416907787323,2.4159693717956543,2.484888792037964,2.5485236644744873,2.6521942615509033,2.7715845108032227,2.8687338829040527,2.9286627769470215,2.990696668624878,3.0909030437469482,3.177720308303833,3.262207508087158,3.3155112266540527,3.2893178462982178,3.269765615463257,3.3073642253875732,3.322058916091919,3.294663667678833,3.2491681575775146,3.2581052780151367,3.330970287322998,3.3435542583465576,3.2881743907928467,3.3076703548431396,3.393610954284668,3.398637056350708,3.3291234970092773,3.3520050048828125,3.4432427883148193,3.4486255645751953,3.4183342456817627,3.483670711517334,3.568824291229248,3.5063674449920654
3.076145887374878,3.170929193496704,3.1040878295898438,3.1114561557769775,3.222672939300537,3.207986354827881,3.1720807552337646,3.1279773712158203,3.080625534057617,3.0680902004241943,3.0838875770568848,3.08585524559021,3.104804515838623,3.1140904426574707,3.1897103786468506,3.243034839630127,3.317296266555786,3.394078493118286,3.462005376815796,3.5024101734161377,3.5304527282714844,3.539778470993042,3.564744472503662,3.549348831176758,3.53224778175354,3.499300241470337,3.4408538341522217,3.407087802886963,3.421090841293335,3.432699203491211,3.3840155601501465,3.344575881958008,3.4210727214813232,3.5258007049560547,3.50848650932312,3.444520950317383,3.4820754528045654,3.5472164154052734,3.5333149433135986,3.488661527633667,3.5307633876800537,3.5829975605010986,3.568662166595459
3.603048801422119,3.660169839859009,3.388357639312744,3.345456600189209,3.7697691917419434,3.9663584232330322,3.969973087310791,3.9698517322540283,3.9911160469055176,3.98016357421875,3.9343414306640625,3.873401165008545,3.8050501346588135,3.748286724090576,3.749448537826538,3.781449317932129,3.836138963699341,3.85355281829834,3.8272111415863037,3.7942965030670166,3.769972085952759,3.768296480178833,3.7857556343078613,3.7898268699645996,3.726133346557617,3.6670751571655273,3.629080057144165,3.614926338195801,3.576645612716675,3.5315568447113037,3.4644227027893066,3.478847026824951,3.536465644836426,3.582759380340576,3.5565764904022217,3.5521607398986816,3.6359803676605225,3.659548759460449,3.6064205169677734,3.598090887069702,3.6723129749298096,3.733215093612671,3.711247444152832
4.186219692230225,4.04058837890625,3.9471933841705322,4.034858226776123,4.340487480163574,4.488192558288574,4.341936111450195,4.3510565757751465,4.372937202453613,4.407386302947998,4.395986557006836,4.329626560211182,4.309769630432129,4.260045528411865,4.198596954345703,4.133983612060547,4.110283851623535,4.081777095794678,4.064091205596924,4.040081977844238,4.045081615447998,4.0363311767578125,4.011484146118164,3.959275722503662,3.904977798461914,3.8558576107025146,3.849630355834961,3.831172227859497,3.7602152824401855,3.7306835651397705,3.705986261367798,3.713052272796631,3.6654696464538574,3.6145830154418945,3.62715482711792,3.7042646408081055,3.793569803237915,3.7800159454345703,3.747220039367676,3.8141942024230957,3.9274489879608154,3.9382829666137695,3.8700497150421143
4.64116907119751,4.5706467628479,4.630888938903809,4.736480236053467,4.979781150817871,4.76047420501709,4.420173645019531,4.360870838165283,4.3771138191223145,4.405343055725098,4.441513538360596,4.47643518447876,4.51431941986084,4.51131010055542,4.422563076019287,4.268087387084961,4.204681873321533,4.211048126220703,4.249671936035156,4.304920196533203,4.29494571685791,4.219261169433594,4.109116077423096,4.019503593444824,3.9787187576293945,3.985733985900879,3.981975793838501,3.948500394821167,3.874687433242798,3.8737642765045166,3.9138481616973877,3.8961310386657715,3.834275960922241,3.7848966121673584,3.8299145698547363,3.9412057399749756,3.9716811180114746,3.8926618099212646,3.8618712425231934,3.929978609085083,4.01232385635376,3.9722237586975098,3.879645347595215
4.761528491973877,4.8387532234191895,4.870870113372803,4.857216835021973,4.820601940155029,4.642086505889893,4.4243974685668945,4.259437084197998,4.2464704513549805,4.3248291015625,4.399442195892334,4.439123630523682,4.460127830505371,4.4489946365356445,4.386589050292969,4.348910331726074,4.348884582519531,4.392669677734375,4.381679058074951,4.345912456512451,4.273353099822998,4.183333396911621,4.114561557769775,4.0715765953063965,4.0621113777160645,4.048712253570557,4.047895431518555,3.98158860206604,3.9189019203186035,3.9058828353881836,3.9204862117767334,3.922903060913086,3.8921890258789062,3.891633987426758,3.934605598449707,3.9581148624420166,3.931189775466919,3.8582987785339355,3.8447325229644775,3.917952060699463,3.938873767852783,3.9115734100341797,3.9251458644866943
4.309937953948975,4.520822525024414,4.509579658508301,4.464775562286377,4.388689041137695,4.2864484786987305,4.173208236694336,4.1196208000183105,4.1567301750183105,4.2888898849487305,4.338670253753662,4.321096897125244,4.310305595397949,4.31804084777832,4.335600852966309,4.366054534912109,4.38747501373291,4.34935998916626,4.272165775299072,4.229442596435547,4.209511756896973,4.234200954437256,4.265955924987793,4.2502121925354,4.19438362121582,4.110794544219971,4.055347442626953,4.022587776184082,3.999264717102051,3.9615707397460938,3.9266202449798584,3.902308464050293,3.891742467880249,3.8774118423461914,3.860790252685547,3.8131344318389893,3.7725508213043213,3.798799514770508,3.904736042022705,3.9787850379943848,3.9733002185821533,3.91914701461792,3.9033830165863037
3.673555612564087,3.858609437942505,4.025766849517822,4.12227725982666,4.069112777709961,3.9681990146636963,3.851102113723755,3.8180441856384277,3.875854969024658,3.9847402572631836,4.064111232757568,4.08868408203125,4.087884426116943,4.10195255279541,4.144221782684326,4.197071552276611,4.189979553222656,4.1479010581970215,4.123075485229492,4.142215251922607,4.203089237213135,4.255293369293213,4.244504928588867,4.140928268432617,4.009782314300537,3.917567491531372,3.9213738441467285,3.9475789070129395,3.969383716583252,3.917384624481201,3.838428497314453,3.7956879138946533,3.7912731170654297,3.777198314666748,3.7412683963775635,3.6916110515594482,3.6746997833251953,3.728734016418457,3.7985801696777344,3.8260624408721924,3.7517974376678467,3.6490490436553955,3.622426986694336
3.2502551078796387,3.546055316925049,3.9191653728485107,4.187932014465332,4.157073974609375,3.691541910171509,3.919857978820801,3.5630810260772705,3.530789375305176,3.6026225090026855,3.7235357761383057,3.7988717555999756,3.8035686016082764,3.7786247730255127,3.760159969329834,3.775912046432495,3.8304336071014404,3.8965439796447754,3.966712236404419,4.03962516784668,4.068089962005615,4.014069557189941,3.91024112701416,3.792330503463745,3.7072372436523438,3.6932904720306396,3.739328384399414,3.7773349285125732,3.7393412590026855,3.6462655067443848,3.5504751205444336,3.5216212272644043,3.5472049713134766,3.5880589485168457,3.5813963413238525,3.5519330501556396,3.5116310119628906,3.485661506652832,3.4801149368286133,3.4492764472961426,3.376178026199341,3.3572607040405273,3.3745932579040527
3.0418410301208496,3.2973453998565674,3.6966607570648193,3.9942686557769775,4.064449787139893,3.534557819366455,3.4605865478515625,3.6357972621917725,3.3189332485198975,3.294705867767334,3.3323822021484375,3.3894097805023193,3.401885986328125,3.3748111724853516,3.355353355407715,3.370356798171997,3.445733070373535,3.5418100357055664,3.6201446056365967,3.6641721725463867,3.6478514671325684,3.606131076812744,3.5696277618408203,3.5492825508117676,3.5777885913848877,3.6111369132995605,3.6304538249969482,3.594146966934204,3.4954428672790527,3.386117458343506,3.314452648162842,3.3019585609436035,3.3293938636779785,3.3476457595825195,3.317272901535034,3.272207736968994,3.227367877960205,3.2149412631988525,3.2216100692749023,3.2379183769226074,3.243152618408203,3.229764461517334,3.2484617233276367
2.6581883430480957,2.7656965255737305,3.00984787940979,3.2670068740844727,3.476996660232544,3.097540855407715,3.151442766189575,3.119438648223877,3.041393756866455,3.158344268798828,2.99701189994812,2.978480815887451,2.9959654808044434,3.0259575843811035,3.0738465785980225,3.1249613761901855,3.1755690574645996,3.2152295112609863,3.2309303283691406,3.2204604148864746,3.2072577476501465,3.204512596130371,3.232086181640625,3.2692291736602783,3.3038883209228516,3.313843250274658,3.283954381942749,3.2315902709960938,3.180081605911255,3.140610933303833,3.1432342529296875,3.1630172729492188,3.158074378967285,3.104923963546753,3.0111944675445557,2.9353184700012207,2.910776376724243,2.931917667388916,2.976738691329956,3.0086100101470947,3.003505229949951,2.9494473934173584,2.883357286453247
2.314006805419922,2.35835862159729,2.4950919151306152,2.708451747894287,2.9668467044830322,2.7752952575683594,2.6920411586761475,2.8636844158172607,2.9218223094940186,2.77878475189209,2.8171637058258057,2.71168851852417,2.723395824432373,2.774559736251831,2.8426194190979004,2.890180826187134,2.911959648132324,2.905696153640747,2.8756823539733887,2.851912021636963,2.8584883213043213,2.8747904300689697,2.9089229106903076,2.919107437133789,2.9158592224121094,2.8718767166137695,2.812025547027588,2.7696220874786377,2.7612900733947754,2.7911763191223145,2.8461742401123047,2.87265682220459,2.8467087745666504,2.7732093334198,2.6747665405273438,2.594358444213867,2.5639913082122803,2.5799858570098877,2.6107051372528076,2.6235153675079346,2.5938260555267334,2.525989055633545,2.4400367736816406
2.14436411857605,2.1912224292755127,2.2936058044433594,2.4479362964630127,2.641561985015869,2.5706496238708496,2.46626353263855,2.456644058227539,2.4873106479644775,2.4675090312957764,2.6040916442871094,2.5459628105163574,2.525698661804199,2.5296740531921387,2.5536043643951416,2.5675621032714844,2.549424648284912,2.529688596725464,2.5199708938598633,2.5488948822021484,2.5927157402038574,2.6650390625,2.7294368743896484,2.766134023666382,2.745678424835205,2.6872193813323975,2.61458158493042,2.56935453414917,2.543480157852173,2.5399434566497803,2.5441415309906006,2.534423351287842,2.5015034675598145,2.443063497543335,2.383263349533081,2.3449316024780273,2.344484806060791,2.3627514839172363,2.390732526779175,2.4060158729553223,2.389173746109009,2.3519904613494873,2.3130338191986084
