earth/public/data/atmosphere/C53/ANN-temp-isobaric-500hPa-gfs-1.0.json
{"header": {"discipline": 0, "disciplineName": "Meteorological products", "gribEdition": 2, "gribLength": 17922.0, "center": 0, "centerName": "Kiel Climate Model", "subcenter": 0, "refTime": "1", "significanceOfRT": 1, "significanceOfRTName": "Start of forecast", "productStatus": 0, "productStatusName": "Operational products", "productType": 1, "productTypeName": "Forecast products", "productDefinitionTemplate": 0, "productDefinitionTemplateName": "Analysis/forecast at horizontal level/layer at a point in time", "parameterCategory": 2, "parameterCategoryName": "Momentum", "parameterNumber": 2, "parameterNumberName": "U-component_of_wind", "parameterUnit": "K", "genProcessType": 2, "genProcessTypeName": "Forecast", "forecastTime": 0, "surface1Type": 103, "surface1TypeName": "Specified height level above ground", "surface1Value": 10, "surface2Type": 255, "surface2TypeName": "Missing", "surface2Value": 0, "gridDefinitionTemplate": 0, "gridDefinitionTemplateName": "Latitude_Longitude", "numberPoints": 65160, "shape": 6, "shapeName": "Earth spherical with radius of 6,371,229.0 m", "gridUnits": "degrees", "resolution": 48, "winds": "true", "scanMode": 0, "nx": 128.0, "ny": 64.0, "basicAngle": 0, "subDivisions": 0, "lo1": 0.0, "la1": 87.86379883923263, "lo2": 357.1875, "la2": -87.86379883923263, "dx": 2.8125, "dy": 2.7893269472772264}, "data":
[rows 20 to 39 of 64, columns 0 to 43 of 128]
270.5003356933594,270.5496520996094,270.5860595703125,270.6218566894531,270.66241455078125,270.7037048339844,270.7441101074219,270.7867126464844,270.8283996582031,270.85894775390625,270.875732421875,270.8876037597656,270.8973083496094,270.89532470703125,270.87945556640625,270.8609619140625,270.8435974121094,270.82098388671875,270.79864501953125,270.7890625,270.78802490234375,270.7823791503906,270.76556396484375,270.72772216796875,270.6699523925781,270.63409423828125,270.6524658203125,270.6730041503906,270.6202392578125,270.5160217285156,270.4405212402344,270.4017333984375,270.3437194824219,270.2487487792969,270.1402282714844,270.0188293457031,269.86505126953125,269.67779541015625,269.4766540527344,269.28790283203125,269.1299743652344,268.9971923828125,268.8760070800781,268.7784118652344
272.39801025390625,272.4366760253906,272.47052001953125,272.5111999511719,272.564208984375,272.62493896484375,272.6862487792969,272.7446594238281,272.8002624511719,272.8499450683594,272.8884582519531,272.9186706542969,272.94635009765625,272.9639892578125,272.96441650390625,272.9606628417969,272.9642028808594,272.9669189453125,272.96917724609375,272.9847412109375,273.0014343261719,272.9937744140625,272.97515869140625,272.9740295410156,272.98236083984375,272.98785400390625,273.00469970703125,273.02276611328125,273.0027770996094,272.95196533203125,272.9146728515625,272.8835754394531,272.8106384277344,272.6817626953125,272.504150390625,272.2708435058594,271.9952392578125,271.7264709472656,271.5016784667969,271.3259582519531,271.18621826171875,271.05401611328125,270.912109375,270.7921447753906
273.9855041503906,274.03179931640625,274.10406494140625,274.1941223144531,274.2864990234375,274.37982177734375,274.476318359375,274.566162109375,274.64544677734375,274.7194519042969,274.78021240234375,274.82012939453125,274.8541564941406,274.8898010253906,274.910400390625,274.91619873046875,274.92840576171875,274.9449462890625,274.9521179199219,274.96124267578125,274.9764099121094,274.97515869140625,274.9617614746094,274.9661560058594,274.9757995605469,274.95843505859375,274.93402099609375,274.9364013671875,274.95037841796875,274.95166015625,274.9390563964844,274.897216796875,274.8005065917969,274.6427307128906,274.4114990234375,274.09619140625,273.75543212890625,273.48321533203125,273.296875,273.14459228515625,272.9982604980469,272.8646545410156,272.7517395019531,272.6774597167969
275.1601867675781,275.22235107421875,275.35205078125,275.5257873535156,275.68804931640625,275.83050537109375,275.97235107421875,276.09814453125,276.1934814453125,276.2801513671875,276.362060546875,276.4153747558594,276.4490051269531,276.48876953125,276.5202941894531,276.52685546875,276.53265380859375,276.5490417480469,276.5520935058594,276.54241943359375,276.5435485839844,276.54681396484375,276.5360107421875,276.523681640625,276.5069885253906,276.4635925292969,276.4138488769531,276.3971252441406,276.4005126953125,276.3855285644531,276.3394470214844,276.25640869140625,276.127685546875,275.9503173828125,275.70513916015625,275.38946533203125,275.0849609375,274.8854675292969,274.7634582519531,274.6253356933594,274.4640808105469,274.3486633300781,274.30902099609375,274.322998046875
275.9322509765625,276.0203552246094,276.21478271484375,276.4878845214844,276.73529052734375,276.9251403808594,277.094970703125,277.2373962402344,277.3291931152344,277.4047546386719,277.4913330078125,277.5574951171875,277.5881042480469,277.6124267578125,277.6346740722656,277.63507080078125,277.62811279296875,277.63446044921875,277.6343688964844,277.614990234375,277.59918212890625,277.58984375,277.56451416015625,277.5268859863281,277.48992919921875,277.4441223144531,277.3920593261719,277.3521728515625,277.3128662109375,277.2490539550781,277.15972900390625,277.04754638671875,276.9072570800781,276.7379455566406,276.529541015625,276.28680419921875,276.07757568359375,275.9639587402344,275.89892578125,275.7967834472656,275.67022705078125,275.5993957519531,275.6089172363281,275.6604919433594
276.3574523925781,276.489013671875,276.753173828125,277.1156005859375,277.43438720703125,277.64617919921875,277.8001403808594,277.9214782714844,277.9957580566406,278.0473327636719,278.111083984375,278.17041015625,278.1959228515625,278.19842529296875,278.1982421875,278.1911315917969,278.17608642578125,278.1673889160156,278.1605224609375,278.1396484375,278.11138916015625,278.0821228027344,278.0379333496094,277.9804382324219,277.92724609375,277.8755798339844,277.8161926269531,277.7536315917969,277.6846923828125,277.60162353515625,277.50970458984375,277.4102478027344,277.2991027832031,277.1820983886719,277.0587158203125,276.9301452636719,276.8310546875,276.7879638671875,276.7647705078125,276.7145080566406,276.6471252441406,276.6023254394531,276.5958251953125,276.6219177246094
276.5081481933594,276.6697082519531,276.9640197753906,277.3514709472656,277.68829345703125,277.89276123046875,278.00543212890625,278.0830383300781,278.14007568359375,278.1795959472656,278.21514892578125,278.253662109375,278.2769470214844,278.26910400390625,278.2487487792969,278.2359313964844,278.2225036621094,278.2046813964844,278.19012451171875,278.17047119140625,278.1373291015625,278.0965576171875,278.04638671875,277.9834289550781,277.9171142578125,277.8523254394531,277.787353515625,277.7240905761719,277.6595458984375,277.59112548828125,277.5243225097656,277.4583435058594,277.39373779296875,277.34320068359375,277.3067932128906,277.2767333984375,277.2643127441406,277.271240234375,277.2712707519531,277.2532958984375,277.2264099121094,277.19207763671875,277.164794921875,277.1786804199219
276.4483642578125,276.5881042480469,276.8362121582031,277.1598205566406,277.4447326660156,277.62286376953125,277.71466064453125,277.7652587890625,277.80670166015625,277.84625244140625,277.8794860839844,277.9146728515625,277.9444580078125,277.94122314453125,277.9167785644531,277.9051818847656,277.89825439453125,277.8805847167969,277.8655700683594,277.85150146484375,277.8215637207031,277.7808837890625,277.7372741699219,277.6844787597656,277.6233825683594,277.5640869140625,277.5150146484375,277.4756774902344,277.4346618652344,277.39013671875,277.3529052734375,277.3205871582031,277.29229736328125,277.2840576171875,277.29400634765625,277.30841064453125,277.3354797363281,277.36962890625,277.3828430175781,277.3829345703125,277.3914489746094,277.39141845703125,277.3818054199219,277.40655517578125
276.2301330566406,276.3104553222656,276.4727478027344,276.6986083984375,276.8973083496094,277.0391845703125,277.1473388671875,277.21099853515625,277.23162841796875,277.2553405761719,277.3052062988281,277.3623962402344,277.4006042480469,277.4092712402344,277.407958984375,277.4132385253906,277.4074401855469,277.3866882324219,277.3764343261719,277.37396240234375,277.3565368652344,277.32794189453125,277.2987060546875,277.2667541503906,277.2333984375,277.2032470703125,277.1811218261719,277.1672668457031,277.1485900878906,277.12493896484375,277.1139831542969,277.110595703125,277.105224609375,277.1159362792969,277.1431884765625,277.16748046875,277.2001647949219,277.24505615234375,277.2733459472656,277.2950744628906,277.34222412109375,277.38934326171875,277.40802001953125,277.4305419921875
275.9755554199219,276.0022888183594,276.0870666503906,276.2369689941406,276.36505126953125,276.4677734375,276.6000061035156,276.703857421875,276.713623046875,276.706787109375,276.7641906738281,276.8401184082031,276.87615966796875,276.899169921875,276.94281005859375,276.9724426269531,276.951171875,276.91571044921875,276.9132995605469,276.9269714355469,276.927490234375,276.9200439453125,276.908935546875,276.8955078125,276.89111328125,276.8919677734375,276.89019775390625,276.8927307128906,276.8935241699219,276.8865661621094,276.88958740234375,276.90191650390625,276.90924072265625,276.9281311035156,276.96295166015625,276.98883056640625,277.0150146484375,277.0587158203125,277.09649658203125,277.1299133300781,277.1932678222656,277.26849365234375,277.3154296875,277.3468322753906
275.822998046875,275.8268737792969,275.853515625,275.9477233886719,276.0379943847656,276.10791015625,276.2310485839844,276.3599548339844,276.3888854980469,276.3770751953125,276.4290466308594,276.5003356933594,276.53131103515625,276.5777587890625,276.6634826660156,276.6972351074219,276.6405944824219,276.58612060546875,276.5965270996094,276.6263122558594,276.64031982421875,276.6533508300781,276.6605529785156,276.6566162109375,276.6642761230469,276.6811218261719,276.68951416015625,276.7019348144531,276.72021484375,276.72686767578125,276.7335205078125,276.7510681152344,276.7657470703125,276.7843933105469,276.8150634765625,276.837646484375,276.8564453125,276.8928527832031,276.9301452636719,276.96002197265625,277.01422119140625,277.09613037109375,277.1759948730469,277.2442321777344
275.7636413574219,275.7796936035156,275.783935546875,275.8372802734375,275.91583251953125,275.97259521484375,276.05169677734375,276.1593017578125,276.21990966796875,276.2391357421875,276.2829895019531,276.3373107910156,276.3812255859375,276.4629211425781,276.5642395019531,276.5742492675781,276.4844970703125,276.42181396484375,276.4433898925781,276.4820251464844,276.5014953613281,276.5274658203125,276.5523986816406,276.5587158203125,276.56976318359375,276.59112548828125,276.6027526855469,276.6156921386719,276.6397705078125,276.65557861328125,276.66668701171875,276.6893310546875,276.7108154296875,276.7266845703125,276.7499084472656,276.7728576660156,276.7928161621094,276.8262939453125,276.86669921875,276.90087890625,276.9474792480469,277.0222473144531,277.1136474609375,277.20355224609375
275.7319030761719,275.7758483886719,275.79962158203125,275.8333740234375,275.9105529785156,275.9823913574219,276.0314025878906,276.0967102050781,276.172119140625,276.2259826660156,276.2646179199219,276.3092956542969,276.3809814453125,276.4847717285156,276.56292724609375,276.5436096191406,276.4571533203125,276.4078063964844,276.4296569824219,276.46771240234375,276.4918518066406,276.5231628417969,276.5597229003906,276.58123779296875,276.5994873046875,276.6241149902344,276.6390380859375,276.6479797363281,276.66619873046875,276.684326171875,276.6991882324219,276.7225341796875,276.7456359863281,276.7613220214844,276.7848205566406,276.8153991699219,276.84033203125,276.8705749511719,276.91632080078125,276.9662170410156,277.01568603515625,277.0739440917969,277.1455993652344,277.22247314453125
275.74542236328125,275.7973937988281,275.8399963378906,275.863037109375,275.93475341796875,276.038818359375,276.1065368652344,276.1578369140625,276.2364196777344,276.3155212402344,276.3671875,276.4249267578125,276.51904296875,276.609375,276.634521484375,276.59649658203125,276.54766845703125,276.5263671875,276.5408935546875,276.5771484375,276.6128845214844,276.6458435058594,276.6835021972656,276.7171936035156,276.7430114746094,276.7688903808594,276.7889404296875,276.7990417480469,276.811279296875,276.82696533203125,276.84039306640625,276.8577880859375,276.8770446777344,276.8912353515625,276.91143798828125,276.93963623046875,276.95892333984375,276.9750061035156,277.0102844238281,277.05999755859375,277.10418701171875,277.1415710449219,277.1838073730469,277.23248291015625
275.7664794921875,275.8005676269531,275.8330078125,275.8514099121094,275.9230651855469,276.0559387207031,276.1645812988281,276.236328125,276.329833984375,276.4434814453125,276.54052734375,276.6376953125,276.75042724609375,276.8214416503906,276.80810546875,276.7650146484375,276.75030517578125,276.7522277832031,276.7646789550781,276.8062438964844,276.8577880859375,276.89495849609375,276.9325866699219,276.97412109375,277.00274658203125,277.02374267578125,277.04400634765625,277.0555725097656,277.0631408691406,277.07379150390625,277.0830383300781,277.0948486328125,277.1108093261719,277.1190490722656,277.1224365234375,277.1317138671875,277.1376953125,277.1366882324219,277.14569091796875,277.1679992675781,277.18829345703125,277.20111083984375,277.2126770019531,277.2244567871094
275.6639404296875,275.679931640625,275.69635009765625,275.7302551269531,275.8252258300781,275.9764099121094,276.1128234863281,276.22235107421875,276.3575744628906,276.5244140625,276.6841125488281,276.83245849609375,276.97564697265625,277.06781005859375,277.0745849609375,277.0489196777344,277.04901123046875,277.06402587890625,277.0868225097656,277.1377868652344,277.1986999511719,277.2431640625,277.2872009277344,277.33441162109375,277.3629150390625,277.3790588378906,277.3961181640625,277.40447998046875,277.40545654296875,277.4090576171875,277.41046142578125,277.41180419921875,277.4190368652344,277.4178771972656,277.4026794433594,277.3905334472656,277.384033203125,277.37109375,277.354248046875,277.3422546386719,277.3336486816406,277.3226013183594,277.30474853515625,277.2803649902344
275.40191650390625,275.40386962890625,275.4090270996094,275.46295166015625,275.5865478515625,275.7426452636719,275.8890075683594,276.0436096191406,276.240966796875,276.46929931640625,276.6941223144531,276.9055480957031,277.1041564941406,277.25872802734375,277.33453369140625,277.3559265136719,277.37548828125,277.4073181152344,277.4485778808594,277.5052490234375,277.5653381347656,277.6158447265625,277.6666564941406,277.7136535644531,277.740478515625,277.7574768066406,277.7745666503906,277.7795715332031,277.7755126953125,277.7740173339844,277.76611328125,277.74993896484375,277.73931884765625,277.72869873046875,277.70587158203125,277.679931640625,277.6590270996094,277.6347351074219,277.6029357910156,277.57073974609375,277.5433654785156,277.5166320800781,277.4830017089844,277.4435119628906
275.0169982910156,274.99176025390625,274.97930908203125,275.0345458984375,275.1604309082031,275.292724609375,275.4161376953125,275.5823669433594,275.8141784667969,276.0904235839844,276.39459228515625,276.7104187011719,277.00439453125,277.2384033203125,277.39117431640625,277.479248046875,277.5433044433594,277.60626220703125,277.6693115234375,277.73284912109375,277.79437255859375,277.8507995605469,277.9039611816406,277.94696044921875,277.9730529785156,277.9930114746094,278.00982666015625,278.0111999511719,278.0029296875,277.9985656738281,277.98828125,277.96429443359375,277.9410400390625,277.9242858886719,277.90252685546875,277.87237548828125,277.84100341796875,277.81072998046875,277.77850341796875,277.74334716796875,277.7085266113281,277.67474365234375,277.6384582519531,277.5995788574219
274.49102783203125,274.4332275390625,274.410888671875,274.4637451171875,274.5710754394531,274.654296875,274.7116394042969,274.815673828125,275.0046691894531,275.285400390625,275.66650390625,276.10699462890625,276.51251220703125,276.820068359375,277.0332946777344,277.18548583984375,277.3055419921875,277.4076232910156,277.4981689453125,277.58343505859375,277.66241455078125,277.7286071777344,277.7823486328125,277.82513427734375,277.855712890625,277.8780517578125,277.8929748535156,277.89300537109375,277.8814697265625,277.871337890625,277.86181640625,277.8435974121094,277.8199462890625,277.79901123046875,277.7790832519531,277.7547302246094,277.7283020019531,277.7054443359375,277.6835632324219,277.65594482421875,277.623779296875,277.5914001464844,277.5565185546875,277.5162048339844
273.8075256347656,273.74005126953125,273.7300720214844,273.78814697265625,273.8802185058594,273.9336242675781,273.9388427734375,273.95855712890625,274.0574035644531,274.2892150878906,274.67913818359375,275.1610107421875,275.6066589355469,275.942626953125,276.1849365234375,276.374755859375,276.5321960449219,276.66400146484375,276.7817077636719,276.89617919921875,276.9999694824219,277.0780029296875,277.1341247558594,277.1814880371094,277.2195129394531,277.24444580078125,277.26153564453125,277.270751953125,277.26556396484375,277.2502746582031,277.2357177734375,277.22100830078125,277.19976806640625,277.1762390136719,277.1580505371094,277.14349365234375,277.12872314453125,277.115478515625,277.1023864746094,277.0837097167969,277.0607604980469,277.0367126464844,277.00592041015625,276.9632568359375
