earth/public/data/atmosphere/C53/ANN-rh-isobaric-850hPa-gfs-1.0.json
{"header": {"discipline": 0, "disciplineName": "Meteorological products", "gribEdition": 2, "gribLength": 17922.0, "center": 0, "centerName": "Kiel Climate Model", "subcenter": 0, "refTime": "1", "significanceOfRT": 1, "significanceOfRTName": "Start of forecast", "productStatus": 0, "productStatusName": "Operational products", "productType": 1, "productTypeName": "Forecast products", "productDefinitionTemplate": 0, "productDefinitionTemplateName": "Analysis/forecast at horizontal level/layer at a point in time", "parameterCategory": 2, "parameterCategoryName": "Momentum", "parameterNumber": 2, "parameterNumberName": "U-component_of_wind", "parameterUnit": "%", "genProcessType": 2, "genProcessTypeName": "Forecast", "forecastTime": 0, "surface1Type": 103, "surface1TypeName": "Specified height level above ground", "surface1Value": 10, "surface2Type": 255, "surface2TypeName": "Missing", "surface2Value": 0, "gridDefinitionTemplate": 0, "gridDefinitionTemplateName": "Latitude_Longitude", "numberPoints": 65160, "shape": 6, "shapeName": "Earth spherical with radius of 6,371,229.0 m", "gridUnits": "degrees", "resolution": 48, "winds": "true", "scanMode": 0, "nx": 128.0, "ny": 64.0, "basicAngle": 0, "subDivisions": 0, "lo1": 0.0, "la1": 87.86379883923263, "lo2": 357.1875, "la2": -87.86379883923263, "dx": 2.8125, "dy": 2.7893269472772264}, "data":
[rows 38 to 56 of 64, columns 0 to 42 of 128]
0.2537211775779724,0.26628533005714417,0.27638372778892517,0.3011665642261505,0.3243926763534546,0.3517591953277588,0.4118778705596924,0.4809667766094208,0.5321738123893738,0.6065605878829956,0.7196304798126221,0.8057345747947693,0.8317450881004333,0.8397518992424011,0.8541606068611145,0.8603814840316772,0.8587990999221802,0.8607836961746216,0.8633014559745789,0.8630175590515137,0.8642160892486572,0.8673948645591736,0.869667112827301,0.8700088858604431,0.8685017228126526,0.8665478229522705,0.8659732937812805,0.8668951988220215,0.8682825565338135,0.8684446215629578,0.8671696186065674,0.8676199316978455,0.8700891733169556,0.8694397807121277,0.8655118942260742,0.8645157814025879,0.8665317893028259,0.8666577339172363,0.8661576509475708,0.8676337003707886,0.867793083190918,0.8659015893936157,0.8660306334495544
0.23236827552318573,0.22579273581504822,0.22840119898319244,0.2478761225938797,0.26968878507614136,0.2893745005130768,0.32080894708633423,0.36104094982147217,0.4166206419467926,0.5265573263168335,0.6813408136367798,0.7964445948600769,0.8289205431938171,0.8275165557861328,0.8377429842948914,0.8509637117385864,0.8540061116218567,0.8544710278511047,0.8575129508972168,0.8585408926010132,0.855644941329956,0.8538263440132141,0.8574349880218506,0.8630037903785706,0.8648730516433716,0.8641226887702942,0.8640297055244446,0.864194393157959,0.8646206259727478,0.8657224774360657,0.8651937246322632,0.8632268905639648,0.8631123900413513,0.8634728789329529,0.8614792823791504,0.8602260947227478,0.8618713021278381,0.8626558780670166,0.8613384962081909,0.8606090545654297,0.8598729968070984,0.8579623699188232,0.8575368523597717
0.23736685514450073,0.23327219486236572,0.23457495868206024,0.24559012055397034,0.2681052088737488,0.28675100207328796,0.2974492907524109,0.3247504234313965,0.3991588056087494,0.5230644941329956,0.6555674076080322,0.7443923354148865,0.7796961069107056,0.7933736443519592,0.809188187122345,0.824543833732605,0.8334167003631592,0.8388134241104126,0.844924807548523,0.8503876328468323,0.8511775732040405,0.8482719659805298,0.8468157052993774,0.8474988341331482,0.848344087600708,0.8510087728500366,0.8547205924987793,0.8543866872787476,0.8517181277275085,0.8529033064842224,0.8554547429084778,0.8543270230293274,0.8533426523208618,0.8559771776199341,0.8575999736785889,0.8557596206665039,0.853859543800354,0.8525910973548889,0.8505687713623047,0.8499674797058105,0.8520858883857727,0.8537219166755676,0.8533901572227478
0.2543412446975708,0.25764942169189453,0.256037175655365,0.2571943700313568,0.2799171805381775,0.3052626848220825,0.3224243223667145,0.37183457612991333,0.4770224988460541,0.5891725420951843,0.6544972658157349,0.6856221556663513,0.7209663987159729,0.7605485916137695,0.7843482494354248,0.7952626943588257,0.806562602519989,0.8164583444595337,0.8203736543655396,0.8235864043235779,0.8291036486625671,0.8329768776893616,0.8331636190414429,0.8305055499076843,0.8273645639419556,0.8284128904342651,0.8331219553947449,0.834179162979126,0.8315328359603882,0.833202600479126,0.8385566473007202,0.8398780822753906,0.8383457064628601,0.8395856022834778,0.8410800695419312,0.8393673896789551,0.8383173942565918,0.8401331901550293,0.8410660028457642,0.8407293558120728,0.8427479267120361,0.8455968499183655,0.8447598814964294
0.2903554439544678,0.286946177482605,0.27615371346473694,0.27149978280067444,0.29301756620407104,0.3215840756893158,0.3513685464859009,0.42474257946014404,0.54592365026474,0.6388625502586365,0.6574286818504333,0.6551322340965271,0.6878976821899414,0.7316039204597473,0.7479250431060791,0.752642810344696,0.7710286974906921,0.7905935049057007,0.7943731546401978,0.7915744185447693,0.794572651386261,0.8014742732048035,0.807597815990448,0.8107117414474487,0.8093286752700806,0.8072495460510254,0.8093494176864624,0.8124423027038574,0.8126439452171326,0.8137553930282593,0.8175859451293945,0.8188894987106323,0.8166093826293945,0.8158028721809387,0.8170841932296753,0.8177214860916138,0.8195523023605347,0.8241631984710693,0.8271034359931946,0.8258628845214844,0.8250303268432617,0.8273448944091797,0.8289400339126587
0.35161811113357544,0.3360123038291931,0.3175051212310791,0.3118939995765686,0.3269955813884735,0.3460334837436676,0.3738747835159302,0.44698241353034973,0.5575215220451355,0.636104166507721,0.6512001156806946,0.651511549949646,0.6748154163360596,0.694965124130249,0.6915788054466248,0.6932642459869385,0.7201827168464661,0.7498088479042053,0.7621203660964966,0.7663396000862122,0.7728144526481628,0.7794108390808105,0.785970151424408,0.7933644652366638,0.7961896657943726,0.7936583161354065,0.7936327457427979,0.7978865504264832,0.800162672996521,0.7998102903366089,0.8011234402656555,0.8030675649642944,0.8030009865760803,0.8036295771598816,0.8068636655807495,0.8093097805976868,0.8094461560249329,0.8103287816047668,0.8126283884048462,0.8135525584220886,0.8133575320243835,0.815300703048706,0.8193207383155823
0.43092989921569824,0.40883156657218933,0.38802245259284973,0.3804459273815155,0.38325145840644836,0.38784968852996826,0.4086879789829254,0.4705910384654999,0.5590255260467529,0.6251539587974548,0.6508329510688782,0.662469208240509,0.6748453974723816,0.6744346618652344,0.6635509133338928,0.6666847467422485,0.6872144341468811,0.7046552896499634,0.7145025730133057,0.7301169633865356,0.751598596572876,0.7677055597305298,0.7784579992294312,0.7890250086784363,0.7952542304992676,0.7945781946182251,0.7947877049446106,0.7994953393936157,0.8021240234375,0.8005894422531128,0.8008038997650146,0.8037799596786499,0.8049802184104919,0.8050246238708496,0.8074260950088501,0.8095138669013977,0.8073808550834656,0.8049289584159851,0.8078248500823975,0.8134927749633789,0.8158282041549683,0.815238893032074,0.8162882328033447
0.5274333953857422,0.5043907165527344,0.4840659499168396,0.4719851315021515,0.4634910225868225,0.4602811932563782,0.4797160029411316,0.5324680209159851,0.5990304350852966,0.648128092288971,0.6723020672798157,0.684691846370697,0.6908252239227295,0.6892207264900208,0.6888376474380493,0.6975309252738953,0.7035204172134399,0.6948041319847107,0.6847367286682129,0.6937946677207947,0.7197072505950928,0.7470209002494812,0.7704936265945435,0.7903938293457031,0.8014307618141174,0.8027026057243347,0.8036481738090515,0.8089894652366638,0.8123091459274292,0.8106141686439514,0.8097019791603088,0.8114075064659119,0.8106154799461365,0.8069694638252258,0.8058310747146606,0.807211697101593,0.8063150644302368,0.8044001460075378,0.8073251247406006,0.8140307664871216,0.8172328472137451,0.8152018189430237,0.8133666515350342
0.6392903923988342,0.6199960112571716,0.602161705493927,0.5879150629043579,0.575743556022644,0.5716937184333801,0.588425874710083,0.626985490322113,0.6697235703468323,0.6988078355789185,0.7128859758377075,0.7188655138015747,0.7193126678466797,0.7176239490509033,0.7225329875946045,0.7345893383026123,0.7395064830780029,0.7276387810707092,0.7097769379615784,0.7030532360076904,0.712202250957489,0.7330611348152161,0.7610589861869812,0.7875134944915771,0.8011661767959595,0.802111804485321,0.8027108907699585,0.8092943429946899,0.8151724338531494,0.8152997493743896,0.8142836689949036,0.8156735301017761,0.8159017562866211,0.8131764531135559,0.8115952610969543,0.8128237724304199,0.8130282163619995,0.8109545707702637,0.8107979893684387,0.8145682215690613,0.8186744451522827,0.8201091885566711,0.8198975920677185
0.7479521632194519,0.7347632050514221,0.7202062010765076,0.7081072330474854,0.6999996304512024,0.6986532807350159,0.7079840898513794,0.7262062430381775,0.74503093957901,0.7584677338600159,0.7667739987373352,0.7698708176612854,0.7647431492805481,0.7535474896430969,0.746738076210022,0.7519276738166809,0.7643434405326843,0.7727856040000916,0.7710111737251282,0.7612745761871338,0.7522980570793152,0.7548986077308655,0.7724100351333618,0.7940576076507568,0.8053135871887207,0.80544114112854,0.8063342571258545,0.8139605522155762,0.8215328454971313,0.8229355812072754,0.8219871520996094,0.824116051197052,0.8278116583824158,0.8294153809547424,0.8295934796333313,0.8302059769630432,0.8299106359481812,0.8273158669471741,0.8249226212501526,0.8262406587600708,0.8311101198196411,0.8361200094223022,0.837965726852417
0.8330488204956055,0.823827862739563,0.8113932013511658,0.8032326102256775,0.8020442128181458,0.8049963712692261,0.8086005449295044,0.8115752935409546,0.8148958683013916,0.8207225203514099,0.8291224837303162,0.8346502184867859,0.8293589949607849,0.8120242357254028,0.7927148938179016,0.7853683829307556,0.7953466176986694,0.814396321773529,0.8273885250091553,0.8252182602882385,0.813166618347168,0.8057151436805725,0.811133086681366,0.8230952620506287,0.8303629159927368,0.8314151763916016,0.8336580991744995,0.8402180671691895,0.8455132246017456,0.8450912833213806,0.8425462245941162,0.84324049949646,0.8465253114700317,0.848319411277771,0.8477703928947449,0.8471041917800903,0.8469332456588745,0.845687747001648,0.8432150483131409,0.8419402837753296,0.8438736796379089,0.847994863986969,0.8512802124023438
0.8824633359909058,0.8750308156013489,0.8650538921356201,0.8604285717010498,0.862541913986206,0.8658469319343567,0.8653972744941711,0.8623554110527039,0.8621419668197632,0.8685583472251892,0.8795137405395508,0.887366533279419,0.883934736251831,0.8672275543212891,0.8445907831192017,0.8285838961601257,0.827796459197998,0.8399766087532043,0.8539929389953613,0.859736442565918,0.8568103313446045,0.8529629707336426,0.8542755842208862,0.8590812087059021,0.8624511957168579,0.8636225461959839,0.8656167387962341,0.8690693378448486,0.8708499073982239,0.8693605661392212,0.8673738241195679,0.8677619695663452,0.8692377805709839,0.8687848448753357,0.8665216565132141,0.8653239607810974,0.8661577701568604,0.8663765788078308,0.8632848262786865,0.8577972054481506,0.853583574295044,0.8533786535263062,0.8570505380630493
0.8933604955673218,0.8879887461662292,0.8831626772880554,0.8822769522666931,0.8830305337905884,0.8803178071975708,0.8733859062194824,0.8682418465614319,0.8721374869346619,0.8861326575279236,0.9031381011009216,0.9126054644584656,0.9073247313499451,0.8875715136528015,0.8608680963516235,0.838061511516571,0.8276401162147522,0.8312576413154602,0.8435734510421753,0.8568267226219177,0.8663055896759033,0.8719051480293274,0.8753759860992432,0.8775365948677063,0.8785215020179749,0.8791703581809998,0.8805155158042908,0.8822841644287109,0.8833948969841003,0.8839640617370605,0.8853579163551331,0.8877925872802734,0.8893141746520996,0.8883031010627747,0.8861287236213684,0.8858196139335632,0.8881029486656189,0.889978289604187,0.8877840042114258,0.8810931444168091,0.8731417655944824,0.8679056167602539,0.8673349022865295
0.8844488859176636,0.8818100094795227,0.8839581608772278,0.8888360261917114,0.8901722431182861,0.8834450840950012,0.8718811273574829,0.8655170798301697,0.8730767369270325,0.8939397931098938,0.9174804091453552,0.9300354719161987,0.9234384298324585,0.8990820646286011,0.8661050200462341,0.8362405896186829,0.8185617327690125,0.8162233829498291,0.8261761665344238,0.8417066335678101,0.8562533855438232,0.8662089109420776,0.8714055418968201,0.8738130331039429,0.8757829070091248,0.8787068128585815,0.8824708461761475,0.8859927654266357,0.888517439365387,0.890377938747406,0.8922473788261414,0.8938202261924744,0.8938925266265869,0.8921012282371521,0.8901339173316956,0.890509843826294,0.893989086151123,0.8984909653663635,0.9007267951965332,0.8987811207771301,0.8932263255119324,0.8863286972045898,0.8806939721107483
0.883236825466156,0.8819311857223511,0.8876197338104248,0.8967674374580383,0.9020935893058777,0.8987718224525452,0.8895078301429749,0.8833912014961243,0.8888684511184692,0.9066310524940491,0.9283156991004944,0.9418259859085083,0.9388543963432312,0.9192907214164734,0.8903779983520508,0.8622694611549377,0.8431289196014404,0.8361435532569885,0.8392757773399353,0.8473142385482788,0.8549673557281494,0.8593966364860535,0.8609856963157654,0.8621834516525269,0.8653668761253357,0.8711541891098022,0.8781760334968567,0.8842714428901672,0.8880400657653809,0.8894872665405273,0.8893868923187256,0.8882484436035156,0.8860799670219421,0.8831182718276978,0.8805152177810669,0.8799901008605957,0.8826229572296143,0.8878836035728455,0.8937165141105652,0.8975597023963928,0.8976399898529053,0.8939947485923767,0.888812780380249
0.8922634720802307,0.8883233070373535,0.8894343376159668,0.8946537971496582,0.8994678258895874,0.8996327519416809,0.8949830532073975,0.8898519277572632,0.8896697163581848,0.8965671062469482,0.9075125455856323,0.9162660837173462,0.9174116253852844,0.9094964265823364,0.8954234719276428,0.8803640604019165,0.8688596487045288,0.862811803817749,0.861199140548706,0.8613283634185791,0.8607357740402222,0.8586509823799133,0.8562464118003845,0.8556315302848816,0.8583055734634399,0.8641020059585571,0.8712937831878662,0.877701997756958,0.8819431662559509,0.8839306831359863,0.8843961954116821,0.8840057849884033,0.882899284362793,0.8809899091720581,0.8786369562149048,0.8769721984863281,0.8774733543395996,0.8809980154037476,0.8869415521621704,0.893197238445282,0.8971759080886841,0.8974449038505554,0.8949626088142395
0.8953404426574707,0.8876060247421265,0.8814368844032288,0.8784316182136536,0.8775554299354553,0.8764196038246155,0.8734074831008911,0.8689098358154297,0.864828884601593,0.8629504442214966,0.8635872602462769,0.8654597401618958,0.8667147755622864,0.8661786913871765,0.8639582395553589,0.8611199855804443,0.858841598033905,0.8576667308807373,0.8573072552680969,0.8570316433906555,0.8563166856765747,0.8553146123886108,0.8548219799995422,0.8557735681533813,0.8586055636405945,0.8629307150840759,0.8677597641944885,0.8721137046813965,0.8755691051483154,0.8783427476882935,0.8808684945106506,0.8832387924194336,0.8850001692771912,0.885517954826355,0.8846685886383057,0.8832957744598389,0.8829811811447144,0.8851422071456909,0.889992356300354,0.8961122035980225,0.9010784029960632,0.9028957486152649,0.9013543128967285
0.888304591178894,0.8815267086029053,0.8748618364334106,0.8699046969413757,0.866895318031311,0.8648571372032166,0.8624597787857056,0.8589413166046143,0.854503870010376,0.8500434160232544,0.8465301394462585,0.8444873094558716,0.8438493609428406,0.8441649675369263,0.8449270725250244,0.8458102941513062,0.8467284440994263,0.8477553725242615,0.8490148186683655,0.8506109714508057,0.8526110649108887,0.85503751039505,0.857836127281189,0.8608337640762329,0.8637394309043884,0.8662469983100891,0.8682165741920471,0.8698249459266663,0.8715459704399109,0.8739050030708313,0.8771158456802368,0.8808323740959167,0.88422691822052,0.886427640914917,0.8870833516120911,0.8867001533508301,0.8864653706550598,0.8875978589057922,0.8905742168426514,0.8947336077690125,0.8985651731491089,0.9005803465843201,0.9002513289451599
0.8792592287063599,0.8763692378997803,0.8736486434936523,0.8716803193092346,0.8704855442047119,0.8695688843727112,0.8682450652122498,0.8660511374473572,0.8630040287971497,0.8595813512802124,0.8564647436141968,0.8542144298553467,0.8530442118644714,0.8527988195419312,0.8531041145324707,0.8535926938056946,0.8540841937065125,0.8546445965766907,0.8555105328559875,0.8569343686103821,0.8590184450149536,0.8616238832473755,0.8643801212310791,0.8668069243431091,0.8685040473937988,0.8693335652351379,0.8695231080055237,0.8696215748786926,0.870303213596344,0.8720794916152954,0.875044047832489,0.8787760734558105,0.8824820518493652,0.8853297233581543,0.8868259191513062,0.8870412707328796,0.8865585327148438,0.8861592411994934,0.8864195942878723,0.8874441981315613,0.8888921141624451,0.8902748823165894,0.8913367986679077
