earth/public/data/atmosphere/C53/ANN-temp-isobaric-500hPa-gfs-1.0.json
{"header": {"discipline": 0, "disciplineName": "Meteorological products", "gribEdition": 2, "gribLength": 17922.0, "center": 0, "centerName": "Kiel Climate Model", "subcenter": 0, "refTime": "1", "significanceOfRT": 1, "significanceOfRTName": "Start of forecast", "productStatus": 0, "productStatusName": "Operational products", "productType": 1, "productTypeName": "Forecast products", "productDefinitionTemplate": 0, "productDefinitionTemplateName": "Analysis/forecast at horizontal level/layer at a point in time", "parameterCategory": 2, "parameterCategoryName": "Momentum", "parameterNumber": 2, "parameterNumberName": "U-component_of_wind", "parameterUnit": "K", "genProcessType": 2, "genProcessTypeName": "Forecast", "forecastTime": 0, "surface1Type": 103, "surface1TypeName": "Specified height level above ground", "surface1Value": 10, "surface2Type": 255, "surface2TypeName": "Missing", "surface2Value": 0, "gridDefinitionTemplate": 0, "gridDefinitionTemplateName": "Latitude_Longitude", "numberPoints": 65160, "shape": 6, "shapeName": "Earth spherical with radius of 6,371,229.0 m", "gridUnits": "degrees", "resolution": 48, "winds": "true", "scanMode": 0, "nx": 128.0, "ny": 64.0, "basicAngle": 0, "subDivisions": 0, "lo1": 0.0, "la1": 87.86379883923263, "lo2": 357.1875, "la2": -87.86379883923263, "dx": 2.8125, "dy": 2.7893269472772264}, "data":
[rows 40 to 59 of 64, columns 0 to 43 of 128]
272.939208984375,272.8930358886719,272.9001159667969,272.95220947265625,273.0370788574219,273.1102294921875,273.13531494140625,273.1321105957031,273.1729736328125,273.3381652832031,273.6490783691406,274.03668212890625,274.4002685546875,274.69036865234375,274.9168395996094,275.1048889160156,275.2676086425781,275.40850830078125,275.5350341796875,275.6567687988281,275.76751708984375,275.8517150878906,275.9128112792969,275.96588134765625,276.0087585449219,276.0340270996094,276.05218505859375,276.0710754394531,276.0778503417969,276.0653381347656,276.0465393066406,276.02984619140625,276.010009765625,275.9883728027344,275.97357177734375,275.9635009765625,275.950927734375,275.93731689453125,275.9249267578125,275.9095764160156,275.88995361328125,275.8676452636719,275.8380126953125,275.7960510253906
271.7795104980469,271.7625427246094,271.7762145996094,271.8114013671875,271.89141845703125,271.9979248046875,272.06903076171875,272.089111328125,272.127685546875,272.2588806152344,272.47723388671875,272.7213134765625,272.94744873046875,273.146240234375,273.3179931640625,273.46954345703125,273.6133117675781,273.74853515625,273.8655700683594,273.96746826171875,274.0604553222656,274.13824462890625,274.1987609863281,274.2508239746094,274.29296875,274.3163757324219,274.3282165527344,274.34063720703125,274.347900390625,274.34063720703125,274.3250427246094,274.3088684082031,274.29052734375,274.27154541015625,274.2575378417969,274.2449645996094,274.2274169921875,274.2088317871094,274.19329833984375,274.1747131347656,274.14739990234375,274.1138610839844,274.07623291015625,274.0316467285156
270.27569580078125,270.2652282714844,270.2773132324219,270.30413818359375,270.3759765625,270.4759521484375,270.5405578613281,270.56365966796875,270.62103271484375,270.76116943359375,270.94036865234375,271.0984191894531,271.2305908203125,271.3520202636719,271.4583435058594,271.5546569824219,271.6644287109375,271.78668212890625,271.8937072753906,271.97674560546875,272.0488586425781,272.111328125,272.15777587890625,272.1943054199219,272.22650146484375,272.24676513671875,272.2518615722656,272.2501525878906,272.24566650390625,272.2358093261719,272.22186279296875,272.2061767578125,272.18701171875,272.166015625,272.148193359375,272.1321716308594,272.113037109375,272.0921630859375,272.0719299316406,272.0472412109375,272.01226806640625,271.9690246582031,271.921630859375,271.8690185546875
268.4759216308594,268.4425354003906,268.44158935546875,268.4613342285156,268.5133972167969,268.5716247558594,268.59368896484375,268.6042785644531,268.6805419921875,268.8409729003906,269.01885986328125,269.1590576171875,269.2691955566406,269.3630065917969,269.4300842285156,269.48077392578125,269.55242919921875,269.65240478515625,269.7487487792969,269.8231201171875,269.8838195800781,269.932373046875,269.96087646484375,269.9748229980469,269.9858703613281,269.99249267578125,269.9883117675781,269.9754333496094,269.95794677734375,269.9364013671875,269.9136657714844,269.89263916015625,269.8710632324219,269.8473205566406,269.8257751464844,269.8090515136719,269.7923889160156,269.7712097167969,269.7461242675781,269.71783447265625,269.6839599609375,269.6423645019531,269.5929870605469,269.5360107421875
266.3756408691406,266.3115234375,266.2841796875,266.28204345703125,266.3077087402344,266.3392028808594,266.355224609375,266.38690185546875,266.48773193359375,266.65484619140625,266.8309326171875,266.9804992675781,267.1104736328125,267.2200622558594,267.29119873046875,267.3343505859375,267.3886413574219,267.4671630859375,267.5451965332031,267.60443115234375,267.6497802734375,267.6843566894531,267.7012023925781,267.698974609375,267.6836242675781,267.65911865234375,267.62890625,267.5974426269531,267.56396484375,267.5252380371094,267.4861755371094,267.4551086425781,267.4307556152344,267.4063720703125,267.3829650878906,267.365478515625,267.3511962890625,267.33294677734375,267.31036376953125,267.2874450683594,267.26263427734375,267.2298583984375,267.18743896484375,267.1391906738281
263.9781494140625,263.8957824707031,263.84307861328125,263.8172912597656,263.8298034667969,263.87347412109375,263.9341735839844,264.0211181640625,264.1529846191406,264.3202819824219,264.4917297363281,264.65142822265625,264.79974365234375,264.9265441894531,265.0171813964844,265.0828857421875,265.152099609375,265.2313537597656,265.3001708984375,265.3437805175781,265.3678283691406,265.3815612792969,265.384033203125,265.3683776855469,265.3298645019531,265.2718200683594,265.2072448730469,265.1482238769531,265.09368896484375,265.0372619628906,264.9829406738281,264.9410400390625,264.9115295410156,264.8859558105469,264.8623352050781,264.8454895019531,264.83502197265625,264.825439453125,264.8157958984375,264.80865478515625,264.80047607421875,264.783935546875,264.75860595703125,264.7309265136719
261.4763488769531,261.3914794921875,261.3312072753906,261.3016357421875,261.3197937011719,261.38800048828125,261.4931335449219,261.6253662109375,261.78125,261.95172119140625,262.1219177246094,262.28106689453125,262.42266845703125,262.53973388671875,262.6322937011719,262.7151184082031,262.8042297363281,262.896484375,262.97265625,263.018310546875,263.034423828125,263.02984619140625,263.01116943359375,262.97772216796875,262.9244689941406,262.8515625,262.77001953125,262.6927490234375,262.6224670410156,262.5556335449219,262.49456787109375,262.4464111328125,262.41217041015625,262.3867492675781,262.368408203125,262.3591613769531,262.3576354980469,262.35968017578125,262.36517333984375,262.376220703125,262.3896484375,262.3985900878906,262.4007263183594,262.39862060546875
259.1426696777344,259.0714416503906,259.0275573730469,259.0151062011719,259.0430908203125,259.11505126953125,259.224853515625,259.3626708984375,259.51922607421875,259.6840515136719,259.8450012207031,259.99163818359375,260.117919921875,260.2236633300781,260.31488037109375,260.4005432128906,260.48583984375,260.5679016113281,260.6384582519531,260.68780517578125,260.70855712890625,260.6993713378906,260.6669616699219,260.6203918457031,260.5630798339844,260.49420166015625,260.41644287109375,260.3374938964844,260.2637023925781,260.197265625,260.1397399902344,260.0934753417969,260.05950927734375,260.0376281738281,260.028076171875,260.0299377441406,260.03912353515625,260.0518798828125,260.06915283203125,260.093994140625,260.12542724609375,260.15863037109375,260.18896484375,260.2132873535156
257.1268615722656,257.0848083496094,257.072021484375,257.0826721191406,257.1142883300781,257.1709899902344,257.25732421875,257.37127685546875,257.5033874511719,257.6412048339844,257.77532958984375,257.9027099609375,258.0250549316406,258.14300537109375,258.2518310546875,258.343017578125,258.4112548828125,258.4604187011719,258.4991760253906,258.52984619140625,258.54412841796875,258.5329895019531,258.498046875,258.4498291015625,258.3958435058594,258.33526611328125,258.26629638671875,258.1932373046875,258.1244201660156,258.0654296875,258.0167541503906,257.9771728515625,257.9471740722656,257.9293212890625,257.9251403808594,257.9328918457031,257.9486999511719,257.9704284667969,257.99908447265625,258.0355224609375,258.07806396484375,258.1239013671875,258.1707763671875,258.21600341796875
255.46510314941406,255.45346069335938,255.46356201171875,255.48512268066406,255.5146484375,255.5591278076172,255.62667846679688,255.71575927734375,255.81497192382812,255.91305541992188,256.0087585449219,256.1106872558594,256.2279052734375,256.3584289550781,256.4859313964844,256.58843994140625,256.6532897949219,256.6844482421875,256.696044921875,256.6976623535156,256.6880187988281,256.6622314453125,256.6216735839844,256.5733642578125,256.52166748046875,256.4650573730469,256.4018249511719,256.3362731933594,256.276123046875,256.22576904296875,256.1842346191406,256.1497802734375,256.1239013671875,256.1098937988281,256.10858154296875,256.11737060546875,256.1341857910156,256.1604919433594,256.1984558105469,256.2464599609375,256.29931640625,256.3530578613281,256.4078063964844,256.46435546875
254.13729858398438,254.1417236328125,254.1514892578125,254.16473388671875,254.18731689453125,254.2286376953125,254.29122924804688,254.36561584472656,254.43719482421875,254.49905395507812,254.55877685546875,254.63287353515625,254.73345947265625,254.8577117919922,254.98765563964844,255.0999298095703,255.177978515625,255.21775817871094,255.22476196289062,255.2067413330078,255.17022705078125,255.12159729003906,255.06785583496094,255.0140838623047,254.96041870117188,254.9040985107422,254.84494018554688,254.78720092773438,254.7356719970703,254.69113159179688,254.65171813964844,254.617919921875,254.5942840576172,254.58470153808594,254.58746337890625,254.59707641601562,254.61111450195312,254.6337890625,254.6715545654297,254.72567749023438,254.79051208496094,254.8588104248047,254.92666625976562,254.99343872070312
253.05555725097656,253.0633544921875,253.0625762939453,253.06248474121094,253.07749938964844,253.11643981933594,253.17434692382812,253.2352294921875,253.28427124023438,253.31967163085938,253.35462951660156,253.40809631347656,253.49197387695312,253.6035919189453,253.72732543945312,253.8421173095703,253.9291229248047,253.97686767578125,253.9828338623047,253.9530792236328,253.8999481201172,253.8378143310547,253.7772674560547,253.72152709960938,253.6678466796875,253.61317443847656,253.5586395263672,253.5083770751953,253.46456909179688,253.42539978027344,253.38873291015625,253.35711669921875,253.33734130859375,253.33375549316406,253.34307861328125,253.35670471191406,253.36936950683594,253.38504028320312,253.41387939453125,253.4635009765625,253.5330047607422,253.61422729492188,253.6972198486328,253.7751007080078
252.1097869873047,252.12081909179688,252.12136840820312,252.1230926513672,252.13975524902344,252.17678833007812,252.2264404296875,252.2733154296875,252.3059539794922,252.32568359375,252.3460235595703,252.38400268554688,252.44981384277344,252.5413055419922,252.6453094482422,252.7429962158203,252.81617736816406,252.8527374267578,252.8500213623047,252.81561279296875,252.76373291015625,252.70867919921875,252.6583709716797,252.61260986328125,252.56716918945312,252.52000427246094,252.47377014160156,252.43310546875,252.39981079101562,252.37179565429688,252.34716796875,252.32830810546875,252.3213653564453,252.33013916015625,252.35104370117188,252.3745574951172,252.39303588867188,252.40737915039062,252.42724609375,252.4639129638672,252.52239990234375,252.59814453125,252.6801300048828,252.75733947753906
251.26829528808594,251.2887420654297,251.30511474609375,251.32342529296875,251.35116577148438,251.39041137695312,251.4353790283203,251.47573852539062,251.50387573242188,251.5202178955078,251.5333251953125,251.55453491210938,251.5915985107422,251.6446075439453,251.70565795898438,251.76226806640625,251.80198669433594,251.8170166015625,251.80706787109375,251.779052734375,251.7434539794922,251.70889282226562,251.67825317382812,251.64920043945312,251.61807250976562,251.584228515625,251.551025390625,251.5230255126953,251.50238037109375,251.48834228515625,251.47984313964844,251.4785614013672,251.48831176757812,251.5111083984375,251.5433807373047,251.57659912109375,251.60264587402344,251.61985778808594,251.63475036621094,251.65821838378906,251.69851684570312,251.75611877441406,251.8236541748047,251.8905029296875
250.57383728027344,250.60507202148438,250.63613891601562,250.6676025390625,250.70191955566406,250.74020385742188,250.78024291992188,250.81723022460938,250.84634399414062,250.86563110351562,250.8771514892578,250.88551330566406,250.8953399658203,250.9087371826172,250.92425537109375,250.9376678466797,250.94406127929688,250.9403839111328,250.92701721191406,250.90760803222656,250.88702392578125,250.86862182617188,250.8528594970703,250.8377685546875,250.82127380371094,250.80311584472656,250.7851104736328,250.76968383789062,250.75831604003906,250.75143432617188,250.74964904785156,250.75485229492188,250.76953125,250.79429626464844,250.82603454589844,250.85830688476562,250.8848114013672,250.90345764160156,250.91835021972656,250.93789672851562,250.9700164794922,251.0175323486328,251.07659912109375,251.13888549804688
250.02981567382812,250.06350708007812,250.0966033935547,250.1273193359375,250.15589904785156,250.1834259033203,250.21026611328125,250.2353973388672,250.25662231445312,250.2717742919922,250.27984619140625,250.28134155273438,250.27801513671875,250.2718048095703,250.26393127441406,250.25454711914062,250.2430877685547,250.2290802001953,250.21298217773438,250.1963348388672,250.18115234375,250.1690216064453,250.16043090820312,250.1547088623047,250.15057373046875,250.1468505859375,250.14271545410156,250.1378173828125,250.13226318359375,250.12689208984375,250.12362670898438,250.12513732910156,250.1339569091797,250.15084838867188,250.17401123046875,250.1997528076172,250.22434997558594,250.24649047851562,250.2685546875,250.2954559326172,250.33212280273438,250.3805389404297,250.43821716308594,250.49928283691406
249.5780487060547,249.6027374267578,249.62779235839844,249.6504669189453,249.66944885253906,249.6845703125,249.69627380371094,249.70481872558594,249.7100067138672,249.71142578125,249.708740234375,249.70208740234375,249.69224548339844,249.6802215576172,249.6669464111328,249.65301513671875,249.63861083984375,249.62384033203125,249.60916137695312,249.595458984375,249.58401489257812,249.57606506347656,249.57240295410156,249.57284545898438,249.5763702392578,249.5812225341797,249.58551025390625,249.5877685546875,249.5874786376953,249.58555603027344,249.58399963378906,249.5855255126953,249.5924835205078,249.60606384277344,249.62582397460938,249.65013122558594,249.67718505859375,249.70614624023438,249.7376251220703,249.7733917236328,249.8151397705078,249.86322021484375,249.9158935546875,249.9697265625
249.19692993164062,249.20745849609375,249.22149658203125,249.2362060546875,249.2490234375,249.25808715820312,249.2624053955078,249.26165771484375,249.25613403320312,249.24652099609375,249.23377990722656,249.21908569335938,249.20361328125,249.18841552734375,249.17417907714844,249.16122436523438,249.1495361328125,249.1390380859375,249.12973022460938,249.12185668945312,249.11590576171875,249.11245727539062,249.11184692382812,249.114013671875,249.1183319091797,249.123779296875,249.1292266845703,249.1339569091797,249.13775634765625,249.1412811279297,249.1458740234375,249.1531219482422,249.1643829345703,249.18035888671875,249.2010955810547,249.2259521484375,249.25413513183594,249.28509521484375,249.31874084472656,249.35537719726562,249.395263671875,249.43824768066406,249.48348999023438,249.529541015625
248.9036407470703,248.90142822265625,248.9038848876953,248.90907287597656,248.9147491455078,248.91883850097656,248.91978454589844,248.91665649414062,248.9093017578125,248.898193359375,248.88430786132812,248.868896484375,248.85317993164062,248.8382568359375,248.8248748779297,248.81338500976562,248.80386352539062,248.79612731933594,248.78993225097656,248.78512573242188,248.78158569335938,248.77940368652344,248.77859497070312,248.77920532226562,248.7811737060547,248.78440856933594,248.78883361816406,248.79441833496094,248.80126953125,248.80967712402344,248.820068359375,248.83282470703125,248.8481903076172,248.86627197265625,248.88693237304688,248.90992736816406,248.93508911132812,248.9623260498047,248.99176025390625,249.0236053466797,249.05809020996094,249.09521484375,249.1347198486328,249.17601013183594
248.68238830566406,248.67181396484375,248.66407775878906,248.6585693359375,248.6544189453125,248.65061950683594,248.64630126953125,248.6407470703125,248.63368225097656,248.62509155273438,248.61524963378906,248.6046600341797,248.59390258789062,248.58348083496094,248.5738067626953,248.56515502929688,248.55760192871094,248.55116271972656,248.54579162597656,248.5413818359375,248.53794860839844,248.53555297851562,248.5343475341797,248.53451538085938,248.53628540039062,248.53988647460938,248.54550170898438,248.5532684326172,248.5632781982422,248.5754852294922,248.58984375,248.606201171875,248.6243133544922,248.64398193359375,248.66500854492188,248.68724060058594,248.71070861816406,248.7354278564453,248.76156616210938,248.7893524169922,248.81887817382812,248.85015869140625,248.88294982910156,248.91688537597656
