earth/public/data/ocean/W07/ANN-ocevel-depthz-1000m-gfs-1.0.json
{"header": {"discipline": 0, "disciplineName": "Meteorological products", "gribEdition": 2, "gribLength": 131138.0, "center": 0, "centerName": "Kiel Climate Model", "subcenter": 0, "refTime": "1", "significanceOfRT": 1, "significanceOfRTName": "Start of forecast", "productStatus": 0, "productStatusName": "Operational products", "productType": 1, "productTypeName": "Forecast products", "productDefinitionTemplate": 0, "productDefinitionTemplateName": "Analysis/forecast at horizontal level/layer at a point in time", "parameterCategory": 2, "parameterCategoryName": "Momentum", "parameterNumber": 2, "parameterNumberName": "V-component_of_wind", "parameterUnit": "m/s", "genProcessType": 2, "genProcessTypeName": "Forecast", "forecastTime": 0, "surface1Type": 103, "surface1TypeName": "Specified height level above ground", "surface1Value": 10, "surface2Type": 255, "surface2TypeName": "Missing", "surface2Value": 0, "gridDefinitionTemplate": 0, "gridDefinitionTemplateName": "Latitude_Longitude", "numberPoints": 65160, "shape": 6, "shapeName": "Earth spherical with radius of 6,371,229.0 m", "gridUnits": "degrees", "resolution": 48, "winds": "true", "scanMode": 0, "nx": 360.0, "ny": 180.0, "basicAngle": 0, "subDivisions": 0, "lo1": 0.0, "la1": -89.5, "lo2": 359.0, "la2": 89.5, "dx": 1.0, "dy": -1.0}, "data":
[rows 20 to 39 of 180, columns 0 to 43 of 360]
-0.0017235834384337068,null,-0.0009112005936913192,null,-0.0033140762243419886,null,-0.0037392969243228436,null,-0.00411839596927166,null,-0.00564573286101222,null,null,null,null,null,null,null,0.004078294150531292,null,0.0020650485530495644,null,0.0009694989421404898,null,-4.753215307573555e-06,null,-0.0017545188311487436,null,-0.0019632652401924133,null,null,null,null,null,null,null,null,null,null,null,null,null,null,null
-0.0007043072837404907,-0.0010840736795216799,-0.0014840650837868452,-0.0026190849021077156,-0.003971954341977835,-0.004794315434992313,-0.005351061932742596,-0.005764010362327099,-0.006255465094000101,-0.006948324851691723,-0.008237052708864212,-0.008360305801033974,-0.007192479912191629,-0.004695484414696693,-0.001740062958560884,0.00030984324985183775,0.0011793108424171805,0.002223352435976267,0.002596234204247594,0.0024036404211074114,0.0019930077251046896,0.0015427260659635067,0.0008421838283538818,0.0001633161009522155,-0.0005016701179556549,-0.00135262799449265,-0.0022499740589410067,-0.0027097202837467194,-0.0030052473302930593,-0.003961123991757631,-0.005569746717810631,-0.0060396636836230755,null,null,null,null,null,null,null,null,null,null,null,null
-0.0009086499339900911,-0.0014822807861492038,-0.0022549955174326897,-0.003481883555650711,-0.004962224513292313,-0.006238769739866257,-0.007095107343047857,-0.007777784951031208,-0.008179700002074242,-0.008782722987234592,-0.009475570172071457,-0.009037700481712818,-0.007513950578868389,-0.00533269252628088,-0.0028670814353972673,-0.0007771060918457806,0.0005787741974927485,0.0015809721080586314,0.0020817131735384464,0.0022243803832679987,0.0019829010125249624,0.0013626691652461886,0.0004482294316403568,-0.0005209255614317954,-0.0013832837576046586,-0.0023802712094038725,-0.0033454452641308308,-0.004052022006362677,-0.004362387116998434,-0.005260217934846878,-0.006623425520956516,-0.006902963854372501,-0.005802496336400509,-0.0029708100482821465,0.0012032340746372938,0.0026307813823223114,0.0011126769240945578,0.00024661715724505484,-7.858309982111678e-05,-0.00047623159480281174,-0.0009277869830839336,null,null,null
-0.0021332758478820324,-0.0024587770458310843,-0.003008502535521984,-0.00410477863624692,-0.005564128514379263,-0.006902995519340038,-0.007898113690316677,-0.008535031229257584,-0.008702287450432777,-0.008843034505844116,-0.008916054852306843,-0.00840824656188488,-0.007413891609758139,-0.005873904563486576,-0.00408167066052556,-0.0022170827724039555,-0.0006056605488993227,0.0006940265884622931,0.001466964720748365,0.0017114237416535616,0.0013911551795899868,0.0006396457320079207,-0.00040704867569729686,-0.001550018903799355,-0.0025911086704581976,-0.0036872185301035643,-0.004644162952899933,-0.005402625538408756,-0.005838435608893633,-0.006533902138471603,-0.007342432159930468,-0.007386772893369198,-0.006650684867054224,-0.004850983154028654,-0.0024313274770975113,-0.0008725406951270998,-0.00044922606321051717,-0.0002432354085613042,-0.00018645668751560152,-0.00040441667078994215,-0.0008472707122564316,-0.00143831642344594,-0.0022260185796767473,-0.0028088216204196215
-0.003490525297820568,-0.0035350550897419453,-0.003644895274192095,-0.004251131787896156,-0.005249240901321173,-0.006213848944753408,-0.006986427586525679,-0.007361041381955147,-0.007278128061443567,-0.0071454583667218685,-0.0069862292148172855,-0.0066120680421590805,-0.006091676652431488,-0.0051786405965685844,-0.004042259883135557,-0.0027072587981820107,-0.0014143043663352728,-0.0003223008825443685,0.00037681550020352006,0.0005976940738037229,0.00030563969630748034,-0.0004055325989611447,-0.0014033261686563492,-0.00252554751932621,-0.003566843457520008,-0.00459806714206934,-0.005433232057839632,-0.006154004018753767,-0.006629164330661297,-0.007061276584863663,-0.007373437751084566,-0.0073971375823020935,-0.007145086769014597,-0.0062555246986448765,-0.004904820118099451,-0.0033058642875403166,-0.0017381970537826419,-0.000684064463712275,-0.0003132204874418676,-0.0003619361959863454,-0.000812898448202759,-0.001543881488032639,-0.0024342997930943966,-0.00305165839381516
-0.004499991424381733,-0.004366285167634487,-0.004110808949917555,-0.004154934082180262,-0.004476211499422789,-0.004834114108234644,-0.005150532349944115,-0.005211790092289448,-0.004995891824364662,-0.004787254612892866,-0.004611064679920673,-0.004382449202239513,-0.00413809809833765,-0.0036867514718323946,-0.00311663537286222,-0.002365953754633665,-0.0015798325184732676,-0.0008860006928443909,-0.00041405746014788747,-0.00032666634069755673,-0.0006403704755939543,-0.0013203376438468695,-0.002246293006464839,-0.0032715911511331797,-0.004213887732475996,-0.005121579859405756,-0.005830895621329546,-0.006417043041437864,-0.006774686276912689,-0.007049374282360077,-0.007192487828433514,-0.007092106621712446,-0.006761965807527304,-0.00591896241530776,-0.004706389270722866,-0.0032919214572757483,-0.001926140976138413,-0.0009587626555003226,-0.0005660983151756227,-0.0005878396914340556,-0.0010227863676846027,-0.0017178868874907494,-0.0025469756219536066,-0.0032510063610970974
-0.004445464815944433,-0.0042404839769005775,-0.0038503026589751244,-0.003568142419680953,-0.0034279164392501116,-0.0033415677025914192,-0.003305053571239114,-0.0032056698109954596,-0.0030478944536298513,-0.0029437521006911993,-0.0029070046730339527,-0.0028565500397235155,-0.0028040751349180937,-0.0026480406522750854,-0.002428460866212845,-0.0020767764654010534,-0.0016726732719689608,-0.0013086540857329965,-0.0010621255496516824,-0.0011103505967184901,-0.001448613591492176,-0.0020902997348457575,-0.002917411271482706,-0.0038359116297215223,-0.0046748211607337,-0.0054647051729261875,-0.006057467311620712,-0.006521717179566622,-0.006769226398319006,-0.006879506632685661,-0.006829695776104927,-0.006546435412019491,-0.006080642342567444,-0.005272223614156246,-0.004271980840712786,-0.0031626378186047077,-0.00214978470467031,-0.0014246620703488588,-0.0011167482007294893,-0.0011564529268071055,-0.0015336171491071582,-0.0021048090420663357,-0.0027668317779898643,-0.003406970528885722
-0.0031494246795773506,-0.0029091560281813145,-0.0025723350699990988,-0.0022634966298937798,-0.002036804100498557,-0.0018847236642614007,-0.0018234949093312025,-0.0018606230150908232,-0.0019778450950980186,-0.0021760861855000257,-0.002410688204690814,-0.002586408518254757,-0.002664710395038128,-0.0026304959319531918,-0.002490702783688903,-0.0022413432598114014,-0.0019378296565264463,-0.001667873584665358,-0.0014941279077902436,-0.0015670289285480976,-0.001882722950540483,-0.0024653563741594553,-0.0032110002357512712,-0.004060598090291023,-0.004856495186686516,-0.005603028926998377,-0.006159389857202768,-0.006567210890352726,-0.006747553590685129,-0.006747378036379814,-0.006561903282999992,-0.00616927957162261,-0.005635245703160763,-0.004902638960629702,-0.004102031700313091,-0.003272401401773095,-0.002568548545241356,-0.002066526561975479,-0.001864026766270399,-0.0019168347353115678,-0.002218233421444893,-0.0026674179825931787,-0.0031811196822673082,-0.0037019632291048765
-0.0011330991983413696,-0.0008143403101712465,-0.0005263068014755845,-0.00030836096266284585,-0.00020301791664678603,-0.00025173573521897197,-0.00044403449282981455,-0.0008593615493737161,-0.0014183622552081943,-0.002091837814077735,-0.00275067868642509,-0.0032667776104062796,-0.003537460695952177,-0.0035706115886569023,-0.003355614608153701,-0.002964853076264262,-0.0024737699422985315,-0.002005336806178093,-0.0016552098095417023,-0.001569064101204276,-0.0017706778598949313,-0.002279039938002825,-0.0030020135454833508,-0.0038804977666586637,-0.004749234765768051,-0.005586486775428057,-0.006232654210180044,-0.006703432183712721,-0.006906937807798386,-0.006885277107357979,-0.00663974042981863,-0.006193544249981642,-0.005629359744489193,-0.004945360589772463,-0.004270594567060471,-0.0036147967912256718,-0.0031027556397020817,-0.0027470304630696774,-0.0026156066451221704,-0.0026698210276663303,-0.0028997217305004597,-0.0032556455116719007,-0.003670531092211604,-0.004111220128834248
0.0013256723759695888,0.0018099750159308314,0.002151685766875744,0.0023091526236385107,0.0022519626654684544,0.0019171448657289147,0.001364384894259274,0.00044911910663358867,-0.000661708356346935,-0.0019864675123244524,-0.0032773325219750404,-0.004357486963272095,-0.0050179664976894855,-0.00523120304569602,-0.004948277957737446,-0.004312555305659771,-0.003437911858782172,-0.002523641334846616,-0.001742406515404582,-0.0012748156441375613,-0.0012166548985987902,-0.0015738579677417874,-0.002290635835379362,-0.0032684726174920797,-0.004331307020038366,-0.00541213434189558,-0.00630864268168807,-0.0069959163665771484,-0.007340999785810709,-0.007397190202027559,-0.007148445583879948,-0.006683701183646917,-0.006085221190005541,-0.005406409036368132,-0.004772082902491093,-0.004173330496996641,-0.003723497036844492,-0.0033977048005908728,-0.0032608909532427788,-0.003273931099101901,-0.003438179614022374,-0.0037360137794166803,-0.004113464150577784,-0.00453802989795804
0.004217138979583979,0.004888320341706276,0.00532808480784297,0.005481287837028503,0.005317415576428175,0.00476067466661334,0.0039029293693602085,0.0024906478356570005,0.0007754379766993225,-0.001355956308543682,-0.003510731505230069,-0.005440196022391319,-0.006780111230909824,-0.007411808241158724,-0.007205819245427847,-0.006372638512402773,-0.005055009387433529,-0.003554161172360182,-0.0021430945489555597,-0.0010664704022929072,-0.0005284566432237625,-0.0005604114267043769,-0.00116734707262367,-0.0022246406879276037,-0.003545725718140602,-0.004993928596377373,-0.00630421657115221,-0.007375315763056278,-0.008006741292774677,-0.008250921033322811,-0.008059127256274223,-0.007592586800456047,-0.006935764569789171,-0.006198241841048002,-0.005516778212040663,-0.00485973572358489,-0.004351029172539711,-0.003938599489629269,-0.0037022826727479696,-0.0036151933018118143,-0.003695984138175845,-0.003950847312808037,-0.004333197139203548,-0.004807833582162857
0.007210304494947195,0.007908682338893414,0.008369422517716885,0.008586987853050232,0.008517637848854065,0.007997320033609867,0.0070982882753014565,0.005346153862774372,0.0030437586829066277,4.342895044828765e-05,-0.0031156379263848066,-0.006109967362135649,-0.008397427387535572,-0.009736040607094765,-0.009873224422335625,-0.00905043538659811,-0.00740206241607666,-0.005344077479094267,-0.0032395683228969574,-0.0014130393974483013,-0.00019313098164275289,0.00032199840643443167,3.227165143471211e-05,-0.0009362956043332815,-0.002421907614916563,-0.00421101413667202,-0.005991004873067141,-0.00754562160000205,-0.008594663813710213,-0.009153008460998535,-0.009113064967095852,-0.00870917271822691,-0.008007834665477276,-0.0071977474726736546,-0.006422456819564104,-0.00562754413112998,-0.004957693628966808,-0.004338080063462257,-0.003885840065777302,-0.0036007019225507975,-0.003540922189131379,-0.0037256674841046333,-0.004125690553337336,-0.0046890778467059135
0.009226709604263306,0.009708873927593231,0.010056854225695133,0.010440075770020485,0.010783147998154163,0.010712681338191032,0.010225457139313221,0.008419640362262726,0.005611584521830082,0.001878568553365767,-0.0021160701289772987,-0.0060430122539401054,-0.009217914193868637,-0.011353890411555767,-0.01207882259041071,-0.011546632274985313,-0.009845718741416931,-0.007490275427699089,-0.00488758459687233,-0.002443987410515547,-0.0005809894064441323,0.0005285256775096059,0.0006971785915084183,2.4224593289545737e-05,-0.001369813340716064,-0.0032588946633040905,-0.005316642578691244,-0.007233329117298126,-0.008680511265993118,-0.009584169834852219,-0.00978973601013422,-0.009541346691548824,-0.008882004767656326,-0.00807439535856247,-0.007257557474076748,-0.006338648498058319,-0.00547792948782444,-0.0045845177955925465,-0.003818629775196314,-0.003246090840548277,-0.0029710300732403994,-0.0030436748638749123,-0.0034501878544688225,-0.004121609963476658
0.009977927431464195,0.009999793954193592,0.010008826851844788,0.010292722843587399,0.010853721760213375,0.011169826611876488,0.0112422164529562,0.009679305367171764,0.006756007671356201,0.0029214066453278065,-0.0011909465538337827,-0.00531141459941864,-0.008751103654503822,-0.011275160126388073,-0.012468806467950344,-0.012348523363471031,-0.010946948081254959,-0.008780091069638729,-0.006214342080056667,-0.0036641843616962433,-0.0015573650598526,-0.00014281735639087856,0.00034860894083976746,2.5457626179559156e-05,-0.0010443658102303743,-0.002655794145539403,-0.004531887825578451,-0.006384056061506271,-0.00790430884808302,-0.008967584930360317,-0.009398546069860458,-0.009377817623317242,-0.008908763527870178,-0.008284698240458965,-0.007608392741531134,-0.006718037649989128,-0.005763600580394268,-0.004661621060222387,-0.0036017997190356255,-0.0027261581271886826,-0.0021898178383708,-0.002070104470476508,-0.0023976508527994156,-0.003121563931927085
0.01042882539331913,0.009486900642514229,0.008382992818951607,0.0074671912007033825,0.006988681387156248,0.006808638107031584,0.007011816371232271,0.00609239749610424,0.004184245131909847,0.001563481753692031,-0.0013712215004488826,-0.004400119185447693,-0.007037098985165358,-0.009027981199324131,-0.010060560889542103,-0.0102448845282197,-0.009554114192724228,-0.008240957744419575,-0.006510352250188589,-0.004566282033920288,-0.0027368871960788965,-0.0014690386597067118,-0.0009830619674175978,-0.001098494976758957,-0.0017862407257780433,-0.0028014248237013817,-0.003963901661336422,-0.005154614802449942,-0.006179522722959518,-0.006984048057347536,-0.007445592433214188,-0.007615016773343086,-0.007470033597201109,-0.007232688367366791,-0.006940972991287708,-0.006325259804725647,-0.005486880894750357,-0.004429316613823175,-0.0033265084493905306,-0.0023683265317231417,-0.0017023455584421754,-0.0014186849584802985,-0.0015504661714658141,-0.002157327951863408
0.010293979197740555,0.007986173033714294,0.005032678600400686,0.0018783273408189416,-0.0009376102243550122,-0.002606903435662389,-0.0028209276497364044,-0.0028339894488453865,-0.0026187871117144823,-0.0027171936817467213,-0.003116209991276264,-0.00367143121547997,-0.004323375876992941,-0.004804436583071947,-0.005048026796430349,-0.0054910387843847275,-0.006037989165633917,-0.006247951649129391,-0.006065274588763714,-0.005245713517069817,-0.003937861416488886,-0.0030045337043702602,-0.002630295930430293,-0.0026064615231007338,-0.0029496587812900543,-0.0032459930516779423,-0.003436725353822112,-0.003594038775190711,-0.0036794980987906456,-0.0038435449823737144,-0.004056740086525679,-0.004271636717021465,-0.004457294475287199,-0.004695286974310875,-0.00494821323081851,-0.004810202866792679,-0.004305190872400999,-0.0036254958249628544,-0.0028854068368673325,-0.0022480282932519913,-0.0018166197696700692,-0.0015523958718404174,-0.001497500343248248,-0.0017634067917242646
0.008214489556849003,0.00518210232257843,0.0009865463944151998,-0.004005704075098038,-0.008973267860710621,-0.012272113002836704,-0.01334174070507288,-0.012906105257570744,-0.010983310639858246,-0.008525301702320576,-0.005898161791265011,-0.003387032775208354,-0.0014045732095837593,-4.039330087834969e-05,0.0004912265576422215,-0.00034108900581486523,-0.0023844370152801275,-0.004255658946931362,-0.0056565492413938046,-0.0059012058191001415,-0.004980303347110748,-0.004183159675449133,-0.0036701688077300787,-0.0033923292066901922,-0.0034051595721393824,-0.003116782521829009,-0.0025629722513258457,-0.001848028041422367,-0.001071461010724306,-0.0005263437633402646,-0.00029787153471261263,-0.00034583330852910876,-0.0006716215866617858,-0.001240224577486515,-0.0019655663054436445,-0.002327755093574524,-0.002270077122375369,-0.002162240445613861,-0.002028289483860135,-0.00197800830937922,-0.0020278762094676495,-0.0019956990145146847,-0.0018833944341167808,-0.0018886029720306396
0.005597222130745649,0.002744545927271247,-0.0016138993669301271,-0.007243350148200989,-0.013124112039804459,-0.017389047890901566,-0.01930287294089794,-0.01903938688337803,-0.0166791882365942,-0.012839597649872303,-0.008170531131327152,-0.0035025246907025576,0.00042177626164630055,0.0030189091339707375,0.0038740651216357946,0.002677176147699356,-0.0003754457866307348,-0.0032782424241304398,-0.005546288564801216,-0.006348943337798119,-0.005558790173381567,-0.004693460650742054,-0.0039006161969155073,-0.003348014084622264,-0.003118639811873436,-0.0025316246319562197,-0.0016829773085191846,-0.0005698319873772562,0.0006166166858747602,0.0015930605586618185,0.0022012528497725725,0.0023764315992593765,0.0021032169461250305,0.00142964709084481,0.0004787150537595153,-0.0001961577800102532,-0.0004866064991801977,-0.0008117557736113667,-0.0011354249436408281,-0.0015272411983460188,-0.0019383328035473824,-0.002127601532265544,-0.0020746916998177767,-0.002066968474537134
0.0028899596072733402,0.001069803023710847,-0.002603396074846387,-0.007593555375933647,-0.01309407688677311,-0.017485540360212326,-0.019990485161542892,-0.02047029510140419,-0.018757807090878487,-0.015021031722426414,-0.009875611402094364,-0.004450113978236914,0.00026031944435089827,0.003427382791414857,0.0044462899677455425,0.0033254290465265512,0.00023576912644784898,-0.0026602621655911207,-0.004879994783550501,-0.005653843749314547,-0.00486399419605732,-0.003928577061742544,-0.003018616233021021,-0.002356546465307474,-0.002061842242255807,-0.001522190636023879,-0.000817812280729413,0.0001224904990522191,0.001165137393400073,0.002153225941583514,0.002924627624452114,0.0033057406544685364,0.003212540177628398,0.002659834921360016,0.001730329473502934,0.0009244923130609095,0.0003943430201616138,-0.0002350380236748606,-0.0008260595495812595,-0.0015013795346021652,-0.002117625204846263,-0.0024326203856617212,-0.0023841008078306913,-0.00236489181406796
-0.000658184930216521,-0.00035234561073593795,-0.00214613345451653,-0.005337323993444443,-0.009349726140499115,-0.013421776704490185,-0.016805533319711685,-0.01879936084151268,-0.01902448758482933,-0.01669793203473091,-0.012199080549180508,-0.006916838698089123,-0.0017667424399405718,0.0019161694217473269,0.0034613339230418205,0.003151352284476161,0.001007253653369844,-0.0009654395980760455,-0.0024309398140758276,-0.0028398148715496063,-0.002111996989697218,-0.0013258467661216855,-0.0005991573561914265,-0.00016332798986695707,-6.572576239705086e-05,4.9551617848919705e-06,5.919278919463977e-05,0.0002721266937442124,0.0006155589944683015,0.0012785857543349266,0.0021431781351566315,0.002803547540679574,0.003136599203571677,0.0029713499825447798,0.002326571848243475,0.0015188672114163637,0.0006806980236433446,-0.0002035119541687891,-0.0009961423929780722,-0.0018475743709132075,-0.0026312186382710934,-0.002977571450173855,-0.0028322224970906973,-0.002573062665760517
