earth/public/data/ocean/W07/ANN-ocevel-depthz-0m-gfs-1.0.json
{"header": {"discipline": 0, "disciplineName": "Meteorological products", "gribEdition": 2, "gribLength": 131138.0, "center": 0, "centerName": "Kiel Climate Model", "subcenter": 0, "refTime": "1", "significanceOfRT": 1, "significanceOfRTName": "Start of forecast", "productStatus": 0, "productStatusName": "Operational products", "productType": 1, "productTypeName": "Forecast products", "productDefinitionTemplate": 0, "productDefinitionTemplateName": "Analysis/forecast at horizontal level/layer at a point in time", "parameterCategory": 2, "parameterCategoryName": "Momentum", "parameterNumber": 2, "parameterNumberName": "U-component_of_wind", "parameterUnit": "m/s", "genProcessType": 2, "genProcessTypeName": "Forecast", "forecastTime": 0, "surface1Type": 103, "surface1TypeName": "Specified height level above ground", "surface1Value": 10, "surface2Type": 255, "surface2TypeName": "Missing", "surface2Value": 0, "gridDefinitionTemplate": 0, "gridDefinitionTemplateName": "Latitude_Longitude", "numberPoints": 65160, "shape": 6, "shapeName": "Earth spherical with radius of 6,371,229.0 m", "gridUnits": "degrees", "resolution": 48, "winds": "true", "scanMode": 0, "nx": 360.0, "ny": 180.0, "basicAngle": 0, "subDivisions": 0, "lo1": 0.0, "la1": -89.5, "lo2": 359.0, "la2": 89.5, "dx": 1.0, "dy": -1.0}, "data":
[rows 60 to 79 of 180, columns 90 to 134 of 360]
-0.005573102738708258,-0.005563749931752682,-0.004153827205300331,-0.0025119006168097258,-0.0007689727353863418,0.0029397348407655954,0.008130763657391071,0.014581285417079926,0.0211615189909935,0.025367170572280884,0.02622252330183983,0.024790383875370026,0.021066870540380478,0.017554355785250664,0.014760159887373447,0.008703455328941345,0.0003907597274519503,-0.008517642505466938,-0.016527459025382996,-0.023990074172616005,-0.029709231108427048,-0.019546275958418846,0.0052915518172085285,0.018692564219236374,null,null,null,null,null,null,null,null,null,null,null,null,null,null,null,null,null,null,null,null,null
-0.0022964738309383392,-0.0014852611348032951,0.0008079962572082877,0.0037034801207482815,0.00665233563631773,0.01132509671151638,0.016916954889893532,0.02200835570693016,0.025922561064362526,0.026810575276613235,0.02480255998671055,0.02106732502579689,0.01636868715286255,0.012525656260550022,0.010155724361538887,0.004330448806285858,-0.004020797088742256,-0.0125217130407691,-0.019813835620880127,-0.02736724726855755,-0.033955421298742294,-0.024018114432692528,0.00727283488959074,0.02865701913833618,null,null,null,null,null,null,null,null,null,null,null,null,null,null,null,null,null,null,null,null,null
0.004574576858431101,0.00575091689825058,0.008285519666969776,0.011427441611886024,0.014627828262746334,0.018807973712682724,0.023163067176938057,0.02551582083106041,0.025189492851495743,0.022869689390063286,0.018686575815081596,0.014019832946360111,0.009633277542889118,0.006683919578790665,0.005789249204099178,0.001391411991789937,-0.0055802189745008945,-0.012022404931485653,-0.016576681286096573,-0.022515008226037025,-0.02861086279153824,-0.026584818959236145,-0.012120886705815792,-0.0019313041120767593,null,null,null,null,null,null,null,null,null,null,null,null,null,null,null,null,null,null,null,null,null
0.012616853229701519,0.013679970987141132,0.015774035826325417,0.018346522003412247,0.021038388833403587,0.02368670329451561,0.02599726803600788,0.025076422840356827,0.021338626742362976,0.01624959707260132,0.010862573981285095,0.005990861915051937,0.002466598991304636,0.0006193997687660158,0.0006993675488047302,-0.002557196654379368,-0.008601343259215355,-0.012896399013698101,-0.014799609780311584,-0.017671819776296616,-0.021308545023202896,-0.02328171581029892,-0.014049125835299492,-0.005476949270814657,null,null,null,null,null,null,null,null,null,null,null,null,null,null,null,null,null,null,null,null,null
0.020391017198562622,0.0209003034979105,0.02187194675207138,0.023248936980962753,0.024672232568264008,0.025260113179683685,0.024718379601836205,0.02108018472790718,0.014759986661374569,0.008263397961854935,0.0026436559855937958,-0.0016381647437810898,-0.0037499251775443554,-0.004653865937143564,-0.004099884070456028,-0.006881765089929104,-0.012450559064745903,-0.015225795097649097,-0.014564717188477516,-0.013941816054284573,-0.013152606785297394,-0.01274557039141655,-0.012633811682462692,-0.005952008068561554,null,null,null,null,null,null,null,null,null,null,null,null,null,null,null,null,null,null,null,null,null
0.024411045014858246,0.023745587095618248,0.023301588371396065,0.022884061560034752,0.02273213304579258,0.021084459498524666,0.01839202269911766,0.012902445159852505,0.005647311452776194,-0.0010181688703596592,-0.005984460934996605,-0.009501172229647636,-0.010991200804710388,-0.011689075268805027,-0.01141338236629963,-0.014093303121626377,-0.019213873893022537,-0.021264176815748215,-0.019843101501464844,-0.017219804227352142,-0.013856601901352406,-0.01191749144345522,-0.015999704599380493,-0.011135447770357132,null,null,null,null,null,null,null,null,null,null,null,null,null,null,null,null,null,null,null,null,null
0.023896729573607445,0.02182719297707081,0.019674332812428474,0.017461437731981277,0.015427635051310062,0.012114469893276691,0.007972926832735538,0.0021150605753064156,-0.004427542444318533,-0.009966949000954628,-0.013393623754382133,-0.016225045546889305,-0.017884111031889915,-0.01918180100619793,-0.0199366994202137,-0.022921370342373848,-0.027620848268270493,-0.02998274937272072,-0.029605966061353683,-0.02714378573000431,-0.023058529943227768,-0.020900987088680267,-0.022852914407849312,-0.01838773488998413,null,null,null,null,null,null,null,null,null,null,null,null,null,null,null,null,null,null,null,null,null
0.018198717385530472,0.015078926458954811,0.012092789635062218,0.00885670818388462,0.005950875114649534,0.0019661574624478817,-0.0024226082023233175,-0.007879870012402534,-0.013507576659321785,-0.01797165349125862,-0.0205210093408823,-0.023207202553749084,-0.025501543655991554,-0.02758227288722992,-0.029006963595747948,-0.0319744311273098,-0.03597544878721237,-0.038335345685482025,-0.03865368291735649,-0.03712953254580498,-0.033912528306245804,-0.03290428966283798,-0.032605577260255814,-0.02992902137339115,null,null,null,null,null,null,null,null,null,null,null,null,null,null,null,null,null,null,null,null,null
0.0003493421827442944,-0.0023344787769019604,-0.004541022703051567,-0.006872163154184818,-0.009019335731863976,-0.011707414872944355,-0.014511698856949806,-0.018318161368370056,-0.022433696314692497,-0.026055436581373215,-0.02849101833999157,-0.03161339834332466,-0.034896235913038254,-0.03743918240070343,-0.03888082131743431,-0.040924012660980225,-0.0432564839720726,-0.044638510793447495,-0.0448906347155571,-0.04439500346779823,-0.04342583566904068,-0.04246441274881363,-0.04126807302236557,-0.040951404720544815,-0.03828512504696846,-0.03547674044966698,-0.030490009114146233,null,null,null,null,null,null,null,null,null,null,null,null,null,null,null,null,null,null
-0.019442308694124222,-0.02103007212281227,-0.02174089103937149,-0.02265986055135727,-0.02349643036723137,-0.024606097489595413,-0.025673408061265945,-0.027833564206957817,-0.0306006520986557,-0.033529046922922134,-0.03605961799621582,-0.039436180144548416,-0.04304374009370804,-0.045604780316352844,-0.04661682993173599,-0.047475215047597885,-0.047934338450431824,-0.048022519797086716,-0.047623276710510254,-0.04734610393643379,-0.047184765338897705,-0.04528335854411125,-0.042005278170108795,-0.04076537862420082,-0.04212295636534691,-0.037438102066516876,-0.02692587859928608,null,null,null,null,null,null,null,null,null,null,null,null,null,null,null,null,null,null
-0.039070941507816315,-0.03893110528588295,-0.03814263269305229,-0.03746528550982475,-0.0371406190097332,-0.03687542304396629,-0.03681252524256706,-0.03767146170139313,-0.03940005972981453,-0.04121875390410423,-0.04293831065297127,-0.04497803375124931,-0.0471685454249382,-0.04806152731180191,-0.04771052673459053,-0.04703060910105705,-0.04628894105553627,-0.04530412703752518,-0.04431735724210739,-0.043323151767253876,-0.04255428910255432,-0.040292344987392426,-0.03702089935541153,-0.03536885231733322,-0.035774290561676025,-0.031344667077064514,-0.0228212159126997,-0.014288879930973053,-0.006999393925070763,-0.002466159174218774,0.0001653059443924576,0.0007825494394637644,0.0008800541399978101,null,null,null,null,null,null,null,null,null,null,null,null
-0.060284871608018875,-0.05856957286596298,-0.056257084012031555,-0.05427734553813934,-0.052871908992528915,-0.05156593769788742,-0.050502266734838486,-0.05021723359823227,-0.05065866932272911,-0.050921518355607986,-0.050816550850868225,-0.050639983266592026,-0.050222430378198624,-0.048740364611148834,-0.046247344464063644,-0.043988339602947235,-0.042230524122714996,-0.040562279522418976,-0.039224788546562195,-0.03765842691063881,-0.03609596937894821,-0.033038586378097534,-0.02896984852850437,-0.025802873075008392,-0.02397575043141842,-0.02025175653398037,-0.015372130088508129,-0.010135391727089882,-0.005793275777250528,-0.001893303939141333,0.0014188330387696624,0.0036877887323498726,0.0028810559306293726,null,null,null,null,null,null,null,null,null,null,null,null
-0.08481225371360779,-0.08175060898065567,-0.07857204228639603,-0.07575947046279907,-0.07383204996585846,-0.07187975943088531,-0.07026087492704391,-0.06889498233795166,-0.06809019297361374,-0.06645766645669937,-0.06443995982408524,-0.061689384281635284,-0.0588945671916008,-0.05487577244639397,-0.05053212493658066,-0.04653073102235794,-0.04371955618262291,-0.04075721278786659,-0.03831625357270241,-0.03548216074705124,-0.032910291105508804,-0.028819449245929718,-0.024037698283791542,-0.01943052001297474,-0.01591607555747032,-0.012210114859044552,-0.009047864004969597,-0.0060972049832344055,-0.0038478453643620014,-0.0008091015042737126,0.002529527759179473,0.0038459328934550285,0.0012092647375538945,null,null,null,null,null,null,null,null,null,null,null,null
-0.10806829482316971,-0.10433821380138397,-0.10095151513814926,-0.09805326908826828,-0.09616265445947647,-0.09417393803596497,-0.09244541078805923,-0.09042204916477203,-0.08841197192668915,-0.08517631888389587,-0.08115766197443008,-0.07633338123559952,-0.07139209657907486,-0.06552045047283173,-0.059617578983306885,-0.05429128557443619,-0.05038953945040703,-0.04595379903912544,-0.04165661707520485,-0.03728180006146431,-0.033484697341918945,-0.02846687100827694,-0.023056380450725555,-0.017563793808221817,-0.012907271273434162,-0.008525734767317772,-0.0051544103771448135,-0.0027182854246348143,-0.0017070668982341886,0.000638674246147275,0.0038294391706585884,0.004165463615208864,0.0008617068524472415,-0.0013853954151272774,0.0071210311725735664,0.013629494234919548,null,null,null,null,null,null,null,null,null
-0.13501805067062378,-0.1310836374759674,-0.12782201170921326,-0.1249764934182167,-0.12304868549108505,-0.12073532491922379,-0.1185029000043869,-0.11535417288541794,-0.1119723916053772,-0.10694855451583862,-0.101321280002594,-0.09451647847890854,-0.08788293600082397,-0.08049391955137253,-0.07375434786081314,-0.06764969229698181,-0.06328737735748291,-0.05817911773920059,-0.053221628069877625,-0.04826799035072327,-0.044166501611471176,-0.03909774497151375,-0.033906757831573486,-0.028575686737895012,-0.023968851193785667,-0.019659893587231636,-0.016359850764274597,-0.014041105285286903,-0.013154239393770695,-0.010274142026901245,-0.00606843177229166,-0.0038460581563413143,-0.00439155800268054,-0.0015885683242231607,0.007209453731775284,0.01373700238764286,null,null,null,null,null,null,null,null,null
-0.16071924567222595,-0.1571127027273178,-0.15430934727191925,-0.15163739025592804,-0.1495983898639679,-0.1467803716659546,-0.14364981651306152,-0.1392829567193985,-0.13436304032802582,-0.12796200811862946,-0.1211184561252594,-0.11308649182319641,-0.1052149161696434,-0.0971497893333435,-0.09029604494571686,-0.08421902358531952,-0.08002614974975586,-0.0752704069018364,-0.07084852457046509,-0.0664709210395813,-0.06298588216304779,-0.05875923112034798,-0.054635994136333466,-0.050459519028663635,-0.047094136476516724,-0.04358172044157982,-0.04063330963253975,-0.03799566626548767,-0.03611936420202255,-0.03165566921234131,-0.025272205471992493,-0.018864672631025314,-0.013217609375715256,-0.002371939131990075,0.01593148149549961,0.02856873720884323,null,null,null,null,null,null,null,null,null
-0.18362736701965332,-0.18078161776065826,-0.17874912917613983,-0.17635831236839294,-0.1740170568227768,-0.17034052312374115,-0.16608138382434845,-0.1603974550962448,-0.15441103279590607,-0.1471698135137558,-0.13999249041080475,-0.13155977427959442,-0.12335404008626938,-0.11547964066267014,-0.10927791893482208,-0.10422013700008392,-0.1010739803314209,-0.09780717641115189,-0.09482014179229736,-0.09211073070764542,-0.08997116982936859,-0.08778171241283417,-0.08570832014083862,-0.08370391279459,-0.08190877735614777,-0.07993406057357788,-0.0779782310128212,-0.0761060118675232,-0.07451283186674118,-0.07027625292539597,-0.06398818641901016,-0.05576372519135475,-0.04699305072426796,-0.03151930496096611,-0.012112400494515896,0.005044346675276756,0.01591756008565426,0.019436413422226906,0.0018779188394546509,-0.006830422207713127,-0.02291087992489338,null,null,null,null
-0.1970621943473816,-0.1950707882642746,-0.1939609795808792,-0.1912757009267807,-0.18761932849884033,-0.1819845587015152,-0.1754680573940277,-0.16785690188407898,-0.16059012711048126,-0.1523824781179428,-0.14486709237098694,-0.1361265927553177,-0.1279323697090149,-0.12146885693073273,-0.11793842911720276,-0.11699283123016357,-0.11858604848384857,-0.12094057351350784,-0.12329273670911789,-0.12580431997776031,-0.12776200473308563,-0.13091611862182617,-0.13450253009796143,-0.13683374226093292,-0.1374266892671585,-0.1374671310186386,-0.13707056641578674,-0.1369829624891281,-0.13733644783496857,-0.1365625411272049,-0.13475298881530762,-0.130445659160614,-0.12411068379878998,-0.11247168481349945,-0.09717980772256851,-0.06424539536237717,-0.019609827548265457,-0.00041486177360638976,-0.012447429820895195,-0.02691543474793434,-0.0434039942920208,null,null,null,null
-0.20118612051010132,-0.19961583614349365,-0.19872625172138214,-0.195235475897789,-0.18968889117240906,-0.18177831172943115,-0.17278563976287842,-0.1630045473575592,-0.1540694385766983,-0.1442757099866867,-0.13526110351085663,-0.12541112303733826,-0.11638530343770981,-0.11121302098035812,-0.11089788377285004,-0.1150234043598175,-0.12320936471223831,-0.13266180455684662,-0.14219121634960175,-0.15105323493480682,-0.1580936461687088,-0.16743028163909912,-0.17778834700584412,-0.18471573293209076,-0.18723627924919128,-0.18875126540660858,-0.1890229433774948,-0.1902088224887848,-0.19212205708026886,-0.19502635300159454,-0.1986210197210312,-0.19960817694664001,-0.19822657108306885,-0.19246847927570343,-0.18388935923576355,-0.1353827714920044,-0.05490079149603844,-0.016226433217525482,-0.02528272196650505,-0.03918914869427681,-0.05942263826727867,null,null,null,null
-0.17992524802684784,-0.17778034508228302,-0.17636391520500183,-0.17158272862434387,-0.16441227495670319,-0.15471692383289337,-0.14437350630760193,-0.1332482397556305,-0.12342358380556107,-0.11288642883300781,-0.10352232307195663,-0.09295159578323364,-0.08307404071092606,-0.07724214345216751,-0.07667934894561768,-0.08220980316400528,-0.09298495948314667,-0.1053953543305397,-0.1172655001282692,-0.12625005841255188,-0.13115397095680237,-0.14170368015766144,-0.15622003376483917,-0.16832154989242554,-0.17530731856822968,-0.18187087774276733,-0.1860916167497635,-0.19199836254119873,-0.1978306621313095,-0.2065517157316208,-0.21592187881469727,-0.22719746828079224,-0.2371877282857895,-0.2466771900653839,-0.25213879346847534,-0.1928219050168991,-0.08028210699558258,-0.021580638363957405,-0.029316244646906853,-0.042112357914447784,-0.05796201527118683,-0.07074707746505737,-0.07809028774499893,-0.08433712273836136,-0.08801736682653427
