earth/public/data/ocean/W07/ANN-ocevel-depthz-500m-gfs-1.0.json
{"header": {"discipline": 0, "disciplineName": "Meteorological products", "gribEdition": 2, "gribLength": 131138.0, "center": 0, "centerName": "Kiel Climate Model", "subcenter": 0, "refTime": "1", "significanceOfRT": 1, "significanceOfRTName": "Start of forecast", "productStatus": 0, "productStatusName": "Operational products", "productType": 1, "productTypeName": "Forecast products", "productDefinitionTemplate": 0, "productDefinitionTemplateName": "Analysis/forecast at horizontal level/layer at a point in time", "parameterCategory": 2, "parameterCategoryName": "Momentum", "parameterNumber": 2, "parameterNumberName": "V-component_of_wind", "parameterUnit": "m/s", "genProcessType": 2, "genProcessTypeName": "Forecast", "forecastTime": 0, "surface1Type": 103, "surface1TypeName": "Specified height level above ground", "surface1Value": 10, "surface2Type": 255, "surface2TypeName": "Missing", "surface2Value": 0, "gridDefinitionTemplate": 0, "gridDefinitionTemplateName": "Latitude_Longitude", "numberPoints": 65160, "shape": 6, "shapeName": "Earth spherical with radius of 6,371,229.0 m", "gridUnits": "degrees", "resolution": 48, "winds": "true", "scanMode": 0, "nx": 360.0, "ny": 180.0, "basicAngle": 0, "subDivisions": 0, "lo1": 0.0, "la1": -89.5, "lo2": 359.0, "la2": 89.5, "dx": 1.0, "dy": -1.0}, "data":
[rows 60 to 79 of 180, columns 180 to 224 of 360]
0.01020690519362688,0.009561385028064251,0.008422336541116238,0.006908544804900885,0.005478869192302227,0.004367578774690628,0.003759851912036538,0.003589578438550234,0.003281555837020278,0.003194372868165374,0.0033461921848356724,0.0035846822429448366,0.003868918167427182,0.004109345376491547,0.004264655523002148,0.0043457383289933205,0.004338825587183237,0.004298228770494461,0.004231591243296862,0.004193441476672888,0.004191108979284763,0.0042237271554768085,0.004286257084459066,0.004323101602494717,0.004328934941440821,0.00427662068977952,0.004177068825811148,0.004055464640259743,0.00393456919118762,0.003846424166113138,0.0038061568047851324,0.0038010110147297382,0.003830199595540762,0.0038286754861474037,0.003795321099460125,0.003713462734594941,0.003596087684854865,0.0034984068479388952,0.0034365758765488863,0.0034306268207728863,0.003481894265860319,0.0035664536990225315,0.003670578822493553,0.0037316407542675734,0.003739927662536502
0.008510754443705082,0.0070031266659498215,0.005545604508370161,0.004418215248733759,0.003536793403327465,0.0031023751944303513,0.0028510030824691057,0.0029046221170574427,0.003014245769008994,0.0031783932354301214,0.00338063295930624,0.003610734362155199,0.0038254703395068645,0.0040192068554461,0.004153163637965918,0.004246159922331572,0.004281597677618265,0.004278188105672598,0.004238566383719444,0.004200855270028114,0.00417178962379694,0.004155741538852453,0.004152528941631317,0.004118369426578283,0.004054925870150328,0.003946359734982252,0.0038086907006800175,0.0036752386949956417,0.003569350577890873,0.0035236808471381664,0.0035492833703756332,0.0036112219095230103,0.003702692687511444,0.0037346836179494858,0.0037038051523268223,0.0036075259558856487,0.0034632431343197823,0.0033410764299333096,0.003262448590248823,0.00325560849159956,0.0033216539304703474,0.0034329232294112444,0.003570085158571601,0.003658836940303445,0.003684094175696373
0.006580584216862917,0.005208160728216171,0.004020169842988253,0.003206795547157526,0.002701651304960251,0.0025803474709391594,0.002516843844205141,0.002674115588888526,0.0029564930591732264,0.0032236482948064804,0.0034248135052621365,0.0036154212430119514,0.0037654091138392687,0.0039035133086144924,0.004009498283267021,0.004091551061719656,0.004136721603572369,0.004142038989812136,0.004107228014618158,0.004059874452650547,0.004009926225990057,0.003960739821195602,0.003923180513083935,0.003846624633297324,0.003746866947039962,0.0036045757587999105,0.0034470115788280964,0.0033044004812836647,0.003203142201527953,0.0031820563599467278,0.0032440030481666327,0.0033468962647020817,0.003470280673354864,0.0035343673080205917,0.003525068052113056,0.003450159216299653,0.0033199142199009657,0.003202308900654316,0.003117245389148593,0.003102350514382124,0.003161407308652997,0.003270479151979089,0.0034109672997146845,0.00350601295940578,0.0035384332295507193
0.005284635815769434,0.004251547623425722,0.0033475300297141075,0.002762765157967806,0.0024361968971788883,0.0024434351362288,0.0024442027788609266,0.0026407523546367884,0.0030016859527677298,0.0032929733861237764,0.0034638470970094204,0.0036039261613041162,0.00368314771912992,0.0037676366046071053,0.0038371568080037832,0.003897543763741851,0.0039358483627438545,0.003933546133339405,0.0038903632666915655,0.0038282820023596287,0.0037572504952549934,0.0036869249306619167,0.003628169884905219,0.0035309926606714725,0.0034111870918422937,0.0032536089420318604,0.0030855187214910984,0.0029377297032624483,0.002836642088368535,0.0028262718115001917,0.0029094789642840624,0.0030315974727272987,0.00317217200063169,0.0032630537170916796,0.003290154505521059,0.003252054564654827,0.003159028012305498,0.0030577098950743675,0.0029680028092116117,0.0029412833973765373,0.0029813353903591633,0.0030768499709665775,0.0032092288602143526,0.0033031923230737448,0.0033415581565350294
0.003929548431187868,0.003268436063081026,0.0027256712783128023,0.0023710185196250677,0.002216740744188428,0.0022810176014900208,0.002316008321940899,0.0025368770584464073,0.002938342746347189,0.003231994342058897,0.0033662766218185425,0.0034581460058689117,0.003493610071018338,0.003531485330313444,0.0035670739598572254,0.0035967850126326084,0.003617894137278199,0.003594175912439823,0.0035324948839843273,0.0034491820260882378,0.0033612630795687437,0.003278448013588786,0.0032157646492123604,0.0031193948816508055,0.0030048631597310305,0.0028556257020682096,0.002696163021028042,0.0025553773157298565,0.002457333728671074,0.002451108768582344,0.0025381799787282944,0.0026638987474143505,0.0028066097293049097,0.002915655029937625,0.00297089247033,0.0029661806765943766,0.002900663996115327,0.0028143415693193674,0.0027221166528761387,0.0026858532801270485,0.0027125156484544277,0.002795842010527849,0.0029212962836027145,0.0030143978074193,0.0030582512263208628
0.002727885264903307,0.0024713892489671707,0.002246739575639367,0.002123701386153698,0.002077998360618949,0.0021278103813529015,0.0021555686835199594,0.0023776914458721876,0.002781664952635765,0.0030551250092685223,0.003146515693515539,0.0032085648272186518,0.00322727975435555,0.0032410810235887766,0.0032452712766826153,0.0032455208711326122,0.0032391066197305918,0.0031873141415417194,0.003097008215263486,0.0029930369928479195,0.0028924259822815657,0.002809934550896287,0.002760590286925435,0.0026861876249313354,0.002602251246571541,0.0024822023697197437,0.0023505212739109993,0.002226585056632757,0.002134459326043725,0.002124427119269967,0.0021979662124067545,0.0023104604333639145,0.0024402537383139133,0.00255277706310153,0.002627887763082981,0.0026420133654028177,0.0025942984502762556,0.002516681095585227,0.00242406502366066,0.002383718965575099,0.002402607351541519,0.0024791769683361053,0.002598891733214259,0.002691638423129916,0.002740521216765046
0.0019059170735999942,0.0021130030509084463,0.0022315410897135735,0.002216900698840618,0.0021522673778235912,0.0020621316507458687,0.002005921211093664,0.0021940432488918304,0.002541349036619067,0.002750813029706478,0.002792211715131998,0.002823762595653534,0.0028416390996426344,0.0028407617937773466,0.002821326022967696,0.00279266107827425,0.002761682029813528,0.002680791774764657,0.0025665543507784605,0.0024463022127747536,0.0023424881510436535,0.0022709157783538103,0.0022429737728089094,0.0022038165479898453,0.0021572206169366837,0.002081191400066018,0.0019855364225804806,0.0018889866769313812,0.0018064792966470122,0.0017895398195832968,0.001841948600485921,0.001928122597746551,0.0020351794082671404,0.00213478016667068,0.002211089711636305,0.0022315660025924444,0.0021932360250502825,0.002127817366272211,0.002046147594228387,0.0020136970560997725,0.00203479896299541,0.0021089056972414255,0.002222302369773388,0.002314177108928561,0.0023679248988628387
0.0015709485160186887,0.0023005823604762554,0.002672984730452299,0.0026435251347720623,0.0024387668818235397,0.00208320003002882,0.001894274028018117,0.0020244745537638664,0.002255937084555626,0.0023789333645254374,0.0023632391821593046,0.002373779658228159,0.0024067284539341927,0.0024054606910794973,0.0023701712489128113,0.002322776708751917,0.0022701916750520468,0.002168879611417651,0.0020354040898382664,0.0019086755346506834,0.0018111466197296977,0.0017574495868757367,0.0017589727649465203,0.0017565909074619412,0.0017540802946314216,0.0017222290625795722,0.0016708446200937033,0.0016030895058065653,0.0015339007368311286,0.0015092563116922975,0.001532936585135758,0.001588468556292355,0.0016629697056487203,0.0017375549068674445,0.0017963889986276627,0.0018086116760969162,0.0017712503904476762,0.0017174577806144953,0.0016580712981522083,0.001642863149754703,0.0016761659644544125,0.0017529248725622892,0.0018594245193526149,0.0019502007635310292,0.0020086488220840693
0.0009295976487919688,0.0020426404662430286,0.002741204109042883,0.002871937584131956,0.0025753274094313383,0.0019064809894189239,0.001529587316326797,0.0016390261007472873,0.0018358856905251741,0.0019080821657553315,0.0018423250876367092,0.0018385301809757948,0.0018976492574438453,0.0019025234505534172,0.0018513003597036004,0.001791574526578188,0.0017343707149848342,0.0016283353324979544,0.001491606468334794,0.0013732140650972724,0.001292831962928176,0.0012633026344701648,0.0012879582354798913,0.0013182732509449124,0.0013471250422298908,0.0013537671184167266,0.0013351759407669306,0.001293728593736887,0.0012355927610769868,0.0012040125438943505,0.0012050801888108253,0.0012290285667404532,0.0012735029449686408,0.0013198737287893891,0.0013617104850709438,0.0013693453511223197,0.0013413348933681846,0.0013096394250169396,0.0012777306837961078,0.0012859367998316884,0.0013307854533195496,0.0014104569563642144,0.0015102653997018933,0.0015993923880159855,0.0016617832006886601
-0.0003615746391005814,0.0009376589441671968,0.0020288971718400717,0.0027244766242802143,0.0024837208911776543,0.0013387985527515411,0.0007123720715753734,0.0008778244955465198,0.0011758131440728903,0.0012639547931030393,0.001124244648963213,0.001105599687434733,0.0012129610404372215,0.0012264495017006993,0.001144883455708623,0.0010833253618329763,0.0010528031270951033,0.0009766088332980871,0.0008671171963214874,0.0007878384785726666,0.0007521989173255861,0.0007544156396761537,0.000794706866145134,0.0008392728050239384,0.0008821468218229711,0.0009037397685460746,0.0009027033811435103,0.0008774051093496382,0.0008336466853506863,0.0008035582141019404,0.00079144979827106,0.0007959841750562191,0.0008139457204379141,0.000841884408146143,0.0008721778867766261,0.000888549373485148,0.0008868456352502108,0.0008902541012503207,0.0008989460184238851,0.0009344206191599369,0.000991376698948443,0.0010709248017519712,0.001159154111519456,0.001241957419551909,0.0013048375258222222
-0.0015995545545592904,-0.0002943449071608484,0.0011422975221648812,0.0024647614918649197,0.00233092182315886,0.0007755393744446337,-7.41736002964899e-05,0.00015976176655385643,0.0005900525720790029,0.0007028474356047809,0.00047978098154999316,0.0004394605348352343,0.0005874037742614746,0.0006039133877493441,0.00048568256897851825,0.00042301486246287823,0.000427302933530882,0.000387457461329177,0.00031334298546426,0.00027752589085139334,0.00028935837326571345,0.00032058756914921105,0.00036695090238936245,0.0004163674602750689,0.00045932683860883117,0.000484528107335791,0.00048662754124961793,0.0004721891600638628,0.0004440043994691223,0.00042051388300023973,0.00040679864468984306,0.0004024403460789472,0.00040862278547137976,0.00042931712232530117,0.000461302581243217,0.0004915877361781895,0.0005158979329280555,0.000550930155441165,0.0005918150418438017,0.0006495038978755474,0.0007143390830606222,0.000791332044173032,0.0008661316242069006,0.0009401554125361145,0.0009992364794015884
-0.001776564517058432,-0.0007236535893753171,0.0006162573117762804,0.0020298007875680923,0.0019403742626309395,0.0003679344954434782,-0.0004920128849335015,-0.00020765101362485439,0.0003066839708480984,0.0004555610939860344,0.000208587633096613,0.00015526471543125808,0.0003054442349821329,0.00030733528546988964,0.00016250397311523557,9.57074444158934e-05,0.00011971464846283197,0.00010807790386024863,6.125883373897523e-05,5.9874062571907416e-05,0.00010179831588175148,0.00014845895930193365,0.0001904495875351131,0.000229531287914142,0.00025963858934119344,0.0002724119694903493,0.00026665034238249063,0.00025609074509702623,0.00024223171931225806,0.00023446381965186447,0.00023262726608663797,0.00024014187511056662,0.0002542338625062257,0.0002826275594998151,0.00031953584402799606,0.0003603904042392969,0.00039739347994327545,0.00044438164331950247,0.0004925003158859909,0.0005518147372640669,0.0006121255573816597,0.0006796542438678443,0.0007432043203152716,0.0008062237175181508,0.0008582135196775198
-0.0013076665345579386,-0.000643193896394223,0.0003639362403191626,0.0015003564767539501,0.0013702592113986611,-6.399142421287252e-06,-0.0007684557349421084,-0.00045454149949364364,0.0001188982350868173,0.00030434050131589174,7.139264926081523e-05,1.6345016774721444e-05,0.00014904947602190077,0.00012993146083317697,-3.9442973502445966e-05,-0.00011310495756333694,-7.828554225852713e-05,-7.172654295573011e-05,-9.29663292481564e-05,-6.820355338277295e-05,4.3651044734360767e-07,5.7246197684435174e-05,9.281910752179101e-05,0.00012045708717778325,0.0001340947055723518,0.00013453321298584342,0.0001205715598189272,0.00011464771523606032,0.00011826017725979909,0.0001277858973480761,0.00014306508819572628,0.00016606214921921492,0.0001940033253049478,0.0002292686840519309,0.00026607103063724935,0.0003109918034169823,0.000356233271304518,0.0004066458495799452,0.0004533749306574464,0.0005062533309683204,0.0005550816422328353,0.0006107130320742726,0.0006619510822929442,0.0007144191185943782,0.0007576182251796126
-0.0008776581380516291,-0.00043780473060905933,0.0002319831692148,0.001030785497277975,0.0008637424325570464,-0.00023687409702688456,-0.0008333056466653943,-0.0005212129908613861,4.9190806748811156e-05,0.00025007821386680007,4.5908192987553775e-05,-1.3403199773165397e-05,8.341715147253126e-05,3.237353666918352e-05,-0.0001543261023471132,-0.00023965472064446658,-0.0002069544862024486,-0.00018926139455288649,-0.0001898251794045791,-0.00014066288713365793,-5.203293403610587e-05,1.4387411283678375e-05,4.598821033141576e-05,6.319500971585512e-05,6.341944390442222e-05,5.2776376833207905e-05,3.3758580684661865e-05,3.394459417904727e-05,5.279628749121912e-05,8.025873103179038e-05,0.0001101932066376321,0.00014585937606170774,0.00018026039469987154,0.00021909692441113293,0.00025539135094732046,0.0002984429884236306,0.00034107710234820843,0.000381897873012349,0.0004152479814365506,0.0004499618080444634,0.00048189490917138755,0.0005191079690121114,0.0005565440515056252,0.0005967431934550405,0.0006332961493171751
-0.0005443029222078621,-0.0001652494684094563,0.0002750821004156023,0.000675771851092577,0.0004878234467469156,-0.00025649115559644997,-0.0006747717270627618,-0.0003952673578169197,0.00010995977208949625,0.00030002390849404037,0.00013938396295998245,7.469103002222255e-05,0.00011721821647370234,3.397435648366809e-05,-0.00016283258446492255,-0.00026074014022015035,-0.0002430904860375449,-0.00022503631771542132,-0.00020982739806640893,-0.00014614676183555275,-4.4252865336602554e-05,2.8036205549142323e-05,5.811050141346641e-05,6.937571743037552e-05,5.924349170527421e-05,4.246597018209286e-05,2.1535932319238782e-05,2.726930324570276e-05,5.912795677431859e-05,9.919130388880149e-05,0.00014132064825389534,0.00018261949298903346,0.0002160910371458158,0.00025400787126272917,0.00028939242474734783,0.00032526254653930664,0.0003544435603544116,0.00037585358950309455,0.0003838352859020233,0.00039471095078624785,0.0004043361113872379,0.0004227492318022996,0.00044489343417808414,0.0004751957894768566,0.0005072470521554351
-0.00043043229379691184,-7.616935181431472e-05,0.0002041738771367818,0.0003630068968050182,0.00021881700376980007,-0.00021071000082883984,-0.00044011801946908236,-0.0002062128041870892,0.00022301581338979304,0.00039032145286910236,0.00026774918660521507,0.00019409670494496822,0.00018362361879553646,6.828672485426068e-05,-0.00012900836009066552,-0.0002347040717722848,-0.00022954653832130134,-0.00020938283705618232,-0.00017816587933339179,-0.00010097150516230613,7.437278782163048e-06,8.174347749445587e-05,0.00010866476804949343,0.00011236280261073261,9.277161734644324e-05,6.93125621182844e-05,4.670560156228021e-05,5.6879405747167766e-05,9.781571134226397e-05,0.00014687808288726956,0.00019492812862154096,0.0002368847344769165,0.00026553182397037745,0.0002921293198596686,0.00031347275944426656,0.00032827939139679074,0.0003363956930115819,0.00033124949550256133,0.00031603549723513424,0.000301895837765187,0.00029302440816536546,0.00029346466180868447,0.0003041506861336529,0.0003262717218603939,0.00035614572698250413
-0.0005544964806176722,-0.00018901443399954587,5.4137919505592436e-05,0.00012737007637042552,7.701635331613943e-05,-7.923747034510598e-05,-0.00017200890579260886,1.8486120097804815e-05,0.0003608943079598248,0.0005010924069210887,0.00041112545295618474,0.0003279219090472907,0.0002657414588611573,0.00012911639350932091,-5.904764111619443e-05,-0.00016514468006789684,-0.00016992083692457527,-0.00014660229498986155,-9.9142016551923e-05,-1.3943058547738474e-05,9.423154551768675e-05,0.0001660309062572196,0.000188172678463161,0.00018520033336244524,0.00015704789257142693,0.00012858740228693932,0.00010453883442096412,0.00011656600690912455,0.0001626506564207375,0.00021411047782748938,0.0002618070866446942,0.00029922727844677866,0.0003191549621988088,0.0003278065414633602,0.0003219775971956551,0.0003088599187321961,0.0002882999833673239,0.00025830414961092174,0.00022206715948414057,0.00019007340597454458,0.00016651680925861,0.0001558022340759635,0.00015886372420936823,0.0001772460964275524,0.00020726723596453667
-0.00047423108480870724,-0.0001422823261236772,5.903154669795185e-05,9.606619278201833e-05,0.00012239112402312458,0.000130132568301633,0.00013575830962508917,0.0002711511042434722,0.0005217223078943789,0.000612167757935822,0.0005311167915351689,0.0004309444921091199,0.0003315667563583702,0.00018493644893169403,1.7294274584855884e-05,-7.604942948091775e-05,-8.009190059965476e-05,-5.0241087592439726e-05,7.372641903202748e-06,9.245219553122297e-05,0.00019027433882001787,0.0002512188511900604,0.00026562169659882784,0.0002547322947066277,0.00022112365695647895,0.0001905283279484138,0.00016837786824908108,0.00018208430265076458,0.0002290695847477764,0.0002771593281067908,0.0003183384833391756,0.00034350165515206754,0.00034951840643770993,0.00033621792681515217,0.00030771311139687896,0.00026696413988247514,0.00022302789147943258,0.00016925724048633128,0.00011677185830194503,7.000136974966154e-05,3.806531458394602e-05,1.9706656530615874e-05,1.840745608205907e-05,3.116130392299965e-05,5.616224734694697e-05
-0.00013342048623599112,0.00010695296805351973,0.0002674373972695321,0.00031715165823698044,0.0003764804278034717,0.00043786922469735146,0.0004702116420958191,0.000539015862159431,0.00066246377537027,0.0006766238948330283,0.000576949620153755,0.00046335160732269287,0.00035397763713262975,0.00022930749400984496,0.00010979945363942534,5.213623080635443e-05,6.664606917183846e-05,0.00010357694554841146,0.0001570159220136702,0.0002205780619988218,0.0002839780936483294,0.0003199434722773731,0.00032194165396504104,0.00030607590451836586,0.00027440316625870764,0.0002515055239200592,0.00024072978703770787,0.0002566378971096128,0.0002962330763693899,0.00032839260529726744,0.0003477401623968035,0.0003488456131890416,0.00033130045630969107,0.0002944527077488601,0.00024405070871580392,0.00018219483899883926,0.0001189350223285146,5.062283526058309e-05,-1.1699895367200952e-05,-6.248569115996361e-05,-9.35345160542056e-05,-0.00011358990741427988,-0.00011913266644114628,-0.00012014143430860713,-0.00011571536015253514
0.00013920944184064865,0.0003138608008157462,0.0004410054243635386,0.0004962701350450516,0.0005743796355091035,0.0006609870470128953,0.000708674662746489,0.0007181531400419772,0.0007326349150389433,0.0006791873020119965,0.0005644263001158834,0.0004484310920815915,0.0003530954127199948,0.0002601052983663976,0.0001889964478323236,0.00016770002548582852,0.00020221290469635278,0.0002426961000310257,0.0002816902124322951,0.0003181405190844089,0.00034340244019404054,0.0003543594211805612,0.00034759583650156856,0.00033039593836292624,0.0003061215684283525,0.00029451382579281926,0.00029863082454539835,0.0003171999996993691,0.0003470354713499546,0.0003611932334024459,0.00035589977051131427,0.00033386042923666537,0.0002978451084345579,0.00024163551279343665,0.00017470816965214908,9.70105393207632e-05,2.22181151912082e-05,-5.456987855723128e-05,-0.00011935659858863801,-0.00016960922221187502,-0.00019577295461203903,-0.00021696524345315993,-0.00022934981097932905,-0.0002472779306117445,-0.00026872032321989536
