earth/public/data/ocean/W07/ANN-votemper-depthz-3000m-gfs-1.0.json
{"header": {"discipline": 0, "disciplineName": "Meteorological products", "gribEdition": 2, "gribLength": 131138.0, "center": 0, "centerName": "Kiel Climate Model", "subcenter": 0, "refTime": "1", "significanceOfRT": 1, "significanceOfRTName": "Start of forecast", "productStatus": 0, "productStatusName": "Operational products", "productType": 1, "productTypeName": "Forecast products", "productDefinitionTemplate": 0, "productDefinitionTemplateName": "Analysis/forecast at horizontal level/layer at a point in time", "parameterCategory": 2, "parameterCategoryName": "Momentum", "parameterNumber": 2, "parameterNumberName": "U-component_of_wind", "parameterUnit": "C", "genProcessType": 2, "genProcessTypeName": "Forecast", "forecastTime": 0, "surface1Type": 103, "surface1TypeName": "Specified height level above ground", "surface1Value": 10, "surface2Type": 255, "surface2TypeName": "Missing", "surface2Value": 0, "gridDefinitionTemplate": 0, "gridDefinitionTemplateName": "Latitude_Longitude", "numberPoints": 65160, "shape": 6, "shapeName": "Earth spherical with radius of 6,371,229.0 m", "gridUnits": "degrees", "resolution": 48, "winds": "true", "scanMode": 0, "nx": 360.0, "ny": 180.0, "basicAngle": 0, "subDivisions": 0, "lo1": 0.0, "la1": -89.5, "lo2": 359.0, "la2": 89.5, "dx": 1.0, "dy": -1.0}, "data":
[rows 66 to 87 of 180, columns 50 to 99 of 360]
1.4980298280715942,1.4917348623275757,1.4845004081726074,1.4786653518676758,1.475340723991394,1.4715452194213867,1.468002200126648,1.4663996696472168,1.4670867919921875,1.4677363634109497,1.468294382095337,1.4692697525024414,1.4705075025558472,1.4728327989578247,1.475888729095459,1.477822184562683,1.4783433675765991,1.4782838821411133,1.4776397943496704,1.4745386838912964,1.4695335626602173,1.4633148908615112,1.4570096731185913,1.451413869857788,1.4475407600402832,1.4428995847702026,1.43831205368042,1.4336574077606201,1.4297548532485962,1.4255712032318115,1.4200326204299927,1.4146451950073242,1.4117056131362915,1.40970778465271,1.4074348211288452,1.4053105115890503,1.4057575464248657,1.4096205234527588,1.4113624095916748,1.4100362062454224,1.4098690748214722,1.4105578660964966,1.4116535186767578,1.4130131006240845,1.4145750999450684,1.4161123037338257,1.4183965921401978,1.421090006828308,1.423550009727478,1.425402045249939
1.4813966751098633,1.4779754877090454,1.4718815088272095,1.466823697090149,1.4636540412902832,1.4603923559188843,1.4575835466384888,1.4567769765853882,1.4580562114715576,1.4595656394958496,1.4609644412994385,1.4625800848007202,1.4640438556671143,1.4670004844665527,1.4708826541900635,1.4733810424804688,1.4740177392959595,1.4749999046325684,1.4759762287139893,1.472651720046997,1.4656535387039185,1.4582802057266235,1.4520436525344849,1.446495532989502,1.4426332712173462,1.4377806186676025,1.4328298568725586,1.4279757738113403,1.4241039752960205,1.4200838804244995,1.4149670600891113,1.410024642944336,1.407219648361206,1.405146598815918,1.4031449556350708,1.401547908782959,1.402798056602478,1.4067363739013672,1.4081950187683105,1.4069006443023682,1.407021164894104,1.4084101915359497,1.4101932048797607,1.4119981527328491,1.4141530990600586,1.4162328243255615,1.419111967086792,1.422254204750061,1.4252779483795166,1.4276208877563477
1.4638259410858154,1.4610501527786255,1.4560270309448242,1.4514341354370117,1.448216438293457,1.44575834274292,1.4445124864578247,1.4518736600875854,1.4654334783554077,1.468414068222046,1.4602270126342773,1.4559202194213867,1.457373857498169,1.4647196531295776,1.4760360717773438,1.4821381568908691,1.481433629989624,1.4785977602005005,1.4751850366592407,1.4683257341384888,1.459741473197937,1.4521211385726929,1.4464315176010132,1.4411219358444214,1.4371516704559326,1.4321577548980713,1.4270431995391846,1.422145962715149,1.4183542728424072,1.4144054651260376,1.409527063369751,1.4049413204193115,1.4024699926376343,1.4007118940353394,1.3991442918777466,1.398067831993103,1.3988488912582397,1.4017952680587769,1.4041962623596191,1.4046918153762817,1.4059083461761475,1.4078843593597412,1.4101800918579102,1.4124281406402588,1.4149553775787354,1.4173345565795898,1.4202781915664673,1.4232749938964844,1.4262603521347046,1.428730845451355
1.449528455734253,1.4466817378997803,1.4413559436798096,1.4367440938949585,1.4336423873901367,1.431962490081787,1.4320517778396606,1.452287197113037,1.4901221990585327,1.4947768449783325,1.4655171632766724,1.4504610300064087,1.4513236284255981,1.4656368494033813,1.491413950920105,1.5032429695129395,1.4994797706604004,1.4882545471191406,1.4707423448562622,1.4582597017288208,1.4525787830352783,1.4465548992156982,1.4415310621261597,1.4364874362945557,1.4323586225509644,1.4272453784942627,1.4220727682113647,1.4171415567398071,1.4133473634719849,1.4094101190567017,1.4046704769134521,1.400330662727356,1.3981539011001587,1.396697759628296,1.395495891571045,1.3947820663452148,1.3948156833648682,null,null,1.4041372537612915,1.4058265686035156,1.4080768823623657,1.4106651544570923,1.4131187200546265,1.4158753156661987,1.4184346199035645,1.4213374853134155,1.4240447282791138,1.4268194437026978,1.42913019657135
1.4550567865371704,1.4480873346328735,1.4357529878616333,1.4273791313171387,1.425016164779663,1.4244037866592407,1.425533652305603,1.4471133947372437,1.4861483573913574,1.4954111576080322,1.4672722816467285,1.4484201669692993,1.448026418685913,1.4611066579818726,1.486010193824768,1.497313380241394,1.4935472011566162,1.4811608791351318,1.4617159366607666,1.449762225151062,1.4468954801559448,1.4428746700286865,1.4383753538131714,1.4336295127868652,1.4294723272323608,1.4243991374969482,1.4193212985992432,1.4144877195358276,1.4107612371444702,1.4068846702575684,1.4022639989852905,1.3980869054794312,1.3960623741149902,1.3947170972824097,1.3939318656921387,1.3938015699386597,1.3937495946884155,null,null,1.4052472114562988,1.4066047668457031,1.4090478420257568,1.4116641283035278,1.4139715433120728,1.4166041612625122,1.4191029071807861,1.421749234199524,1.4240895509719849,1.4264775514602661,1.4285107851028442
1.4723070859909058,1.4586141109466553,1.433380126953125,1.4192019701004028,1.4181296825408936,1.4188340902328491,1.4213069677352905,1.4326682090759277,1.4499232769012451,1.4586225748062134,null,null,1.4446704387664795,1.4495632648468018,1.4583948850631714,1.4632514715194702,1.4626638889312744,1.4578709602355957,1.4504342079162598,1.4448344707489014,1.4426673650741577,1.43925940990448,1.4352858066558838,1.4308444261550903,1.4267700910568237,1.421817421913147,1.4168976545333862,1.4122391939163208,1.4087051153182983,1.4049780368804932,1.4005556106567383,1.3966150283813477,1.3946964740753174,1.3933799266815186,1.3931245803833008,1.3940247297286987,1.3945001363754272,null,null,1.4057077169418335,1.4072636365890503,1.4101179838180542,1.4128046035766602,1.4148414134979248,1.4172579050064087,1.4195950031280518,1.4219380617141724,1.4238333702087402,1.4258701801300049,1.4276460409164429
1.4815073013305664,1.4589940309524536,1.4263253211975098,1.4119813442230225,1.4118449687957764,1.413619041442871,1.4169387817382812,1.4216666221618652,1.4270192384719849,1.4299731254577637,null,null,1.4444301128387451,1.4436804056167603,1.442446231842041,1.4420644044876099,1.4428120851516724,1.4428514242172241,1.4421334266662598,1.440805435180664,1.4390392303466797,1.4358974695205688,1.4319666624069214,1.4275535345077515,1.4234837293624878,1.4185810089111328,1.4137400388717651,1.4093101024627686,1.4060778617858887,1.4026581048965454,1.3986541032791138,1.3951867818832397,1.3935375213623047,1.3923227787017822,1.3926879167556763,1.3945205211639404,1.3955398797988892,null,null,1.4056442975997925,1.4075024127960205,1.410861849784851,1.4137475490570068,1.4156111478805542,1.4178369045257568,1.4200295209884644,1.422042727470398,1.4235330820083618,1.4251669645309448,1.4266763925552368
null,null,1.4132750034332275,1.4069451093673706,1.4073899984359741,1.4096300601959229,1.4133001565933228,1.4171909093856812,1.4205186367034912,1.4223389625549316,null,null,1.4482837915420532,1.4454429149627686,1.4401487112045288,1.4374828338623047,1.4377224445343018,1.4382224082946777,1.4389337301254272,1.4383714199066162,1.4367072582244873,1.433396339416504,1.4290251731872559,1.4243547916412354,1.4202110767364502,1.4152711629867554,1.410429835319519,1.406205415725708,1.4033846855163574,1.400327444076538,1.3968926668167114,1.39409339427948,1.392787218093872,1.391746997833252,1.392616629600525,1.395283579826355,1.39673912525177,null,null,1.4050648212432861,1.4072315692901611,1.4111900329589844,1.4143372774124146,1.416124939918518,1.4182491302490234,1.4203143119812012,1.4220813512802124,1.4232064485549927,1.4245200157165527,1.4257540702819824
null,null,1.4027800559997559,1.403217077255249,1.4040318727493286,1.4066879749298096,1.4106817245483398,1.4147868156433105,1.4181480407714844,1.420022964477539,null,null,1.446214199066162,1.4427087306976318,1.4363582134246826,1.4329572916030884,1.433028221130371,1.4335960149765015,1.4345890283584595,1.4345316886901855,1.4334276914596558,1.4302570819854736,1.425559639930725,1.420689344406128,1.4165384769439697,1.4115955829620361,1.4067564010620117,1.4027427434921265,1.4002710580825806,1.397624135017395,1.3948074579238892,1.3926808834075928,1.391755223274231,1.390877604484558,1.3921409845352173,1.3953019380569458,1.397049069404602,null,null,1.4039456844329834,1.4064480066299438,1.4109934568405151,1.4144481420516968,1.4161611795425415,1.418215274810791,1.4202384948730469,1.4218367338180542,1.422722578048706,1.4237425327301025,1.4247264862060547
null,null,1.400895357131958,1.4014415740966797,1.4024146795272827,1.4052983522415161,1.4095889329910278,1.4148882627487183,1.4203416109085083,1.4233146905899048,null,null,1.438480257987976,1.4360710382461548,1.4316678047180176,1.429326057434082,1.429567813873291,1.4297879934310913,1.429914951324463,1.4299336671829224,1.4298478364944458,1.4270801544189453,1.4221705198287964,1.4172239303588867,1.413132905960083,1.4082223176956177,1.4033879041671753,1.3995198011398315,1.3973346948623657,1.3950092792510986,1.392764925956726,1.3912488222122192,1.39061439037323,1.3898873329162598,1.3913027048110962,1.3946170806884766,1.3964312076568604,null,null,1.4024267196655273,1.405240774154663,1.410361409187317,1.4140669107437134,1.4157061576843262,1.4177452325820923,1.4198119640350342,1.4213752746582031,1.4221478700637817,1.4229986667633057,1.423757791519165
null,null,1.3988304138183594,1.39938223361969,1.4004158973693848,1.4032557010650635,1.4074127674102783,1.4133045673370361,1.4198787212371826,1.4246509075164795,null,null,1.4345823526382446,1.4312548637390137,1.4268397092819214,1.4253023862838745,1.4260557889938354,1.426123023033142,1.4254833459854126,1.4252334833145142,1.4254664182662964,1.4230051040649414,1.4182871580123901,1.4134347438812256,1.4093087911605835,1.4045133590698242,1.399905800819397,1.3963282108306885,1.3944003582000732,1.3924477100372314,1.3907954692840576,1.3898780345916748,1.389686942100525,1.3893178701400757,1.3907469511032104,1.3937259912490845,1.395354986190796,null,null,1.4002125263214111,1.4033225774765015,1.4089916944503784,1.4130319356918335,1.4146809577941895,1.4167516231536865,1.4188612699508667,1.4204778671264648,1.421296238899231,1.4220941066741943,1.422719120979309
null,null,1.3966279029846191,1.3967864513397217,1.3974883556365967,1.3996011018753052,1.402778148651123,1.4075534343719482,1.4131776094436646,1.419041395187378,1.4277645349502563,1.4359948635101318,null,null,1.421379566192627,1.4203567504882812,1.4208719730377197,1.4207680225372314,1.4201122522354126,1.4184603691101074,1.4161983728408813,1.4134882688522339,1.4108867645263672,1.4074989557266235,1.4037755727767944,1.399606704711914,1.3956941366195679,1.3926750421524048,1.391095519065857,1.3896174430847168,1.3887200355529785,1.3884996175765991,1.388954997062683,1.389404296875,1.3907383680343628,1.3926976919174194,1.3935073614120483,null,null,1.39674973487854,1.4005169868469238,1.4063310623168945,1.4105511903762817,1.4124573469161987,1.4146666526794434,1.4167728424072266,1.4185477495193481,1.4196743965148926,1.4206539392471313,1.4213002920150757
1.3950644731521606,1.3975133895874023,1.3954277038574219,1.3945964574813843,1.3946902751922607,1.3959120512008667,1.3979750871658325,1.4011101722717285,1.4046096801757812,1.409153699874878,null,null,null,null,1.4168357849121094,1.4162167310714722,1.4149771928787231,1.4144892692565918,1.4148014783859253,1.4113717079162598,1.4046903848648071,1.4014511108398438,1.402188777923584,1.4009935855865479,1.3982692956924438,1.3949744701385498,1.391778826713562,1.3893290758132935,1.3881042003631592,1.3870974779129028,1.3869068622589111,1.3872928619384766,1.3883488178253174,1.3895862102508545,1.3908995389938354,1.3920553922653198,1.3922911882400513,1.3913590908050537,1.392256736755371,1.3944934606552124,1.3984183073043823,1.4037399291992188,1.4079318046569824,1.410212516784668,1.4125808477401733,1.4146169424057007,1.4165236949920654,1.4179598093032837,1.4191555976867676,1.419909119606018
1.3932523727416992,1.3958173990249634,1.395260214805603,1.394456386566162,1.3934648036956787,1.3935556411743164,1.3948192596435547,1.3964853286743164,1.3983358144760132,1.3993675708770752,null,null,null,null,1.4152592420578003,1.4135621786117554,1.4105651378631592,1.4094464778900146,1.410465121269226,1.4069602489471436,1.3994474411010742,1.3956198692321777,1.39620840549469,1.395795226097107,1.3945233821868896,1.3924061059951782,1.3897204399108887,1.3876831531524658,1.386635422706604,1.3858904838562012,1.3860052824020386,1.3866238594055176,1.3878531455993652,1.389302134513855,1.390612006187439,1.3915501832962036,1.3916521072387695,1.3908920288085938,1.391839623451233,1.3942862749099731,1.3980700969696045,1.402520775794983,1.4063225984573364,1.4088242053985596,1.4112634658813477,1.4131970405578613,1.4151241779327393,1.416696548461914,1.4180651903152466,1.4189705848693848
1.3913228511810303,1.3933489322662354,1.3959596157073975,1.3958709239959717,1.3932234048843384,1.3919185400009155,1.392120361328125,1.3973804712295532,1.4059717655181885,1.410826325416565,null,null,null,null,1.4121390581130981,1.410187840461731,1.4065301418304443,1.4046790599822998,1.4049338102340698,1.4029299020767212,1.3991289138793945,1.395986795425415,1.393380880355835,1.3915382623672485,1.3914399147033691,1.390203833580017,1.388189673423767,1.3865280151367188,1.3855419158935547,1.3849127292633057,1.3851994276046753,1.3858952522277832,1.3870283365249634,1.388315200805664,1.3895734548568726,1.3905669450759888,1.3908079862594604,1.3902509212493896,1.391509771347046,1.3944053649902344,1.3978958129882812,1.4013437032699585,1.404653549194336,1.4071919918060303,1.4096108675003052,1.411473274230957,1.413388729095459,1.4150049686431885,1.4165253639221191,1.4176794290542603
1.3921458721160889,1.3934344053268433,1.397128939628601,1.397208571434021,1.393621563911438,1.3912428617477417,1.39047110080719,1.402715802192688,1.4264365434646606,1.4393393993377686,null,null,1.4121787548065186,1.4111255407333374,1.4095368385314941,1.4072015285491943,1.4042236804962158,1.4018040895462036,1.4003642797470093,1.399434208869934,1.399207592010498,1.3980050086975098,null,null,1.3892757892608643,1.388657569885254,1.3871945142745972,1.3858166933059692,1.3847829103469849,1.384191870689392,1.3845646381378174,1.3852988481521606,1.3863178491592407,1.3874033689498901,1.3886425495147705,1.3898119926452637,1.3902013301849365,1.38974928855896,1.3911004066467285,1.3939958810806274,1.3972054719924927,1.4001307487487793,1.4030871391296387,1.4055289030075073,1.4079134464263916,1.4098039865493774,1.4117257595062256,1.413331389427185,1.414975881576538,1.416365146636963
1.3944646120071411,1.3951735496520996,1.3980270624160767,1.3975690603256226,1.3939273357391357,1.3940290212631226,1.3974462747573853,1.4110227823257446,1.437892198562622,1.449931263923645,null,null,1.411227822303772,1.4109758138656616,1.4090734720230103,1.407162070274353,1.4055068492889404,1.403079628944397,1.4003044366836548,1.3994539976119995,1.400695562362671,1.4013723134994507,null,null,1.389587163925171,1.3888276815414429,1.3874403238296509,1.3860045671463013,1.384798526763916,1.3840975761413574,1.3844209909439087,1.3850847482681274,1.3860138654708862,1.38701331615448,1.3882660865783691,1.389544129371643,1.3899792432785034,1.389494776725769,1.390628695487976,1.3931946754455566,1.3962461948394775,1.3992375135421753,1.4021215438842773,1.4043763875961304,1.4067084789276123,1.408698558807373,1.4106489419937134,1.4122025966644287,1.4138919115066528,1.4154075384140015
1.3957798480987549,1.3962334394454956,1.3982799053192139,1.4020012617111206,1.4059693813323975,1.4092755317687988,1.4125480651855469,1.418972134590149,null,null,1.4090479612350464,1.4057060480117798,1.409762978553772,1.4108679294586182,1.4096635580062866,1.4089065790176392,1.408778429031372,1.4068009853363037,1.4033112525939941,1.4026693105697632,1.4049266576766968,1.406162977218628,null,null,1.3908812999725342,1.3899747133255005,1.3883326053619385,1.3866153955459595,1.3851325511932373,1.384266972541809,1.384442687034607,1.3848892450332642,1.3857053518295288,1.3866904973983765,1.387956142425537,1.3892713785171509,1.3897712230682373,1.3893487453460693,1.3902314901351929,1.3922451734542847,1.3950657844543457,1.3981914520263672,1.4009889364242554,1.402955412864685,1.4051951169967651,1.4073017835617065,1.409261703491211,1.4107234477996826,1.4124482870101929,1.4141225814819336
1.395994782447815,1.3966399431228638,1.3989087343215942,1.4066168069839478,1.4226548671722412,1.4326781034469604,null,null,null,null,1.4023407697677612,1.4048131704330444,1.4085367918014526,1.4104554653167725,1.4102298021316528,1.4104571342468262,1.411130666732788,1.4099208116531372,1.4070537090301514,1.4072339534759521,1.4104315042495728,1.412183403968811,null,null,1.3926221132278442,1.3913944959640503,1.389174222946167,1.3870515823364258,1.3854191303253174,1.3844574689865112,1.3844746351242065,1.3846614360809326,1.3853321075439453,1.3862926959991455,1.387557864189148,1.388901710510254,1.3895153999328613,1.3893041610717773,1.3899660110473633,1.391379714012146,1.3939132690429688,1.3970873355865479,1.3997292518615723,1.40135657787323,1.4034342765808105,1.405588150024414,1.4074602127075195,1.408718466758728,1.4105124473571777,1.4125126600265503
1.395799160003662,1.3970590829849243,1.399915099143982,1.4056144952774048,null,null,null,null,1.396439552307129,1.3982975482940674,1.4004052877426147,1.4029487371444702,1.4059247970581055,1.4078209400177002,1.4083317518234253,1.4086612462997437,1.4087811708450317,1.4087095260620117,1.4084151983261108,1.4094890356063843,1.4117854833602905,1.4136669635772705,null,null,1.3955918550491333,1.3915659189224243,1.3885602951049805,1.3862369060516357,1.3849788904190063,1.3842872381210327,1.3844163417816162,1.3846776485443115,1.3852866888046265,1.3861116170883179,1.3872244358062744,1.3884403705596924,1.3890997171401978,1.3890811204910278,1.389777421951294,1.391038417816162,1.3933305740356445,1.3962502479553223,1.398541808128357,1.3998156785964966,1.4016022682189941,1.4035886526107788,1.4051231145858765,1.4059444665908813,1.4097323417663574,1.4155113697052002
1.396028757095337,1.3975192308425903,1.3999228477478027,1.4004549980163574,1.3986543416976929,1.3961390256881714,1.393726110458374,1.3933398723602295,1.3946019411087036,1.3957931995391846,1.3969247341156006,1.3986653089523315,1.4006925821304321,1.402133584022522,1.402716040611267,1.4029401540756226,1.4027087688446045,1.4032467603683472,1.4046039581298828,1.406131625175476,1.4075332880020142,1.4099574089050293,1.413792610168457,1.4082698822021484,1.3964884281158447,1.389538288116455,1.3860623836517334,1.3839428424835205,1.3835622072219849,1.3834670782089233,1.3840160369873047,1.3847436904907227,1.3853827714920044,1.3859410285949707,1.3867700099945068,1.3877060413360596,1.3883538246154785,1.3885903358459473,1.3895529508590698,1.391071081161499,1.3931550979614258,1.3954174518585205,1.3971917629241943,1.3981375694274902,1.399549961090088,1.401160717010498,1.4022327661514282,1.4025509357452393,1.4077149629592896,1.4196293354034424
1.395355224609375,1.3961354494094849,1.3972809314727783,1.397002935409546,1.39537513256073,1.3933666944503784,1.3913536071777344,1.390474796295166,1.3909084796905518,1.3912155628204346,1.3913471698760986,1.3919525146484375,1.392923355102539,1.3938093185424805,1.394441843032837,1.3950059413909912,1.3953937292099,1.3964817523956299,1.3978793621063232,1.399870753288269,1.4020740985870361,1.4052646160125732,1.4089393615722656,1.4051320552825928,1.3944756984710693,1.3863394260406494,1.3823010921478271,1.3804255723953247,1.3810914754867554,1.3817431926727295,1.3827674388885498,1.383983850479126,1.3846428394317627,1.3849058151245117,1.38542902469635,1.386124849319458,1.3869298696517944,1.3876826763153076,1.3890845775604248,1.3908703327178955,1.3926864862442017,1.3942127227783203,1.3954607248306274,1.3962074518203735,1.3972868919372559,1.3985034227371216,1.399303913116455,1.3995294570922852,1.4028536081314087,null
