earth/public/data/ocean/W07/ANN-vosaline-depthz-1000m-gfs-1.0.json
{"header": {"discipline": 0, "disciplineName": "Meteorological products", "gribEdition": 2, "gribLength": 131138.0, "center": 0, "centerName": "Kiel Climate Model", "subcenter": 0, "refTime": "1", "significanceOfRT": 1, "significanceOfRTName": "Start of forecast", "productStatus": 0, "productStatusName": "Operational products", "productType": 1, "productTypeName": "Forecast products", "productDefinitionTemplate": 0, "productDefinitionTemplateName": "Analysis/forecast at horizontal level/layer at a point in time", "parameterCategory": 2, "parameterCategoryName": "Momentum", "parameterNumber": 2, "parameterNumberName": "U-component_of_wind", "parameterUnit": "PSU", "genProcessType": 2, "genProcessTypeName": "Forecast", "forecastTime": 0, "surface1Type": 103, "surface1TypeName": "Specified height level above ground", "surface1Value": 10, "surface2Type": 255, "surface2TypeName": "Missing", "surface2Value": 0, "gridDefinitionTemplate": 0, "gridDefinitionTemplateName": "Latitude_Longitude", "numberPoints": 65160, "shape": 6, "shapeName": "Earth spherical with radius of 6,371,229.0 m", "gridUnits": "degrees", "resolution": 48, "winds": "true", "scanMode": 0, "nx": 360.0, "ny": 180.0, "basicAngle": 0, "subDivisions": 0, "lo1": 0.0, "la1": -89.5, "lo2": 359.0, "la2": 89.5, "dx": 1.0, "dy": -1.0}, "data":
[rows 154 to 175 of 180, columns 98 to 146 of 360]
null,null,null,null,null,null,null,null,null,null,null,null,null,null,null,null,null,null,null,null,null,null,null,null,null,null,null,null,null,null,null,null,null,null,null,null,null,null,null,null,null,null,null,null,null,null,null,null,null
null,null,null,null,null,null,null,null,null,null,null,null,null,null,null,null,null,null,null,null,null,null,null,null,null,null,null,null,null,null,null,null,null,null,null,null,null,null,null,null,null,null,null,null,null,null,null,null,null
null,null,null,null,null,null,null,null,null,null,null,null,null,null,null,null,null,null,null,null,null,null,null,null,null,null,null,null,null,null,null,null,null,null,null,null,null,null,null,null,null,null,null,null,null,null,null,null,null
null,null,null,null,null,null,null,null,null,null,null,null,null,null,null,null,null,null,null,null,null,null,null,null,null,null,null,null,null,null,null,null,null,null,null,null,null,null,null,null,null,null,null,null,null,null,null,null,null
null,null,null,null,null,null,null,null,null,null,null,null,null,null,null,null,null,null,null,null,null,null,null,null,null,null,null,null,null,null,null,null,null,null,null,null,null,null,null,null,null,null,null,null,null,null,null,null,null
null,null,null,null,null,null,null,null,null,null,null,null,null,null,null,null,null,null,null,null,null,null,null,null,null,null,null,null,null,null,null,null,null,null,null,null,null,null,null,null,null,null,null,null,null,null,null,null,null
null,null,null,null,null,null,null,null,null,null,null,null,null,null,null,null,null,null,null,null,null,null,null,null,null,null,null,null,null,null,null,null,null,null,null,null,null,null,null,null,null,null,null,null,null,null,null,null,null
null,null,null,null,null,null,null,null,null,null,null,null,null,null,null,null,null,null,null,null,null,null,null,null,null,null,null,null,null,null,null,null,null,null,null,null,null,null,null,null,null,null,null,null,null,null,null,null,null
null,null,null,null,null,null,null,null,null,null,null,null,null,null,null,null,null,null,null,null,null,null,null,null,null,null,null,null,null,null,null,null,null,null,null,null,null,null,null,null,null,null,null,null,null,null,null,null,null
null,null,null,null,null,null,null,null,null,null,null,null,null,null,null,null,null,null,null,null,null,null,null,null,null,null,null,null,null,null,null,null,null,null,null,null,null,null,null,null,null,null,null,null,null,null,null,null,null
null,null,null,null,null,null,null,null,null,null,null,null,null,null,null,null,null,null,null,null,null,null,null,null,null,null,null,null,null,null,null,null,null,null,null,null,null,null,null,null,null,null,null,null,null,null,null,null,null
null,null,null,null,null,null,null,null,null,null,null,null,null,null,null,null,null,null,null,null,null,null,null,null,null,null,null,null,null,null,null,null,null,null,null,null,null,null,null,null,null,null,null,null,null,null,null,null,null
null,null,null,null,null,null,null,null,null,null,null,null,null,null,null,null,null,null,null,null,null,null,null,null,null,null,null,null,null,null,null,null,null,null,null,null,null,null,null,null,null,null,null,null,null,null,null,null,null
null,null,null,null,null,null,null,null,null,null,null,null,null,null,null,null,null,null,null,null,null,null,null,null,null,35.11029052734375,35.1088981628418,35.10812759399414,35.10812759399414,35.10812759399414,35.10893630981445,35.11043167114258,null,null,null,null,null,null,null,null,null,null,null,null,null,null,null,null,null
null,null,null,null,null,null,null,null,null,null,null,null,null,null,null,null,null,null,null,35.11101531982422,35.11104202270508,35.11107635498047,35.11109924316406,35.11111831665039,35.11116409301758,35.1108283996582,35.11033248901367,35.11003494262695,35.110069274902344,35.1100959777832,35.110469818115234,35.111080169677734,35.11155700683594,35.111637115478516,35.111663818359375,35.11167907714844,35.111690521240234,35.111717224121094,null,null,null,null,null,null,null,null,null,null,null
null,null,null,null,null,null,null,null,null,null,null,35.110557556152344,35.110565185546875,35.1105842590332,35.11064147949219,35.110748291015625,35.11080551147461,35.11080551147461,35.11085891723633,35.110923767089844,35.110992431640625,35.1110725402832,35.11111831665039,35.11112594604492,35.111141204833984,35.11117935180664,35.11125564575195,35.111351013183594,35.111412048339844,35.111473083496094,35.11150360107422,35.11152267456055,35.11155319213867,35.111595153808594,35.111656188964844,35.11172103881836,35.11176300048828,35.11180877685547,35.111846923828125,35.11189651489258,35.1119499206543,35.11197280883789,35.111968994140625,35.11196517944336,35.11196517944336,35.111900329589844,35.11178970336914,null,null
null,null,null,null,null,null,35.11054992675781,35.11056900024414,35.11056900024414,35.11057662963867,35.11054992675781,35.110511779785156,35.11052703857422,35.11054992675781,35.11057662963867,35.110633850097656,35.11069107055664,35.11071014404297,35.110748291015625,35.11082077026367,35.110904693603516,35.110992431640625,35.11104202270508,35.11106872558594,35.111114501953125,35.11117172241211,35.11125183105469,35.11131286621094,35.11135482788086,35.11138916015625,35.11139678955078,35.11138916015625,35.111419677734375,35.111480712890625,35.111568450927734,35.111663818359375,35.111732482910156,35.11174011230469,35.111724853515625,35.111724853515625,35.11174392700195,35.111751556396484,35.11174392700195,35.11178207397461,35.11183166503906,35.1118049621582,35.11172103881836,35.11174774169922,35.111915588378906
35.11041259765625,35.11041259765625,35.110408782958984,35.11039733886719,35.11038589477539,35.11040115356445,35.11043167114258,35.110450744628906,35.110450744628906,35.11045455932617,35.110443115234375,35.11042785644531,35.110443115234375,35.1104850769043,35.11050033569336,35.110530853271484,35.110595703125,35.110626220703125,35.11064910888672,35.110687255859375,35.110755920410156,35.110816955566406,35.110843658447266,35.110877990722656,35.11096954345703,35.11103057861328,35.111061096191406,35.111080169677734,35.111083984375,35.111080169677734,35.111083984375,35.1110954284668,35.11114501953125,35.111228942871094,35.11130142211914,35.11134719848633,35.11137771606445,35.11136245727539,35.1113166809082,35.11127471923828,35.111244201660156,35.11122512817383,35.11125183105469,35.11137008666992,35.111507415771484,35.111507415771484,35.1114616394043,35.11145782470703,35.111473083496094
35.110267639160156,35.11029052734375,35.11029815673828,35.110294342041016,35.110286712646484,35.11027145385742,35.11026382446289,35.11026382446289,35.110267639160156,35.110267639160156,35.110260009765625,35.11025619506836,35.11028289794922,35.11033248901367,35.11035919189453,35.11037826538086,35.110408782958984,35.11044692993164,35.1104736328125,35.11048889160156,35.11052703857422,35.1105842590332,35.110565185546875,35.110538482666016,35.11056137084961,35.11058807373047,35.11058807373047,35.11061477661133,35.11065673828125,35.11067581176758,35.11071014404297,35.11076354980469,35.110782623291016,35.110774993896484,35.11076354980469,35.11073684692383,35.11073684692383,35.110721588134766,35.11069869995117,35.110652923583984,35.110633850097656,35.11067199707031,35.11072540283203,35.110809326171875,35.11087417602539,35.11088562011719,35.11086654663086,35.11082077026367,35.11072540283203
35.10995101928711,35.10999298095703,35.110015869140625,35.11003112792969,35.110050201416016,35.11005783081055,35.11005401611328,35.110023498535156,35.1099739074707,35.109947204589844,35.10993957519531,35.10993194580078,35.109947204589844,35.109989166259766,35.11003494262695,35.110050201416016,35.110050201416016,35.110076904296875,35.110130310058594,35.11015701293945,35.11017990112305,35.110206604003906,35.110172271728516,35.11006164550781,35.109981536865234,35.1099739074707,35.110008239746094,35.110069274902344,35.11015701293945,35.110198974609375,35.1102294921875,35.110260009765625,35.11025619506836,35.11019515991211,35.110107421875,35.11006546020508,35.11003875732422,35.10999298095703,35.10996627807617,35.109981536865234,35.11007308959961,35.11022186279297,35.110260009765625,35.110191345214844,35.11016082763672,35.11016082763672,35.11012649536133,35.110042572021484,35.109962463378906
35.10959243774414,35.109615325927734,35.1096305847168,35.10965347290039,35.109703063964844,35.10969924926758,35.109657287597656,35.109580993652344,35.10948944091797,35.109466552734375,35.1094856262207,35.1094856262207,35.1094856262207,35.10951232910156,35.10956954956055,35.109596252441406,35.109596252441406,35.10961151123047,35.10963821411133,35.109657287597656,35.109657287597656,35.10967254638672,35.10968017578125,35.109615325927734,35.10950469970703,35.10946273803711,35.109474182128906,35.109500885009766,35.10954284667969,35.10956954956055,35.10956954956055,35.10956954956055,35.10956954956055,35.10954284667969,35.109500885009766,35.109474182128906,35.10942840576172,35.1093635559082,35.10935974121094,35.10942077636719,35.10953903198242,35.109642028808594,35.10964584350586,35.10958480834961,35.10955047607422,35.10955047607422,35.109493255615234,35.109378814697266,35.10932540893555
35.109214782714844,35.10919189453125,35.10914993286133,35.10913848876953,35.109161376953125,35.109134674072266,35.10905456542969,35.108978271484375,35.10894775390625,35.10896301269531,35.108985900878906,35.108985900878906,35.108985900878906,35.109004974365234,35.109031677246094,35.10905075073242,35.10905075073242,35.10905838012695,35.10907745361328,35.10908889770508,35.10908889770508,35.10911560058594,35.10917282104492,35.10917663574219,35.109130859375,35.109073638916016,35.1089973449707,35.10896301269531,35.108943939208984,35.10891342163086,35.1088981628418,35.1088981628418,35.1088981628418,35.1088981628418,35.1088981628418,35.1088981628418,35.108890533447266,35.10892105102539,35.1089973449707,35.109039306640625,35.10902404785156,35.10902404785156,35.10902404785156,35.10902404785156,35.10902404785156,35.109004974365234,35.10893249511719,35.108856201171875,35.108821868896484
