earth/public/data/ocean/W07/ANN-votemper-depthz-500m-gfs-1.0.json
{"header": {"discipline": 0, "disciplineName": "Meteorological products", "gribEdition": 2, "gribLength": 131138.0, "center": 0, "centerName": "Kiel Climate Model", "subcenter": 0, "refTime": "1", "significanceOfRT": 1, "significanceOfRTName": "Start of forecast", "productStatus": 0, "productStatusName": "Operational products", "productType": 1, "productTypeName": "Forecast products", "productDefinitionTemplate": 0, "productDefinitionTemplateName": "Analysis/forecast at horizontal level/layer at a point in time", "parameterCategory": 2, "parameterCategoryName": "Momentum", "parameterNumber": 2, "parameterNumberName": "U-component_of_wind", "parameterUnit": "C", "genProcessType": 2, "genProcessTypeName": "Forecast", "forecastTime": 0, "surface1Type": 103, "surface1TypeName": "Specified height level above ground", "surface1Value": 10, "surface2Type": 255, "surface2TypeName": "Missing", "surface2Value": 0, "gridDefinitionTemplate": 0, "gridDefinitionTemplateName": "Latitude_Longitude", "numberPoints": 65160, "shape": 6, "shapeName": "Earth spherical with radius of 6,371,229.0 m", "gridUnits": "degrees", "resolution": 48, "winds": "true", "scanMode": 0, "nx": 360.0, "ny": 180.0, "basicAngle": 0, "subDivisions": 0, "lo1": 0.0, "la1": -89.5, "lo2": 359.0, "la2": 89.5, "dx": 1.0, "dy": -1.0}, "data":
[rows 154 to 175 of 180, columns 245 to 293 of 360]
null,null,null,null,null,null,null,null,null,null,null,null,null,null,null,null,null,null,null,null,null,null,null,null,null,null,null,null,null,null,null,null,null,null,null,null,null,null,null,null,null,null,null,null,null,null,null,null,null
null,null,null,null,null,null,null,null,null,null,null,null,null,null,null,null,null,null,null,null,null,null,null,null,null,null,null,null,null,null,null,null,null,null,null,null,null,null,null,null,null,null,null,null,null,null,null,null,null
null,null,null,null,null,null,null,null,null,null,null,null,null,null,null,null,null,null,null,null,null,null,null,null,null,null,null,null,null,null,null,null,null,null,null,null,null,null,null,null,null,null,null,null,null,null,null,null,null
null,null,null,null,null,null,null,null,null,null,null,null,null,null,null,null,null,null,null,null,null,null,null,null,null,null,null,null,null,null,null,null,null,null,null,null,null,null,null,null,null,null,null,null,null,null,null,null,null
null,null,null,null,null,null,null,null,null,null,null,null,null,null,null,null,null,null,null,null,null,null,null,null,null,null,null,null,null,null,null,null,null,null,null,null,null,null,null,null,null,null,null,null,null,null,null,null,null
null,null,null,null,null,null,null,null,null,null,null,null,null,null,null,null,null,null,null,null,null,null,null,null,null,null,null,null,null,null,null,null,null,null,null,null,null,null,null,null,null,null,null,null,null,null,null,null,null
null,null,null,null,null,null,null,null,null,null,null,null,null,null,null,null,null,null,null,null,null,null,null,null,null,null,null,null,null,null,null,null,null,null,null,null,null,null,null,null,null,null,null,null,null,null,null,5.049630641937256,5.041901111602783
null,null,null,null,null,null,null,null,null,null,null,null,null,null,null,null,null,null,null,null,null,null,null,null,null,null,null,null,null,null,null,null,null,null,null,null,null,null,null,null,null,null,null,null,null,null,null,5.105088233947754,5.098391056060791
null,null,null,null,null,null,null,null,null,null,null,null,null,null,null,null,null,null,null,null,null,null,null,null,null,null,null,null,null,null,null,null,null,null,null,null,null,null,null,null,null,null,null,null,null,null,null,5.131167888641357,5.131712436676025
null,null,null,null,null,null,null,null,null,null,null,null,null,null,null,null,null,null,null,null,null,null,null,null,null,null,null,null,null,null,null,null,null,null,null,null,null,null,5.0106096267700195,5.053012847900391,5.080969333648682,5.090977191925049,5.104472637176514,5.11089563369751,5.110862731933594,5.112509727478027,5.1157917976379395,5.117494106292725,5.116754531860352
null,null,null,null,null,null,null,null,null,null,null,null,null,null,null,null,null,null,null,null,null,null,null,null,null,null,null,null,null,null,null,null,null,null,null,5.04542875289917,5.04542875289917,5.029015064239502,5.027641773223877,5.04514217376709,5.064180374145508,5.0654473304748535,5.0667643547058105,5.065155982971191,5.074365615844727,5.090263366699219,5.102540969848633,5.104471683502197,5.1038360595703125
null,null,null,null,null,null,null,null,null,null,null,null,null,null,null,null,null,null,null,null,null,null,null,null,null,null,null,null,null,null,null,null,null,null,null,null,null,null,null,null,null,5.048975944519043,5.0232253074646,5.0082197189331055,5.029016017913818,5.06693696975708,null,null,null
null,null,null,null,null,null,null,null,null,null,null,null,null,null,null,null,null,null,null,null,null,null,null,null,null,null,null,null,null,null,null,null,null,null,null,null,null,null,null,null,null,null,null,null,null,null,null,null,null
null,null,null,null,null,null,null,null,null,null,null,null,null,null,null,null,null,null,null,null,null,null,null,null,null,null,null,null,null,null,null,null,null,null,null,null,null,null,null,null,null,null,null,null,null,null,null,null,null
null,null,null,null,null,null,null,null,null,null,null,null,null,null,null,null,null,null,null,null,null,null,null,null,null,null,null,null,null,null,null,null,null,null,null,null,null,null,null,null,null,null,null,null,null,null,null,null,null
1.7501438856124878,1.7386163473129272,1.7352790832519531,1.7399402856826782,1.742270827293396,1.7386366128921509,1.732926607131958,null,null,null,null,null,null,null,null,null,null,null,null,null,null,null,null,null,null,null,null,null,null,null,null,null,null,null,null,null,null,null,null,null,null,null,null,null,null,null,null,null,null
1.7569329738616943,1.7537407875061035,1.7527159452438354,1.7548198699951172,1.7564914226531982,1.7524044513702393,1.7444390058517456,1.740925908088684,1.7424167394638062,1.7466576099395752,null,null,null,null,null,null,null,null,null,null,null,null,null,null,null,null,null,null,null,null,null,null,null,null,null,null,null,null,null,null,null,null,null,null,null,null,null,null,null
1.7651584148406982,1.7663259506225586,1.7675164937973022,1.7686153650283813,1.7698943614959717,1.7678513526916504,1.7633806467056274,1.7611333131790161,1.7624839544296265,1.7671356201171875,1.7740137577056885,1.7786970138549805,1.7767916917800903,1.7728171348571777,1.7709118127822876,1.7709118127822876,1.7709118127822876,1.7700728178024292,null,null,null,null,null,null,null,null,null,null,null,null,null,null,null,null,null,null,null,null,null,null,null,null,null,null,null,null,null,null,null
1.772390365600586,1.7737683057785034,1.7752997875213623,1.776098608970642,1.776153802871704,1.776703953742981,1.777565836906433,1.7788079977035522,1.7806334495544434,1.7819842100143433,1.7823594808578491,1.7823594808578491,1.782419204711914,1.7827202081680298,1.7827799320220947,1.7827799320220947,1.7827799320220947,1.7821334600448608,1.7797112464904785,1.7786009311676025,1.7786009311676025,1.7786009311676025,1.781215786933899,null,null,null,null,null,null,null,null,null,null,null,null,null,null,null,null,null,null,null,null,null,null,null,null,null,null
1.7817645072937012,1.783244252204895,1.7840100526809692,1.7845532894134521,1.7844982147216797,1.7854437828063965,1.7871674299240112,1.7884643077850342,1.789189338684082,1.7896244525909424,1.7896244525909424,1.7902727127075195,1.7925770282745361,1.7955518960952759,1.7967755794525146,1.7967755794525146,1.7967755794525146,1.796118140220642,1.7959493398666382,1.7963191270828247,1.7969355583190918,1.7969355583190918,1.7993918657302856,1.8044489622116089,1.8091565370559692,1.8109372854232788,1.814164400100708,null,null,null,null,null,null,null,null,null,null,null,null,null,null,null,null,null,null,null,null,null,null
1.7893056869506836,1.7906817197799683,1.7919548749923706,1.793481707572937,1.7951244115829468,1.796404480934143,1.7972662448883057,1.797783374786377,1.797783374786377,1.797783374786377,1.7985435724258423,1.8008910417556763,1.8043290376663208,1.8062705993652344,1.806787133216858,1.806787133216858,1.806787133216858,1.8073465824127197,1.809306263923645,1.8126788139343262,1.8149702548980713,1.815728783607483,1.815728783607483,1.815728783607483,1.816123127937317,1.8167802095413208,1.8188822269439697,1.822078824043274,1.8245621919631958,1.8258548974990845,1.8271384239196777,1.8279848098754883,1.8284926414489746,1.8284926414489746,1.8295220136642456,1.831580638885498,1.8326098918914795,1.8331842422485352,1.834366798400879,1.8362977504730225,1.839051365852356,1.8417948484420776,1.8470807075500488,1.8526294231414795,1.8520740270614624,1.8520740270614624,1.8565161228179932,1.859869122505188,1.859869122505188
1.7962583303451538,1.7975313663482666,1.8000775575637817,1.8020187616348267,1.8031322956085205,1.8038004636764526,1.8038004636764526,1.8038004636764526,1.8038004636764526,1.8046789169311523,1.8074100017547607,1.8114707469940186,1.813818335533142,1.8144667148590088,1.8144667148590088,1.8144667148590088,1.8144667148590088,1.8144667148590088,1.8150830268859863,1.817374587059021,1.821402907371521,1.8241395950317383,1.8250231742858887,1.8250231742858887,1.8250231742858887,1.8250231742858887,1.8256539106369019,1.8267052173614502,1.828628659248352,1.831214189529419,1.8325068950653076,1.8325068950653076,1.8325068950653076,1.8333977460861206,1.8355001211166382,1.8374203443527222,1.838606357574463,1.8395538330078125,1.8401222229003906,1.8413995504379272,1.8452125787734985,1.8490070104599,1.8521534204483032,1.8552998304367065,1.8571876287460327,1.8571876287460327,1.8571876287460327,1.8581942319869995,1.8598718643188477
