earth/public/data/ocean/W07/ANN-ocevel-depthz-3000m-gfs-1.0.json
{"header": {"discipline": 0, "disciplineName": "Meteorological products", "gribEdition": 2, "gribLength": 131138.0, "center": 0, "centerName": "Kiel Climate Model", "subcenter": 0, "refTime": "1", "significanceOfRT": 1, "significanceOfRTName": "Start of forecast", "productStatus": 0, "productStatusName": "Operational products", "productType": 1, "productTypeName": "Forecast products", "productDefinitionTemplate": 0, "productDefinitionTemplateName": "Analysis/forecast at horizontal level/layer at a point in time", "parameterCategory": 2, "parameterCategoryName": "Momentum", "parameterNumber": 2, "parameterNumberName": "U-component_of_wind", "parameterUnit": "m/s", "genProcessType": 2, "genProcessTypeName": "Forecast", "forecastTime": 0, "surface1Type": 103, "surface1TypeName": "Specified height level above ground", "surface1Value": 10, "surface2Type": 255, "surface2TypeName": "Missing", "surface2Value": 0, "gridDefinitionTemplate": 0, "gridDefinitionTemplateName": "Latitude_Longitude", "numberPoints": 65160, "shape": 6, "shapeName": "Earth spherical with radius of 6,371,229.0 m", "gridUnits": "degrees", "resolution": 48, "winds": "true", "scanMode": 0, "nx": 360.0, "ny": 180.0, "basicAngle": 0, "subDivisions": 0, "lo1": 0.0, "la1": -89.5, "lo2": 359.0, "la2": 89.5, "dx": 1.0, "dy": -1.0}, "data":
[rows 105 to 125 of 180, columns 188 to 234 of 360]
0.0012178296456113458,0.0012158998288214207,0.0010384017368778586,0.0007115917396731675,0.00033654444268904626,-2.373071401962079e-05,-0.00043824134627357125,-0.0008295545121654868,-0.0009311570902355015,-0.0007115741027519107,-0.00047341137542389333,-0.0002441889082547277,3.4196695196442306e-05,0.00032256694976240396,0.000518048123922199,0.0005982647999189794,0.0006071727839298546,0.0005540931015275419,0.0002147239283658564,-0.0003564793150871992,-0.0007625031284987926,-0.0009438936249352992,-0.001064907293766737,-0.0011102698044851422,-0.0010579207446426153,-0.0009208733099512756,-0.0008324970840476453,-0.0008093037758953869,-0.0007950905128382146,-0.0007931145955808461,-0.0008139169658534229,-0.000855572463478893,-0.0008577507105655968,-0.0008219138835556805,-0.0007736110128462315,-0.0007228836766444147,-0.0006430987268686295,-0.0005502345156855881,-0.00046590284910053015,-0.00040774757508188486,-0.00035516612115316093,-0.00032011562143452466,-0.00029456496122293174,-0.00028535749879665673,-0.00022609565348830074,-0.00013006779772695154,-4.6156733901625557e-07
0.00047922960948199034,0.00049216253682971,0.00031774977105669677,-1.8781069229589775e-05,-0.0003117034793831408,-0.0005253831041045487,-0.0007463363581337035,-0.0009616493480280042,-0.0008630893426015973,-0.00048590212827548385,-0.00015389722830150276,7.412468403344974e-05,0.0003910070226993412,0.0007447390235029161,0.0009446851909160614,0.000966981693636626,0.0010166892316192389,0.0010895291343331337,0.0008082929416559637,0.0002080585982184857,-0.00029018320492468774,-0.0005962392315268517,-0.0008175047114491463,-0.0009052880923263729,-0.0009042314486578107,-0.0008102504652924836,-0.0007371212705038488,-0.0006962732877582312,-0.0006797229871153831,-0.0006915067206136882,-0.0007148701697587967,-0.0007470345008186996,-0.000751386396586895,-0.0007286635809578001,-0.0006935270503163338,-0.0006516295834444463,-0.0006051664822734892,-0.0005590086802840233,-0.0005215040291659534,-0.0004946872941218317,-0.00047371917753480375,-0.0004600188403856009,-0.000445199606474489,-0.0004325275949668139,-0.0003882351447828114,-0.00032062080572359264,-0.0002189955412177369
-0.0004326966591179371,-0.0003409686032682657,-0.00044405966764315963,-0.0007167422445490956,-0.0008157980628311634,-0.0007055927999317646,-0.000626692024525255,-0.0005661819595843554,-0.0002770381106529385,0.00020549364853650331,0.0005202956381253898,0.0006085671484470367,0.0008638026774860919,0.0012339913519099355,0.001296546310186386,0.0010276036337018013,0.00102496228646487,0.0012843437725678086,0.0011797240003943443,0.0007461810018867254,0.00025229741004295647,-0.0002117335534421727,-0.0005260754842311144,-0.0006420367863029242,-0.0006880210130475461,-0.000659943965729326,-0.0006073507247492671,-0.0005416707135736942,-0.0005138224805705249,-0.0005278422613628209,-0.0005350449937395751,-0.0005326519021764398,-0.0005201842868700624,-0.000498379988130182,-0.0004713341477327049,-0.00044469974818639457,-0.0004375812131911516,-0.0004548495926428586,-0.0004699713608715683,-0.0004849813412874937,-0.0004903372027911246,-0.0004874582518823445,-0.00046634970931336284,-0.0004302777233533561,-0.0003832861839327961,-0.0003336735535413027,-0.0002619079314172268
-0.000874504039529711,-0.0007502680527977645,-0.0007608295418322086,-0.0009118040907196701,-0.0008376961341127753,-0.0005605925689451396,-0.00029302461189217865,-8.496751252096146e-05,0.0002728234394453466,0.0007222200511023402,0.0009640308562666178,0.0009637856855988503,0.0010918071493506432,0.0013384891208261251,0.0012864728923887014,0.0009500851738266647,0.0009067502105608582,0.0011657538125291467,0.0011870976304635406,0.0009638717165216804,0.0005676838918589056,5.6162141845561564e-05,-0.00028446578653529286,-0.00039674629806540906,-0.000468375685159117,-0.00048672122647985816,-0.0004520142974797636,-0.00036972216912545264,-0.0003307017614133656,-0.00034271340700797737,-0.0003280571836512536,-0.00029124069260433316,-0.00025943206856027246,-0.00023981614504009485,-0.00022429836099036038,-0.0002146889892173931,-0.00024546211352571845,-0.00030885825981386006,-0.00036287374678067863,-0.000396578834624961,-0.00041009392589330673,-0.0004021185450255871,-0.00036145327612757683,-0.0002978832053486258,-0.00023964830324985087,-0.00019879492174368352,-0.00015535195416305214
-0.0007688191835768521,-0.0006583624635823071,-0.0005860296660102904,-0.0005574364913627505,-0.0003885888436343521,-0.00010157357610296458,0.00018058567366097122,0.00040791372884996235,0.0006895327242091298,0.0009673144668340683,0.0011046763975173235,0.0010671481722965837,0.0010447929380461574,0.001028004800900817,0.0009224280365742743,0.0007423894130624831,0.0006835802923887968,0.000755286542698741,0.0008099532569758594,0.0008406703127548099,0.0006029506330378354,0.00015442223229911178,-0.00013693929940927774,-0.00021368036686908454,-0.00028101069619879127,-0.000326297536958009,-0.0003008651838172227,-0.0002101808786392212,-0.0001638381800148636,-0.00016959737695287913,-0.00013467026292346418,-6.356437370413914e-05,-1.6340245565515943e-05,-1.826629159040749e-07,4.212437488604337e-06,-4.9652066991257016e-06,-5.9546513512032107e-05,-0.00015177199384197593,-0.00021798393572680652,-0.0002472525811754167,-0.00024804234271869063,-0.00021905275934841484,-0.0001520822406746447,-5.6915883760666475e-05,1.735878140607383e-05,5.869542292202823e-05,8.479354437440634e-05
-0.0005368146230466664,-0.00045238540042191744,-0.0003459657309576869,-0.0002345334942219779,-6.16256584180519e-05,0.0001493175223004073,0.00038800641777925193,0.0006189559353515506,0.0008341647335328162,0.0010163981933146715,0.0011136791436001658,0.0010903087677434087,0.0009674891480244696,0.0007878593751229346,0.0006169243715703487,0.0004907968104816973,0.0003823867882601917,0.0003175137680955231,0.0003891376545652747,0.000584696012083441,0.0005057199159637094,0.00015692277520429343,-5.234326090430841e-05,-9.198979387292638e-05,-0.0001338008587481454,-0.00017365017265547067,-0.00014194664254318923,-4.6247874706750736e-05,1.5744217307656072e-05,3.1052881240611896e-05,8.912262273952365e-05,0.00017773165018297732,0.00022535311290994287,0.00022466975497081876,0.00020818720804527402,0.0001810544345062226,0.00011206784984096885,1.3788720025331713e-05,-4.7687750338809565e-05,-6.301028770394623e-05,-5.6623423006385565e-05,-2.9618924600072205e-05,3.7187248381087556e-05,0.00013406480138655752,0.00020603701705113053,0.00024182505148928612,0.00025204475969076157
-0.00011822138912975788,-9.798407700145617e-05,-4.621688640327193e-05,2.2119571440271102e-05,9.889306966215372e-05,0.00013546031550504267,0.00022498780163004994,0.00035236869007349014,0.0004611872136592865,0.0005376809276640415,0.0005987269687466323,0.0005710813566111028,0.0004387090739328414,0.00025095301680266857,0.00010527481936151162,2.777813460852485e-05,-1.9738154151127674e-05,-8.559349225834012e-05,-4.4784985220758244e-05,0.00015576081932522357,0.0001774566771928221,2.4427250536973588e-05,-5.8951336541213095e-05,-3.776599623961374e-05,-2.148072417185176e-05,4.964052550349152e-06,6.849016790511087e-05,0.00017840834334492683,0.00026658549904823303,0.00032733837724663317,0.0003921078459825367,0.00045484790462069213,0.0004620025574695319,0.00042898469837382436,0.00040012504905462265,0.0003679961955640465,0.00031944483635015786,0.0002631768293213099,0.00023970584152266383,0.00022506542154587805,0.00018968264339491725,0.00015844582230784,0.00017185654724016786,0.00019917453755624592,0.0002142899320460856,0.00021827251475770026,0.00022055530280340463
0.0002576882252469659,0.000211495571420528,0.0001881196949398145,0.0001889135455712676,0.00019274407532066107,0.00015213238657452166,8.827627607388422e-05,4.203541175229475e-05,-9.134486390394159e-06,-6.871506047900766e-05,-0.00015019626880530268,-0.0002475575020071119,-0.0004002266505267471,-0.0005254792631603777,-0.0005907164886593819,-0.0005515521625056863,-0.00042461053817532957,-0.00034305514418520033,-0.00030612520640715957,-0.00022636276844423264,-0.00015640442143194377,-0.00013430710532702506,-9.097032307181507e-05,-2.23180977627635e-05,6.001419387757778e-05,0.00014387101691681892,0.00025252270279452205,0.00036828016163781285,0.0004955307813361287,0.0005900728283450007,0.0006651844596490264,0.0006928865914233029,0.0006569444085471332,0.0006035833503119648,0.0005680839531123638,0.0005495550576597452,0.0005330432904884219,0.0005281281773932278,0.000546950614079833,0.0005321516073308885,0.00043655760237015784,0.00033455100492574275,0.00026490853633731604,0.0002121489669661969,0.00014332351565826684,9.586891974322498e-05,7.9036493843887e-05
0.0003082833136431873,0.0002760458446573466,0.0002508728066459298,0.00021644601656589657,0.00020094333740416914,0.00017610647773835808,4.594078563968651e-05,-0.00011953276407439262,-0.000250847457209602,-0.00039002802805043757,-0.0005232453113421798,-0.0006470014923252165,-0.0007404823554679751,-0.0008007495780475438,-0.0008253850392065942,-0.0007971719605848193,-0.0007021308410912752,-0.0005770360003225505,-0.000537921441718936,-0.0005205171764828265,-0.00042847759323194623,-0.0002912488707806915,-0.00016212937771342695,-5.3627627494279295e-05,5.427015639725141e-05,0.00015802145935595036,0.0002699551696423441,0.00039182513137347996,0.0005161620792932808,0.0006319117383100092,0.0007067170809023082,0.0007328654755838215,0.0007055717869661748,0.0006457791314460337,0.0006184550584293902,0.0006163323996588588,0.0006264366675168276,0.000647824548650533,0.0006836540414951742,0.0006985197542235255,0.0006184633239172399,0.0004725883190985769,0.0003662633534986526,0.0002850507735274732,0.0001777131692506373,6.46454791422002e-05,1.59328064910369e-05
0.00015837090904824436,0.00022419242304749787,0.0002525229356251657,null,null,null,null,-0.0002229466917924583,-0.0003461319429334253,-0.0004971901071257889,-0.0005983703886158764,-0.0006283267284743488,-0.0006339256651699543,-0.0006051204982213676,-0.0006483321776613593,-0.0007552112219855189,-0.0008496665977872908,-0.0009297722717747092,-0.0009285830892622471,-0.0008538440451957285,-0.0006824740557931364,-0.00043725696741603315,-0.00022501022613141686,-7.711371290497482e-05,5.1375744078541175e-05,0.000138821080327034,0.0002464218996465206,0.00035391634446568787,0.00047090472071431577,0.0005750299314968288,0.0006494543049484491,0.0006792821804992855,0.0006719474331475794,0.000629234651569277,0.0006126798689365387,0.000627189117949456,0.0006532208644784987,0.0006877455743961036,0.0007327704224735498,0.0007812110125087202,0.000734659202862531,0.0006026439950801432,0.0004965323605574667,0.0004370620590634644,0.00031574678723700345,0.0001535283081466332,7.745855691609904e-05
-0.00029266838100738823,-0.0002137484261766076,-0.0002362638188060373,null,null,null,null,-0.0004186261212453246,-0.00042831155587919056,-0.0005572520312853158,-0.0006304150447249413,-0.0006357934908010066,-0.0006389329792000353,-0.0006306066061370075,-0.0007249131449498236,-0.0008964714943431318,-0.001083378796465695,-0.001252891612239182,-0.0012718590442091227,-0.0011413070606067777,-0.0008949624025262892,-0.0005806002300232649,-0.00031619874062016606,-0.00015052277012728155,-2.6735848223324865e-05,3.509246016619727e-05,0.00011469857417978346,0.00020115217193961143,0.0002934536023531109,0.00037747473106719553,0.00044260514550842345,0.00047704725875519216,0.0004936089972034097,0.0004861094057559967,0.000496622349601239,0.0005210312083363533,0.0005586105398833752,0.0006024816539138556,0.0006466062040999532,0.0006841999129392207,0.0006513543194159865,0.0005530297057703137,0.00048692570999264717,0.00046044436749070883,0.0003760800464078784,0.00024245753593277186,0.00017418511561118066
-0.0009430087520740926,-0.000937798002269119,-0.000943860097322613,-0.0009469288634136319,-0.0009816319216042757,-0.0010187821462750435,-0.0008385972469113767,-0.0005487592425197363,-0.0004562103422358632,-0.000515529653057456,-0.0005744436057284474,-0.0006209451239556074,-0.0007193012861534953,-0.000860285188537091,-0.0010451709385961294,-0.0012485772604122758,-0.0014218466822057962,-0.001532235648483038,-0.0015019802376627922,-0.001332106301560998,-0.001052923034876585,-0.0007122054230421782,-0.0004401947371661663,-0.0002856555802281946,-0.00018867749895434827,-0.00016933000006247312,-0.00012870272621512413,-7.772598473820835e-05,-1.4617939086747356e-05,4.649327456718311e-05,0.00011113680375274271,0.0001675150269875303,0.00021894410019740462,0.00025924303918145597,0.00029401297797448933,0.0003191372670698911,0.0003572241694200784,0.00040139496559277177,0.0004318973806221038,0.0004419471661094576,0.0004202292184345424,0.0003717038780450821,0.0003563857462722808,0.00038167680031619966,0.0003711681056302041,0.0003334844659548253,0.0002899539249483496
-0.0011811708100140095,-0.0012286256533116102,-0.0011873476905748248,-0.0010582661489024758,-0.0010134632466360927,-0.001055452972650528,-0.0009627635590732098,-0.0007462324574589729,-0.000655114185065031,-0.0006987181841395795,-0.000772196683101356,-0.0008586878539063036,-0.0010267964098602533,-0.0012440445134416223,-0.001459920429624617,-0.0016387130599468946,-0.0017573421355336905,-0.0018012778600677848,-0.0017098168609663844,-0.0015043868916109204,-0.0012083664769306779,-0.0008751431596465409,-0.0006226961268112063,-0.0004932689480483532,-0.0004349885566625744,-0.00045502540888264775,-0.00046638393541797996,-0.0004626658628694713,-0.0004360219754744321,-0.00038842568756081164,-0.0003120627370662987,-0.00022263723076321185,-0.00012622062058653682,-4.398973396746442e-05,1.302172586292727e-05,3.328328602947295e-05,6.65120969642885e-05,0.0001074487590813078,0.00013113414752297103,0.00013305632455740124,0.0001379375607939437,0.00014187177293933928,0.0001806608634069562,0.00024367109290324152,0.0002955133677460253,0.00032402886427007616,0.000312588585074991
-0.0009590645786374807,-0.0010381414322182536,-0.001069196849130094,-0.0010531600564718246,-0.001070308848284185,-0.001123156980611384,-0.001096632913686335,-0.0010015742154791951,-0.0009902874007821083,-0.0010720818536356091,-0.001184083754196763,-0.0013094311580061913,-0.0014985769521445036,-0.0017190432408824563,-0.0018959904555231333,-0.001993707148358226,-0.0020349069964140654,-0.002005060203373432,-0.001860812772065401,-0.0016235926887020469,-0.001332349143922329,-0.0010404696222394705,-0.0008282380294986069,-0.0007378977607004344,-0.0007173048797994852,-0.0007736295228824019,-0.0008326522074639797,-0.0008879746310412884,-0.000892910931725055,-0.0008494346402585506,-0.0007530524162575603,-0.0006194683955982327,-0.00048293991130776703,-0.0003646436962299049,-0.00029482002719305456,-0.00028499934705905616,-0.00026037494535557926,-0.00022620618983637542,-0.00020026038691867143,-0.0001870494452305138,-0.0001489639253122732,-8.99098813533783e-05,-1.1727936907846015e-05,7.494818419218063e-05,0.00015685311518609524,0.0002218280133092776,0.00023912961478345096
-0.0008146963664330542,-0.000924826308619231,-0.0010096976766362786,-0.0010523009113967419,-0.001127244089730084,-0.001217776327393949,-0.001277337083593011,-0.0012880691792815924,-0.001338957343250513,-0.0014185860054567456,-0.001523227314464748,-0.0016384727787226439,-0.0017968823667615652,-0.001976223662495613,-0.0020772600546479225,-0.002089584246277809,-0.0020401133224368095,-0.0019445408834144473,-0.001759587088599801,-0.001520248712040484,-0.0012631274294108152,-0.0010302368318662047,-0.0008841797825880349,-0.0008451417088508606,-0.0008838714566081762,-0.000987765146419406,-0.0011075608199462295,-0.001216602511703968,-0.001264723134227097,-0.0012395010562613606,-0.0011527178576216102,-0.0010168780572712421,-0.000878749240655452,-0.0007600416429340839,-0.0006931606912985444,-0.0006886559422127903,-0.0006659781211055815,-0.0006297377403825521,-0.0005847194115631282,-0.000541792600415647,-0.0004557310021482408,-0.00034643273102119565,-0.00023266814241651446,-0.00013693183427676558,-4.893704317510128e-05,1.712742778181564e-05,6.734005000907928e-05
-0.0008839177899062634,-0.0009989057434722781,-0.0010888149263337255,-0.001140743144787848,-0.001217375393025577,-0.0013128552818670869,-0.0013710933271795511,-0.0014004427939653397,-0.0014116332167759538,-0.0014144126325845718,-0.0014429667498916388,-0.0014913189224898815,-0.001563824131153524,-0.0016427966766059399,-0.0016577182104811072,-0.0015976896975189447,-0.0014987870818004012,-0.0013686183374375105,-0.0012007368495687842,-0.001019429648295045,-0.0008546116878278553,-0.0007348931394517422,-0.0006919135339558125,-0.0007348575163632631,-0.0008350206771865487,-0.000979715958237648,-0.0011341836070641875,-0.0012780854012817144,-0.0013736644759774208,-0.0014061445835977793,-0.0014024927513673902,-0.0013595089549198747,-0.0013054823502898216,-0.001246570609509945,-0.0012036581756547093,-0.0011852106545120478,-0.0011440167436376214,-0.0010890723206102848,-0.0010196274379268289,-0.0009448512573726475,-0.0008246498182415962,-0.0006747159641236067,-0.0005442219553515315,-0.00045460183173418045,-0.0003754108620341867,-0.0003245409461669624,-0.00024083326570689678
-0.0010676577221602201,-0.0011466353898867965,-0.0012264237739145756,-0.0012906489428132772,-0.0013334323884919286,-0.0013420432806015015,-0.0013156133936718106,-0.001247034058906138,-0.0011666816426441073,-0.0010795457055792212,-0.0010354648111388087,-0.001038620830513537,-0.0010450339177623391,-0.0010514713358134031,-0.0010162960970774293,-0.0009461268782615662,-0.0008434398914687335,-0.0007305808248929679,-0.0006072144606150687,-0.0005006393184885383,-0.0004340933810453862,-0.0004257683176547289,-0.00047983709373511374,-0.0005914692883379757,-0.0007287589251063764,-0.0008667820948176086,-0.0010218374663963914,-0.0011628617066890001,-0.0012944519985467196,-0.001393753569573164,-0.0014902350958436728,-0.00157349300570786,-0.0016196956858038902,-0.0016275120433419943,-0.001605649129487574,-0.0015590295661240816,-0.0014926929725334048,-0.0014167075278237462,-0.00133804720826447,-0.00127178686670959,-0.001144558540545404,-0.000981406308710575,-0.0008442690595984459,-0.0007585629355162382,-0.0006728046573698521,-0.0006009034113958478,-0.0004892210708931088
-0.0012083703186362982,-0.0012306850403547287,-0.0012606795644387603,-0.0012985779903829098,-0.0012868860503658652,-0.0012310316087678075,-0.0011374366004019976,-0.0010213811183348298,-0.0009050176595337689,-0.0008053396013565361,-0.0007425806252285838,-0.0007271486101672053,-0.0006903816829435527,-0.0006434404640458524,-0.0005782330990768969,-0.0005113891093060374,-0.0004294262616895139,-0.00034778215922415257,-0.0002825664123520255,-0.00024169389507733285,-0.0002461122639942914,-0.0002903584099840373,-0.00037340601556934416,-0.00048076504026539624,-0.000579131708946079,-0.000656556396279484,-0.0007561150705441833,-0.0008652431424707174,-0.0009933456312865019,-0.001118730171583593,-0.001274805050343275,-0.0014313021674752235,-0.0015372881898656487,-0.0015715040499344468,-0.0015538110164925456,-0.001487741363234818,-0.0014018878573551774,-0.001312824198976159,-0.001253353082574904,-0.0012321529211476445,-0.0011547040194272995,-0.0010294571984559298,-0.0009170202538371086,-0.0008345757960341871,-0.0007220844272524118,-0.0006023664027452469,-0.00047802465269342065
-0.0012626225361600518,-0.001222863676957786,-0.0011904049897566438,-0.0011654705740511417,-0.0011174586834385991,-0.0010517971822991967,-0.0009773141937330365,-0.0009092894615605474,-0.0008387264679186046,-0.0007826186483725905,-0.0007308898493647575,-0.0006939481245353818,-0.0006079479935579002,-0.00048405019333586097,-0.00036633279523812234,-0.0002714252914302051,-0.00018357364751864225,-0.00011821554653579369,-9.636786126065999e-05,-0.00012594545842148364,-0.00018162182823289186,-0.0002579338615760207,-0.0003342764393892139,-0.00039615959394723177,-0.0004292383964639157,-0.0004215632507111877,-0.0004602141852956265,-0.0005326266982592642,-0.0006431408692151308,-0.0007700642454437912,-0.0009469386423006654,-0.0011434959014877677,-0.0012713582254946232,-0.0013092666631564498,-0.0012881036382168531,-0.001211401540786028,-0.0011149464407935739,-0.0010153119219467044,-0.0009793218923732638,-0.0010156548814848065,-0.0010001449845731258,-0.0009412430226802826,-0.0008646694477647543,-0.0007876071031205356,-0.0006490757223218679,-0.00047189556062221527,-0.0003387635515537113
-0.0011699296301230788,-0.0011408851714804769,-0.0010983491083607078,-0.0010459045879542828,-0.0009906908962875605,-0.0009405360906384885,-0.0008903398411348462,-0.0008472863701172173,-0.0008046439616009593,-0.0007700991118326783,-0.000712357519660145,-0.0006438314449042082,-0.000509374076500535,-0.00033629851532168686,-0.00018346973229199648,-7.922106306068599e-05,-7.072197831803351e-07,3.9746704715071246e-05,2.5852059479802847e-05,-3.839189957943745e-05,-0.00011044558777939528,-0.00017938674136530608,-0.00022023075143806636,-0.00023032048193272203,-0.00018780416576191783,-0.00010593060142127797,-7.813093543518335e-05,-0.0001139908708864823,-0.00019948209228459746,-0.0003212531446479261,-0.0005062032141722739,-0.0007213723147287965,-0.000855510588735342,-0.0008852671599015594,-0.0008581894217059016,-0.0007797812577337027,-0.000670327921397984,-0.0005507356254383922,-0.0005104969604872167,-0.000559706415515393,-0.0005643726326525211,-0.000526221061591059,-0.0004876337479799986,-0.00045313144801184535,-0.00035568312159739435,-0.00020441465312615037,-0.00012748342123813927
-0.0007965622353367507,-0.0008554589585401118,-0.0008568710763938725,-0.0008049514144659042,-0.0007822279003448784,-0.0007938042399473488,-0.0007806069334037602,-0.0007446092204190791,-0.0007035582093521953,-0.0006648543640039861,-0.0005874179769307375,-0.00048320903442800045,-0.00033441316918469965,-0.00016261334531009197,-1.9149543732055463e-05,7.276952965185046e-05,0.00013292973744682968,0.0001479732891311869,0.00013671221677213907,9.686708654044196e-05,7.145636482164264e-05,6.384215521393344e-05,8.96470810403116e-05,0.00014679841115139425,0.0002542980364523828,0.0003974707506131381,0.00047087797429412603,0.0004663459549192339,0.0004037041508127004,0.0002967263280879706,0.00014214584371075034,-3.475382982287556e-05,-0.00012575063738040626,-0.00011806869588326663,-7.780392479617149e-05,-1.2726641216431744e-05,8.463616541121155e-05,0.0002010957832681015,0.00023741200857330114,0.00019498525944072753,0.00017077376833185554,0.00017900460807140917,0.00013549969298765063,5.395339758251794e-05,4.2367970308987424e-05,9.645817772252485e-05,8.267976227216423e-05
