earth/public/data/ocean/W07/ANN-vosaline-depthz-0m-gfs-1.0.json
{"header": {"discipline": 0, "disciplineName": "Meteorological products", "gribEdition": 2, "gribLength": 131138.0, "center": 0, "centerName": "Kiel Climate Model", "subcenter": 0, "refTime": "1", "significanceOfRT": 1, "significanceOfRTName": "Start of forecast", "productStatus": 0, "productStatusName": "Operational products", "productType": 1, "productTypeName": "Forecast products", "productDefinitionTemplate": 0, "productDefinitionTemplateName": "Analysis/forecast at horizontal level/layer at a point in time", "parameterCategory": 2, "parameterCategoryName": "Momentum", "parameterNumber": 2, "parameterNumberName": "U-component_of_wind", "parameterUnit": "PSU", "genProcessType": 2, "genProcessTypeName": "Forecast", "forecastTime": 0, "surface1Type": 103, "surface1TypeName": "Specified height level above ground", "surface1Value": 10, "surface2Type": 255, "surface2TypeName": "Missing", "surface2Value": 0, "gridDefinitionTemplate": 0, "gridDefinitionTemplateName": "Latitude_Longitude", "numberPoints": 65160, "shape": 6, "shapeName": "Earth spherical with radius of 6,371,229.0 m", "gridUnits": "degrees", "resolution": 48, "winds": "true", "scanMode": 0, "nx": 360.0, "ny": 180.0, "basicAngle": 0, "subDivisions": 0, "lo1": 0.0, "la1": -89.5, "lo2": 359.0, "la2": 89.5, "dx": 1.0, "dy": -1.0}, "data":
[rows 21 to 41 of 180, columns 288 to 335 of 360]
33.241371154785156,33.258785247802734,33.257076263427734,33.35145950317383,null,null,null,null,null,null,null,null,34.007076263427734,34.02306365966797,34.0400505065918,34.0550537109375,34.06252670288086,34.06105422973633,34.05707550048828,34.051090240478516,34.04680252075195,34.044734954833984,34.04500198364258,34.047359466552734,34.05247497558594,34.05937957763672,34.065673828125,34.07025909423828,34.07493209838867,34.078895568847656,34.08536911010742,34.09321975708008,34.10134506225586,34.10829544067383,34.11487579345703,34.11984634399414,34.12459182739258,34.128116607666016,34.132171630859375,34.13581466674805,34.137813568115234,34.137569427490234,34.13648223876953,34.13450622558594,34.13475799560547,34.136985778808594,34.13825988769531,34.13872528076172
33.30220413208008,33.23306655883789,33.196083068847656,33.29246139526367,null,null,null,null,null,null,null,null,33.87800979614258,33.89291763305664,33.91038131713867,33.92741012573242,33.938716888427734,33.94233703613281,33.943782806396484,33.942848205566406,33.9437370300293,33.9463996887207,33.95065689086914,33.95591735839844,33.96304702758789,33.970890045166016,33.977691650390625,33.98231506347656,33.987037658691406,33.9910888671875,33.99799728393555,34.0065803527832,34.015907287597656,34.02434539794922,34.033206939697266,34.04095458984375,34.049522399902344,34.05744934082031,34.066627502441406,34.07547378540039,34.082706451416016,34.08705139160156,34.09056854248047,34.092628479003906,34.096839904785156,34.10242462158203,34.105506896972656,34.107032775878906
33.405662536621094,33.330936431884766,33.29451370239258,33.3032341003418,33.306209564208984,33.348976135253906,33.35336685180664,33.426387786865234,33.45195770263672,null,null,null,33.761138916015625,33.7709846496582,33.785118103027344,33.80112838745117,33.81462097167969,33.823307037353516,33.83115005493164,33.83671951293945,33.8435173034668,33.85026931762695,33.85752487182617,33.864009857177734,33.87166213989258,33.879119873046875,33.88511657714844,33.88854217529297,33.89214324951172,33.895240783691406,33.90165328979492,33.91019821166992,33.920005798339844,33.92927932739258,33.939842224121094,33.949771881103516,33.96183776855469,33.97386169433594,33.98846435546875,34.00300216674805,34.01658630371094,34.0267333984375,34.03641891479492,34.04386520385742,34.053733825683594,34.0641975402832,34.069969177246094,34.07329559326172
33.52787399291992,33.47346878051758,33.42850112915039,33.4007568359375,33.371849060058594,33.338253021240234,33.31272506713867,33.38990020751953,33.41962814331055,null,null,null,33.69108581542969,33.68376541137695,33.68598556518555,33.69679641723633,33.70906448364258,33.72072219848633,33.733768463134766,33.745967864990234,33.757747650146484,33.76706314086914,33.7752571105957,33.78089141845703,33.78754425048828,33.79405212402344,33.79900360107422,33.801456451416016,33.80417251586914,33.80655288696289,33.81254577636719,33.82101058959961,33.83106994628906,33.84088897705078,33.85256576538086,33.86397933959961,33.87847900390625,33.89345932006836,33.91222381591797,33.93144226074219,33.95048904418945,33.96600341796875,33.981468200683594,33.99414825439453,34.0096321105957,34.02518081665039,34.03371047973633,34.0390739440918
33.64784240722656,33.61335754394531,33.576881408691406,33.544559478759766,33.49850082397461,33.445953369140625,33.409976959228516,33.3901481628418,33.39639663696289,null,null,null,33.63982009887695,33.63574981689453,33.62946701049805,33.635040283203125,33.64158630371094,33.64717102050781,33.65660095214844,33.67033767700195,33.68144226074219,33.68863296508789,33.69459915161133,33.69860076904297,33.70379638671875,33.70921325683594,33.713565826416016,33.71607971191406,33.7187385559082,33.72111511230469,33.726951599121094,33.73524856567383,33.74541473388672,33.755638122558594,33.7680549621582,33.78044509887695,33.79638671875,33.81306076049805,33.83420181274414,33.85609436035156,33.87862014770508,33.897823333740234,33.917503356933594,33.9342155456543,33.95414733886719,33.97377395629883,33.98455047607422,33.99188995361328
33.75630569458008,33.737545013427734,33.712196350097656,33.6856689453125,33.646854400634766,33.603370666503906,33.55858612060547,33.520652770996094,33.51710510253906,33.5532112121582,33.606483459472656,33.657833099365234,33.69244384765625,33.6990966796875,33.71106719970703,33.72003936767578,33.713565826416016,33.67618179321289,33.662017822265625,33.66536331176758,33.66592025756836,33.663753509521484,33.66283416748047,33.66340255737305,33.6645393371582,33.66642379760742,33.66753387451172,33.66808319091797,33.66822814941406,33.66831970214844,33.67169189453125,33.67803192138672,33.68687057495117,33.69675064086914,33.70905303955078,33.72160339355469,33.7376594543457,33.75434112548828,33.77547836303711,33.797298431396484,33.820213317871094,33.84019470214844,33.861019134521484,33.87908935546875,33.900577545166016,33.92179870605469,33.933406829833984,33.94183349609375
33.84001541137695,33.826438903808594,33.80630111694336,33.78330612182617,33.75254821777344,33.71969985961914,33.68515396118164,33.65547561645508,33.63816833496094,33.63630294799805,33.6512336730957,33.679649353027344,33.72129440307617,33.78225326538086,33.842926025390625,33.879737854003906,33.85381317138672,33.78767776489258,33.75401306152344,33.74479675292969,33.73457336425781,33.72421646118164,33.715328216552734,33.70921325683594,33.70289611816406,33.69740295410156,33.69155502319336,33.6862678527832,33.680564880371094,33.67530059814453,33.67400360107422,33.67668914794922,33.682960510253906,33.691558837890625,33.70273208618164,33.7144660949707,33.72938537597656,33.74482345581055,33.764129638671875,33.78382110595703,33.80465316772461,33.82284927368164,33.84204864501953,33.85875701904297,33.87874221801758,33.89838409423828,33.909175872802734,33.917144775390625
33.904754638671875,33.89234161376953,33.87282180786133,33.84955978393555,33.820552825927734,33.791343688964844,33.76225662231445,33.73881912231445,33.724369049072266,33.721397399902344,33.7238883972168,33.73064041137695,33.75357437133789,33.7874755859375,33.8237419128418,33.85599899291992,33.864646911621094,33.849910736083984,33.83678436279297,33.828697204589844,33.81882095336914,33.80875015258789,33.797306060791016,33.78618621826172,33.77432632446289,33.76339340209961,33.75188446044922,33.74152374267578,33.73032760620117,33.72021484375,33.71431350708008,33.71376037597656,33.717445373535156,33.72472381591797,33.73447036743164,33.74485397338867,33.758052825927734,33.77163314819336,33.788455963134766,33.8054313659668,33.823448181152344,33.83917999267578,33.855918884277344,33.87057876586914,33.887901306152344,33.90467071533203,33.91391372680664,33.920166015625
33.95743179321289,33.949466705322266,33.934898376464844,33.915977478027344,33.89094924926758,33.86349868774414,33.837608337402344,33.81764221191406,33.80653381347656,33.806522369384766,33.80706787109375,33.80832290649414,33.813209533691406,33.82045364379883,33.83449935913086,33.85216522216797,33.86429977416992,33.86882781982422,33.87057876586914,33.86990737915039,33.865882873535156,33.859737396240234,33.85051345825195,33.84010314941406,33.828819274902344,33.81871795654297,33.807430267333984,33.796878814697266,33.784217834472656,33.77153778076172,33.761749267578125,33.75664138793945,33.75590133666992,33.760005950927734,33.76673126220703,33.77516174316406,33.78606414794922,33.797542572021484,33.81214904785156,33.827186584472656,33.843650817871094,33.85841751098633,33.874549865722656,33.888916015625,33.90536117553711,33.920711517333984,33.929195404052734,33.933685302734375
33.983970642089844,33.97095489501953,33.96073532104492,33.95610427856445,33.9453125,33.92993927001953,33.914337158203125,33.900611877441406,33.89326095581055,33.8933219909668,33.894081115722656,33.89539337158203,33.8946533203125,33.89181137084961,33.89235305786133,33.89570236206055,33.899635314941406,33.9031982421875,33.90519332885742,33.90532302856445,33.90239334106445,33.89701843261719,33.88945388793945,33.88117599487305,33.87263107299805,33.86552810668945,33.8571891784668,33.849300384521484,33.83826446533203,33.826107025146484,33.81366729736328,33.802947998046875,33.795654296875,33.79283905029297,33.79339599609375,33.79724884033203,33.80359649658203,33.8115119934082,33.823143005371094,33.83656311035156,33.852725982666016,33.86876678466797,33.887001037597656,33.90408706665039,33.922611236572266,33.939125061035156,33.94822692871094,33.95175552368164
33.95305252075195,33.91075897216797,33.89251708984375,33.90235137939453,33.91756057739258,33.93510055541992,33.94566345214844,33.946495056152344,33.94735336303711,33.947689056396484,33.948577880859375,33.94962692260742,33.94902801513672,33.946712493896484,33.945255279541016,33.94462203979492,33.944786071777344,33.9453239440918,33.94474411010742,33.942806243896484,33.93842697143555,33.93214416503906,33.9245491027832,33.91689682006836,33.90940856933594,33.90343475341797,33.89664077758789,33.890323638916016,33.881526947021484,33.8719482421875,33.85973358154297,33.84709167480469,33.835350036621094,33.82643127441406,33.82029342651367,33.817787170410156,33.817562103271484,33.81950759887695,33.826080322265625,33.83612060546875,33.8509407043457,33.868011474609375,33.88859939575195,33.909175872802734,33.930702209472656,33.949440002441406,33.95970916748047,33.963157653808594
33.821292877197266,33.75503158569336,33.7304801940918,33.74972915649414,33.79072952270508,33.84691619873047,33.88664245605469,33.90435791015625,33.91724395751953,33.92333984375,33.92887878417969,33.93257141113281,33.93684768676758,33.94069290161133,33.94540023803711,33.949867248535156,33.95454788208008,33.95823669433594,33.96063995361328,33.96099090576172,33.95877456665039,33.95420455932617,33.94795227050781,33.941062927246094,33.93391799926758,33.927772521972656,33.9207649230957,33.91416549682617,33.906150817871094,33.89822006225586,33.88762283325195,33.876346588134766,33.864200592041016,33.85340118408203,33.84416961669922,33.83806228637695,33.83320617675781,33.830230712890625,33.83173370361328,33.837196350097656,33.848854064941406,33.864505767822266,33.884735107421875,33.90594482421875,33.927921295166016,33.94683837890625,33.957191467285156,33.9608154296875
33.664249420166016,33.6058235168457,33.588035583496094,33.61539077758789,33.67102813720703,33.74533462524414,33.79994583129883,33.825157165527344,33.84634780883789,33.86000061035156,33.8718376159668,33.88017654418945,33.89031219482422,33.90082550048828,33.91299819946289,33.925132751464844,33.93718338012695,33.947509765625,33.95576858520508,33.960914611816406,33.96273422241211,33.9611930847168,33.957122802734375,33.951419830322266,33.94478225708008,33.93846130371094,33.931007385253906,33.92374801635742,33.915565490722656,33.907928466796875,33.89815902709961,33.888065338134766,33.87660217285156,33.865882873535156,33.85647964477539,33.85013961791992,33.844276428222656,33.839996337890625,33.83914566040039,33.84183120727539,33.85085678100586,33.86445617675781,33.882869720458984,33.90261459350586,33.92301940917969,33.94021987915039,33.94972610473633,33.953372955322266
33.57206344604492,null,null,null,null,null,33.7653923034668,33.790225982666016,33.80900192260742,33.823734283447266,33.83666229248047,33.845726013183594,33.8576545715332,33.87042999267578,33.886138916015625,33.90191650390625,33.91860580444336,33.933021545410156,33.94586944580078,33.954566955566406,33.95989227294922,33.96064758300781,33.9582405090332,33.953025817871094,33.94647216796875,33.93980407714844,33.93178176879883,33.92392349243164,33.91525650024414,33.90740966796875,33.897804260253906,33.8881950378418,33.87724685668945,33.86690902709961,33.858299255371094,33.852901458740234,33.848018646240234,33.844425201416016,33.84335708618164,33.844993591308594,33.852447509765625,33.86447525024414,33.88075256347656,33.89850997924805,33.91633987426758,33.931236267089844,33.939361572265625,33.94273376464844
33.52402114868164,null,null,null,null,null,33.7501335144043,33.78404235839844,33.7978630065918,33.80772399902344,33.816795349121094,33.82320785522461,33.833553314208984,33.845794677734375,33.86180877685547,33.87868881225586,33.897377014160156,33.914573669433594,33.93109893798828,33.944026947021484,33.9530143737793,33.95648193359375,33.955631256103516,33.95062255859375,33.943702697753906,33.93610382080078,33.92719650268555,33.91857147216797,33.9094352722168,33.90139389038086,33.89210510253906,33.883216857910156,33.873199462890625,33.86383819580078,33.856529235839844,33.85261917114258,33.84913635253906,33.8467903137207,33.845947265625,33.846763610839844,33.852577209472656,33.86227035522461,33.875308990478516,33.88930892944336,33.903072357177734,33.91407775878906,33.920143127441406,33.92298889160156
33.544334411621094,null,null,null,null,null,33.74134826660156,33.76475143432617,33.778629302978516,33.78489685058594,33.79145050048828,33.79695129394531,33.80622863769531,33.81763458251953,33.83370590209961,33.851558685302734,33.87221908569336,33.891910552978516,33.9119873046875,33.928916931152344,33.94204330444336,33.94904708862305,33.950069427490234,33.9449462890625,33.93689727783203,33.92750549316406,33.91761779785156,33.90902328491211,33.9003791809082,33.893150329589844,33.88504409790039,33.87746810913086,33.86907958984375,33.861385345458984,33.855445861816406,33.85237503051758,33.8494987487793,33.84743881225586,33.846519470214844,33.84696960449219,33.85087585449219,33.85755920410156,33.86622619628906,33.87530517578125,33.884033203125,33.8907585144043,33.89448165893555,33.89674377441406
null,null,null,null,33.68136978149414,33.705684661865234,33.72771072387695,33.748294830322266,33.762786865234375,33.76859664916992,33.77416229248047,33.7786865234375,33.7864990234375,33.796329498291016,33.81085205078125,33.82758331298828,33.84917068481445,33.87177276611328,33.89585876464844,33.916690826416016,33.93305206298828,33.94194412231445,33.941986083984375,33.93355941772461,33.92310333251953,33.91252899169922,33.90288543701172,33.89576721191406,33.88917922973633,33.884307861328125,33.87845993041992,33.87267303466797,33.86634826660156,33.860633850097656,33.85563278198242,33.85224914550781,33.84855270385742,33.845191955566406,33.84325408935547,33.8431282043457,33.84480667114258,33.84804153442383,33.85243225097656,33.85717010498047,33.861900329589844,33.86572265625,33.867835998535156,33.86956024169922
null,null,null,null,33.685176849365234,33.708946228027344,33.731964111328125,33.7501220703125,33.76237487792969,33.766868591308594,33.77088165283203,33.7735481262207,33.780643463134766,33.790462493896484,33.80362319946289,33.8173828125,33.83863067626953,33.86357498168945,33.8903694152832,33.91480255126953,33.930850982666016,33.93610763549805,33.93193054199219,33.918907165527344,33.90645217895508,33.896629333496094,33.887855529785156,33.88188552856445,33.877105712890625,33.87454605102539,33.870994567871094,33.867191314697266,33.86290740966797,33.85896301269531,33.85482406616211,33.851253509521484,33.846797943115234,33.84221267700195,33.83879089355469,33.83708953857422,33.83599090576172,33.83564376831055,33.83624267578125,33.837623596191406,33.83938217163086,33.84116744995117,33.8421516418457,33.84321594238281
null,null,null,null,33.700904846191406,33.72841262817383,33.750633239746094,33.76344680786133,33.771522521972656,33.773014068603516,33.775718688964844,33.779117584228516,33.78750228881836,33.7995719909668,33.81308364868164,33.825721740722656,33.84588623046875,33.86981201171875,33.896148681640625,33.91983413696289,33.93259048461914,33.931724548339844,33.923683166503906,33.90977096557617,33.89705276489258,33.88790512084961,33.87946701049805,33.873226165771484,33.86882400512695,33.86701965332031,33.86467742919922,33.86225509643555,33.85926818847656,33.8563232421875,33.852874755859375,33.849586486816406,33.8451042175293,33.84026336669922,33.83592987060547,33.832855224609375,33.82975769042969,33.82710647583008,33.82537841796875,33.82477569580078,33.82474899291992,33.82521057128906,33.82548904418945,33.82600021362305
null,null,null,null,33.71928787231445,33.75599670410156,33.775840759277344,33.7824821472168,33.78493881225586,33.78322982788086,33.78518295288086,33.79053497314453,33.80141830444336,33.81570053100586,33.83059310913086,33.843326568603516,33.86204528808594,33.883480072021484,33.90568542480469,33.92498016357422,33.93319320678711,33.92913818359375,33.9205207824707,33.90884017944336,33.897483825683594,33.888370513916016,33.87946319580078,33.872413635253906,33.86698913574219,33.864295959472656,33.861488342285156,33.85918426513672,33.85633087158203,33.85349655151367,33.85017013549805,33.84697723388672,33.8425407409668,33.837677001953125,33.83293533325195,33.82920455932617,33.825199127197266,33.82168960571289,33.81900405883789,33.81766128540039,33.816856384277344,33.8167610168457,33.81669998168945,33.81690979003906
null,null,null,null,33.70234298706055,33.79668045043945,33.8055419921875,33.803707122802734,33.8009033203125,33.797176361083984,33.798500061035156,33.80448532104492,33.81707000732422,33.834102630615234,33.85039520263672,33.862945556640625,33.879459381103516,33.89692687988281,33.91294860839844,33.92461395263672,33.92820358276367,33.922935485839844,33.9157600402832,33.90794372558594,33.899234771728516,33.891212463378906,33.8828010559082,33.87539291381836,33.86888122558594,33.86430740356445,33.860172271728516,33.857154846191406,33.85374069213867,33.85053253173828,33.8469123840332,33.84352111816406,33.838829040527344,33.83367919921875,33.828426361083984,33.82401657104492,33.819427490234375,33.81546401977539,33.812408447265625,33.81078338623047,33.80973434448242,33.809417724609375,33.80925750732422,33.80955505371094
