earth/public/data/ocean/W07/ANN-ocevel-depthz-0m-gfs-1.0.json
{"header": {"discipline": 0, "disciplineName": "Meteorological products", "gribEdition": 2, "gribLength": 131138.0, "center": 0, "centerName": "Kiel Climate Model", "subcenter": 0, "refTime": "1", "significanceOfRT": 1, "significanceOfRTName": "Start of forecast", "productStatus": 0, "productStatusName": "Operational products", "productType": 1, "productTypeName": "Forecast products", "productDefinitionTemplate": 0, "productDefinitionTemplateName": "Analysis/forecast at horizontal level/layer at a point in time", "parameterCategory": 2, "parameterCategoryName": "Momentum", "parameterNumber": 2, "parameterNumberName": "U-component_of_wind", "parameterUnit": "m/s", "genProcessType": 2, "genProcessTypeName": "Forecast", "forecastTime": 0, "surface1Type": 103, "surface1TypeName": "Specified height level above ground", "surface1Value": 10, "surface2Type": 255, "surface2TypeName": "Missing", "surface2Value": 0, "gridDefinitionTemplate": 0, "gridDefinitionTemplateName": "Latitude_Longitude", "numberPoints": 65160, "shape": 6, "shapeName": "Earth spherical with radius of 6,371,229.0 m", "gridUnits": "degrees", "resolution": 48, "winds": "true", "scanMode": 0, "nx": 360.0, "ny": 180.0, "basicAngle": 0, "subDivisions": 0, "lo1": 0.0, "la1": -89.5, "lo2": 359.0, "la2": 89.5, "dx": 1.0, "dy": -1.0}, "data":
[rows 60 to 79 of 180, columns 0 to 44 of 360]
-0.0279996357858181,-0.030313674360513687,-0.033399179577827454,-0.03674280643463135,-0.04089253023266792,-0.04512440040707588,-0.05011577904224396,-0.054939448833465576,-0.060998108237981796,-0.06717968732118607,-0.07367996871471405,-0.0792759358882904,-0.08164221793413162,-0.08028124272823334,-0.06808669865131378,-0.046897705644369125,-0.03284287452697754,-0.03054431453347206,-0.025832587853074074,null,null,null,null,null,null,null,null,null,null,null,-0.09655771404504776,-0.08009807020425797,-0.09550385922193527,-0.12185093760490417,-0.112192302942276,-0.0680467039346695,-0.03327777609229088,-0.01552197802811861,-0.02385571040213108,-0.05681094899773598,-0.06568005681037903,-0.049005940556526184,-0.042860712856054306,-0.04808104783296585,-0.050036076456308365
-0.03030000627040863,-0.03330930694937706,-0.03680369630455971,-0.040133535861968994,-0.044294726103544235,-0.04855950549244881,-0.052979085594415665,-0.05681684613227844,-0.06271839886903763,-0.06962404400110245,-0.07605694979429245,-0.08081655204296112,-0.08294401317834854,-0.08202137798070908,-0.06488122045993805,-0.035011209547519684,-0.018480097874999046,-0.02391238883137703,-0.019949819892644882,null,null,null,null,null,null,null,null,null,null,null,-0.09749212861061096,-0.08539894223213196,-0.08627448976039886,-0.08801518380641937,-0.09169477224349976,-0.09471750259399414,-0.07311433553695679,-0.03013315610587597,-0.021062800660729408,-0.05023660883307457,-0.055980484932661057,-0.03787907958030701,-0.028289441019296646,-0.02919638529419899,-0.030787477269768715
-0.03265397250652313,-0.03628166392445564,-0.03993326798081398,-0.04295913875102997,-0.04680336266756058,-0.050738170742988586,-0.05442143231630325,-0.05711653083562851,-0.06287167966365814,-0.07062719017267227,-0.07740039378404617,-0.08199073374271393,-0.08446075022220612,-0.0843924805521965,-0.06316836178302765,-0.024276064708828926,null,null,null,null,null,null,null,null,null,null,null,null,null,null,null,null,null,-0.07079329341650009,-0.10259463638067245,-0.16542506217956543,-0.1513015180826187,-0.06347189098596573,-0.02487548626959324,-0.039845630526542664,-0.0386706218123436,-0.02093510515987873,-0.008691813796758652,-0.003925561439245939,-0.0026004386600106955
-0.0350889228284359,-0.038756225258111954,-0.0420931801199913,-0.04455503448843956,-0.04774805158376694,-0.05116153508424759,-0.05418388172984123,-0.05629877746105194,-0.062434058636426926,-0.07140331715345383,-0.07819017022848129,-0.08158951997756958,-0.08073760569095612,-0.07632377743721008,-0.057608697563409805,-0.020098965615034103,null,null,null,null,null,null,null,null,null,null,null,null,null,null,null,null,null,-0.06576075404882431,-0.11549080908298492,-0.20593641698360443,-0.18935996294021606,-0.06982693821191788,-0.009017547592520714,-0.01866944506764412,-0.016701726242899895,-0.0029632786754518747,0.006506532430648804,0.01064738817512989,0.013868090696632862
-0.0371585339307785,-0.04028667137026787,-0.04294200614094734,-0.04457978531718254,-0.04700442776083946,-0.04970523342490196,-0.05236237123608589,-0.054459523409605026,-0.06137475371360779,-0.07192164659500122,-0.07839095592498779,-0.07957758009433746,-0.07284656167030334,-0.058887261897325516,-0.046280018985271454,-0.03394591435790062,null,null,null,null,null,null,null,null,null,null,null,null,null,null,null,null,null,-0.07828546315431595,-0.12552806735038757,-0.21139636635780334,-0.18325208127498627,-0.04516071081161499,0.023144276812672615,0.00992521457374096,0.006295225583016872,0.012405425310134888,0.014599117450416088,0.011815981939435005,0.015279768966138363
-0.039888933300971985,-0.0422411784529686,-0.04389125108718872,-0.04462949186563492,-0.0461578331887722,-0.04826435074210167,-0.05109750106930733,-0.05408230051398277,-0.06219405680894852,-0.07384751737117767,-0.07901369035243988,-0.07692185044288635,-0.06305930018424988,-0.04049256816506386,-0.028055464848876,-0.02540319226682186,null,null,null,null,null,null,null,null,null,null,null,null,null,null,null,null,null,null,null,null,-0.15956833958625793,-0.012652978301048279,0.042133133858442307,0.025542492046952248,0.01746666245162487,0.01953870616853237,0.018205657601356506,0.01358278002589941,0.016221487894654274
-0.04285421594977379,-0.04419384524226189,-0.04485010728240013,-0.04461333528161049,-0.045416221022605896,-0.04704683646559715,-0.0505385547876358,-0.055316388607025146,-0.06464240700006485,-0.07693135738372803,-0.08024317771196365,-0.07380714267492294,-0.053937800228595734,-0.023701688274741173,-0.007097227033227682,-0.012583347968757153,null,null,null,null,null,null,null,null,null,null,null,null,null,null,null,null,null,null,null,null,-0.04365535080432892,0.027737345546483994,0.04480300843715668,0.025036374107003212,0.015148516744375229,0.016772499307990074,0.016837671399116516,0.015459295362234116,0.016540560871362686
-0.048600777983665466,-0.04928005486726761,-0.04934532195329666,-0.04878390580415726,-0.0494559071958065,-0.051193028688430786,-0.05570465698838234,-0.06207583472132683,-0.07160380482673645,-0.08263599872589111,-0.08333739638328552,-0.07380740344524384,-0.04820597544312477,-0.011510351672768593,0.008734230883419514,-0.004902270156890154,null,null,null,null,null,null,null,null,null,null,null,null,null,null,null,null,null,null,null,null,-0.01977269910275936,0.02882685698568821,0.02451295591890812,0.013775976374745369,0.007941755466163158,0.007292144000530243,0.009061162360012531,0.012796123512089252,0.015047186985611916
-0.060499515384435654,-0.060792338103055954,-0.06109637767076492,-0.06132231280207634,-0.06302673369646072,-0.06586629897356033,-0.0709652230143547,-0.07755986601114273,-0.08257444202899933,-0.08556827157735825,-0.07811179757118225,-0.06219160556793213,-0.03939380124211311,-0.006269450299441814,0.01584128849208355,-0.00197302782908082,null,null,null,null,null,null,null,null,null,null,null,null,null,null,null,null,null,-0.03716367110610008,-0.05896097794175148,0.004362051375210285,-0.021463824436068535,-0.05811326205730438,-0.06424898654222488,-0.045538194477558136,-0.03362985700368881,-0.03130028024315834,-0.021272320300340652,-0.006271140184253454,0.0021470675710588694
-0.07256706058979034,-0.07254910469055176,-0.0732416957616806,-0.07455374300479889,-0.07743771374225616,-0.08144880086183548,-0.0864158421754837,-0.0913669541478157,-0.08979538083076477,-0.08143600076436996,-0.06304586678743362,-0.03711084648966789,-0.018857117742300034,-0.011775852181017399,-0.001856399467214942,-0.018132757395505905,null,null,null,null,null,null,null,null,null,null,null,null,null,null,null,null,null,-0.04264377802610397,-0.0635165348649025,-0.006125352345407009,-0.05616598203778267,-0.14924955368041992,-0.17463862895965576,-0.12888525426387787,-0.0965452790260315,-0.08210863173007965,-0.05985339358448982,-0.032793037593364716,-0.018274234607815742
-0.07698051631450653,-0.07691068947315216,-0.07808282226324081,-0.0802459791302681,-0.08409499377012253,-0.08886338025331497,-0.0931047648191452,-0.09608913958072662,-0.09078933298587799,-0.07818295061588287,-0.05402937904000282,-0.02273561991751194,-0.0054894923232495785,null,null,null,null,null,null,null,null,null,null,null,null,null,null,null,null,null,null,null,null,null,null,null,-0.07396331429481506,-0.1649804562330246,-0.18581709265708923,-0.15187932550907135,-0.12585069239139557,-0.1101173385977745,-0.08230523020029068,-0.04728013649582863,-0.027840139344334602
-0.07708313316106796,-0.07706629484891891,-0.07865440100431442,-0.08159652352333069,-0.08617877960205078,-0.09163470566272736,-0.09542330354452133,-0.0968145951628685,-0.09136059135198593,-0.08003891259431839,-0.055715445429086685,-0.02279718592762947,-0.004726703278720379,null,null,null,null,null,null,null,null,null,null,null,null,null,null,null,null,null,null,null,null,null,null,null,-0.08651997894048691,-0.10442334413528442,-0.11635687947273254,-0.1224752739071846,-0.1222563236951828,-0.11808616667985916,-0.09237497299909592,-0.04998848959803581,-0.026852117851376534
-0.07172994315624237,-0.07135020196437836,-0.0726795643568039,-0.07555336505174637,-0.07989463955163956,-0.08501724153757095,-0.08761920779943466,-0.08736606687307358,-0.08253053575754166,-0.07388406991958618,-0.05222875624895096,-0.021082209423184395,-0.004084313288331032,null,null,null,null,null,null,null,null,null,null,null,null,null,null,null,null,null,null,null,null,null,null,null,-0.06679631769657135,-0.06477459520101547,-0.07894430309534073,-0.10551249235868454,-0.10991085320711136,-0.09711052477359772,-0.07075957953929901,-0.0334988571703434,-0.014715060591697693
-0.06192725524306297,-0.06076871231198311,-0.06125086918473244,-0.06320904940366745,-0.06641543656587601,-0.0701838806271553,-0.07126088440418243,-0.06931198388338089,-0.06566143035888672,-0.0610806867480278,-0.0440421923995018,-0.018063567578792572,-0.0036426219157874584,null,null,null,null,null,null,null,null,null,null,null,null,null,null,null,null,null,null,null,null,null,null,null,null,null,-0.0564248263835907,-0.0698079839348793,-0.07260748744010925,-0.039460256695747375,-0.020923148840665817,-0.001275335787795484,0.0027673898730427027
-0.053528331220149994,-0.05192369967699051,-0.05141898989677429,-0.052178479731082916,-0.053634557873010635,-0.05568451061844826,-0.05527770519256592,-0.052574288100004196,-0.05014098063111305,-0.04834349453449249,-0.035050347447395325,-0.012530711479485035,-0.00023585307644680142,null,null,null,null,null,null,null,null,null,null,null,null,null,null,null,null,null,null,null,null,null,null,null,null,null,-0.03516237065196037,-0.04731033742427826,-0.04937591776251793,0.005515236407518387,0.00982544757425785,0.01777787134051323,0.009938160888850689
-0.048100799322128296,-0.04638279229402542,-0.04508051648736,-0.04435824230313301,-0.044032029807567596,-0.04399915412068367,-0.04264429584145546,-0.04012760519981384,-0.03853806108236313,-0.03824137523770332,-0.026573654264211655,-0.005804067477583885,0.005710147321224213,null,null,null,null,null,null,null,null,null,null,null,null,null,null,null,null,null,null,null,null,null,null,null,null,null,-0.029364801943302155,-0.04092121496796608,-0.04289650544524193,0.015699144452810287,0.016958771273493767,0.019133323803544044,0.009560618549585342
-0.045938655734062195,-0.04408979043364525,-0.041201263666152954,-0.03796610236167908,-0.0343964621424675,-0.03147076815366745,-0.02835266664624214,-0.025790059939026833,-0.02544650249183178,-0.027272382751107216,-0.019407089799642563,-0.0028523197397589684,0.005425295792520046,0.0038331407122313976,0.003756934078410268,-0.005711171310395002,null,null,null,null,null,null,null,null,null,null,null,null,null,null,null,null,null,null,null,null,null,null,-0.02864079177379608,-0.03968096151947975,-0.04164127632975578,0.01528406236320734,0.007573969662189484,-0.005190713331103325,-0.023393115028738976
-0.04944076016545296,-0.04698909819126129,-0.04116889834403992,-0.03303501009941101,-0.02428547479212284,-0.016417544335126877,-0.01033357996493578,-0.0071065425872802734,-0.006581279914826155,-0.009179705753922462,-0.005179610103368759,0.004135060124099255,0.007280844729393721,0.0029223384335637093,-0.000395421520806849,-0.009138989262282848,null,null,null,null,null,null,null,null,null,null,null,null,null,null,null,null,null,null,null,null,null,null,-0.037286143749952316,-0.048071153461933136,-0.050277575850486755,-0.005436238367110491,-0.0360172875225544,-0.09096499532461166,-0.12936745584011078
-0.05393308773636818,-0.05049834027886391,-0.04176126793026924,-0.029145963490009308,-0.01562824845314026,-0.003430061275139451,0.005473610013723373,0.009611670859158039,0.011754853650927544,0.011727822944521904,0.014312008395791054,0.019165854901075363,0.01653268374502659,0.0065378728322684765,0.0012228284031152725,-0.00872109830379486,null,null,null,null,null,null,null,null,null,null,null,null,null,null,null,null,null,null,null,null,null,null,-0.04700163006782532,-0.05774521082639694,-0.060411471873521805,-0.029579201713204384,-0.08526942878961563,-0.1884322613477707,-0.24700835347175598
-0.05429348722100258,-0.049999479204416275,-0.039965055882930756,-0.0260467529296875,-0.011420772410929203,0.0013215281069278717,0.010695504024624825,0.015073293820023537,0.019075481221079826,0.021907059475779533,0.02662944607436657,0.032188352197408676,0.028475472703576088,null,null,null,null,null,null,null,null,null,null,null,null,null,null,null,null,null,null,null,null,null,null,null,null,null,-0.06494002789258957,-0.07597316056489944,-0.0794302448630333,-0.07215388119220734,-0.1380896270275116,-0.2572723925113678,-0.3189820647239685
