earth/public/data/ocean/W07/ANN-vosaline-depthz-3000m-gfs-1.0.json
{"header": {"discipline": 0, "disciplineName": "Meteorological products", "gribEdition": 2, "gribLength": 131138.0, "center": 0, "centerName": "Kiel Climate Model", "subcenter": 0, "refTime": "1", "significanceOfRT": 1, "significanceOfRTName": "Start of forecast", "productStatus": 0, "productStatusName": "Operational products", "productType": 1, "productTypeName": "Forecast products", "productDefinitionTemplate": 0, "productDefinitionTemplateName": "Analysis/forecast at horizontal level/layer at a point in time", "parameterCategory": 2, "parameterCategoryName": "Momentum", "parameterNumber": 2, "parameterNumberName": "U-component_of_wind", "parameterUnit": "PSU", "genProcessType": 2, "genProcessTypeName": "Forecast", "forecastTime": 0, "surface1Type": 103, "surface1TypeName": "Specified height level above ground", "surface1Value": 10, "surface2Type": 255, "surface2TypeName": "Missing", "surface2Value": 0, "gridDefinitionTemplate": 0, "gridDefinitionTemplateName": "Latitude_Longitude", "numberPoints": 65160, "shape": 6, "shapeName": "Earth spherical with radius of 6,371,229.0 m", "gridUnits": "degrees", "resolution": 48, "winds": "true", "scanMode": 0, "nx": 360.0, "ny": 180.0, "basicAngle": 0, "subDivisions": 0, "lo1": 0.0, "la1": -89.5, "lo2": 359.0, "la2": 89.5, "dx": 1.0, "dy": -1.0}, "data":
[rows 22 to 43 of 180, columns 153 to 203 of 360]
null,null,null,null,null,null,34.744754791259766,34.745262145996094,34.74604034423828,34.746646881103516,null,null,null,null,null,null,34.75164031982422,34.751914978027344,34.75211715698242,34.752342224121094,34.75252914428711,34.752723693847656,34.75287628173828,34.753108978271484,34.75337219238281,34.75373458862305,34.754119873046875,34.75458908081055,34.75505447387695,34.75545120239258,34.75572204589844,34.75605392456055,34.75638961791992,34.75657653808594,34.75668716430664,34.75688552856445,34.757102966308594,34.75729751586914,34.75749206542969,34.75765609741211,34.75780487060547,34.757911682128906,34.757999420166016,34.7580451965332,34.7580680847168,34.758060455322266,34.758033752441406,34.75799560546875,34.75795364379883,34.75791549682617,34.75788116455078
null,null,null,null,34.74249267578125,34.74314880371094,34.743675231933594,34.74409484863281,null,null,null,null,34.74822235107422,34.74879455566406,34.749210357666016,34.749935150146484,34.750633239746094,34.751068115234375,34.751277923583984,34.75146484375,34.75160217285156,34.75177001953125,34.75193786621094,34.75221252441406,34.752540588378906,34.75288772583008,34.753196716308594,34.753631591796875,34.75422286987305,34.754432678222656,34.75415802001953,34.75422286987305,34.75459671020508,34.75479507446289,34.75504684448242,34.75548553466797,34.755950927734375,34.75633239746094,34.75669479370117,34.75696563720703,34.75722885131836,34.75743865966797,34.75761795043945,34.75773239135742,34.7578125,34.757843017578125,34.75785446166992,34.75784683227539,34.757835388183594,34.75782775878906,34.7578239440918
34.7379035949707,34.73869323730469,34.73945236206055,34.740570068359375,34.7415771484375,34.742225646972656,34.74258804321289,34.742889404296875,34.74312973022461,34.743743896484375,34.74460220336914,34.74578094482422,34.74681854248047,34.747581481933594,34.74813461303711,34.748756408691406,34.74934387207031,34.74985885620117,34.75020980834961,34.75047302246094,34.75059509277344,34.750797271728516,34.75103759765625,34.75141143798828,34.75194549560547,34.75244140625,34.75265121459961,34.752655029296875,null,null,34.7520866394043,34.7522087097168,34.752471923828125,34.752620697021484,34.75296401977539,34.753623962402344,34.75423812866211,34.7547492980957,34.755287170410156,34.755760192871094,34.75627517700195,34.756717681884766,34.757080078125,34.75727844238281,34.75741958618164,34.75747299194336,34.75751876831055,34.75754165649414,34.75756072998047,34.757572174072266,34.75760269165039
34.73661804199219,34.737510681152344,34.73826217651367,34.73921585083008,34.74044418334961,34.74165344238281,34.742156982421875,34.742584228515625,34.74297332763672,34.74349594116211,34.74406433105469,34.74466323852539,34.74517822265625,34.74586868286133,34.74677658081055,34.74776840209961,34.74843215942383,34.749019622802734,34.749473571777344,34.74974822998047,34.74980926513672,34.74995803833008,34.75019454956055,34.75041580200195,null,null,null,null,34.75041580200195,34.75045394897461,34.75078201293945,34.75102615356445,34.7512092590332,34.751304626464844,34.75154113769531,34.751953125,34.75238800048828,34.75274658203125,34.75328063964844,34.75390625,34.754703521728516,34.75575637817383,34.756629943847656,34.75690460205078,34.75680160522461,34.75648498535156,34.75636291503906,34.756431579589844,34.756492614746094,34.75653839111328,34.75664138793945
34.735652923583984,34.736488342285156,34.737403869628906,34.73817443847656,null,null,34.74224853515625,34.74300765991211,34.74380874633789,34.744384765625,34.74472427368164,34.74505615234375,34.74529266357422,34.74552917480469,null,null,null,null,null,null,34.749717712402344,34.74978256225586,34.74989700317383,34.74998474121094,34.75003433227539,34.7501106262207,34.75020217895508,34.750308990478516,34.750396728515625,34.75052261352539,34.75068664550781,34.750858306884766,34.75101089477539,34.751094818115234,34.75117111206055,34.75130844116211,34.75148010253906,34.751644134521484,34.75199890136719,34.75246810913086,34.75300979614258,null,null,null,null,34.754661560058594,34.75468826293945,34.75480651855469,34.754920959472656,34.755008697509766,34.75518035888672
34.73667907714844,34.73762130737305,34.73868179321289,34.73923873901367,null,null,null,null,34.746219635009766,34.746742248535156,34.747093200683594,34.74739456176758,34.747589111328125,34.74799346923828,null,null,34.75068664550781,34.75064468383789,34.75059509277344,34.75050735473633,34.75041580200195,34.75041580200195,34.75049591064453,34.7505989074707,34.750701904296875,34.75080108642578,34.75088119506836,34.75096893310547,34.75105667114258,34.75114440917969,34.751224517822266,34.75131607055664,34.75139617919922,34.751441955566406,34.751495361328125,34.751590728759766,34.7516975402832,34.75180435180664,34.75199508666992,34.75223922729492,34.752479553222656,34.752716064453125,34.752933502197266,34.753028869628906,34.753273010253906,34.7535514831543,34.753753662109375,34.753910064697266,34.75406265258789,34.754188537597656,34.75437545776367
34.73926544189453,34.740142822265625,34.74076843261719,34.74160385131836,null,null,null,null,34.748775482177734,34.749019622802734,34.749454498291016,34.749900817871094,34.750274658203125,34.75071334838867,34.751224517822266,34.751522064208984,34.751441955566406,34.75140380859375,34.751426696777344,34.751487731933594,34.75157928466797,34.75169372558594,34.75180435180664,34.75191879272461,34.75202178955078,34.752105712890625,34.752159118652344,34.75220489501953,34.752227783203125,34.75225067138672,34.752262115478516,34.75228500366211,34.7523078918457,34.752323150634766,34.75234603881836,34.75239181518555,34.7524528503418,34.75252151489258,34.752628326416016,34.75275802612305,34.752906799316406,34.753047943115234,34.753173828125,34.753265380859375,34.753414154052734,34.75359344482422,34.75377655029297,34.753929138183594,34.75408935546875,34.75423049926758,34.754390716552734
34.742488861083984,34.743003845214844,34.74341583251953,34.74459457397461,34.74674987792969,34.748722076416016,34.74965286254883,34.750335693359375,34.75066375732422,34.751094818115234,34.75166320800781,34.75221633911133,34.75266647338867,34.75296401977539,34.7530517578125,34.753108978271484,34.75311279296875,34.753135681152344,34.753177642822266,34.75324630737305,34.75334167480469,34.75343322753906,34.753517150878906,34.75359344482422,34.75365447998047,34.753692626953125,34.75370407104492,34.75368881225586,34.75365447998047,34.75361251831055,34.753562927246094,34.75352478027344,34.75350570678711,34.75349426269531,34.75349044799805,34.75347900390625,34.753482818603516,34.75349426269531,34.75352096557617,34.75355529785156,34.753604888916016,34.753658294677734,34.75372314453125,34.7537841796875,34.75387191772461,34.753971099853516,34.75408935546875,34.75419998168945,34.75432586669922,34.75444412231445,34.75457763671875
34.747127532958984,34.747501373291016,34.74822235107422,34.749176025390625,34.7502326965332,34.75115203857422,34.75178527832031,34.75251388549805,34.75318908691406,34.75393295288086,34.754600524902344,34.75517654418945,34.75554656982422,34.75574493408203,34.75572967529297,34.75566864013672,34.75557327270508,34.7554931640625,34.75544738769531,34.75541687011719,34.755409240722656,34.755401611328125,34.75539016723633,34.755374908447266,34.75535583496094,34.75531768798828,34.75526809692383,34.75519561767578,34.75511169433594,34.75501251220703,34.75491714477539,34.75483322143555,34.75476837158203,34.754737854003906,34.75470733642578,34.75465393066406,34.75459671020508,34.754554748535156,34.754512786865234,34.754486083984375,34.754459381103516,34.75444793701172,34.75444030761719,34.75444412231445,34.75446319580078,34.754493713378906,34.75453186035156,34.754581451416016,34.75464630126953,34.75471878051758,34.75481033325195
34.753055572509766,34.75340270996094,34.75400924682617,34.75407791137695,34.753501892089844,34.753719329833984,34.75457000732422,34.75541305541992,34.7562255859375,34.75697326660156,34.757537841796875,34.757957458496094,34.758174896240234,34.75825881958008,34.75819396972656,34.75807571411133,34.75791931152344,34.75776672363281,34.757633209228516,34.75749588012695,34.75737380981445,34.75723648071289,34.757110595703125,34.75697708129883,34.75686264038086,34.75674057006836,34.756629943847656,34.75650405883789,34.75638198852539,34.75624465942383,34.75612258911133,34.75599670410156,34.75589370727539,34.75584030151367,34.75579071044922,34.755699157714844,34.7556037902832,34.755516052246094,34.755428314208984,34.755348205566406,34.75526428222656,34.75519561767578,34.755126953125,34.75507354736328,34.75502014160156,34.75497817993164,34.754940032958984,34.754913330078125,34.75490951538086,34.75493240356445,34.7549934387207
34.75835037231445,34.75852584838867,34.7586669921875,34.758338928222656,null,null,34.7575569152832,34.758270263671875,34.758968353271484,34.75934982299805,34.759376525878906,34.75939178466797,34.75940704345703,34.759342193603516,34.75921630859375,34.75910186767578,34.75902557373047,34.75896072387695,34.7588996887207,34.7588005065918,34.7586669921875,34.75850296020508,34.75832748413086,34.758140563964844,34.757965087890625,34.75778579711914,34.75762939453125,34.75746536254883,34.75731658935547,34.75715637207031,34.757015228271484,34.756866455078125,34.756736755371094,34.75666427612305,34.7566032409668,34.75648880004883,34.75636291503906,34.756248474121094,34.756126403808594,34.75601577758789,34.75589370727539,34.75578689575195,34.75566864013672,34.75556564331055,34.75545120239258,34.755348205566406,34.75523376464844,34.75513458251953,34.755062103271484,34.755027770996094,34.75504684448242
34.761573791503906,34.76156234741211,34.76152038574219,34.761512756347656,null,null,34.76033020019531,34.760467529296875,34.760719299316406,34.760520935058594,34.75987243652344,34.75946044921875,34.759342193603516,34.75914764404297,34.758907318115234,34.75882339477539,34.75890350341797,34.759010314941406,34.75913619995117,34.75917434692383,34.75912857055664,34.759029388427734,34.75889587402344,34.75871658325195,34.7585334777832,34.75833511352539,34.75815963745117,34.75797653198242,34.757816314697266,34.75764465332031,34.75749588012695,34.75733947753906,34.757198333740234,34.757118225097656,34.757049560546875,34.75692367553711,34.75678253173828,34.756656646728516,34.75651931762695,34.75639343261719,34.756256103515625,34.756126403808594,34.7559814453125,34.7558479309082,34.75569534301758,34.75555419921875,34.755393981933594,34.755245208740234,34.75511932373047,34.755035400390625,34.75501251220703
34.762908935546875,34.76284408569336,34.762821197509766,34.7628059387207,null,null,34.76142120361328,34.76132583618164,34.761165618896484,34.76041793823242,34.7592658996582,34.75871276855469,34.758880615234375,34.75885772705078,34.758548736572266,34.758262634277344,34.75811767578125,34.758148193359375,34.75835418701172,34.7585334777832,34.758644104003906,34.75873947143555,34.75878143310547,34.75873565673828,34.75859069824219,34.7584342956543,34.75828552246094,34.758121490478516,34.75796127319336,34.7578010559082,34.757659912109375,34.75750732421875,34.757362365722656,34.757286071777344,34.75721740722656,34.7570915222168,34.75695037841797,34.7568244934082,34.756683349609375,34.75655746459961,34.756412506103516,34.75627517700195,34.7561149597168,34.75596237182617,34.75578689575195,34.755619049072266,34.75542449951172,34.7552490234375,34.75508117675781,34.75495910644531,34.75489044189453
34.763519287109375,34.76341247558594,34.76339340209961,34.76331329345703,null,null,34.76193618774414,34.761409759521484,34.76057434082031,34.759212493896484,34.7575569152832,34.75686264038086,null,null,null,null,34.7572021484375,34.757164001464844,34.75735092163086,34.75732421875,34.7571907043457,34.75736618041992,34.75784683227539,34.75814437866211,34.7581901550293,34.75819396972656,34.758140563964844,34.7580451965332,34.7579231262207,34.757789611816406,34.75767135620117,34.757530212402344,34.75739669799805,34.757320404052734,34.757259368896484,34.757144927978516,34.757015228271484,34.756893157958984,34.75675582885742,34.75663375854492,34.75648498535156,34.75633239746094,34.75615310668945,34.75597381591797,34.75575637817383,34.75554275512695,34.75530242919922,34.75507736206055,34.754852294921875,34.754669189453125,34.7545280456543
34.763668060302734,34.76356506347656,34.76354217529297,34.76335906982422,34.762939453125,34.76253128051758,34.76230239868164,34.760562896728516,34.75824737548828,34.75642013549805,34.75491714477539,34.754112243652344,null,null,null,null,null,null,null,null,34.755619049072266,34.75600051879883,34.75672912597656,34.757225036621094,34.75758361816406,34.75779342651367,34.7578239440918,34.75779724121094,34.75772476196289,34.757625579833984,34.75752258300781,34.75739288330078,34.757259368896484,34.75718688964844,34.75712966918945,34.75703048706055,34.75691223144531,34.75679016113281,34.75666046142578,34.75654220581055,34.756378173828125,34.756202697753906,34.755977630615234,34.75575256347656,34.755470275878906,34.75518035888672,34.754859924316406,34.75456619262695,34.75425720214844,34.75398254394531,34.75374221801758
34.762962341308594,34.76289367675781,34.76285934448242,34.76272201538086,34.76251983642578,34.762359619140625,null,null,34.7558708190918,34.7534065246582,34.75222396850586,34.75165939331055,null,null,null,null,null,null,null,null,null,null,34.75592041015625,34.756404876708984,34.75703811645508,34.75740051269531,34.75741195678711,34.75740051269531,34.757354736328125,34.75728225708008,34.7571907043457,34.757049560546875,34.75688171386719,34.75679397583008,34.75672912597656,34.756614685058594,34.75647735595703,34.75634765625,34.756202697753906,34.756072998046875,34.755882263183594,34.75566101074219,34.75537872314453,34.755088806152344,34.75471496582031,34.754329681396484,34.753910064697266,34.7535400390625,34.75313949584961,34.752784729003906,34.75244903564453
34.761749267578125,34.76171875,34.76166534423828,34.761619567871094,34.76158142089844,34.76152801513672,34.76148223876953,34.760459899902344,null,null,34.75142288208008,34.75004959106445,null,null,null,null,null,null,null,null,null,null,34.75551223754883,34.75593948364258,34.75674057006836,34.756805419921875,34.75633239746094,34.756187438964844,34.75632095336914,34.75642395019531,34.75645446777344,34.75637435913086,34.756187438964844,34.75608444213867,34.7559814453125,34.75579833984375,34.755619049072266,34.75546646118164,34.75529479980469,34.755126953125,34.7548828125,34.754608154296875,34.75425720214844,34.75389099121094,34.75342559814453,34.75294494628906,34.7524299621582,34.75196838378906,34.7514762878418,34.75104522705078,34.750606536865234
34.76072311401367,34.760719299316406,34.760684967041016,34.760684967041016,34.760719299316406,34.76077651977539,34.760841369628906,34.76094436645508,34.7611198425293,34.75983810424805,null,null,null,null,null,null,null,null,null,null,null,null,null,null,null,null,34.75442123413086,34.75444030761719,34.754920959472656,34.755313873291016,34.75556564331055,34.75560760498047,34.75544357299805,34.75535202026367,34.75521469116211,34.75495910644531,34.75473403930664,34.75457763671875,34.75437927246094,34.754173278808594,34.75388717651367,34.75357437133789,34.753173828125,34.752750396728516,34.752227783203125,34.751686096191406,34.751102447509766,34.750572204589844,34.75000762939453,34.74950408935547,34.748985290527344
34.76001739501953,34.760074615478516,34.76004409790039,34.76008605957031,34.76019287109375,34.760276794433594,34.760318756103516,34.760520935058594,34.76084899902344,34.760990142822266,null,null,null,null,null,null,null,null,null,null,null,null,null,null,null,null,34.75319290161133,34.75339126586914,34.75371551513672,34.75408935546875,34.75453186035156,34.75471878051758,34.754608154296875,34.754547119140625,34.754398345947266,34.75412368774414,34.753883361816406,34.75372314453125,34.753501892089844,34.753265380859375,34.75295639038086,34.75263214111328,34.752201080322266,34.75174331665039,34.75117874145508,34.750614166259766,34.74998092651367,34.74939727783203,34.7487678527832,34.74822235107422,34.747642517089844
34.7592887878418,34.75945281982422,34.759422302246094,34.75951385498047,34.759700775146484,34.759849548339844,34.759944915771484,34.76014709472656,34.76042556762695,34.76054763793945,34.7604866027832,34.760440826416016,null,null,null,null,null,null,null,null,null,null,null,null,null,null,null,null,34.75237274169922,34.75259780883789,34.75315475463867,34.75337600708008,34.75325012207031,34.753173828125,34.75302505493164,34.75275802612305,34.75251388549805,34.752342224121094,34.7520866394043,34.751792907714844,34.7514533996582,34.751136779785156,34.750675201416016,34.75015640258789,34.74953842163086,34.748931884765625,34.748207092285156,34.74749755859375,34.74676513671875,34.746150970458984,34.745506286621094
34.758697509765625,34.75895309448242,34.75901794433594,34.7591667175293,34.759376525878906,34.759559631347656,34.759674072265625,34.75986099243164,34.76007843017578,34.76021957397461,34.760257720947266,34.76028060913086,null,null,null,null,null,null,null,null,null,null,null,null,null,null,null,null,34.75071334838867,34.75111389160156,34.75157165527344,34.75171661376953,34.75151824951172,34.75141525268555,34.751251220703125,34.75096130371094,34.75067138671875,34.75044250488281,34.7501220703125,34.7497673034668,34.74941635131836,34.74913024902344,34.748653411865234,34.748077392578125,34.74738311767578,34.7466926574707,34.74578857421875,34.744834899902344,34.7439079284668,34.74317169189453,34.74241638183594
34.7585334777832,34.75880813598633,34.75895309448242,34.75913619995117,34.75932693481445,34.75950241088867,34.75963592529297,34.75979995727539,34.759971618652344,34.76008987426758,34.760135650634766,34.760162353515625,null,null,null,null,null,null,null,null,null,null,null,null,34.742252349853516,34.744022369384766,34.747344970703125,34.749427795410156,34.74987030029297,34.75020980834961,34.75046157836914,34.75050354003906,34.75033187866211,34.75023651123047,34.75005340576172,34.74972152709961,34.74934768676758,34.74899673461914,34.74860763549805,34.74824905395508,34.747920989990234,34.747684478759766,34.74722671508789,34.74663162231445,34.74588394165039,34.745113372802734,34.74403762817383,34.74285125732422,34.741729736328125,34.740875244140625,34.740020751953125
