earth/public/data/ocean/W07/ANN-votemper-depthz-500m-gfs-1.0.json
{"header": {"discipline": 0, "disciplineName": "Meteorological products", "gribEdition": 2, "gribLength": 131138.0, "center": 0, "centerName": "Kiel Climate Model", "subcenter": 0, "refTime": "1", "significanceOfRT": 1, "significanceOfRTName": "Start of forecast", "productStatus": 0, "productStatusName": "Operational products", "productType": 1, "productTypeName": "Forecast products", "productDefinitionTemplate": 0, "productDefinitionTemplateName": "Analysis/forecast at horizontal level/layer at a point in time", "parameterCategory": 2, "parameterCategoryName": "Momentum", "parameterNumber": 2, "parameterNumberName": "U-component_of_wind", "parameterUnit": "C", "genProcessType": 2, "genProcessTypeName": "Forecast", "forecastTime": 0, "surface1Type": 103, "surface1TypeName": "Specified height level above ground", "surface1Value": 10, "surface2Type": 255, "surface2TypeName": "Missing", "surface2Value": 0, "gridDefinitionTemplate": 0, "gridDefinitionTemplateName": "Latitude_Longitude", "numberPoints": 65160, "shape": 6, "shapeName": "Earth spherical with radius of 6,371,229.0 m", "gridUnits": "degrees", "resolution": 48, "winds": "true", "scanMode": 0, "nx": 360.0, "ny": 180.0, "basicAngle": 0, "subDivisions": 0, "lo1": 0.0, "la1": -89.5, "lo2": 359.0, "la2": 89.5, "dx": 1.0, "dy": -1.0}, "data":
[rows 66 to 87 of 180, columns 196 to 244 of 360]
9.264219284057617,9.2273588180542,9.195854187011719,9.161893844604492,9.132209777832031,9.09998607635498,9.071664810180664,9.039727210998535,9.010516166687012,8.979043006896973,8.951482772827148,8.922340393066406,8.897300720214844,8.870203971862793,8.846364974975586,8.818521499633789,8.792190551757812,8.761503219604492,8.732548713684082,8.700294494628906,8.671123504638672,8.640266418457031,8.6138277053833,8.585131645202637,8.559854507446289,8.530324935913086,8.502349853515625,8.469478607177734,8.438114166259766,8.403261184692383,8.371650695800781,8.337644577026367,8.307738304138184,8.274435997009277,8.244010925292969,8.208073616027832,8.173315048217773,8.132375717163086,8.092825889587402,8.048490524291992,8.00751781463623,7.962898254394531,7.9227681159973145,7.877964496612549,7.836600303649902,7.788658142089844,7.742794513702393,7.690147399902344,7.640202522277832
8.96824836730957,8.937899589538574,8.912148475646973,8.885329246520996,8.861795425415039,8.836870193481445,8.81456184387207,8.789334297180176,8.765294075012207,8.739486694335938,8.716196060180664,8.691819190979004,8.670452117919922,8.648046493530273,8.628353118896484,8.606047630310059,8.584798812866211,8.560563087463379,8.537280082702637,8.511734008789062,8.488072395324707,8.463447570800781,8.441887855529785,8.418716430664062,8.397770881652832,8.373421669006348,8.349750518798828,8.322016716003418,8.294912338256836,8.264760971069336,8.236726760864258,8.206278800964355,8.178728103637695,8.147721290588379,8.118767738342285,8.08450698852539,8.05107307434082,8.01175308227539,7.973577499389648,7.930580139160156,7.8904619216918945,7.846332550048828,7.806164741516113,7.761054992675781,7.7192182540893555,7.67075252532959,7.624488353729248,7.571197986602783,7.520580291748047
8.52840805053711,8.506184577941895,8.488054275512695,8.469173431396484,8.453170776367188,8.435964584350586,8.42090892791748,8.402931213378906,8.385483741760254,8.366153717041016,8.348560333251953,8.329737663269043,8.313162803649902,8.295965194702148,8.281336784362793,8.264934539794922,8.249870300292969,8.232577323913574,8.216395378112793,8.198127746582031,8.181317329406738,8.163141250610352,8.147122383117676,8.129152297973633,8.112713813781738,8.093095779418945,8.074071884155273,8.05123519897461,8.028931617736816,8.003287315368652,7.979131698608398,7.951821327209473,7.926448345184326,7.89721155166626,7.869499206542969,7.836800575256348,7.805080413818359,7.767989635467529,7.732253074645996,7.69160270690918,7.653384208679199,7.61063814163208,7.571062088012695,7.526429653167725,7.484748363494873,7.436880588531494,7.391390323638916,7.339153289794922,7.289481163024902
8.091970443725586,8.077378273010254,8.06596565246582,8.054162979125977,8.044442176818848,8.033966064453125,8.024935722351074,8.013412475585938,8.001790046691895,7.988481521606445,7.9762091636657715,7.962698936462402,7.95068883895874,7.938401222229004,7.928323745727539,7.917250633239746,7.907448768615723,7.896247386932373,7.885956764221191,7.87399435043335,7.862811088562012,7.8501152992248535,7.838444709777832,7.824728488922119,7.81162166595459,7.7958173751831055,7.780327320098877,7.761538505554199,7.743024826049805,7.721147060394287,7.700034141540527,7.675300598144531,7.6515421867370605,7.623749732971191,7.597031116485596,7.565804958343506,7.535824775695801,7.501047611236572,7.467935562133789,7.429832458496094,7.39382791519165,7.352788925170898,7.314301490783691,7.270613670349121,7.229762077331543,7.183104515075684,7.139244556427002,7.088879108428955,7.041342258453369
7.808540344238281,7.798100471496582,7.789613723754883,7.780900001525879,7.773404598236084,7.765480041503906,7.758479595184326,7.749675273895264,7.7405548095703125,7.730330944061279,7.720698833465576,7.710193634033203,7.7005510330200195,7.690825462341309,7.682650566101074,7.6737470626831055,7.6656599044799805,7.656572341918945,7.648090362548828,7.6381754875183105,7.628594875335693,7.617433547973633,7.606717586517334,7.5938920974731445,7.581315040588379,7.566274642944336,7.551528453826904,7.533825874328613,7.516377925872803,7.4957194328308105,7.475572109222412,7.4517822265625,7.4286298751831055,7.401613712310791,7.375582695007324,7.3456034660339355,7.317014217376709,7.284285545349121,7.253195762634277,7.21750545501709,7.183500289916992,7.144715785980225,7.107987880706787,7.066558361053467,7.027712345123291,6.983956813812256,6.942929267883301,6.896453857421875,6.852567672729492
7.572364807128906,7.564539909362793,7.5580267906188965,7.550846576690674,7.544443607330322,7.537496089935303,7.531355381011963,7.5237956047058105,7.516304969787598,7.507888317108154,7.500239849090576,7.4916486740112305,7.483851432800293,7.475605010986328,7.468543529510498,7.460464000701904,7.452910900115967,7.444339275360107,7.43635368347168,7.426822185516357,7.417512893676758,7.40639066696167,7.395481586456299,7.3823699951171875,7.36941385269165,7.354121208190918,7.339250087738037,7.321624755859375,7.3044562339782715,7.284168243408203,7.2644829750061035,7.241179466247559,7.218538761138916,7.192217826843262,7.167065620422363,7.1383280754089355,7.1113433837890625,7.080502510070801,7.051583766937256,7.0181355476379395,6.986443042755127,6.950046539306641,6.915780067443848,6.8770856857299805,6.841248035430908,6.801000118255615,6.763978481292725,6.722049713134766,6.683248996734619
7.3457841873168945,7.340031623840332,7.334714889526367,7.328506946563721,7.32252836227417,7.315932750701904,7.3099541664123535,7.303008079528809,7.296376705169678,7.289157390594482,7.282644748687744,7.275333881378174,7.268534183502197,7.261065483093262,7.254302501678467,7.246334552764893,7.2386674880981445,7.22982931137085,7.2215142250061035,7.211582183837891,7.201934337615967,7.190318584442139,7.178925514221191,7.165218353271484,7.151752948760986,7.136027812957764,7.120944976806641,7.103331089019775,7.086394786834717,7.066595554351807,7.047492504119873,7.025061130523682,7.003291606903076,6.978307723999023,6.954513072967529,6.927788257598877,6.902800559997559,6.874667167663574,6.848265171051025,6.818034648895264,6.789188861846924,6.756451606750488,6.725437164306641,6.691033363342285,6.659093379974365,6.62407112121582,6.591860771179199,6.5563201904296875,6.523355960845947
7.170199394226074,7.165286540985107,7.160388469696045,7.15426778793335,7.148045539855957,7.1410603523254395,7.134546279907227,7.127377033233643,7.120835304260254,7.113804340362549,7.107580184936523,7.100488185882568,7.093838691711426,7.086187362670898,7.078908443450928,7.070301055908203,7.061871528625488,7.052074432373047,7.042603969573975,7.031620502471924,7.021025657653809,7.008548259735107,6.996379375457764,6.981964588165283,6.967861175537109,6.951667308807373,6.93628454208374,6.918613910675049,6.901862621307373,6.882506847381592,6.864106178283691,6.842641353607178,6.822103023529053,6.798652648925781,6.776693820953369,6.752081871032715,6.729483604431152,6.703975677490234,6.680434703826904,6.65332555770874,6.6278605461120605,6.59883451461792,6.571862697601318,6.541873931884766,6.514721870422363,6.484901428222656,6.458306789398193,6.428867340087891,6.402490615844727
7.0109124183654785,7.006148815155029,7.001081943511963,6.994519233703613,6.987729549407959,6.97994327545166,6.972662448883057,6.964809894561768,6.957896709442139,6.950448989868164,6.943901062011719,6.936312198638916,6.92915678024292,6.920660495758057,6.912478923797607,6.902732849121094,6.893308162689209,6.882339000701904,6.8719096183776855,6.859920024871826,6.848607063293457,6.8354291915893555,6.822810649871826,6.808017730712891,6.793733596801758,6.777509689331055,6.7622575759887695,6.7450151443481445,6.728847026824951,6.710508346557617,6.693220138549805,6.67343282699585,6.654578685760498,6.633505821228027,6.613824367523193,6.592240333557129,6.572410583496094,6.5504961013793945,6.530175685882568,6.507264614105225,6.485576152801514,6.461454391479492,6.438879013061523,6.41450309753418,6.392309188842773,6.36876916885376,6.347683906555176,6.3252668380737305,6.305084705352783
6.896922588348389,6.891568183898926,6.885744094848633,6.878357887268066,6.8706769943237305,6.861946105957031,6.85366678237915,6.844898700714111,6.837152481079102,6.828821182250977,6.821338176727295,6.812701225280762,6.804385185241699,6.794663429260254,6.785191535949707,6.774186611175537,6.7635345458984375,6.751570224761963,6.740379333496094,6.727764129638672,6.7159624099731445,6.702478408813477,6.689736366271973,6.675020694732666,6.661013603210449,6.645208358764648,6.63051700592041,6.614045143127441,6.59885835647583,6.581771373748779,6.566004753112793,6.548047065734863,6.531330585479736,6.512686252593994,6.495724201202393,6.477073669433594,6.460391998291016,6.4418416023254395,6.425099849700928,6.406064987182617,6.388549327850342,6.368889331817627,6.351064682006836,6.331628322601318,6.314563274383545,6.29628849029541,6.280606269836426,6.263791561126709,6.249411106109619
6.801150321960449,6.794718265533447,6.7878875732421875,6.7793402671813965,6.770731449127197,6.76092004776001,6.751767635345459,6.741973400115967,6.7333903312683105,6.723943710327148,6.715439796447754,6.705463409423828,6.69593620300293,6.684803009033203,6.674190521240234,6.6619954109191895,6.650500774383545,6.637792587280273,6.626203536987305,6.613343715667725,6.601531028747559,6.588226318359375,6.575794219970703,6.561622619628906,6.548213481903076,6.533246040344238,6.519352912902832,6.5040717124938965,6.490069389343262,6.474719524383545,6.460662841796875,6.445145606994629,6.430785179138184,6.415294170379639,6.401232719421387,6.386263847351074,6.3728179931640625,6.358340263366699,6.345151901245117,6.330661773681641,6.31716775894165,6.3025641441345215,6.289145469665527,6.2750701904296875,6.2625346183776855,6.249709129333496,6.238579273223877,6.227342128753662,6.217704772949219
6.732792854309082,6.724633693695068,6.716156005859375,6.706180095672607,6.69646692276001,6.685711860656738,6.675806045532227,6.665132522583008,6.655572414398193,6.644904136657715,6.635017395019531,6.623539447784424,6.612498760223389,6.600037574768066,6.588349342346191,6.575477123260498,6.563689231872559,6.551014423370361,6.539692401885986,6.527408123016357,6.516359806060791,6.504023551940918,6.492642402648926,6.479716777801514,6.467609882354736,6.454134941101074,6.441752910614014,6.428338050842285,6.4163408279418945,6.403519153594971,6.3922200202941895,6.380146026611328,6.369513034820557,6.35831356048584,6.348618984222412,6.338360786437988,6.329466819763184,6.319838523864746,6.31132173538208,6.301905155181885,6.293428897857666,6.284155368804932,6.275925159454346,6.267133712768555,6.259548187255859,6.251694679260254,6.245172023773193,6.238708019256592,6.233649253845215
6.684852123260498,6.675098896026611,6.665213584899902,6.6540422439575195,6.643568992614746,6.632154941558838,6.621862411499023,6.610569953918457,6.600318431854248,6.588653564453125,6.577660083770752,6.564943790435791,6.552768707275391,6.539295196533203,6.526943206787109,6.513716697692871,6.50202751159668,6.4896697998046875,6.478933811187744,6.467377185821533,6.457155704498291,6.4457879066467285,6.435394763946533,6.4236602783203125,6.412781715393066,6.400751113891602,6.389833927154541,6.378237247467041,6.368167400360107,6.357807159423828,6.3491740226745605,6.340453624725342,6.333413600921631,6.326349258422852,6.320767402648926,6.314945220947266,6.310169696807861,6.304969787597656,6.300506591796875,6.2956013679504395,6.291355133056641,6.2867350578308105,6.2827887535095215,6.2785420417785645,6.274961471557617,6.271322727203369,6.268462181091309,6.2660136222839355,6.264585971832275
6.689393997192383,6.6790547370910645,6.668838977813721,6.657557964324951,6.6472320556640625,6.636085510253906,6.626091957092285,6.614988327026367,6.604752540588379,6.59298038482666,6.581791877746582,6.568878173828125,6.556568622589111,6.543104648590088,6.5309014320373535,6.517999172210693,6.506701946258545,6.49482536315918,6.484498500823975,6.47335958480835,6.463425159454346,6.4524383544921875,6.442394733428955,6.431228160858154,6.4209465980529785,6.409773349761963,6.399688720703125,6.389212608337402,6.380178928375244,6.3712663650512695,6.364009857177734,6.357178211212158,6.351909637451172,6.347027778625488,6.343311309814453,6.339582443237305,6.336430549621582,6.3330183029174805,6.329910755157471,6.326590538024902,6.323628902435303,6.32053804397583,6.317854881286621,6.315061092376709,6.312639236450195,6.310330390930176,6.30852746963501,6.307371139526367,6.3070387840271
6.739383697509766,6.729363918304443,6.71973991394043,6.70940637588501,6.7001824378967285,6.690194606781006,6.68122673034668,6.670990943908691,6.661327838897705,6.650108814239502,6.639346599578857,6.62693452835083,6.6151018142700195,6.6022491455078125,6.590705394744873,6.578388214111328,6.567559719085693,6.555905818939209,6.545594215393066,6.534267902374268,6.524038791656494,6.512857913970947,6.502795696258545,6.491905689239502,6.482187747955322,6.4717936515808105,6.4626336097717285,6.453120231628418,6.44502592086792,6.437103748321533,6.430872440338135,6.425102710723877,6.420958995819092,6.417043685913086,6.414212703704834,6.411011219024658,6.408176898956299,6.4046950340271,6.401355266571045,6.3975443840026855,6.3941144943237305,6.390432834625244,6.387325286865234,6.384060859680176,6.38137149810791,6.378790378570557,6.376899242401123,6.375667095184326,6.375414848327637
6.801070213317871,6.7916951179504395,6.783076286315918,6.773953437805176,6.76607608795166,6.757388591766357,6.749555587768555,6.740279197692871,6.7313079833984375,6.720762252807617,6.71060848236084,6.698819637298584,6.687585830688477,6.675378799438477,6.66445779800415,6.652623176574707,6.6420464515686035,6.630404949188232,6.61979866027832,6.608055114746094,6.59726619720459,6.585729598999023,6.575508117675781,6.5648088455200195,6.5555806159973145,6.545875072479248,6.5374884605407715,6.528749942779541,6.521275997161865,6.514005661010742,6.5082688331604,6.503056526184082,6.499305248260498,6.49572229385376,6.492924690246582,6.48956298828125,6.486179828643799,6.481935024261475,6.4774980545043945,6.472497940063477,6.467717170715332,6.462758541107178,6.458393096923828,6.454050540924072,6.4504075050354,6.447062969207764,6.444539546966553,6.442804336547852,6.442107677459717
6.858773231506348,6.85051965713501,6.84298849105835,6.835165500640869,6.828367710113525,6.820806980133057,6.8137736320495605,6.8053364753723145,6.796964645385742,6.787075042724609,6.7774152755737305,6.766204833984375,6.7554402351379395,6.743656635284424,6.732972145080566,6.721220016479492,6.710543155670166,6.698549747467041,6.6874566078186035,6.675114154815674,6.663814067840576,6.651869297027588,6.641479015350342,6.630788803100586,6.621744632720947,6.612222671508789,6.603959083557129,6.59515905380249,6.587460041046143,6.579718112945557,6.573419570922852,6.567352771759033,6.562738418579102,6.557915687561035,6.5539140701293945,6.5489068031311035,6.543985843658447,6.5377116203308105,6.531429767608643,6.524106502532959,6.517298698425293,6.509965896606445,6.5036702156066895,6.49725341796875,6.492083549499512,6.487161636352539,6.483536243438721,6.4805684089660645,6.478919506072998
6.938151836395264,6.931870460510254,6.926211833953857,6.9202494621276855,6.915067672729492,6.908992290496826,6.903128623962402,6.89589262008667,6.8885908126831055,6.879683971405029,6.870778560638428,6.860350131988525,6.850286960601807,6.8389434814453125,6.828380584716797,6.816553115844727,6.805605411529541,6.793124675750732,6.781357765197754,6.768392086029053,6.756552696228027,6.744217872619629,6.733614444732666,6.722744941711426,6.713606834411621,6.703665733337402,6.694783687591553,6.68489408493042,6.67586088180542,6.666306495666504,6.658030033111572,6.649489402770996,6.642297267913818,6.634395122528076,6.627280235290527,6.618725299835205,6.610340118408203,6.600194931030273,6.590173721313477,6.5787129402160645,6.567923545837402,6.556397438049316,6.546255588531494,6.536128520965576,6.527883529663086,6.520131587982178,6.514301776885986,6.509130001068115,6.505566120147705
7.024136066436768,7.0206379890441895,7.017480373382568,7.014004707336426,7.010852813720703,7.0068230628967285,7.002645969390869,6.997212886810303,6.991499423980713,6.984097957611084,6.97634744644165,6.967026710510254,6.9578351974487305,6.947051048278809,6.936642646789551,6.924776077270508,6.9136061668396,6.900765895843506,6.888570308685303,6.8751397132873535,6.862896919250488,6.850077152252197,6.839022159576416,6.82743501663208,6.8174662590026855,6.806149005889893,6.79559326171875,6.783416271209717,6.771867275238037,6.759175777435303,6.74766731262207,6.735170364379883,6.723964214324951,6.711307048797607,6.699502468109131,6.6856369972229,6.672228813171387,6.656525611877441,6.641366958618164,6.624196529388428,6.6081037521362305,6.590882778167725,6.575621128082275,6.560431003570557,6.548035621643066,6.536384105682373,6.5275726318359375,6.519410133361816,6.513362884521484
7.0807576179504395,7.079841613769531,7.079002380371094,7.07774543762207,7.076321125030518,7.074176788330078,7.071728706359863,7.0680108070373535,7.063739776611328,7.057673454284668,7.05096435546875,7.042394638061523,7.0335774421691895,7.022927284240723,7.012432098388672,7.000310897827148,6.988810062408447,6.9756622314453125,6.963301658630371,6.9494309425354,6.936629295349121,6.922708511352539,6.9102888107299805,6.896648406982422,6.884375095367432,6.870128631591797,6.856595039367676,6.840925693511963,6.826028347015381,6.8093953132629395,6.794082164764404,6.777005195617676,6.761292457580566,6.7433366775512695,6.726420879364014,6.706886291503906,6.688290596008301,6.667018890380859,6.6469268798828125,6.624452114105225,6.603646278381348,6.5813889503479,6.561675548553467,6.541919708251953,6.525677680969238,6.5102152824401855,6.498349666595459,6.487150192260742,6.4786810874938965
7.11590576171875,7.116345405578613,7.116769790649414,7.116596698760986,7.11598014831543,7.114687442779541,7.113067150115967,7.11002254486084,7.106207847595215,7.100476264953613,7.093945503234863,7.085248947143555,7.076005935668945,7.064828872680664,7.053755283355713,7.040968894958496,7.028788089752197,7.015013217926025,7.002140998840332,6.987446308135986,6.973579406738281,6.958005905151367,6.943480014801025,6.927244663238525,6.912110328674316,6.894767761230469,6.878184795379639,6.859467029571533,6.841817378997803,6.822184085845947,6.80392599105835,6.783525466918945,6.764455795288086,6.742769718170166,6.722139835357666,6.69877815246582,6.676645278930664,6.651829242706299,6.6285719871521,6.602965831756592,6.579428195953369,6.5543670654296875,6.532131195068359,6.509679794311523,6.490910053253174,6.472788333892822,6.4584479331970215,6.444854259490967,6.434354305267334
7.127020835876465,7.126826286315918,7.126528739929199,7.125596523284912,7.1242499351501465,7.122142791748047,7.119694232940674,7.11583948135376,7.1112961769104,7.104828834533691,7.09760046005249,7.088277816772461,7.078513145446777,7.066842555999756,7.05532169342041,7.042182445526123,7.029735565185547,7.015636920928955,7.002371788024902,6.987277507781982,6.973010540008545,6.956822872161865,6.9415388107299805,6.924539089202881,6.90876579284668,6.890894889831543,6.874001502990723,6.855315685272217,6.8380446434021,6.818899154663086,6.801153659820557,6.781370639801025,6.762919902801514,6.74195671081543,6.722051620483398,6.699586868286133,6.678403377532959,6.654662609100342,6.632445335388184,6.607992649078369,6.585534572601318,6.561539649963379,6.540182113647461,6.5183234214782715,6.499782562255859,6.481493949890137,6.466669082641602,6.452341556549072,6.441047191619873
