earth/public/data/ocean/W07/ANN-votemper-depthz-0m-gfs-1.0.json
{"header": {"discipline": 0, "disciplineName": "Meteorological products", "gribEdition": 2, "gribLength": 131138.0, "center": 0, "centerName": "Kiel Climate Model", "subcenter": 0, "refTime": "1", "significanceOfRT": 1, "significanceOfRTName": "Start of forecast", "productStatus": 0, "productStatusName": "Operational products", "productType": 1, "productTypeName": "Forecast products", "productDefinitionTemplate": 0, "productDefinitionTemplateName": "Analysis/forecast at horizontal level/layer at a point in time", "parameterCategory": 2, "parameterCategoryName": "Momentum", "parameterNumber": 2, "parameterNumberName": "U-component_of_wind", "parameterUnit": "C", "genProcessType": 2, "genProcessTypeName": "Forecast", "forecastTime": 0, "surface1Type": 103, "surface1TypeName": "Specified height level above ground", "surface1Value": 10, "surface2Type": 255, "surface2TypeName": "Missing", "surface2Value": 0, "gridDefinitionTemplate": 0, "gridDefinitionTemplateName": "Latitude_Longitude", "numberPoints": 65160, "shape": 6, "shapeName": "Earth spherical with radius of 6,371,229.0 m", "gridUnits": "degrees", "resolution": 48, "winds": "true", "scanMode": 0, "nx": 360.0, "ny": 180.0, "basicAngle": 0, "subDivisions": 0, "lo1": 0.0, "la1": -89.5, "lo2": 359.0, "la2": 89.5, "dx": 1.0, "dy": -1.0}, "data":
[rows 84 to 104 of 180, columns 47 to 93 of 360]
26.853940963745117,27.0162410736084,27.116262435913086,27.13860511779785,27.12505531311035,27.076496124267578,27.05466079711914,27.058889389038086,27.08542823791504,27.12856674194336,27.178760528564453,27.228191375732422,27.284135818481445,27.33673858642578,27.37128448486328,27.381147384643555,27.378868103027344,27.36412239074707,27.35738182067871,27.35905647277832,27.364967346191406,27.373682022094727,27.388797760009766,27.407760620117188,27.419897079467773,27.423213958740234,27.419727325439453,27.410030364990234,27.40812873840332,27.4141845703125,27.417667388916016,27.41791343688965,27.408828735351562,27.397579193115234,27.398128509521484,27.43836784362793,27.501874923706055,27.550182342529297,27.574607849121094,27.614356994628906,27.66237449645996,27.70012664794922,27.720712661743164,27.75832176208496,27.805864334106445,27.869705200195312,27.93795394897461
26.620445251464844,26.870698928833008,27.07646942138672,27.20329475402832,27.248716354370117,27.202449798583984,27.16356658935547,27.135570526123047,27.1557559967041,27.219974517822266,27.303756713867188,27.39192771911621,27.480194091796875,27.55253028869629,27.60535430908203,27.628835678100586,27.633398056030273,27.617141723632812,27.60047149658203,27.585128784179688,27.57914161682129,27.5828914642334,27.59252166748047,27.60615348815918,27.61482048034668,27.617185592651367,27.612010955810547,27.600452423095703,27.596261978149414,27.600353240966797,27.601654052734375,27.599885940551758,27.593338012695312,27.586626052856445,27.587650299072266,27.620756149291992,27.674558639526367,27.715801239013672,27.737356185913086,27.770679473876953,27.80998992919922,27.83993148803711,27.855005264282227,27.89145278930664,27.94255828857422,28.00226402282715,28.060129165649414
26.322898864746094,26.59968376159668,26.853744506835938,27.03990364074707,27.157201766967773,27.18732261657715,27.189315795898438,27.16461181640625,27.19091796875,27.26323890686035,27.364459991455078,27.477216720581055,27.587547302246094,27.676597595214844,27.746519088745117,27.785505294799805,27.807405471801758,27.80916404724121,27.80020523071289,27.782455444335938,27.775636672973633,27.780841827392578,27.78679847717285,27.79216766357422,27.79521369934082,27.79510498046875,27.78691291809082,27.772010803222656,27.765413284301758,27.768274307250977,27.76810073852539,27.76491355895996,27.76085090637207,27.758237838745117,27.75848388671875,27.783306121826172,27.825580596923828,27.85726547241211,27.872257232666016,27.897302627563477,27.9274959564209,27.95160675048828,27.965091705322266,28.00156593322754,28.05462646484375,28.10796546936035,28.151817321777344
26.116533279418945,26.38209342956543,26.65192413330078,26.87725257873535,27.052762985229492,27.1456298828125,27.204030990600586,27.215572357177734,27.264135360717773,27.339275360107422,27.440919876098633,27.551376342773438,27.663650512695312,27.75834846496582,27.83461570739746,27.878929138183594,27.91489601135254,27.935997009277344,27.940975189208984,27.928773880004883,27.929309844970703,27.942188262939453,27.94933319091797,27.949256896972656,27.94879150390625,27.947927474975586,27.937297821044922,27.91872787475586,27.909317016601562,27.910770416259766,27.909082412719727,27.904626846313477,27.90232276916504,27.90216636657715,27.90149688720703,27.918367385864258,27.950098037719727,27.972078323364258,27.98052978515625,27.998157501220703,28.02193260192871,28.04095458984375,28.05198860168457,28.084001541137695,28.13156509399414,28.17391014099121,28.2037410736084
26.01553726196289,26.235036849975586,26.49957847595215,26.762752532958984,26.974769592285156,27.09889030456543,27.210865020751953,27.29193687438965,27.382619857788086,27.46631622314453,27.561065673828125,27.648399353027344,27.746044158935547,27.835857391357422,27.90882682800293,27.9516658782959,27.996110916137695,28.033966064453125,28.053987503051758,28.05231475830078,28.065818786621094,28.09182357788086,28.10435676574707,28.101062774658203,28.10075569152832,28.10336685180664,28.092504501342773,28.070106506347656,28.058422088623047,28.059558868408203,28.055574417114258,28.04721450805664,28.04378318786621,28.042261123657227,28.036746978759766,28.043813705444336,28.063644409179688,28.07453727722168,28.074697494506836,28.08449363708496,28.102258682250977,28.114728927612305,28.11965560913086,28.14177131652832,28.176998138427734,28.2064208984375,28.224380493164062
25.992090225219727,26.13018798828125,26.36343002319336,26.650238037109375,26.881441116333008,27.015531539916992,27.161779403686523,27.295629501342773,27.42835235595703,27.537622451782227,27.638687133789062,27.71245002746582,27.798524856567383,27.88043212890625,27.947978973388672,27.98889923095703,28.040727615356445,28.09437370300293,28.132848739624023,28.149154663085938,28.181655883789062,28.22418785095215,28.245513916015625,28.241548538208008,28.242929458618164,28.249473571777344,28.236488342285156,28.206790924072266,28.190473556518555,28.190902709960938,28.18279457092285,28.167800903320312,28.161012649536133,28.153186798095703,28.135753631591797,28.128257751464844,28.133623123168945,28.12958335876465,28.116928100585938,28.118202209472656,28.132904052734375,28.140913009643555,28.14020538330078,28.153963088989258,28.179155349731445,28.19971466064453,28.211400985717773
26.019481658935547,26.08148765563965,26.27063751220703,26.55139923095703,26.773929595947266,26.89929962158203,27.037439346313477,27.164663314819336,27.314373016357422,27.46024513244629,27.590675354003906,27.680898666381836,27.774272918701172,27.85273551940918,27.91887664794922,27.96006202697754,28.019939422607422,28.08707618713379,28.146217346191406,28.18649673461914,28.239946365356445,28.297203063964844,28.328380584716797,28.328067779541016,28.328916549682617,28.331119537353516,28.30699348449707,28.261573791503906,28.233198165893555,28.227508544921875,28.210046768188477,28.184463500976562,28.171329498291016,28.14999008178711,28.109161376953125,28.08100700378418,28.07223892211914,28.055898666381836,28.034278869628906,28.037546157836914,28.0638427734375,28.080671310424805,28.08388900756836,28.09960174560547,28.124330520629883,28.14716339111328,28.163410186767578
26.033138275146484,26.062063217163086,26.206905364990234,26.447935104370117,26.637386322021484,26.741422653198242,26.843368530273438,26.924524307250977,27.054733276367188,27.212554931640625,27.378482818603516,27.52389144897461,27.660232543945312,27.759950637817383,27.849672317504883,27.910303115844727,27.986846923828125,28.064653396606445,28.136600494384766,28.19098663330078,28.252668380737305,28.312028884887695,28.346281051635742,28.349998474121094,28.344148635864258,28.330087661743164,28.285547256469727,28.218503952026367,28.174211502075195,28.16010856628418,28.127077102661133,28.081090927124023,28.053640365600586,28.01076316833496,27.9361572265625,27.892812728881836,27.884862899780273,27.87691879272461,27.86836051940918,27.89459800720215,27.950054168701172,27.989665985107422,28.006488800048828,28.030651092529297,28.058340072631836,28.089099884033203,28.117883682250977
26.037063598632812,26.033628463745117,26.14532470703125,26.34271240234375,26.49473762512207,26.571857452392578,26.639352798461914,26.683523178100586,26.779800415039062,26.908254623413086,27.091245651245117,27.296777725219727,27.496368408203125,27.65635108947754,27.798473358154297,27.897775650024414,27.9931583404541,28.06871795654297,28.135723114013672,28.182493209838867,28.233808517456055,28.28014373779297,28.308103561401367,28.31243324279785,28.297090530395508,28.26446533203125,28.2028751373291,28.12257194519043,28.069747924804688,28.053434371948242,28.003311157226562,27.92829132080078,27.87783432006836,27.813915252685547,27.7181339263916,27.679658889770508,27.695615768432617,27.715242385864258,27.736177444458008,27.794050216674805,27.8796329498291,27.941850662231445,27.970069885253906,27.999881744384766,28.025938034057617,28.060895919799805,28.098588943481445
null,null,null,26.23792266845703,26.324792861938477,26.374183654785156,26.428577423095703,26.477384567260742,26.56404685974121,26.67093276977539,26.847620010375977,27.061861038208008,27.315837860107422,27.563114166259766,27.767353057861328,27.891263961791992,27.989240646362305,28.044273376464844,28.089326858520508,28.11656951904297,28.149290084838867,28.181514739990234,28.202058792114258,28.206850051879883,28.18720245361328,28.146289825439453,28.083097457885742,28.008480072021484,27.958026885986328,27.94083023071289,27.862146377563477,27.738374710083008,27.646522521972656,27.583736419677734,27.518339157104492,27.521848678588867,27.567947387695312,27.616188049316406,27.657686233520508,27.740888595581055,27.850271224975586,27.928823471069336,27.961820602416992,27.995277404785156,28.022705078125,28.061059951782227,28.102619171142578
null,null,null,26.093530654907227,26.114309310913086,26.129587173461914,26.182435989379883,26.264081954956055,26.369945526123047,26.481952667236328,26.647111892700195,26.83511734008789,27.112071990966797,27.430194854736328,27.677457809448242,27.81118392944336,27.90418815612793,27.93794059753418,27.96210479736328,27.971025466918945,27.992801666259766,28.022550582885742,28.04553985595703,28.056835174560547,28.041526794433594,28.002161026000977,27.949357986450195,27.89291000366211,27.843814849853516,27.811857223510742,27.684289932250977,27.484092712402344,27.3336238861084,27.301523208618164,27.337474822998047,27.41427230834961,27.47775650024414,27.53837013244629,27.586536407470703,27.68398094177246,27.81402587890625,27.90376091003418,27.937705993652344,27.974632263183594,28.008453369140625,28.054210662841797,28.104034423828125
null,null,null,25.881126403808594,25.875539779663086,25.865949630737305,25.91522789001465,26.01402473449707,26.138141632080078,26.265060424804688,26.43042755126953,26.602975845336914,26.877779006958008,27.204652786254883,27.47161865234375,27.630037307739258,27.736852645874023,27.77170181274414,27.791025161743164,27.790620803833008,27.814449310302734,27.857772827148438,27.894365310668945,27.917482376098633,27.91136360168457,27.87718391418457,27.836698532104492,27.79729461669922,27.737611770629883,27.66895866394043,27.492443084716797,27.23843002319336,27.071529388427734,27.12672233581543,27.30268669128418,27.414011001586914,27.45724868774414,27.50292205810547,27.544580459594727,27.639741897583008,27.772268295288086,27.860538482666016,27.88946533203125,27.923545837402344,27.9569034576416,28.005586624145508,28.061424255371094
null,null,null,25.71354866027832,25.667673110961914,25.602846145629883,25.616228103637695,25.697751998901367,25.82227325439453,25.968591690063477,26.147777557373047,26.32745361328125,26.589685440063477,26.886167526245117,27.154991149902344,27.347875595092773,27.489059448242188,27.55294418334961,27.59381866455078,27.6026611328125,27.648147583007812,27.72064208984375,27.779056549072266,27.81243896484375,27.813175201416016,27.7816162109375,27.74108123779297,27.700578689575195,27.602815628051758,27.468111038208008,27.24979019165039,26.98955726623535,26.84600830078125,27.187150955200195,27.465837478637695,27.523387908935547,27.516529083251953,27.52591323852539,27.548540115356445,27.61739730834961,27.720624923706055,27.78618049621582,27.802915573120117,27.82769775390625,27.8558406829834,27.90467643737793,27.964160919189453
null,null,null,25.56546401977539,25.551603317260742,25.352554321289062,25.360164642333984,25.412708282470703,25.528339385986328,25.684988021850586,25.87868881225586,26.074974060058594,26.333023071289062,26.605913162231445,26.872880935668945,27.085054397583008,27.255279541015625,27.354228973388672,27.423952102661133,27.45400619506836,27.525691986083984,27.627979278564453,27.704788208007812,27.743324279785156,27.745718002319336,27.711442947387695,27.660579681396484,27.60116958618164,27.457738876342773,27.252819061279297,26.999919891357422,26.742305755615234,26.59901237487793,27.212871551513672,27.632396697998047,27.6108455657959,27.571746826171875,27.553865432739258,27.559391021728516,27.59943199157715,27.664819717407227,27.70441246032715,27.709245681762695,27.72684097290039,27.75365447998047,27.806535720825195,27.876535415649414
null,null,null,null,null,null,25.290254592895508,25.29023551940918,25.365571975708008,25.507625579833984,25.69289779663086,25.889728546142578,26.134536743164062,26.384815216064453,26.64076805114746,26.857196807861328,27.044187545776367,27.16682243347168,27.263935089111328,27.315954208374023,27.41696548461914,27.54616355895996,27.644195556640625,27.691192626953125,27.695863723754883,27.656925201416016,27.581586837768555,27.48604965209961,27.29770278930664,27.054046630859375,26.8316593170166,null,null,null,27.66510009765625,27.649354934692383,27.599451065063477,27.568517684936523,27.563095092773438,27.57830238342285,27.613250732421875,27.631214141845703,27.630434036254883,27.647274017333984,27.67844581604004,27.74010467529297,27.820371627807617
null,null,null,null,null,null,25.41144561767578,25.270566940307617,25.23321533203125,25.30976104736328,25.451683044433594,25.634342193603516,25.85106086730957,26.06134796142578,26.30113410949707,26.52570152282715,26.732566833496094,26.88355255126953,27.014238357543945,27.100879669189453,27.240093231201172,27.407291412353516,27.532136917114258,27.59332275390625,27.5991153717041,27.549448013305664,27.442079544067383,27.294702529907227,27.12255859375,26.90422248840332,26.723960876464844,null,null,null,27.693735122680664,27.70368766784668,27.63530731201172,27.58921241760254,27.573644638061523,27.566858291625977,27.56841468811035,27.56882095336914,27.566633224487305,27.59039306640625,27.635337829589844,27.708776473999023,27.797344207763672
null,null,null,null,null,null,25.576251983642578,25.27400779724121,25.108203887939453,25.100345611572266,25.193782806396484,25.368330001831055,25.56175422668457,25.73796844482422,25.966529846191406,26.205669403076172,26.434894561767578,26.614009857177734,26.7782039642334,26.899520874023438,27.07377052307129,27.270992279052734,27.416534423828125,27.484590530395508,27.487157821655273,27.423215866088867,27.291866302490234,27.116317749023438,26.982763290405273,26.787668228149414,26.760150909423828,null,null,null,27.722665786743164,27.760459899902344,27.669269561767578,27.608625411987305,27.588781356811523,27.56736183166504,27.54806137084961,27.536941528320312,27.535879135131836,27.568504333496094,27.62955093383789,27.714839935302734,27.80954360961914
25.725994110107422,25.568578720092773,25.586341857910156,25.78203773498535,25.928375244140625,26.0219669342041,25.785064697265625,25.40034294128418,25.133056640625,25.038536071777344,25.064130783081055,25.212270736694336,25.380481719970703,25.541080474853516,25.766929626464844,26.01715660095215,26.25906753540039,26.448240280151367,26.629871368408203,26.77019500732422,26.956239700317383,27.154109954833984,27.302276611328125,27.374055862426758,27.376737594604492,27.309263229370117,27.176982879638672,27.00341033935547,null,null,null,null,null,null,27.771440505981445,27.799488067626953,27.698650360107422,27.6281681060791,27.601572036743164,27.57547950744629,27.555137634277344,27.55746078491211,27.579843521118164,27.639896392822266,27.72321319580078,27.82421875,27.922842025756836
25.759790420532227,25.608203887939453,25.64995002746582,25.856319427490234,26.042455673217773,26.102630615234375,25.94443702697754,25.599239349365234,25.31050682067871,25.116024017333984,25.045766830444336,25.108137130737305,25.21672248840332,25.35306739807129,25.560937881469727,25.80474281311035,26.026960372924805,26.19134521484375,26.358346939086914,26.50180435180664,26.678485870361328,26.857860565185547,27.011194229125977,27.1091365814209,27.123823165893555,27.052284240722656,26.91657066345215,26.743301391601562,null,null,null,null,null,null,27.9018611907959,27.884920120239258,27.77410888671875,27.676990509033203,27.61334991455078,27.580245971679688,27.583419799804688,27.630796432495117,27.712743759155273,27.82410430908203,27.946151733398438,28.06777572631836,28.16827392578125
25.398086547851562,25.326202392578125,25.38446807861328,25.577810287475586,25.77303123474121,25.938783645629883,25.913637161254883,25.713045120239258,25.467586517333984,25.229860305786133,25.083003997802734,25.05100440979004,25.094297409057617,25.20081901550293,25.38101577758789,25.59972381591797,25.78395652770996,25.896495819091797,26.030385971069336,26.157821655273438,26.3181209564209,26.480607986450195,26.64556884765625,26.784225463867188,26.812217712402344,26.725318908691406,26.577604293823242,26.394515991210938,null,null,null,null,null,null,28.070106506347656,27.998779296875,27.869829177856445,27.736724853515625,27.62082862854004,27.58195686340332,27.6269588470459,27.723873138427734,27.858278274536133,28.01424217224121,28.165372848510742,28.301389694213867,28.39784812927246
null,null,null,null,null,null,25.699800491333008,25.435161590576172,25.21901512145996,25.043787002563477,24.927135467529297,24.882980346679688,24.916309356689453,25.01837921142578,25.187875747680664,25.393203735351562,25.539710998535156,25.60275650024414,25.69179916381836,25.793989181518555,25.95279312133789,26.138036727905273,26.354867935180664,26.55721664428711,26.618793487548828,26.52418327331543,26.40235137939453,26.239002227783203,null,null,null,null,null,null,28.127243041992188,28.063386917114258,27.94546890258789,27.803878784179688,27.662805557250977,27.620569229125977,27.68514060974121,27.799301147460938,27.942880630493164,28.103107452392578,28.252168655395508,28.37177848815918,28.442962646484375
