earth/public/data/ocean/W07/ANN-votemper-depthz-1000m-gfs-1.0.json
{"header": {"discipline": 0, "disciplineName": "Meteorological products", "gribEdition": 2, "gribLength": 131138.0, "center": 0, "centerName": "Kiel Climate Model", "subcenter": 0, "refTime": "1", "significanceOfRT": 1, "significanceOfRTName": "Start of forecast", "productStatus": 0, "productStatusName": "Operational products", "productType": 1, "productTypeName": "Forecast products", "productDefinitionTemplate": 0, "productDefinitionTemplateName": "Analysis/forecast at horizontal level/layer at a point in time", "parameterCategory": 2, "parameterCategoryName": "Momentum", "parameterNumber": 2, "parameterNumberName": "U-component_of_wind", "parameterUnit": "C", "genProcessType": 2, "genProcessTypeName": "Forecast", "forecastTime": 0, "surface1Type": 103, "surface1TypeName": "Specified height level above ground", "surface1Value": 10, "surface2Type": 255, "surface2TypeName": "Missing", "surface2Value": 0, "gridDefinitionTemplate": 0, "gridDefinitionTemplateName": "Latitude_Longitude", "numberPoints": 65160, "shape": 6, "shapeName": "Earth spherical with radius of 6,371,229.0 m", "gridUnits": "degrees", "resolution": 48, "winds": "true", "scanMode": 0, "nx": 360.0, "ny": 180.0, "basicAngle": 0, "subDivisions": 0, "lo1": 0.0, "la1": -89.5, "lo2": 359.0, "la2": 89.5, "dx": 1.0, "dy": -1.0}, "data":
[rows 66 to 87 of 180, columns 294 to 342 of 360]
null,null,null,null,null,null,null,null,null,null,null,null,null,null,null,null,null,null,null,null,null,null,null,null,null,4.6439971923828125,4.652990341186523,4.632972240447998,4.6111860275268555,4.593228816986084,4.562897205352783,4.525969505310059,4.485647678375244,4.448555946350098,4.417751789093018,4.398166179656982,4.378006935119629,4.360721588134766,4.3397908210754395,4.318860054016113,4.3074140548706055,4.297715663909912,4.279986381530762,4.260742664337158,4.243278503417969,4.225114345550537,4.209346771240234,4.191608428955078,4.174912929534912
null,null,null,null,null,null,null,null,null,null,null,null,null,null,null,null,null,null,null,null,null,null,null,null,null,4.785563945770264,4.786096572875977,4.784726619720459,4.784048080444336,4.782622337341309,4.762174129486084,4.725186347961426,4.677441596984863,4.628037452697754,4.58659553527832,4.561593532562256,4.5368332862854,4.517296314239502,4.493160724639893,4.46914005279541,4.455840110778809,4.444291114807129,4.423478603363037,4.4005513191223145,4.380032539367676,4.35823917388916,4.339478015899658,4.318095684051514,4.2983198165893555
null,null,null,null,null,null,null,null,null,null,null,null,null,null,null,null,null,null,null,null,null,null,null,null,null,null,4.924445152282715,4.977607727050781,5.020808219909668,5.053835391998291,5.057604789733887,5.031052589416504,4.979180335998535,4.9109320640563965,4.854254722595215,4.819249153137207,4.785840034484863,4.760132312774658,4.729708194732666,4.700182914733887,4.683934688568115,4.6686811447143555,4.641016483306885,4.61107063293457,4.584406852722168,4.555859088897705,4.530723571777344,4.50279426574707,4.477234840393066
null,null,null,null,null,null,null,null,null,null,null,null,null,null,null,null,null,null,null,null,null,null,null,null,null,null,null,5.193877220153809,5.25068998336792,5.318818092346191,5.3484721183776855,5.335872173309326,5.282015800476074,5.196764945983887,5.1257500648498535,5.081143856048584,5.038951873779297,5.0063347816467285,4.969252586364746,4.934037685394287,4.914767265319824,4.8955078125,4.860237121582031,4.822754859924316,4.789403438568115,4.753641605377197,4.721522331237793,4.686670303344727,4.654996871948242
null,null,null,null,null,null,null,null,null,null,null,null,null,null,null,null,null,null,null,null,null,null,null,null,null,null,null,null,null,5.486942291259766,5.534425258636475,5.529568672180176,5.477874279022217,5.388484001159668,5.312061786651611,5.2625837326049805,5.2147536277771,5.177611827850342,5.135305881500244,5.09591007232666,5.074131011962891,5.0515642166137695,5.0107808113098145,4.966954708099365,4.9285430908203125,4.886722087860107,4.849564552307129,4.809123992919922,4.77317476272583
null,null,null,null,null,null,null,null,null,null,null,null,null,null,null,null,null,null,null,null,null,null,null,null,null,null,null,null,null,5.628237247467041,5.6876959800720215,5.686679840087891,5.637819766998291,5.550256729125977,5.472942352294922,5.419852256774902,5.3682403564453125,5.327147006988525,5.280642986297607,5.2368011474609375,5.212799549102783,5.187506675720215,5.141271591186523,5.092069149017334,5.048355579376221,5.001376152038574,4.959204196929932,4.91412878036499,4.873924255371094
null,null,null,null,null,null,null,null,null,null,null,null,null,null,null,null,null,null,null,null,null,null,null,null,null,null,null,null,null,5.76223611831665,5.831305027008057,5.836699485778809,5.7941718101501465,5.710752487182617,5.634136199951172,5.578066825866699,5.522219657897949,5.477046966552734,5.425312519073486,5.376833438873291,5.3500494956970215,5.321778774261475,5.270580768585205,5.215462684631348,5.166853904724121,5.1142964363098145,5.067723274230957,5.017765045166016,4.973822593688965
null,null,null,null,null,null,null,null,null,null,null,null,null,null,null,null,null,null,null,null,null,null,null,null,null,null,null,null,null,5.865448951721191,5.938558101654053,5.952934265136719,5.918126583099365,5.841166019439697,5.766606330871582,5.70819091796875,5.64906644821167,5.599684715270996,5.543431758880615,5.490124225616455,5.460925579071045,5.430418014526367,5.374745845794678,5.315145969390869,5.26204776763916,5.205351829528809,5.154991149902344,5.101528644561768,5.054366588592529
null,null,null,null,null,null,null,null,null,null,null,null,null,null,null,null,null,null,null,null,null,null,null,null,null,null,null,null,null,5.963408470153809,6.052523612976074,6.075506687164307,6.048588275909424,5.976168632507324,5.901442527770996,5.838209629058838,5.773000240325928,5.718295097351074,5.655885219573975,5.5976409912109375,5.5654802322387695,5.532659530639648,5.473132133483887,5.409035682678223,5.352297306060791,5.29166841506958,5.238390922546387,5.181714057922363,5.132111549377441
null,null,null,null,null,null,null,null,null,null,null,null,null,null,null,null,null,null,null,null,null,null,null,null,null,null,null,null,null,6.039947509765625,6.151696681976318,6.1829142570495605,6.161424160003662,6.0916266441345215,6.0145673751831055,5.9440460205078125,5.87197208404541,5.810827255249023,5.742675304412842,5.679386138916016,5.644702911376953,5.610263824462891,5.547500133514404,5.480391025543213,5.420863628387451,5.357816696166992,5.302494049072266,5.243964195251465,5.192700386047363
null,null,null,null,null,null,null,null,null,null,null,null,null,null,null,null,null,null,null,null,null,null,null,null,null,null,null,null,null,6.1484856605529785,6.26197624206543,6.295351982116699,6.276123046875,6.207935810089111,6.126418113708496,6.046855449676514,5.965305805206299,5.897407531738281,5.822499752044678,5.754703044891357,5.717315196990967,5.681421756744385,5.61623477935791,5.546545028686523,5.485140800476074,5.420207500457764,5.363617420196533,5.303725719451904,5.251460075378418
null,null,null,null,null,null,null,null,null,null,null,null,null,null,null,null,null,null,null,null,null,null,null,null,null,null,null,null,null,6.322994709014893,6.396727561950684,6.435460090637207,6.418089389801025,6.347088813781738,6.255278587341309,6.159675121307373,6.064194679260254,5.986142635345459,5.903303146362305,5.830602169036865,5.790668964385986,5.753875255584717,5.68691873550415,5.615933895111084,5.5537109375,5.488241195678711,5.431332588195801,5.3712239265441895,5.318776607513428
null,null,null,null,null,null,null,null,null,null,null,null,null,null,null,null,null,null,null,null,null,null,null,null,null,null,null,null,null,6.482971668243408,6.5125250816345215,6.5678486824035645,6.55534553527832,6.4778218269348145,6.374294281005859,6.2627997398376465,6.153625965118408,6.0658650398254395,5.9756927490234375,5.8991379737854,5.85707950592041,5.819644451141357,5.751566410064697,5.6797966957092285,5.6173834800720215,5.551794052124023,5.494983196258545,5.434957027435303,5.382660865783691
null,null,null,null,null,null,null,null,null,null,null,null,null,null,null,null,null,null,null,null,null,null,null,null,null,null,null,null,null,null,null,6.640997886657715,6.630100727081299,6.5484089851379395,6.437636852264404,6.318234443664551,6.201423645019531,6.108841419219971,6.015190124511719,5.937659740447998,5.895015716552734,5.8575968742370605,5.78954553604126,5.718090057373047,5.6561737060546875,5.591134071350098,5.53474235534668,5.475180149078369,5.423236846923828
null,null,null,null,null,null,null,null,null,null,null,null,null,null,null,null,null,null,null,null,null,null,null,null,null,null,null,null,null,null,null,6.735599040985107,6.708544731140137,6.620140075683594,6.502129077911377,6.3762359619140625,6.254261493682861,6.15809965133667,6.062857627868652,5.985662937164307,5.943228721618652,5.906154632568359,5.838740348815918,5.768150329589844,5.707219123840332,5.643039226531982,5.5872955322265625,5.528309345245361,5.4768242835998535
null,null,null,null,null,null,null,null,null,null,null,null,null,null,null,null,null,null,null,null,null,null,null,null,null,null,null,null,null,null,null,6.841084957122803,6.786147594451904,6.686587333679199,6.560155391693115,6.429260730743408,6.303366661071777,6.205246925354004,6.109246730804443,6.032848358154297,5.990808486938477,5.954112529754639,5.887416839599609,5.817698955535889,5.757683753967285,5.694298267364502,5.639106273651123,5.580609321594238,5.5294647216796875
null,null,null,null,null,null,null,null,null,null,null,null,null,null,null,null,null,null,null,null,null,null,null,null,null,null,null,null,null,null,null,6.888818740844727,6.829630374908447,6.721801280975342,6.589879035949707,6.458102703094482,6.332216262817383,6.234990119934082,6.140083312988281,6.0646138191223145,6.023130893707275,5.9867377281188965,5.920547008514404,5.8513946533203125,5.791817665100098,5.728796005249023,5.673771858215332,5.615388870239258,5.564265727996826
null,null,null,null,null,null,null,null,null,null,null,null,null,null,null,null,null,null,null,null,null,null,null,null,null,null,null,null,null,null,null,6.939239025115967,6.874530792236328,6.756979942321777,6.62047815322876,6.489864826202393,6.36644172668457,6.272589683532715,6.180293560028076,6.106306552886963,6.065611362457275,6.029576301574707,5.964061260223389,5.895473957061768,5.836294651031494,5.7734527587890625,5.718388080596924,5.659853458404541,5.608505725860596
null,null,null,null,null,null,null,null,null,null,null,null,null,null,null,null,null,null,null,null,null,null,null,null,null,null,null,null,null,null,null,6.999589920043945,6.927689075469971,6.79702091217041,6.65479040145874,6.526745319366455,6.407504081726074,6.3187031745910645,6.230160236358643,6.157986164093018,6.1182861328125,6.082693099975586,6.017982006072998,5.950045108795166,5.891242027282715,5.8284831047058105,5.773186683654785,5.714311599731445,5.662564277648926
null,null,null,null,null,null,null,null,null,null,null,null,null,null,null,null,null,null,null,null,null,null,null,null,null,null,null,null,null,null,null,7.074233531951904,6.968268394470215,6.826096534729004,6.681303024291992,6.559900760650635,6.447661876678467,6.36469841003418,6.280261039733887,6.209657669067383,6.17082405090332,6.135595798492432,6.071547031402588,6.004145622253418,5.945643424987793,5.882838249206543,5.827143669128418,5.7678351402282715,5.71569299697876
null,null,null,null,null,null,null,null,null,null,null,null,null,null,null,null,null,null,null,null,null,null,null,null,null,null,null,null,null,7.38055419921875,7.265069007873535,7.129268169403076,6.989245414733887,6.842157363891602,6.700712203979492,6.590365409851074,6.48685884475708,6.409284591674805,6.328319072723389,6.258842945098877,6.220615386962891,6.185641288757324,6.122061252593994,6.055131435394287,5.997030735015869,5.9342803955078125,5.878276348114014,5.818692207336426,5.766341209411621
null,null,null,null,null,null,null,null,null,null,null,null,null,null,null,null,null,null,null,null,null,null,null,null,null,null,null,7.485208034515381,7.437642574310303,7.375760555267334,7.268258571624756,7.134108543395996,6.983887672424316,6.844376087188721,6.713835716247559,6.61560583114624,6.520411491394043,6.445463180541992,6.366415977478027,6.297656536102295,6.25985050201416,6.225276947021484,6.1623759269714355,6.0962042808532715,6.038738250732422,5.976421356201172,5.920553207397461,5.86104679107666,5.8087053298950195
