earth/public/data/ocean/W07/ANN-ocevel-depthz-0m-gfs-1.0.json
{"header": {"discipline": 0, "disciplineName": "Meteorological products", "gribEdition": 2, "gribLength": 131138.0, "center": 0, "centerName": "Kiel Climate Model", "subcenter": 0, "refTime": "1", "significanceOfRT": 1, "significanceOfRTName": "Start of forecast", "productStatus": 0, "productStatusName": "Operational products", "productType": 1, "productTypeName": "Forecast products", "productDefinitionTemplate": 0, "productDefinitionTemplateName": "Analysis/forecast at horizontal level/layer at a point in time", "parameterCategory": 2, "parameterCategoryName": "Momentum", "parameterNumber": 2, "parameterNumberName": "V-component_of_wind", "parameterUnit": "m/s", "genProcessType": 2, "genProcessTypeName": "Forecast", "forecastTime": 0, "surface1Type": 103, "surface1TypeName": "Specified height level above ground", "surface1Value": 10, "surface2Type": 255, "surface2TypeName": "Missing", "surface2Value": 0, "gridDefinitionTemplate": 0, "gridDefinitionTemplateName": "Latitude_Longitude", "numberPoints": 65160, "shape": 6, "shapeName": "Earth spherical with radius of 6,371,229.0 m", "gridUnits": "degrees", "resolution": 48, "winds": "true", "scanMode": 0, "nx": 360.0, "ny": 180.0, "basicAngle": 0, "subDivisions": 0, "lo1": 0.0, "la1": -89.5, "lo2": 359.0, "la2": 89.5, "dx": 1.0, "dy": -1.0}, "data":
[rows 80 to 99 of 180, columns 45 to 89 of 360]
0.059918779879808426,0.024722004309296608,-0.009430482052266598,-0.037192732095718384,-0.0216666292399168,0.03434523940086365,0.09279054403305054,0.14503470063209534,0.1428164392709732,0.08743219077587128,0.01937868259847164,-0.05034574121236801,-0.08622309565544128,-0.08300378918647766,-0.06460082530975342,-0.03432271629571915,-0.02716607227921486,-0.044101398438215256,-0.05513483285903931,-0.05844106897711754,-0.055555310100317,-0.047070372849702835,-0.04662853106856346,-0.05422733724117279,-0.05793668329715729,-0.05699686333537102,-0.0576976053416729,-0.05985580012202263,-0.05987544357776642,-0.05778020620346069,-0.05577493831515312,-0.054263096302747726,-0.05474169924855232,-0.05716807767748833,-0.05737385153770447,-0.05734134092926979,-0.05982702225446701,-0.06288664042949677,-0.06480474025011063,-0.06744590401649475,-0.07038716226816177,-0.07261069864034653,-0.07376836240291595,-0.0742984190583229,-0.07401049882173538
0.04303297773003578,0.013133038766682148,-0.008137542754411697,-0.0165602657943964,0.0007140321540646255,0.04022544249892235,0.0703277587890625,0.08453066647052765,0.06870410591363907,0.025405818596482277,-0.021045686677098274,-0.06181098148226738,-0.07813741266727448,-0.06662262231111526,-0.050184790045022964,-0.03161481395363808,-0.029172005131840706,-0.043468181043863297,-0.050777338445186615,-0.049852751195430756,-0.04640473425388336,-0.04096370190382004,-0.04187320917844772,-0.04898390173912048,-0.05400040000677109,-0.05603998154401779,-0.05759516730904579,-0.05840227007865906,-0.05785013362765312,-0.05605313554406166,-0.053622521460056305,-0.05096102133393288,-0.05100717395544052,-0.05369983986020088,-0.05372924357652664,-0.053329795598983765,-0.056000079959630966,-0.059669408947229385,-0.062194447964429855,-0.06387260556221008,-0.06439206749200821,-0.06567708402872086,-0.06748655438423157,-0.06949196010828018,-0.07135581225156784
0.01736057922244072,-0.012293360196053982,-0.023648923262953758,-0.013913542032241821,0.00872854795306921,0.04012370854616165,0.047492220997810364,0.02834790199995041,0.00033357503707520664,-0.03203258663415909,-0.05635874718427658,-0.06758240610361099,-0.06522238254547119,-0.04902639985084534,-0.03712957352399826,-0.031671810895204544,-0.03270512446761131,-0.04028043523430824,-0.04208502173423767,-0.037742730230093,-0.03471340984106064,-0.033491916954517365,-0.035770710557699203,-0.041188839823007584,-0.04729891195893288,-0.05305870249867439,-0.05527738481760025,-0.05360439047217369,-0.0520944781601429,-0.05103009566664696,-0.04859967902302742,-0.04520711302757263,-0.04533877968788147,-0.04893582686781883,-0.049168091267347336,-0.0487024150788784,-0.05190882459282875,-0.05643180012702942,-0.059710096567869186,-0.06028332561254501,-0.058022696524858475,-0.05842674523591995,-0.061369605362415314,-0.06488723307847977,-0.06838324666023254
0.00048323837108910084,-0.041206296533346176,-0.05684616416692734,-0.04300566762685776,-0.014675582759082317,0.02332526072859764,0.033194899559020996,0.012243274599313736,-0.014752347953617573,-0.043605949729681015,-0.06006675586104393,-0.06044093146920204,-0.05380390211939812,-0.04074868559837341,-0.034027356654405594,-0.035002220422029495,-0.035189103335142136,-0.034643299877643585,-0.031722139567136765,-0.026836607605218887,-0.02544538863003254,-0.02780638448894024,-0.030711796134710312,-0.03364090621471405,-0.039778903126716614,-0.04802737012505531,-0.04994640126824379,-0.04522586986422539,-0.04259146377444267,-0.042520228773355484,-0.040732529014348984,-0.03755859285593033,-0.038292836397886276,-0.042834363877773285,-0.04336429014801979,-0.043089523911476135,-0.04704791679978371,-0.052118100225925446,-0.05546875298023224,-0.055380236357450485,-0.051849134266376495,-0.05260338634252548,-0.057414114475250244,-0.0618952214717865,-0.06521598249673843
0.006051084958016872,-0.05655718222260475,-0.0885026603937149,-0.0838620588183403,-0.05657436326146126,-0.011097810231149197,0.016348784789443016,0.021129978820681572,0.009674372151494026,-0.016356276348233223,-0.03594089671969414,-0.04566146433353424,-0.0473656952381134,-0.04053611680865288,-0.03726985305547714,-0.03821085765957832,-0.03529767319560051,-0.02901384048163891,-0.02349267713725567,-0.019664214923977852,-0.019938580691814423,-0.024309389293193817,-0.02736460044980049,-0.028555015102028847,-0.03402739390730858,-0.042793821543455124,-0.04344618320465088,-0.03589489683508873,-0.03206080570816994,-0.03264771029353142,-0.0314941368997097,-0.028840476647019386,-0.029871437698602676,-0.0344264954328537,-0.03457626700401306,-0.03395938128232956,-0.038248155266046524,-0.043005235493183136,-0.04507562145590782,-0.044730011373758316,-0.04202701896429062,-0.04469277337193489,-0.05221133306622505,-0.057755474001169205,-0.060285523533821106
0.03356326371431351,-0.0504281185567379,-0.10288649797439575,-0.11441528052091599,-0.09730479121208191,-0.054452650249004364,-0.011719929054379463,0.02377503551542759,0.03623628243803978,0.02355297841131687,0.0013096556067466736,-0.026982858777046204,-0.04228529706597328,-0.0419786311686039,-0.04128661006689072,-0.04024478793144226,-0.03462166711688042,-0.025368133559823036,-0.01892930641770363,-0.01646413654088974,-0.017759060487151146,-0.022598905488848686,-0.02565484307706356,-0.026375804096460342,-0.030900631099939346,-0.03841998800635338,-0.03724135458469391,-0.02757735550403595,-0.02259046770632267,-0.023171065375208855,-0.022127913311123848,-0.019673742353916168,-0.02044825628399849,-0.024316972121596336,-0.023505492135882378,-0.02172103524208069,-0.025307444855570793,-0.028731433674693108,-0.02844996564090252,-0.028044726699590683,-0.027586037293076515,-0.032834723591804504,-0.04287858307361603,-0.04993443191051483,-0.05272012948989868
0.08138295263051987,-0.014862141571938992,-0.0857902467250824,-0.11869442462921143,-0.1224847361445427,-0.0957060158252716,-0.054833266884088516,-0.006140260025858879,0.028581099584698677,0.04343185946345329,0.03171071782708168,-0.00541647570207715,-0.029875043779611588,-0.03782656788825989,-0.04226953163743019,-0.04210849106311798,-0.03647778928279877,-0.02615705318748951,-0.019623039290308952,-0.01803251914680004,-0.019326159730553627,-0.02334628999233246,-0.025870056822896004,-0.026505446061491966,-0.029388071969151497,-0.034069739282131195,-0.030789785087108612,-0.020159278064966202,-0.014483509585261345,-0.01474466547369957,-0.013016926124691963,-0.009665779769420624,-0.009458456188440323,-0.012505069375038147,-0.010600556619465351,-0.007098033092916012,-0.008969027549028397,-0.010589735582470894,-0.008068366907536983,-0.008136422373354435,-0.010710611939430237,-0.017924169078469276,-0.028520263731479645,-0.03731702268123627,-0.042710717767477036
0.14381125569343567,0.052608389407396317,-0.027450649067759514,-0.08276819437742233,-0.11309721320867538,-0.11355915665626526,-0.09276007115840912,-0.05430258437991142,-0.012514796108007431,0.02646270953118801,0.034797199070453644,0.011671040207147598,-0.00827372819185257,-0.02230442501604557,-0.03292905539274216,-0.03862693905830383,-0.03724641352891922,-0.028871772810816765,-0.02396159991621971,-0.023211991414427757,-0.023850401863455772,-0.025710340589284897,-0.026841644197702408,-0.02705298736691475,-0.02767634205520153,-0.028551973402500153,-0.023589881137013435,-0.013605904765427113,-0.008275255560874939,-0.008509754203259945,-0.00581642659381032,-0.0006188843981362879,0.0011591891525313258,-0.0007676826207898557,0.0022483516950160265,0.007211998570710421,0.006867326330393553,0.006162766832858324,0.009414703585207462,0.007809699047356844,0.00167917984072119,-0.006337256170809269,-0.014824816025793552,-0.02492206171154976,-0.034866318106651306
0.17266811430454254,0.12122796475887299,0.05858266353607178,-0.006113012321293354,-0.057257987558841705,-0.08612657338380814,-0.0937156081199646,-0.07884151488542557,-0.04852296784520149,-0.008306670933961868,0.015076805837452412,0.017936885356903076,0.01363771129399538,0.0033723132219165564,-0.009230179712176323,-0.0221178587526083,-0.027673250064253807,-0.025001343339681625,-0.024308811873197556,-0.025687571614980698,-0.02591736614704132,-0.024925541132688522,-0.024215277284383774,-0.02389296144247055,-0.022827064618468285,-0.021126430481672287,-0.015960093587636948,-0.008172684349119663,-0.004432852379977703,-0.005377240013331175,-0.002636154182255268,0.0033723057713359594,0.006263904273509979,0.005591575521975756,0.009375659748911858,0.014508850872516632,0.014183913357555866,0.012945207767188549,0.015182215720415115,0.011666891165077686,0.002958026248961687,-0.0041955201886594296,-0.00861953292042017,-0.018167465925216675,-0.031265947967767715
0.14134590327739716,0.15795990824699402,0.13444079458713531,0.07645901292562485,0.01770956441760063,-0.03153610602021217,-0.0625709667801857,-0.07035311311483383,-0.058439675718545914,-0.029345979914069176,-0.0026124294381588697,0.017040221020579338,0.02718372270464897,0.026364101096987724,0.01676207222044468,0.00017932710761670023,-0.01091108936816454,-0.014679943211376667,-0.018875911831855774,-0.02288777008652687,-0.023215072229504585,-0.019823500886559486,-0.017725439742207527,-0.01725716143846512,-0.015931902453303337,-0.013961960561573505,-0.01008067186921835,-0.005012266803532839,-0.003329628612846136,-0.005397625267505646,-0.0035661449655890465,0.001776987686753273,0.004862445872277021,0.005099636968225241,0.009085522964596748,0.013096864335238934,0.011538410559296608,0.009152590297162533,0.010205136612057686,0.005576428957283497,-0.003918377682566643,-0.00880410149693489,-0.008151841349899769,-0.01518318336457014,-0.02857355959713459
0.11230705678462982,0.16802430152893066,0.17433634400367737,0.14202824234962463,0.09118730574846268,0.029964081943035126,-0.019975854083895683,-0.04904294013977051,-0.05599053204059601,-0.038870058953762054,-0.014846676960587502,0.011835827492177486,0.0309992004185915,0.03891896829009056,0.033910878002643585,0.016790390014648438,0.002544838236644864,-0.006169204134494066,-0.01396779716014862,-0.019409041851758957,-0.019522907212376595,-0.014324694871902466,-0.011601974256336689,-0.011832239106297493,-0.011548815295100212,-0.010738806799054146,-0.009213774465024471,-0.007152487523853779,-0.007745784241706133,-0.010797752067446709,-0.010110962204635143,-0.005763566587120295,-0.002812296384945512,-0.0017733895219862461,0.002344668610021472,0.0044450839050114155,0.00021470070350915194,-0.0028900792822241783,-0.0007887706160545349,-0.00560589786618948,-0.016481362283229828,-0.01878676749765873,-0.012091513723134995,-0.014959769323468208,-0.027033789083361626
0.1345624327659607,0.17039375007152557,0.1930406242609024,0.20442743599414825,0.17279650270938873,0.10658788681030273,0.03821834549307823,-0.020201828330755234,-0.05362142622470856,-0.055604033172130585,-0.040741559118032455,-0.011105619370937347,0.016538094729185104,0.03725527226924896,0.040629878640174866,0.025576923042535782,0.010357544757425785,-0.0025151814334094524,-0.01325299683958292,-0.019892361015081406,-0.02003885805606842,-0.013543369248509407,-0.010672495700418949,-0.011950453743338585,-0.01273474283516407,-0.013014886528253555,-0.015091547742486,-0.018544085323810577,-0.022785061970353127,-0.026923349127173424,-0.028024690225720406,-0.025814387947320938,-0.023274710401892662,-0.020829714834690094,-0.01563308760523796,-0.015039016492664814,-0.022762559354305267,-0.024915285408496857,-0.01746080443263054,-0.020962240174412727,-0.03495819866657257,-0.03519916534423828,-0.02162281610071659,-0.019723014906048775,-0.029710056260228157
0.15471605956554413,0.18777883052825928,0.20070047676563263,0.23254337906837463,0.21946442127227783,0.18447110056877136,0.11671867221593857,0.025664538145065308,-0.040257539600133896,-0.06943359971046448,-0.07239151746034622,-0.048456642776727676,-0.018787434324622154,0.012286909855902195,0.026616768911480904,0.022087739780545235,0.011968009173870087,-0.0024656872265040874,-0.015174217522144318,-0.024036340415477753,-0.025711432099342346,-0.01983639970421791,-0.017055092379450798,-0.017850996926426888,-0.018057994544506073,-0.01773192174732685,-0.023287512362003326,-0.033903542906045914,-0.042030978947877884,-0.04644403234124184,-0.049553222954273224,-0.05093076080083847,-0.049601826816797256,-0.045770153403282166,-0.039242714643478394,-0.03839782625436783,-0.04738146811723709,-0.04362539201974869,-0.023760821670293808,-0.02356773242354393,-0.043133873492479324,-0.0443660207092762,-0.026619479060173035,-0.022563600912690163,-0.03260151296854019
null,null,null,null,null,0.2528883218765259,0.20213888585567474,0.0884198322892189,-0.004724449012428522,-0.06089901924133301,-0.08435772359371185,-0.07128796726465225,-0.049516934901475906,-0.02336655557155609,-0.00330159580335021,0.007473750039935112,0.006411169655621052,-0.005702978931367397,-0.017616139724850655,-0.02727692946791649,-0.030668316408991814,-0.027365276589989662,-0.025038091465830803,-0.024089418351650238,-0.023025235161185265,-0.021856257691979408,-0.028806500136852264,-0.04265633970499039,-0.051892202347517014,-0.05495591089129448,-0.05885253846645355,-0.06290378421545029,-0.06344737112522125,-0.06038505211472511,-0.053879644721746445,-0.053488243371248245,-0.06369078904390335,-0.05183224380016327,-0.014666052535176277,-0.006707786116749048,-0.029758211225271225,-0.034082211554050446,-0.01929495856165886,-0.01815679669380188,-0.030798206105828285
null,null,null,null,null,0.3069384694099426,0.25948020815849304,0.14613983035087585,0.042731717228889465,-0.03323959559202194,-0.07198547571897507,-0.06663365662097931,-0.05586395040154457,-0.041623570024967194,-0.02499290369451046,-0.008837400004267693,-0.004574870225042105,-0.012840247713029385,-0.020969489589333534,-0.027556883171200752,-0.03064359351992607,-0.029713820666074753,-0.028187638148665428,-0.026346294209361076,-0.025371020659804344,-0.025444213300943375,-0.03179977089166641,-0.043321240693330765,-0.050624314695596695,-0.05238823592662811,-0.05614899843931198,-0.061174921691417694,-0.06403585523366928,-0.06418114900588989,-0.05851476639509201,-0.06180693209171295,-0.08055029064416885,-0.06457742303609848,-0.01093369536101818,0.00922388769686222,-0.007799210492521524,-0.014171306043863297,-0.008643723092973232,-0.012210643850266933,-0.02441445365548134
null,null,null,null,null,0.29515138268470764,0.25459831953048706,0.18044210970401764,0.09157189726829529,0.0030900253914296627,-0.04628782346844673,-0.04754919558763504,-0.04597724974155426,-0.04178569093346596,-0.03375953435897827,-0.023282546550035477,-0.0193636417388916,-0.022683069109916687,-0.0254132729023695,-0.02706737071275711,-0.02841194160282612,-0.02915302664041519,-0.028760235756635666,-0.02726883254945278,-0.02754967287182808,-0.029549166560173035,-0.034022171050310135,-0.04024131968617439,-0.04424604773521423,-0.04538226127624512,-0.04885295033454895,-0.05410011485219002,-0.05855667218565941,-0.061571910977363586,-0.058614037930965424,-0.07396703213453293,-0.11222018301486969,-0.0912046954035759,-0.01943511888384819,0.016063109040260315,0.008762824349105358,0.002292961347848177,-0.0022144741378724575,-0.008781304582953453,-0.016230177134275436
null,null,null,null,null,0.24055300652980804,0.22870314121246338,0.21184836328029633,0.14890490472316742,0.04943777248263359,-0.010681116953492165,-0.020389869809150696,-0.02874978817999363,-0.03426074981689453,-0.036637499928474426,-0.03545963019132614,-0.03386364132165909,-0.03203370049595833,-0.029521798714995384,-0.02667267806828022,-0.026168551295995712,-0.028154287487268448,-0.02939402125775814,-0.029643230140209198,-0.03232715278863907,-0.03678316995501518,-0.03900095075368881,-0.038451455533504486,-0.03745167702436447,-0.03631141781806946,-0.03823389112949371,-0.042986366897821426,-0.046921905130147934,-0.04941019415855408,-0.0496140792965889,-0.09347950667142868,-0.15772002935409546,-0.11953192949295044,-0.02890629507601261,0.020765841007232666,0.020781060680747032,0.014057036489248276,0.0018237922340631485,-0.006606300361454487,-0.009654104709625244
null,null,null,null,null,0.21554024517536163,0.21363596618175507,0.23632681369781494,0.18754328787326813,0.09189423173666,0.030292436480522156,0.012282174080610275,-0.006077648140490055,-0.021477576345205307,-0.034049443900585175,-0.041594941169023514,-0.04382152855396271,-0.04030613228678703,-0.034628622233867645,-0.027683747932314873,-0.02454039454460144,-0.02585066296160221,-0.02808144874870777,-0.03099237009882927,-0.037687819451093674,-0.047000329941511154,-0.04918330907821655,-0.04362720996141434,-0.037776269018650055,-0.03238363564014435,-0.03063477762043476,-0.032901644706726074,-0.034903012216091156,-0.036489713937044144,-0.03762616589665413,-0.10509417951107025,-0.1975167840719223,-0.14119231700897217,-0.038653649389743805,0.021541262045502663,0.02852756902575493,0.02234240435063839,0.0040220702067017555,-0.006540227215737104,-0.007444024085998535
null,null,null,null,null,null,null,null,0.17219334840774536,0.1155734434723854,0.0710257887840271,0.04647019878029823,0.01860376074910164,-0.007513950578868389,-0.029247811064124107,-0.04264520853757858,-0.04907539486885071,-0.047447942197322845,-0.041593730449676514,-0.03246546536684036,-0.026484401896595955,-0.024580560624599457,-0.025676419958472252,-0.029638610780239105,-0.03929847478866577,-0.053149815648794174,-0.05717227980494499,-0.05083075165748596,-0.042978253215551376,-0.03500049188733101,-0.030208410695195198,-0.028927357867360115,-0.028337690979242325,null,null,null,-0.19037401676177979,-0.14733783900737762,-0.044616155326366425,0.018997175619006157,0.0325518362224102,0.027476191520690918,0.004746275953948498,-0.007656831294298172,-0.00753530440852046
null,null,null,null,null,null,null,null,0.13541564345359802,0.12308526784181595,0.10000406950712204,0.07165572047233582,0.03705686330795288,0.0021183090284466743,-0.02586507983505726,-0.04216087982058525,-0.051247891038656235,-0.05159537494182587,-0.04696525260806084,-0.03831080347299576,-0.030855290591716766,-0.02592952363193035,-0.024998513981699944,-0.028091667219996452,-0.03811711445450783,-0.05317901447415352,-0.058343302458524704,-0.052662305533885956,-0.04510580748319626,-0.03708029165863991,-0.0320359542965889,-0.0381728932261467,-0.04580969363451004,null,null,null,-0.1630736142396927,-0.13946594297885895,-0.04450025036931038,0.017399175092577934,0.03464960306882858,0.0304748322814703,0.005665155593305826,-0.00762577448040247,-0.007010388653725386
