earth/public/data/ocean/W07/ANN-vosaline-depthz-1000m-gfs-1.0.json
{"header": {"discipline": 0, "disciplineName": "Meteorological products", "gribEdition": 2, "gribLength": 131138.0, "center": 0, "centerName": "Kiel Climate Model", "subcenter": 0, "refTime": "1", "significanceOfRT": 1, "significanceOfRTName": "Start of forecast", "productStatus": 0, "productStatusName": "Operational products", "productType": 1, "productTypeName": "Forecast products", "productDefinitionTemplate": 0, "productDefinitionTemplateName": "Analysis/forecast at horizontal level/layer at a point in time", "parameterCategory": 2, "parameterCategoryName": "Momentum", "parameterNumber": 2, "parameterNumberName": "U-component_of_wind", "parameterUnit": "PSU", "genProcessType": 2, "genProcessTypeName": "Forecast", "forecastTime": 0, "surface1Type": 103, "surface1TypeName": "Specified height level above ground", "surface1Value": 10, "surface2Type": 255, "surface2TypeName": "Missing", "surface2Value": 0, "gridDefinitionTemplate": 0, "gridDefinitionTemplateName": "Latitude_Longitude", "numberPoints": 65160, "shape": 6, "shapeName": "Earth spherical with radius of 6,371,229.0 m", "gridUnits": "degrees", "resolution": 48, "winds": "true", "scanMode": 0, "nx": 360.0, "ny": 180.0, "basicAngle": 0, "subDivisions": 0, "lo1": 0.0, "la1": -89.5, "lo2": 359.0, "la2": 89.5, "dx": 1.0, "dy": -1.0}, "data":
[rows 66 to 87 of 180, columns 49 to 97 of 360]
34.417110443115234,34.41671371459961,34.415428161621094,34.41359329223633,34.412811279296875,34.413352966308594,34.41273880004883,34.411155700683594,34.41012954711914,34.40984344482422,34.409236907958984,34.408424377441406,34.407501220703125,34.40665054321289,34.405738830566406,34.40495300292969,34.40422058105469,34.40369415283203,34.402976989746094,34.4022216796875,34.401432037353516,34.400760650634766,34.40005874633789,34.39946365356445,34.39888000488281,34.39842987060547,34.39799118041992,34.39765548706055,34.39729690551758,34.39698028564453,34.39662551879883,34.39613723754883,34.395660400390625,34.395347595214844,34.39508819580078,34.39474105834961,34.394378662109375,34.39396286010742,34.393585205078125,34.39316940307617,34.3928337097168,34.39276885986328,34.39303970336914,34.39375305175781,34.39482116699219,34.39641189575195,34.39826583862305,34.40027618408203,34.402095794677734
34.41689682006836,34.41963195800781,34.41914367675781,34.41602325439453,34.41518783569336,34.416927337646484,34.417205810546875,34.415916442871094,34.415122985839844,34.41493225097656,34.41451644897461,34.41392517089844,34.413307189941406,34.41273498535156,34.41202926635742,34.41129684448242,34.41072082519531,34.410396575927734,34.40988540649414,34.40926742553711,34.40864562988281,34.40813064575195,34.40761184692383,34.40717697143555,34.40678024291992,34.40647506713867,34.40619659423828,34.40597915649414,34.40574264526367,34.4055290222168,34.4052848815918,34.40494918823242,34.40462875366211,34.40443420410156,34.404266357421875,34.404052734375,34.40382766723633,34.403621673583984,34.40346145629883,34.403404235839844,34.4034423828125,34.40383529663086,34.40449523925781,34.405574798583984,34.40687561035156,34.40857696533203,34.410377502441406,34.41231918334961,34.41407775878906
null,34.42900848388672,34.42731475830078,34.421661376953125,34.420230865478516,34.42300796508789,34.424705505371094,34.42495346069336,34.42500305175781,34.4248046875,34.42461395263672,34.42447280883789,34.42449188232422,34.42466354370117,34.42432403564453,34.42352294921875,34.42307662963867,34.423065185546875,34.422813415527344,34.422367095947266,34.42193603515625,34.42159652709961,34.421260833740234,34.420997619628906,34.42076873779297,34.42062759399414,34.42049026489258,34.4203987121582,34.42027282714844,34.42015075683594,34.420005798339844,34.41980743408203,34.419620513916016,34.41951370239258,34.419437408447266,34.41933822631836,34.41925048828125,34.419212341308594,34.41924285888672,34.419395446777344,34.41966247558594,34.42020797729492,34.420963287353516,34.42198944091797,34.423126220703125,34.42446517944336,34.42578125,34.42718505859375,34.42843246459961
null,34.43452072143555,34.43147659301758,34.4260139465332,34.42518615722656,34.429283142089844,34.43264389038086,34.43477249145508,34.435791015625,34.435585021972656,34.43556213378906,34.43573760986328,34.436439514160156,34.43758010864258,34.43770217895508,34.43681716918945,34.436519622802734,34.43687057495117,34.4369010925293,34.436622619628906,34.43637466430664,34.43620681762695,34.43601608276367,34.43584442138672,34.435726165771484,34.4356803894043,34.435630798339844,34.43559265136719,34.43553161621094,34.435462951660156,34.43537521362305,34.43524932861328,34.435142517089844,34.43508529663086,34.43503952026367,34.43500900268555,34.435001373291016,34.43507385253906,34.435203552246094,34.435482025146484,34.43585205078125,34.43643569946289,34.43711853027344,34.437950134277344,34.43876647949219,34.43964385986328,34.44039535522461,34.441192626953125,34.441856384277344
null,34.4343147277832,34.432090759277344,34.428001403808594,34.428558349609375,34.43358612060547,34.438392639160156,34.44200134277344,34.44388198852539,34.44363021850586,34.44378662109375,34.44429397583008,34.44609832763672,34.44874572753906,34.449440002441406,34.4480094909668,34.44754409790039,34.44817352294922,34.44837188720703,34.44810485839844,34.44792556762695,34.44786834716797,34.447715759277344,34.44749450683594,34.44733810424805,34.4472770690918,34.447181701660156,34.44707489013672,34.446956634521484,34.44684982299805,34.44670867919922,34.44649887084961,34.44630432128906,34.44617462158203,34.44605255126953,34.445945739746094,34.44588088989258,34.44587326049805,34.44593048095703,34.44609069824219,34.44633865356445,34.44669723510742,34.44712829589844,34.447601318359375,34.448062896728516,34.448490142822266,34.44883728027344,34.44915771484375,34.449432373046875
null,34.43523406982422,34.43339920043945,34.43010711669922,34.43146514892578,34.43729782104492,34.44324493408203,34.448333740234375,34.4509162902832,34.45058822631836,34.45097732543945,34.4520378112793,34.45521545410156,34.46006774902344,34.46134948730469,34.458885192871094,34.45804214477539,34.45894241333008,34.459232330322266,34.45886993408203,34.458702087402344,34.45875549316406,34.4586067199707,34.458274841308594,34.45804214477539,34.45793914794922,34.457763671875,34.45753479003906,34.457313537597656,34.457130432128906,34.45689392089844,34.456520080566406,34.4561653137207,34.45591354370117,34.455665588378906,34.45542907714844,34.45523452758789,34.455081939697266,34.45497512817383,34.45493698120117,34.454952239990234,34.45502853393555,34.45512390136719,34.45524215698242,34.455322265625,34.45536804199219,34.45534133911133,34.4553108215332,34.455257415771484
null,34.435726165771484,34.434165954589844,34.43184280395508,34.434669494628906,34.44154739379883,34.44877624511719,34.454952239990234,34.45835876464844,34.45831298828125,34.460174560546875,34.46339797973633,34.46769332885742,34.472225189208984,34.47299575805664,34.469993591308594,34.468990325927734,34.47016143798828,34.47056579589844,34.470123291015625,34.46995544433594,34.470096588134766,34.46992492675781,34.469478607177734,34.46913146972656,34.468963623046875,34.468658447265625,34.468284606933594,34.46791458129883,34.467628479003906,34.46725082397461,34.46665954589844,34.466087341308594,34.46566390991211,34.46525955200195,34.4648323059082,34.464481353759766,34.464115142822266,34.46381759643555,34.46352005004883,34.46329879760742,34.463050842285156,34.46284866333008,34.46258544921875,34.46234130859375,34.46201705932617,34.46169662475586,34.46133804321289,34.46103286743164
null,null,null,34.43328857421875,34.437496185302734,34.44566345214844,34.45388412475586,34.460750579833984,34.46482467651367,34.46542739868164,34.46950149536133,34.47651672363281,34.481285095214844,34.48297882080078,34.4823112487793,34.479270935058594,34.4783821105957,34.47980880737305,34.480316162109375,34.47980880737305,34.47964096069336,34.479835510253906,34.47962951660156,34.47905731201172,34.478599548339844,34.478336334228516,34.47789764404297,34.477359771728516,34.47684097290039,34.4764289855957,34.47589874267578,34.475067138671875,34.4742546081543,34.47365951538086,34.47307586669922,34.47246551513672,34.471923828125,34.47134780883789,34.470829010009766,34.47030258178711,34.469844818115234,34.46934127807617,34.46886444091797,34.46833419799805,34.46781921386719,34.467254638671875,34.46672058105469,34.46616744995117,34.46568298339844
null,null,null,34.43742752075195,34.44275665283203,34.45229721069336,34.461299896240234,34.468101501464844,34.472415924072266,34.473480224609375,34.47793960571289,34.485130310058594,34.4896354675293,34.490718841552734,34.490203857421875,34.48802947998047,34.48780059814453,34.48946762084961,34.4901008605957,34.48957443237305,34.4893913269043,34.48958206176758,34.489295959472656,34.48859405517578,34.488006591796875,34.487648010253906,34.487064361572266,34.486366271972656,34.485679626464844,34.485137939453125,34.48443603515625,34.483341217041016,34.48227310180664,34.48147964477539,34.48072052001953,34.479896545410156,34.47917556762695,34.478370666503906,34.4776496887207,34.47687530517578,34.47621154785156,34.47544860839844,34.47474670410156,34.473960876464844,34.47324752807617,34.472469329833984,34.47177505493164,34.47105407714844,34.470436096191406
null,null,null,34.44340896606445,34.449371337890625,34.460365295410156,34.46968460083008,34.47566223144531,34.479705810546875,34.48105239868164,34.48393630981445,34.48768615722656,34.49128341674805,34.493988037109375,34.49516677856445,34.4947624206543,34.495521545410156,34.497398376464844,34.498146057128906,34.497642517089844,34.497432708740234,34.49755859375,34.49717712402344,34.4963493347168,34.49565124511719,34.495201110839844,34.4944953918457,34.49365997314453,34.49283981323242,34.49216842651367,34.49131774902344,34.4899787902832,34.48867416381836,34.48771667480469,34.48678207397461,34.48579025268555,34.484901428222656,34.483924865722656,34.48301315307617,34.48206329345703,34.48122024536133,34.48028564453125,34.479408264160156,34.47846603393555,34.47761917114258,34.476722717285156,34.475929260253906,34.47511291503906,34.47441482543945
null,null,null,34.44883346557617,34.45580291748047,34.46833801269531,34.47833251953125,34.4838981628418,34.487640380859375,34.488895416259766,34.49068069458008,34.4926872253418,34.49530029296875,34.49810791015625,34.500370025634766,34.50166702270508,34.50356674194336,34.50564193725586,34.5064582824707,34.50586700439453,34.505558013916016,34.50559616088867,34.50507736206055,34.50410461425781,34.50325393676758,34.5026969909668,34.50184631347656,34.50086975097656,34.4998893737793,34.49909210205078,34.49807357788086,34.496498107910156,34.494964599609375,34.493839263916016,34.49275207519531,34.49158477783203,34.49055862426758,34.489410400390625,34.48834991455078,34.48723220825195,34.486263275146484,34.48517990112305,34.48418045043945,34.483116149902344,34.482181549072266,34.48119354248047,34.48032760620117,34.479427337646484,34.47866439819336
34.508235931396484,null,null,34.45974349975586,34.46476745605469,34.478790283203125,34.48947525024414,34.494972229003906,34.498348236083984,34.49898147583008,34.50037384033203,34.50226974487305,34.503108978271484,34.50276184082031,34.506019592285156,34.511077880859375,34.514434814453125,34.516441345214844,34.516990661621094,34.516029357910156,34.51543045043945,34.51531982421875,34.51457214355469,34.513328552246094,34.51222610473633,34.51146697998047,34.51041793823242,34.50926971435547,34.50809860229492,34.507118225097656,34.50590133666992,34.50405502319336,34.50226593017578,34.500972747802734,34.499725341796875,34.49840545654297,34.49723815917969,34.495948791503906,34.4947624206543,34.4935302734375,34.492469787597656,34.49129867553711,34.49022674560547,34.48910140991211,34.48812484741211,34.48707962036133,34.48615264892578,34.48518753051758,34.484352111816406
34.50437927246094,34.494293212890625,34.48064422607422,34.471099853515625,34.4748649597168,34.489418029785156,34.50038528442383,34.5057487487793,34.508758544921875,34.50885009765625,34.509864807128906,34.511600494384766,34.511940002441406,null,null,34.52293014526367,34.525482177734375,34.527069091796875,34.527183532714844,34.5257682800293,34.52484893798828,34.52457809448242,34.52359390258789,34.52206039428711,34.520687103271484,34.519710540771484,34.518470764160156,34.51717758178711,34.51583480834961,34.51467514038086,34.513275146484375,34.511192321777344,34.50917053222656,34.507728576660156,34.506351470947266,34.50489807128906,34.50361633300781,34.50221633911133,34.50094223022461,34.49961853027344,34.49849319458008,34.497257232666016,34.49613952636719,34.49496841430664,34.493961334228516,34.49286651611328,34.49188995361328,34.4908561706543,34.489952087402344
34.506587982177734,34.49779510498047,34.489383697509766,34.48271942138672,34.48624801635742,34.49934387207031,34.508914947509766,34.51340866088867,34.51587677001953,34.515933990478516,34.5170783996582,34.51906967163086,34.52219009399414,null,null,34.5330810546875,34.532676696777344,34.53373718261719,34.53343200683594,34.53184127807617,34.5307502746582,34.530364990234375,34.529205322265625,34.52750015258789,34.525901794433594,34.524723052978516,34.52334213256836,34.52202224731445,34.52058029174805,34.519290924072266,34.51778030395508,34.515594482421875,34.513458251953125,34.511940002441406,34.510528564453125,34.5090217590332,34.50769805908203,34.506256103515625,34.504966735839844,34.50362777709961,34.502479553222656,34.50122833251953,34.5001106262207,34.49892807006836,34.49790573120117,34.496788024902344,34.495784759521484,34.49470138549805,34.49374008178711
34.51985549926758,34.51332473754883,34.50765609741211,34.50392150878906,34.5068359375,34.51591873168945,34.52206039428711,34.52415084838867,34.52557373046875,34.526065826416016,34.52762985229492,34.53002166748047,34.53447723388672,34.54153060913086,34.544639587402344,34.542083740234375,34.54111862182617,34.5415153503418,34.54092025756836,34.539424896240234,34.538299560546875,34.537750244140625,34.53635025024414,34.534366607666016,34.532405853271484,34.53084182739258,34.52933120727539,34.52814865112305,34.52665328979492,34.525108337402344,34.52347183227539,34.5212287902832,34.51896286010742,34.51737976074219,34.51597595214844,34.514442443847656,34.513057708740234,34.511592864990234,34.51031494140625,34.508968353271484,34.507789611816406,34.506534576416016,34.50543212890625,34.504241943359375,34.5031852722168,34.50203323364258,34.500999450683594,34.499855041503906,34.498809814453125
34.53369140625,34.52946472167969,34.5263786315918,34.525123596191406,34.527225494384766,34.5322380065918,34.53492736816406,34.534603118896484,34.53500747680664,34.536014556884766,34.53779983520508,34.540035247802734,34.543460845947266,34.54739761352539,34.54944610595703,34.54921340942383,34.54901123046875,34.548885345458984,34.548095703125,34.546783447265625,34.5456657409668,34.544960021972656,34.543296813964844,34.54096221923828,34.53860855102539,34.53664016723633,34.53504943847656,34.53411865234375,34.532596588134766,34.53076171875,34.52900314331055,34.526737213134766,34.524349212646484,34.52269744873047,34.52132797241211,34.519775390625,34.518314361572266,34.51682662963867,34.51557540893555,34.514217376708984,34.512996673583984,34.51173400878906,34.510650634765625,34.50945281982422,34.50835418701172,34.50716781616211,34.50611114501953,34.50490951538086,34.5037841796875
34.543365478515625,34.54031753540039,34.53843307495117,34.53800582885742,34.53927993774414,34.54209518432617,34.54264450073242,34.54096221923828,34.54087829589844,34.54243087768555,34.544456481933594,34.54655075073242,34.54940414428711,34.55252456665039,34.55419158935547,34.554141998291016,34.55393600463867,34.553627014160156,34.55280685424805,34.55162048339844,34.550537109375,34.549747467041016,34.549476623535156,34.549537658691406,34.54684066772461,34.54190444946289,34.53871154785156,34.538082122802734,34.53659439086914,34.53451156616211,34.532657623291016,34.5304069519043,34.52794647216797,34.526248931884766,34.52491760253906,34.523345947265625,34.52182388305664,34.520301818847656,34.51906967163086,34.517696380615234,34.51644515991211,34.51516342163086,34.514095306396484,34.51288986206055,34.51176071166992,34.51054763793945,34.50947570800781,34.508235931396484,34.50705337524414
34.5551643371582,34.55302429199219,34.55171585083008,34.5515251159668,34.55191421508789,34.55278396606445,34.55137252807617,34.54790496826172,34.54762268066406,34.55056381225586,34.553428649902344,34.55568313598633,34.55803298950195,34.56005859375,34.56106185913086,34.560848236083984,34.56045913696289,34.55996322631836,34.559059143066406,34.55791473388672,34.55675506591797,34.5557975769043,34.5565299987793,34.55927276611328,34.55624771118164,34.5479850769043,34.54357147216797,34.54335403442383,34.54188919067383,34.53944778442383,34.537471771240234,34.53525924682617,34.53269577026367,34.530921936035156,34.529632568359375,34.52802276611328,34.52639389038086,34.52482223510742,34.52359390258789,34.52219772338867,34.52088928222656,34.51958084106445,34.518516540527344,34.51728820800781,34.516117095947266,34.51486587524414,34.513763427734375,34.51247024536133,34.51121139526367
34.569332122802734,34.56784439086914,34.56692886352539,34.56675720214844,34.56650924682617,34.56617736816406,34.5628547668457,34.55571365356445,34.5551643371582,34.5615119934082,34.5654296875,34.56744384765625,34.568965911865234,34.569732666015625,34.569950103759766,34.5695686340332,34.56893539428711,34.56816864013672,34.56707000732422,34.56584167480469,34.5644645690918,34.56319046020508,34.562835693359375,34.56324768066406,34.55998229980469,34.55363464355469,34.550025939941406,34.550025939941406,34.54851531982422,34.54576873779297,34.543670654296875,34.54143524169922,34.53872299194336,34.53684997558594,34.535560607910156,34.53388977050781,34.532142639160156,34.53049850463867,34.529258728027344,34.5278205871582,34.526451110839844,34.52509689331055,34.524009704589844,34.52274703979492,34.521541595458984,34.52024459838867,34.51909637451172,34.51774215698242,34.51642608642578
34.58317565917969,34.581966400146484,34.581172943115234,34.580928802490234,34.58079528808594,34.58079528808594,34.58039093017578,null,null,34.57848358154297,34.57917022705078,34.580360412597656,34.580833435058594,34.58051300048828,34.580047607421875,34.57952117919922,34.5786018371582,34.577457427978516,34.5760383605957,34.57460021972656,34.57289123535156,34.57122802734375,34.56911087036133,34.56692886352539,34.5637092590332,34.56002426147461,34.557769775390625,34.557373046875,34.55559158325195,34.552772521972656,34.55054473876953,34.5480842590332,34.54515838623047,34.543155670166016,34.54176330566406,34.53998947143555,34.53815841674805,34.53643798828125,34.53513717651367,34.53364181518555,34.53221893310547,34.530818939208984,34.529685974121094,34.52839660644531,34.527183532714844,34.525882720947266,34.524723052978516,34.52336883544922,34.52206039428711
34.596702575683594,34.59579086303711,34.59516906738281,34.59495162963867,34.59510040283203,34.59561538696289,34.59797668457031,34.602516174316406,34.60163879394531,34.59580612182617,34.59330368041992,34.59354782104492,34.59306716918945,34.591915130615234,34.59090042114258,34.590187072753906,34.58893966674805,34.587371826171875,34.58560562133789,34.58395004272461,34.581912994384766,34.57985305786133,34.57742691040039,34.5750617980957,34.57199478149414,34.568790435791016,34.56635284423828,34.565120697021484,34.56291961669922,34.56012725830078,34.5577278137207,34.554866790771484,34.551658630371094,34.54951095581055,34.54793930053711,34.546043395996094,34.544158935546875,34.5423583984375,34.54096984863281,34.53940200805664,34.53793716430664,34.5364990234375,34.53533935546875,34.53403854370117,34.532833099365234,34.53157043457031,34.530479431152344,34.52918243408203,34.527923583984375
34.60859298706055,34.608009338378906,34.60762023925781,34.60748291015625,34.607669830322266,34.60813903808594,34.60899353027344,34.610084533691406,34.609336853027344,34.606910705566406,34.605308532714844,34.604835510253906,34.60373306274414,34.602210998535156,34.60080337524414,34.59977340698242,34.59817886352539,34.5963134765625,34.59425354003906,34.592369079589844,34.59004211425781,34.58769607543945,34.58502960205078,34.58253860473633,34.57954406738281,34.57659912109375,34.57389831542969,34.571937561035156,34.56932067871094,34.5665283203125,34.56391143798828,34.56062316894531,34.55712890625,34.55484390258789,34.5531005859375,34.55109405517578,34.549190521240234,34.547340393066406,34.54587173461914,34.544246673583984,34.542762756347656,34.54130935668945,34.5401496887207,34.538856506347656,34.53767013549805,34.536460876464844,34.535457611083984,34.534305572509766,34.53321075439453
