earth/public/data/ocean/W07/ANN-vosaline-depthz-1000m-gfs-1.0.json
{"header": {"discipline": 0, "disciplineName": "Meteorological products", "gribEdition": 2, "gribLength": 131138.0, "center": 0, "centerName": "Kiel Climate Model", "subcenter": 0, "refTime": "1", "significanceOfRT": 1, "significanceOfRTName": "Start of forecast", "productStatus": 0, "productStatusName": "Operational products", "productType": 1, "productTypeName": "Forecast products", "productDefinitionTemplate": 0, "productDefinitionTemplateName": "Analysis/forecast at horizontal level/layer at a point in time", "parameterCategory": 2, "parameterCategoryName": "Momentum", "parameterNumber": 2, "parameterNumberName": "U-component_of_wind", "parameterUnit": "PSU", "genProcessType": 2, "genProcessTypeName": "Forecast", "forecastTime": 0, "surface1Type": 103, "surface1TypeName": "Specified height level above ground", "surface1Value": 10, "surface2Type": 255, "surface2TypeName": "Missing", "surface2Value": 0, "gridDefinitionTemplate": 0, "gridDefinitionTemplateName": "Latitude_Longitude", "numberPoints": 65160, "shape": 6, "shapeName": "Earth spherical with radius of 6,371,229.0 m", "gridUnits": "degrees", "resolution": 48, "winds": "true", "scanMode": 0, "nx": 360.0, "ny": 180.0, "basicAngle": 0, "subDivisions": 0, "lo1": 0.0, "la1": -89.5, "lo2": 359.0, "la2": 89.5, "dx": 1.0, "dy": -1.0}, "data":
[rows 44 to 65 of 180, columns 147 to 195 of 360]
34.30149459838867,34.302242279052734,34.30387878417969,34.30469512939453,34.30458450317383,34.30423355102539,34.30371856689453,34.30241012573242,34.300559997558594,34.29829406738281,34.29600143432617,34.293399810791016,34.29090881347656,34.28886795043945,34.28757858276367,34.287109375,34.287498474121094,34.2886848449707,34.29044723510742,34.29139709472656,null,null,null,null,34.258880615234375,34.27397918701172,34.30229568481445,34.31163024902344,34.30421829223633,34.30525207519531,34.31369400024414,34.31808853149414,34.31736373901367,34.31593322753906,34.313880920410156,34.31236267089844,34.311485290527344,34.30911636352539,34.305484771728516,34.30356216430664,34.302345275878906,34.30003356933594,34.2982292175293,34.29718017578125,34.29644012451172,34.296142578125,34.295013427734375,34.29323196411133,34.29113006591797
null,34.30282974243164,34.30275344848633,34.302703857421875,34.30268859863281,34.30190658569336,34.300514221191406,34.29887008666992,34.297271728515625,34.295387268066406,34.2935791015625,34.29172897338867,34.290191650390625,34.28903579711914,34.28850555419922,34.28863525390625,34.28943634033203,34.29063034057617,34.292015075683594,34.2928466796875,null,null,null,null,null,null,null,null,34.27336120605469,34.27458953857422,34.286930084228516,34.293521881103516,34.29404067993164,34.29404830932617,34.293853759765625,34.291812896728516,34.289493560791016,34.28767013549805,34.28667068481445,34.286041259765625,34.2860107421875,34.286048889160156,34.284996032714844,34.28313064575195,34.282222747802734,34.2824592590332,34.28156280517578,34.27973175048828,34.27801513671875
null,34.30421447753906,34.3027229309082,34.301822662353516,34.30162811279297,34.30033874511719,34.298152923583984,34.29616165161133,34.29470443725586,34.29314041137695,34.29176330566406,34.29056930541992,34.28981018066406,34.289405822753906,34.28946304321289,34.290035247802734,34.2910270690918,34.29217529296875,34.29325485229492,34.29378128051758,34.29360580444336,34.29349136352539,null,null,null,null,null,null,null,null,null,null,null,null,null,null,34.273704528808594,34.273555755615234,34.27361297607422,34.273651123046875,34.27442169189453,34.275840759277344,34.27516555786133,34.27251434326172,34.27130126953125,34.271728515625,34.2708740234375,34.26888656616211,34.26740646362305
null,34.30534362792969,34.30420684814453,34.30308532714844,34.30194854736328,34.2999382019043,34.2974967956543,34.295326232910156,34.293827056884766,34.292381286621094,34.29124450683594,34.29034423828125,34.28982925415039,34.2896842956543,34.28993225097656,34.29050827026367,34.291324615478516,34.292293548583984,34.29325485229492,34.293704986572266,34.293556213378906,34.293479919433594,null,null,null,null,null,null,null,null,null,null,null,null,null,null,34.27558517456055,34.27357864379883,34.27254104614258,34.27191925048828,34.27241516113281,34.273372650146484,34.27238845825195,34.269676208496094,34.26822280883789,34.2682991027832,34.267242431640625,34.265262603759766,34.26378631591797
null,null,34.30607604980469,34.304603576660156,34.301910400390625,34.299163818359375,34.29677963256836,34.2945671081543,34.292911529541016,34.29159164428711,34.290836334228516,34.290184020996094,34.289756774902344,34.28969955444336,34.2900390625,34.290348052978516,34.29058837890625,34.2912483215332,34.29220199584961,34.29231643676758,34.2916374206543,34.29125213623047,null,null,null,null,null,null,null,34.3137092590332,34.31106948852539,34.306434631347656,34.29964828491211,34.29365921020508,34.2893180847168,34.283687591552734,34.279014587402344,34.275909423828125,34.27383041381836,34.27277755737305,34.27245330810547,34.271846771240234,34.27043151855469,34.268428802490234,34.26693344116211,34.266204833984375,34.2649040222168,34.26326370239258,34.26181411743164
null,null,34.30655288696289,34.3046760559082,34.30124282836914,34.298133850097656,34.295921325683594,34.2937126159668,34.29191207885742,34.29072952270508,34.29039001464844,34.289981842041016,34.28959274291992,34.289588928222656,34.28997039794922,34.28996276855469,34.289546966552734,34.2899169921875,34.290992736816406,34.290435791015625,34.28828048706055,34.287105560302734,null,null,null,null,null,null,null,null,34.30902862548828,34.30497741699219,34.29879379272461,34.292236328125,34.28644561767578,34.281455993652344,34.27812576293945,34.275482177734375,34.27411651611328,34.27332305908203,34.27227020263672,34.270328521728516,34.268619537353516,34.267452239990234,34.265995025634766,34.2645263671875,34.26303482055664,34.26177978515625,34.260372161865234
null,null,34.30544662475586,34.303565979003906,34.3001594543457,34.29713439941406,34.2950439453125,34.29288864135742,34.29105758666992,34.289955139160156,34.2897834777832,34.289451599121094,34.289024353027344,34.28903579711914,34.28947448730469,34.28919219970703,34.288265228271484,34.28865432739258,34.2902717590332,34.289894104003906,34.28693389892578,34.2849006652832,null,null,null,null,null,null,null,null,34.307281494140625,34.30329513549805,34.297489166259766,34.291255950927734,34.28451919555664,34.27897262573242,34.275657653808594,34.273372650146484,34.272579193115234,34.272132873535156,34.27107620239258,34.26911926269531,34.26760482788086,34.26677322387695,34.26541519165039,34.26377487182617,34.26227951049805,34.261199951171875,34.259849548339844
null,null,34.30455780029297,34.302616119384766,34.299072265625,34.29591369628906,34.293739318847656,34.29149627685547,34.289615631103516,34.28841018676758,34.288124084472656,34.2878303527832,34.287574768066406,34.287452697753906,34.287513732910156,34.286888122558594,34.28569030761719,34.28608703613281,34.288047790527344,34.289310455322266,null,null,null,null,34.31966781616211,34.31992721557617,null,null,null,null,null,null,34.29487609863281,34.28911590576172,34.28266143798828,34.27724838256836,34.27375411987305,34.27124786376953,34.27008056640625,34.26945495605469,34.26876449584961,34.26753234863281,34.266357421875,34.26548385620117,34.26422882080078,34.262813568115234,34.261451721191406,34.26038360595703,34.259132385253906
null,null,34.30421829223633,34.30213928222656,34.298343658447266,34.2949333190918,34.292510986328125,34.290077209472656,34.28805923461914,34.28664779663086,34.28607940673828,34.285865783691406,34.28605651855469,34.28569030761719,34.28480911254883,34.2838249206543,34.282894134521484,34.28310012817383,34.28437042236328,34.28726577758789,34.2923583984375,34.30143737792969,34.31203079223633,34.31925582885742,34.32162857055664,34.3226432800293,null,null,null,null,null,null,34.2917366027832,34.28512191772461,34.279335021972656,34.274513244628906,34.2716064453125,34.26932144165039,34.268123626708984,34.267459869384766,34.266998291015625,34.26615905761719,34.26514434814453,34.26413345336914,34.26296615600586,34.261863708496094,34.26063919067383,34.25952911376953,34.25837707519531
null,null,34.3043212890625,34.30169677734375,34.2978630065918,34.294647216796875,34.291847229003906,34.28903579711914,34.28675842285156,34.285037994384766,34.28421401977539,34.2838249206543,34.28398513793945,34.28325271606445,34.28179168701172,34.280853271484375,34.28057861328125,34.28102111816406,34.282039642333984,34.28545379638672,34.29069900512695,34.29915237426758,34.30937576293945,34.31685256958008,34.32022476196289,34.32212448120117,null,null,null,null,null,null,34.285850524902344,34.27888107299805,34.274112701416016,34.270633697509766,34.268951416015625,34.26755905151367,34.26662826538086,34.26612091064453,34.265785217285156,34.26515197753906,34.264217376708984,34.26313400268555,34.26203536987305,34.2611198425293,34.260005950927734,34.258888244628906,34.25783157348633
null,null,null,null,34.297306060791016,34.29474639892578,34.29131317138672,34.287742614746094,34.284698486328125,34.282318115234375,34.28106689453125,34.280155181884766,34.27973937988281,34.278865814208984,34.27762985229492,34.27726745605469,34.277835845947266,34.27883529663086,34.28016662597656,34.28272247314453,34.28602600097656,34.292503356933594,34.30100631713867,34.30757522583008,34.3111457824707,34.3114128112793,null,null,34.294586181640625,34.29142379760742,34.286319732666016,34.28123474121094,34.275665283203125,34.27083969116211,34.26772689819336,34.2658576965332,34.26567840576172,34.26514434814453,34.26445770263672,34.264068603515625,34.26387023925781,34.26353073120117,34.262760162353516,34.261714935302734,34.26072692871094,34.25997543334961,34.259010314941406,34.25800704956055,34.257118225097656
null,null,null,null,34.29715347290039,34.29496765136719,34.290977478027344,34.286598205566406,34.28256607055664,34.27939987182617,34.277610778808594,34.2762336730957,34.2755012512207,34.27476501464844,34.27419662475586,34.27446746826172,34.27556610107422,34.276737213134766,34.277740478515625,34.27947998046875,34.28159713745117,34.28595733642578,34.2916374206543,34.2967414855957,34.30021286010742,34.300331115722656,34.29644775390625,34.29219055175781,34.2899169921875,34.285247802734375,34.27848815917969,34.27259063720703,34.268741607666016,34.26561737060547,34.26383972167969,34.26311492919922,34.26359558105469,34.26350021362305,34.26283645629883,34.262474060058594,34.26230239868164,34.26197814941406,34.261268615722656,34.26028823852539,34.25941467285156,34.25880813598633,34.25800323486328,34.25715637207031,34.256439208984375
null,null,null,null,34.29737854003906,34.29452896118164,34.290382385253906,34.28591537475586,34.2811164855957,34.27723693847656,34.27504348754883,34.27365493774414,34.27330780029297,34.273311614990234,34.27357864379883,34.273704528808594,34.273719787597656,34.274070739746094,34.2747917175293,34.276123046875,34.277835845947266,34.280792236328125,34.28452682495117,34.28759765625,34.28962326049805,34.290042877197266,34.28884506225586,34.286598205566406,34.2835578918457,34.279029846191406,34.273712158203125,34.26926040649414,34.26639175415039,34.264183044433594,34.26295471191406,34.26246643066406,34.262786865234375,34.26259231567383,34.26192092895508,34.26155471801758,34.26133728027344,34.26094055175781,34.26024627685547,34.25937271118164,34.258602142333984,34.258060455322266,34.25737762451172,34.25666809082031,34.256080627441406
null,null,null,null,null,null,null,34.28537368774414,34.27982711791992,34.275386810302734,34.27280807495117,34.271636962890625,34.2721061706543,34.27298355102539,34.274192810058594,34.27362823486328,34.271331787109375,34.27056884765625,34.27137756347656,34.27248764038086,34.27368927001953,34.27574920654297,34.27821731567383,34.27934265136719,34.27873611450195,34.2784309387207,34.27840805053711,34.27772903442383,34.27665328979492,34.27350616455078,34.268978118896484,34.26558303833008,34.2640380859375,34.26270294189453,34.261905670166016,34.26152801513672,34.26164627075195,34.261409759521484,34.2608642578125,34.26055908203125,34.26034927368164,34.25996780395508,34.259361267089844,34.25864028930664,34.257965087890625,34.25746536254883,34.25687789916992,34.256324768066406,34.25584030151367
null,null,null,null,null,null,null,34.28392791748047,34.277957916259766,34.27333450317383,34.270877838134766,34.26985168457031,34.27044677734375,34.27143478393555,34.2726936340332,34.27192306518555,34.269229888916016,34.268280029296875,34.26918029785156,34.27001953125,34.27067184448242,34.27191925048828,34.273582458496094,34.27362060546875,34.27201843261719,34.271095275878906,34.27104949951172,34.27072525024414,34.27027893066406,34.26833724975586,34.26519775390625,34.26313400268555,34.26241683959961,34.261749267578125,34.261234283447266,34.26095199584961,34.26095199584961,34.26066589355469,34.26014709472656,34.25986099243164,34.25962829589844,34.259212493896484,34.2586555480957,34.258056640625,34.25748825073242,34.257049560546875,34.25658416748047,34.25616455078125,34.25579833984375
null,null,null,null,null,null,null,34.2808837890625,34.275123596191406,34.271087646484375,34.26948928833008,34.268592834472656,34.268550872802734,34.26875686645508,34.26913070678711,34.268714904785156,34.26762008666992,34.267364501953125,34.268089294433594,34.26848602294922,34.268497467041016,34.26905059814453,34.27003860473633,34.270050048828125,34.26911926269531,34.26819610595703,34.267364501953125,34.26651382446289,34.26564025878906,34.26444625854492,34.26319122314453,34.262210845947266,34.261802673339844,34.26139450073242,34.26107406616211,34.26085662841797,34.26078796386719,34.260467529296875,34.25994873046875,34.259666442871094,34.25941467285156,34.258949279785156,34.25844955444336,34.25799560546875,34.2575798034668,34.25727462768555,34.25696563720703,34.256717681884766,34.25648498535156
null,null,null,null,null,null,null,34.277923583984375,34.27272415161133,34.26939010620117,34.268577575683594,34.26786422729492,34.267391204833984,34.267051696777344,34.26689529418945,34.2667121887207,34.266536712646484,34.266571044921875,34.26679229736328,34.2667121887207,34.26630783081055,34.26619338989258,34.266353607177734,34.26616668701172,34.26564407348633,34.26502990722656,34.26447677612305,34.26377868652344,34.26313400268555,34.26250457763672,34.262027740478516,34.261619567871094,34.2613410949707,34.261112213134766,34.26097869873047,34.26081466674805,34.26065444946289,34.26032638549805,34.25989532470703,34.25965881347656,34.25941848754883,34.25898742675781,34.25858688354492,34.258296966552734,34.25804138183594,34.25787353515625,34.257720947265625,34.257625579833984,34.25753402709961
null,null,null,null,null,null,null,34.276100158691406,34.271549224853516,34.26879119873047,34.26829528808594,34.26781463623047,34.267417907714844,34.26708221435547,34.26685333251953,34.266639709472656,34.2664794921875,34.266475677490234,34.26662063598633,34.26637649536133,34.26578140258789,34.265380859375,34.265254974365234,34.264923095703125,34.26443862915039,34.264060974121094,34.26387023925781,34.2635383605957,34.26313400268555,34.2626838684082,34.26226043701172,34.261932373046875,34.26173400878906,34.26161193847656,34.26157760620117,34.261505126953125,34.26139450073242,34.261112213134766,34.260704040527344,34.26047897338867,34.26030349731445,34.259986877441406,34.259708404541016,34.2595100402832,34.25938034057617,34.25932693481445,34.259300231933594,34.2592887878418,34.259300231933594
null,null,null,null,null,null,null,34.27456283569336,34.270694732666016,34.26835632324219,34.268009185791016,34.26775360107422,34.26764678955078,34.26744842529297,34.26719665527344,34.266902923583984,34.2666130065918,34.26674270629883,34.267276763916016,34.2671012878418,34.26625061035156,34.26576232910156,34.26572036743164,34.265419006347656,34.264923095703125,34.26445770263672,34.264102935791016,34.26363754272461,34.26313400268555,34.262794494628906,34.262691497802734,34.26262283325195,34.26262283325195,34.26264190673828,34.262691497802734,34.26274490356445,34.26280975341797,34.262577056884766,34.26209259033203,34.26182556152344,34.261722564697266,34.26154327392578,34.26136779785156,34.2612419128418,34.26121520996094,34.26130294799805,34.261383056640625,34.26144790649414,34.26154327392578
null,null,null,null,null,null,null,34.273345947265625,34.27018356323242,34.268463134765625,34.26844787597656,34.26839065551758,34.26829147338867,34.26823425292969,34.268226623535156,34.26790237426758,34.2673225402832,34.26737976074219,34.26808547973633,34.267845153808594,34.266719818115234,34.26618194580078,34.26633071899414,34.26631164550781,34.266082763671875,34.26572799682617,34.265281677246094,34.26486587524414,34.264530181884766,34.264400482177734,34.26447296142578,34.2645378112793,34.264583587646484,34.26467514038086,34.264793395996094,34.26494216918945,34.26509475708008,34.26490783691406,34.26441955566406,34.26415252685547,34.26414108276367,34.26411819458008,34.26408004760742,34.2640266418457,34.26411437988281,34.264320373535156,34.264503479003906,34.26462936401367,34.264808654785156
null,null,null,null,null,null,null,34.27259826660156,34.270164489746094,34.26906967163086,34.269561767578125,34.269615173339844,34.269229888916016,34.26927947998047,34.269771575927734,34.26947784423828,34.268455505371094,34.26826477050781,34.26891326904297,34.268497467041016,34.2670783996582,34.266544342041016,34.26700210571289,34.26741027832031,34.26773452758789,34.26764678955078,34.26719284057617,34.26698684692383,34.267086029052734,34.267189025878906,34.26729202270508,34.26731872558594,34.26726150512695,34.267330169677734,34.26750946044922,34.2676887512207,34.26783752441406,34.2676887512207,34.26726150512695,34.267024993896484,34.26710510253906,34.26725769042969,34.26734161376953,34.26736068725586,34.26753234863281,34.26784133911133,34.268096923828125,34.26826095581055,34.268489837646484
null,null,null,null,null,null,34.27262496948242,34.271697998046875,34.27000427246094,34.26982498168945,34.2711181640625,34.271644592285156,34.2712516784668,34.271480560302734,34.27227020263672,34.272193908691406,34.271236419677734,34.270957946777344,34.271400451660156,34.2708740234375,34.26947021484375,34.26900863647461,34.269561767578125,34.27031707763672,34.271121978759766,34.271236419677734,34.270633697509766,34.27045822143555,34.270755767822266,34.27094650268555,34.27099609375,34.27099609375,34.27095031738281,34.271060943603516,34.27130126953125,34.2714729309082,34.27154541015625,34.271446228027344,34.27119064331055,34.27105712890625,34.271217346191406,34.27150344848633,34.27169418334961,34.27175521850586,34.27199172973633,34.272361755371094,34.27266311645508,34.27284622192383,34.27310562133789
