earth/public/data/ocean/W07/ANN-vosaline-depthz-1000m-gfs-1.0.json
{"header": {"discipline": 0, "disciplineName": "Meteorological products", "gribEdition": 2, "gribLength": 131138.0, "center": 0, "centerName": "Kiel Climate Model", "subcenter": 0, "refTime": "1", "significanceOfRT": 1, "significanceOfRTName": "Start of forecast", "productStatus": 0, "productStatusName": "Operational products", "productType": 1, "productTypeName": "Forecast products", "productDefinitionTemplate": 0, "productDefinitionTemplateName": "Analysis/forecast at horizontal level/layer at a point in time", "parameterCategory": 2, "parameterCategoryName": "Momentum", "parameterNumber": 2, "parameterNumberName": "U-component_of_wind", "parameterUnit": "PSU", "genProcessType": 2, "genProcessTypeName": "Forecast", "forecastTime": 0, "surface1Type": 103, "surface1TypeName": "Specified height level above ground", "surface1Value": 10, "surface2Type": 255, "surface2TypeName": "Missing", "surface2Value": 0, "gridDefinitionTemplate": 0, "gridDefinitionTemplateName": "Latitude_Longitude", "numberPoints": 65160, "shape": 6, "shapeName": "Earth spherical with radius of 6,371,229.0 m", "gridUnits": "degrees", "resolution": 48, "winds": "true", "scanMode": 0, "nx": 360.0, "ny": 180.0, "basicAngle": 0, "subDivisions": 0, "lo1": 0.0, "la1": -89.5, "lo2": 359.0, "la2": 89.5, "dx": 1.0, "dy": -1.0}, "data":
[rows 22 to 43 of 180, columns 147 to 195 of 360]
null,null,null,null,null,null,null,null,null,null,34.74235534667969,34.74238586425781,34.74247741699219,34.74260330200195,34.74276351928711,34.74315643310547,34.74369812011719,34.74433898925781,34.74496078491211,34.745689392089844,34.74637985229492,34.74702453613281,34.747501373291016,34.74784851074219,34.74799346923828,34.748130798339844,34.748226165771484,34.74833679199219,34.748443603515625,34.74860382080078,34.74879455566406,34.749019622802734,34.749244689941406,34.74948501586914,34.74971008300781,34.74995422363281,34.750179290771484,34.750423431396484,34.750648498535156,34.750770568847656,34.75090026855469,34.75113296508789,34.75139236450195,34.75163650512695,34.75190734863281,34.75216293334961,34.7524528503418,34.752723693847656,34.75302505493164
null,null,null,null,34.744693756103516,34.7439079284668,34.743438720703125,34.74300765991211,34.74271774291992,34.742496490478516,34.742408752441406,34.74245071411133,34.742591857910156,34.742774963378906,34.74296569824219,34.74329376220703,34.74370193481445,34.74417495727539,34.74462127685547,34.745140075683594,34.745635986328125,34.74612808227539,34.74652099609375,34.74687576293945,34.74712371826172,34.747379302978516,34.747596740722656,34.74784469604492,34.74808120727539,34.748348236083984,34.74860382080078,34.748878479003906,34.74911880493164,34.749366760253906,34.74958419799805,34.74981689453125,34.750022888183594,34.7502555847168,34.75046920776367,34.750587463378906,34.75071334838867,34.75094985961914,34.751216888427734,34.751468658447266,34.75175857543945,34.75202560424805,34.752323150634766,34.752601623535156,34.75289535522461
34.753475189208984,34.751914978027344,34.75033950805664,34.748199462890625,34.746337890625,34.74506759643555,34.7442512512207,34.743568420410156,34.743133544921875,34.74283218383789,34.74272918701172,34.742759704589844,34.742919921875,34.743202209472656,34.74354934692383,34.743980407714844,34.744407653808594,34.744850158691406,34.74522018432617,34.745609283447266,34.74594497680664,34.746307373046875,34.74662399291992,34.7469596862793,34.747257232666016,34.747581481933594,34.74787139892578,34.7481803894043,34.74845886230469,34.74873733520508,34.74897384643555,34.74919891357422,34.74937438964844,34.749549865722656,34.74968719482422,34.74984359741211,34.7499885559082,34.75016784667969,34.7503547668457,34.75045394897461,34.750587463378906,34.75082778930664,34.75111770629883,34.75139617919922,34.751708984375,34.75199508666992,34.75230407714844,34.75257873535156,34.75286865234375
34.75505447387695,34.75373458862305,34.75236129760742,34.750797271728516,34.74930191040039,34.74784851074219,34.7466926574707,34.74575424194336,34.74519348144531,34.74489212036133,34.7448844909668,34.74507141113281,34.74540710449219,34.745845794677734,34.746315002441406,34.74675750732422,34.74711227416992,34.74738311767578,34.747554779052734,34.747684478759766,34.74778366088867,34.747894287109375,34.74801254272461,34.748138427734375,34.74826431274414,34.748382568359375,34.748504638671875,34.74861526489258,34.748722076416016,34.74879455566406,34.74883270263672,34.74882888793945,34.74879455566406,34.748756408691406,34.74872970581055,34.74875259399414,34.74882125854492,34.74897766113281,34.74918746948242,34.749305725097656,34.74950408935547,34.74986267089844,34.75030517578125,34.75074005126953,34.75120544433594,34.75160217285156,34.75199890136719,34.752315521240234,34.752628326416016
34.756534576416016,34.7559928894043,34.75526809692383,34.75419616699219,34.75294494628906,34.75159454345703,34.75037384033203,34.74948501586914,34.74906539916992,34.74898910522461,34.749263763427734,34.7496452331543,34.750083923339844,34.750431060791016,34.75065994262695,34.75065231323242,34.75043869018555,34.75011444091797,34.74974822998047,34.74938201904297,34.74908447265625,34.74882888793945,34.74864959716797,34.7484130859375,34.74815368652344,34.74783706665039,34.747501373291016,34.747169494628906,34.746891021728516,34.746578216552734,34.74627685546875,34.745948791503906,34.74563980102539,34.74537658691406,34.74519348144531,34.7451286315918,34.745174407958984,34.74538040161133,34.745704650878906,34.74588394165039,34.74620819091797,34.746803283691406,34.74751663208008,34.74822998046875,34.74895095825195,34.74956130981445,34.750118255615234,34.75053405761719,34.75088119506836
34.75518035888672,34.75605773925781,34.75651168823242,34.75639343261719,34.75570297241211,34.754798889160156,34.75383758544922,34.75325393676758,34.753150939941406,34.753265380859375,34.753597259521484,34.75380325317383,34.75387954711914,34.75351333618164,34.7528076171875,34.75167465209961,34.750343322753906,34.74900817871094,34.747920989990234,34.746978759765625,34.74634552001953,34.74578857421875,34.745399475097656,34.74485778808594,34.7442512512207,34.743473052978516,34.7426643371582,34.7418327331543,34.74113464355469,34.74043273925781,34.73985290527344,34.73930358886719,34.7388801574707,34.73855972290039,34.73839569091797,34.73838806152344,34.738525390625,34.738853454589844,34.73931121826172,34.73956298828125,34.739986419677734,34.74076461791992,34.741695404052734,34.74261474609375,34.74354934692383,34.744327545166016,34.74502182006836,34.74551010131836,34.74586486816406
34.75068664550781,34.75361633300781,34.75572967529297,34.756988525390625,34.75715637207031,34.7569694519043,34.75646209716797,34.756080627441406,34.75592041015625,34.75571060180664,34.755516052246094,34.754974365234375,34.754188537597656,34.752525329589844,34.75028991699219,34.7474479675293,34.74452590942383,34.74188995361328,34.740028381347656,34.73860168457031,34.73787307739258,34.73725128173828,34.736839294433594,34.736167907714844,34.7353515625,34.734275817871094,34.733131408691406,34.73194885253906,34.73093032836914,34.72997283935547,34.729244232177734,34.72864532470703,34.72828674316406,34.72810363769531,34.728126525878906,34.72830581665039,34.72861099243164,34.729068756103516,34.72959899902344,34.729888916015625,34.7303352355957,34.731143951416016,34.73211669921875,34.73308563232422,34.73408126831055,34.73493194580078,34.735679626464844,34.73619079589844,34.73649978637695
34.743778228759766,34.74909973144531,34.75307083129883,34.75575637817383,34.756710052490234,34.756736755371094,34.75592041015625,34.75495147705078,34.75407028198242,34.7533073425293,34.75275421142578,34.75165939331055,34.75014877319336,34.74700164794922,34.7427864074707,34.737648010253906,34.73255157470703,34.728214263916016,34.72544479370117,34.72359848022461,34.72300720214844,34.72261047363281,34.72245788574219,34.72196578979492,34.721195220947266,34.720130920410156,34.71894454956055,34.71770095825195,34.71660614013672,34.71561050415039,34.714881896972656,34.71436309814453,34.714141845703125,34.71414566040039,34.714378356933594,34.71473693847656,34.71516799926758,34.71569061279297,34.716217041015625,34.71650695800781,34.716915130615234,34.71765899658203,34.71858215332031,34.719512939453125,34.72050476074219,34.721378326416016,34.72213363647461,34.722633361816406,34.72282028198242
34.732913970947266,34.739776611328125,34.74464797973633,34.74738311767578,34.747642517089844,34.746307373046875,34.743709564208984,34.742156982421875,34.741790771484375,34.7424201965332,34.74369430541992,34.74351501464844,34.7418212890625,34.73682403564453,34.729496002197266,34.720890045166016,34.712669372558594,34.7059326171875,34.70195770263672,34.69953536987305,34.699134826660156,34.699180603027344,34.69968032836914,34.69989776611328,34.699771881103516,34.69949722290039,34.699066162109375,34.69860076904297,34.69811248779297,34.69767379760742,34.69730758666992,34.697113037109375,34.69710159301758,34.697288513183594,34.69763946533203,34.698062896728516,34.6984977722168,34.698974609375,34.69942092895508,34.69966506958008,34.70003128051758,34.7006950378418,34.70158004760742,34.7025146484375,34.70354461669922,34.70447540283203,34.705238342285156,34.705692291259766,34.7056770324707
34.71269607543945,34.71862030029297,34.72183609008789,34.722145080566406,34.719566345214844,34.71631622314453,34.712833404541016,34.713462829589844,34.71784210205078,34.72356414794922,34.729488372802734,34.73137664794922,34.72895812988281,34.72056198120117,34.70785140991211,34.69398880004883,34.68156433105469,34.6711540222168,34.664737701416016,34.66053771972656,34.65945053100586,34.66007995605469,34.662296295166016,34.66483688354492,34.66707229614258,34.66946792602539,34.67142868041992,34.67333221435547,34.67473602294922,34.67591857910156,34.676612854003906,34.67720031738281,34.67755126953125,34.67792510986328,34.678253173828125,34.67857360839844,34.678836822509766,34.67914962768555,34.67946243286133,34.679630279541016,34.67998504638672,34.68062210083008,34.68156814575195,34.682640075683594,34.683837890625,34.6849365234375,34.685752868652344,34.68614196777344,34.68586349487305
34.675838470458984,34.67817687988281,34.67756271362305,34.67472839355469,34.67002487182617,34.667449951171875,34.66724395751953,34.67396926879883,34.68635940551758,34.69879150390625,34.70916748046875,34.71169662475586,34.706111907958984,34.69192123413086,34.67178726196289,34.65116500854492,34.633819580078125,34.61785125732422,34.60625457763672,34.599266052246094,34.598052978515625,34.600162506103516,34.60508346557617,34.6110725402832,34.617183685302734,34.62444305419922,34.63151550292969,34.638511657714844,34.64396667480469,34.64872741699219,34.65178298950195,34.654136657714844,34.65528106689453,34.65607452392578,34.656341552734375,34.65643310546875,34.65632629394531,34.65633010864258,34.65644836425781,34.65651321411133,34.65687942504883,34.65754318237305,34.65864944458008,34.659996032714844,34.661468505859375,34.66279220581055,34.66368103027344,34.66396713256836,34.66335678100586
34.63875961303711,34.63761901855469,34.633934020996094,34.629512786865234,34.62512969970703,34.62517166137695,34.629852294921875,34.642433166503906,34.66096878051758,34.677730560302734,34.68985366821289,34.69129943847656,34.681663513183594,34.662147521972656,34.63596725463867,34.61001968383789,34.588722229003906,34.56772232055664,34.55051803588867,34.541500091552734,34.542236328125,34.54623031616211,34.552913665771484,34.561336517333984,34.57004928588867,34.5816764831543,34.5943489074707,34.60662841796875,34.61665725708008,34.625205993652344,34.6309928894043,34.63526916503906,34.637393951416016,34.638694763183594,34.63897705078125,34.63886642456055,34.63837814331055,34.63808059692383,34.63801193237305,34.637977600097656,34.63835906982422,34.63905334472656,34.64031219482422,34.64191436767578,34.64360809326172,34.64509963989258,34.646018981933594,34.646202087402344,34.64530944824219
34.60554504394531,34.60261535644531,34.59815979003906,34.594417572021484,34.59193420410156,34.59526824951172,34.603553771972656,34.6196403503418,34.64043045043945,34.65821075439453,34.66978073120117,34.668846130371094,34.65580368041992,34.632110595703125,34.60238265991211,34.57206726074219,34.547035217285156,34.52186584472656,34.501441955566406,34.49111557006836,34.492881774902344,34.498046875,34.50564193725586,34.51593780517578,34.5268669128418,34.54285430908203,34.560585021972656,34.57845687866211,34.592742919921875,34.60546875,34.613956451416016,34.62027359008789,34.623104095458984,34.62478256225586,34.6249885559082,34.6246337890625,34.623817443847656,34.623260498046875,34.62309265136719,34.62299728393555,34.623409271240234,34.6241569519043,34.625572204589844,34.62738037109375,34.629241943359375,34.63080596923828,34.6317024230957,34.631771087646484,34.63059616088867
34.5556526184082,34.55243682861328,34.548973083496094,34.5477409362793,34.54893112182617,34.55613327026367,34.56816101074219,34.58595275878906,34.60651397705078,34.622676849365234,34.63167190551758,34.62686538696289,34.6091194152832,34.58119201660156,34.548004150390625,34.51313018798828,34.48265075683594,34.453880310058594,34.431758880615234,34.42686080932617,34.44175720214844,34.457515716552734,34.466190338134766,34.46702575683594,34.46349334716797,34.47576141357422,34.5025749206543,34.52925491333008,34.5508918762207,34.56990432739258,34.58285140991211,34.592586517333984,34.59727096557617,34.600257873535156,34.60084533691406,34.6007080078125,34.59976577758789,34.59918212890625,34.59901809692383,34.59893035888672,34.59941101074219,34.600284576416016,34.60191345214844,34.60400390625,34.606021881103516,34.607608795166016,34.608367919921875,34.60816955566406,34.606510162353516
34.49271774291992,34.49040222167969,34.489158630371094,34.49114990234375,34.4960823059082,34.50639343261719,34.52036666870117,34.53724670410156,34.55415344238281,34.565940856933594,34.57057189941406,34.5610466003418,34.539031982421875,34.50851821899414,34.474769592285156,34.43848419189453,34.405860900878906,34.37696838378906,34.356693267822266,34.351593017578125,null,null,null,null,34.39796829223633,34.409454345703125,34.43351364135742,34.459407806396484,34.48905563354492,34.5147705078125,34.53215408325195,34.546451568603516,34.55516052246094,34.561180114746094,34.56342697143555,34.56456756591797,34.56437683105469,34.56425094604492,34.56419372558594,34.56415939331055,34.564674377441406,34.56562423706055,34.56731033325195,34.5694580078125,34.57138442993164,34.57277297973633,34.5731086730957,34.572349548339844,34.56987762451172
34.439483642578125,34.43901443481445,34.440040588378906,34.44401931762695,34.4503173828125,34.46028518676758,34.472225189208984,34.48422622680664,34.49415969848633,34.49945831298828,34.4991340637207,34.48664474487305,34.46412658691406,34.43635940551758,34.408206939697266,34.377376556396484,34.349369049072266,34.32632064819336,34.31241989135742,34.304691314697266,null,null,null,null,null,null,34.39137268066406,34.41620635986328,34.444984436035156,34.46665954589844,34.483917236328125,34.499778747558594,34.5117073059082,34.52054214477539,34.52484893798828,34.5278205871582,34.52896499633789,34.529327392578125,34.528907775878906,34.528656005859375,34.52883529663086,34.52920150756836,34.53010559082031,34.531455993652344,34.53251647949219,34.53314208984375,34.53253173828125,34.53082275390625,34.52730941772461
34.39685821533203,34.3976936340332,34.39988327026367,34.40406799316406,34.409523010253906,34.41679763793945,34.4245719909668,34.43052291870117,34.433467864990234,34.43286895751953,34.42867660522461,34.4159049987793,34.39675521850586,34.37541198730469,34.355770111083984,34.33370590209961,34.31331253051758,34.297916412353516,34.29042434692383,34.28622817993164,null,null,null,null,null,null,null,null,34.43320846557617,34.44596862792969,34.458614349365234,34.470916748046875,34.48073959350586,34.488494873046875,34.49307632446289,34.49602508544922,34.49702072143555,34.496543884277344,34.494789123535156,34.49382400512695,34.49311828613281,34.491844177246094,34.490997314453125,34.490726470947266,34.49016571044922,34.489402770996094,34.48741149902344,34.484535217285156,34.479942321777344
34.36973571777344,34.371036529541016,34.37345504760742,34.37709426879883,34.38125228881836,34.38603591918945,34.39043426513672,34.392330169677734,34.39118576049805,34.38734817504883,34.381385803222656,34.36976623535156,34.35470199584961,34.3387565612793,34.32511901855469,34.30944061279297,34.29490280151367,34.284427642822266,34.280155181884766,34.27773666381836,null,null,null,null,null,null,null,null,34.44123458862305,34.446041107177734,34.454776763916016,34.462223052978516,34.46671676635742,34.47102737426758,34.47406768798828,34.47541046142578,34.47464370727539,34.47258377075195,34.469482421875,34.467796325683594,34.46622848510742,34.463321685791016,34.460880279541016,34.45925521850586,34.45730209350586,34.45529556274414,34.45219802856445,34.44850540161133,34.443214416503906
34.35361862182617,34.355079650878906,34.3572998046875,34.36020278930664,34.36332321166992,34.36650848388672,34.36927795410156,34.36943817138672,34.36703109741211,34.362342834472656,34.35622787475586,34.34619903564453,34.33394241333008,34.321372985839844,34.3105583190918,34.298583984375,34.28739547729492,34.27984619140625,34.27710723876953,34.275638580322266,null,null,null,null,null,null,null,null,34.441715240478516,34.44129180908203,34.4412956237793,34.44252395629883,34.44538116455078,34.44986343383789,34.45481491088867,34.45655059814453,34.45452880859375,34.451446533203125,34.447898864746094,34.44594955444336,34.4438362121582,34.440025329589844,34.436744689941406,34.43461990356445,34.432037353515625,34.429473876953125,34.42591094970703,34.42200469970703,34.41658401489258
34.33491897583008,34.33671188354492,34.338844299316406,34.340919494628906,34.342506408691406,34.34423065185547,34.345733642578125,34.3451042175293,34.34239196777344,34.338016510009766,34.33271789550781,34.324893951416016,34.315982818603516,34.306766510009766,34.29897689819336,34.29063415527344,34.28330612182617,34.27897644042969,34.27848815917969,34.2781867980957,null,null,null,null,null,null,null,null,34.4233512878418,34.42082214355469,34.409393310546875,34.40538787841797,34.40864181518555,34.41349792480469,34.419898986816406,34.42127990722656,34.41806411743164,34.41436004638672,34.41087341308594,34.408958435058594,34.40676498413086,34.402706146240234,34.399383544921875,34.397300720214844,34.39475631713867,34.392154693603516,34.38875961303711,34.385135650634766,34.380210876464844
34.31452560424805,34.31648635864258,34.31886291503906,34.320274353027344,34.32046890258789,34.32085037231445,34.321311950683594,34.320167541503906,34.317623138427734,34.31406784057617,34.310142517089844,34.304988861083984,34.29956817626953,34.294166564941406,34.289817810058594,34.28567886352539,34.282554626464844,34.28160095214844,34.28307342529297,34.283851623535156,null,null,null,null,34.30729293823242,34.321529388427734,34.349151611328125,34.37132263183594,34.38136672973633,34.38182830810547,34.37409591674805,34.370460510253906,34.371578216552734,34.37291717529297,34.37376403808594,34.37242889404297,34.36862564086914,34.364498138427734,34.360694885253906,34.35858154296875,34.3565788269043,34.35298538208008,34.350120544433594,34.34855270385742,34.346641540527344,34.34471893310547,34.34210205078125,34.33925247192383,34.33543395996094
34.303611755371094,34.3054313659668,34.3078498840332,34.30906295776367,34.308834075927734,34.3087043762207,34.30867385864258,34.30748748779297,34.305362701416016,34.30261993408203,34.299800872802734,34.29631423950195,34.292869567871094,34.28969192504883,34.2874641418457,34.28584671020508,34.285255432128906,34.285972595214844,34.287933349609375,34.289039611816406,null,null,null,null,34.278038024902344,34.293495178222656,34.32110595703125,34.337623596191406,34.3400764465332,34.34286880493164,34.34579849243164,34.34670639038086,34.345680236816406,34.343353271484375,34.340110778808594,34.33687973022461,34.33434295654297,34.33039093017578,34.3257942199707,34.32328414916992,34.32146453857422,34.318138122558594,34.315773010253906,34.31480407714844,34.31371307373047,34.312747955322266,34.3110466003418,34.30897521972656,34.30622482299805
