earth/public/data/ocean/W07/ANN-ocevel-depthz-500m-gfs-1.0.json
{"header": {"discipline": 0, "disciplineName": "Meteorological products", "gribEdition": 2, "gribLength": 131138.0, "center": 0, "centerName": "Kiel Climate Model", "subcenter": 0, "refTime": "1", "significanceOfRT": 1, "significanceOfRTName": "Start of forecast", "productStatus": 0, "productStatusName": "Operational products", "productType": 1, "productTypeName": "Forecast products", "productDefinitionTemplate": 0, "productDefinitionTemplateName": "Analysis/forecast at horizontal level/layer at a point in time", "parameterCategory": 2, "parameterCategoryName": "Momentum", "parameterNumber": 2, "parameterNumberName": "V-component_of_wind", "parameterUnit": "m/s", "genProcessType": 2, "genProcessTypeName": "Forecast", "forecastTime": 0, "surface1Type": 103, "surface1TypeName": "Specified height level above ground", "surface1Value": 10, "surface2Type": 255, "surface2TypeName": "Missing", "surface2Value": 0, "gridDefinitionTemplate": 0, "gridDefinitionTemplateName": "Latitude_Longitude", "numberPoints": 65160, "shape": 6, "shapeName": "Earth spherical with radius of 6,371,229.0 m", "gridUnits": "degrees", "resolution": 48, "winds": "true", "scanMode": 0, "nx": 360.0, "ny": 180.0, "basicAngle": 0, "subDivisions": 0, "lo1": 0.0, "la1": -89.5, "lo2": 359.0, "la2": 89.5, "dx": 1.0, "dy": -1.0}, "data":
[rows 100 to 119 of 180, columns 180 to 224 of 360]
0.0023271527606993914,0.0022273140493780375,0.0021722649689763784,0.0021717508789151907,0.0022357264533638954,0.0023511166218668222,0.002415291266515851,0.002546980744227767,0.0027861306443810463,0.0029304015915840864,0.002952403388917446,0.00287392595782876,0.0027080841828137636,0.002514137886464596,0.002327640075236559,0.0022540611680597067,0.002309394534677267,0.0024524072650820017,0.0026599455159157515,0.0028350013308227062,0.002944883657619357,0.002915042918175459,0.0027453643269836903,0.002523525385186076,0.002283661626279354,0.0020775822922587395,0.0019403845071792603,0.0018723969114944339,0.0018873604713007808,0.001860589487478137,0.001798169338144362,0.0017131635686382651,0.0016202100086957216,0.0014962713466957211,0.001362187322229147,0.0012510603992268443,0.0011806993279606104,0.0011393718887120485,0.0011322619393467903,0.001094893435947597,0.0010318552376702428,0.0009515496203675866,0.0008672759286127985,0.0007438872125931084,0.000604126020334661
0.001964158145710826,0.0018602750496938825,0.0018000782001763582,0.0017959957476705313,0.0018656046595424414,0.0019992429297417402,0.002071527298539877,0.0021954558324068785,0.002422717632725835,0.002572029596194625,0.002618571510538459,0.002567081246525049,0.0024259090423583984,0.0022477840539067984,0.0020619225688278675,0.0019586095586419106,0.001954159466549754,0.0020402229856699705,0.0022021860349923372,0.0023620743304491043,0.002495416207239032,0.0025307009927928448,0.002466419944539666,0.002343193395063281,0.0021850159391760826,0.002033654600381851,0.00191466324031353,0.0018404339207336307,0.0018217297038063407,0.0017799986526370049,0.0017218469874933362,0.0016453065909445286,0.0015651918947696686,0.001464175176806748,0.001361668691970408,0.0012877610279247165,0.0012566403020173311,0.0012545458739623427,0.001282127690501511,0.0012877235421910882,0.0012696871999651194,0.0012227073311805725,0.001153747201897204,0.0010394949931651354,0.0008985175518319011
0.0016224582213908434,0.0015068147331476212,0.0014349438715726137,0.0014186935732141137,0.0014807608677074313,0.0016083094524219632,0.0016789683140814304,0.0017866137204691768,0.0019806812051683664,0.002124794526025653,0.0021915831603109837,0.0021715324837714434,0.0020704534836113453,0.0019220985705032945,0.0017563214059919119,0.00163414073176682,0.001577625167556107,0.0016021928749978542,0.0016994951292872429,0.001823981525376439,0.001949282013811171,0.002028103917837143,0.002046749461442232,0.0020151417702436447,0.0019436372676864266,0.0018556464929133654,0.0017715056892484426,0.001703061512671411,0.0016641119727864861,0.0016117383493110538,0.0015552262775599957,0.0014832010492682457,0.0014086781302466989,0.0013259826228022575,0.0012507991632446647,0.0012108089867979288,0.001214928925037384,0.001250882283784449,0.0013141930103302002,0.0013655185466632247,0.001398361288011074,0.0013916512252762914,0.0013494882732629776,0.001254080212675035,0.0011246721260249615
0.0013627789448946714,0.0012501775054261088,0.0011724554933607578,0.0011434110347181559,0.001177688129246235,0.0012717137578874826,0.0013222588459029794,0.0014026114949956536,0.0015511908568441868,0.0016714318189769983,0.001743921427987516,0.001754775526933372,0.0016995039768517017,0.001603407203219831,0.0014789195265620947,0.0013743944000452757,0.0013060150668025017,0.0012926851632073522,0.0013386884238570929,0.0014130286872386932,0.001506051397882402,0.0015808806056156754,0.0016251499764621258,0.0016386309871450067,0.001616650610230863,0.0015767227159813046,0.0015231629367917776,0.0014742384664714336,0.001437240862287581,0.001388276694342494,0.00133549515157938,0.00126731488853693,0.0011954696383327246,0.0011217138962820172,0.0010587522992864251,0.0010315354447811842,0.0010447223903611302,0.0010919339256361127,0.0011649411171674728,0.0012370049953460693,0.0012947148643434048,0.0013177518267184496,0.0013003001222386956,0.001233927090652287,0.0011281991610303521
0.001094362000003457,0.001000829041004181,0.0009267694549635053,0.0008859816007316113,0.0008910066680982709,0.0009382716380059719,0.0009654364548623562,0.0010184678249061108,0.0011124048614874482,0.0012057074345648289,0.0012789625907316804,0.001317501300945878,0.0013168331934139132,0.0012761499965563416,0.0012078864965587854,0.0011343921069055796,0.0010718504199758172,0.0010380555177107453,0.001037291600368917,0.0010691509814932942,0.0011239793384447694,0.0011851831804960966,0.0012403959408402443,0.0012783195124939084,0.001294280868023634,0.0012867398327216506,0.001260011806152761,0.001228729379363358,0.0012001843424513936,0.0011595066171139479,0.0011148457415401936,0.0010539550567045808,0.0009885685285553336,0.0009225746616721153,0.0008686780347488821,0.000844647060148418,0.0008551406790502369,0.0008984468295238912,0.0009663366945460439,0.0010417904704809189,0.001111397403292358,0.001152333919890225,0.0011587844928726554,0.0011199242435395718,0.001045319833792746
0.0006372888456098735,0.000576293736230582,0.0005124465096741915,0.0004561412788461894,0.00042483245488256216,0.0004270584031473845,0.0004271997313480824,0.0004590847820509225,0.0005177778657525778,0.0005976562388241291,0.0006837815744802356,0.0007626123842783272,0.0008162276935763657,0.0008415950578637421,0.0008291321573778987,0.0007977859931997955,0.0007496906910091639,0.0007085735560394824,0.0006811593775637448,0.0006823691655881703,0.0007127648568712175,0.0007658607792109251,0.0008319928892888129,0.0008996155229397118,0.0009541558101773262,0.0009861584985628724,0.0009867576882243156,0.0009787826566025615,0.000961755751632154,0.0009366859449073672,0.0009065198828466237,0.0008625327609479427,0.0008108236943371594,0.0007600930985063314,0.0007179576787166297,0.0006989192334003747,0.0007059723138809204,0.0007399142486974597,0.0007956374902278185,0.0008622256573289633,0.0009292231407016516,0.0009765127906575799,0.0009961611358448863,0.0009813793003559113,0.0009337079245597124
7.170574099291116e-05,5.671799590345472e-05,6.228708116395865e-06,-6.936789577594027e-05,-0.0001319811271969229,-0.0001730726071400568,-0.0001945899857673794,-0.00017062768165487796,-0.0001277800911339,-4.333708784542978e-05,6.77630232530646e-05,0.00018606294179335237,0.0002936417004093528,0.0003736794169526547,0.0004165938589721918,0.000424463942181319,0.0003994238213635981,0.00036656769225373864,0.00033262046054005623,0.0003252282040193677,0.00034495300496928394,0.0003981611516792327,0.00047518868814222515,0.0005678670713678002,0.0006616235477849841,0.0007271456997841597,0.0007555676274932921,0.0007687958423048258,0.0007663528085686266,0.0007590096793137491,0.0007497129845432937,0.0007266086176969111,0.0006957957521080971,0.0006627420079894364,0.0006350642070174217,0.0006211607251316309,0.0006240261718630791,0.0006462663877755404,0.0006827738252468407,0.0007311960216611624,0.0007810775423422456,0.000821055902633816,0.0008431976311840117,0.0008410338195972145,0.000816105050034821
-0.0006976365693844855,-0.0006651538424193859,-0.0006856754189357162,-0.0007587962318211794,-0.0008354274905286729,-0.0009023580932989717,-0.0009393789223395288,-0.000922889041248709,-0.0008924954454414546,-0.0008068656898103654,-0.0006813337677158415,-0.0005311878048814833,-0.0003849641652777791,-0.00025292407372035086,-0.00016198388766497374,-0.00010651777847670019,-0.00010025691881310195,-0.00010781086166389287,-0.00013088883133605123,-0.00013213121565058827,-0.00011302592611173168,-5.9667690948117524e-05,1.8229460692964494e-05,0.00011814278695965186,0.00022308783081825823,0.00031098126783035696,0.0003655000764410943,0.00041413676808588207,0.0004446109232958406,0.0004818575398530811,0.0005139599670656025,0.0005389422294683754,0.000546874653082341,0.000552185345441103,0.0005497028469108045,0.0005536390235647559,0.0005610419320873916,0.0005778605118393898,0.0006007944466546178,0.0006298252264969051,0.0006609612610191107,0.0006861904403194785,0.0007024957449175417,0.0007052962318994105,0.0006944776978343725
-0.0015351732727140188,-0.00145375682041049,-0.001437690109014511,-0.0014865680132061243,-0.001555258291773498,-0.0016305496683344245,-0.001671750913374126,-0.001659792265854776,-0.0016384611371904612,-0.0015554182464256883,-0.0014259973540902138,-0.001262243720702827,-0.001092693884856999,-0.0009286535205319524,-0.0007970391889102757,-0.0007014625589363277,-0.0006556548760272563,-0.0006292996113188565,-0.0006241059163585305,-0.000606496527325362,-0.0005779593484476209,-0.0005244631902314723,-0.00045572221279144287,-0.0003688064753077924,-0.00028070042026229203,-0.00018904094758909196,-0.00011015102791134268,-2.37035819736775e-05,5.802100713481195e-05,0.00015185729716904461,0.00024588865926489234,0.0003301325486972928,0.00039465929148718715,0.0004462336946744472,0.0004796843568328768,0.0005082183051854372,0.0005288837128318846,0.000548367970623076,0.0005633708206005394,0.000578248524107039,0.0005890094325877726,0.0005969678750261664,0.0005991068901494145,0.0005975632811896503,0.0005922227283008397
-0.00245977402664721,-0.0023593679070472717,-0.002309754490852356,-0.002318793209269643,-0.0023563657887279987,-0.00241261487826705,-0.002445655409246683,-0.0024374723434448242,-0.0024104854092001915,-0.0023307010997086763,-0.00221986579708755,-0.0020712092518806458,-0.0018959238659590483,-0.0017126123420894146,-0.00153532181866467,-0.0013897332828491926,-0.0013212544145062566,-0.0012704303953796625,-0.0012278336798772216,-0.0011752607533708215,-0.0011258539743721485,-0.0010643198620527983,-0.0010030518751591444,-0.000939610821660608,-0.0008751784916967154,-0.0007955634500831366,-0.0006917386781424284,-0.000566468108445406,-0.00045841551036573946,-0.00033228599932044744,-0.00018322037067264318,-3.130035838694312e-05,9.098568261833861e-05,0.00020210171351209283,0.00029090268071740866,0.0003673295141197741,0.00040167555562220514,0.0004250605998095125,0.0004467576800379902,0.0004625597794074565,0.0004686450702138245,0.0004707998305093497,0.0004675697418861091,0.0004671804781537503,0.00046961099724285305
-0.0035428283736109734,-0.0034871301613748074,-0.0034289683680981398,-0.0033962696325033903,-0.0033813894260674715,-0.003379987785592675,-0.003379509784281254,-0.0033598386216908693,-0.003323205281049013,-0.003252418013289571,-0.0031832533422857523,-0.003078174777328968,-0.0029274355620145798,-0.0027683924417942762,-0.002581667387858033,-0.002418828196823597,-0.002339419908821583,-0.0022690189070999622,-0.0021694297902286053,-0.0020742781925946474,-0.0019849243108183146,-0.0019138858187943697,-0.0018630691338330507,-0.0018363295821473002,-0.0018074052641168237,-0.0017499567475169897,-0.001635971711948514,-0.0014695933787152171,-0.0013361879391595721,-0.0011897183721885085,-0.0009791081538423896,-0.0007802077452652156,-0.0005892238696105778,-0.00043272634502500296,-0.00027353287441655993,-0.00014079897664487362,-6.806450983276591e-05,-1.5899560821708292e-05,4.854155486100353e-05,9.395644156029448e-05,0.00012925518967676908,0.00015030024223960936,0.00017037175712175667,0.00019287635223008692,0.00022685775184072554
-0.004454114940017462,-0.004438857082277536,-0.00439815316349268,-0.004346803296357393,-0.004300244618207216,-0.00426376610994339,-0.004219548776745796,-0.004179738461971283,-0.004147319123148918,-0.004107234533876181,-0.004061056766659021,-0.003983994014561176,-0.003881327575072646,-0.0037532791029661894,-0.0036167693324387074,-0.003485949244350195,-0.00339336134493351,-0.003286514198407531,-0.0031645873095840216,-0.0030250942800194025,-0.002912418218329549,-0.0028201169334352016,-0.00277401739731431,-0.002768978476524353,-0.002765105804428458,-0.002734365174546838,-0.002636929741129279,-0.0024693827144801617,-0.002295916201546788,-0.0020894596818834543,-0.001863302430137992,-0.0016133052995428443,-0.0013983272947371006,-0.001190808485262096,-0.0010105958208441734,-0.0008385325782001019,-0.0007150289602577686,-0.0005981982685625553,-0.0004937108024023473,-0.00039755564648658037,-0.0003268165746703744,-0.00026904934202320874,-0.00021945654589217156,-0.00015780713874846697,-9.105663048103452e-05
-0.004803808871656656,-0.004816979635506868,-0.004800362978130579,-0.00475458474829793,-0.004713898524641991,-0.004672829993069172,-0.004619118757545948,-0.004572832956910133,-0.004544579423964024,-0.00451488234102726,-0.004467208869755268,-0.004405946936458349,-0.0043359920382499695,-0.004266536328941584,-0.004187834449112415,-0.004127119202166796,-0.004065857734531164,-0.003991945646703243,-0.003892736043781042,-0.0037744164001196623,-0.0036421711556613445,-0.0035283106844872236,-0.003443716326728463,-0.0033977606799453497,-0.003382449271157384,-0.0033472394570708275,-0.0032824818044900894,-0.0031593109015375376,-0.0029829980339854956,-0.0027928862255066633,-0.0025830825325101614,-0.002376202493906021,-0.002168928971514106,-0.0019882782362401485,-0.0018232297152280807,-0.001667316653765738,-0.0015150482067838311,-0.0013648259919136763,-0.0012203148799017072,-0.0010824340861290693,-0.0009607333922758698,-0.0008552125073038042,-0.0007680777925997972,-0.0006654920289292932,-0.0005559674464166164
-0.004988253116607666,-0.005029815714806318,-0.00503372959792614,-0.005001799203455448,-0.004961826838552952,-0.004913626238703728,-0.004876054357737303,-0.004841324873268604,-0.00479769054800272,-0.004754118155688047,-0.004703658167272806,-0.0046455347910523415,-0.004607925191521645,-0.0045774104073643684,-0.004555141553282738,-0.004549758043140173,-0.004567873198539019,-0.004555901978164911,-0.004521769005805254,-0.004431586712598801,-0.0043046604841947556,-0.004161791875958443,-0.0040275282226502895,-0.0039217411540448666,-0.0038594219367951155,-0.003796349512413144,-0.003740892745554447,-0.003642228664830327,-0.003519360674545169,-0.0033714924938976765,-0.003229746827855706,-0.0030700904317200184,-0.002926797606050968,-0.002782349241897464,-0.002667810069397092,-0.002528122626245022,-0.002391266170889139,-0.0022260425612330437,-0.002062018495053053,-0.0018812246853485703,-0.00171351945027709,-0.0015546247595921159,-0.0014294033171609044,-0.0012778358068317175,-0.0011231412645429373
-0.005099427420645952,-0.00515558198094368,-0.005173536017537117,-0.005150412674993277,-0.005108512006700039,-0.005055283661931753,-0.005026094149798155,-0.004999673925340176,-0.00495122978463769,-0.00490299379453063,-0.004857270047068596,-0.004814791027456522,-0.0047872429713606834,-0.004787293262779713,-0.004806531593203545,-0.004861108027398586,-0.004937648773193359,-0.004993713926523924,-0.005014549475163221,-0.004970650654286146,-0.00486589502543211,-0.004721933510154486,-0.004563678056001663,-0.0044145360589027405,-0.004303950350731611,-0.004200198221951723,-0.004125208128243685,-0.004032365046441555,-0.003938732203096151,-0.0038422453217208385,-0.003756899619475007,-0.0036730330903083086,-0.0035996565129607916,-0.0035341272596269846,-0.0034812039230018854,-0.003398553002625704,-0.0032951415050774813,-0.0031520002521574497,-0.002991335466504097,-0.002798056462779641,-0.00260618282482028,-0.0024131452664732933,-0.002255187137052417,-0.0020549597684293985,-0.0018519025761634111
-0.0051215533167123795,-0.005168871954083443,-0.005182555411010981,-0.005159728229045868,-0.00511969206854701,-0.005069894716143608,-0.0050424207001924515,-0.005020481999963522,-0.004981001373380423,-0.004941878374665976,-0.004911054391413927,-0.004883245564997196,-0.004864499904215336,-0.004879910498857498,-0.0049285851418972015,-0.005021112971007824,-0.005144122056663036,-0.005250347312539816,-0.005325035657733679,-0.005326278042048216,-0.0052579534240067005,-0.005127885844558477,-0.004960986785590649,-0.004786260891705751,-0.004633150529116392,-0.004495685920119286,-0.0043957955203950405,-0.004300942178815603,-0.004228188656270504,-0.004170724656432867,-0.0041425456292927265,-0.004127289168536663,-0.004133965354412794,-0.004147152882069349,-0.004171610344201326,-0.004155624192208052,-0.004108160734176636,-0.004007033538073301,-0.0038744481280446053,-0.0036935063544660807,-0.003498228034004569,-0.0032925852574408054,-0.0031128213740885258,-0.0028792202938348055,-0.0026312211994081736
-0.0051164221949875355,-0.005142132751643658,-0.005142183508723974,-0.005118242464959621,-0.00508568249642849,-0.005049459636211395,-0.005030130036175251,-0.005020981654524803,-0.00500281760469079,-0.004983725491911173,-0.004964970052242279,-0.004944947548210621,-0.004927110392600298,-0.00494389096274972,-0.004993939306586981,-0.005094250198453665,-0.005228856112807989,-0.005357462912797928,-0.00545785715803504,-0.005493705626577139,-0.005457351915538311,-0.005355468951165676,-0.00520357396453619,-0.005034183617681265,-0.004874962382018566,-0.004733410198241472,-0.004632818978279829,-0.004551984369754791,-0.004503297619521618,-0.004486041609197855,-0.004500809591263533,-0.004546268843114376,-0.004611192271113396,-0.004695302341133356,-0.0047797164879739285,-0.004832013044506311,-0.004838397726416588,-0.004793862346559763,-0.0047017489559948444,-0.004556088708341122,-0.004379141144454479,-0.004179347772151232,-0.003991002216935158,-0.003731796517968178,-0.003449705196544528
-0.005086931400001049,-0.005078262183815241,-0.005059861112385988,-0.005033397115767002,-0.005011433269828558,-0.004998927470296621,-0.004991455934941769,-0.004999143071472645,-0.00501465005800128,-0.005019830539822578,-0.005015949718654156,-0.004997992422431707,-0.00496941152960062,-0.004967476241290569,-0.004990838002413511,-0.005066167563199997,-0.005177498795092106,-0.005293248221278191,-0.005391201935708523,-0.005439585540443659,-0.00543074170127511,-0.0053619397804141045,-0.00524869654327631,-0.00511378375813365,-0.004984864965081215,-0.0048702131025493145,-0.00479311915114522,-0.004737660754472017,-0.004716227762401104,-0.004726961720734835,-0.0047704558819532394,-0.004848499316722155,-0.004949864000082016,-0.005073461215943098,-0.005200407933443785,-0.005299844313412905,-0.005357977468520403,-0.005365747958421707,-0.0053264987654984,-0.005227304063737392,-0.0050904229283332825,-0.004912983626127243,-0.004729279782623053,-0.00446077436208725,-0.004155440255999565
-0.005032217595726252,-0.004991007037460804,-0.0049486421048641205,-0.004914779681712389,-0.004899285268038511,-0.004904960282146931,-0.004908397328108549,-0.004936705343425274,-0.004986580926924944,-0.005028161685913801,-0.005050578620284796,-0.005050015170127153,-0.00502412673085928,-0.005005417391657829,-0.004998128395527601,-0.005026178900152445,-0.005089361686259508,-0.005159812048077583,-0.005230416543781757,-0.005275323987007141,-0.00528803700581193,-0.00526631623506546,-0.005209984257817268,-0.005145212635397911,-0.005076284054666758,-0.005022932309657335,-0.004988015163689852,-0.004972005262970924,-0.004974144510924816,-0.005002489313483238,-0.005051762331277132,-0.005135942250490189,-0.005241755861788988,-0.005376175511628389,-0.005516710691154003,-0.005644585471600294,-0.005736526567488909,-0.005791342817246914,-0.005796694662421942,-0.005750465206801891,-0.005657258443534374,-0.005517170298844576,-0.005352044012397528,-0.005094492342323065,-0.0047888378612697124
-0.00491341995075345,-0.004846926778554916,-0.004790658131241798,-0.004751741886138916,-0.004745479207485914,-0.004771654959768057,-0.004786128643900156,-0.004833778832107782,-0.004921735730022192,-0.005000143777579069,-0.005057990085333586,-0.005080705974251032,-0.005067161284387112,-0.005033498164266348,-0.004985862411558628,-0.004947845358401537,-0.0049233222380280495,-0.0049105980433523655,-0.004909402225166559,-0.0049202763475477695,-0.004941957537084818,-0.004973126109689474,-0.005011104978621006,-0.0050623235292732716,-0.005119876004755497,-0.005182486493140459,-0.005239447113126516,-0.005288376938551664,-0.005320327822118998,-0.005348609294742346,-0.005368418991565704,-0.0054116640239953995,-0.00547126354649663,-0.0055647543631494045,-0.005676139611750841,-0.005794608499854803,-0.005900108255445957,-0.005980375688523054,-0.006023287773132324,-0.00602528965100646,-0.005988846067339182,-0.005905299913138151,-0.005790946539491415,-0.005593930371105671,-0.005347580648958683
