earth/public/data/ocean/W07/ANN-vosaline-depthz-0m-gfs-1.0.json
{"header": {"discipline": 0, "disciplineName": "Meteorological products", "gribEdition": 2, "gribLength": 131138.0, "center": 0, "centerName": "Kiel Climate Model", "subcenter": 0, "refTime": "1", "significanceOfRT": 1, "significanceOfRTName": "Start of forecast", "productStatus": 0, "productStatusName": "Operational products", "productType": 1, "productTypeName": "Forecast products", "productDefinitionTemplate": 0, "productDefinitionTemplateName": "Analysis/forecast at horizontal level/layer at a point in time", "parameterCategory": 2, "parameterCategoryName": "Momentum", "parameterNumber": 2, "parameterNumberName": "U-component_of_wind", "parameterUnit": "PSU", "genProcessType": 2, "genProcessTypeName": "Forecast", "forecastTime": 0, "surface1Type": 103, "surface1TypeName": "Specified height level above ground", "surface1Value": 10, "surface2Type": 255, "surface2TypeName": "Missing", "surface2Value": 0, "gridDefinitionTemplate": 0, "gridDefinitionTemplateName": "Latitude_Longitude", "numberPoints": 65160, "shape": 6, "shapeName": "Earth spherical with radius of 6,371,229.0 m", "gridUnits": "degrees", "resolution": 48, "winds": "true", "scanMode": 0, "nx": 360.0, "ny": 180.0, "basicAngle": 0, "subDivisions": 0, "lo1": 0.0, "la1": -89.5, "lo2": 359.0, "la2": 89.5, "dx": 1.0, "dy": -1.0}, "data":
[rows 126 to 146 of 180, columns 192 to 239 of 360]
33.94660949707031,33.94133377075195,33.93406295776367,33.92522048950195,33.91619110107422,33.90724182128906,33.89974594116211,33.892173767089844,33.88569259643555,33.877540588378906,33.869075775146484,33.85642623901367,33.841854095458984,33.82476043701172,33.80828094482422,33.790470123291016,33.77455520629883,33.75855255126953,33.745243072509766,33.72541427612305,33.70241165161133,33.66780090332031,33.627532958984375,33.5737419128418,33.51590347290039,33.455692291259766,33.40389633178711,33.35503005981445,33.3179817199707,33.2811279296875,33.251319885253906,33.198978424072266,33.13389587402344,33.035926818847656,32.923240661621094,32.80226516723633,32.69550323486328,32.613677978515625,32.57255172729492,32.5927734375,32.67219924926758,32.78080749511719,32.8999137878418,33.02061462402344,33.119537353515625,33.205448150634766,null,null
33.8699951171875,33.86357498168945,33.85498046875,33.84409713745117,33.83300018310547,33.821414947509766,33.81159973144531,33.80149459838867,33.79310989379883,33.7832145690918,33.77374267578125,33.76034927368164,33.745548248291016,33.7280158996582,33.71103286743164,33.69178771972656,33.67397689819336,33.654808044433594,33.63810729980469,33.61386489868164,33.58689498901367,33.547889709472656,33.5042610168457,33.44757080078125,33.38825988769531,33.32708740234375,33.27515411376953,33.22700119018555,33.191280364990234,33.15670394897461,33.129364013671875,33.08147430419922,33.02135467529297,32.92967224121094,32.82250213623047,32.70838165283203,32.60753631591797,32.534610748291016,32.50240707397461,32.540428161621094,32.640602111816406,32.768795013427734,32.899803161621094,33.01188659667969,33.08454895019531,33.124114990234375,null,null
33.80702209472656,33.79991912841797,33.79056930541992,33.77864456176758,33.76621627807617,33.753028869628906,33.7413330078125,33.72935485839844,33.71910858154297,33.70768356323242,33.68794631958008,33.6578254699707,33.63215637207031,33.61172103881836,33.59135437011719,33.56696319580078,33.543209075927734,33.51667022705078,33.49236297607422,33.460411071777344,33.426719665527344,33.38235092163086,33.3353157043457,33.27754211425781,33.21933364868164,33.16014099121094,33.11048126220703,33.06537628173828,33.03285598754883,33.00217056274414,32.978824615478516,32.938289642333984,32.88786697387695,32.807472229003906,32.711605072021484,32.60591125488281,32.509761810302734,32.43834686279297,32.40565872192383,32.447750091552734,32.55944061279297,32.70756912231445,32.867252349853516,32.98872375488281,33.06291961669922,33.11581039428711,null,null
33.741844177246094,33.734092712402344,33.7243537902832,33.71185302734375,33.6988639831543,33.68473815917969,33.67205047607422,33.65866470336914,33.64706802368164,33.634033203125,33.60692596435547,33.559547424316406,33.52520751953125,33.50102233886719,33.47599792480469,33.44544982910156,33.41448974609375,33.37973403930664,33.346961975097656,33.30691146850586,33.2663688659668,33.21689987182617,33.16722869873047,33.10926055908203,33.053592681884766,32.99746322631836,32.95133972167969,32.91004180908203,32.88135528564453,32.854896545410156,32.83574676513672,32.802860260009766,32.76268005371094,32.694095611572266,32.61029052734375,32.51235580444336,32.41848373413086,32.34416198730469,32.302364349365234,32.33768844604492,32.44239807128906,32.601470947265625,32.78583908081055,null,null,null,null,null
33.65693283081055,33.64854049682617,33.63875961303711,33.62651062011719,33.6140022277832,33.600257873535156,33.58772659301758,33.57393264770508,33.56132507324219,33.546531677246094,33.52315902709961,33.48786163330078,33.456581115722656,33.427711486816406,33.397865295410156,33.36068344116211,33.323490142822266,33.281314849853516,33.24241256713867,33.196388244628906,33.15201950073242,33.1002311706543,33.05052185058594,32.994747161865234,32.94277572631836,32.89127731323242,32.84918212890625,32.81227111816406,32.7868766784668,32.76420211791992,32.74807357788086,32.721473693847656,32.68875503540039,32.630615234375,32.5567626953125,32.46492004394531,32.371246337890625,32.28744888305664,32.22965621948242,32.23910903930664,32.31669998168945,32.463748931884766,32.65519332885742,null,null,null,null,null
33.57303237915039,33.563995361328125,33.55418395996094,33.542259216308594,33.5304069519043,33.51723861694336,33.50519943237305,33.49122619628906,33.47787094116211,33.461368560791016,33.44462585449219,33.42131423950195,33.39543533325195,33.36188888549805,33.3121337890625,33.24330139160156,33.1822395324707,33.131134033203125,33.08485794067383,33.03400802612305,32.98746109008789,32.93682861328125,32.89092254638672,32.84171676635742,32.79788589477539,32.75494384765625,32.72056579589844,32.690696716308594,32.67072296142578,32.65333557128906,32.64170455932617,32.623069763183594,32.600929260253906,32.557090759277344,32.499671936035156,32.4182014465332,32.327354431152344,32.23074722290039,32.14549255371094,32.10760498046875,32.124183654785156,32.228267669677734,32.40297317504883,null,null,null,null,null
33.5150146484375,33.505287170410156,33.495052337646484,33.48273849487305,33.470664978027344,33.457130432128906,33.444698333740234,33.429752349853516,33.41516876220703,33.3963623046875,33.377010345458984,33.34935760498047,33.31884765625,33.2787971496582,33.21335983276367,33.11223220825195,33.03260803222656,32.973487854003906,32.921546936035156,32.86747360229492,32.8210563659668,32.77333068847656,32.7332878112793,32.691898345947266,32.6572380065918,32.623443603515625,32.59722900390625,32.5745849609375,32.56005859375,32.54789352416992,32.54059982299805,32.52946090698242,32.516883850097656,32.4825325012207,32.43400192260742,32.35967254638672,32.27431106567383,32.16507339477539,32.05164337158203,31.955087661743164,31.89171600341797,31.922866821289062,32.0423469543457,null,null,null,null,null
33.433876037597656,33.42176818847656,33.40888595581055,33.39317321777344,33.377777099609375,33.36016082763672,33.343868255615234,33.324012756347656,33.304534912109375,33.27935028076172,33.253318786621094,33.217132568359375,33.17756271362305,33.12782669067383,33.06273651123047,32.978668212890625,32.90549087524414,32.84506607055664,32.79398727416992,32.7432746887207,32.70159149169922,32.660972595214844,32.62804412841797,32.59536361694336,32.56809616088867,32.542266845703125,32.521934509277344,32.505123138427734,32.49442672729492,32.48628616333008,32.481868743896484,32.47523880004883,32.46730041503906,32.43735885620117,32.38923263549805,32.318504333496094,32.23661804199219,32.1214599609375,31.993703842163086,31.86119270324707,31.746444702148438,31.71807289123535,31.778053283691406,null,null,null,null,null
33.35249710083008,33.337215423583984,33.320289611816406,33.299888610839844,33.27934646606445,33.256168365478516,33.234127044677734,33.20793914794922,33.181888580322266,33.149078369140625,33.09260940551758,33.009307861328125,32.936805725097656,32.87833786010742,32.821533203125,32.76071548461914,32.70606994628906,32.65375900268555,32.61254119873047,32.574310302734375,32.54560852050781,32.518951416015625,32.49910354614258,32.479312896728516,32.463279724121094,32.448028564453125,32.43642807006836,32.42757797241211,32.423095703125,32.42090606689453,32.421356201171875,32.4196891784668,32.4162483215332,32.39322280883789,32.35578536987305,32.28799819946289,32.203392028808594,32.08119583129883,31.94442367553711,31.792787551879883,31.65517807006836,31.58799934387207,31.606164932250977,null,null,null,null,null
33.29305648803711,33.271636962890625,33.248233795166016,33.21937942504883,33.19122314453125,33.15892028808594,33.1292839050293,33.09423828125,33.06101989746094,33.02010726928711,32.942413330078125,32.81513977050781,32.7225456237793,32.66193771362305,32.607242584228516,32.55183410644531,32.50642395019531,32.46550750732422,32.43745422363281,32.413516998291016,32.399017333984375,32.38667297363281,32.379573822021484,32.372249603271484,32.36233901977539,32.351444244384766,32.34636688232422,32.34823989868164,32.35237121582031,32.35859680175781,32.36582565307617,32.36930465698242,32.36860656738281,32.348445892333984,32.31309127807617,32.23699188232422,32.135093688964844,31.988361358642578,31.825056076049805,31.632417678833008,31.44815444946289,31.32785987854004,31.294260025024414,null,null,null,null,null
33.19879913330078,33.16028594970703,33.11857223510742,33.069618225097656,33.02295684814453,32.97233200073242,32.92721176147461,32.87803268432617,32.83357620239258,32.78409194946289,32.7157096862793,32.62492370605469,32.550514221191406,32.497344970703125,32.45173645019531,32.4091911315918,32.376121520996094,32.34981918334961,32.33378219604492,32.32304763793945,32.31853485107422,32.31672286987305,32.317195892333984,32.317962646484375,32.31105041503906,32.300514221191406,32.3001594543457,32.30965042114258,32.320411682128906,32.33280563354492,32.34492492675781,32.3506965637207,32.349342346191406,32.3182373046875,32.262977600097656,32.1539421081543,32.011844635009766,31.808616638183594,31.582599639892578,31.298187255859375,31.00897789001465,30.82103157043457,30.76659393310547,null,null,null,null,null
33.09761047363281,33.01634979248047,32.91495895385742,32.817813873291016,32.744873046875,32.671077728271484,32.60919189453125,32.54710388183594,32.495304107666016,32.44349670410156,32.40035629272461,32.35691833496094,32.3204460144043,32.287322998046875,32.26320266723633,32.243892669677734,32.23288345336914,32.22783279418945,32.2298698425293,32.23569107055664,32.24448013305664,32.254825592041016,32.2650146484375,32.27521896362305,32.279266357421875,32.283226013183594,32.29065704345703,32.305458068847656,32.32019805908203,32.33586120605469,32.34944152832031,32.353633880615234,32.348323822021484,32.303550720214844,32.22642135620117,32.083919525146484,31.900144577026367,31.639545440673828,31.32056999206543,30.889249801635742,30.446081161499023,30.248207092285156,30.312246322631836,null,null,null,null,null
33.00537872314453,32.88727951049805,32.73021697998047,32.59718322753906,32.50602722167969,32.418155670166016,32.34897994995117,32.283145904541016,32.23270034790039,32.18636703491211,32.15316390991211,32.12452697753906,32.10673904418945,32.095298767089844,32.093658447265625,32.097618103027344,32.1077880859375,32.124813079833984,32.14641189575195,32.17043685913086,32.19288635253906,32.21638107299805,32.236976623535156,32.25806427001953,32.276065826416016,32.29561233520508,32.31338119506836,32.333045959472656,32.3513069152832,32.367286682128906,32.378456115722656,32.374908447265625,32.35788345336914,32.29600524902344,32.20132064819336,32.031005859375,31.818288803100586,31.51253318786621,31.130468368530273,30.58348274230957,30.03940200805664,29.797330856323242,29.96802520751953,null,null,null,null,null
32.84782791137695,32.713783264160156,32.56848907470703,32.43382263183594,32.33732223510742,32.248077392578125,32.18196105957031,32.122276306152344,32.079036712646484,32.04374313354492,32.0217399597168,32.00873565673828,32.00580978393555,32.012229919433594,32.025489807128906,32.04560470581055,32.06778335571289,32.09803009033203,32.13062286376953,32.164405822753906,32.193660736083984,32.22389221191406,32.2605094909668,32.30497741699219,32.338565826416016,32.36213684082031,32.38253402709961,32.402587890625,32.419246673583984,32.42866516113281,32.429710388183594,32.40882873535156,32.37031936645508,32.28069305419922,32.15662384033203,31.95230484008789,31.704544067382812,31.364185333251953,30.965044021606445,30.50128746032715,29.968441009521484,29.62222671508789,29.842802047729492,null,null,null,null,null
32.63882827758789,32.494041442871094,32.36333084106445,32.24068832397461,32.14757537841797,32.06757354736328,32.01475143432617,31.969118118286133,31.939105987548828,31.92037010192871,31.916702270507812,31.925748825073242,31.945964813232422,31.97629165649414,32.01115036010742,32.05109786987305,32.0888671875,32.13089370727539,32.169307708740234,32.20833206176758,32.24049758911133,32.273338317871094,32.3184814453125,32.381690979003906,32.4223747253418,32.444698333740234,32.47260665893555,32.50202941894531,32.51679611206055,32.50761413574219,32.48716354370117,32.435752868652344,32.36349105834961,32.22406005859375,32.044559478759766,31.77655029296875,31.47176170349121,31.09638786315918,30.720539093017578,30.43634033203125,30.189157485961914,null,null,null,null,null,null,null
32.493560791015625,32.332427978515625,32.194095611572266,32.07070541381836,31.984966278076172,31.90951919555664,31.85993766784668,31.819976806640625,31.798797607421875,31.796001434326172,31.812637329101562,31.84992027282715,31.9012508392334,31.96502113342285,32.029632568359375,32.097373962402344,32.15585708618164,32.21538162231445,32.26485824584961,32.31396484375,32.35325622558594,32.38609313964844,32.4225959777832,32.46876525878906,32.50373458862305,32.523048400878906,32.55462646484375,32.59272766113281,32.60133743286133,32.581607818603516,32.53899383544922,32.461631774902344,32.337120056152344,32.151039123535156,31.88447380065918,31.552242279052734,31.161508560180664,30.771989822387695,30.409021377563477,30.19060516357422,30.05781364440918,null,null,null,null,null,null,null
32.39554977416992,32.23508071899414,32.10051345825195,31.98351287841797,31.90464973449707,31.833972930908203,31.781686782836914,31.74226188659668,31.720352172851562,31.723957061767578,31.75258445739746,31.808780670166016,31.868450164794922,31.938154220581055,32.021034240722656,32.103546142578125,32.174739837646484,32.25559616088867,32.33391189575195,32.4028434753418,32.46797180175781,32.51367950439453,32.550025939941406,32.58673095703125,32.614707946777344,32.63279342651367,32.65147018432617,32.66504669189453,32.658992767333984,32.635101318359375,32.581485748291016,32.4858512878418,32.28583526611328,31.992626190185547,31.633447647094727,31.23002815246582,30.83029556274414,30.45317840576172,30.187143325805664,30.008468627929688,29.896257400512695,null,null,null,null,null,null,null
32.249977111816406,32.107574462890625,31.989519119262695,31.885478973388672,31.814266204833984,31.756732940673828,31.724620819091797,31.68637466430664,31.651142120361328,31.646278381347656,31.67411231994629,31.722091674804688,31.77218246459961,31.82582664489746,31.92649269104004,32.020729064941406,32.105953216552734,32.19530487060547,32.276763916015625,32.366519927978516,32.471858978271484,32.560672760009766,32.63294219970703,32.684288024902344,32.7219123840332,32.738624572753906,32.74031066894531,32.7264404296875,32.69486618041992,32.6541862487793,32.5645866394043,32.44205856323242,32.15913772583008,31.712736129760742,31.207618713378906,30.774477005004883,30.47372817993164,30.260480880737305,null,null,null,null,null,null,null,null,null,null
32.064781188964844,31.9442195892334,31.842845916748047,31.745519638061523,31.6717529296875,31.64005470275879,31.65822982788086,31.61636734008789,31.53544807434082,31.508258819580078,31.515472412109375,31.52242088317871,31.549264907836914,31.613826751708984,31.721708297729492,31.852109909057617,31.979331970214844,32.07356262207031,32.15897750854492,32.26670455932617,32.39059829711914,32.484989166259766,32.57787322998047,32.656280517578125,32.71088790893555,32.7312126159668,32.72655487060547,32.69793701171875,32.63718032836914,32.55615234375,32.398075103759766,32.19251251220703,31.851221084594727,31.357236862182617,30.83588218688965,30.442895889282227,30.20743179321289,30.066268920898438,null,null,null,null,null,null,null,null,null,null
31.927698135375977,31.783447265625,31.653831481933594,31.530521392822266,31.423460006713867,31.31682014465332,31.234233856201172,31.158239364624023,31.199094772338867,31.311872482299805,31.338470458984375,31.259395599365234,31.243789672851562,31.283573150634766,31.39234733581543,31.552026748657227,31.718917846679688,31.847139358520508,31.982458114624023,32.118160247802734,32.252254486083984,32.3354606628418,32.40040969848633,32.43547821044922,32.46269607543945,32.48511505126953,32.470096588134766,32.42092514038086,32.34943771362305,32.242919921875,32.05294418334961,31.77534294128418,31.429616928100586,30.993982315063477,30.661836624145508,30.384077072143555,30.209667205810547,30.104572296142578,null,null,null,null,null,null,null,null,null,null
31.832168579101562,31.642065048217773,31.468435287475586,31.304933547973633,31.15407371520996,30.986574172973633,30.723548889160156,30.539915084838867,30.63557243347168,31.03055763244629,null,null,30.997848510742188,30.946046829223633,31.004215240478516,31.15454864501953,31.312904357910156,31.453792572021484,31.6187686920166,31.780397415161133,31.91553497314453,32.03375244140625,32.097755432128906,32.0377311706543,31.970531463623047,31.949140548706055,31.922374725341797,31.8580379486084,31.795814514160156,31.700923919677734,31.535112380981445,31.290695190429688,30.966318130493164,30.70863914489746,30.54008674621582,null,null,null,null,null,null,null,null,null,null,null,null,null
