earth/public/data/ocean/W07/ANN-vosaline-depthz-0m-gfs-1.0.json
{"header": {"discipline": 0, "disciplineName": "Meteorological products", "gribEdition": 2, "gribLength": 131138.0, "center": 0, "centerName": "Kiel Climate Model", "subcenter": 0, "refTime": "1", "significanceOfRT": 1, "significanceOfRTName": "Start of forecast", "productStatus": 0, "productStatusName": "Operational products", "productType": 1, "productTypeName": "Forecast products", "productDefinitionTemplate": 0, "productDefinitionTemplateName": "Analysis/forecast at horizontal level/layer at a point in time", "parameterCategory": 2, "parameterCategoryName": "Momentum", "parameterNumber": 2, "parameterNumberName": "U-component_of_wind", "parameterUnit": "PSU", "genProcessType": 2, "genProcessTypeName": "Forecast", "forecastTime": 0, "surface1Type": 103, "surface1TypeName": "Specified height level above ground", "surface1Value": 10, "surface2Type": 255, "surface2TypeName": "Missing", "surface2Value": 0, "gridDefinitionTemplate": 0, "gridDefinitionTemplateName": "Latitude_Longitude", "numberPoints": 65160, "shape": 6, "shapeName": "Earth spherical with radius of 6,371,229.0 m", "gridUnits": "degrees", "resolution": 48, "winds": "true", "scanMode": 0, "nx": 360.0, "ny": 180.0, "basicAngle": 0, "subDivisions": 0, "lo1": 0.0, "la1": -89.5, "lo2": 359.0, "la2": 89.5, "dx": 1.0, "dy": -1.0}, "data":
[rows 105 to 125 of 180, columns 240 to 287 of 360]
33.62124252319336,33.487464904785156,33.349788665771484,33.20002365112305,33.06577682495117,32.9345703125,32.831024169921875,32.74539566040039,32.694095611572266,32.65093231201172,32.6241340637207,32.607139587402344,32.60319137573242,32.60478591918945,32.61192321777344,32.617698669433594,32.621334075927734,32.62855911254883,32.638545989990234,32.63477325439453,32.61085891723633,32.58952331542969,32.600345611572266,null,null,null,null,null,null,null,null,null,null,null,null,36.64214324951172,36.64121627807617,36.65077209472656,36.60491943359375,36.511619567871094,36.45246505737305,36.436363220214844,36.412574768066406,36.38448715209961,36.359474182128906,36.34088897705078,36.30642318725586,36.2619514465332
33.55438232421875,33.42639923095703,33.29520034790039,33.15385818481445,33.02716827392578,32.907135009765625,32.81465530395508,32.740299224853516,32.696720123291016,32.66324996948242,32.64488220214844,32.64075469970703,32.64981460571289,32.664669036865234,32.6808967590332,32.678714752197266,32.659996032714844,32.66181182861328,32.68513488769531,32.67757034301758,32.62373733520508,32.573631286621094,32.564727783203125,null,null,null,null,null,null,null,null,null,null,null,null,36.650482177734375,36.63490295410156,36.62106704711914,36.56348419189453,36.472198486328125,36.42026901245117,36.4141960144043,36.38739013671875,36.34425735473633,36.3055419921875,36.279170989990234,36.24860763549805,36.21842956542969
33.50053024291992,33.37949752807617,33.257728576660156,33.12627410888672,33.00993728637695,32.900081634521484,32.81760787963867,32.752777099609375,32.7182502746582,32.69679260253906,32.69340133666992,32.7091178894043,32.74289321899414,32.77667236328125,32.8060302734375,32.78759765625,32.72323989868164,32.710697174072266,null,null,null,null,null,null,null,null,null,null,null,null,null,null,null,null,null,36.66556930541992,36.63812255859375,36.597251892089844,36.544288635253906,36.48929214477539,36.46969223022461,36.49199676513672,36.470420837402344,36.40937423706055,36.36096954345703,36.3331298828125,36.31336212158203,36.30624008178711
33.461177825927734,33.35038375854492,33.24000930786133,33.122371673583984,33.017662048339844,32.92156219482422,32.850379943847656,32.79803466796875,32.773014068603516,32.766639709472656,32.77886962890625,32.81914138793945,32.878211975097656,32.934410095214844,32.97584533691406,32.93867492675781,32.805694580078125,32.73761749267578,null,null,null,null,null,null,null,null,null,null,null,null,null,null,null,null,null,36.7010383605957,36.679893493652344,36.636390686035156,36.594993591308594,36.56189727783203,36.56709671020508,36.60882568359375,36.60105514526367,36.543582916259766,36.4774284362793,36.40207290649414,36.349517822265625,36.35399627685547
33.443992614746094,33.343318939208984,33.24630355834961,33.14179992675781,33.04999542236328,32.96664047241211,32.908050537109375,32.86697769165039,32.851924896240234,32.85866928100586,32.88717269897461,32.948516845703125,33.03346252441406,33.10810852050781,33.16055679321289,33.14835739135742,33.2176399230957,33.45071792602539,null,null,null,null,null,null,null,null,null,null,null,null,null,null,null,null,null,36.75162887573242,36.75286102294922,36.73112869262695,36.70438003540039,36.67880630493164,36.6930046081543,36.74520492553711,36.755210876464844,36.72281265258789,36.67425537109375,36.61515808105469,36.66199493408203,36.691734313964844
33.47495651245117,33.386085510253906,33.301185607910156,33.21030807495117,33.12910842895508,33.06044387817383,33.01573181152344,32.98869705200195,32.983158111572266,33.005332946777344,33.056861877441406,33.13237762451172,33.21261215209961,33.273948669433594,33.30446243286133,null,null,null,null,null,null,null,null,37.402713775634766,37.408111572265625,37.42960739135742,37.462646484375,37.49751281738281,37.51314926147461,37.124046325683594,37.04253005981445,36.944976806640625,null,null,null,36.776275634765625,36.795928955078125,36.788021087646484,null,null,null,null,null,null,null,null,36.860694885253906,36.90833282470703
33.611690521240234,33.543495178222656,33.47380828857422,33.40073776245117,33.3366584777832,33.29176712036133,33.27067184448242,33.264339447021484,33.270362854003906,33.294612884521484,33.34751892089844,33.40317916870117,33.41729736328125,33.40493392944336,33.379722595214844,null,null,null,null,null,null,null,null,37.17908477783203,37.362613677978516,37.36349105834961,37.38161849975586,37.39479064941406,37.386962890625,37.35384750366211,37.32840347290039,37.26191711425781,null,null,null,36.7702751159668,36.80437088012695,36.81841278076172,null,null,null,null,null,null,null,null,37.04658889770508,37.11426544189453
33.778438568115234,33.730369567871094,33.68293380737305,33.62477111816406,33.58125305175781,33.55613708496094,33.55400466918945,33.5678825378418,33.58392333984375,33.602020263671875,33.62362289428711,33.634281158447266,null,null,null,null,null,null,null,null,null,null,null,37.207637786865234,37.3398551940918,37.315879821777344,37.29531478881836,37.26719665527344,37.2110481262207,37.151214599609375,37.08395767211914,36.9922981262207,36.84747314453125,36.756622314453125,36.75444030761719,36.779151916503906,36.8145751953125,36.828453063964844,36.820045471191406,36.81095886230469,36.80175018310547,36.79894256591797,36.801002502441406,36.80469512939453,36.819847106933594,36.88228988647461,36.973060607910156,37.05384826660156
33.88428497314453,33.86334228515625,33.837608337402344,33.80527877807617,33.76948165893555,33.75208282470703,33.75143814086914,33.763187408447266,33.78169250488281,33.77470016479492,33.74144744873047,33.705604553222656,null,null,null,null,null,null,null,null,null,null,null,37.37611389160156,37.35590744018555,37.32292556762695,37.27836227416992,37.21706008911133,37.13005447387695,37.024314880371094,36.925994873046875,36.84516525268555,36.79073715209961,36.76470947265625,36.766178131103516,36.79475021362305,36.81648635864258,36.81996536254883,36.81529235839844,36.80767059326172,36.80340576171875,36.803749084472656,36.80937576293945,36.8178825378418,36.85221481323242,36.9134521484375,36.99311447143555,37.08562088012695
33.94344711303711,33.94627380371094,33.952232360839844,33.943115234375,33.922733306884766,33.909358978271484,33.906402587890625,33.91020584106445,33.91967010498047,33.90818405151367,33.91194152832031,34.0183219909668,null,null,null,null,null,null,null,null,null,null,null,37.38345718383789,37.3724479675293,37.353214263916016,37.311439514160156,37.25599670410156,37.16774368286133,37.0633544921875,36.958560943603516,36.871742248535156,36.80753707885742,36.77629470825195,36.77226257324219,36.79503631591797,36.808616638183594,36.81023025512695,36.809654235839844,36.807456970214844,36.80815124511719,36.811946868896484,36.822998046875,36.83974075317383,36.89788818359375,36.98835372924805,37.088619232177734,37.1815299987793
33.932106018066406,33.9669075012207,34.004150390625,34.0279541015625,34.03114700317383,34.03486633300781,34.03683090209961,34.029850006103516,34.01327133178711,null,null,null,null,null,null,null,null,null,null,null,null,null,null,37.38793182373047,37.371253967285156,37.34247589111328,37.302223205566406,37.25886917114258,37.18363571166992,37.08885955810547,36.98263168334961,36.88380813598633,36.81144332885742,36.77861022949219,36.77130126953125,36.79019546508789,36.80209732055664,36.805419921875,36.80807113647461,36.80867004394531,36.81367492675781,36.82197570800781,36.845909118652344,36.87961196899414,36.950714111328125,37.04580307006836,37.13384246826172,37.20175552368164
33.86442947387695,33.92759323120117,33.99957275390625,34.05460739135742,34.08552551269531,34.10691452026367,34.11648941040039,34.11149978637695,34.124107360839844,null,null,null,null,null,null,null,null,null,null,null,null,null,null,37.38813018798828,37.3544921875,37.291786193847656,37.23995590209961,37.20736312866211,37.146854400634766,37.07077407836914,36.969581604003906,36.86213684082031,36.79072570800781,36.76841735839844,36.7681884765625,36.79072570800781,36.80345916748047,36.57541275024414,36.50112533569336,36.80863952636719,36.81713104248047,36.83272933959961,36.87331008911133,36.933006286621094,37.009429931640625,37.089168548583984,37.14503479003906,37.16394805908203
33.786651611328125,33.876014709472656,33.97191619873047,34.05215835571289,34.101173400878906,34.13650131225586,34.15467071533203,34.167476654052734,34.10968017578125,null,null,null,null,null,null,null,null,null,null,null,null,null,null,37.38823699951172,37.18375015258789,36.905696868896484,36.7448616027832,36.69298553466797,36.68772888183594,36.7230110168457,36.71756362915039,36.6583251953125,36.641937255859375,36.66312789916992,36.70616912841797,36.75732421875,36.78705596923828,36.34074401855469,36.19340515136719,36.81278991699219,36.82233810424805,36.83975601196289,36.88884353637695,36.96090316772461,37.033241271972656,37.093807220458984,37.11906814575195,37.10614776611328
33.71471405029297,33.819374084472656,33.92837905883789,34.0194091796875,34.076900482177734,34.113380432128906,34.13985061645508,null,null,null,null,null,null,null,null,null,null,null,null,null,null,null,null,null,null,null,35.90871810913086,35.80751419067383,35.87961196899414,36.118927001953125,36.268009185791016,36.31380844116211,36.38817596435547,36.48583984375,36.59391403198242,36.69866180419922,36.754676818847656,36.10136032104492,null,null,36.82818603515625,36.841941833496094,36.88856887817383,36.95936584472656,37.019569396972656,37.05712890625,37.06355667114258,37.03596496582031
33.67732238769531,33.79875183105469,33.91489791870117,34.01213455200195,34.07282257080078,34.106021881103516,34.07878875732422,null,null,null,null,null,null,null,null,null,null,null,null,null,null,null,null,null,null,null,35.4486198425293,35.32072448730469,35.43749237060547,35.784332275390625,36.02259063720703,36.12248992919922,36.249420166015625,36.387516021728516,36.53245544433594,36.66611862182617,36.73740768432617,35.8656005859375,null,null,36.82685089111328,36.839500427246094,36.88408279418945,36.952579498291016,37.00077438354492,37.02062225341797,37.011024475097656,36.97444152832031
33.69922637939453,33.83110427856445,33.94108581542969,34.02534103393555,34.08100509643555,34.119361877441406,34.04622268676758,null,null,null,null,null,null,null,null,null,null,null,null,null,null,null,null,null,null,null,35.433258056640625,35.419715881347656,35.49503707885742,35.70199203491211,35.84532165527344,35.93331527709961,36.034889221191406,36.13991165161133,36.228736877441406,36.329410552978516,36.39924240112305,35.57527542114258,null,null,36.80512237548828,36.81193542480469,36.84657669067383,36.90402603149414,36.9442024230957,36.959102630615234,36.94937515258789,36.91490173339844
33.73137664794922,33.86716079711914,33.963050842285156,34.026329040527344,null,null,null,null,null,null,null,null,null,null,null,null,null,null,null,null,null,null,null,null,null,null,null,null,null,null,null,null,null,null,null,null,null,null,null,null,36.77667999267578,36.7696418762207,36.78872299194336,36.82908630371094,36.86430740356445,36.88795471191406,36.88640594482422,36.86111068725586
33.745601654052734,33.86195755004883,33.954444885253906,34.01826095581055,null,null,null,null,null,null,null,null,null,null,null,null,null,null,null,null,null,null,null,null,null,null,null,null,null,null,null,null,null,null,null,null,null,null,null,null,36.76207733154297,36.748966217041016,36.756446838378906,36.781063079833984,36.8104248046875,36.84006118774414,36.847896575927734,36.83226013183594
33.7235107421875,null,null,null,null,null,null,null,null,null,null,null,null,null,null,null,null,null,null,null,null,null,null,null,null,null,null,null,null,null,null,null,null,null,null,null,null,null,null,null,null,null,null,null,null,null,36.81834030151367,36.811187744140625
33.60741424560547,null,null,null,null,null,null,null,null,null,null,null,null,null,null,null,null,null,null,null,null,null,null,null,null,null,null,null,null,null,null,null,null,null,null,null,null,null,null,null,null,null,null,null,null,null,36.801780700683594,36.79912567138672
33.51568603515625,null,null,null,null,null,null,null,null,null,null,null,null,null,null,null,null,null,null,null,null,null,null,null,null,null,null,null,null,null,null,null,null,null,null,null,null,null,null,null,null,null,null,null,null,null,36.79933166503906,36.79523468017578
