earth/public/data/ocean/W07/ANN-ocevel-depthz-500m-gfs-1.0.json
{"header": {"discipline": 0, "disciplineName": "Meteorological products", "gribEdition": 2, "gribLength": 131138.0, "center": 0, "centerName": "Kiel Climate Model", "subcenter": 0, "refTime": "1", "significanceOfRT": 1, "significanceOfRTName": "Start of forecast", "productStatus": 0, "productStatusName": "Operational products", "productType": 1, "productTypeName": "Forecast products", "productDefinitionTemplate": 0, "productDefinitionTemplateName": "Analysis/forecast at horizontal level/layer at a point in time", "parameterCategory": 2, "parameterCategoryName": "Momentum", "parameterNumber": 2, "parameterNumberName": "U-component_of_wind", "parameterUnit": "m/s", "genProcessType": 2, "genProcessTypeName": "Forecast", "forecastTime": 0, "surface1Type": 103, "surface1TypeName": "Specified height level above ground", "surface1Value": 10, "surface2Type": 255, "surface2TypeName": "Missing", "surface2Value": 0, "gridDefinitionTemplate": 0, "gridDefinitionTemplateName": "Latitude_Longitude", "numberPoints": 65160, "shape": 6, "shapeName": "Earth spherical with radius of 6,371,229.0 m", "gridUnits": "degrees", "resolution": 48, "winds": "true", "scanMode": 0, "nx": 360.0, "ny": 180.0, "basicAngle": 0, "subDivisions": 0, "lo1": 0.0, "la1": -89.5, "lo2": 359.0, "la2": 89.5, "dx": 1.0, "dy": -1.0}, "data":
[rows 160 to 179 of 180, columns 230 to 275 of 360]
null,null,null,null,null,null,null,null,null,null,null,null,null,null,null,null,null,null,null,null,null,null,null,null,null,null,null,null,null,null,null,null,null,null,null,null,null,null,null,null,null,null,null,null,null,null
null,null,null,null,null,null,null,null,null,null,null,null,null,null,null,null,null,null,null,null,null,null,null,null,null,null,null,null,null,null,null,null,null,null,null,null,null,null,null,null,null,null,null,null,null,null
null,null,null,null,null,null,null,null,null,null,null,null,null,null,null,null,null,null,null,null,null,null,null,null,null,null,null,null,null,null,null,null,null,null,null,null,null,null,null,null,null,null,null,null,null,null
0.0007028693216852844,0.0008253777050413191,null,null,null,null,null,null,null,null,null,null,null,null,null,null,null,null,null,null,null,null,null,null,null,null,null,null,null,null,null,null,null,null,null,null,null,null,null,null,null,null,null,null,null,null
0.0006900109001435339,0.0009925452759489417,null,null,null,null,null,null,null,null,null,null,null,null,null,null,null,null,null,null,null,null,null,null,null,null,null,null,null,null,null,null,null,null,null,null,null,null,null,null,null,null,null,null,null,null
0.000268647592747584,0.0006233195890672505,null,null,null,null,null,null,null,null,null,null,null,null,null,null,null,null,null,null,null,null,null,null,null,null,null,null,null,null,null,null,null,null,null,null,null,null,null,null,null,null,null,null,null,null
-3.760900654015131e-05,0.00019362634338904172,null,null,null,null,null,null,null,null,null,null,null,null,null,null,null,null,null,null,null,null,null,null,null,null,null,null,null,null,null,null,null,null,null,null,null,null,null,null,null,null,null,null,null,null
0.00012298001092858613,0.00027077444246970117,0.0006457145791500807,0.0008991918875835836,0.0009274504845961928,0.000944405619520694,0.000845066795591265,null,null,null,null,null,null,null,null,null,null,null,null,null,null,null,null,null,null,null,null,null,null,null,null,null,null,null,null,null,null,null,null,null,null,null,null,null,null,null
0.0003194308665115386,0.0003376973618287593,0.0003513870178721845,0.0004069543501827866,0.00045395403867587447,0.0004683259467128664,0.00038777815643697977,0.00025445441133342683,0.00019521063950378448,null,null,null,null,null,null,null,null,null,null,null,null,null,null,null,null,null,null,null,null,null,null,null,null,null,null,null,null,null,null,null,null,null,null,null,null,null
0.0003697078500408679,0.0003053021791856736,0.00022963549417909235,0.00021965589257888496,0.00024439478875137866,0.0002409822482150048,0.0002368123532505706,0.0002525710442569107,0.00028263626154512167,0.0002980094577651471,0.0002953543153125793,0.0003155618323944509,0.0003246680716983974,0.0003196585166733712,0.00033090103534050286,0.00040125224040821195,0.0005025917198508978,0.0006194817833602428,0.0007316545816138387,0.0007877409807406366,0.0005680263857357204,0.00010144452244276181,null,null,null,null,null,null,null,null,null,null,null,null,null,null,null,null,null,null,null,null,null,null,null,null
0.0003818159457296133,0.0003559378092177212,0.000342780229402706,0.0003365314332768321,0.00032153259962797165,0.00030935180257074535,0.0003088586963713169,0.00031657778890803456,0.00033513247035443783,0.00035203428706154227,0.00036267421091906726,0.0003676012856885791,0.00036292089498601854,0.0003419854328967631,0.0003326456353534013,0.000407635816372931,0.0005572321824729443,0.0006340645486488938,0.0006770797190256417,0.0007451552664861083,0.0005144962924532592,-8.375896140933037e-05,-0.0005364076932892203,-0.0006738401716575027,-0.000571376527659595,null,null,null,null,null,null,null,null,null,null,null,null,null,null,null,null,null,null,null,null,null
0.00035010429564863443,0.0003377402317710221,0.0003137059975415468,0.00027751861489377916,0.0002594635298009962,0.00026695517590269446,0.00028091121930629015,0.0002896627120207995,0.00031647036666981876,0.000365454179700464,0.0003937724104616791,0.0003990649711340666,0.00039528761408291757,0.00037781617720611393,0.00035856637987308204,0.0003967183583881706,0.0004769531369674951,0.0004928862326778471,0.0004883506335318089,0.0005824266700074077,0.0004862977657467127,0.00021601395565085113,3.5136010410496965e-05,-1.5074339899001643e-05,2.774592758214567e-05,0.0002092748909490183,0.00036177027504891157,0.0004753752436954528,null,null,null,null,null,null,null,null,null,null,null,null,null,null,null,null,null,null
0.00018601315969135612,0.00018050703511107713,0.00017053756164386868,0.0001539217628305778,0.00015058412100188434,0.0001721548178466037,0.0001950931764440611,0.0002236116270069033,0.0002749686245806515,0.00032435881439596415,0.00034815105027519166,0.00036090545472688973,0.00036728265695273876,0.0003632465086411685,0.00036037733661942184,0.0003627707774285227,0.0003756895603146404,0.00037100748158991337,0.0003816865209955722,0.0004249238409101963,0.0005039761308580637,0.0005696885637007654,0.0005779365892522037,0.0005041591939516366,0.0004539488581940532,0.00044253029045648873,0.00044253029045648873,0.0005389931611716747,0.0007946418481878936,0.0009500737069174647,0.0009500737069174647,0.0009500737069174647,4.6563265641452745e-05,-0.0017586039612069726,-0.0026621143333613873,-0.0026621143333613873,-0.0026621143333613873,-0.002359207021072507,null,null,null,null,null,null,null,null
8.345569222001359e-05,7.42788179195486e-05,9.993256389861926e-05,0.00014268880477175117,0.00017259841843042523,0.00018458350677974522,0.00019699265249073505,0.00023582660651300102,0.00030824370332993567,0.00035125185968354344,0.0004128335858695209,0.0005079146940261126,0.0005285737570375204,0.00046792454668320715,0.00043796462705358863,0.0004508238343987614,0.00046269004815258086,0.0004717510601039976,0.0005012315814383328,0.0005413048202171922,0.0006310611497610807,0.000762486073654145,0.0008094908553175628,0.0007783113978803158,0.0007596037467010319,0.0007596037467010319,0.0007344530895352364,0.0006972267874516547,0.0006537498557008803,0.0006584413931705058,0.0006584413931705058,0.0006584413931705058,0.0002539372071623802,-0.0005189339863136411,-0.0010841336334124207,-0.001180550898425281,-0.001180550898425281,-0.0009454215178266168,-0.0004613316850736737,-0.00011856364289997146,-0.00016384698392357677,-0.0001725138572510332,null,null,null,null
0.00021315859339665622,0.000207652454264462,0.0002504086878616363,0.0003359211841598153,0.0003786774177569896,0.0004078786005266011,0.0004565472190733999,0.0005061135743744671,0.0005427754367701709,0.0005676737055182457,0.0006590974517166615,0.0008365051471628249,0.0008645597845315933,0.0007432613638229668,0.0006864698952995241,0.0006928995135240257,0.0007033058791421354,0.0007142202812246978,0.0007608421146869659,0.0008409885340370238,0.0009484784677624702,0.0010608397424221039,0.001128256437368691,0.001128256437368691,0.001128256437368691,0.0010651703923940659,0.000918109028134495,0.0007241254788823426,0.0006037712446413934,0.0005567094194702804,0.0005567094194702804,0.0005567094194702804,0.0005526049062609673,0.0003850686189252883,2.571578079368919e-05,-0.0001914087333716452,-0.00022526616521645337,-0.00022526616521645337,-0.00022526616521645337,-0.0002728143008425832,-0.0003520611790008843,-0.00038241807487793267,-0.00034803562448360026,-0.000313214142806828,-0.000283830362604931,-0.000291396863758564
0.00044329604133963585,0.00044329604133963585,0.0004689497873187065,0.0005117060500197113,0.0005373597959987819,0.0005860283854417503,0.0006833656225353479,0.0007320342119783163,0.0007320342119783163,0.0007320342119783163,0.000785256561357528,0.0008608227944932878,0.0008557596011087298,0.0007819727761670947,0.000745583267416805,0.000745583267416805,0.0007564976112917066,0.0007783263572491705,0.0008132846560329199,0.0008533578948117793,0.0009240506333298981,0.0010173481423407793,0.0010639969259500504,0.0010639969259500504,0.001069611869752407,0.0009738264488987625,0.0007440036279149354,0.0005969423218630254,0.0005717916646972299,0.0005717916646972299,0.0005717916646972299,0.0005717916646972299,0.0005717916646972299,0.00047537439968436956,0.00025824987096711993,-2.705785482248757e-05,-0.00021020747954025865,-0.00028623981052078307,-0.00028623981052078307,-0.0003487749781925231,-0.0004738453426398337,-0.0005260657635517418,-0.0005088745383545756,-0.0004691760113928467,-0.00041040845098905265,-0.0003810246998909861
0.00047111534513533115,0.00047111534513533115,0.00047111534513533115,0.0004595456412062049,0.0004402628110256046,0.0004578942898660898,0.0005065628793090582,0.0005357640911825001,0.0005357640911825001,0.0005357640911825001,0.0005357640911825001,0.0005138680571690202,0.0004700761055573821,0.0004481801006477326,0.0004481801006477326,0.0004481801006477326,0.0004547287244349718,0.0004656430974137038,0.000472191721200943,0.000472191721200943,0.0005001809913665056,0.0005683099152520299,0.0006320994580164552,0.0006535796565003693,0.0006629377603530884,0.0006185678648762405,0.0005227825022302568,0.0004596963699441403,0.0004596963699441403,0.0004596963699441403,0.0004596963699441403,0.0004596963699441403,0.0004596963699441403,0.0004596963699441403,0.0004258389235474169,0.0002426893188385293,-4.460923810256645e-05,-0.00017132979701273143,-0.00028282846324145794,-0.0005061806295998394,-0.0006802144926041365,-0.0007177356164902449,-0.0007177356164902449,-0.0007001053309068084,-0.0006707215216010809,-0.0006530912942253053
0.000284715584712103,0.000284715584712103,0.000284715584712103,0.0002654327545315027,0.00022686707961838692,0.00020758424943778664,0.00020758424943778664,0.00020758424943778664,0.00020758424943778664,0.00020758424943778664,0.00020758424943778664,0.00019444664940238,0.00017255065904464573,0.00015941305900923908,0.00015941305900923908,0.00018502125749364495,0.00022770158830098808,0.00025330978678539395,0.00025330978678539395,0.00025330978678539395,0.00025330978678539395,0.0002891100593842566,0.00036071057547815144,0.0003965108480770141,0.0004021257336717099,0.00041148383752442896,0.0004170986940152943,0.0004170986940152943,0.0004170986940152943,0.0004170986940152943,0.0004170986940152943,0.0004170986940152943,0.0004170986940152943,0.0004170986940152943,0.0004170986940152943,0.0003410663630347699,0.00021434581140056252,0.0001383134804200381,-4.7517616621917114e-05,-0.00041917982161976397,-0.0006050108931958675,-0.0006050108931958675,-0.0006050108931958675,-0.0006050108931958675,-0.0007283965242095292,-0.000934039184357971
0.0002480602415744215,0.0002524467126931995,0.0002524467126931995,0.00024087700876407325,0.00022159416403155774,0.00021002446010243148,0.00021002446010243148,0.00021002446010243148,0.00021002446010243148,0.00021002446010243148,0.00021002446010243148,0.00021002446010243148,0.00021002446010243148,0.00021002446010243148,0.00021002446010243148,0.00025270480546168983,0.0003380654670763761,0.0003807457978837192,0.0003807457978837192,0.0003807457978837192,0.0003807457978837192,0.0004022259672638029,0.0004380262107588351,0.00045950638013891876,0.00045950638013891876,0.00045950638013891876,0.00045950638013891876,0.00045950638013891876,0.00045950638013891876,0.00045950638013891876,0.00045950638013891876,0.00045950638013891876,0.00045950638013891876,0.00045950638013891876,0.00045950638013891876,0.00045950638013891876,0.00045950638013891876,0.00045950638013891876,0.00034800771391019225,0.00016217662778217345,5.067796155344695e-05,5.067796155344695e-05,5.067796155344695e-05,5.067796155344695e-05,-0.00015496471314691007,-0.0005662500625476241
0.00038076279452070594,0.00039066775934770703,0.00039066775934770703,0.00039066775934770703,0.00039066775934770703,0.00039066775934770703,0.00039066775934770703,0.00039066775934770703,0.00039066775934770703,0.00039066775934770703,0.00039066775934770703,0.00039066775934770703,0.00039066775934770703,0.00039066775934770703,0.00039066775934770703,0.00042536272667348385,0.00048318770132027566,0.0005178826977498829,0.0005178826977498829,0.0005178826977498829,0.0005178826977498829,0.0005178826977498829,0.0005178826977498829,0.0005178826977498829,0.0005178826977498829,0.0005178826977498829,0.0005178826977498829,0.0005178826977498829,0.0005178826977498829,0.0005178826977498829,0.0005178826977498829,0.0005178826977498829,0.0005178826977498829,0.0005178826977498829,0.0005178826977498829,0.0005178826977498829,0.0005178826977498829,0.0005178826977498829,0.0005178826977498829,0.0005178826977498829,0.0005178826977498829,0.0005178826977498829,0.0005178826977498829,0.0005178826977498829,0.0003507150977384299,7.210244075395167e-05
