earth/public/data/ocean/W07/ANN-votemper-depthz-2000m-gfs-1.0.json
{"header": {"discipline": 0, "disciplineName": "Meteorological products", "gribEdition": 2, "gribLength": 131138.0, "center": 0, "centerName": "Kiel Climate Model", "subcenter": 0, "refTime": "1", "significanceOfRT": 1, "significanceOfRTName": "Start of forecast", "productStatus": 0, "productStatusName": "Operational products", "productType": 1, "productTypeName": "Forecast products", "productDefinitionTemplate": 0, "productDefinitionTemplateName": "Analysis/forecast at horizontal level/layer at a point in time", "parameterCategory": 2, "parameterCategoryName": "Momentum", "parameterNumber": 2, "parameterNumberName": "U-component_of_wind", "parameterUnit": "C", "genProcessType": 2, "genProcessTypeName": "Forecast", "forecastTime": 0, "surface1Type": 103, "surface1TypeName": "Specified height level above ground", "surface1Value": 10, "surface2Type": 255, "surface2TypeName": "Missing", "surface2Value": 0, "gridDefinitionTemplate": 0, "gridDefinitionTemplateName": "Latitude_Longitude", "numberPoints": 65160, "shape": 6, "shapeName": "Earth spherical with radius of 6,371,229.0 m", "gridUnits": "degrees", "resolution": 48, "winds": "true", "scanMode": 0, "nx": 360.0, "ny": 180.0, "basicAngle": 0, "subDivisions": 0, "lo1": 0.0, "la1": -89.5, "lo2": 359.0, "la2": 89.5, "dx": 1.0, "dy": -1.0}, "data":
[rows 44 to 65 of 180, columns 0 to 48 of 360]
2.431839942932129,2.425203800201416,2.4174320697784424,2.4094204902648926,2.402024269104004,2.4109883308410645,2.4345109462738037,2.4779093265533447,2.5339314937591553,2.5892348289489746,2.634613513946533,2.668030023574829,2.683906316757202,2.6849117279052734,2.6709394454956055,2.652273178100586,2.632150411605835,2.608327865600586,2.584970474243164,2.563220500946045,2.5469207763671875,2.5303232669830322,2.5164504051208496,2.5061514377593994,2.5014278888702393,2.496030569076538,2.491306781768799,2.48898983001709,2.490180015563965,2.4893174171447754,2.4873454570770264,2.477912187576294,2.4632444381713867,2.446256160736084,2.4304399490356445,2.405629873275757,2.376554489135742,2.347851514816284,2.3251209259033203,2.28908109664917,2.246581792831421,2.2380220890045166,2.265709400177002,2.242877244949341,2.1731626987457275,2.1577954292297363,2.1996524333953857,2.1899518966674805,2.1311585903167725
2.6548423767089844,2.654391050338745,2.6549761295318604,2.6569764614105225,2.660114288330078,2.6726527214050293,2.6922287940979004,2.7256863117218018,2.766744375228882,2.8073112964630127,2.839977741241455,2.863999128341675,2.875105619430542,2.874237537384033,2.8616342544555664,2.8450324535369873,2.8275539875030518,2.805396318435669,2.782780885696411,2.761493682861328,2.7456326484680176,2.7277698516845703,2.7113327980041504,2.6970653533935547,2.687819242477417,2.674445629119873,2.6596083641052246,2.645570755004883,2.6348516941070557,2.6215498447418213,2.6078712940216064,2.5902554988861084,2.571779489517212,2.5493228435516357,2.5267200469970703,2.4994094371795654,2.4721548557281494,2.440512180328369,2.409663200378418,2.3729238510131836,2.336287498474121,2.3192501068115234,2.324190855026245,2.3064680099487305,2.269899606704712,2.253852605819702,2.261125326156616,2.2445666790008545,2.206357002258301
2.87064266204834,2.8752455711364746,2.8838162422180176,2.8954501152038574,2.9085474014282227,2.9250283241271973,2.9421515464782715,2.9665417671203613,2.9933230876922607,3.0193030834198,3.0389416217803955,3.053138256072998,3.0587170124053955,3.055619716644287,3.044252634048462,3.029258966445923,3.0134174823760986,2.992077589035034,2.9690940380096436,2.9472689628601074,2.930454969406128,2.910534143447876,2.8909435272216797,2.8715734481811523,2.8555591106414795,2.83318829536438,2.8079299926757812,2.782320261001587,2.7603700160980225,2.7355618476867676,2.711832046508789,2.686583995819092,2.6640219688415527,2.637190818786621,2.610813617706299,2.5818896293640137,2.555661678314209,2.5235917568206787,2.491701126098633,2.4572818279266357,2.42698073387146,2.404627561569214,2.394253969192505,2.379019021987915,2.3616104125976562,2.345407724380493,2.33339262008667,2.313631057739258,2.2898452281951904
3.0122549533843994,3.0191102027893066,3.029935836791992,3.0446653366088867,3.060666799545288,3.0774714946746826,3.0922305583953857,3.110830545425415,3.130326271057129,3.147507667541504,3.1597676277160645,3.1674110889434814,3.1694467067718506,3.1640756130218506,3.1524617671966553,3.137117385864258,3.1209380626678467,3.0989229679107666,3.0751514434814453,3.0506832599639893,3.0302517414093018,3.0055243968963623,2.9815404415130615,2.9557790756225586,2.9335060119628906,2.9038162231445312,2.8726181983947754,2.8400330543518066,2.812397003173828,2.7822318077087402,2.7552595138549805,2.7267165184020996,2.7019050121307373,2.6734631061553955,2.646650791168213,2.617853879928589,2.5922725200653076,2.5625503063201904,2.533925771713257,2.5043327808380127,2.4788098335266113,2.457714319229126,2.4446587562561035,2.4302358627319336,2.416862964630127,2.402143955230713,2.388566017150879,2.3698949813842773,2.349489688873291
3.1930620670318604,3.2014846801757812,3.211120128631592,3.223799705505371,3.237405776977539,3.249751567840576,3.2587180137634277,3.2699813842773438,3.2814416885375977,3.2904605865478516,3.2952568531036377,3.2966318130493164,3.294224262237549,3.2854256629943848,3.271855354309082,3.254218339920044,3.2357866764068604,3.210435628890991,3.1830756664276123,3.151784658432007,3.1225266456604004,3.0873215198516846,3.0527074337005615,3.014782667160034,2.980734348297119,2.941000461578369,2.9029653072357178,2.8654396533966064,2.8348960876464844,2.803630828857422,2.7768619060516357,2.7483842372894287,2.7230656147003174,2.6952626705169678,2.6696970462799072,2.642925262451172,2.6196017265319824,2.593446731567383,2.569117307662964,2.545259475708008,2.526254177093506,2.509582757949829,2.4982011318206787,2.4864110946655273,2.4765045642852783,2.463406801223755,2.4497575759887695,2.431443691253662,2.4118363857269287
3.3646154403686523,3.373884677886963,3.381988763809204,3.3917927742004395,3.401280164718628,3.4086148738861084,3.4121315479278564,3.4162886142730713,3.4199466705322266,3.4214282035827637,3.420088768005371,3.415686845779419,3.40873646736145,3.396425485610962,3.380786180496216,3.360567092895508,3.339273452758789,3.3092615604400635,3.2756104469299316,3.236287832260132,3.1978845596313477,3.151596784591675,3.1051595211029053,3.053788900375366,3.0059518814086914,2.955470323562622,2.9108519554138184,2.8699264526367188,2.8400726318359375,2.8097596168518066,2.7847280502319336,2.7576799392700195,2.7337310314178467,2.708033800125122,2.6855053901672363,2.661694288253784,2.6411781311035156,2.619022846221924,2.5995209217071533,2.581207513809204,2.567711353302002,2.555795669555664,2.5479254722595215,2.538116931915283,2.528209924697876,2.515597105026245,2.502501964569092,2.4843637943267822,2.464474678039551
3.464848041534424,3.472689151763916,3.4795098304748535,3.4862325191497803,3.491868257522583,3.4955058097839355,3.4967122077941895,3.4971814155578613,3.4970028400421143,3.494812250137329,3.491189479827881,3.483961343765259,3.4745841026306152,3.460336923599243,3.443897008895874,3.4217982292175293,3.39817214012146,3.365126132965088,3.3287506103515625,3.2823145389556885,3.234779119491577,3.1765782833099365,3.119417428970337,3.054950475692749,2.996009588241577,2.9360227584838867,2.8866660594940186,2.8432211875915527,2.8139069080352783,2.7866084575653076,2.766062021255493,2.743858814239502,2.723499059677124,2.7018485069274902,2.6824746131896973,2.662020683288574,2.643944501876831,2.6252918243408203,2.609187364578247,2.5943005084991455,2.5831174850463867,2.5735349655151367,2.5672402381896973,2.557870864868164,2.547121286392212,2.5343143939971924,2.5217392444610596,2.5039656162261963,2.4841647148132324
3.579652786254883,3.58380389213562,3.5879642963409424,3.590740203857422,3.5916032791137695,3.5917253494262695,3.591007709503174,3.588818073272705,3.58549165725708,3.580826759338379,3.5755627155303955,3.56664776802063,3.5555801391601562,3.5405972003936768,3.524303913116455,3.501734495162964,3.4767613410949707,3.442924737930298,3.406278133392334,3.352759599685669,3.291790723800659,3.2196903228759766,3.148677110671997,3.062967300415039,2.9783999919891357,2.896968126296997,2.834674119949341,2.7816669940948486,2.7481801509857178,2.723266124725342,2.711700916290283,2.699509620666504,2.6888227462768555,2.6761794090270996,2.6634960174560547,2.649209499359131,2.6356780529022217,2.6216421127319336,2.6096649169921875,2.597846031188965,2.5884573459625244,2.5792462825775146,2.5719780921936035,2.5627026557922363,2.5531179904937744,2.54099702835083,2.5285468101501465,2.51134991645813,2.492608070373535
3.688640594482422,3.6890246868133545,3.68984317779541,3.6887755393981934,3.6858062744140625,3.682748556137085,3.680006504058838,3.6754348278045654,3.6697535514831543,3.6630918979644775,3.656588315963745,3.64652681350708,3.6347172260284424,3.6195244789123535,3.603743553161621,3.581721305847168,3.557579517364502,3.5233867168426514,3.4853768348693848,3.426138401031494,3.356233596801758,3.274153709411621,3.194589376449585,3.086510419845581,2.96820068359375,2.860056161880493,2.7797727584838867,2.714581251144409,2.6754186153411865,2.651806354522705,2.6480188369750977,2.646218776702881,2.6473562717437744,2.645401954650879,2.6414618492126465,2.63439679145813,2.6259913444519043,2.6165223121643066,2.607966899871826,2.598675489425659,2.59043550491333,2.58119797706604,2.5726068019866943,2.5633761882781982,2.555182695388794,2.543736457824707,2.531156063079834,2.514207601547241,2.4959588050842285
3.7530016899108887,3.7512030601501465,3.7500674724578857,3.7469711303710938,3.742574691772461,3.7381319999694824,3.734508514404297,3.7290730476379395,3.7228329181671143,3.7157115936279297,3.7090003490448,3.699016571044922,3.687544584274292,3.6727778911590576,3.657369613647461,3.635608434677124,3.6115293502807617,3.5777997970581055,3.540499210357666,3.4834091663360596,3.400602340698242,3.299226760864258,3.217278480529785,3.077747344970703,2.938929557800293,2.8322718143463135,2.748533248901367,2.6757686138153076,2.627439498901367,2.5977983474731445,2.5931293964385986,2.5952179431915283,2.603717803955078,2.61084246635437,2.6146719455718994,2.6152141094207764,2.6117184162139893,2.606093645095825,2.5990357398986816,2.5909035205841064,2.5830976963043213,2.57313871383667,2.562911033630371,2.5536131858825684,2.5469441413879395,2.5353198051452637,2.520918369293213,2.5028324127197266,2.484508752822876
3.8287289142608643,3.8251748085021973,3.8223767280578613,3.817911386489868,3.81253719329834,3.807265043258667,3.8030247688293457,3.797152519226074,3.7907304763793945,3.7834415435791016,3.776644468307495,3.766838788986206,3.7558627128601074,3.7410833835601807,3.7252743244171143,3.7024548053741455,3.676725149154663,3.6411612033843994,3.593587636947632,3.5355045795440674,null,null,null,null,2.8888707160949707,2.8102636337280273,2.732330083847046,2.6413700580596924,2.5702762603759766,2.5318236351013184,2.5184097290039062,2.5168747901916504,2.5279572010040283,2.542020797729492,2.557124137878418,2.5682926177978516,2.5736258029937744,2.5735485553741455,2.5681066513061523,2.56084942817688,2.5531716346740723,2.5420007705688477,2.5293543338775635,2.524949073791504,2.529733180999756,2.51700496673584,2.493277072906494,2.470663070678711,2.4490182399749756
3.901458978652954,3.896271228790283,3.8919873237609863,3.886387825012207,3.8804469108581543,3.8744704723358154,3.869516134262085,3.863140344619751,3.8564682006835938,3.8488645553588867,3.841681718826294,3.8318099975585938,3.821019411087036,3.80584716796875,3.788996696472168,3.765331268310547,3.739123582839966,3.713691234588623,null,null,null,null,null,null,null,null,null,null,2.4985756874084473,2.469597578048706,2.447913408279419,2.440732717514038,2.4488685131073,2.4671642780303955,2.4923036098480225,2.513526439666748,2.527496576309204,2.532824993133545,2.5288383960723877,2.522123098373413,2.513902187347412,2.5015783309936523,2.4873311519622803,2.4832351207733154,null,null,2.4580326080322266,2.4364445209503174,2.4083094596862793
3.9466514587402344,3.9405059814453125,3.935422658920288,3.9292409420013428,3.923128604888916,3.916684627532959,3.9111218452453613,3.904291868209839,3.8974714279174805,3.889554262161255,3.8819968700408936,3.8718159198760986,3.860884666442871,3.8463094234466553,3.8305952548980713,3.806126832962036,3.770695924758911,3.745711088180542,null,null,null,null,null,null,null,null,null,null,2.4624335765838623,2.441284656524658,2.41108775138855,2.397796630859375,2.3985092639923096,2.411228895187378,2.434497594833374,2.456789255142212,2.4744110107421875,2.4833290576934814,2.481672763824463,2.475332260131836,2.4654059410095215,2.4518444538116455,2.4372401237487793,2.4296655654907227,null,null,2.4063689708709717,2.3917958736419678,2.365739345550537
3.9842119216918945,3.97737717628479,3.9715681076049805,3.964904308319092,3.9585535526275635,3.9516522884368896,3.945413827896118,3.938204050064087,3.9312994480133057,3.923194408416748,3.9153454303741455,3.904919385910034,3.893789291381836,3.8808112144470215,3.86849045753479,3.8516924381256104,null,null,null,null,null,null,null,null,null,null,null,null,null,null,2.3802828788757324,2.3680992126464844,2.3596160411834717,2.3629345893859863,2.3765969276428223,2.3949222564697266,2.414217948913574,2.4258716106414795,2.428013324737549,2.4222710132598877,2.409743070602417,2.394784450531006,2.379987955093384,2.371392011642456,null,null,2.3425045013427734,2.3342432975769043,2.3187832832336426
4.023281097412109,4.01547908782959,4.008909225463867,4.001465797424316,3.9945766925811768,3.9870827198028564,3.9803943634033203,3.972672700881958,3.9653642177581787,3.9568183422088623,3.948638677597046,3.9377849102020264,3.9262728691101074,3.9129445552825928,3.900421619415283,3.89329195022583,null,null,null,null,null,null,null,null,null,null,null,null,null,null,2.3587305545806885,2.344538450241089,2.3245627880096436,2.3193247318267822,2.326413631439209,2.3386783599853516,2.3544466495513916,2.364154577255249,2.3665804862976074,2.3590877056121826,2.343357801437378,2.3254239559173584,2.308870553970337,2.2866854667663574,null,null,2.2650692462921143,2.2712292671203613,2.262269973754883
4.071654319763184,4.062413692474365,4.0545573234558105,4.045846939086914,4.0378594398498535,4.02943229675293,4.022109508514404,4.013718605041504,4.005771636962891,3.996866226196289,3.9885427951812744,3.97823429107666,3.9676191806793213,3.950662851333618,3.925717830657959,3.908391237258911,null,null,null,null,null,null,null,null,null,null,null,null,null,null,null,null,2.299745559692383,2.285019636154175,2.2753043174743652,2.273733377456665,2.279351234436035,2.2830588817596436,2.283642292022705,2.27274751663208,2.2520182132720947,2.2295756340026855,2.209319829940796,2.1792972087860107,2.138380527496338,2.13183331489563,2.1640655994415283,2.1758100986480713,2.170382261276245
4.117244243621826,4.106589317321777,4.09735631942749,4.087405681610107,4.078479290008545,4.069062232971191,4.0608062744140625,4.05180549621582,4.043666362762451,4.034743785858154,4.026688575744629,4.017787933349609,4.009814262390137,3.9981908798217773,null,null,null,null,null,null,null,null,null,null,null,null,null,null,null,null,null,null,null,null,2.2125086784362793,2.206383466720581,2.2047934532165527,2.204878330230713,2.20661997795105,2.19380521774292,2.1687817573547363,2.1426239013671875,2.1199440956115723,2.0972228050231934,2.078552722930908,2.0705490112304688,2.0742156505584717,2.0753376483917236,2.0733656883239746
4.144857406616211,4.133263111114502,4.123132705688477,4.112256050109863,4.1026835441589355,4.092687606811523,4.084113121032715,4.074952602386475,4.066867351531982,4.058058738708496,4.050139904022217,4.042542457580566,4.036604404449463,4.0331926345825195,null,null,null,null,null,null,null,null,null,null,null,null,null,null,null,null,null,null,null,null,2.183168649673462,2.1859309673309326,2.1893200874328613,2.184159994125366,2.172826051712036,2.1529624462127686,2.1292660236358643,2.104210615158081,2.082040786743164,2.0595815181732178,2.0408382415771484,2.0272111892700195,2.021578788757324,2.0152883529663086,2.0102615356445312
4.167806148529053,4.1555070877075195,4.144561767578125,4.132891654968262,4.122546672821045,4.1122565269470215,4.103865146636963,4.094765663146973,4.086617946624756,4.077687740325928,4.069588661193848,4.062475204467773,4.057684898376465,4.0551958084106445,null,null,null,null,null,null,null,null,null,null,null,null,null,null,null,null,null,null,null,null,null,null,2.2142670154571533,2.1956489086151123,2.1553914546966553,2.1235897541046143,2.10494065284729,2.0833005905151367,2.0629143714904785,2.0413122177124023,2.0224995613098145,2.004462718963623,1.99008047580719,1.9752330780029297,1.9618421792984009
4.190115928649902,4.177150726318359,4.165572643280029,4.153281211853027,4.1425323486328125,4.131961345672607,4.123505115509033,4.114333152770996,4.106128692626953,4.0972442626953125,4.089277267456055,4.082292079925537,4.0775837898254395,4.074851989746094,null,null,null,null,null,null,null,null,null,null,null,null,null,null,null,null,null,null,null,null,null,null,2.231340169906616,2.1905758380889893,2.1316611766815186,2.098200559616089,2.084221601486206,2.067115545272827,2.0496160984039307,2.0323054790496826,2.014336109161377,1.9918837547302246,1.9728238582611084,1.9472872018814087,1.9253463745117188
4.207686901092529,4.194316387176514,4.182288646697998,4.1697540283203125,4.158970355987549,4.148224830627441,4.139455795288086,4.130102157592773,4.121847629547119,4.113160133361816,4.105637073516846,4.098382472991943,4.092690944671631,4.089702606201172,null,null,null,null,null,null,null,null,null,null,null,null,null,null,null,null,null,null,null,null,null,null,null,null,2.0990653038024902,2.0809860229492188,2.0713002681732178,2.058335781097412,2.0448262691497803,2.034165859222412,null,null,null,null,1.902698278427124
4.225316047668457,4.2116618156433105,4.199487686157227,4.186806678771973,4.175924777984619,4.165111541748047,4.156328201293945,4.146853923797607,4.138412952423096,4.129979133605957,4.123065948486328,4.115060329437256,4.107507228851318,4.103201389312744,null,null,null,null,null,null,null,null,null,null,null,null,null,null,null,null,null,null,null,null,null,null,null,null,2.0721611976623535,2.068437337875366,2.061692237854004,2.0519371032714844,2.0408358573913574,2.0347657203674316,null,null,null,null,1.8812127113342285
