earth/public/data/ocean/W07/ANN-ocevel-depthz-2000m-gfs-1.0.json
{"header": {"discipline": 0, "disciplineName": "Meteorological products", "gribEdition": 2, "gribLength": 131138.0, "center": 0, "centerName": "Kiel Climate Model", "subcenter": 0, "refTime": "1", "significanceOfRT": 1, "significanceOfRTName": "Start of forecast", "productStatus": 0, "productStatusName": "Operational products", "productType": 1, "productTypeName": "Forecast products", "productDefinitionTemplate": 0, "productDefinitionTemplateName": "Analysis/forecast at horizontal level/layer at a point in time", "parameterCategory": 2, "parameterCategoryName": "Momentum", "parameterNumber": 2, "parameterNumberName": "U-component_of_wind", "parameterUnit": "m/s", "genProcessType": 2, "genProcessTypeName": "Forecast", "forecastTime": 0, "surface1Type": 103, "surface1TypeName": "Specified height level above ground", "surface1Value": 10, "surface2Type": 255, "surface2TypeName": "Missing", "surface2Value": 0, "gridDefinitionTemplate": 0, "gridDefinitionTemplateName": "Latitude_Longitude", "numberPoints": 65160, "shape": 6, "shapeName": "Earth spherical with radius of 6,371,229.0 m", "gridUnits": "degrees", "resolution": 48, "winds": "true", "scanMode": 0, "nx": 360.0, "ny": 180.0, "basicAngle": 0, "subDivisions": 0, "lo1": 0.0, "la1": -89.5, "lo2": 359.0, "la2": 89.5, "dx": 1.0, "dy": -1.0}, "data":
[rows 20 to 39 of 180, columns 276 to 321 of 360]
null,null,null,null,null,null,null,null,null,null,null,null,null,null,null,null,null,null,null,null,null,null,null,null,null,null,null,null,null,null,0.0015099681913852692,0.0008699193713255227,-0.0002339352504350245,-0.0015493643004447222,-0.003042748896405101,-0.00435633584856987,-0.00534583255648613,-0.00591876357793808,-0.005985916592180729,-0.00621187686920166,-0.006589395925402641,-0.006682224106043577,-0.006524148862808943,-0.006326357368379831,-0.006155164446681738,-0.006105959881097078
0.00880338903516531,0.009034335613250732,0.0083164032548666,0.007405110634863377,0.006399829871952534,0.005904383026063442,null,null,null,null,null,null,null,null,null,null,null,null,null,null,null,null,null,null,null,null,null,null,null,null,0.0017399336211383343,0.0012809629552066326,0.0004182793782092631,-0.00095702288672328,-0.0024276855401694775,-0.004067335743457079,-0.005461527034640312,-0.006375613622367382,-0.006580115761607885,-0.006822254974395037,-0.007043099496513605,-0.007073566783219576,-0.00692038144916296,-0.006715050432831049,-0.00652267737314105,-0.006384655833244324
0.01069453451782465,0.010382155887782574,0.009907864965498447,0.009107086807489395,0.008124503307044506,0.007582233753055334,0.007491030730307102,0.007099627051502466,0.006422150414437056,0.006374172866344452,null,null,null,null,null,null,null,null,null,null,null,null,null,null,null,null,null,null,null,null,0.004980504047125578,0.0036854054778814316,0.001381913898512721,-0.0005669479724019766,-0.00180213269777596,-0.0037661211099475622,-0.0062014264985919,-0.007672387640923262,-0.007969387806952,-0.008203433826565742,-0.00832665991038084,-0.008128167130053043,-0.007598182652145624,-0.007095105480402708,-0.006677737459540367,-0.006242024712264538
0.012454046867787838,0.012172670103609562,0.011921627447009087,0.011352239176630974,0.010564025491476059,0.009987237863242626,0.00973100122064352,0.00911778211593628,0.008252372965216637,0.008097727783024311,0.00882767140865326,0.00931619293987751,null,null,null,null,null,null,null,null,null,null,null,null,null,null,null,null,null,null,0.01067992951720953,0.007685880176723003,0.0032430081628262997,0.0008812012965790927,-1.5769815945532173e-05,-0.0020798328332602978,-0.004920008592307568,-0.006532289553433657,-0.006653395481407642,-0.006851599086076021,-0.007118826732039452,-0.006910162977874279,-0.00629457039758563,-0.005698329769074917,-0.005225526634603739,-0.004660444334149361
0.014048934914171696,0.01388967502862215,0.013790883123874664,0.013486725278198719,0.013034962117671967,0.012783233076334,0.012786207720637321,0.012344101443886757,0.011532873846590519,0.01094299741089344,0.010646467097103596,0.010749529115855694,null,null,null,null,null,null,null,null,null,null,null,null,null,null,null,null,null,null,null,null,0.004732788074761629,0.0035702369641512632,0.003016469767317176,0.0018328563310205936,0.0001594781642779708,-0.0006972641567699611,-0.0006098875310271978,-0.0008116289973258972,-0.0012185461819171906,-0.0014742586063221097,-0.0014545286539942026,-0.0013573681935667992,-0.0011505796574056149,-0.0008383836247958243
0.015923289582133293,0.01601613126695156,0.016174085438251495,0.01626446470618248,0.016251148656010628,0.016419904306530952,0.016706502065062523,0.016758302226662636,0.01653105579316616,0.016353599727153778,0.01618185266852379,0.016666725277900696,0.01780918426811695,0.01972920075058937,null,null,null,null,null,null,null,null,null,null,null,null,null,null,null,null,null,null,0.006769371218979359,0.006579887587577105,0.006385136861354113,0.007217006757855415,0.008824683725833893,0.010002925992012024,0.010420658625662327,0.010552848689258099,0.010273524560034275,0.009325164370238781,0.007816232740879059,0.006815317086875439,0.006507732905447483,0.006190610583871603
0.017740853130817413,0.01813066005706787,0.01863767020404339,0.019179362803697586,0.019679000601172447,0.020414147526025772,0.021276040002703667,0.022004954516887665,0.022503076121211052,0.023289894685149193,0.024301238358020782,0.02490972727537155,0.025054773315787315,0.026096679270267487,0.028099849820137024,0.028429346159100533,0.026334622874855995,0.02432289719581604,0.022671004757285118,0.020405234768986702,null,null,null,null,null,null,null,null,null,null,null,null,null,null,0.006974480580538511,0.008782659657299519,0.012769975699484348,0.015842648223042488,0.01812014915049076,0.019833464175462723,0.02008558064699173,0.01826580800116062,0.015417918562889099,0.013661028817296028,0.012664873152971268,0.01190604455769062
0.01895378902554512,0.01955033838748932,0.020265379920601845,0.021108657121658325,0.021932970732450485,0.02307942695915699,0.024355122819542885,0.02552597038447857,0.026391685009002686,0.02772188000380993,0.02928333915770054,0.030260857194662094,0.030484598129987717,0.03063257411122322,0.030663752928376198,0.02937576361000538,0.026903627440333366,0.024731291458010674,0.023242315277457237,0.020367078483104706,0.015582848340272903,0.012876637279987335,null,null,null,null,null,null,null,null,null,null,0.007421329617500305,0.006175824906677008,0.004873194731771946,0.006051086355000734,0.009425587020814419,0.013299660757184029,null,null,null,null,0.017052287235856056,0.014124348759651184,0.011695404537022114,0.010508259758353233
0.019396426156163216,0.020052874460816383,0.020786572247743607,0.021710390225052834,0.02265789732336998,0.023859631270170212,0.025100240483880043,0.026320667937397957,0.02730274759232998,0.028604136779904366,0.029981622472405434,0.03107798844575882,0.03166859969496727,0.03229564428329468,0.03278835117816925,0.03220546618103981,0.030607596039772034,0.02873164787888527,0.02685428597033024,0.02384648099541664,0.020280297845602036,0.019010139629244804,0.020506639033555984,0.021186120808124542,0.02008945494890213,0.02210337668657303,null,null,null,null,null,null,null,null,0.008379856124520302,0.007296041585505009,null,null,null,null,null,null,null,null,0.006930880714207888,0.005997689440846443
0.01926199346780777,0.01989472098648548,0.02056303061544895,0.021472539752721786,0.022463573142886162,0.02358182892203331,0.024624235928058624,0.02578931674361229,0.02686232700943947,0.028144927695393562,0.02940475195646286,0.03072184883058071,0.031875573098659515,0.03341669961810112,0.035107847303152084,0.03617830574512482,0.036464545875787735,0.03569764643907547,0.034012675285339355,0.03169841691851616,0.029142703860998154,0.027591414749622345,0.02739316038787365,0.027017472311854362,0.026861637830734253,0.02858157828450203,0.03292107582092285,0.035518474876880646,0.034391652792692184,0.03248489648103714,0.029396627098321915,0.027441667392849922,0.026569081470370293,0.02290191687643528,0.01855367422103882,0.016209974884986877,0.015124405734241009,0.012968462891876698,0.009933012537658215,0.007636071648448706,0.006499212700873613,0.006425566505640745,0.007741476874798536,0.00734556932002306,0.0058145239017903805,0.00488493824377656
0.01843404769897461,0.018942810595035553,0.019472947344183922,0.020222371444106102,0.02106589265167713,0.021990781649947166,0.02284197509288788,0.02384611964225769,0.02483777329325676,0.0260158684104681,0.027184398844838142,0.02855711430311203,0.029903363436460495,0.031902700662612915,0.03424606844782829,0.03684485703706741,0.03923904150724411,0.04045908898115158,0.040221843868494034,0.03882935270667076,0.036529917269945145,0.034936364740133286,0.034236665815114975,0.03370178863406181,0.033103592693805695,0.0327872559428215,0.03253796324133873,0.03257867693901062,0.03308723494410515,0.03291870281100273,0.032623253762722015,0.031686536967754364,0.030483441427350044,0.028420010581612587,0.025775784626603127,0.023033831268548965,0.020720141008496284,0.017896633595228195,0.015111664310097694,0.01301292609423399,0.011781398206949234,0.01117382850497961,0.010991285555064678,0.010572594590485096,0.009941831231117249,0.00886506401002407
0.016818108037114143,0.017092389985919,0.017392022535204887,0.017790496349334717,0.018220139667391777,0.01874476671218872,0.019278263673186302,0.019828980788588524,0.020315473899245262,0.020906860008835793,0.021537521854043007,0.022174833342432976,0.022772392258048058,0.0239564199000597,0.025571011006832123,0.028767667710781097,0.03305426612496376,0.03738934174180031,0.04092035070061684,0.04219389334321022,0.04075520485639572,0.039633654057979584,0.039058297872543335,0.03811318427324295,0.037221528589725494,0.03572535887360573,0.03399089723825455,0.03340712934732437,0.03386962413787842,0.03416263312101364,0.03403705358505249,0.03334041312336922,0.03219866752624512,0.03021427057683468,0.027753295376896858,0.025702429935336113,0.024361280724406242,0.022633230313658714,0.02077670395374298,0.019452782347798347,0.01905510574579239,0.018340038135647774,0.01765473186969757,0.01733849197626114,0.017419997602701187,0.016917966306209564
0.014394465833902359,0.01438148133456707,0.014386001043021679,0.014339161105453968,0.014244738966226578,0.014175155200064182,0.014143895357847214,0.01392565481364727,0.013559654355049133,0.013059350661933422,0.012504185549914837,0.012901544570922852,0.014220654964447021,0.015665683895349503,0.016282392665743828,0.01936342380940914,0.024442637339234352,0.02946915291249752,0.03348805382847786,0.03672316297888756,0.03983541950583458,0.041333939880132675,0.040680672973394394,0.04035719111561775,0.04017239436507225,0.03953910991549492,0.038378313183784485,0.03724994510412216,0.03651276230812073,0.03487854450941086,0.03281320631504059,0.030836712568998337,0.029335303232073784,0.027664007619023323,0.026178069412708282,0.02506539411842823,0.024585522711277008,0.02348252199590206,0.022086169570684433,0.02110964059829712,0.020740987733006477,0.020467551425099373,0.02020333893597126,0.019490784034132957,0.018635094165802002,0.018298372626304626
0.012231817469000816,0.012011134997010231,0.011793890036642551,0.011429627425968647,0.010968317277729511,0.010416901670396328,0.009847946465015411,0.008983629755675793,0.007944563403725624,0.006520597729831934,0.004922474268823862,0.004515108652412891,null,null,null,null,null,null,0.019842686131596565,0.02517635002732277,0.03496852144598961,0.039898570626974106,0.03936469554901123,0.03983619809150696,0.04136624187231064,0.042112186551094055,0.04208958521485329,0.040623534470796585,0.0379038043320179,0.034761473536491394,0.03161889687180519,0.028548333793878555,0.02603582665324211,0.02424842119216919,0.02348524145781994,0.02305174246430397,0.02304387278854847,0.021861912682652473,0.019667821004986763,0.01814480684697628,0.01753479428589344,0.017381643876433372,0.017770923674106598,0.01581941545009613,0.011745673604309559,0.010622778907418251
0.010454979725182056,0.010104198008775711,0.00974244624376297,0.009222324937582016,0.008645757101476192,0.007893787696957588,0.007105834782123566,0.0059455023147165775,0.004632073920220137,0.003368619130924344,0.0020638504065573215,0.0012090011732652783,null,null,null,null,null,null,0.011989678256213665,0.018867671489715576,0.03176390752196312,0.036068372428417206,0.032641682773828506,0.039494872093200684,0.053901173174381256,0.06208346039056778,0.06157850846648216,0.052945323288440704,0.038762710988521576,0.028446733951568604,0.024810953065752983,0.022552046924829483,0.021885504946112633,0.02072494477033615,0.019160542637109756,0.01825626567006111,0.018264980986714363,0.016092635691165924,0.01223131362348795,0.0096215158700943,0.00886742863804102,0.008208523504436016,0.00789895560592413,0.004953613970428705,-7.766931958030909e-05,-0.000376408570446074
0.007824521511793137,0.0073372251354157925,0.006778289098292589,0.006168225314468145,0.005611964501440525,0.00482736574485898,0.003954834304749966,0.0031819904688745737,0.0024241108912974596,0.0018368404125794768,null,null,null,null,null,null,null,null,null,null,null,null,0.022313712164759636,0.03768768161535263,0.07212285697460175,0.08837973326444626,0.08624352514743805,0.06464570760726929,0.0334244966506958,0.019082333892583847,0.01575509086251259,0.01505222823470831,0.018308285623788834,0.01649170182645321,0.011654623784124851,0.009834373369812965,0.010343460366129875,0.00795715395361185,0.0028827835340052843,-4.043709486722946e-05,-0.0007061254000291228,-0.002183335367590189,-0.004428539890795946,-0.007450945675373077,-0.010899420827627182,-0.010516297072172165
0.004484957549721003,0.003912380896508694,0.003245713422074914,0.002614216413348913,0.002124954015016556,0.001478272140957415,0.0007669590413570404,0.0003550361725501716,null,null,null,null,null,null,null,null,null,null,null,null,null,null,null,null,null,null,null,null,0.026381107047200203,0.014736328274011612,null,null,null,null,0.0008135337848216295,9.645997488405555e-05,0.0002046473673544824,-0.000727074162568897,-0.002501645591109991,-0.0036922930739820004,null,null,null,null,null,null
0.001858750358223915,0.0013690122868865728,0.000836169405374676,0.0003655145992524922,3.3917032851604745e-05,-0.0014971013879403472,-0.0037507214583456516,-0.005038937088102102,null,null,null,null,null,null,null,null,null,null,null,null,null,null,null,null,null,null,null,null,null,null,0.04916658252477646,0.03587452694773674,0.0041007669642567635,-0.011639568023383617,-0.008203702978789806,-0.00799506064504385,-0.010602549649775028,-0.008956236764788628,-0.0033452182542532682,-0.000478330155601725,-0.0008572948281653225,0.0005479573737829924,0.0034908365923911333,0.004153246525675058,0.002150953048840165,0.0022084973752498627
0.00032729507074691355,5.247688022791408e-05,-0.00019455062283668667,-0.00044390244875103235,-0.0006371410563588142,-0.0029084496200084686,-0.008175993338227272,-0.011725526303052902,null,null,null,null,null,null,null,null,null,null,null,null,null,null,null,null,null,null,null,null,null,null,0.08585979044437408,0.050535064190626144,-0.0015086379135027528,-0.020031563937664032,-0.014153465628623962,-0.012599133886396885,-0.015927907079458237,-0.012316006235778332,-0.0023720564786344767,0.0020679605659097433,0.0003801996062975377,0.0017040311358869076,0.00590456323698163,0.007400902919471264,0.006166938692331314,0.006876340601593256
-0.000249990465817973,-0.00033261027419939637,-0.00031395902624353766,-0.00044180674012750387,-0.0006909174844622612,-0.0023061814717948437,null,null,null,null,null,null,null,null,null,null,null,null,null,null,null,null,null,null,null,null,null,null,null,null,null,null,-0.020230799913406372,-0.02838425152003765,-0.017945686355233192,-0.012710895389318466,-0.013318764977157116,-0.008624577894806862,0.0005616402486339211,0.004568254575133324,0.002573378151282668,0.003764585591852665,0.007878080941736698,0.00951678492128849,0.008298606611788273,0.009765653870999813
