earth/public/data/ocean/W07/ANN-votemper-depthz-3000m-gfs-1.0.json
{"header": {"discipline": 0, "disciplineName": "Meteorological products", "gribEdition": 2, "gribLength": 131138.0, "center": 0, "centerName": "Kiel Climate Model", "subcenter": 0, "refTime": "1", "significanceOfRT": 1, "significanceOfRTName": "Start of forecast", "productStatus": 0, "productStatusName": "Operational products", "productType": 1, "productTypeName": "Forecast products", "productDefinitionTemplate": 0, "productDefinitionTemplateName": "Analysis/forecast at horizontal level/layer at a point in time", "parameterCategory": 2, "parameterCategoryName": "Momentum", "parameterNumber": 2, "parameterNumberName": "U-component_of_wind", "parameterUnit": "C", "genProcessType": 2, "genProcessTypeName": "Forecast", "forecastTime": 0, "surface1Type": 103, "surface1TypeName": "Specified height level above ground", "surface1Value": 10, "surface2Type": 255, "surface2TypeName": "Missing", "surface2Value": 0, "gridDefinitionTemplate": 0, "gridDefinitionTemplateName": "Latitude_Longitude", "numberPoints": 65160, "shape": 6, "shapeName": "Earth spherical with radius of 6,371,229.0 m", "gridUnits": "degrees", "resolution": 48, "winds": "true", "scanMode": 0, "nx": 360.0, "ny": 180.0, "basicAngle": 0, "subDivisions": 0, "lo1": 0.0, "la1": -89.5, "lo2": 359.0, "la2": 89.5, "dx": 1.0, "dy": -1.0}, "data":
[rows 132 to 153 of 180, columns 150 to 199 of 360]
1.1831485033035278,1.1838691234588623,1.1846251487731934,1.1852805614471436,1.1862759590148926,1.1874347925186157,1.1883599758148193,1.188884973526001,1.1895899772644043,1.1903525590896606,1.1910544633865356,1.191574215888977,1.1924254894256592,1.1934605836868286,1.1947652101516724,1.1961722373962402,1.1981614828109741,1.2002590894699097,1.2021876573562622,1.2036598920822144,1.2050105333328247,1.205992579460144,1.2067762613296509,1.2072175741195679,1.2075302600860596,1.2076574563980103,1.2078242301940918,1.2080068588256836,1.2080549001693726,1.2079631090164185,1.2078887224197388,1.2078417539596558,1.2077767848968506,1.2077034711837769,1.2075804471969604,1.2074304819107056,1.2073478698730469,1.2072113752365112,1.2069631814956665,1.20662260055542,1.206250786781311,1.2058192491531372,1.205405354499817,1.204959750175476,1.2045613527297974,1.2041860818862915,1.2038990259170532,1.2036303281784058,1.203424334526062,1.2032654285430908
1.1830238103866577,1.1834003925323486,1.183976173400879,1.1846481561660767,1.1856547594070435,1.186815619468689,1.1877529621124268,1.1882960796356201,1.1890392303466797,1.1898469924926758,1.1906249523162842,1.1912260055541992,1.1921437978744507,1.1932083368301392,1.1945178508758545,1.1958768367767334,1.1977978944778442,1.1998955011367798,1.201857089996338,1.2033710479736328,1.204726219177246,1.205678939819336,1.2064498662948608,1.2069042921066284,1.2072046995162964,1.207297682762146,1.2074133157730103,1.207520604133606,1.2075556516647339,1.2075053453445435,1.2074722051620483,1.2074662446975708,1.20741605758667,1.2073343992233276,1.2072285413742065,1.2070949077606201,1.2070019245147705,1.206843614578247,1.2065906524658203,1.2062522172927856,1.2058911323547363,1.2054636478424072,1.2050504684448242,1.2046282291412354,1.2042759656906128,1.2039673328399658,1.2037562131881714,1.2036000490188599,1.2035224437713623,1.203497290611267
1.1833277940750122,1.1837843656539917,1.1842877864837646,1.1848136186599731,1.185721755027771,1.1868550777435303,1.1877384185791016,1.188219666481018,1.1888799667358398,1.1896120309829712,1.1903802156448364,1.19106125831604,1.1920063495635986,1.193047285079956,1.194310188293457,1.1955660581588745,1.1973636150360107,1.199377417564392,1.2013670206069946,1.2029669284820557,1.2043497562408447,1.2052572965621948,1.2059916257858276,1.2064151763916016,1.206697940826416,1.2067872285842896,1.2068959474563599,1.207007884979248,1.2070608139038086,1.207048773765564,1.2070395946502686,1.207034945487976,1.2069844007492065,1.206896185874939,1.2068244218826294,1.206734538078308,1.2066150903701782,1.2064217329025269,1.2061632871627808,1.2058210372924805,1.2054566144943237,1.2050197124481201,1.2045880556106567,1.2041794061660767,1.203867793083191,1.203635573387146,1.2035298347473145,1.2035070657730103,1.2035804986953735,1.203695297241211
null,1.2894822359085083,1.1883554458618164,1.1931860446929932,1.193610668182373,1.1905146837234497,1.1886451244354248,1.1887366771697998,1.1890590190887451,1.1895710229873657,1.1902579069137573,1.1909840106964111,1.1919405460357666,1.1929527521133423,1.194165825843811,1.1953562498092651,1.1970772743225098,1.199011206626892,1.2009950876235962,1.2026747465133667,1.2040671110153198,1.2049305438995361,1.205599069595337,1.2059569358825684,1.2062050104141235,1.2063019275665283,1.2064324617385864,1.2065728902816772,1.2066516876220703,1.20665442943573,1.206654667854309,1.206650733947754,1.2066032886505127,1.206519365310669,1.206473469734192,1.2064040899276733,1.206277847290039,1.2060668468475342,1.2058088779449463,1.2054649591445923,1.2050971984863281,1.204642653465271,1.2041850090026855,1.2037619352340698,1.2034525871276855,1.2032519578933716,1.2031971216201782,1.2032560110092163,1.203414797782898,1.2036328315734863
2.030029296875,null,null,1.211372971534729,1.2076804637908936,1.1963021755218506,1.190107822418213,1.1897954940795898,1.1898255348205566,1.1901437044143677,1.1906777620315552,1.191342830657959,1.1922073364257812,1.193127155303955,1.1942800283432007,1.1954622268676758,1.1971285343170166,1.1989792585372925,1.2008981704711914,1.202538251876831,1.2038923501968384,1.204709529876709,1.2053074836730957,1.2055726051330566,1.2057793140411377,1.2058860063552856,1.2060222625732422,1.2061623334884644,1.2062482833862305,1.2062642574310303,1.2062901258468628,1.2063212394714355,1.2063053846359253,1.2062454223632812,1.2062127590179443,1.206161379814148,1.2060656547546387,1.2058881521224976,1.2056573629379272,1.205322265625,1.2049438953399658,1.2044336795806885,1.203890323638916,1.203385353088379,1.2030174732208252,1.2027904987335205,1.2027488946914673,1.202858567237854,1.2030999660491943,1.2034215927124023
null,null,null,1.223490595817566,1.2151002883911133,1.1993683576583862,1.1911838054656982,1.191473126411438,1.1916972398757935,1.191860556602478,1.192215085029602,1.1926902532577515,1.1933459043502808,1.1940590143203735,1.1951048374176025,1.1962934732437134,1.1978665590286255,1.1995432376861572,1.2012983560562134,1.2028177976608276,1.2040960788726807,1.2049031257629395,1.2054274082183838,1.2055765390396118,1.2057006359100342,1.2057636976242065,1.205847144126892,1.2059636116027832,1.2060580253601074,1.2060914039611816,1.2061421871185303,1.206202507019043,1.2062183618545532,1.206188678741455,1.2061716318130493,1.2061479091644287,1.2061071395874023,1.205980896949768,1.2057963609695435,1.2054705619812012,1.2050634622573853,1.204472303390503,1.203797698020935,1.203295111656189,1.2030296325683594,1.2028307914733887,1.202721118927002,1.2028028964996338,1.203075885772705,1.203451156616211
null,null,null,null,null,null,null,1.1931815147399902,1.1939398050308228,1.194598913192749,1.195099949836731,1.195425271987915,1.1956093311309814,1.1956512928009033,1.1962890625,1.197446346282959,1.1989035606384277,1.2003873586654663,1.201981782913208,1.2033860683441162,1.2046173810958862,1.2054482698440552,1.2059249877929688,1.2059569358825684,1.2059845924377441,1.2059569358825684,1.2059259414672852,1.2059602737426758,1.2060205936431885,1.2060647010803223,1.2061676979064941,1.2063043117523193,1.2064208984375,1.2064827680587769,1.2065207958221436,1.2065515518188477,1.2066017389297485,1.2065787315368652,1.2064754962921143,1.2062181234359741,1.2058435678482056,1.2052206993103027,1.204460620880127,1.2039130926132202,1.2037217617034912,1.2034531831741333,1.203190565109253,1.2031617164611816,1.2033600807189941,1.2037020921707153
null,null,null,null,null,null,null,null,null,1.197445273399353,1.1977773904800415,1.1981151103973389,1.1980390548706055,1.1974804401397705,1.1978250741958618,1.1989270448684692,1.2002692222595215,1.2016164064407349,1.20301353931427,1.2042255401611328,1.205328106880188,1.206136703491211,1.206527590751648,1.2064387798309326,1.2062921524047852,1.2061097621917725,1.20597243309021,1.2059296369552612,1.2060199975967407,1.206184983253479,1.2064789533615112,1.2068371772766113,1.207204818725586,1.2075128555297852,1.2076826095581055,1.2078272104263306,1.2080883979797363,1.2083162069320679,1.2084612846374512,1.2084753513336182,1.2083407640457153,1.2078216075897217,1.2070015668869019,1.2062052488327026,1.2055610418319702,1.2049486637115479,1.2044769525527954,1.204259991645813,1.2043540477752686,1.2045916318893433
null,null,null,null,null,null,null,null,null,1.1991714239120483,1.1999554634094238,1.20055091381073,1.2006001472473145,1.200455904006958,1.2009313106536865,1.201974868774414,1.2031596899032593,1.2042704820632935,1.2053738832473755,1.206263542175293,1.2069809436798096,1.2074116468429565,1.2073462009429932,1.206841230392456,1.2064398527145386,1.2061519622802734,1.2059574127197266,1.2059388160705566,1.2061090469360352,1.2064731121063232,1.2069569826126099,1.207533597946167,1.208114504814148,1.2086560726165771,1.2089370489120483,1.2091803550720215,1.2096506357192993,1.210109829902649,1.2105365991592407,1.2115681171417236,1.2126796245574951,1.2129473686218262,1.212450385093689,1.211630940437317,1.2105870246887207,1.2093865871429443,1.2082545757293701,1.2074657678604126,1.2072054147720337,1.2071298360824585
null,null,null,null,null,null,null,null,null,null,1.2041019201278687,1.2046844959259033,1.204833745956421,1.2052266597747803,1.2060405015945435,1.206969141960144,1.2079335451126099,1.2089214324951172,1.209915280342102,1.2106972932815552,1.2104765176773071,1.209334373474121,1.2080662250518799,1.2069323062896729,1.2062828540802002,null,null,null,null,null,null,null,null,null,null,null,null,null,null,null,1.2171859741210938,1.2177393436431885,1.2179616689682007,1.2175205945968628,1.2165369987487793,1.214880347251892,1.212823510169983,1.2117893695831299,1.2118300199508667,1.2117466926574707
null,null,null,null,null,null,null,null,null,null,1.2086015939712524,1.2091940641403198,1.2100844383239746,1.2105998992919922,1.2109259366989136,1.2113996744155884,1.2123337984085083,1.2133876085281372,1.2143586874008179,1.2153260707855225,1.2166297435760498,1.2175747156143188,1.2157238721847534,1.210167407989502,1.209864854812622,null,null,null,null,null,null,null,null,null,null,null,null,null,null,null,1.2192730903625488,1.2195903062820435,1.2201850414276123,1.225450873374939,1.2319259643554688,1.2298115491867065,1.2207661867141724,1.2156949043273926,1.2162787914276123,1.2161037921905518
null,null,null,null,null,null,null,null,null,null,null,null,1.2145055532455444,1.2146471738815308,1.2141910791397095,1.2141004800796509,1.2146881818771362,1.2172240018844604,1.2204127311706543,1.2223916053771973,1.2252328395843506,1.230309009552002,1.2310961484909058,null,null,1.2354859113693237,1.2392611503601074,1.2398172616958618,1.2435517311096191,null,null,1.245383620262146,1.2434741258621216,1.2435088157653809,1.2435328960418701,1.2438926696777344,1.2445718050003052,1.2449144124984741,null,null,null,null,null,null,1.2551829814910889,1.2490040063858032,1.2286487817764282,1.21842622756958,1.21834397315979,1.2178622484207153
null,null,null,null,null,null,null,null,null,null,null,null,1.216369390487671,1.2164682149887085,1.216644048690796,1.2185213565826416,null,null,1.2302253246307373,1.2308026552200317,1.2329097986221313,1.23607337474823,1.2380602359771729,1.238281011581421,1.2387449741363525,1.2393274307250977,1.2398121356964111,null,null,1.251373529434204,1.2506392002105713,1.245556116104126,1.2435896396636963,1.2437764406204224,1.2438784837722778,1.2442076206207275,1.2448058128356934,1.245086431503296,1.2449390888214111,1.2447930574417114,null,null,null,null,null,null,null,null,null,null
null,null,null,null,null,null,null,null,null,null,null,null,null,null,1.221440076828003,1.2249983549118042,1.232252836227417,1.2362595796585083,1.2349188327789307,1.234474778175354,1.234961986541748,1.2359850406646729,1.2375237941741943,1.2391103506088257,1.23996901512146,1.2402559518814087,1.2407259941101074,1.2414437532424927,1.2436978816986084,1.2460393905639648,1.246179223060608,1.244585633277893,1.2437905073165894,1.244137167930603,1.2443255186080933,1.2446129322052002,1.2451331615447998,1.2453669309616089,null,null,null,null,null,null,null,null,null,null,null,null
null,null,null,null,null,null,null,null,null,null,null,null,null,null,1.2271592617034912,1.229400396347046,1.2324886322021484,1.2338831424713135,1.2338042259216309,1.2336846590042114,null,null,null,1.2412158250808716,1.2414557933807373,1.2413296699523926,1.2415422201156616,1.242016315460205,1.2424293756484985,1.2427111864089966,1.2431317567825317,1.2436195611953735,1.2441060543060303,1.2445075511932373,1.244728684425354,1.2448946237564087,1.2452871799468994,1.2455499172210693,null,null,null,null,null,null,null,null,null,null,null,null
null,null,null,null,null,null,null,null,null,null,null,null,null,null,null,null,1.2320640087127686,1.232611894607544,1.2334705591201782,1.2339493036270142,null,null,1.2425286769866943,1.2424931526184082,1.24245285987854,1.2424513101577759,1.242595911026001,1.2428817749023438,1.2431981563568115,1.2434883117675781,1.2437562942504883,1.2440121173858643,1.2444063425064087,1.2448244094848633,1.245046854019165,1.245110034942627,null,null,null,null,null,null,null,null,null,null,null,null,null,null
null,null,null,null,null,null,null,null,null,null,null,null,null,null,null,null,1.2323482036590576,1.2352526187896729,1.2391895055770874,1.2409549951553345,null,null,1.2433419227600098,1.2433477640151978,1.243432641029358,1.2435721158981323,1.2436801195144653,1.2437429428100586,1.244201898574829,1.2449307441711426,1.2452627420425415,null,null,null,null,null,null,null,null,null,null,null,null,null,null,null,null,null,null,null
null,null,null,null,null,null,null,null,null,null,null,null,null,null,null,null,null,null,1.2491480112075806,1.2513391971588135,null,null,1.2440208196640015,1.2440334558486938,1.2441006898880005,1.24416983127594,1.2441755533218384,1.244124412536621,1.244846224784851,1.2463188171386719,1.2470934391021729,null,null,null,null,null,null,null,null,null,null,null,null,null,null,null,null,null,null,null
null,null,null,null,null,null,null,null,null,null,null,null,null,null,null,null,null,null,null,null,null,null,null,null,null,null,null,null,null,null,null,null,null,null,null,null,null,null,null,null,null,null,null,null,null,null,null,null,null,null
null,null,null,null,null,null,null,null,null,null,null,null,null,null,null,null,null,null,null,null,null,null,null,null,null,null,null,null,null,null,null,null,null,null,null,null,null,null,null,null,null,null,null,null,null,null,null,null,null,null
null,null,null,null,null,null,null,null,null,null,null,null,null,null,null,null,null,null,null,null,null,null,null,null,null,null,null,null,null,null,null,null,null,null,null,null,null,null,null,null,null,null,null,null,null,null,null,null,null,null
null,null,null,null,null,null,null,null,null,null,null,null,null,null,null,null,null,null,null,null,null,null,null,null,null,null,null,null,null,null,null,null,null,null,null,null,null,null,null,null,null,null,null,null,null,null,null,null,null,null
