earth/public/data/ocean/W07/ANN-vosaline-depthz-500m-gfs-1.0.json
{"header": {"discipline": 0, "disciplineName": "Meteorological products", "gribEdition": 2, "gribLength": 131138.0, "center": 0, "centerName": "Kiel Climate Model", "subcenter": 0, "refTime": "1", "significanceOfRT": 1, "significanceOfRTName": "Start of forecast", "productStatus": 0, "productStatusName": "Operational products", "productType": 1, "productTypeName": "Forecast products", "productDefinitionTemplate": 0, "productDefinitionTemplateName": "Analysis/forecast at horizontal level/layer at a point in time", "parameterCategory": 2, "parameterCategoryName": "Momentum", "parameterNumber": 2, "parameterNumberName": "U-component_of_wind", "parameterUnit": "PSU", "genProcessType": 2, "genProcessTypeName": "Forecast", "forecastTime": 0, "surface1Type": 103, "surface1TypeName": "Specified height level above ground", "surface1Value": 10, "surface2Type": 255, "surface2TypeName": "Missing", "surface2Value": 0, "gridDefinitionTemplate": 0, "gridDefinitionTemplateName": "Latitude_Longitude", "numberPoints": 65160, "shape": 6, "shapeName": "Earth spherical with radius of 6,371,229.0 m", "gridUnits": "degrees", "resolution": 48, "winds": "true", "scanMode": 0, "nx": 360.0, "ny": 180.0, "basicAngle": 0, "subDivisions": 0, "lo1": 0.0, "la1": -89.5, "lo2": 359.0, "la2": 89.5, "dx": 1.0, "dy": -1.0}, "data":
[rows 66 to 87 of 180, columns 147 to 195 of 360]
null,null,null,null,null,null,34.47804260253906,34.51007080078125,34.56809616088867,34.5943717956543,34.58305740356445,34.56578826904297,34.54492950439453,34.53461837768555,34.536781311035156,34.538429260253906,34.53938293457031,34.53756332397461,34.53327560424805,34.52893829345703,34.52530288696289,34.521034240722656,34.516876220703125,34.5125846862793,34.50892639160156,34.504974365234375,34.50146484375,34.497371673583984,34.49348831176758,34.48895263671875,34.48466491699219,34.48050308227539,34.477317810058594,34.473697662353516,34.47037887573242,34.46616744995117,34.461856842041016,34.45745849609375,34.453765869140625,34.45174026489258,34.44993209838867,34.44667053222656,34.442623138427734,34.43856430053711,34.43404769897461,34.429935455322266,34.425384521484375,34.421268463134766,34.41667175292969
null,null,null,null,null,null,34.487548828125,34.513282775878906,34.56058120727539,34.57210922241211,34.546939849853516,34.52189254760742,34.50191879272461,34.493263244628906,34.49728775024414,34.499942779541016,34.500709533691406,34.49860382080078,34.49403762817383,34.48952865600586,34.48588562011719,34.481624603271484,34.47748565673828,34.47334289550781,34.469913482666016,34.46636199951172,34.463294982910156,34.45973205566406,34.4562873840332,34.45243453979492,34.448848724365234,34.44548416137695,34.44291687011719,34.44014358520508,34.43760681152344,34.434078216552734,34.430118560791016,34.4259147644043,34.42219924926758,34.4201545715332,34.41859436035156,34.41573715209961,34.412254333496094,34.40873336791992,34.404876708984375,34.40133285522461,34.39745330810547,34.39388656616211,34.389976501464844
null,null,null,null,null,null,34.48166275024414,34.50050354003906,34.52749252319336,34.522483825683594,34.48577117919922,34.45842742919922,34.44469451904297,34.43996810913086,34.445064544677734,34.44785690307617,34.447906494140625,34.44552993774414,34.441123962402344,34.43704605102539,34.43398666381836,34.430416107177734,34.42694854736328,34.423587799072266,34.42091751098633,34.41813659667969,34.41574478149414,34.41282653808594,34.409908294677734,34.406944274902344,34.40442657470703,34.40165328979492,34.39912414550781,34.39667892456055,34.394859313964844,34.39226150512695,34.38942337036133,34.38593292236328,34.38240051269531,34.380470275878906,34.37921142578125,34.37692642211914,34.37419128417969,34.371517181396484,34.36853790283203,34.365806579589844,34.36277389526367,34.36000442504883,34.3569450378418
null,null,null,null,34.43840026855469,34.44972229003906,34.4658088684082,34.477027893066406,34.483707427978516,34.464874267578125,34.423397064208984,34.39693832397461,34.390625,34.39002227783203,34.395484924316406,34.398094177246094,34.397342681884766,34.39479446411133,34.39091491699219,34.3874626159668,34.385128021240234,34.38238525390625,34.37979507446289,34.3773078918457,34.375431060791016,34.37342071533203,34.37168502807617,34.36941146850586,34.3670539855957,34.36515808105469,34.36415100097656,34.36198043823242,34.359073638916016,34.356502532958984,34.35468292236328,34.35277557373047,34.351139068603516,34.348472595214844,34.345314025878906,34.34356689453125,34.34258270263672,34.34080123901367,34.33877182006836,34.33689498901367,34.334739685058594,34.33274841308594,34.33051681518555,34.3284912109375,34.326229095458984
null,null,null,null,34.42548370361328,34.43212127685547,34.44083023071289,34.44424057006836,34.44221496582031,34.42123794555664,34.38489532470703,34.36368942260742,34.361000061035156,34.36222457885742,34.36711883544922,34.369136810302734,34.36796951293945,34.36558151245117,34.36237335205078,34.3596076965332,34.35772705078125,34.35563278198242,34.353668212890625,34.35177993774414,34.35028076171875,34.34870529174805,34.347320556640625,34.345420837402344,34.34333419799805,34.34210968017578,34.34194564819336,34.34028244018555,34.33737564086914,34.334651947021484,34.332576751708984,34.33090591430664,34.329925537109375,34.32795333862305,34.32529830932617,34.323856353759766,34.3230094909668,34.32146453857422,34.31980895996094,34.318328857421875,34.316619873046875,34.31496810913086,34.313167572021484,34.311519622802734,34.3096923828125
null,34.42386245727539,34.41021728515625,34.40462112426758,34.40658950805664,34.40888214111328,34.410728454589844,34.408775329589844,34.402889251708984,34.38444137573242,34.357017517089844,34.34102249145508,34.339847564697266,34.34136962890625,34.34534454345703,34.3467903137207,34.34539031982422,34.343265533447266,34.34082794189453,34.3386116027832,34.337074279785156,34.33541488647461,34.333980560302734,34.33245849609375,34.33115768432617,34.3298225402832,34.32871627807617,34.32703399658203,34.32510757446289,34.32415771484375,34.324378967285156,34.32316970825195,34.32079315185547,34.31831359863281,34.31620407104492,34.314735412597656,34.31420135498047,34.31277084350586,34.310752868652344,34.309627532958984,34.30887222290039,34.307498931884766,34.30607986450195,34.30488967895508,34.303443908691406,34.30203628540039,34.30050277709961,34.29914855957031,34.29759216308594
null,34.406768798828125,34.393795013427734,34.385372161865234,34.3829460144043,34.380699157714844,34.37900161743164,34.37436294555664,34.3675537109375,34.353309631347656,34.33382034301758,34.322837829589844,34.322078704833984,34.323177337646484,34.326026916503906,34.32677459716797,34.32533264160156,34.32356262207031,34.32175827026367,34.320091247558594,34.31882858276367,34.31756591796875,34.316505432128906,34.31531524658203,34.31419372558594,34.31310272216797,34.312225341796875,34.31081771850586,34.30911636352539,34.30836868286133,34.308712005615234,34.30793380737305,34.306148529052734,34.30419921875,34.3023796081543,34.30120849609375,34.300872802734375,34.299861907958984,34.298343658447266,34.29751968383789,34.296844482421875,34.29561996459961,34.29439926147461,34.293399810791016,34.292179107666016,34.29094696044922,34.289649963378906,34.288509368896484,34.28718948364258
34.39126205444336,34.37584686279297,34.36377716064453,34.35630798339844,34.354888916015625,34.35302734375,34.351097106933594,34.34735107421875,34.34254455566406,34.33278274536133,34.320247650146484,34.31240463256836,34.31096649169922,34.311058044433594,34.31257629394531,34.31272888183594,34.311439514160156,34.30999755859375,34.30869674682617,34.30738830566406,34.306339263916016,34.30529022216797,34.3044548034668,34.30345153808594,34.30248260498047,34.30155944824219,34.300865173339844,34.2996940612793,34.298282623291016,34.297611236572266,34.29780960083008,34.29728698730469,34.29615783691406,34.29484558105469,34.293643951416016,34.292755126953125,34.2923698425293,34.29151916503906,34.290367126464844,34.28972625732422,34.28910827636719,34.28799057006836,34.28687286376953,34.28596878051758,34.28485107421875,34.28373718261719,34.282562255859375,34.28154754638672,34.28034973144531
34.37112808227539,34.3502082824707,34.339725494384766,34.33296203613281,34.331119537353516,34.32887649536133,34.32672882080078,34.32408142089844,34.32133102416992,34.315818786621094,34.308319091796875,34.3033447265625,34.30165100097656,34.300968170166016,34.301448822021484,34.30107116699219,34.299930572509766,34.29878616333008,34.29783630371094,34.29683303833008,34.29594802856445,34.29510498046875,34.2944450378418,34.29365158081055,34.29286193847656,34.29216384887695,34.29166793823242,34.29084396362305,34.28981018066406,34.289283752441406,34.28934097290039,34.28897476196289,34.288246154785156,34.28742599487305,34.286643981933594,34.2859992980957,34.28560256958008,34.28489685058594,34.28401184082031,34.28352737426758,34.282981872558594,34.281986236572266,34.28097915649414,34.28013229370117,34.279109954833984,34.2780876159668,34.277015686035156,34.276084899902344,34.27497863769531
34.3529167175293,34.3343620300293,34.3261604309082,34.319610595703125,34.3159294128418,34.312660217285156,34.310302734375,34.30860137939453,34.307952880859375,34.305049896240234,34.3006591796875,34.29732131958008,34.295799255371094,34.294837951660156,34.29458236694336,34.293907165527344,34.292911529541016,34.291934967041016,34.291175842285156,34.29032897949219,34.2895622253418,34.288841247558594,34.28831100463867,34.28768539428711,34.28709411621094,34.28660583496094,34.28632736206055,34.28584671020508,34.2852783203125,34.284915924072266,34.28483963012695,34.28447341918945,34.28389358520508,34.28325653076172,34.282691955566406,34.282169342041016,34.28179168701172,34.28117752075195,34.28044891357422,34.2800407409668,34.279563903808594,34.27870178222656,34.277774810791016,34.27696228027344,34.2759895324707,34.2750358581543,34.274017333984375,34.27311706542969,34.27204895019531
34.3449592590332,34.329463958740234,34.3220100402832,34.314327239990234,34.308006286621094,34.3023681640625,34.2987060546875,34.296775817871094,34.297054290771484,34.29609298706055,34.29401397705078,34.292236328125,34.2910041809082,34.28995132446289,34.28926467895508,34.28840255737305,34.287532806396484,34.28670120239258,34.28605651855469,34.28535461425781,34.28471374511719,34.28413391113281,34.28371047973633,34.28326416015625,34.28287124633789,34.2825813293457,34.28243637084961,34.282222747802734,34.2819709777832,34.281761169433594,34.2816276550293,34.28131103515625,34.280860900878906,34.28038787841797,34.279972076416016,34.279544830322266,34.27918243408203,34.27864456176758,34.27803039550781,34.27769088745117,34.277278900146484,34.276527404785156,34.27568817138672,34.2749137878418,34.27400207519531,34.27312088012695,34.27215576171875,34.271278381347656,34.27024459838867
34.360530853271484,34.34746170043945,34.33681106567383,34.324459075927734,34.312843322753906,34.30234146118164,34.29488754272461,34.290191650390625,34.28919982910156,34.28844451904297,34.288185119628906,34.2877197265625,34.287174224853516,34.28645324707031,34.285675048828125,34.28488540649414,34.28421401977539,34.28351593017578,34.282920837402344,34.282379150390625,34.28199005126953,34.2816047668457,34.28129577636719,34.28105163574219,34.28091812133789,34.28080749511719,34.28074645996094,34.28067398071289,34.28061294555664,34.280521392822266,34.28042221069336,34.280208587646484,34.27992248535156,34.27958679199219,34.27926254272461,34.278900146484375,34.278568267822266,34.278099060058594,34.277584075927734,34.27730178833008,34.27695846557617,34.276329040527344,34.27560806274414,34.27491760253906,34.274105072021484,34.27332305908203,34.272422790527344,34.271575927734375,34.27056884765625
34.38359832763672,34.37166976928711,34.35580825805664,34.33791732788086,34.32086944580078,34.30537033081055,34.2939453125,34.28604507446289,34.282894134521484,34.28180694580078,34.28291702270508,34.28361511230469,34.28382873535156,34.28351593017578,34.28276062011719,34.2821044921875,34.28166961669922,34.281124114990234,34.28057861328125,34.280208587646484,34.28009796142578,34.27992248535156,34.279720306396484,34.279666900634766,34.27976989746094,34.27983474731445,34.27985763549805,34.279911041259766,34.279991149902344,34.279998779296875,34.27993392944336,34.279815673828125,34.27967071533203,34.27945327758789,34.279212951660156,34.2789192199707,34.27862548828125,34.278236389160156,34.27782440185547,34.27759552001953,34.27731704711914,34.27680969238281,34.276206970214844,34.27561950683594,34.27491760253906,34.274227142333984,34.273399353027344,34.2725830078125,34.271602630615234
34.39785385131836,34.3829460144043,34.364376068115234,34.34128189086914,34.322105407714844,34.306697845458984,34.29389190673828,34.28432083129883,34.279762268066406,34.278038024902344,34.27949905395508,34.28076934814453,34.281585693359375,34.281761169433594,34.281211853027344,34.28082275390625,34.28063201904297,34.28030014038086,34.27985763549805,34.27968978881836,34.27980041503906,34.27983856201172,34.2797737121582,34.27989196777344,34.2801513671875,34.280364990234375,34.28047561645508,34.280635833740234,34.280799865722656,34.28089141845703,34.280879974365234,34.28083801269531,34.280765533447266,34.28062057495117,34.280426025390625,34.280181884765625,34.279930114746094,34.279598236083984,34.27924346923828,34.279052734375,34.278812408447266,34.27836990356445,34.2778434753418,34.277320861816406,34.27668380737305,34.276039123535156,34.27524948120117,34.274452209472656,34.273494720458984
null,null,null,null,34.32585144042969,34.30784225463867,34.29376220703125,34.28251266479492,34.276302337646484,34.273494720458984,34.274681091308594,34.276222229003906,34.27789306640625,34.27881622314453,34.27882385253906,34.27898025512695,34.27924728393555,34.27937698364258,34.27933883666992,34.27956771850586,34.28002166748047,34.280426025390625,34.28071212768555,34.28114700317383,34.281646728515625,34.282100677490234,34.28242874145508,34.28279113769531,34.28311538696289,34.28335952758789,34.28348159790039,34.283565521240234,34.28359603881836,34.283546447753906,34.28342056274414,34.28324890136719,34.28306198120117,34.282798767089844,34.282508850097656,34.2823486328125,34.282135009765625,34.2817497253418,34.28127670288086,34.28081130981445,34.280208587646484,34.27959060668945,34.2788200378418,34.278045654296875,34.27711868286133
34.42441940307617,34.41868209838867,34.408668518066406,34.37680435180664,34.33832931518555,34.312400817871094,34.295738220214844,34.28209686279297,34.27376174926758,34.2695198059082,34.27003479003906,34.271644592285156,34.2740364074707,34.27568817138672,34.27634048461914,34.277076721191406,34.27779769897461,34.278438568115234,34.2789192199707,34.27959060668945,34.28036880493164,34.28116226196289,34.28185272216797,34.28261947631836,34.28335189819336,34.2840576171875,34.28462600708008,34.28520202636719,34.28568649291992,34.28608703613281,34.28634262084961,34.28655242919922,34.28669357299805,34.286739349365234,34.286685943603516,34.286590576171875,34.28647232055664,34.28627395629883,34.286033630371094,34.28590393066406,34.28571319580078,34.28536605834961,34.284934997558594,34.28450012207031,34.2839241027832,34.2833137512207,34.28255844116211,34.281803131103516,34.28091049194336
null,34.41907501220703,34.41021728515625,34.38666915893555,34.35236358642578,34.322566986083984,34.30261993408203,34.285343170166016,34.27423858642578,34.267799377441406,34.267417907714844,34.268672943115234,34.27138137817383,34.27347946166992,34.274559020996094,34.27573013305664,34.27675247192383,34.277835845947266,34.27874755859375,34.27980041503906,34.2807731628418,34.2818717956543,34.282867431640625,34.28390884399414,34.2847785949707,34.285682678222656,34.286434173583984,34.28718185424805,34.287776947021484,34.288299560546875,34.28864669799805,34.2889518737793,34.28915023803711,34.28925704956055,34.289249420166016,34.2891960144043,34.289100646972656,34.28892517089844,34.288700103759766,34.288578033447266,34.288387298583984,34.28804397583008,34.2876091003418,34.28716278076172,34.28657531738281,34.28595733642578,34.28520584106445,34.284461975097656,34.283599853515625
null,34.41972732543945,34.412410736083984,34.38983154296875,34.36289978027344,34.33797073364258,34.31392288208008,34.29201126098633,34.27597427368164,34.26625061035156,34.26451110839844,34.26521682739258,34.26821517944336,34.27074432373047,34.27235794067383,34.27402877807617,34.27546310424805,34.27706527709961,34.2785530090332,34.280052185058594,34.28130340576172,34.28274917602539,34.28413772583008,34.285484313964844,34.28655242919922,34.28767395019531,34.28865051269531,34.28960037231445,34.29035568237305,34.2910270690918,34.2914924621582,34.29188919067383,34.29214859008789,34.29231643676758,34.29236602783203,34.29233169555664,34.29222869873047,34.29204559326172,34.29181671142578,34.291690826416016,34.2914924621582,34.29113006591797,34.29066848754883,34.290184020996094,34.28958511352539,34.288978576660156,34.288246154785156,34.28752517700195,34.28670120239258
null,null,null,null,34.36282730102539,34.345069885253906,34.3192253112793,34.29673767089844,34.27619934082031,34.26349639892578,34.26082229614258,34.26115036010742,34.26438522338867,34.267398834228516,34.269657135009766,34.271934509277344,34.273826599121094,34.27595901489258,34.2779541015625,34.279930114746094,34.28152847290039,34.283355712890625,34.28508377075195,34.2867431640625,34.288047790527344,34.289398193359375,34.29056167602539,34.29171371459961,34.29265594482422,34.29348373413086,34.29404830932617,34.29454040527344,34.29486846923828,34.295101165771484,34.295196533203125,34.29518127441406,34.2950553894043,34.294864654541016,34.294639587402344,34.29451370239258,34.294307708740234,34.2939338684082,34.293460845947266,34.29296875,34.292388916015625,34.291831970214844,34.29115295410156,34.29047775268555,34.28971862792969
34.305538177490234,34.30630111694336,34.307952880859375,34.31388854980469,null,null,34.307804107666016,34.291622161865234,34.27099609375,34.25874710083008,34.256858825683594,34.25758361816406,34.260746002197266,34.2640495300293,34.26689910888672,34.26958465576172,34.27163314819336,34.27401351928711,34.27630615234375,34.278602600097656,34.28048324584961,34.28257751464844,34.284507751464844,34.286376953125,34.287845611572266,34.28935623168945,34.29063415527344,34.291908264160156,34.292945861816406,34.29386901855469,34.29450988769531,34.295066833496094,34.295433044433594,34.29570388793945,34.29582977294922,34.29583740234375,34.29572296142578,34.29554748535156,34.29534912109375,34.29523849487305,34.295047760009766,34.294700622558594,34.29426956176758,34.293827056884766,34.29331970214844,34.29283142089844,34.29222869873047,34.2916259765625,34.290931701660156
34.2978630065918,34.29819107055664,34.29963684082031,34.29938507080078,34.297279357910156,34.293548583984375,34.290096282958984,34.279449462890625,34.262577056884766,34.253211975097656,34.253196716308594,34.2547607421875,34.25765609741211,34.261070251464844,34.26438522338867,34.26716232299805,34.26890563964844,34.27132034301758,34.273963928222656,34.2765007019043,34.27847671508789,34.28073501586914,34.282875061035156,34.28488540649414,34.28640365600586,34.28802490234375,34.28946304321289,34.29081344604492,34.291839599609375,34.292808532714844,34.293548583984375,34.29415512084961,34.29452133178711,34.29481887817383,34.29499053955078,34.295040130615234,34.294960021972656,34.294830322265625,34.294673919677734,34.29458999633789,34.29442596435547,34.294124603271484,34.29375457763672,34.293392181396484,34.292945861816406,34.29249954223633,34.29195785522461,34.29141616821289,34.290771484375
34.28559494018555,34.28546142578125,34.28652572631836,34.28665542602539,34.28585433959961,34.282264709472656,34.276580810546875,34.26697540283203,34.25509262084961,34.24944305419922,34.25093078613281,34.253273010253906,34.25602722167969,34.25944137573242,34.26289749145508,34.265419006347656,34.26654815673828,34.268836975097656,34.271873474121094,34.27447509765625,34.27618408203125,34.27836990356445,34.28065490722656,34.28261184692383,34.28390884399414,34.28550338745117,34.2871208190918,34.28848648071289,34.28935623168945,34.290306091308594,34.291160583496094,34.29179000854492,34.29207992553711,34.29239273071289,34.292667388916016,34.29277420043945,34.29269027709961,34.2926025390625,34.29252243041992,34.29248046875,34.292320251464844,34.292030334472656,34.291709899902344,34.291412353515625,34.2910041809082,34.29055404663086,34.290035247802734,34.28953552246094,34.28892135620117
