earth/public/data/ocean/W07/ANN-ocevel-depthz-2000m-gfs-1.0.json
{"header": {"discipline": 0, "disciplineName": "Meteorological products", "gribEdition": 2, "gribLength": 131138.0, "center": 0, "centerName": "Kiel Climate Model", "subcenter": 0, "refTime": "1", "significanceOfRT": 1, "significanceOfRTName": "Start of forecast", "productStatus": 0, "productStatusName": "Operational products", "productType": 1, "productTypeName": "Forecast products", "productDefinitionTemplate": 0, "productDefinitionTemplateName": "Analysis/forecast at horizontal level/layer at a point in time", "parameterCategory": 2, "parameterCategoryName": "Momentum", "parameterNumber": 2, "parameterNumberName": "V-component_of_wind", "parameterUnit": "m/s", "genProcessType": 2, "genProcessTypeName": "Forecast", "forecastTime": 0, "surface1Type": 103, "surface1TypeName": "Specified height level above ground", "surface1Value": 10, "surface2Type": 255, "surface2TypeName": "Missing", "surface2Value": 0, "gridDefinitionTemplate": 0, "gridDefinitionTemplateName": "Latitude_Longitude", "numberPoints": 65160, "shape": 6, "shapeName": "Earth spherical with radius of 6,371,229.0 m", "gridUnits": "degrees", "resolution": 48, "winds": "true", "scanMode": 0, "nx": 360.0, "ny": 180.0, "basicAngle": 0, "subDivisions": 0, "lo1": 0.0, "la1": -89.5, "lo2": 359.0, "la2": 89.5, "dx": 1.0, "dy": -1.0}, "data":
[rows 20 to 39 of 180, columns 225 to 269 of 360]
-0.005963086150586605,-0.0056191738694906235,-0.005140067543834448,-0.004623062908649445,-0.004095143172889948,-0.0036364917177706957,-0.0032623920124024153,-0.003029213286936283,-0.002833317732438445,-0.0026963604614138603,-0.0025694556534290314,-0.0024749706499278545,-0.002350850496441126,-0.0022405427880585194,-0.0021006627939641476,-0.001951610087417066,-0.0017809749115258455,-0.0015880968421697617,-0.0014086400624364614,-0.0012722975807264447,-0.001165213412605226,-0.0011352316942065954,-0.0011434106854721904,-0.001206306042149663,-0.0012500225566327572,-0.0012559095630422235,-0.0012574790744110942,-0.0012848404003307223,-0.001235307427123189,-0.001086754840798676,-0.0009810025803744793,-0.000938336830586195,-0.0007759389118291438,-0.0004984133993275464,-0.0003417386906221509,-8.657246507937089e-05,0.00039330468280240893,0.0006824071751907468,0.0007951313746161759,0.0008199755102396011,0.0007578558870591223,0.000705083308275789,0.0005586444749496877,0.0006753704510629177,0.0009603493963368237
-0.00666867895051837,-0.006207842379808426,-0.0056189969182014465,-0.004971000831574202,-0.004335610195994377,-0.00379875092767179,-0.0033691595308482647,-0.0031119876075536013,-0.00291629321873188,-0.0028065009973943233,-0.0027187694795429707,-0.0026577278040349483,-0.0025852457620203495,-0.0025058642495423555,-0.0024077873677015305,-0.0022898269817233086,-0.002172202570363879,-0.002047960879281163,-0.0019446007208898664,-0.001854375354014337,-0.0017887867288663983,-0.0017287714872509241,-0.0017283036140725017,-0.0017464935081079602,-0.0018168181413784623,-0.0018795208306983113,-0.001954279839992523,-0.00201166863553226,-0.0020345149096101522,-0.0019832944963127375,-0.0018589964602142572,-0.0016736947000026703,-0.0014395021134987473,-0.0011626065243035555,-0.0008657656144350767,-0.00036469256156124175,0.00010660249245120212,0.00035916344495490193,0.000512036494910717,0.0006552431732416153,0.0007553765317425132,0.0007836139411665499,0.0007505872054025531,0.0007779634324833751,0.0008795629837550223
-0.007253901567310095,-0.006766581442207098,-0.0061157769523561,-0.005415671970695257,-0.004695357289165258,-0.004086394794285297,-0.0035659584682434797,-0.0032329398673027754,-0.0029823281802237034,-0.0028639265801757574,-0.002796477172523737,-0.0027941574808210135,-0.002789800288155675,-0.0027836367953568697,-0.0027439866680651903,-0.0026766399387270212,-0.0025932276621460915,-0.0025086516980081797,-0.002418175106868148,-0.002338891150429845,-0.0022490848787128925,-0.002165142446756363,-0.002121481578797102,-0.002125472528859973,-0.00218557333573699,-0.0022901943884789944,-0.0023982999846339226,-0.0024896697141230106,-0.0025256979279220104,-0.0024986066855490208,-0.002380762714892626,-0.002192284446209669,-0.001930590020492673,-0.0016436512814834714,-0.0013340322766453028,-0.000917436380404979,-0.0005061451229266822,-0.00027183134807273746,-0.00010156995267607272,9.524937195237726e-05,0.0002882523986045271,0.000439970288425684,0.000524211092852056,0.0006121877231635153,0.000684246071614325
-0.007726543582975864,-0.0072774686850607395,-0.0066427430137991905,-0.005937990266829729,-0.005173862911760807,-0.004486311227083206,-0.0038718292489647865,-0.003436572849750519,-0.00310722878202796,-0.0029395483434200287,-0.002859419211745262,-0.002882758853957057,-0.0029234534595161676,-0.002979616168886423,-0.002994997426867485,-0.0029715895652770996,-0.0029156673699617386,-0.0028381713200360537,-0.002746288664638996,-0.0026543878484517336,-0.002553236437961459,-0.002457762137055397,-0.0024061272852122784,-0.0024051624350249767,-0.002468492602929473,-0.002585412235930562,-0.0027070604264736176,-0.0028145622927695513,-0.002862263470888138,-0.0028442710172384977,-0.002734004519879818,-0.0025525132659822702,-0.0023019411601126194,-0.002026862697675824,-0.001743922010064125,-0.0013933239970356226,-0.0010623405687510967,-0.0009015076793730259,-0.0008111560600809753,-0.0006649245042353868,-0.0004926163819618523,-0.0002967559266835451,-0.00011016496137017384,0.00010550557635724545,0.0003216003533452749
-0.00797346606850624,-0.0075566740706563,-0.0069440193474292755,-0.006249768193811178,-0.005472924560308456,-0.004754397086799145,-0.004092693328857422,-0.003606044454500079,-0.003218862460926175,-0.0030010247137397528,-0.0028759795241057873,-0.0028671850450336933,-0.0028892229311168194,-0.002939112950116396,-0.002963749459013343,-0.002959025790914893,-0.0029284197371453047,-0.002876800950616598,-0.0028150586877018213,-0.002752892440184951,-0.0026882216334342957,-0.0026312728878110647,-0.002607602160423994,-0.0026208979543298483,-0.002681095851585269,-0.002777529414743185,-0.0028759397100657225,-0.002959167817607522,-0.002989941043779254,-0.0029635922983288765,-0.002855387981981039,-0.002685477724298835,-0.002457006135955453,-0.0022110999561846256,-0.001964025432243943,-0.001679896144196391,-0.0014223563484847546,-0.0013294246746227145,-0.0013054896844550967,-0.0012188047403469682,-0.0010838248999789357,-0.0008960806881077588,-0.0006878311396576464,-0.00043290064786560833,-0.00017817848129197955
-0.007972462102770805,-0.007509658113121986,-0.006872115191072226,-0.006177857518196106,-0.005425220355391502,-0.004748995881527662,-0.004109615460038185,-0.0036218264140188694,-0.0032055513001978397,-0.0029371175915002823,-0.002746619051322341,-0.002669250825420022,-0.0026297960430383682,-0.002634695265442133,-0.0026400620117783546,-0.002643832005560398,-0.002645568922162056,-0.0026442769449204206,-0.0026478793006390333,-0.002655268646776676,-0.002667690860107541,-0.0026827496476471424,-0.002712193178012967,-0.0027504400350153446,-0.0028062155470252037,-0.0028683021664619446,-0.002922212239354849,-0.0029569005127996206,-0.0029449989087879658,-0.0028882466722279787,-0.002769435988739133,-0.002610294846817851,-0.0024134202394634485,-0.0022148429416120052,-0.002023243810981512,-0.001823777100071311,-0.001650699065066874,-0.0016097661573439837,-0.001626018900424242,-0.0015863842563703656,-0.0014989228220656514,-0.0013528317213058472,-0.00117550790309906,-0.0009416571701876819,-0.0006943157059140503
-0.007864439859986305,-0.007268729619681835,-0.006561297923326492,-0.005871200934052467,-0.005173312034457922,-0.004593648016452789,-0.004008816089481115,-0.003524850821122527,-0.0030691069550812244,-0.0027254698798060417,-0.0024521334562450647,-0.0022997756022959948,-0.0022037846501916647,-0.002181057818233967,-0.0021831002086400986,-0.0022085653617978096,-0.0022544111125171185,-0.002312346827238798,-0.0023909318260848522,-0.0024766973219811916,-0.0025722680147737265,-0.002661110134795308,-0.00274825026281178,-0.0028181460220366716,-0.0028820757288485765,-0.0029280269518494606,-0.002949740970507264,-0.0029427448753267527,-0.0028880771715193987,-0.0027954711113125086,-0.0026615874376147985,-0.002510759048163891,-0.0023457284551113844,-0.0021964849438518286,-0.002065773122012615,-0.0019631271716207266,-0.0018885908648371696,-0.0018986666109412909,-0.001943635637871921,-0.0019421994220465422,-0.0018958424916490912,-0.0017895193304866552,-0.0016433317214250565,-0.0014244567137211561,-0.0011722131166607141
-0.007775566540658474,-0.0070237996987998486,-0.006248743738979101,-0.005588147789239883,-0.004974291194230318,-0.004517852794378996,-0.003997760824859142,-0.003509033238515258,-0.0029873342718929052,-0.00252918410114944,-0.002143031219020486,-0.0019014348508790135,-0.001749944407492876,-0.0017176058609038591,-0.0017316550947725773,-0.001789927831850946,-0.001882803626358509,-0.001993558369576931,-0.002136850031092763,-0.002287268405780196,-0.0024513257667422295,-0.002600147156044841,-0.0027380401734262705,-0.00284071103669703,-0.0029227386694401503,-0.0029694270342588425,-0.0029754757415503263,-0.0029393984004855156,-0.0028517465107142925,-0.00272774207405746,-0.0025813961401581764,-0.002438810421153903,-0.0023021427914500237,-0.0021965601481497288,-0.002115394454449415,-0.002091750269755721,-0.0021002208814024925,-0.0021510161459445953,-0.0022124373354017735,-0.0022350808139890432,-0.0022140759974718094,-0.002138622337952256,-0.0020216682460159063,-0.0018273202003911138,-0.00158974330406636
-0.007877031341195107,-0.00704269390553236,-0.006257531698793173,-0.005660438444465399,-0.005152460653334856,-0.0048250737600028515,-0.004372095223516226,-0.0038750628009438515,-0.003264422994107008,-0.002650883514434099,-0.0021064667962491512,-0.0017321472987532616,-0.0014894749037921429,-0.0014260304160416126,-0.001436550635844469,-0.0015218016924336553,-0.0016487701795995235,-0.0017960160039365292,-0.0019818260334432125,-0.0021738875657320023,-0.0023828085977584124,-0.0025717499665915966,-0.002744104713201523,-0.002869405783712864,-0.0029632800724357367,-0.003009631298482418,-0.0030015739612281322,-0.0029415045864880085,-0.002828274853527546,-0.002682745922356844,-0.0025324628222733736,-0.002404310740530491,-0.0022918509785085917,-0.00221564550884068,-0.0021578066516667604,-0.002169665414839983,-0.002225696574896574,-0.0023119444958865643,-0.0023964387364685535,-0.002445775317028165,-0.002450621221214533,-0.002404451137408614,-0.0023164134472608566,-0.0021630008704960346,-0.0019720483105629683
-0.008240142837166786,-0.007492715492844582,-0.006800530944019556,-0.006283430848270655,-0.005869484972208738,-0.005638157483190298,-0.005243293941020966,-0.004758964758366346,-0.004073482938110828,-0.0033082098234444857,-0.002580472035333514,-0.002020717365667224,-0.0016169615555554628,-0.001445939764380455,-0.001393835642375052,-0.0014742221683263779,-0.0016107904957607388,-0.001779517624527216,-0.0019936279859393835,-0.002213252941146493,-0.002452665474265814,-0.002667649183422327,-0.0028564115054905415,-0.002985138911753893,-0.0030656529124826193,-0.0030852954369038343,-0.0030394347850233316,-0.0029388321563601494,-0.0027938501443713903,-0.002632042160257697,-0.002491650404408574,-0.0023973428178578615,-0.0023147708270698786,-0.00225757691077888,-0.0021958681754767895,-0.0021927764173597097,-0.0022569727152585983,-0.002377160359174013,-0.0025018719024956226,-0.0025866380892693996,-0.002616081153973937,-0.0025994633324444294,-0.0025392784737050533,-0.002439978765323758,-0.002318890066817403
-0.008673218078911304,-0.00814254954457283,-0.007577895186841488,-0.007090564351528883,-0.006726929452270269,-0.006553612649440765,-0.006254094652831554,-0.005874219816178083,-0.005234117619693279,-0.0044377269223332405,-0.00359893380664289,-0.002860422246158123,-0.0022363916505128145,-0.0018402708228677511,-0.0016179054509848356,-0.0016165231354534626,-0.0017142881406471133,-0.0018977681174874306,-0.00214393506757915,-0.0024075573310256004,-0.002688660752028227,-0.002934437245130539,-0.0031365081667900085,-0.0032568874303251505,-0.0033002858981490135,-0.0032581391278654337,-0.00313027435913682,-0.0029416666366159916,-0.002727322746068239,-0.002529650693759322,-0.002403558697551489,-0.0023731726687401533,-0.0023492006585001945,-0.0023338200990110636,-0.0022716436069458723,-0.0022143875248730183,-0.0022393253166228533,-0.002368353307247162,-0.00252633192576468,-0.0026415609754621983,-0.002694147638976574,-0.0027184735517948866,-0.0027085146866738796,-0.0026742853224277496,-0.002621621359139681
-0.007917232811450958,-0.007698179222643375,-0.0073837656527757645,-0.007004168350249529,-0.006830519996583462,-0.006868183612823486,-0.006847764831036329,-0.006757213734090328,-0.006379560101777315,-0.005774589721113443,-0.004999444354325533,-0.004186831880360842,-0.003320349147543311,-0.0025576262269169092,-0.0020018580835312605,-0.001763383042998612,-0.0017368305707350373,-0.0019319390412420034,-0.002248728647828102,-0.0026254872791469097,-0.0030081949662417173,-0.0033217084128409624,-0.0035609526094049215,-0.0036803821567445993,-0.0036858157254755497,-0.0035755366552621126,-0.003332915948703885,-0.003001728095114231,-0.002660004422068596,-0.002371746813878417,-0.0022353618405759335,-0.0022782296873629093,-0.002348324516788125,-0.002432533772662282,-0.0024208403192460537,-0.002317794132977724,-0.002271170960739255,-0.0023490609601140022,-0.0024817772209644318,-0.0025900905020534992,-0.0026581743732094765,-0.0027407314628362656,-0.0028233288321644068,-0.0028661147225648165,-0.002860874868929386
-0.005014196503907442,-0.005416955798864365,-0.005652679596096277,-0.00566940987482667,-0.005967439152300358,-0.006493075285106897,-0.006956803146749735,-0.007278124801814556,-0.007334436289966106,-0.007116752676665783,-0.006591530051082373,-0.005849577486515045,-0.004722482059150934,-0.003417807165533304,-0.0023264943156391382,-0.0016553114401176572,-0.0013654963113367558,-0.0015182674396783113,-0.0019144377438351512,-0.0024879800621420145,-0.0030785677954554558,-0.003573684487491846,-0.003931540530174971,-0.0040793889202177525,-0.004085805267095566,-0.003945610020309687,-0.003610859625041485,-0.0031378266867250204,-0.0026496045757085085,-0.002231304068118334,-0.002041412750259042,-0.002115498296916485,-0.0022709707263857126,-0.0024836736265569925,-0.002579632680863142,-0.0025045869406312704,-0.0024154488928616047,-0.0023881648667156696,-0.0024074905086308718,-0.0024403310380876064,-0.002483601216226816,-0.00261098169721663,-0.002801983617246151,-0.002928167348727584,-0.0029667369090020657
-0.0018754880875349045,-0.0031187310814857483,-0.00400837417691946,-0.0044090962037444115,-0.00511570880189538,-0.00603468157351017,-0.006830946542322636,-0.007392101921141148,-0.007777825929224491,-0.007940618321299553,-0.007655502762645483,-0.006991844158619642,-0.00556927639991045,-0.003647247329354286,-0.0019781626760959625,-0.0008486890001222491,-0.0002297436585649848,-0.0002247233787784353,-0.0006873023812659085,-0.001529448782093823,-0.0024874205701053143,-0.0033769956789910793,-0.004017489030957222,-0.00428244611248374,-0.004378207493573427,-0.004281390458345413,-0.003919160924851894,-0.003355572698637843,-0.0027585614006966352,-0.002235186053439975,-0.001963526476174593,-0.0019929383415728807,-0.0021563556510955095,-0.00242931442335248,-0.0026181850116699934,-0.002634875476360321,-0.002566621173173189,-0.0024334609042853117,-0.002297666622325778,-0.0022099707275629044,-0.0021844697184860706,-0.002313600154593587,-0.0025753811933100224,-0.002776129636913538,-0.002880875486880541
-0.0016719073755666614,-0.0033425434958189726,-0.004357766825705767,-0.004578088875859976,-0.005051013547927141,-0.005729132331907749,-0.006290648132562637,-0.006661647465080023,-0.006977671291679144,-0.007202759850770235,-0.006931284908205271,-0.006222396157681942,-0.004666658118367195,-0.0025183719117194414,-0.0006680149235762656,0.000588401104323566,0.0013635840732604265,0.0015360810793936253,0.0010289776837453246,-6.938180740689859e-05,-0.0014255298301577568,-0.002810108009725809,-0.003852210706099868,-0.004368691239506006,-0.004662999417632818,-0.004679044708609581,-0.004334420431405306,-0.003692555706948042,-0.003020382719114423,-0.0024411582853645086,-0.0020847066771239042,-0.002015316393226385,-0.0020927174482494593,-0.0023042147513478994,-0.002493491629138589,-0.002566891023889184,-0.0025259649846702814,-0.0023255927953869104,-0.0020750039257109165,-0.001890963758341968,-0.0018034633249044418,-0.0019016270525753498,-0.0021673976443707943,-0.0024055149406194687,-0.0025756247341632843
-0.004026066046208143,-0.005299709737300873,-0.005741308908909559,-0.005274918396025896,-0.005032621324062347,-0.005032191053032875,-0.005021593067795038,-0.004974528681486845,-0.004947097040712833,-0.0049272989854216576,-0.004549332894384861,-0.0038662790320813656,-0.00257420283742249,-0.0008947026217356324,0.0005806342232972383,0.0015836864477023482,0.0022917233873158693,0.002568235620856285,0.002128429478034377,0.0010378275765106082,-0.0004799564485438168,-0.002166156889870763,-0.003555896459147334,-0.004404131323099136,-0.004961667116731405,-0.0051276045851409435,-0.004830692894756794,-0.0041208770126104355,-0.0034035395365208387,-0.0028043100610375404,-0.0023721957113593817,-0.002185285557061434,-0.0021209472324699163,-0.0021917764097452164,-0.0022846213541924953,-0.0023072075564414263,-0.002221958013251424,-0.0019820616580545902,-0.001685447059571743,-0.0014620897127315402,-0.0013515924802049994,-0.0014077156083658338,-0.0016207847511395812,-0.001837248681113124,-0.00202026404440403
-0.005328734405338764,-0.005770093761384487,-0.005550024565309286,-0.004669539630413055,-0.004029892850667238,-0.0037044459022581577,-0.003416040912270546,-0.003191385418176651,-0.002974272007122636,-0.002787686651572585,-0.0024360695388168097,-0.0019795012194663286,-0.001168722752481699,-0.00016894137661438435,0.0007893372676335275,0.0015127818332985044,0.0020892107859253883,0.002417054958641529,0.002146767685189843,0.0013399305753409863,-2.3710308596491814e-06,-0.001641288516111672,-0.003128305310383439,-0.004211935214698315,-0.004969071596860886,-0.005273488350212574,-0.005085506942123175,-0.0044359914027154446,-0.0037714375648647547,-0.0032047810964286327,-0.002716613234952092,-0.002394037088379264,-0.0021639163605868816,-0.002068859525024891,-0.0020235292613506317,-0.00193726213183254,-0.0017647575587034225,-0.0015029830392450094,-0.001204470987431705,-0.0009680737275630236,-0.0008379413629882038,-0.0008348921546712518,-0.000961402605753392,-0.0011047061998397112,-0.0012394227087497711
-0.00462434533983469,-0.004503899719566107,-0.004023559857159853,-0.003270496381446719,-0.0027342315297573805,-0.0025342428125441074,-0.002338803606107831,-0.002198378788307309,-0.002027079463005066,-0.0018648378318175673,-0.0016313268570229411,-0.0013771570520475507,-0.000870054354891181,-0.00021280115470290184,0.00048726354725658894,0.0010953460587188601,0.0015933173708617687,0.0018849659245461226,0.001730169984512031,0.0011589720379561186,5.910850450163707e-05,-0.001353718340396881,-0.0027577700093388557,-0.0038859702181071043,-0.0047151148319244385,-0.005094253458082676,-0.005025428254157305,-0.004529165104031563,-0.003974946215748787,-0.0034727677702903748,-0.0029563840944319963,-0.0025187006685882807,-0.0021589361131191254,-0.0019348480273038149,-0.0017870513256639242,-0.0016294909873977304,-0.0014073692727833986,-0.001141462940722704,-0.0008539441623724997,-0.0006056538550183177,-0.00044062186498194933,-0.0003800774284172803,-0.0004310410877224058,-0.0005048858001828194,-0.0005839855293743312
-0.0034399922005832195,-0.0031821206212043762,-0.0027972194366157055,-0.0023406471591442823,-0.002072226256132126,-0.0020221536979079247,-0.0019715463276952505,-0.0019225917058065534,-0.0018251624424010515,-0.001694567152298987,-0.0015131538966670632,-0.001314167631790042,-0.0008936052327044308,-0.00032540233223699033,0.0002667089574970305,0.0007839194149710238,0.00113677850458771,0.0012774454662576318,0.0011102856369689107,0.0006694627809338272,-0.0001726516493363306,-0.0012862716102972627,-0.0024345144629478455,-0.0034355733077973127,-0.0041910093277692795,-0.004574441350996494,-0.004614187404513359,-0.004294583573937416,-0.0038960487581789494,-0.00347668444737792,-0.002981089288368821,-0.002495239023119211,-0.0020630063954740763,-0.0017663048347458243,-0.0015663830563426018,-0.0014061310794204473,-0.001194735406897962,-0.00094726646784693,-0.0006711935857310891,-0.00040094577707350254,-0.00018787193403113633,-7.19642557669431e-05,-7.869764522183686e-05,-0.00010719196870923042,-0.00015493806859012693
-0.002189492341130972,-0.001983875408768654,-0.0018172929994761944,-0.0017259500455111265,-0.0017027745489031076,-0.0017644405597820878,-0.0018068865174427629,-0.0018269987776875496,-0.0017492948099970818,-0.001591329462826252,-0.0013987116981297731,-0.0012074655387550592,-0.0008508703322149813,-0.0003908168291673064,2.5240538889192976e-05,0.00032473672763444483,0.0004450042324606329,0.00035590981133282185,0.00019689892360474914,-1.4408084098249674e-05,-0.0004931093426421285,-0.0011450289748609066,-0.001901931595057249,-0.002613586373627186,-0.003199879778549075,-0.0035505834966897964,-0.0037203016690909863,-0.0036809828598052263,-0.0034939975012093782,-0.00319958315230906,-0.002773243235424161,-0.002293019788339734,-0.0018305493285879493,-0.001465630135498941,-0.0012347378069534898,-0.0011074116919189692,-0.0009486787603236735,-0.0007358186412602663,-0.000477134482935071,-0.00017335946904495358,0.00012109579256502911,0.00029985010041855276,0.00033261580392718315,0.00032943172845989466,0.0002941661805380136
