earth/public/data/ocean/W07/ANN-vosaline-depthz-500m-gfs-1.0.json
{"header": {"discipline": 0, "disciplineName": "Meteorological products", "gribEdition": 2, "gribLength": 131138.0, "center": 0, "centerName": "Kiel Climate Model", "subcenter": 0, "refTime": "1", "significanceOfRT": 1, "significanceOfRTName": "Start of forecast", "productStatus": 0, "productStatusName": "Operational products", "productType": 1, "productTypeName": "Forecast products", "productDefinitionTemplate": 0, "productDefinitionTemplateName": "Analysis/forecast at horizontal level/layer at a point in time", "parameterCategory": 2, "parameterCategoryName": "Momentum", "parameterNumber": 2, "parameterNumberName": "U-component_of_wind", "parameterUnit": "PSU", "genProcessType": 2, "genProcessTypeName": "Forecast", "forecastTime": 0, "surface1Type": 103, "surface1TypeName": "Specified height level above ground", "surface1Value": 10, "surface2Type": 255, "surface2TypeName": "Missing", "surface2Value": 0, "gridDefinitionTemplate": 0, "gridDefinitionTemplateName": "Latitude_Longitude", "numberPoints": 65160, "shape": 6, "shapeName": "Earth spherical with radius of 6,371,229.0 m", "gridUnits": "degrees", "resolution": 48, "winds": "true", "scanMode": 0, "nx": 360.0, "ny": 180.0, "basicAngle": 0, "subDivisions": 0, "lo1": 0.0, "la1": -89.5, "lo2": 359.0, "la2": 89.5, "dx": 1.0, "dy": -1.0}, "data":
[rows 110 to 131 of 180, columns 196 to 244 of 360]
34.0342903137207,34.040042877197266,34.04517364501953,34.05080032348633,34.05584716796875,34.061466217041016,34.06657791137695,34.07234191894531,34.07765579223633,34.083656311035156,34.08917999267578,34.09528732299805,34.100765228271484,34.10655212402344,34.111480712890625,34.11658477783203,34.12081527709961,34.125186920166016,34.128787994384766,34.13252258300781,34.13559341430664,34.13874816894531,34.141292572021484,34.143863677978516,34.145877838134766,34.14789581298828,34.149452209472656,34.15102767944336,34.15224075317383,34.153472900390625,34.154422760009766,34.15541458129883,34.15619659423828,34.15707778930664,34.157840728759766,34.15877151489258,34.15966033935547,34.16078567504883,34.16191101074219,34.163307189941406,34.164695739746094,34.1663818359375,34.16804122924805,34.17001724243164,34.17193603515625,34.174232482910156,34.176475524902344,34.17916488647461,34.18179702758789
33.97333908081055,33.97896194458008,33.984683990478516,33.99046325683594,33.996341705322266,34.002254486083984,34.008323669433594,34.01449203491211,34.020973205566406,34.02763748168945,34.034698486328125,34.04179000854492,34.04912567138672,34.056129455566406,34.063114166259766,34.06960678100586,34.07602310180664,34.08193588256836,34.08782196044922,34.093238830566406,34.09866714477539,34.10357666015625,34.10847854614258,34.11280822753906,34.11711120605469,34.1208610534668,34.1246223449707,34.12789535522461,34.13118362426758,34.13399124145508,34.13676834106445,34.13908767700195,34.141361236572266,34.143272399902344,34.14518356323242,34.14688491821289,34.14865493774414,34.150333404541016,34.15213394165039,34.15391540527344,34.15583801269531,34.15778732299805,34.15989303588867,34.16205978393555,34.16438674926758,34.16682434082031,34.169490814208984,34.172332763671875,34.17549133300781
33.912269592285156,33.917869567871094,33.92322540283203,33.92938232421875,33.935157775878906,33.94166946411133,33.9477653503418,33.954689025878906,33.9613151550293,33.96902084350586,33.97643280029297,33.984920501708984,33.99284362792969,34.00153350830078,34.009376525878906,34.017799377441406,34.025333404541016,34.033416748046875,34.04069137573242,34.04853057861328,34.055580139160156,34.06309509277344,34.06977081298828,34.0767707824707,34.08293151855469,34.0893440246582,34.095001220703125,34.100914001464844,34.10609436035156,34.11140441894531,34.11593246459961,34.12042999267578,34.12416458129883,34.1278076171875,34.13084030151367,34.13386154174805,34.13644790649414,34.13911819458008,34.14148712158203,34.144020080566406,34.146331787109375,34.148868560791016,34.15122985839844,34.15388107299805,34.15639114379883,34.159263610839844,34.16206741333008,34.16537094116211,34.168701171875
33.8737678527832,33.8779182434082,33.88264846801758,33.88762283325195,33.8930549621582,33.898616790771484,33.90452575683594,33.910579681396484,33.91704177856445,33.923828125,33.931148529052734,33.938758850097656,33.94678497314453,33.95485305786133,33.96308135986328,33.97125244140625,33.979469299316406,33.98772048950195,33.996028900146484,34.004493713378906,34.012996673583984,34.0216178894043,34.030113220214844,34.038631439208984,34.04685592651367,34.055091857910156,34.06297302246094,34.0709342956543,34.07850646972656,34.08603286743164,34.09297561645508,34.099666595458984,34.105587005615234,34.11115646362305,34.115943908691406,34.120479583740234,34.124420166015625,34.12820816040039,34.131587982177734,34.1348991394043,34.137962341308594,34.14099884033203,34.143890380859375,34.14680862426758,34.149688720703125,34.15264129638672,34.155670166015625,34.15887451171875,34.162330627441406
33.84366226196289,33.84662628173828,33.849788665771484,33.85382080078125,33.857887268066406,33.86275100708008,33.86743927001953,33.8729133605957,33.87810516357422,33.88426208496094,33.89019012451172,33.897178649902344,33.903873443603516,33.911529541015625,33.91868591308594,33.92679214477539,33.934322357177734,33.94292068481445,33.95102310180664,33.9603271484375,33.969181060791016,33.97917175292969,33.98856735229492,33.99892807006836,34.00850296020508,34.018943786621094,34.02851486206055,34.03895950317383,34.04856872558594,34.05878829956055,34.06796646118164,34.07734298706055,34.08542251586914,34.09339141845703,34.099979400634766,34.10646057128906,34.111812591552734,34.11711502075195,34.12152099609375,34.12596893310547,34.12973403930664,34.13357925415039,34.136871337890625,34.14031982421875,34.143341064453125,34.146602630615234,34.14952850341797,34.152835845947266,34.15591812133789
33.82090759277344,33.822174072265625,33.82394790649414,33.826385498046875,33.829185485839844,33.832603454589844,33.83615493774414,33.84029769897461,33.84440612792969,33.84922409057617,33.85400390625,33.85959243774414,33.86510467529297,33.87144088745117,33.87757873535156,33.884639739990234,33.89145278930664,33.89944076538086,33.90723419189453,33.91645050048828,33.92546844482422,33.93596649169922,33.946041107177734,33.957515716552734,33.96826934814453,33.98038864135742,33.99158477783203,34.004215240478516,34.015838623046875,34.028621673583984,34.040061950683594,34.052154541015625,34.06250762939453,34.07307052612305,34.08171844482422,34.09050369262695,34.09764099121094,34.10487365722656,34.1107177734375,34.11665344238281,34.1214714050293,34.12632751464844,34.1302490234375,34.13425064086914,34.13755798339844,34.14103317260742,34.1440315246582,34.147335052490234,34.15034103393555
33.80812072753906,33.8078727722168,33.808109283447266,33.80902099609375,33.810306549072266,33.812259674072266,33.814395904541016,33.81715774536133,33.819915771484375,33.8233642578125,33.82674789428711,33.83091735839844,33.834983825683594,33.83992004394531,33.844703674316406,33.850528717041016,33.85622024536133,33.863250732421875,33.8702507019043,33.878883361816406,33.88752365112305,33.89790344238281,33.90812301635742,33.92003631591797,33.9315071105957,33.94463348388672,33.95711898803711,33.97127914428711,33.984676361083984,33.99941635131836,34.01299285888672,34.027305603027344,34.03994369506836,34.052764892578125,34.06364059448242,34.0745735168457,34.083770751953125,34.09290313720703,34.10047912597656,34.10792541503906,34.114017486572266,34.119873046875,34.1245231628418,34.1290283203125,34.13261413574219,34.13624954223633,34.139286041259766,34.142578125,34.14552307128906
33.80112838745117,33.79926681518555,33.79811096191406,33.79733657836914,33.79719161987305,33.797462463378906,33.79822540283203,33.79937744140625,33.80083084106445,33.8027229309082,33.8048210144043,33.807437896728516,33.810211181640625,33.81364059448242,33.81720733642578,33.82164764404297,33.82625961303711,33.832096099853516,33.838191986083984,33.84587860107422,33.85384750366211,33.8636360168457,33.87354278564453,33.8853645324707,33.897003173828125,33.91064453125,33.923828125,33.93910217285156,33.95366287231445,33.970027923583984,33.98515701293945,34.00150680541992,34.015995025634766,34.0311393737793,34.04404067993164,34.05741500854492,34.06865692138672,34.08010482788086,34.089500427246094,34.09882736206055,34.10624694824219,34.11334228515625,34.11872482299805,34.123802185058594,34.127601623535156,34.13131332397461,34.13425827026367,34.13731384277344,34.13995361328125
33.80107879638672,33.79804229736328,33.79564666748047,33.7935791015625,33.79209518432617,33.7910270690918,33.79045104980469,33.790306091308594,33.790496826171875,33.791168212890625,33.79207992553711,33.793540954589844,33.7951774597168,33.7974967956543,33.79997253417969,33.803348541259766,33.806915283203125,33.81172180175781,33.816802978515625,33.82350158691406,33.83050537109375,33.83942413330078,33.84855651855469,33.85979080200195,33.871036529541016,33.88454055786133,33.897830963134766,33.91343307495117,33.92853927612305,33.94565963745117,33.96175003051758,33.97928237915039,33.995182037353516,34.011940002441406,34.02666473388672,34.04196548461914,34.055240631103516,34.06864929199219,34.07993698120117,34.09090042114258,34.099700927734375,34.10785675048828,34.11397933959961,34.119503021240234,34.12345504760742,34.12712860107422,34.129859924316406,34.132530212402344,34.13462829589844
33.80434036254883,33.80018997192383,33.796817779541016,33.793521881103516,33.790977478027344,33.78862380981445,33.78696060180664,33.785545349121094,33.784706115722656,33.7841796875,33.78413772583008,33.784488677978516,33.78522872924805,33.786502838134766,33.78813552856445,33.79050064086914,33.7932243347168,33.79700469970703,33.80121994018555,33.80685806274414,33.812965393066406,33.82085037231445,33.82915496826172,33.83953094482422,33.85017013549805,33.86314392089844,33.876163482666016,33.89163589477539,33.906803131103516,33.92423629760742,33.94078826904297,33.959163665771484,33.976009368896484,33.99420166015625,34.01036834716797,34.027557373046875,34.042537689208984,34.05793380737305,34.07082748413086,34.08343505859375,34.093360900878906,34.102500915527344,34.1091423034668,34.114986419677734,34.11896896362305,34.122596740722656,34.125221252441406,34.12779235839844,34.12982940673828
33.81390380859375,33.808895111083984,33.80465316772461,33.8004150390625,33.796913146972656,33.79353713989258,33.790855407714844,33.78839111328125,33.786556243896484,33.785037994384766,33.784080505371094,33.783531188964844,33.78346252441406,33.78391647338867,33.784786224365234,33.786346435546875,33.78828430175781,33.79119110107422,33.79450225830078,33.799129486083984,33.80419158935547,33.8109245300293,33.81806564331055,33.82721710205078,33.83669662475586,33.8484992980957,33.86048126220703,33.87500762939453,33.88945007324219,33.90637969970703,33.92274475097656,33.9412956237793,33.95869064331055,33.977840423583984,33.995296478271484,34.01402282714844,34.03066635131836,34.047691345214844,34.06208419799805,34.07586669921875,34.08662033081055,34.09619903564453,34.102935791015625,34.108699798583984,34.11247634887695,34.116050720214844,34.1187629699707,34.12195587158203,34.12572479248047
33.82380294799805,33.81809616088867,33.813194274902344,33.80818176269531,33.80394744873047,33.799720764160156,33.79624557495117,33.792911529541016,33.790287017822266,33.78793716430664,33.786251068115234,33.784942626953125,33.78422164916992,33.78398513793945,33.78424072265625,33.78512191772461,33.78643798828125,33.788604736328125,33.791202545166016,33.79497146606445,33.79918670654297,33.80490493774414,33.8110466003418,33.81906509399414,33.82744598388672,33.83808517456055,33.8489875793457,33.86250686645508,33.87612533569336,33.8924674987793,33.90851974487305,33.92713165283203,33.94490432739258,33.96481704711914,33.983272552490234,34.00324630737305,34.021148681640625,34.03944778442383,34.05485153198242,34.06942367553711,34.08053207397461,34.0902214050293,34.09670639038086,34.10222625732422,34.105743408203125,34.10926818847656,34.112152099609375,34.11478805541992,null
33.83027648925781,33.82435607910156,33.81928634643555,33.814064025878906,33.80964660644531,33.80518341064453,33.80149459838867,33.797882080078125,33.79501724243164,33.79236602783203,33.7904167175293,33.78880310058594,33.78782653808594,33.78728485107422,33.787288665771484,33.787872314453125,33.788944244384766,33.79081344604492,33.79316329956055,33.796607971191406,33.800537109375,33.805843353271484,33.811580657958984,33.819026947021484,33.82686233520508,33.836788177490234,33.84703826904297,33.85985565185547,33.87295150756836,33.88884735107422,33.90468215942383,33.92323684692383,33.94114685058594,33.9613151550293,33.980064392089844,34.00034713745117,34.01847839355469,34.03683090209961,34.05209732055664,34.06626510620117,34.07682800292969,34.085819244384766,34.0916862487793,34.09678268432617,34.100215911865234,34.104042053222656,34.108333587646484,34.11137008666992,null
33.83539962768555,33.82941436767578,33.82429885864258,33.81904983520508,33.814613342285156,33.810115814208984,33.806373596191406,33.80268859863281,33.79971694946289,33.79693603515625,33.79483413696289,33.793052673339844,33.791893005371094,33.79115676879883,33.79096221923828,33.79135513305664,33.7922477722168,33.7939567565918,33.79615783691406,33.79945755004883,33.80324172973633,33.80835723876953,33.8138542175293,33.820980072021484,33.82840347290039,33.837852478027344,33.84756851196289,33.859893798828125,33.87255096435547,33.888153076171875,33.90383529663086,33.922386169433594,33.9404296875,33.960723876953125,33.97958755493164,33.999874114990234,34.017887115478516,34.03586959838867,34.05051040649414,34.06294250488281,34.070960998535156,34.0780029296875,34.08285140991211,34.088077545166016,34.09368133544922,null,null,null,null
33.84000778198242,33.83401870727539,33.82891845703125,33.82369613647461,33.81930160522461,33.81484603881836,33.81113815307617,33.80746841430664,33.80449676513672,33.80167770385742,33.79951858520508,33.79762649536133,33.796348571777344,33.795448303222656,33.79509735107422,33.79530715942383,33.796051025390625,33.797607421875,33.79970169067383,33.80289077758789,33.80659866333008,33.81157684326172,33.816925048828125,33.82377624511719,33.83089828491211,33.83991241455078,33.84919738769531,33.861061096191406,33.87337112426758,33.888694763183594,33.90426254272461,33.92279052734375,33.94091033935547,33.96122741699219,33.98006057739258,34.000099182128906,34.017730712890625,34.03488540649414,34.048526763916016,34.058937072753906,34.064083099365234,34.06927490234375,34.07334899902344,34.07713317871094,null,null,null,null,null
33.844329833984375,33.83848190307617,33.833534240722656,33.82850646972656,33.82430648803711,33.82008743286133,33.81660461425781,33.813167572021484,33.810394287109375,33.8077392578125,33.80568313598633,33.8038330078125,33.80252456665039,33.80154037475586,33.801055908203125,33.80112075805664,33.801719665527344,33.803157806396484,33.805171966552734,33.80830764770508,33.811988830566406,33.81691360473633,33.82217788696289,33.8288459777832,33.83570098876953,33.84434127807617,33.85319519042969,33.86461639404297,33.87652587890625,33.891536712646484,33.90692901611328,33.925296783447266,33.943321228027344,33.96335983276367,33.98179626464844,34.001014709472656,34.01755142211914,34.03297424316406,34.044498443603516,34.05295944213867,34.056976318359375,34.061763763427734,34.067649841308594,34.07182693481445,null,null,null,null,null
33.84806442260742,33.8423957824707,33.83763885498047,33.83284378051758,33.82889938354492,33.82495880126953,33.821754455566406,33.8185920715332,33.81605911254883,33.8136100769043,33.811702728271484,33.8099365234375,33.80864715576172,33.807621002197266,33.807044982910156,33.80699157714844,33.80746841430664,33.80880355834961,33.810752868652344,33.81383514404297,33.8174934387207,33.82236099243164,33.827552795410156,33.834049224853516,33.840660095214844,33.84895706176758,33.857418060302734,33.868408203125,33.87990951538086,33.89457702636719,33.909725189208984,33.927860260009766,33.94566345214844,33.965328216552734,33.98324966430664,34.00155258178711,34.01685333251953,34.03046798706055,34.03981399536133,34.04655075073242,34.04928970336914,34.05263900756836,null,null,null,null,null,null,null
33.84992599487305,33.844505310058594,33.83995056152344,33.83540725708008,33.83167266845703,33.82798767089844,33.82500076293945,33.82209014892578,33.81976318359375,33.817543029785156,33.8158073425293,33.814212799072266,33.81303024291992,33.81209945678711,33.81157302856445,33.81155776977539,33.812042236328125,33.81337356567383,33.815303802490234,33.8183479309082,33.821956634521484,33.82673263549805,33.831817626953125,33.8381233215332,33.844520568847656,33.85251235961914,33.86066818237305,33.87125778198242,33.88239669799805,33.896636962890625,33.91143798828125,33.92912292480469,33.9465217590332,33.965599060058594,33.982948303222656,34.00029754638672,34.01457595825195,34.02672576904297,34.03464889526367,34.04007339477539,34.042057037353516,34.0432014465332,null,null,null,null,null,null,null
33.85137939453125,33.84623336791992,33.8419303894043,33.837615966796875,33.83409118652344,33.83061599731445,33.82841491699219,33.82674026489258,33.825321197509766,33.82345962524414,33.822059631347656,33.820823669433594,33.819969177246094,33.819366455078125,33.81911849975586,33.8193473815918,33.81999969482422,33.821434020996094,33.82337951660156,33.82633590698242,33.82976531982422,33.83424377441406,33.83897018432617,33.84478759765625,33.85065841674805,33.857994079589844,33.8654899597168,33.875282287597656,33.88561248779297,33.89894104003906,33.91286849975586,33.929534912109375,33.94594192504883,33.963836669921875,33.97998046875,33.995697021484375,34.00814437866211,34.01799392700195,34.02349853515625,34.029052734375,34.03456115722656,34.038455963134766,null,null,null,null,null,null,null
33.85305404663086,33.848331451416016,33.844356536865234,33.84040069580078,33.8371467590332,33.83396911621094,33.83237838745117,33.831974029541016,33.831268310546875,33.82977294921875,33.8287353515625,33.8278923034668,33.827423095703125,33.827205657958984,33.827308654785156,33.82783508300781,33.82871627807617,33.83027648925781,33.83224105834961,33.8350830078125,33.838279724121094,33.84239959716797,33.84666442871094,33.851905822753906,33.85713195800781,33.86372756958008,33.87044143676758,33.879337310791016,33.88874053955078,33.90105056762695,33.91395950317383,33.929508209228516,33.944801330566406,33.96140670776367,33.97623062133789,33.99020767211914,34.00068664550781,34.008026123046875,34.01072692871094,null,null,null,null,null,null,null,null,null,null
33.85633850097656,33.85239791870117,33.84908676147461,33.84575653076172,33.84300994873047,33.840301513671875,33.83869934082031,33.837677001953125,33.83681869506836,33.83562088012695,33.83485412597656,33.83436584472656,33.83422088623047,33.83438491821289,33.834800720214844,33.835636138916016,33.83671188354492,33.83837890625,33.840328216552734,33.8430061340332,33.845947265625,33.849639892578125,33.85344696044922,33.85807418823242,33.862728118896484,33.868587493896484,33.87465286254883,33.88270950317383,33.8913688659668,33.90272903442383,33.914798736572266,33.9293098449707,33.94370651245117,33.95919418334961,33.973045349121094,33.98572540283203,33.995025634765625,34.000755310058594,34.00196075439453,null,null,null,null,null,null,null,null,null,null
33.86027908325195,33.857177734375,33.85457992553711,33.851905822753906,33.849674224853516,33.84743881225586,33.845638275146484,33.84397888183594,33.8427848815918,33.84185028076172,33.84275436401367,33.844970703125,33.846683502197266,33.84731674194336,33.84815216064453,33.84931182861328,33.8505973815918,33.85227966308594,33.85407638549805,33.85637664794922,33.85877990722656,33.86174774169922,33.86474609375,33.86845016479492,33.87217712402344,33.87702560424805,33.88209915161133,33.889034271240234,33.89656448364258,33.9066047668457,33.917327880859375,33.93032455444336,33.943233489990234,33.95709991455078,33.96941375732422,33.98051071166992,33.988372802734375,33.992733001708984,33.99277877807617,null,null,null,null,null,null,null,null,null,null
