earth/public/data/ocean/W07/ANN-somxl010-depthz-0m-gfs-1.0.json
{"header": {"discipline": 0, "disciplineName": "Meteorological products", "gribEdition": 2, "gribLength": 131138.0, "center": 0, "centerName": "Kiel Climate Model", "subcenter": 0, "refTime": "1", "significanceOfRT": 1, "significanceOfRTName": "Start of forecast", "productStatus": 0, "productStatusName": "Operational products", "productType": 1, "productTypeName": "Forecast products", "productDefinitionTemplate": 0, "productDefinitionTemplateName": "Analysis/forecast at horizontal level/layer at a point in time", "parameterCategory": 2, "parameterCategoryName": "Momentum", "parameterNumber": 2, "parameterNumberName": "U-component_of_wind", "parameterUnit": "m", "genProcessType": 2, "genProcessTypeName": "Forecast", "forecastTime": 0, "surface1Type": 103, "surface1TypeName": "Specified height level above ground", "surface1Value": 10, "surface2Type": 255, "surface2TypeName": "Missing", "surface2Value": 0, "gridDefinitionTemplate": 0, "gridDefinitionTemplateName": "Latitude_Longitude", "numberPoints": 65160, "shape": 6, "shapeName": "Earth spherical with radius of 6,371,229.0 m", "gridUnits": "degrees", "resolution": 48, "winds": "true", "scanMode": 0, "nx": 360.0, "ny": 180.0, "basicAngle": 0, "subDivisions": 0, "lo1": 0.0, "la1": -89.5, "lo2": 359.0, "la2": 89.5, "dx": 1.0, "dy": -1.0}, "data":
[rows 63 to 83 of 180, columns 47 to 93 of 360]
51.63541793823242,44.23215866088867,38.0919303894043,32.728450775146484,29.542970657348633,29.29203987121582,29.342872619628906,29.697141647338867,30.758419036865234,32.350685119628906,33.81599044799805,34.88313674926758,35.94243240356445,36.796688079833984,37.117530822753906,36.857112884521484,36.802982330322266,36.98667526245117,37.29145431518555,37.6748161315918,38.19517135620117,38.76522445678711,39.02373504638672,38.92672348022461,38.757205963134766,38.54736328125,38.5023307800293,38.62922668457031,39.09790802001953,39.821739196777344,40.82692337036133,41.9345588684082,42.89872360229492,43.8145751953125,44.649078369140625,45.0584716796875,45.33882141113281,45.655094146728516,45.96613693237305,46.01506805419922,45.807464599609375,45.54017639160156,45.25175094604492,45.12693786621094,45.158748626708984,45.269901275634766,45.414669036865234
52.46746826171875,52.484683990478516,46.89044189453125,37.40349197387695,32.26690673828125,32.237239837646484,32.16801452636719,32.06089401245117,32.935821533203125,34.61677551269531,36.13465118408203,37.2182502746582,38.3280143737793,39.26675796508789,39.47230529785156,38.89679718017578,38.6041259765625,38.625816345214844,38.788692474365234,39.050235748291016,39.49016189575195,40.02117919921875,40.24641036987305,40.121883392333984,39.937355041503906,39.72500991821289,39.69165802001953,39.84442901611328,40.32876205444336,41.05802917480469,42.020751953125,43.03803634643555,43.875030517578125,44.55484390258789,45.163246154785156,45.42658233642578,45.558921813964844,45.69541549682617,45.79490280151367,45.684669494628906,45.37028884887695,45.21355438232422,45.253013610839844,45.45469284057617,45.811607360839844,46.203468322753906,46.584556579589844
55.3209342956543,59.06290817260742,52.88104248046875,41.58863830566406,35.44068908691406,35.53086471557617,35.35434341430664,34.94855880737305,35.673667907714844,37.403594970703125,39.01152801513672,40.19625473022461,41.37615966796875,42.330684661865234,42.348995208740234,41.445655822753906,40.879112243652344,40.77218246459961,40.849876403808594,41.09807205200195,41.53468322753906,42.07351303100586,42.3155517578125,42.211219787597656,42.054412841796875,41.86808395385742,41.87657928466797,42.07307815551758,42.54607009887695,43.21269607543945,44.01908493041992,44.83844757080078,45.395301818847656,45.67607879638672,45.90633773803711,45.957733154296875,45.95359420776367,45.96050262451172,45.98049545288086,45.84261703491211,45.5616569519043,45.5794563293457,45.87638854980469,46.34162521362305,46.88032531738281,47.428932189941406,47.889461517333984
56.115203857421875,61.09651565551758,55.13865661621094,44.35883331298828,38.476375579833984,38.58496856689453,38.34968185424805,37.807960510253906,38.469722747802734,40.208892822265625,41.91435241699219,43.28488540649414,44.531227111816406,45.43281555175781,45.25437545776367,44.01046371459961,43.22600555419922,43.023826599121094,43.10145950317383,43.44477844238281,43.95629119873047,44.5497932434082,44.853118896484375,44.816680908203125,44.72109603881836,44.589298248291016,44.65585708618164,44.913944244384766,45.35237503051758,45.88828659057617,46.47657775878906,46.99045181274414,47.20757293701172,46.96967315673828,46.723533630371094,46.56775665283203,46.43867874145508,46.409393310546875,46.48194122314453,46.4571533203125,46.34981155395508,46.547950744628906,47.03194046020508,47.60994338989258,48.18712615966797,48.71625518798828,49.09935760498047
56.526573181152344,62.18110656738281,56.7227783203125,48.5472412109375,44.371665954589844,43.16352462768555,41.72805404663086,40.50276184082031,40.612491607666016,42.11518096923828,43.90023422241211,45.63990783691406,47.0502815246582,47.85611343383789,47.54523849487305,46.17636489868164,45.274600982666016,45.00186538696289,45.125732421875,45.61667251586914,46.260009765625,46.92560958862305,47.35309982299805,47.45151901245117,47.45919418334961,47.36465072631836,47.45320510864258,47.71070098876953,48.023643493652344,48.35100173950195,48.62443542480469,48.822113037109375,48.70461654663086,48.119468688964844,47.552181243896484,47.27421569824219,47.11774444580078,47.14021682739258,47.326416015625,47.46428680419922,47.514400482177734,47.817543029785156,48.31907272338867,48.80223846435547,49.20380401611328,49.466251373291016,49.58049774169922
51.68873977661133,55.2383918762207,53.7322998046875,54.44194030761719,51.827552795410156,48.42420196533203,45.219825744628906,42.594383239746094,41.701332092285156,42.647300720214844,44.58113098144531,47.13718795776367,48.90561294555664,49.56079864501953,49.31344985961914,48.1931037902832,47.431148529052734,47.15037155151367,47.39666748046875,48.12540817260742,48.922271728515625,49.65421676635742,50.224422454833984,50.542903900146484,50.682945251464844,50.625911712646484,50.69781494140625,50.882911682128906,51.03333282470703,51.104026794433594,51.10472869873047,51.00230026245117,50.718162536621094,50.05278396606445,49.40580368041992,49.129295349121094,49.0368537902832,49.14744567871094,49.457298278808594,49.642250061035156,49.69984436035156,49.79323959350586,49.935935974121094,49.92002868652344,49.75836181640625,49.42812728881836,48.97614288330078
53.965065002441406,56.11783218383789,54.62132263183594,57.49312210083008,55.38062286376953,51.56467819213867,47.48310470581055,43.90416717529297,42.253639221191406,42.809486389160156,44.953792572021484,48.313907623291016,50.45834732055664,51.02010726928711,50.90419006347656,50.14492416381836,49.59210205078125,49.3640251159668,49.73210144042969,50.63627624511719,51.534549713134766,52.264923095703125,52.91761016845703,53.37350082397461,53.615875244140625,53.603919982910156,53.67089080810547,53.80533981323242,53.87111282348633,53.85808181762695,53.73133087158203,53.51905059814453,53.189674377441406,52.57099914550781,51.92384719848633,51.64600372314453,51.57638168334961,51.703224182128906,51.99827575683594,52.093135833740234,51.95375061035156,51.70326614379883,51.356258392333984,50.797454833984375,50.093875885009766,49.229164123535156,48.33513259887695
53.951534271240234,54.87907028198242,53.56380081176758,56.994529724121094,54.77047348022461,50.78097152709961,46.730377197265625,43.37663269042969,41.99288558959961,42.76817321777344,45.15543746948242,48.70103454589844,51.00498580932617,51.647117614746094,51.77082824707031,51.330570220947266,51.03374099731445,50.913307189941406,51.347755432128906,52.254905700683594,53.106292724609375,53.75554275512695,54.366764068603516,54.83466339111328,55.13502502441406,55.20771026611328,55.34788131713867,55.519683837890625,55.68436813354492,55.79883575439453,55.79710388183594,55.665679931640625,55.440032958984375,54.90538787841797,54.30012893676758,53.95289611816406,53.780948638916016,53.724998474121094,53.817710876464844,53.6231689453125,53.20378494262695,52.61982345581055,51.99702072143555,51.17632293701172,50.31204605102539,49.311485290527344,48.35173034667969
53.81873321533203,53.679256439208984,52.70344161987305,57.206687927246094,54.34902572631836,49.09904861450195,44.81236267089844,42.24689483642578,41.551239013671875,42.9144287109375,45.517215728759766,48.90596389770508,51.22392654418945,52.050933837890625,52.42821502685547,52.31022262573242,52.24435043334961,52.26356887817383,52.733131408691406,53.570858001708984,54.32957458496094,54.8629150390625,55.40993118286133,55.865333557128906,56.2265510559082,56.43342971801758,56.687686920166016,56.95346450805664,57.26289749145508,57.57289123535156,57.72297286987305,57.69965744018555,57.56135940551758,57.077308654785156,56.47334289550781,56.01390838623047,55.649574279785156,55.3461799621582,55.13639450073242,54.6444206237793,53.93266677856445,53.133583068847656,52.37290573120117,51.4961051940918,50.65749740600586,49.71000289916992,48.830718994140625
54.1707878112793,52.78617858886719,51.97169494628906,57.3198356628418,52.989784240722656,46.725685119628906,43.07539367675781,41.39155578613281,41.59311294555664,43.570030212402344,46.08866500854492,48.72342300415039,50.79122543334961,51.95528030395508,52.650699615478516,52.725894927978516,52.85482406616211,53.005531311035156,53.53452682495117,54.33982467651367,54.97100067138672,55.32419204711914,55.715633392333984,56.09188461303711,56.480445861816406,56.81205749511719,57.17292785644531,57.491668701171875,57.910194396972656,58.34904479980469,58.62934875488281,58.694217681884766,58.6680908203125,58.30818176269531,57.80576705932617,57.30837631225586,56.838478088378906,56.35447692871094,55.94924545288086,55.25923156738281,54.41285705566406,53.51323318481445,52.7196044921875,51.85299301147461,51.0643196105957,50.187469482421875,49.37599563598633
52.4050407409668,48.29006576538086,46.15168762207031,48.985260009765625,46.91862106323242,43.492897033691406,41.7551383972168,41.0462760925293,42.05510330200195,44.671573638916016,46.83442306518555,48.11806106567383,49.754913330078125,51.4081916809082,52.38027572631836,52.519569396972656,52.74221420288086,53.016239166259766,53.60918426513672,54.419044494628906,54.93031311035156,55.03913879394531,55.2354850769043,55.465919494628906,55.83920669555664,56.28608703613281,56.710567474365234,57.041259765625,57.496856689453125,57.99789047241211,58.343421936035156,58.4765510559082,58.55002212524414,58.37935256958008,58.058998107910156,57.610530853271484,57.12189483642578,56.58433151245117,56.090702056884766,55.3680534362793,54.5448112487793,53.6927375793457,52.97108459472656,52.17755889892578,51.46307373046875,50.65090560913086,49.89459228515625
52.04120635986328,46.5211181640625,44.384098052978516,46.02835464477539,44.12822341918945,40.693790435791016,40.870182037353516,41.157649993896484,42.581912994384766,44.89445495605469,46.16322708129883,46.26066970825195,47.4948844909668,49.66330337524414,50.94386291503906,51.0821533203125,51.36240005493164,51.73344802856445,52.488040924072266,53.47029495239258,53.97412872314453,53.898162841796875,53.94026565551758,54.098419189453125,54.42859649658203,54.875911712646484,55.238922119140625,55.466732025146484,55.80711364746094,56.21900939941406,56.491111755371094,56.590999603271484,56.716827392578125,56.71979904174805,56.56032180786133,56.20082092285156,55.77189254760742,55.251468658447266,54.726707458496094,54.05827713012695,53.35652542114258,52.65818786621094,52.07126235961914,51.403324127197266,50.763423919677734,50.02054214477539,49.30513000488281
60.87421798706055,52.299312591552734,48.513938903808594,47.31916809082031,43.93583679199219,39.79129409790039,40.490848541259766,41.79600143432617,43.10539627075195,44.17051315307617,44.30493927001953,43.38111877441406,44.37522888183594,47.08469772338867,48.602725982666016,48.674896240234375,48.95744705200195,49.399208068847656,50.35926818847656,51.6817512512207,52.293094635009766,52.091922760009766,52.07204818725586,52.2314453125,52.50504684448242,52.83796691894531,53.03491973876953,53.045005798339844,53.15629577636719,53.327728271484375,53.412227630615234,53.377376556396484,53.49085998535156,53.6341667175293,53.59028244018555,53.330135345458984,53.03934860229492,52.6010627746582,52.10243225097656,51.5569953918457,51.075096130371094,50.58543014526367,50.19599151611328,49.66427993774414,49.09934997558594,48.40727233886719,47.71849822998047
56.279117584228516,49.45735549926758,46.14908981323242,44.240753173828125,41.49968719482422,38.652183532714844,39.86642074584961,42.05762481689453,43.17094421386719,43.023223876953125,42.035335540771484,40.453819274902344,41.00782775878906,43.64148712158203,45.144554138183594,45.26759719848633,45.55777359008789,45.96137619018555,47.02206039428711,48.55040740966797,49.19875717163086,48.8533935546875,48.77717208862305,48.986846923828125,49.25404739379883,49.52602005004883,49.602577209472656,49.47295379638672,49.35999298095703,49.29737854003906,49.168521881103516,49.012123107910156,49.097381591796875,49.32976150512695,49.354862213134766,49.16253662109375,48.96049499511719,48.60068893432617,48.14411163330078,47.73068618774414,47.426761627197266,47.123687744140625,46.86726379394531,46.48136520385742,46.02643585205078,45.43035888671875,44.79158020019531
47.001258850097656,44.38096618652344,41.55284118652344,39.54310989379883,38.05646896362305,36.72328567504883,38.29300308227539,40.807613372802734,41.58758544921875,40.4902458190918,39.066410064697266,37.46254348754883,37.54460906982422,39.24957275390625,40.28195571899414,40.46174621582031,40.65096664428711,40.83302688598633,41.64986038208008,42.980743408203125,43.385032653808594,42.815086364746094,42.680484771728516,43.006797790527344,43.331443786621094,43.597816467285156,43.63566207885742,43.43558120727539,43.14679718017578,42.813377380371094,42.4631462097168,42.152591705322266,42.13820266723633,42.323787689208984,42.29005813598633,42.087257385253906,41.913150787353516,41.600406646728516,41.210548400878906,40.91118240356445,40.762977600097656,40.598323822021484,40.450992584228516,40.21724319458008,39.94240951538086,39.49954605102539,38.97242736816406
39.96043395996094,38.47255325317383,36.97074508666992,35.507911682128906,34.73780822753906,35.20091247558594,36.55117416381836,38.58096694946289,39.031410217285156,37.802207946777344,36.43706512451172,35.22968292236328,35.051456451416016,35.93804168701172,36.465843200683594,36.507347106933594,36.51719665527344,36.476722717285156,36.92741775512695,37.756107330322266,37.802520751953125,37.02818298339844,36.83034133911133,37.240966796875,37.61238098144531,37.878807067871094,37.889034271240234,37.640586853027344,37.21306610107422,36.67948532104492,36.13948059082031,35.68314743041992,35.53969192504883,35.58742141723633,35.43925094604492,35.20439910888672,35.02714538574219,34.740928649902344,34.39754867553711,34.184776306152344,34.14387893676758,34.100791931152344,34.06882095336914,33.97475051879883,33.84255599975586,33.538570404052734,33.12472915649414
36.22294998168945,34.81758117675781,33.872920989990234,33.53479766845703,33.36662292480469,33.4434814453125,34.26124954223633,35.70158386230469,36.099220275878906,35.371456146240234,34.58794403076172,33.848506927490234,33.76687240600586,34.34649658203125,34.660823822021484,34.65349197387695,34.56968688964844,34.421966552734375,34.53595733642578,34.91072082519531,34.650047302246094,33.81782531738281,33.53877258300781,33.871925354003906,34.218196868896484,34.52018737792969,34.55967330932617,34.32442092895508,33.87092590332031,33.28085708618164,32.681678771972656,32.183204650878906,31.94831085205078,31.86627960205078,31.619443893432617,31.35454559326172,31.15972900390625,30.84573745727539,30.4736270904541,30.24032211303711,30.19392967224121,30.184850692749023,30.215057373046875,30.188440322875977,30.10649299621582,29.86720848083496,29.51095962524414
33.0478630065918,32.70515823364258,31.80381202697754,30.57029151916504,29.77341079711914,29.534624099731445,30.167377471923828,31.50373649597168,32.194915771484375,32.098487854003906,31.891359329223633,31.63754653930664,31.68364906311035,32.03228759765625,32.3089714050293,32.46699142456055,32.44369888305664,32.24132537841797,32.08618927001953,31.99449920654297,31.4908390045166,30.65961456298828,30.248741149902344,30.33076286315918,30.576257705688477,30.9410343170166,31.045866012573242,30.875274658203125,30.47642707824707,29.91565704345703,29.353580474853516,28.884429931640625,28.619035720825195,28.463520050048828,28.20374870300293,27.97214698791504,27.795120239257812,27.454010009765625,27.00436782836914,26.714969635009766,26.631755828857422,26.641984939575195,26.74002456665039,26.742246627807617,26.652803421020508,26.43177032470703,26.12492561340332
30.476404190063477,30.460487365722656,29.327035903930664,27.24547576904297,25.923004150390625,25.578994750976562,26.259437561035156,27.863161087036133,28.921586990356445,29.269420623779297,29.52268409729004,29.6516056060791,29.77701759338379,29.876497268676758,30.099672317504883,30.401573181152344,30.447633743286133,30.234172821044922,29.862699508666992,29.392959594726562,28.67784881591797,27.83806037902832,27.304847717285156,27.169017791748047,27.311758041381836,27.701108932495117,27.855518341064453,27.74838638305664,27.431392669677734,26.969146728515625,26.47920036315918,26.057722091674805,25.788583755493164,25.626312255859375,25.418468475341797,25.25283432006836,25.129833221435547,24.790056228637695,24.297780990600586,23.981674194335938,23.90019416809082,23.946325302124023,24.11513328552246,24.126148223876953,23.976160049438477,23.74876594543457,23.482851028442383
29.79145050048828,29.467018127441406,28.22223472595215,26.263633728027344,24.89852523803711,24.360496520996094,24.89974021911621,26.462148666381836,27.537248611450195,27.95418930053711,28.345029830932617,28.63413429260254,28.78993797302246,28.77988624572754,28.949968338012695,29.272916793823242,29.343515396118164,29.1499080657959,28.725910186767578,28.148780822753906,27.361391067504883,26.508529663085938,25.921968460083008,25.71029281616211,25.780153274536133,26.12388038635254,26.25787353515625,26.162334442138672,25.897096633911133,25.50951385498047,25.09320831298828,24.71979522705078,24.487924575805664,24.381717681884766,24.252336502075195,24.167316436767578,24.108640670776367,23.814228057861328,23.333234786987305,23.043119430541992,22.993677139282227,23.086803436279297,23.301898956298828,23.303295135498047,23.090986251831055,22.819669723510742,22.54287338256836
29.789642333984375,29.12188720703125,28.17793083190918,27.1365966796875,26.018699645996094,25.02901268005371,24.985679626464844,25.867685317993164,26.556371688842773,26.919414520263672,27.32269859313965,27.703203201293945,27.851396560668945,27.752756118774414,27.873455047607422,28.18929100036621,28.287038803100586,28.142210006713867,27.755685806274414,27.19162368774414,26.43293571472168,25.608882904052734,25.011516571044922,24.74591064453125,24.7342529296875,24.977584838867188,25.039033889770508,24.906240463256836,24.654191970825195,24.329044342041016,23.96799087524414,23.639169692993164,23.449962615966797,23.42095947265625,23.384733200073242,23.373207092285156,23.385814666748047,23.15658187866211,22.72896957397461,22.517467498779297,22.556488037109375,22.75408935546875,23.068288803100586,23.092002868652344,22.816875457763672,22.491031646728516,22.17078399658203
