earth/public/data/ocean/W07/ANN-ocevel-depthz-500m-gfs-1.0.json
{"header": {"discipline": 0, "disciplineName": "Meteorological products", "gribEdition": 2, "gribLength": 131138.0, "center": 0, "centerName": "Kiel Climate Model", "subcenter": 0, "refTime": "1", "significanceOfRT": 1, "significanceOfRTName": "Start of forecast", "productStatus": 0, "productStatusName": "Operational products", "productType": 1, "productTypeName": "Forecast products", "productDefinitionTemplate": 0, "productDefinitionTemplateName": "Analysis/forecast at horizontal level/layer at a point in time", "parameterCategory": 2, "parameterCategoryName": "Momentum", "parameterNumber": 2, "parameterNumberName": "U-component_of_wind", "parameterUnit": "m/s", "genProcessType": 2, "genProcessTypeName": "Forecast", "forecastTime": 0, "surface1Type": 103, "surface1TypeName": "Specified height level above ground", "surface1Value": 10, "surface2Type": 255, "surface2TypeName": "Missing", "surface2Value": 0, "gridDefinitionTemplate": 0, "gridDefinitionTemplateName": "Latitude_Longitude", "numberPoints": 65160, "shape": 6, "shapeName": "Earth spherical with radius of 6,371,229.0 m", "gridUnits": "degrees", "resolution": 48, "winds": "true", "scanMode": 0, "nx": 360.0, "ny": 180.0, "basicAngle": 0, "subDivisions": 0, "lo1": 0.0, "la1": -89.5, "lo2": 359.0, "la2": 89.5, "dx": 1.0, "dy": -1.0}, "data":
[rows 100 to 119 of 180, columns 230 to 275 of 360]
-0.0012892172671854496,-0.001503774430602789,-0.001679286826401949,-0.0017901957035064697,-0.0018443941371515393,-0.0018376808147877455,-0.0017910392489284277,-0.001716833095997572,-0.0016248427564278245,-0.0015341112157329917,-0.0014349761186167598,-0.0013467385433614254,-0.0012423968873918056,-0.0011410987935960293,-0.0010166264837607741,-0.0008901297696866095,-0.0007450432749465108,-0.0006050377269275486,-0.00046879047295078635,-0.0003590490960050374,-0.0002590843942016363,-0.00018705464026425034,-0.00011883753177244216,-6.834949454059824e-05,-2.8515833037090488e-05,-8.83850225363858e-06,-6.972449568820593e-07,-8.322720532305539e-06,-2.0411274817888625e-05,-3.757753438549116e-05,-3.5653571103466675e-05,-1.6709112969692796e-05,-5.604303169093328e-06,-1.4309369362308644e-05,-3.246936103096232e-05,-3.833254231722094e-05,-3.099449531873688e-05,-2.8560569262481295e-05,-2.8749504053848796e-05,-4.1916195186786354e-05,-6.399094854714349e-05,-5.399188376031816e-05,-1.528068787592929e-05,6.214319455466466e-06,null,null
-0.0007572954636998475,-0.0009979881579056382,-0.0012118554441258311,-0.001360553433187306,-0.0014618730638176203,-0.0014959056861698627,-0.001495403703302145,-0.0014573510270565748,-0.0014056731015443802,-0.0013459754409268498,-0.001277733943425119,-0.0012099517043679953,-0.0011230481322854757,-0.001030358369462192,-0.0009080588934011757,-0.0007765751797705889,-0.0006209916900843382,-0.0004684782470576465,-0.00031522774952463806,-0.00018965551862493157,-7.581348472740501e-05,3.514275931593147e-06,7.138191722333431e-05,0.00011398951028240845,0.00013534509344026446,0.00013210608449298888,0.00011023200204363093,7.549729343736544e-05,2.864599991880823e-05,-1.934893043653574e-05,-5.165729089640081e-05,-6.848048360552639e-05,-8.901486580725759e-05,-0.00011853018077090383,-0.00015546983922831714,-0.00016073165170382708,-0.00013361165474634618,-0.00010818563896464184,-8.983636507764459e-05,-7.702336006332189e-05,-7.43368364055641e-05,-6.350148760247976e-05,null,null,null,null
-0.0003040903829969466,-0.00048348060226999223,-0.0006447568885050714,-0.0007651219493709505,-0.0008566560572944582,-0.0009081647149287164,-0.0009404064621776342,-0.0009508447255939245,-0.000955150171648711,-0.0009541655308566988,-0.0009450166253373027,-0.0009294922929257154,-0.0008954553632065654,-0.0008476595394313335,-0.0007679415866732597,-0.0006691725575365126,-0.0005396967171691358,-0.00040208088466897607,-0.00025309238117188215,-0.0001177032754640095,6.68558004690567e-06,0.00010142141400137916,0.00017655297415331006,0.0002212136605521664,0.0002346897090319544,0.00021428416948765516,0.00017263341578654945,0.00011551385250641033,3.792670395341702e-05,-4.7909761633491144e-05,-0.00011714590073097497,-0.00016204308485612273,-0.00019277156388852745,-0.00019923323998227715,-0.0002097482210956514,-0.0001943248644238338,-0.0001582276017870754,-0.0001422805362381041,-0.00014677712169941515,-0.0001282417943002656,-8.089513721643016e-05,-5.4780844948254526e-05,null,null,null,null
1.0630112228682265e-05,-7.125685806386173e-05,-0.00015122977492865175,-0.00020768151443917304,-0.0002654592681210488,-0.00031009703525342047,-0.0003604503581300378,-0.0004071460571140051,-0.0004602826666086912,-0.0005123639130033553,-0.000561756081879139,-0.0006027579656802118,-0.0006279008812271059,-0.0006365140434354544,-0.0006065190536901355,-0.0005468034069053829,-0.00044772151159122586,-0.0003293805639259517,-0.00019396812422201037,-6.766984733985737e-05,4.9826841859612614e-05,0.0001352810359094292,0.00020538420358207077,0.00024605696671642363,0.00025273929350078106,0.00022392273240257055,0.00017039975500665605,0.00010190089960815385,1.8871810425480362e-06,-0.00011202316090930253,-0.00021030454081483185,-0.00026166162570007145,-0.0002694202121347189,-0.00022211410396266729,-0.00015860753774177283,-0.00011167418415425345,-8.71344527695328e-05,-8.498858369421214e-05,null,null,null,null,null,null,null,null
8.852567407302558e-05,8.365349640371278e-05,8.566446922486648e-05,8.883775444701314e-05,8.030539174797013e-05,5.811824667034671e-05,1.688380871200934e-05,-3.706440475070849e-05,-0.0001066574695869349,-0.00017891362949740142,-0.00025503436336293817,-0.0003204089589416981,-0.00037749134935438633,-0.0004149641317781061,-0.000423494289861992,-0.000399127573473379,-0.00034419813891872764,-0.00026409566635265946,-0.0001673194346949458,-6.71763118589297e-05,2.4724828108446673e-05,9.367491293232888e-05,0.00014551356434822083,0.00017224957991857082,0.00015808685566298664,0.00010846529039554298,4.029607953270897e-05,-3.180813655490056e-05,-0.00010959113569697365,-0.00018284490215592086,-0.0002343993546674028,-0.0002593575045466423,-0.00026363582583144307,null,null,null,null,null,null,null,null,null,null,null,null,null
0.00012814906949643046,0.00018817051022779197,0.00024908880004659295,0.0003051830572076142,0.0003351558989379555,0.00033705815440043807,0.000308623886667192,0.00025618658401072025,0.00018298033683095127,0.00010198691597906873,1.738965693220962e-05,-5.620071533485316e-05,-0.0001236093376064673,-0.0001735188561724499,-0.00020848562417086214,-0.0002245553769171238,-0.00022019863536115736,-0.00020080509420949966,-0.0001512055896455422,-8.470702596241608e-05,-1.4808479136263486e-05,4.378097946755588e-05,7.984553667483851e-05,8.539398550055921e-05,3.97176445403602e-05,-5.174358011572622e-05,-0.00014431342424359173,-0.00022337923292070627,-0.00025788438506424427,-0.00023762084310874343,-0.00020053370099049062,-0.0001633333449717611,null,null,null,null,null,null,null,null,null,null,null,null,null,-0.025797706097364426
0.0002442222030367702,0.00032791434205137193,0.0004102808306924999,0.00047845140215940773,0.0005181377637200058,0.0005241530016064644,0.0005015825154259801,0.00045480518019758165,0.0003926371573470533,0.000324380787787959,0.0002554444072302431,0.0001952184538822621,0.00013548463175538927,8.500205149175599e-05,4.1648334445199e-05,1.2173398317827377e-05,-7.572471076855436e-06,-1.4944724171073176e-05,-7.624692898389185e-06,1.517389409855241e-05,3.2049276342149824e-05,4.596677536028437e-05,2.887871778511908e-05,-9.488563591730781e-06,-8.348284609382972e-05,-0.0001782248873496428,-0.00024733581813052297,-0.0002840225934050977,-0.0002886582224164158,-0.00025448124506510794,-0.0001805965875973925,-0.00010022634523920715,null,null,null,null,null,null,null,null,null,null,null,null,null,-0.033530671149492264
0.0004134889750275761,0.0004796289140358567,0.0005388350691646338,0.0005782372318208218,0.0005956076784059405,0.0005857594078406692,0.0005601617158390582,0.0005231934483163059,0.00048303563380613923,0.00044899064232595265,0.00041463226079940796,0.00038935092743486166,0.000352734699845314,0.00031354272505268455,0.0002826473501045257,0.0002667984808795154,0.0002574543177615851,0.0002572593803051859,0.000241290355916135,0.000210333542781882,0.00016083958325907588,9.577380114933476e-05,5.872150268260157e-06,-9.913903340930119e-05,-0.00018881626601796597,-0.0002482802956365049,-0.00025389238726347685,-0.00019885953224729747,null,null,null,null,null,null,null,null,null,null,null,null,null,null,null,null,null,-0.04428495094180107
0.0005475482321344316,0.0005822050152346492,0.0005967813194729388,0.0005932835047133267,0.0005696245934814215,0.0005342940567061305,0.0004931443254463375,0.000455738278105855,0.00043232066673226655,0.0004266137257218361,0.00043074172572232783,0.00044126625289209187,0.00044924544636160135,0.0004485732933972031,0.00044921215157955885,0.00044740052544511855,0.0004339474835433066,0.00041286720079369843,0.0003688329888973385,0.00031198622309602797,0.00024189225223381072,0.00016838307783473283,4.3998945329803973e-05,-0.00011003965482814237,-0.00021948512585368007,-0.000273076759185642,-0.0002560191787779331,-0.00015349918976426125,null,null,null,null,null,null,null,null,null,null,null,null,null,null,null,null,null,-0.04080086573958397
0.0006248877034522593,0.0006141303456388414,0.0005774838500656188,0.0005169544601812959,0.0004472293076105416,0.00037679774686694145,0.0003127551462966949,0.00026466447161510587,0.00024713692255318165,0.0002638947917148471,0.0002975887036882341,0.0003447803610470146,0.00040396765689365566,0.00046904460759833455,0.0005097821704111993,0.0005224188789725304,0.0004917160258628428,0.0004216877568978816,0.00035416727769188583,0.00029929596348665655,0.00026123799034394324,0.0002498253306839615,0.00014078400272410363,-4.4665535824606195e-05,-0.00016005514771677554,null,null,null,null,null,null,null,null,null,null,null,null,null,null,null,null,null,null,null,null,-0.02567933313548565
0.0006635369500145316,0.0006313832709565759,0.0005622263415716588,0.00046890918747521937,0.0003649451828096062,0.0002702366909943521,0.00018441614520270377,0.0001243057631654665,0.00010366521746618673,0.00012725446140393615,0.00017577814287506044,0.00024085465702228248,0.00033060487476177514,0.00042873507481999695,0.0004992589238099754,0.0005284860963001847,0.0005175350233912468,0.0004638359241653234,0.0003823857114184648,0.00028796898550353944,0.00021111882233526558,0.0001745979388942942,6.931104871910065e-05,-8.477283699903637e-05,-0.00016645272262394428,null,null,null,null,null,null,null,null,null,2.2961678041610867e-05,3.0762534152017906e-05,null,null,null,null,null,null,null,null,null,-0.010156187228858471
0.0007374740089289844,0.0007375787827186286,0.0006911986856721342,0.0006164810620248318,0.0005301038618199527,0.00043306799489073455,0.0003383386065252125,0.00025281537091359496,0.00020282997866161168,0.00018000343698076904,0.0001829278189688921,0.00021315387857612222,0.0002778725465759635,0.0003589155385270715,0.00042802406824193895,0.00044463216909207404,0.0004241395217832178,0.00038411663263104856,0.00028125036624260247,0.00013975294132251292,3.9781967643648386e-05,-4.157429066253826e-05,-0.00012194369628559798,-0.00019305292516946793,-0.0002395936317043379,null,null,null,null,null,null,null,null,null,null,-1.0422699233458843e-05,3.656846456578933e-05,5.628915096167475e-05,0.00017991680942941457,null,null,null,null,null,null,0.001956486376002431
0.0008486891747452319,0.0009113204432651401,0.0009249186841771007,0.0009049874497577548,0.0008633087272755802,0.0008006914285942912,0.000704321195371449,0.0006060364539735019,0.000506019510794431,0.0004215241642668843,0.0003383602306712419,0.00029462657403200865,0.00030016154050827026,0.00033646260271780193,0.00039196049328893423,0.0003903635952156037,0.00031063775531947613,0.00020242230675648898,4.20100441260729e-05,-8.9140041382052e-05,-0.00015147379599511623,-0.0001819669414544478,null,null,null,null,null,null,null,null,null,null,null,null,null,-6.262134411372244e-05,-7.280081626959145e-05,-1.218455736307078e-06,0.00034048891393467784,0.0008986273314803839,0.001238758210092783,null,null,null,null,0.005399690940976143
0.0008651725947856903,0.0010426468215882778,0.0011735492153093219,0.0012406741734594107,0.0012947123032063246,0.0013086169492453337,0.0012684200191870332,0.0011693205451592803,0.0010570867452770472,0.0009320723474957049,0.0007638834067620337,0.0005854780902154744,0.00046662401291541755,0.0004267993790563196,0.0003606800455600023,0.00026378873735666275,0.00016780364967416972,7.848825043765828e-05,-5.525156302610412e-05,-0.0002010083117056638,-0.00023209680512081832,-0.00019691139459609985,null,null,null,null,null,null,null,null,null,null,null,null,-3.332952837808989e-05,-9.050532389665022e-05,-0.00019341740699019283,-0.00012276734923943877,0.0002674708957783878,0.0003481533203739673,null,null,null,null,0.014307454228401184,0.018794629722833633
0.0008305542869493365,0.0011349784908816218,0.0013913775328546762,0.0015629967674613,0.0017171778017655015,0.0018345206044614315,0.0018539646407589316,0.0017767453100532293,0.001664613257162273,0.0015382712008431554,0.0012894010869786143,0.0009564070496708155,0.0007026056409813464,0.0005634762346744537,0.0003291130415163934,2.7306907213642262e-05,-0.0001150997486547567,null,null,null,null,null,null,null,null,null,null,null,null,null,null,null,null,null,6.757220489816973e-06,-8.470945613225922e-05,-0.00025284691946581006,-0.0003268544969614595,-0.00031683387351222336,-0.0007995163323357701,-0.0019196431385353208,-0.0013667144812643528,0.0011428960133343935,0.013392621651291847,0.029859406873583794,0.04495961591601372
0.000731615349650383,0.0011269610840827227,0.0014881615061312914,0.00174352852627635,0.00199151411652565,0.0021814501378685236,0.0022609212901443243,0.0022111539728939533,0.002102556172758341,0.0019546528346836567,0.0016295391833409667,0.0011910338653251529,0.0008198542054742575,0.0005906056612730026,0.00024861309793777764,-0.0001424560759915039,-0.00035586286685429513,null,null,null,null,null,null,null,null,null,null,null,null,null,null,null,null,null,-3.990874029113911e-05,-0.0001418955362169072,-0.0003264091210439801,-0.0005058741080574691,-0.0006552396807819605,-0.0010856918524950743,-0.0017460242379456758,-0.0013378799194470048,0.00013471682905219495,0.0108948377892375,0.0337907038629055,0.05966624245047569
0.0005460282554849982,0.0010057361796498299,0.0014331057900562882,0.0017564487643539906,0.0020658106077462435,0.0023105230648070574,0.0024375615175813437,0.00242815213277936,0.0023219797294586897,0.002138568554073572,0.0017616783734411001,0.0012551277177408338,0.0008056465303525329,0.0004878404433839023,0.000129492866108194,-0.00020572886569425464,-0.00039178208680823445,null,null,null,null,null,null,null,null,null,null,null,null,null,null,null,null,null,-0.0001720755099086091,-0.0002610720111988485,-0.0004238008114043623,-0.0005198952276259661,-0.0005243044579401612,-0.000657120777759701,-0.0008671380346640944,-0.0012310147285461426,-0.001752775046043098,0.00253697345033288,null,null
0.0004318110004533082,0.0009194663143716753,0.0013808256480842829,0.0017328709363937378,0.0020618385169655085,0.002310525393113494,0.0024429152254015207,0.0024384502321481705,0.002299330197274685,0.002056061988696456,0.0016383373877033591,0.0011235863203182817,0.0006483022007159889,0.00029569148318842053,-1.4956667655496858e-06,-0.0002466807491146028,-0.00041093898471444845,null,null,null,null,null,null,null,null,null,null,null,null,null,null,null,null,null,-0.00024256444885395467,-0.000324849970638752,-0.000479135342175141,-0.0005245318752713501,-0.0004553650214802474,-0.0004102709353901446,-0.0003948864177800715,-0.0008348419214598835,-0.0015648739645257592,-0.001868923776783049,null,null
0.00040718968375585973,0.0008863775874488056,0.001338217407464981,0.0016796912532299757,0.0019799591973423958,0.0021818180102854967,0.0022755588870495558,0.0022406247444450855,0.002044167136773467,0.0017166928155347705,0.001282687415368855,0.0008195808622986078,0.0003795931988861412,4.593093763105571e-05,-0.00016390165546908975,null,null,null,null,null,null,null,null,null,null,null,null,null,null,null,null,null,null,null,null,null,null,null,null,null,null,null,0.001180984196253121,0.0013326938496902585,null,null
0.0005748584517277777,0.001026935875415802,0.001434136414900422,0.0017283216584473848,0.0019445796497166157,0.002053710399195552,0.0020331055857241154,0.0019003232009708881,0.0015814520884305239,0.0011478037340566516,0.0006749884923920035,0.0002533727965783328,-6.209018465597183e-05,-0.00022970214195083827,-0.0003134170256089419,null,null,null,null,null,null,null,null,null,null,null,null,null,null,null,null,null,null,null,null,null,null,null,null,null,null,null,0.0030402231495827436,0.0030402231495827436,null,null
