earth/public/data/ocean/W07/ANN-vosaline-depthz-3000m-gfs-1.0.json
{"header": {"discipline": 0, "disciplineName": "Meteorological products", "gribEdition": 2, "gribLength": 131138.0, "center": 0, "centerName": "Kiel Climate Model", "subcenter": 0, "refTime": "1", "significanceOfRT": 1, "significanceOfRTName": "Start of forecast", "productStatus": 0, "productStatusName": "Operational products", "productType": 1, "productTypeName": "Forecast products", "productDefinitionTemplate": 0, "productDefinitionTemplateName": "Analysis/forecast at horizontal level/layer at a point in time", "parameterCategory": 2, "parameterCategoryName": "Momentum", "parameterNumber": 2, "parameterNumberName": "U-component_of_wind", "parameterUnit": "PSU", "genProcessType": 2, "genProcessTypeName": "Forecast", "forecastTime": 0, "surface1Type": 103, "surface1TypeName": "Specified height level above ground", "surface1Value": 10, "surface2Type": 255, "surface2TypeName": "Missing", "surface2Value": 0, "gridDefinitionTemplate": 0, "gridDefinitionTemplateName": "Latitude_Longitude", "numberPoints": 65160, "shape": 6, "shapeName": "Earth spherical with radius of 6,371,229.0 m", "gridUnits": "degrees", "resolution": 48, "winds": "true", "scanMode": 0, "nx": 360.0, "ny": 180.0, "basicAngle": 0, "subDivisions": 0, "lo1": 0.0, "la1": -89.5, "lo2": 359.0, "la2": 89.5, "dx": 1.0, "dy": -1.0}, "data":
[rows 22 to 43 of 180, columns 51 to 101 of 360]
null,null,null,null,null,null,null,null,null,null,null,null,null,null,null,null,null,null,null,null,null,null,null,null,null,null,null,null,null,null,null,null,null,null,null,null,null,null,null,null,null,null,null,null,null,null,null,null,null,null,null
null,null,null,null,null,null,null,null,null,null,null,null,null,null,null,null,null,null,null,null,null,null,null,null,null,null,null,null,null,null,null,null,null,null,null,null,null,null,null,null,null,null,null,null,null,null,null,null,null,null,null
null,null,null,null,null,null,null,34.717674255371094,34.71733856201172,34.71649932861328,34.71599197387695,34.7158317565918,34.71567916870117,34.71554183959961,34.71554946899414,34.7156982421875,34.716041564941406,34.716556549072266,34.71746063232422,34.71870040893555,34.71941375732422,34.719547271728516,34.71961975097656,34.7195930480957,34.7196044921875,34.71963119506836,34.71979522705078,34.720062255859375,34.72111892700195,34.72245407104492,null,null,null,null,null,null,null,null,null,null,null,null,null,null,null,null,null,null,null,null,null
34.71575164794922,34.716529846191406,34.716819763183594,34.71657180786133,34.716522216796875,34.71662902832031,34.71682357788086,34.71697998046875,34.71687698364258,34.7165412902832,34.71634292602539,34.716312408447266,34.7163200378418,34.71634292602539,34.716468811035156,34.71665573120117,34.71698760986328,34.7173957824707,34.71803283691406,34.7187614440918,34.71929168701172,34.71951675415039,34.719688415527344,34.71979904174805,34.719905853271484,34.72001647949219,34.72016906738281,34.72036361694336,34.72083282470703,34.72125244140625,34.72124481201172,34.72090148925781,34.72085189819336,34.7208366394043,34.720909118652344,34.721275329589844,34.721885681152344,34.72248458862305,34.72295379638672,34.72321319580078,null,null,null,null,null,null,null,null,null,null,null
34.71515655517578,34.7156867980957,34.71603775024414,34.716148376464844,34.71630859375,34.71651077270508,34.71669387817383,34.71682357788086,34.716983795166016,34.71715545654297,34.71738815307617,34.717647552490234,34.71796417236328,34.71828842163086,34.71866226196289,34.719017028808594,34.71940231323242,34.71974563598633,34.72012710571289,34.72046661376953,34.72075653076172,34.7209358215332,34.721099853515625,34.721214294433594,34.7213134765625,34.721378326416016,34.72142028808594,34.7214241027832,34.72119140625,34.72076416015625,34.72066879272461,34.72068405151367,34.72049331665039,34.720279693603516,34.72001266479492,34.720306396484375,34.72112274169922,34.721839904785156,34.72235870361328,34.72273254394531,34.72294616699219,34.723270416259766,34.72361373901367,34.72400665283203,34.72438430786133,34.72499465942383,34.72576904296875,34.7262077331543,null,null,34.72831726074219
34.714900970458984,34.71533203125,34.71577072143555,34.71614074707031,34.71652603149414,34.716854095458984,34.71722412109375,34.71757507324219,34.7180061340332,34.71844482421875,34.71898651123047,34.71953582763672,34.72016906738281,34.720767974853516,34.721405029296875,34.72196578979492,34.722476959228516,34.72284698486328,34.723167419433594,34.72338104248047,34.723487854003906,34.723472595214844,34.72345733642578,34.72344970703125,34.723392486572266,34.723297119140625,34.723175048828125,34.723052978515625,34.72310256958008,null,null,null,34.72031021118164,34.720062255859375,34.71975326538086,34.71999740600586,34.72066116333008,34.721351623535156,34.7219352722168,34.722450256347656,34.722808837890625,34.723228454589844,34.72364044189453,34.7241096496582,34.72454833984375,34.72513961791992,34.725765228271484,34.72626876831055,34.726619720458984,34.72727966308594,34.727867126464844
34.71568298339844,34.7161865234375,34.71670913696289,34.7171630859375,34.71764373779297,34.71807098388672,34.718570709228516,34.719051361083984,34.71964645385742,34.720245361328125,34.72099304199219,34.72175216674805,34.72261047363281,34.723411560058594,34.724246978759766,34.72496795654297,34.72557067871094,34.725948333740234,34.726200103759766,34.72627639770508,34.72615432739258,34.725860595703125,34.725624084472656,34.72549057006836,34.725196838378906,34.724708557128906,34.72455596923828,34.72480010986328,34.725284576416016,34.72618103027344,null,null,null,null,34.720767974853516,34.720951080322266,34.721229553222656,34.7216911315918,34.722251892089844,34.72275161743164,34.72309494018555,34.72357177734375,34.724098205566406,34.72468566894531,34.72522735595703,34.72584915161133,34.7264404296875,34.727054595947266,34.72757339477539,34.728153228759766,34.72868728637695
34.717411041259766,34.717987060546875,34.71859359741211,34.71912384033203,34.719688415527344,34.720184326171875,34.720767974853516,34.72132873535156,34.722015380859375,34.72270202636719,34.723575592041016,34.72447967529297,34.72549819946289,34.726444244384766,34.72742462158203,34.72826385498047,34.7288703918457,34.72914505004883,34.72920608520508,34.72904968261719,34.728580474853516,34.72789001464844,34.72731399536133,34.726890563964844,34.726402282714844,null,null,34.72624969482422,34.726558685302734,null,null,null,null,null,34.7221565246582,34.72222137451172,34.72233200073242,34.72267150878906,34.72315979003906,34.72368240356445,34.72414016723633,34.7247428894043,34.725379943847656,34.72608947753906,34.72674560546875,34.727474212646484,34.7281494140625,34.72888946533203,34.72956085205078,34.73031997680664,34.73102569580078
34.72006607055664,34.72071075439453,34.72139358520508,34.72198486328125,34.72260665893555,34.72315216064453,34.723777770996094,34.72437286376953,34.725093841552734,34.72581100463867,34.726741790771484,34.72772216796875,34.72882843017578,34.72986602783203,34.730918884277344,34.73179244995117,34.73231506347656,34.73238754272461,34.732173919677734,34.73170471191406,34.73081970214844,34.72966766357422,34.7291259765625,null,null,null,null,null,null,null,null,null,null,null,34.72356033325195,34.72346878051758,34.72377014160156,34.724205017089844,34.72468185424805,34.72536849975586,34.726131439208984,34.726966857910156,34.72771453857422,34.72856140136719,34.72935104370117,34.730186462402344,34.73091506958008,34.73174285888672,34.73251724243164,34.733375549316406,34.73416519165039
34.72348403930664,34.72417449951172,34.72489929199219,34.72552490234375,34.726173400878906,34.72673416137695,34.72737121582031,34.727970123291016,34.728694915771484,34.72941207885742,34.7303581237793,34.73136520385742,34.732486724853516,34.733524322509766,34.73457717895508,34.73545837402344,34.73563003540039,34.73497009277344,34.73412322998047,34.73343276977539,34.73229217529297,34.73080825805664,34.73060607910156,34.73163986206055,34.732215881347656,null,null,null,null,null,null,null,34.727474212646484,34.726444244384766,34.7254638671875,34.72536087036133,34.72596740722656,34.72665786743164,34.72730255126953,34.728271484375,34.72938537597656,34.73046875,34.73133850097656,34.7323112487793,34.733211517333984,34.73411178588867,34.734840393066406,34.73567581176758,34.7364616394043,34.7373046875,34.73805618286133
34.72737503051758,34.72806930541992,34.72878646850586,34.72940444946289,34.730037689208984,34.73057556152344,34.73119354248047,34.73178482055664,34.73249435424805,34.73320007324219,34.73415756225586,34.735198974609375,34.73628616333008,34.737220764160156,34.73834991455078,34.73945236206055,34.73999786376953,null,null,null,null,null,null,34.73432540893555,34.73447036743164,null,null,null,null,null,34.73295974731445,34.73136901855469,34.730281829833984,34.72951126098633,34.7290153503418,34.729156494140625,34.729923248291016,34.73082733154297,34.73170852661133,34.73291015625,34.734222412109375,34.73543167114258,34.73632049560547,34.7373161315918,34.738243103027344,34.73911666870117,34.739776611328125,34.740509033203125,34.741180419921875,34.74188232421875,34.742488861083984
34.730384826660156,34.73106002807617,34.73175048828125,34.732330322265625,34.73292541503906,34.733428955078125,34.73402404785156,34.73460388183594,34.73530197143555,34.735992431640625,34.736968994140625,34.73805236816406,34.739112854003906,34.739952087402344,34.7412223815918,34.74270248413086,34.74356460571289,34.74361801147461,34.74366760253906,34.743614196777344,34.74287033081055,34.74152755737305,34.7396125793457,34.73793411254883,34.737518310546875,34.73823928833008,34.73878479003906,null,null,34.737247467041016,34.73528289794922,34.73400115966797,34.733734130859375,34.73334503173828,34.7329216003418,34.733154296875,34.734004974365234,34.735008239746094,34.73598861694336,34.73727035522461,34.73862075805664,34.73980712890625,34.7406120300293,34.741546630859375,34.742435455322266,34.74323654174805,34.74380111694336,34.74440002441406,34.74491500854492,34.745460510253906,34.74592208862305
34.73247146606445,34.73316955566406,34.73383712768555,34.734352111816406,34.73488235473633,34.73534393310547,34.73591613769531,34.73649597167969,34.73720169067383,34.73789978027344,34.738895416259766,34.74000930786133,34.741065979003906,34.741878509521484,34.74309539794922,34.7445182800293,34.74512481689453,34.74481201171875,34.74470901489258,34.74479675292969,34.74423599243164,34.743099212646484,34.74170684814453,34.7400016784668,34.7387809753418,34.73878479003906,34.73878479003906,null,null,34.73971939086914,34.73820495605469,34.737205505371094,34.73728942871094,34.73708724975586,34.73662185668945,34.73685836791992,34.73774719238281,34.73872375488281,34.73961639404297,34.740814208984375,34.74211120605469,34.743202209472656,34.743892669677734,34.744720458984375,34.74554443359375,34.746246337890625,34.74671173095703,34.74717712402344,34.7475700378418,34.74799346923828,34.748374938964844
34.73521423339844,34.73591995239258,34.73653030395508,34.7369384765625,34.737388610839844,34.73779296875,34.73834228515625,34.73892593383789,34.73966979980469,34.74042892456055,34.74146270751953,34.74258804321289,34.74366760253906,34.744503021240234,34.745479583740234,34.746395111083984,34.746971130371094,34.74711227416992,34.747344970703125,34.74766540527344,34.74721908569336,34.74589157104492,34.7442626953125,null,null,null,null,null,null,34.74386215209961,34.742557525634766,34.741966247558594,34.74248123168945,34.7425537109375,34.7421760559082,34.742435455322266,34.7432861328125,34.74411392211914,34.744773864746094,34.74576187133789,34.74689865112305,34.747825622558594,34.74837112426758,34.749046325683594,34.749725341796875,34.75025939941406,34.750553131103516,34.750850677490234,34.751094818115234,34.75138473510742,34.75166320800781
34.73892593383789,34.739463806152344,34.73993682861328,34.740264892578125,34.740623474121094,34.74095153808594,34.74142074584961,34.7419548034668,34.74273681640625,34.743629455566406,34.74473571777344,34.745853424072266,34.74695587158203,34.747840881347656,34.748626708984375,34.749168395996094,34.7496337890625,34.74994659423828,34.750267028808594,34.75054931640625,34.750396728515625,null,null,null,null,null,null,null,null,34.74863052368164,34.748043060302734,34.748077392578125,34.748878479003906,34.74927520751953,34.749202728271484,34.749549865722656,34.7502555847168,34.75090026855469,34.751365661621094,34.75211715698242,34.75301742553711,34.75374984741211,34.75418472290039,34.754661560058594,34.75510025024414,34.75538635253906,34.75546646118164,34.75554656982422,34.755615234375,34.755699157714844,34.75578689575195
34.74311065673828,34.743377685546875,34.74361801147461,34.743797302246094,34.743961334228516,34.74409484863281,34.74436950683594,34.74474334716797,34.745513916015625,34.74654769897461,34.74774932861328,34.748897552490234,34.74995803833008,34.75075149536133,34.75130844116211,34.751548767089844,34.751678466796875,34.751705169677734,34.751766204833984,34.75185775756836,34.751922607421875,null,null,null,null,null,null,null,null,34.75389099121094,34.75335693359375,34.75390625,34.7547607421875,34.7553596496582,34.75560760498047,34.75604248046875,34.75659942626953,34.75714111328125,34.7575569152832,34.75817108154297,34.75886917114258,34.75942611694336,34.75974655151367,34.75999069213867,34.76012420654297,34.7601203918457,34.759979248046875,34.75984573364258,34.759742736816406,34.75961685180664,34.759483337402344
34.7484016418457,34.74837875366211,34.748252868652344,34.748050689697266,34.74781799316406,34.747596740722656,34.7475471496582,34.747676849365234,34.748321533203125,34.749366760253906,34.750614166259766,34.75183868408203,34.752559661865234,34.75270080566406,34.75275802612305,34.75270080566406,34.752662658691406,null,null,null,null,null,null,null,null,null,null,34.762081146240234,34.76042938232422,34.75918197631836,34.759132385253906,34.7599983215332,34.76082229614258,34.76149368286133,34.76188278198242,34.762359619140625,34.76283264160156,34.76333999633789,34.7637825012207,34.76430892944336,34.76482391357422,34.76511001586914,34.7651252746582,34.76500701904297,34.76477813720703,34.764427185058594,34.764015197753906,34.76363754272461,34.763370513916016,34.763126373291016,34.762939453125
34.752960205078125,34.752647399902344,34.75217056274414,34.751590728759766,34.75098419189453,34.75043869018555,34.7501106262207,34.75004196166992,34.75053024291992,34.7514762878418,34.75269317626953,34.75395584106445,34.75456237792969,null,null,null,null,null,null,null,null,null,null,null,null,34.7657356262207,34.7646369934082,34.763057708740234,34.762237548828125,34.76268005371094,34.76371765136719,34.76476287841797,34.7655143737793,34.76618576049805,34.76665496826172,34.76713943481445,34.767555236816406,34.768043518066406,34.768516540527344,34.76896667480469,34.76930618286133,34.769309997558594,34.76896286010742,34.76850128173828,34.76799011230469,34.76736068725586,34.7667121887207,34.76614761352539,34.7657470703125,34.7654914855957,34.76542663574219
34.756534576416016,34.755828857421875,34.75495529174805,34.75410461425781,34.75323486328125,34.752525329589844,34.7520751953125,34.75196838378906,34.752376556396484,34.75322723388672,34.754634857177734,34.756309509277344,34.75722122192383,null,null,null,null,null,null,null,null,null,null,null,null,34.764896392822266,34.7646598815918,34.76417541503906,34.764183044433594,34.76531219482422,34.76687240600586,34.768028259277344,34.768798828125,34.7695198059082,34.77005386352539,34.77055358886719,34.77092742919922,34.7713508605957,34.77176284790039,34.77204132080078,34.77216720581055,34.771827697753906,34.771121978759766,34.7702522277832,34.769412994384766,34.768592834472656,34.76795959472656,34.76739501953125,34.766998291015625,34.766849517822266,34.76696014404297
34.760902404785156,34.759735107421875,34.758480072021484,34.75732421875,34.756256103515625,34.75544738769531,34.75504684448242,34.75510787963867,34.75553894042969,34.75625991821289,34.75768280029297,34.7596435546875,34.75994873046875,null,null,null,null,null,null,null,null,null,null,null,null,34.76383972167969,34.76451110839844,34.76581954956055,34.766971588134766,34.76860809326172,34.77045440673828,34.77180099487305,34.77286148071289,34.77368927001953,34.77414321899414,34.77452850341797,34.774803161621094,34.77503967285156,34.77520751953125,34.77520751953125,34.775028228759766,34.77421951293945,34.77290725708008,34.771583557128906,34.770450592041016,34.76969909667969,34.76942443847656,34.7690544128418,34.76865768432617,34.768524169921875,34.768714904785156
34.764217376708984,34.762874603271484,34.7615966796875,34.760746002197266,34.7601203918457,34.75959014892578,34.75959396362305,34.760101318359375,34.76074981689453,34.76139831542969,34.76229476928711,34.763240814208984,34.762020111083984,34.757904052734375,34.75584030151367,null,null,null,null,null,null,null,null,34.76355743408203,34.7641716003418,34.76447296142578,34.76582336425781,34.768035888671875,34.76988220214844,34.771846771240234,34.77393341064453,34.77548599243164,34.77688980102539,34.777748107910156,34.77791976928711,34.77800750732422,34.77799987792969,34.777889251708984,34.777706146240234,34.77739334106445,34.77701187133789,34.775840759277344,34.774070739746094,34.77265930175781,34.771827697753906,34.771366119384766,34.771385192871094,34.77114486694336,34.77070236206055,34.770484924316406,34.7705078125
null,null,null,34.76274490356445,34.762691497802734,34.76280212402344,34.763389587402344,34.7643928527832,34.76534652709961,34.76609802246094,34.766380310058594,34.76612091064453,34.76397705078125,34.760353088378906,34.75905990600586,34.7606086730957,34.76173782348633,null,null,34.76331329345703,34.7625846862793,34.7612190246582,34.761566162109375,34.76312255859375,34.76448059082031,34.7657470703125,34.767616271972656,34.769779205322266,34.77157974243164,34.77347946166992,34.775550842285156,34.77716064453125,34.77861785888672,34.77939987182617,34.77935791015625,34.779151916503906,34.778804779052734,34.778385162353516,34.777957916259766,34.7774543762207,34.77696228027344,34.775753021240234,34.774051666259766,34.77294921875,34.77267074584961,34.772457122802734,34.7723503112793,34.772098541259766,34.77174377441406,34.771480560302734,34.771358489990234
