earth/public/data/ocean/W07/ANN-ocevel-depthz-3000m-gfs-1.0.json
{"header": {"discipline": 0, "disciplineName": "Meteorological products", "gribEdition": 2, "gribLength": 131138.0, "center": 0, "centerName": "Kiel Climate Model", "subcenter": 0, "refTime": "1", "significanceOfRT": 1, "significanceOfRTName": "Start of forecast", "productStatus": 0, "productStatusName": "Operational products", "productType": 1, "productTypeName": "Forecast products", "productDefinitionTemplate": 0, "productDefinitionTemplateName": "Analysis/forecast at horizontal level/layer at a point in time", "parameterCategory": 2, "parameterCategoryName": "Momentum", "parameterNumber": 2, "parameterNumberName": "V-component_of_wind", "parameterUnit": "m/s", "genProcessType": 2, "genProcessTypeName": "Forecast", "forecastTime": 0, "surface1Type": 103, "surface1TypeName": "Specified height level above ground", "surface1Value": 10, "surface2Type": 255, "surface2TypeName": "Missing", "surface2Value": 0, "gridDefinitionTemplate": 0, "gridDefinitionTemplateName": "Latitude_Longitude", "numberPoints": 65160, "shape": 6, "shapeName": "Earth spherical with radius of 6,371,229.0 m", "gridUnits": "degrees", "resolution": 48, "winds": "true", "scanMode": 0, "nx": 360.0, "ny": 180.0, "basicAngle": 0, "subDivisions": 0, "lo1": 0.0, "la1": -89.5, "lo2": 359.0, "la2": 89.5, "dx": 1.0, "dy": -1.0}, "data":
[rows 84 to 104 of 180, columns 138 to 183 of 360]
null,null,null,null,null,null,null,null,null,null,null,null,null,null,null,0.0007962501258589327,0.0009189153788611293,null,null,null,null,null,null,null,null,null,null,0.00017909549933392555,-0.00042651212424971163,-0.0013323448365554214,-0.002994431648403406,-0.0051453132182359695,-0.005486555863171816,-0.004027686547487974,-0.002282017609104514,-0.000528081611264497,0.000275096099358052,1.1491692930576392e-05,1.8442762666381896e-05,0.00031179364304989576,0.0002961037971545011,-4.366460052551702e-05,-0.0001981990790227428,-0.0001600961695658043,-0.00017500457761343569,-0.00024812144692987204
null,null,null,null,null,null,null,null,null,null,null,null,null,null,null,null,null,null,null,null,null,null,null,null,null,null,null,-0.0007909193518571556,-0.0017100311815738678,-0.002648676512762904,-0.003643534379079938,-0.004550559911876917,-0.004920962732285261,-0.004611576907336712,-0.0031222025863826275,-0.000751471845433116,0.00032198691042140126,-8.943549619289115e-05,-2.4977605789899826e-05,0.00047944558900780976,0.0005049103056080639,6.344400026137009e-05,-0.0001689179625827819,-0.00013795772974845022,-0.00011976168752880767,-0.00010577698412816972
null,null,null,null,null,null,null,null,null,null,null,null,null,null,null,null,null,null,null,null,null,null,null,0.0016111249569803476,0.0016164537519216537,0.0016786117339506745,-0.00013707944890484214,-0.0031166865956038237,-0.003630005521699786,-0.0022687488235533237,-0.0024942548479884863,-0.004184860736131668,-0.00448052491992712,-0.0033980291336774826,-0.0023437512572854757,-0.001474755466915667,-0.0005708287353627384,0.0002276997547596693,0.0005195406847633421,0.00024911071523092687,0.00021667647524736822,0.00043327140156179667,0.0002225484058726579,-0.000391506589949131,-0.0003989632532466203,0.00019857578445225954
null,null,null,null,null,null,null,null,null,null,null,null,null,null,null,-0.000942170328926295,-0.0011251196265220642,null,null,null,null,null,null,-0.005256202537566423,-0.004603473003953695,-0.0008417675271630287,-0.000813461490906775,-0.004495271481573582,-0.004637585021555424,-0.0010458268225193024,-0.0008416111231781542,-0.004108206834644079,-0.0043547796085476875,-0.0014908671146258712,-0.0008994135423563421,-0.002713623223826289,-0.002153516747057438,0.0006578753818757832,0.0011665546335279942,-0.0006899707950651646,-0.0009278825600631535,0.0004932185402140021,0.00043180998181924224,-0.0011083789868280292,-0.0011035492643713951,0.0004327420610934496
null,-0.0014866588171571493,-0.0010896831518039107,-8.779623749433085e-05,0.0007989949081093073,null,null,null,null,null,null,null,null,0.0013802796602249146,-2.2490386982099153e-05,-0.0017964328872039914,-0.0025900451000779867,null,null,null,null,0.0033561440650373697,-0.0033491968642920256,-0.01335116382688284,-0.011825470253825188,-0.0013716627145186067,0.0008439238299615681,-0.005468734540045261,-0.005894283298403025,-0.0004198917595203966,0.00024574235430918634,-0.004026971757411957,-0.004149242304265499,-0.00011574484960874543,0.0003526783548295498,-0.0028724679723381996,-0.002242532093077898,0.0020765787921845913,0.002435520524159074,-0.0012228983687236905,-0.0017669415101408958,0.000917184806894511,0.0012325666612014174,-0.0008858832879923284,-0.0007220486295409501,0.001696142484433949
-0.0012181559577584267,-0.0022963134106248617,-0.0021506668999791145,-0.0010116714984178543,0.00021576625294983387,0.001645613112486899,0.0022018866147845984,0.0013925080420449376,0.0017108916072174907,0.0030828036833554506,0.003497644094750285,0.0028855549171566963,0.0026469684671610594,0.0027621400076895952,0.0009928657673299313,-0.002372268820181489,-0.004216312896460295,null,null,null,null,-0.005002095829695463,-0.008927014656364918,-0.01613955944776535,-0.012505501508712769,0.0014957304811105132,0.0040460373274981976,-0.0052540297619998455,-0.006234762258827686,0.0012622267240658402,0.0025322737637907267,-0.002616788726300001,-0.0027311998419463634,0.0022100338246673346,0.002972304355353117,-0.000548265699762851,0.0004561569367069751,0.005863605532795191,0.005815458483994007,0.00031601637601852417,-0.0005533976946026087,0.0033462694846093655,0.003991350997239351,0.0012920392910018563,0.0013612682232633233,0.004234455991536379
-0.0015861880965530872,-0.0032602164428681135,-0.003912097308784723,-0.0033984400797635317,-0.0019947264809161425,5.053621862316504e-05,0.0006850244826637208,-0.0001920441136462614,0.00017905989079736173,0.0017659544246271253,0.002170115476474166,0.0013427585363388062,0.0017787463730201125,0.003407243872061372,0.0024103138130158186,-0.0011322635691612959,-0.003046918660402298,null,null,null,null,-0.010219893418252468,-0.011115498840808868,-0.012724022381007671,-0.007131976541131735,0.004781513009220362,0.006049534305930138,-0.0035333442501723766,-0.004337587859481573,0.003769925329834223,0.004970861133188009,-0.00090710015501827,-0.0010544396936893463,0.004578399937599897,0.005332754459232092,0.0011026561260223389,0.001822955789975822,0.007412760052829981,0.00734333973377943,0.0015682129887863994,0.0006516238790936768,0.004734900780022144,0.005281269084662199,0.00221824599429965,0.0018961344612762332,0.004336591809988022
-0.0012435907265171409,-0.0028036702424287796,-0.0041810800321400166,-0.00517912395298481,-0.003995807375758886,-0.0008621496963314712,-0.0002738336625043303,-0.0023050052113831043,-0.0022816937416791916,-0.0001812406408134848,0.0002601170854177326,-0.001073934487067163,-0.00045439694076776505,0.002081611892208457,0.002452295506373048,0.0007242360734380782,-0.0016844074707478285,null,null,null,null,-0.007976163178682327,-0.007468263618648052,-0.006003723945468664,-0.0014502460835501552,0.005407629068940878,0.005228657275438309,-0.002035771729424596,-0.0023527289740741253,0.004330093041062355,0.004871425684541464,-0.0008531566709280014,-0.0010042832000181079,0.004402969963848591,0.004801753908395767,8.554178930353373e-05,-5.546250395127572e-05,0.004347723908722401,0.004589655436575413,0.0006789073813706636,6.456107075791806e-05,0.002866602735593915,0.0030689414124935865,0.0005997163243591785,7.104191899998114e-05,0.001564553240314126
0.0001019482733681798,-0.0009744135895743966,-0.0025651734322309494,-0.004394001793116331,-0.0034530977718532085,0.00010954093158943579,0.0003698717337101698,-0.002746019046753645,-0.003176564583554864,-0.0009073333349078894,-0.000462731986772269,-0.0018830402987077832,-0.001638776040636003,0.0001760079467203468,0.0010394768323749304,0.0008053668425418437,-0.0019362976308912039,-0.008141791447997093,-0.01075044646859169,-0.007633901666849852,-0.005690187215805054,-0.0050797173753380775,-0.0034949618857353926,-0.0011285146465525031,0.0012663757661357522,0.0032140924595296383,0.002346943598240614,-0.0011822461383417249,-0.001074636005796492,0.0026816842146217823,0.002653482835739851,-0.0011704553617164493,-0.0011241754982620478,0.002801579190418124,0.0029624036978930235,-0.0006632474833168089,-0.001224216539412737,0.0013589751906692982,0.0017035602359101176,-0.0002499931724742055,-0.0005042966222390532,0.0009896417614072561,0.0009906287305057049,-0.0004915369208902121,-0.000845964765176177,-4.857355179410661e-06
0.001136798644438386,-0.0002827930438797921,-0.0014558793045580387,-0.002189540071412921,-0.0013843538472428918,0.0007745283073745668,0.000551337783690542,-0.0019782984163612127,-0.0024865937884896994,-0.0008585984469391406,-0.000430735235568136,-0.0013092978624626994,-0.0013532220618799329,-0.0005605066544376314,-0.00021609614486806095,-0.00038116471841931343,-0.002143413992598653,-0.00506251584738493,-0.006652554497122765,-0.006667795591056347,-0.005433855578303337,-0.003251635003834963,-0.0008877221262082458,0.0013280428247526288,0.0022200648672878742,0.0015504135517403483,0.0006946348585188389,-0.00020845212566200644,-5.885163773200475e-05,0.001127063762396574,0.0009570483234710991,-0.0005495523218996823,-0.00026766335940919816,0.0017587768379598856,0.0018226775573566556,-8.775254536885768e-05,-0.0005449965829029679,0.0005489146569743752,0.0007323203608393669,-4.591412653098814e-05,-7.444228685926646e-05,0.0006593877333216369,0.0006036022095941007,-0.00023512080952059478,-0.000389811466448009,0.0001726878253975883
0.0014071610057726502,-0.000557458377443254,-0.0011442883405834436,-0.0002253283601021394,0.0003784530854318291,0.0006087439251132309,-0.00010028045653598383,-0.0016511868452653289,-0.0018635239684954286,-0.0007290128851309419,-0.000577735248953104,-0.0013908816035836935,-0.0013800750020891428,-0.0005396211636252701,-0.0004301936714909971,-0.0011278705205768347,-0.0017847876297309995,-0.002227687742561102,-0.0033250448759645224,-0.00486775254830718,-0.004495926667004824,-0.0023081034887582064,-0.0001827462256187573,0.001502049621194601,0.0019789005164057016,0.00116272724699229,0.0005199043080210686,0.00016956559557002038,0.00015424544108100235,0.0004585577407851815,0.0004435222363099456,0.00010252379433950409,0.0003735734208021313,0.0012148687383159995,0.0010722118895500898,-1.925555625348352e-05,-0.00036315611214376986,9.937277354765683e-05,0.00031754892552271485,0.00024854144430719316,0.0003340552211739123,0.0005602751625701785,0.0004128816945012659,-8.025200804695487e-05,-0.0001396187872160226,0.00024965277407318354
0.0012467033229768276,-0.0004068602283950895,-0.0006207072292454541,0.0006612191791646183,0.0013254081131890416,0.0011644058395177126,0.0001875830494100228,-0.0014430714072659612,-0.0016985251568257809,-0.0004529435536824167,-0.0004742394667118788,-0.0018229908309876919,-0.0015650579007342458,0.0002167319180443883,0.00013371977547649294,-0.0017132562352344394,-0.0025789844803512096,-0.002316562458872795,-0.0024303358513861895,-0.0029466128908097744,-0.0027141431346535683,-0.001756603829562664,-0.0005967883625999093,0.000550727010704577,0.0010635948274284601,0.0008532479987479746,0.0005218884907662868,0.0001278533018194139,1.564945159771014e-05,0.0002148273924831301,0.0003741595719475299,0.0004888866096735001,0.000685063365381211,0.0009169434779323637,0.0006280831294134259,-0.0001533095201011747,-0.0004798734444193542,-0.00028641283279284835,1.1538423677848186e-05,0.0003760474210139364,0.0005349474376998842,0.0004551545134745538,0.00026841365615837276,2.4336484329978703e-06,-4.000704939244315e-05,0.00014885870041325688
0.0007192540215328336,0.0007493704906664789,0.0005774526507593691,0.00023498797963839024,0.0011568781919777393,0.0032386344391852617,0.002953260438516736,-0.0003677693603094667,-0.0018875582609325647,-0.0004419350589159876,-0.0008552818326279521,-0.0025177947245538235,-0.00169102824293077,0.0011615088442340493,0.0008231490501202643,-0.0027217823080718517,-0.003895428264513612,-0.002505696378648281,-0.001586260157637298,-0.001243072678335011,-0.0011129179038107395,-0.0012251250445842743,-0.0008940217667259276,-0.0002027054433710873,0.00023879128275439143,0.00035704392939805984,0.0003664383548311889,0.0002617550198920071,0.00014258435112424195,1.989191150642e-05,0.0002443433622829616,0.0007606808212585747,0.0008113068761304021,0.0004070425347890705,5.7073382777161896e-05,-0.00015654737944714725,-0.00033827906008809805,-0.0004804331110790372,-0.0002636098361108452,0.0002732434368226677,0.00048622037866152823,0.00034477905137464404,0.00018378587265033275,3.1981926440494135e-05,-3.442383967922069e-05,-1.3239217651062063e-06
-5.690982288797386e-05,0.0019010222749784589,0.0017930982867255807,-0.00038196079549379647,0.0010320449946448207,0.005723985843360424,0.007256693206727505,null,null,null,null,-0.0031025416683405638,-0.0019148153951391578,0.0008727756212465465,0.0002236910950159654,-0.0036927503533661366,-0.004473102744668722,-0.002035729354247451,-0.0005218057194724679,-0.00019515212625265121,-0.0002534040540922433,-0.0006820744019933045,-0.0007921226788312197,-0.0005803991807624698,-0.00038139568641781807,-0.0002214613341493532,0.00014199057477526367,0.0006486247293651104,0.0006123901112005115,3.493972690193914e-05,0.00020929939637426287,0.0011210943339392543,0.0009146255906671286,-0.00037896502180956304,-0.0008123217266984284,-0.00030966909253038466,-0.0001645753945922479,-0.00039456054219044745,-0.00033441081177443266,-6.47942044906813e-07,0.00021121316240169108,0.0002615725970827043,0.00018500690930522978,-6.3256302382797e-06,-9.244493412552401e-05,-6.177733303047717e-05
9.231157309841365e-05,0.001793907955288887,0.002012582728639245,0.0007033939473330975,0.001498487894423306,0.004448574967682362,0.005469317547976971,null,null,null,null,-0.001963821705430746,-0.0015732684405520558,-0.00029199692653492093,-0.0009387752506881952,-0.0034517471212893724,-0.0035042213276028633,-0.0010156444041058421,0.00021683909290004522,2.1576193830696866e-05,-7.640720286872238e-05,-8.265057113021612e-05,-0.0002605576883070171,-0.0005833458853885531,-0.0007943725795485079,-0.0008531214552931488,-0.00021264493989292532,0.0010162116959691048,0.0011843681568279862,0.0002617751306388527,0.000353562762029469,0.0014335338491946459,0.0009652178268879652,-0.0009748797165229917,-0.001547073945403099,-0.000652322662062943,-0.00017185279284603894,-0.0001837323943618685,-0.00019545968098100275,-0.00020891633175779134,-6.795384251745418e-05,0.00020598973787855357,0.00020283258345443755,-7.171341712819412e-05,-0.00012454854731913656,5.067721212981269e-05
0.0009795137448236346,0.0015765749849379063,0.002165235113352537,0.0026614307425916195,0.002055096672847867,0.0003036218695342541,-0.00053310242947191,-0.00031506080995313823,0.00021576679137069732,0.001127635478042066,0.0007995386258699,-0.00036987921339459717,-0.0007728563505224884,-0.0005747727118432522,-0.0011205427581444383,-0.0022842942271381617,-0.001958501525223255,-0.00020753699936904013,0.0004402613267302513,-0.00018577187438495457,-0.00018655195890460163,0.00045234381104819477,0.00034050620160996914,-0.0004958902136422694,-0.0010656372178345919,-0.0012863315641880035,-0.0005067183519713581,0.0011372582521289587,0.0014744981890544295,0.0004530955047812313,0.0004606142174452543,0.0014944650465622544,0.0009200088679790497,-0.001161097432486713,-0.0017888267757371068,-0.0008503293502144516,-0.00022607974824495614,-2.489240068825893e-05,-3.719755477504805e-05,-0.0002592855307739228,-0.0001906904944917187,0.00015043208259157836,0.00017726936494000256,-0.00011528065078891814,-0.00010411452240077779,0.00021359510719776154
0.0016142143867909908,0.0016305327881127596,0.00191321293823421,0.0024801844265311956,0.0011956910602748394,-0.0017568254843354225,-0.00255964370444417,-0.0011255823774263263,1.8964477931149304e-05,0.0007149921148084104,0.000551984179764986,-0.00042495422530919313,-0.0008001892128959298,-0.0005256019649095833,-0.0006833385559730232,-0.0012768710730597377,-0.0009813533397391438,0.00014893380284775048,0.0004241262504365295,-0.00020223944738972932,-0.00010589875455480069,0.0006951974937692285,0.000640398939140141,-0.00026313288253732026,-0.0009885091567412019,-0.0014014503685757518,-0.0006750328466296196,0.0010725312167778611,0.0014947166200727224,0.0005113020888529718,0.00046075190766714513,0.0013598330551758409,0.000851110031362623,-0.0009856711840257049,-0.0015451478539034724,-0.0007372209220193326,-0.00019996850460302085,-1.3205863069742918e-05,-1.2222330951772165e-05,-0.0001977377978619188,-0.00016027639503590763,9.238430357072502e-05,9.290490561397746e-05,-0.00015504435577895492,-8.308488759212196e-05,0.0002913462230935693
0.0018471668008714914,0.0012902229791507125,0.0007399442256428301,0.00023771755513735116,-0.0007128907018341124,-0.0018560246098786592,-0.0019924670923501253,-0.0010416150325909257,-0.00026077835354954004,0.00013226119335740805,-0.00013447647506836802,-0.0010380229214206338,-0.0011878929799422622,-0.0005373685853555799,-0.00038456846959888935,-0.0007185883005149662,-0.0005181230953894556,0.0001962482783710584,0.0003924878838006407,3.7354220694396645e-05,0.0001380562607664615,0.0006767820450477302,0.0006785211735405028,0.00014186261978466064,-0.000522483722306788,-0.0012093556579202414,-0.0007584994309581816,0.0007528934511356056,0.0011933849891647696,0.0004893394652754068,0.00045809292350895703,0.0010821990435943007,0.0007330855587497354,-0.0005159574211575091,-0.0009542560437694192,-0.0004894817830063403,-0.0001939084759214893,-0.0001323036995017901,-6.214735913090408e-05,-5.23304834132432e-06,3.246457708883099e-05,4.663263462134637e-05,-3.9266746171051636e-05,-0.00020656130800489336,-7.90417761891149e-05,0.0003232977178413421
0.002266890835016966,0.0015486220363527536,0.00042350401054136455,-0.0009145586518570781,-0.001896561007015407,-0.002376872580498457,-0.0020924373529851437,-0.0010919799096882343,-0.0003412823425605893,4.988182263332419e-05,-0.00020825635874643922,-0.0010587004944682121,-0.0010688682086765766,-0.00023627384507562965,5.684411007678136e-05,-0.00024934319662861526,-0.00021375501819420606,0.00014181906590238214,0.00024837697856128216,8.053462079260498e-05,0.00018340902170166373,0.0005382326198741794,0.0006013268139213324,0.00036511645885184407,-0.00016943605442065746,-0.0008919041720218956,-0.0007376507273875177,0.000246632524067536,0.0006770342006348073,0.00047230604104697704,0.0005621241871267557,0.0009457095293328166,0.0007130207377485931,-9.070066153071821e-05,-0.0004634275392163545,-0.0003384048759471625,-0.00023599168343935162,-0.00018164835637435317,-2.5523806925775716e-06,0.0002783123345579952,0.00030506475013680756,7.12659748387523e-05,-0.00011449181329226121,-0.0002252535632578656,-5.621541276923381e-05,0.00036305072717368603
0.001886940561234951,0.0012738897930830717,0.0001029440390993841,-0.0014167161425575614,-0.002331736497581005,-0.00251881405711174,-0.0022057192400097847,-0.001450730487704277,-0.0005759999621659517,0.00026735462597571313,0.0001271150540560484,-0.000979021773673594,-0.0010816545691341162,-0.00014747603563591838,0.00018502101011108607,-0.00015711868763901293,-0.0002256541483802721,-7.66706853028154e-06,4.284984970581718e-05,-8.080717088887468e-05,4.546528361970559e-05,0.00039510030183009803,0.0005070526385679841,0.00035746119101531804,3.5249115171609446e-05,-0.0004199371614959091,-0.00036813929909840226,0.00017810275312513113,0.00046403674059547484,0.000456570356618613,0.0005516865057870746,0.0007468400872312486,0.0004798350855708122,-0.00019264830916654319,-0.0005864428821951151,-0.0006277710199356079,-0.0005437744548544288,-0.00035377469612285495,-3.100288085988723e-05,0.0003536651493050158,0.0003997601743321866,9.439569112146273e-05,-0.0001281990116694942,-0.00022878992604091763,-0.00011030091991415247,0.00021454582747537643
0.0007416569860652089,0.00017196750559378415,-0.0009580704499967396,-0.002439276548102498,-0.002880589570850134,-0.0021587067749351263,-0.001830740482546389,-0.0019549692515283823,-0.0011674028355628252,0.0003808409965131432,0.0003264157858211547,-0.0013129815924912691,-0.0015767280710861087,-0.0004315163823775947,3.84940613002982e-05,-0.00023965202854014933,-0.0003132181300316006,-0.00016928596596699208,-0.00014606134209316224,-0.00025024806382134557,-8.428440924035385e-05,0.0003252626920584589,0.00047578217345289886,0.0003434130339883268,0.00022951446590013802,0.00017373291484545916,0.00025987462140619755,0.0004753996036015451,0.000553481571841985,0.0004610281903296709,0.00039390791789628565,0.0003495757409837097,-6.902494988025865e-06,-0.0006188465049490333,-0.0010366053320467472,-0.0011864013504236937,-0.0010578606743365526,-0.0006703048129566014,-0.00021344191918615252,0.00024185208894778043,0.0003375080705154687,6.063957334845327e-05,-0.00014833995373919606,-0.00025019649183377624,-0.0002287413226440549,-9.66966399573721e-05
