earth/public/data/ocean/W07/ANN-vosaline-depthz-0m-gfs-1.0.json
{"header": {"discipline": 0, "disciplineName": "Meteorological products", "gribEdition": 2, "gribLength": 131138.0, "center": 0, "centerName": "Kiel Climate Model", "subcenter": 0, "refTime": "1", "significanceOfRT": 1, "significanceOfRTName": "Start of forecast", "productStatus": 0, "productStatusName": "Operational products", "productType": 1, "productTypeName": "Forecast products", "productDefinitionTemplate": 0, "productDefinitionTemplateName": "Analysis/forecast at horizontal level/layer at a point in time", "parameterCategory": 2, "parameterCategoryName": "Momentum", "parameterNumber": 2, "parameterNumberName": "U-component_of_wind", "parameterUnit": "PSU", "genProcessType": 2, "genProcessTypeName": "Forecast", "forecastTime": 0, "surface1Type": 103, "surface1TypeName": "Specified height level above ground", "surface1Value": 10, "surface2Type": 255, "surface2TypeName": "Missing", "surface2Value": 0, "gridDefinitionTemplate": 0, "gridDefinitionTemplateName": "Latitude_Longitude", "numberPoints": 65160, "shape": 6, "shapeName": "Earth spherical with radius of 6,371,229.0 m", "gridUnits": "degrees", "resolution": 48, "winds": "true", "scanMode": 0, "nx": 360.0, "ny": 180.0, "basicAngle": 0, "subDivisions": 0, "lo1": 0.0, "la1": -89.5, "lo2": 359.0, "la2": 89.5, "dx": 1.0, "dy": -1.0}, "data":
[rows 21 to 41 of 180, columns 96 to 143 of 360]
null,null,null,null,null,null,null,null,null,null,null,null,null,null,null,null,null,null,null,null,null,null,null,null,null,null,null,null,null,null,null,null,null,null,null,null,null,null,null,null,null,null,null,null,null,null,null,null
null,null,null,null,null,null,null,null,null,null,null,null,null,null,null,null,null,null,null,null,null,null,null,null,null,null,null,null,null,null,null,null,null,null,null,null,null,null,null,null,null,null,null,null,null,null,null,null
null,null,null,null,null,null,null,33.51716232299805,33.54673767089844,33.610984802246094,33.648193359375,33.65386962890625,33.65319061279297,33.64556121826172,33.636714935302734,33.6270751953125,33.618431091308594,33.611141204833984,33.60406494140625,33.59728240966797,33.59016418457031,33.582801818847656,33.575172424316406,33.56756591796875,33.558753967285156,33.54941177368164,33.54001235961914,33.53156280517578,33.5250244140625,33.52126693725586,33.51811981201172,33.51616287231445,33.514137268066406,33.51252746582031,33.5106315612793,33.50896453857422,33.50851821899414,33.50968551635742,33.5091667175293,33.507415771484375,33.49983215332031,33.48773956298828,33.47980880737305,33.469024658203125,33.49911117553711,33.554080963134766,33.59823226928711,33.629432678222656
null,null,null,null,null,null,null,33.42911148071289,33.47658920288086,33.576072692871094,33.6349983215332,33.646629333496094,33.64872360229492,33.6403923034668,33.63024139404297,33.618896484375,33.60904312133789,33.60122299194336,33.59372329711914,33.58666229248047,33.5791015625,33.57117462158203,33.562843322753906,33.55454635620117,33.54444122314453,33.533546447753906,33.522560119628906,33.513004302978516,33.506309509277344,33.5037841796875,33.50217819213867,33.502357482910156,33.50243377685547,33.503135681152344,33.5034065246582,33.50402069091797,33.506465911865234,33.511329650878906,33.51366424560547,33.51415252685547,33.50589370727539,33.490867614746094,33.482086181640625,33.482521057128906,33.497161865234375,33.52442932128906,33.54610061645508,33.55757522583008
null,null,null,null,null,null,null,33.580589294433594,33.61530685424805,33.69001770019531,33.73781204223633,33.751033782958984,33.75633239746094,33.75302505493164,33.747982025146484,33.742103576660156,33.737735748291016,33.735660552978516,33.73435974121094,33.734107971191406,33.73355484008789,33.732723236083984,33.730857849121094,33.72804641723633,33.722591400146484,33.715057373046875,33.706295013427734,33.69736099243164,33.68958282470703,33.6839599609375,33.67827606201172,33.67336654663086,33.66792678833008,33.662864685058594,33.65705108642578,33.65146255493164,33.64705276489258,33.644554138183594,33.639366149902344,33.63236999511719,33.6174201965332,33.5970573425293,33.57924270629883,33.56684875488281,33.55574417114258,33.54745864868164,33.53548049926758,33.522186279296875
33.80193328857422,33.7891960144043,33.782264709472656,33.78277587890625,33.782501220703125,33.78284454345703,33.79391098022461,33.81491470336914,33.84702682495117,33.883792877197266,33.91050720214844,33.92148208618164,33.92808532714844,33.92939376831055,33.92977523803711,33.929622650146484,33.93090057373047,33.93388748168945,33.938446044921875,33.94435119628906,33.950775146484375,33.957313537597656,33.96274948120117,33.96685028076172,33.96826934814453,33.96731948852539,33.96418762207031,33.95975112915039,33.954124450683594,33.94821548461914,33.940860748291016,33.93287658691406,33.92378234863281,33.914527893066406,33.904239654541016,33.894081115722656,33.88375473022461,33.87443161010742,33.86221694946289,33.8486213684082,33.82841491699219,33.804656982421875,33.77733612060547,33.75065994262695,33.719905853271484,33.689552307128906,33.6541862487793,33.61901092529297
33.947418212890625,33.94197082519531,33.943294525146484,33.95127868652344,33.963478088378906,33.97801208496094,33.993839263916016,34.008262634277344,34.023128509521484,34.03545379638672,34.04530715942383,34.050594329833984,34.05426788330078,34.055564880371094,34.05669021606445,34.05738067626953,34.05919647216797,34.06173324584961,34.06584930419922,34.07072067260742,34.07676696777344,34.082828521728516,34.08895492553711,34.09402847290039,34.098201751708984,34.10081100463867,34.102325439453125,34.102657318115234,34.101680755615234,34.09980392456055,34.096248626708984,34.09189224243164,34.0860481262207,34.079978942871094,34.072505950927734,34.06514358520508,34.05648422241211,34.04819107055664,34.037254333496094,34.025638580322266,34.0091667175293,33.99066162109375,33.96705627441406,33.942283630371094,33.91108322143555,33.878570556640625,33.83686447143555,33.79280471801758
34.026756286621094,34.028072357177734,34.03349304199219,34.042057037353516,34.05381393432617,34.06665802001953,34.07788848876953,34.08535385131836,34.092071533203125,34.09651184082031,34.099998474121094,34.10163116455078,34.102664947509766,34.10274887084961,34.10274124145508,34.10255813598633,34.10283279418945,34.10344696044922,34.10466766357422,34.10618209838867,34.10829162597656,34.110504150390625,34.11306381225586,34.11540985107422,34.11782455444336,34.11983108520508,34.12180709838867,34.1234245300293,34.12479019165039,34.125736236572266,34.12602233886719,34.125728607177734,34.12458419799805,34.122947692871094,34.12024688720703,34.11711120605469,34.112884521484375,34.10846710205078,34.102561950683594,34.09641647338867,34.08761978149414,34.078067779541016,34.06496047973633,34.0510139465332,34.0317268371582,34.01079177856445,33.980384826660156,33.945831298828125
34.0414924621582,34.047515869140625,34.05525588989258,34.06340789794922,34.0728759765625,34.08183670043945,34.08956527709961,34.094482421875,34.09882354736328,34.101707458496094,34.10393524169922,34.10506820678711,34.10581588745117,34.106048583984375,34.106101989746094,34.10599899291992,34.10588073730469,34.10578536987305,34.105682373046875,34.10557174682617,34.10558319091797,34.10567855834961,34.10598373413086,34.106414794921875,34.10706329345703,34.10779571533203,34.108787536621094,34.1098518371582,34.111061096191406,34.112213134765625,34.11323928833008,34.113983154296875,34.11430740356445,34.114192962646484,34.113365173339844,34.11201477050781,34.1099739074707,34.10765075683594,34.1047248840332,34.10176086425781,34.097930908203125,34.09401321411133,34.0887451171875,34.083290100097656,34.07524871826172,34.06644058227539,34.05167770385742,34.03407669067383
34.029659271240234,34.037357330322266,34.04587936401367,34.0537223815918,34.06195068359375,34.06906509399414,34.07575225830078,34.08081817626953,34.08544158935547,34.088844299316406,34.091617584228516,34.09330368041992,34.09455871582031,34.095184326171875,34.095481872558594,34.09541702270508,34.095069885253906,34.09451675415039,34.09370422363281,34.09278869628906,34.09172058105469,34.0906982421875,34.089725494384766,34.08897399902344,34.08837127685547,34.08802032470703,34.08790588378906,34.08803939819336,34.088417053222656,34.08896255493164,34.08957290649414,34.09012985229492,34.090492248535156,34.0905876159668,34.090274810791016,34.0896110534668,34.08853530883789,34.087249755859375,34.08562469482422,34.0839729309082,34.08202362060547,34.080162048339844,34.077972412109375,34.07590103149414,34.073219299316406,34.070518493652344,34.06620788574219,34.061344146728516
34.02968978881836,34.036190032958984,34.043296813964844,34.04987716674805,34.056705474853516,34.06269454956055,34.06850051879883,34.07319641113281,34.07746887207031,34.080631256103516,34.083255767822266,34.08491516113281,34.086143493652344,34.08673858642578,34.08690643310547,34.086612701416016,34.08589553833008,34.084861755371094,34.08345413208008,34.081905364990234,34.080055236816406,34.078208923339844,34.07630157470703,34.07465362548828,34.073055267333984,34.071781158447266,34.07067108154297,34.069923400878906,34.069435119628906,34.069297790527344,34.06929397583008,34.069427490234375,34.069522857666016,34.06956100463867,34.069427490234375,34.06916046142578,34.06865692138672,34.068023681640625,34.06714630126953,34.06620788574219,34.06508255004883,34.06399917602539,34.06272506713867,34.06153106689453,34.060302734375,34.0593147277832,34.05881118774414,34.05900573730469
34.05195617675781,34.054908752441406,34.058345794677734,34.061683654785156,34.06535339355469,34.0687141418457,34.07200241088867,34.07465362548828,34.077030181884766,34.07871627807617,34.08015060424805,34.081085205078125,34.08179473876953,34.0821533203125,34.0821647644043,34.08181381225586,34.081024169921875,34.07990646362305,34.07837677001953,34.07667541503906,34.07457733154297,34.072418212890625,34.070091247558594,34.06797409057617,34.06581115722656,34.0639533996582,34.06218338012695,34.060791015625,34.05963897705078,34.05891418457031,34.058349609375,34.05803680419922,34.05778121948242,34.0576286315918,34.05742645263672,34.057228088378906,34.0568733215332,34.05644226074219,34.05577850341797,34.055030822753906,34.05405807495117,34.05305480957031,34.05179214477539,34.05052185058594,34.04932403564453,34.04843521118164,34.04833221435547,34.049076080322266
34.076847076416016,34.07625961303711,34.07608413696289,34.076133728027344,34.07660675048828,34.07722473144531,34.07791519165039,34.07839584350586,34.07881546020508,34.07898712158203,34.07920455932617,34.07936477661133,34.079559326171875,34.07972717285156,34.0797004699707,34.07948684692383,34.07889175415039,34.078041076660156,34.07678985595703,34.07538604736328,34.07351303100586,34.071533203125,34.06927490234375,34.06716537475586,34.06489562988281,34.062889099121094,34.06087112426758,34.059207916259766,34.057708740234375,34.056640625,34.05570983886719,34.05506896972656,34.054508209228516,34.054115295410156,34.05370330810547,34.05333709716797,34.05284881591797,34.05230712890625,34.051536560058594,34.0506591796875,34.049503326416016,34.04826354980469,34.04670333862305,34.04508590698242,34.043521881103516,34.04227066040039,34.04161071777344,34.0416145324707
34.09046173095703,34.08837127685547,34.086368560791016,34.084869384765625,34.08354568481445,34.08271789550781,34.08180236816406,34.08104705810547,34.0801887512207,34.0794563293457,34.078826904296875,34.078468322753906,34.07826232910156,34.078277587890625,34.078250885009766,34.078182220458984,34.07788848876953,34.07740020751953,34.076637268066406,34.07570266723633,34.074363708496094,34.07280731201172,34.070980072021484,34.06916427612305,34.06716537475586,34.065311431884766,34.06340789794922,34.06178665161133,34.06028747558594,34.05917739868164,34.05817413330078,34.05745315551758,34.0567741394043,34.05626678466797,34.055694580078125,34.0551643371582,34.054481506347656,34.05378341674805,34.05280303955078,34.05173110961914,34.05031204223633,34.04882049560547,34.04695510864258,34.045074462890625,34.04316329956055,34.041595458984375,34.040435791015625,34.03992462158203
34.09856414794922,34.09625244140625,34.09381866455078,34.09162139892578,34.08943557739258,34.08758544921875,34.08557891845703,34.083717346191406,34.081817626953125,34.0801887512207,34.07877731323242,34.07781219482422,34.077171325683594,34.07695770263672,34.07691955566406,34.07706069946289,34.07719039916992,34.0772819519043,34.0772705078125,34.07716369628906,34.07672119140625,34.07602310180664,34.075050354003906,34.07396697998047,34.07265853881836,34.07134246826172,34.069969177246094,34.068756103515625,34.06767654418945,34.066890716552734,34.06620407104492,34.065711975097656,34.06521987915039,34.06479263305664,34.06422424316406,34.063594818115234,34.06278610229492,34.06193542480469,34.060787200927734,34.05952835083008,34.057918548583984,34.05622863769531,34.0542106628418,34.05219650268555,34.05012130737305,34.04832077026367,34.046897888183594,34.04607391357422
34.10380172729492,34.102020263671875,34.099788665771484,34.097511291503906,34.09492492675781,34.09248733520508,34.08966827392578,34.08695602416992,34.08418273925781,34.08182144165039,34.079734802246094,34.078277587890625,34.07728958129883,34.07693099975586,34.07699966430664,34.077476501464844,34.07819747924805,34.07902526855469,34.07999801635742,34.0809440612793,34.08173370361328,34.082218170166016,34.082496643066406,34.082523345947266,34.082313537597656,34.0819091796875,34.08145523071289,34.08103561401367,34.08074951171875,34.08064651489258,34.080631256103516,34.08070755004883,34.08070373535156,34.08061981201172,34.08026885986328,34.079708099365234,34.07895278930664,34.07813262939453,34.07708740234375,34.075984954833984,34.07463455200195,34.073238372802734,34.0716438293457,34.07008743286133,34.06840133666992,34.06684112548828,34.06550598144531,34.06461715698242
34.107303619384766,34.106075286865234,34.10426712036133,34.10226058959961,34.09979248046875,34.09733963012695,34.09437942504883,34.09145736694336,34.0885009765625,34.086036682128906,34.08390808105469,34.08247375488281,34.081634521484375,34.08150863647461,34.08198928833008,34.082969665527344,34.08433151245117,34.0858268737793,34.08765411376953,34.08949279785156,34.091331481933594,34.092857360839844,34.09425735473633,34.095306396484375,34.09611511230469,34.09656524658203,34.097015380859375,34.097415924072266,34.097991943359375,34.09865188598633,34.09945297241211,34.100250244140625,34.10092544555664,34.10134506225586,34.10143280029297,34.10116195678711,34.10076904296875,34.10031509399414,34.09990310668945,34.09959030151367,34.09927749633789,34.0989990234375,34.09874725341797,34.098548889160156,34.098052978515625,34.09734344482422,34.09654235839844,34.09579849243164
34.11818313598633,34.116302490234375,34.113990783691406,34.11171340942383,34.109107971191406,34.106658935546875,34.103824615478516,34.10110092163086,34.09853744506836,34.09657287597656,34.09507751464844,34.094295501708984,34.09422302246094,34.09484100341797,34.09611129760742,34.09778594970703,34.09980392456055,34.101802825927734,34.104190826416016,34.10654830932617,34.10898971557617,34.1110954284668,34.11311721801758,34.114715576171875,34.116031646728516,34.116851806640625,34.117759704589844,34.118614196777344,34.119773864746094,34.12104797363281,34.12256622314453,34.124061584472656,34.125389099121094,34.12630844116211,34.126869201660156,34.126976013183594,34.12705612182617,34.127105712890625,34.127532958984375,34.12828063964844,34.1292839050293,34.130401611328125,34.13174057006836,34.133113861083984,34.13398361206055,34.13423156738281,34.134063720703125,34.13351058959961
34.13146209716797,34.12834548950195,34.1251106262207,34.122283935546875,34.11939239501953,34.116943359375,34.11430358886719,34.11196517944336,34.10996627807617,34.10871505737305,34.10802459716797,34.10808181762695,34.10887145996094,34.11030960083008,34.1123161315918,34.11457443237305,34.117042541503906,34.11928939819336,34.12189865112305,34.12440490722656,34.127017974853516,34.12926483154297,34.131439208984375,34.133140563964844,34.13451385498047,34.13529586791992,34.13624572753906,34.137184143066406,34.13859176635742,34.140220642089844,34.14219665527344,34.144187927246094,34.14596176147461,34.147220611572266,34.14811325073242,34.14849090576172,34.14889144897461,34.149253845214844,34.15023422241211,34.15167236328125,34.15352249145508,34.15549087524414,34.157798767089844,34.16006851196289,34.161766052246094,34.162620544433594,34.162906646728516,34.16259765625
34.144866943359375,34.14073944091797,34.1367301940918,34.13361358642578,34.13065719604492,34.128395080566406,34.12615966796875,34.12431716918945,34.1230354309082,34.12248229980469,34.122657775878906,34.12345504760742,34.125091552734375,34.127201080322266,34.129844665527344,34.13249206542969,34.13520812988281,34.137481689453125,34.1400146484375,34.142372131347656,34.14476776123047,34.14680862426758,34.148738861083984,34.150238037109375,34.151371002197266,34.15195846557617,34.15279006958008,34.15372848510742,34.15530014038086,34.15719985961914,34.15951919555664,34.16181182861328,34.16382598876953,34.16518020629883,34.16608428955078,34.166385650634766,34.16666030883789,34.16688919067383,34.16777038574219,34.16918182373047,34.17103958129883,34.17304992675781,34.175479888916016,34.177913665771484,34.17988586425781,34.18103790283203,34.181739807128906,34.181827545166016
34.16917037963867,34.16409683227539,34.15970993041992,34.156734466552734,34.15422821044922,34.1525993347168,34.151241302490234,34.1503791809082,34.15024948120117,34.150875091552734,34.15227127075195,34.15419006347656,34.15690994262695,34.15995788574219,34.16331481933594,34.1663932800293,34.16924285888672,34.17136001586914,34.17357635498047,34.17548370361328,34.17736053466797,34.17885208129883,34.18022537231445,34.18122863769531,34.18192672729492,34.18218994140625,34.182861328125,34.18381881713867,34.18555450439453,34.187782287597656,34.19032287597656,34.192771911621094,34.19468688964844,34.19576644897461,34.19613265991211,34.19575500488281,34.195228576660156,34.19468307495117,34.19464874267578,34.19517517089844,34.196189880371094,34.197540283203125,34.19954299926758,34.201847076416016,34.20436477661133,34.20657730102539,34.208892822265625,34.21074295043945
