earth/public/data/ocean/W07/ANN-votemper-depthz-500m-gfs-1.0.json
{"header": {"discipline": 0, "disciplineName": "Meteorological products", "gribEdition": 2, "gribLength": 131138.0, "center": 0, "centerName": "Kiel Climate Model", "subcenter": 0, "refTime": "1", "significanceOfRT": 1, "significanceOfRTName": "Start of forecast", "productStatus": 0, "productStatusName": "Operational products", "productType": 1, "productTypeName": "Forecast products", "productDefinitionTemplate": 0, "productDefinitionTemplateName": "Analysis/forecast at horizontal level/layer at a point in time", "parameterCategory": 2, "parameterCategoryName": "Momentum", "parameterNumber": 2, "parameterNumberName": "U-component_of_wind", "parameterUnit": "C", "genProcessType": 2, "genProcessTypeName": "Forecast", "forecastTime": 0, "surface1Type": 103, "surface1TypeName": "Specified height level above ground", "surface1Value": 10, "surface2Type": 255, "surface2TypeName": "Missing", "surface2Value": 0, "gridDefinitionTemplate": 0, "gridDefinitionTemplateName": "Latitude_Longitude", "numberPoints": 65160, "shape": 6, "shapeName": "Earth spherical with radius of 6,371,229.0 m", "gridUnits": "degrees", "resolution": 48, "winds": "true", "scanMode": 0, "nx": 360.0, "ny": 180.0, "basicAngle": 0, "subDivisions": 0, "lo1": 0.0, "la1": -89.5, "lo2": 359.0, "la2": 89.5, "dx": 1.0, "dy": -1.0}, "data":
[rows 66 to 87 of 180, columns 0 to 48 of 360]
6.410520076751709,6.342069625854492,6.285072326660156,6.2240400314331055,6.171403884887695,6.122489929199219,6.087679386138916,6.065671920776367,6.062184810638428,6.096297740936279,6.163946151733398,6.265089988708496,6.382401943206787,6.495184898376465,null,null,null,null,null,null,null,null,null,null,null,null,null,null,null,null,null,null,null,null,null,null,9.470183372497559,9.728964805603027,10.19570541381836,10.542060852050781,10.705010414123535,10.803466796875,10.821900367736816,10.830333709716797,null,null,null,null,11.843026161193848
6.325327396392822,6.273934841156006,6.230911731719971,6.186448574066162,6.147451877593994,6.116384506225586,6.097679138183594,6.0971999168396,6.113488674163818,6.17422342300415,6.26646614074707,6.3743896484375,6.47840690612793,6.534398078918457,null,null,null,null,null,null,null,null,null,null,null,null,null,null,null,null,null,null,null,null,null,null,9.470632553100586,9.721651077270508,10.175443649291992,10.496576309204102,10.630436897277832,10.708237648010254,10.721331596374512,10.728083610534668,null,null,null,null,11.818878173828125
6.290359020233154,6.2587690353393555,6.233120918273926,6.207540988922119,6.186957359313965,6.174996376037598,6.174180507659912,6.197410583496094,6.240991592407227,6.326302528381348,6.439164161682129,6.601894855499268,6.7765116691589355,6.874589920043945,null,null,null,null,null,null,null,null,null,null,null,null,null,null,null,null,null,null,null,null,null,null,9.619196891784668,9.91573715209961,10.352737426757812,10.562992095947266,10.598245620727539,10.618547439575195,10.614252090454102,10.630816459655762,null,null,null,null,null
6.281737804412842,6.2685651779174805,6.258396148681641,6.250483989715576,6.247167110443115,6.252786159515381,6.26718807220459,6.31180477142334,6.379541397094727,6.483567714691162,6.605533599853516,6.860017776489258,7.209112644195557,7.400293827056885,null,null,null,null,null,null,null,null,null,null,null,null,null,null,null,null,null,null,null,null,null,null,null,null,10.45994758605957,10.509264945983887,10.470974922180176,10.459982872009277,10.478744506835938,10.552085876464844,10.701919555664062,10.803238868713379,null,null,null
6.3170857429504395,6.3136796951293945,6.310769081115723,6.312202453613281,6.317203998565674,6.3310394287109375,6.350816249847412,6.400723457336426,6.471901893615723,6.566862106323242,6.670275688171387,6.917194366455078,7.355770587921143,null,null,null,null,null,null,null,null,null,null,null,null,null,null,null,null,null,null,null,null,null,null,null,null,null,10.331879615783691,10.293719291687012,10.228968620300293,10.227957725524902,10.289812088012695,10.460222244262695,10.70020580291748,10.835027694702148,null,null,null
6.366664409637451,6.369325637817383,6.371874809265137,6.3789825439453125,6.389873027801514,6.407845973968506,6.430009365081787,6.477545261383057,6.541594505310059,6.615241050720215,6.683157444000244,6.803906440734863,null,null,null,null,null,null,null,null,null,null,null,null,null,null,null,null,null,null,null,null,null,null,null,null,null,null,10.075695991516113,10.031302452087402,9.945954322814941,9.956567764282227,10.062271118164062,10.320673942565918,10.692794799804688,10.894630432128906,null,null,null
6.42839241027832,6.435846328735352,6.441984176635742,6.452968120574951,6.466729640960693,6.486135959625244,6.507817268371582,6.54803466796875,6.600368499755859,6.650058269500732,6.689762115478516,6.711188316345215,null,null,null,null,null,null,null,null,null,null,null,null,null,null,null,null,null,null,null,null,null,null,null,null,null,null,9.939064979553223,9.887229919433594,9.790040016174316,9.814732551574707,9.927568435668945,10.185296058654785,10.570650100708008,10.782100677490234,null,null,null
6.491446018218994,6.500820636749268,6.508677005767822,6.52044677734375,6.534061431884766,6.551718711853027,6.57004976272583,6.600440502166748,6.636473178863525,6.667548179626465,6.686324119567871,6.697062015533447,null,null,null,null,null,null,null,null,null,null,null,null,null,null,null,null,null,null,null,null,null,null,null,null,null,null,null,null,null,null,9.904497146606445,10.077500343322754,10.357183456420898,10.511502265930176,null,null,null
6.5615949630737305,6.571043491363525,6.578774452209473,6.589101791381836,6.600437641143799,6.61382532119751,6.627318859100342,6.646358966827393,6.66831111907959,6.683314323425293,6.689384937286377,6.6923627853393555,null,null,null,null,null,null,null,null,null,null,null,null,null,null,null,null,null,null,null,null,null,null,null,null,null,null,null,null,null,null,9.94875717163086,10.076022148132324,10.305598258972168,10.460536003112793,null,null,null
6.626107215881348,6.633759021759033,6.63952112197876,6.646658420562744,6.653582572937012,6.661602973937988,6.6687726974487305,6.678720951080322,6.68881368637085,6.695645809173584,6.697232723236084,6.696620941162109,6.6927924156188965,null,null,null,null,null,null,null,null,null,null,null,null,null,null,null,null,null,null,null,null,null,null,null,null,null,null,null,null,null,10.057415962219238,10.185686111450195,10.420719146728516,10.5947847366333,10.69467544555664,10.765220642089844,null
6.691121578216553,6.695352077484131,6.6981520652771,6.7006731033325195,6.702866077423096,6.704617500305176,6.706071376800537,6.707265853881836,6.708484172821045,6.708070755004883,6.706454753875732,6.702086448669434,6.695929050445557,6.692464828491211,null,null,null,null,null,null,null,null,null,null,null,null,null,null,null,null,null,null,null,null,null,null,null,null,null,null,null,null,10.134893417358398,10.259634971618652,10.486865997314453,10.638020515441895,10.688501358032227,10.713747024536133,null
6.763602256774902,6.761801719665527,6.759013652801514,6.755169868469238,6.75084114074707,6.746062755584717,6.741462230682373,6.736186504364014,6.730842113494873,6.72569465637207,6.721450328826904,6.714278697967529,6.705456733703613,6.700579643249512,null,null,null,null,null,null,null,null,null,null,null,null,null,null,null,null,null,null,null,null,null,null,null,null,null,null,null,null,10.140263557434082,10.23501205444336,10.410487174987793,10.500214576721191,10.48949146270752,10.483112335205078,10.487600326538086
6.827528953552246,6.8198418617248535,6.811810493469238,6.80216121673584,6.792366981506348,6.782124996185303,6.773077964782715,6.762882232666016,6.7532453536987305,6.7443742752075195,6.737756729125977,6.727896213531494,6.716442584991455,6.710245609283447,null,null,null,null,null,null,null,null,null,null,null,null,null,null,null,null,null,null,null,null,null,null,null,null,null,null,null,null,10.101212501525879,10.160168647766113,10.263726234436035,10.284932136535645,10.215435028076172,10.201529502868652,10.243626594543457
6.857406139373779,6.846614837646484,6.836354732513428,6.824315071105957,6.8127641677856445,6.800946235656738,6.7910284996032715,6.779882907867432,6.769533634185791,6.759376049041748,6.751326560974121,6.73917293548584,6.725329875946045,null,null,null,null,null,null,null,null,null,null,null,null,null,null,null,null,null,null,null,null,null,null,null,null,null,null,null,null,null,9.971285820007324,10.006058692932129,10.047796249389648,10.019368171691895,9.928963661193848,9.889315605163574,9.90941333770752
6.885144233703613,6.872642993927002,6.861282825469971,6.848601341247559,6.836787700653076,6.825059413909912,6.815483570098877,6.804678916931152,6.794566631317139,6.783237457275391,6.772744178771973,6.756501197814941,6.737536430358887,null,null,null,null,null,null,null,null,null,null,null,null,null,null,null,null,null,null,null,null,null,null,null,null,null,null,null,9.756528854370117,9.745543479919434,9.729445457458496,9.707162857055664,9.675741195678711,9.613768577575684,9.529534339904785,9.476263046264648,9.460951805114746
6.910727500915527,6.897116661071777,6.885340690612793,6.872529983520508,6.861050128936768,6.849696636199951,6.840579032897949,6.830301284790039,6.820777416229248,6.808311939239502,6.795108795166016,6.774448394775391,6.749809265136719,null,null,null,null,null,null,null,null,null,null,null,null,null,null,null,null,null,null,null,null,null,null,null,null,null,null,null,9.684419631958008,9.62291431427002,9.507403373718262,9.399338722229004,9.314970970153809,9.232558250427246,9.167041778564453,9.111982345581055,9.078299522399902
6.92746639251709,6.913915634155273,6.902362823486328,6.890088081359863,6.879278659820557,6.86836051940918,6.8592987060546875,6.849460124969482,6.840612888336182,6.827991962432861,6.813852787017822,6.815853118896484,6.829916954040527,null,null,null,null,null,null,null,null,null,null,null,null,null,null,null,null,null,null,null,null,null,null,null,null,null,null,null,9.601661682128906,9.514514923095703,9.358322143554688,9.219354629516602,9.124164581298828,9.048677444458008,9.005526542663574,8.968094825744629,8.941425323486328
6.952260971069336,6.938899517059326,6.927516460418701,6.9157257080078125,6.905716896057129,6.894870758056641,6.8852033615112305,6.875164985656738,6.866666316986084,6.854154109954834,6.839989185333252,6.862232208251953,6.938127517700195,null,null,null,null,null,null,null,null,null,null,null,null,null,null,null,null,null,null,null,null,null,null,null,null,null,null,null,9.522529602050781,9.42031478881836,9.232810020446777,9.079224586486816,8.986268043518066,8.928491592407227,8.916632652282715,8.908270835876465,8.905224800109863
6.985795021057129,6.972251892089844,6.960575103759766,6.948803901672363,6.939116477966309,6.927839756011963,6.917048454284668,6.905843257904053,6.896286964416504,6.882660388946533,null,null,null,null,null,null,null,null,null,null,null,null,null,null,null,null,null,null,null,null,null,null,null,null,null,null,null,null,null,null,null,9.360156059265137,9.156356811523438,8.995762825012207,8.907157897949219,8.867423057556152,8.88443660736084,8.907971382141113,8.934584617614746
7.022406101226807,7.007795810699463,6.995206356048584,6.982516765594482,6.972066402435303,6.959965229034424,6.948389053344727,6.93598747253418,6.924893856048584,6.912196159362793,null,null,null,null,null,null,null,null,null,null,null,null,null,null,null,null,null,null,null,null,null,null,null,null,null,null,null,null,null,null,null,9.34921932220459,9.170052528381348,9.050555229187012,8.972945213317871,8.945577621459961,8.972963333129883,9.010930061340332,9.053526878356934
7.057785987854004,7.0416436195373535,7.027989387512207,7.014129638671875,7.002529621124268,6.9899516105651855,6.978646278381348,6.966499328613281,6.955678939819336,6.944675445556641,null,null,null,null,null,null,null,null,null,null,null,null,null,null,null,null,null,null,null,null,null,null,null,null,null,null,null,null,null,null,null,null,9.216424942016602,9.160148620605469,9.10555362701416,9.090110778808594,9.116815567016602,9.153486251831055,9.193413734436035
7.086014270782471,7.068365573883057,7.0538177490234375,7.039098739624023,7.026895046234131,7.014456272125244,7.004035472869873,6.993415355682373,6.984524726867676,6.977326393127441,null,null,null,null,null,null,null,null,null,null,null,null,null,null,null,null,null,null,null,null,null,null,null,null,null,null,null,null,null,null,null,null,9.271851539611816,9.25627326965332,9.227675437927246,9.226914405822754,9.253866195678711,9.284248352050781,9.312408447265625
