earth/public/data/ocean/W07/ANN-sowaflep-depthz-0m-gfs-1.0.json
{"header": {"discipline": 0, "disciplineName": "Meteorological products", "gribEdition": 2, "gribLength": 131138.0, "center": 0, "centerName": "Kiel Climate Model", "subcenter": 0, "refTime": "1", "significanceOfRT": 1, "significanceOfRTName": "Start of forecast", "productStatus": 0, "productStatusName": "Operational products", "productType": 1, "productTypeName": "Forecast products", "productDefinitionTemplate": 0, "productDefinitionTemplateName": "Analysis/forecast at horizontal level/layer at a point in time", "parameterCategory": 2, "parameterCategoryName": "Momentum", "parameterNumber": 2, "parameterNumberName": "U-component_of_wind", "parameterUnit": "kg/m2/s", "genProcessType": 2, "genProcessTypeName": "Forecast", "forecastTime": 0, "surface1Type": 103, "surface1TypeName": "Specified height level above ground", "surface1Value": 10, "surface2Type": 255, "surface2TypeName": "Missing", "surface2Value": 0, "gridDefinitionTemplate": 0, "gridDefinitionTemplateName": "Latitude_Longitude", "numberPoints": 65160, "shape": 6, "shapeName": "Earth spherical with radius of 6,371,229.0 m", "gridUnits": "degrees", "resolution": 48, "winds": "true", "scanMode": 0, "nx": 360.0, "ny": 180.0, "basicAngle": 0, "subDivisions": 0, "lo1": 0.0, "la1": -89.5, "lo2": 359.0, "la2": 89.5, "dx": 1.0, "dy": -1.0}, "data":
[rows 126 to 146 of 180, columns 188 to 234 of 360]
0.1336187720298767,0.20654110610485077,0.25320199131965637,0.2902522385120392,0.3116671144962311,0.32304638624191284,0.3219878673553467,0.3421168327331543,0.37911853194236755,0.433408260345459,0.49493882060050964,0.5680105686187744,0.6395645141601562,0.6987983584403992,0.7352715730667114,0.7530859112739563,0.7490586638450623,0.7417207360267639,0.7322341799736023,0.7282066345214844,0.7302637696266174,0.7585172653198242,0.8080347180366516,0.8608497977256775,0.907845139503479,0.9535955190658569,0.990363597869873,1.0098131895065308,1.009189486503601,1.0158684253692627,1.029714584350586,1.0545233488082886,1.0869054794311523,1.1371504068374634,1.1968069076538086,1.2467474937438965,1.2775486707687378,1.30089271068573,1.3116161823272705,1.315068244934082,1.3100167512893677,1.307761549949646,1.3084769248962402,1.2946445941925049,1.268105387687683,1.1935138702392578,1.081089973449707
-0.11295472085475922,-0.019848180934786797,0.038899634033441544,0.08484560251235962,0.10899970680475235,0.11719515919685364,0.10809101164340973,0.1197575032711029,0.15070070326328278,0.20054121315479279,0.26071491837501526,0.3342571258544922,0.4079520106315613,0.47088703513145447,0.511387825012207,0.5327683091163635,0.5306569933891296,0.5255452990531921,0.5178532600402832,0.5161594152450562,0.520311713218689,0.5515317320823669,0.6038984656333923,0.6599695682525635,0.7095422744750977,0.7587853074073792,0.798797070980072,0.8248410820960999,0.831964373588562,0.8498305678367615,0.8745752573013306,0.9113914966583252,0.9528874158859253,1.0105458498001099,1.073444128036499,1.1207786798477173,1.143994927406311,1.159749984741211,1.1654106378555298,1.164576530456543,1.1574442386627197,1.1523085832595825,1.1503041982650757,1.1241661310195923,1.0798372030258179,0.9704113602638245,0.8177199959754944
-0.33607953786849976,-0.22857408225536346,-0.15889370441436768,-0.10594946146011353,-0.07873135805130005,-0.07217632234096527,-0.08762531727552414,-0.08285868167877197,-0.05937034264206886,-0.015005508437752724,0.041671693325042725,0.11350338160991669,0.18727374076843262,0.2527557611465454,0.26566046476364136,0.24079325795173645,0.21634036302566528,0.22246402502059937,0.22509236633777618,0.23352336883544922,0.24591714143753052,0.28159788250923157,0.3340550661087036,0.388358473777771,0.43492382764816284,0.48061785101890564,0.5175324082374573,0.5448375344276428,0.5579583048820496,0.584227979183197,0.619239866733551,0.6658555269241333,0.7159759402275085,0.779565155506134,0.8453344702720642,0.892867386341095,0.9133544564247131,0.9285402297973633,0.9351337552070618,0.936407744884491,0.93169105052948,0.9228292107582092,0.9114624857902527,0.8604863882064819,0.7797579169273376,0.6479945182800293,0.48737573623657227
-0.5809755325317383,-0.4574766159057617,-0.37741175293922424,-0.31636500358581543,-0.2860271632671356,-0.2809557616710663,-0.30199718475341797,-0.3054281175136566,-0.29000991582870483,-0.2531552314758301,-0.20092475414276123,-0.13230298459529877,-0.05943572521209717,0.008731386624276638,0.005271175876259804,-0.06439434736967087,-0.09848812222480774,-0.07961654663085938,-0.06471548229455948,-0.044808920472860336,-0.022749092429876328,0.017494024708867073,0.0688713937997818,0.12013509124517441,0.1616833359003067,0.20206892490386963,0.2334974855184555,0.260349303483963,0.2775704264640808,0.31061720848083496,0.35372766852378845,0.40848585963249207,0.4652571678161621,0.5335761904716492,0.6011877655982971,0.6496540904045105,0.6702789664268494,0.6872268319129944,0.6977151036262512,0.7030314803123474,0.702603816986084,0.6898874044418335,0.6669644117355347,0.5885599255561829,0.4671500623226166,0.32086890935897827,0.17615462839603424
-0.9205306172370911,-0.7898557782173157,-0.7013073563575745,-0.6329215168952942,-0.5966669321060181,-0.5866940021514893,-0.6057604551315308,-0.6085782051086426,-0.5963672995567322,-0.5619328618049622,-0.5128759741783142,-0.44680437445640564,-0.3762269616127014,-0.30705660581588745,-0.2841690480709076,-0.29368269443511963,-0.30002495646476746,-0.27299317717552185,-0.2505000829696655,-0.22163338959217072,-0.19223202764987946,-0.14806081354618073,-0.09747815132141113,-0.04986288771033287,-0.013600668869912624,0.019305206835269928,0.04355357587337494,0.06403067708015442,0.07780740410089493,0.10864974558353424,0.15153047442436218,0.2070084661245346,0.2652091979980469,0.33583706617355347,0.40586718916893005,0.46003830432891846,0.4877524673938751,0.5134761929512024,0.5315016508102417,0.544605016708374,0.5496186017990112,0.5364202260971069,0.5072526931762695,0.35101813077926636,0.10613609105348587,-0.12509401142597198,-0.28791770339012146
-1.2590785026550293,-1.129517674446106,-1.0387567281723022,-0.9650788903236389,-0.9217538833618164,-0.9027239680290222,-0.9105803966522217,-0.9051626324653625,-0.8863381147384644,-0.8484268188476562,-0.7976216673851013,-0.7319183945655823,-0.6630980968475342,-0.594312310218811,-0.5382076501846313,-0.4914107918739319,-0.46240925788879395,-0.43116259574890137,-0.42414870858192444,-0.4218805134296417,-0.4026925265789032,-0.3525584638118744,-0.3018043041229248,-0.25885477662086487,-0.2315363585948944,-0.21088308095932007,-0.20061154663562775,-0.19506841897964478,-0.19511613249778748,-0.1760430783033371,-0.1410817950963974,-0.0904252901673317,-0.03311964124441147,0.04073188081383705,0.11770246177911758,0.1867910474538803,0.2351723164319992,0.2813121974468231,0.3164772689342499,0.34471389651298523,0.3606894910335541,0.35205498337745667,0.3201071321964264,-0.05462222173810005,-0.6975972056388855,-1.2109723091125488,-1.4925576448440552
-1.490300178527832,-1.372340440750122,-1.2854002714157104,-1.2109702825546265,-1.1625709533691406,-1.1319748163223267,-1.1256284713745117,-1.1044647693634033,-1.0735996961593628,-1.0255039930343628,-0.9697653651237488,-0.9016297459602356,-0.8336891531944275,-0.7672491669654846,-0.7141745686531067,-0.667798638343811,-0.6364685893058777,-0.6003577709197998,-0.6016854047775269,-0.6253859996795654,-0.6093188524246216,-0.5530867576599121,-0.5018555521965027,-0.46349456906318665,-0.445232629776001,-0.43700143694877625,-0.44101783633232117,-0.4510483741760254,-0.46620872616767883,-0.4599404036998749,-0.43419888615608215,-0.38908642530441284,-0.33318182826042175,-0.2561098039150238,-0.17170079052448273,-0.08653402328491211,-0.015081927180290222,0.038470152765512466,0.06796064972877502,0.09673017263412476,0.12287655472755432,0.1160011813044548,0.07839111238718033,-0.5497364401817322,-1.6695735454559326,-2.505269765853882,-2.9262535572052
-1.7772263288497925,-1.6815497875213623,-1.606793999671936,-1.53713059425354,-1.4845361709594727,-1.439836859703064,-1.4109399318695068,-1.3647894859313965,-1.3101805448532104,-1.243680477142334,-1.1779210567474365,-1.1058889627456665,-1.0407284498214722,-0.9837555885314941,-0.9444689154624939,-0.9111247658729553,-0.8880374431610107,-0.8570845723152161,-0.8433488011360168,-0.828718364238739,-0.7934466600418091,-0.7289107441902161,-0.6689244508743286,-0.6224775910377502,-0.599494218826294,-0.5878580212593079,-0.5909208059310913,-0.6031056642532349,-0.6228101253509521,-0.6219044923782349,-0.6005566716194153,-0.5586272478103638,-0.503633975982666,-0.4251624643802643,-0.33750951290130615,-0.24346907436847687,-0.16047146916389465,-0.10510087013244629,-0.09219132363796234,-0.06760985404253006,-0.040459588170051575,-0.05117419362068176,-0.09841258078813553,-0.8461040258407593,-2.1593241691589355,-3.139394998550415,-3.6083099842071533
-2.039588451385498,-1.9694592952728271,-1.911668062210083,-1.8498049974441528,-1.7958197593688965,-1.7379838228225708,-1.6861488819122314,-1.6132339239120483,-1.530824065208435,-1.4435409307479858,-1.3658705949783325,-1.2897318601608276,-1.2287170886993408,-1.1849966049194336,-1.1899604797363281,-1.2198725938796997,-1.2472881078720093,-1.2368577718734741,-1.2130365371704102,-1.1668884754180908,-1.1068145036697388,-1.0270370244979858,-0.9419699907302856,-0.8694134950637817,-0.8225709199905396,-0.7883687615394592,-0.7731482982635498,-0.7731121182441711,-0.7884838581085205,-0.7858325242996216,-0.7658958435058594,-0.7243380546569824,-0.6689406633377075,-0.5889469385147095,-0.49905362725257874,-0.39960604906082153,-0.3086193799972534,-0.23907162249088287,-0.2011110633611679,-0.17029081284999847,-0.14940007030963898,-0.1720317006111145,-0.23287227749824524,-0.9108765721321106,-2.0943491458892822,-2.968533992767334,-3.3907196521759033
-2.1849563121795654,-2.1367390155792236,-2.0941247940063477,-2.043262004852295,-1.9924336671829224,-1.9293216466903687,-1.865536093711853,-1.774450421333313,-1.6737064123153687,-1.5707720518112183,-1.485350489616394,-1.4068620204925537,-1.349682331085205,-1.3192155361175537,-1.3573439121246338,-1.4503464698791504,-1.5203633308410645,-1.5319404602050781,-1.5214263200759888,-1.4807709455490112,-1.4176744222640991,-1.3230561017990112,-1.2133103609085083,-1.1145946979522705,-1.0433670282363892,-0.9860592484474182,-0.9517320394515991,-0.9385197162628174,-0.9636176228523254,-0.9828607439994812,-0.9765875935554504,-0.9319369196891785,-0.8729047775268555,-0.7892322540283203,-0.6961759924888611,-0.5925711393356323,-0.49684375524520874,-0.4157925248146057,-0.3631434738636017,-0.3419729769229889,-0.3537798821926117,-0.4303733706474304,-0.5528476238250732,-1.3054585456848145,-2.509188652038574,-3.3317813873291016,-3.588207721710205
-2.3143668174743652,-2.2910451889038086,-2.2736098766326904,-2.2444217205047607,-2.2080769538879395,-2.15317702293396,-2.0880987644195557,-1.9911067485809326,-1.8778481483459473,-1.7674291133880615,-1.6784257888793945,-1.6018576622009277,-1.55107581615448,-1.5323817729949951,-1.5722426176071167,-1.6397230625152588,-1.7005290985107422,-1.716203212738037,-1.7068179845809937,-1.6655628681182861,-1.6003377437591553,-1.4996272325515747,-1.3818564414978027,-1.272382378578186,-1.1912487745285034,-1.1225682497024536,-1.0791923999786377,-1.0572320222854614,-1.0872137546539307,-1.1268378496170044,-1.126375436782837,-1.0768135786056519,-1.0128272771835327,-0.9254783987998962,-0.8304234743118286,-0.7266618013381958,-0.6486291289329529,-0.6119782328605652,-0.6070865392684937,-0.6579037308692932,-0.7679016590118408,-1.0011208057403564,-1.30910062789917,-2.9358229637145996,-5.523102760314941,-6.918407917022705,-6.816334247589111
-2.4020767211914062,-2.40159010887146,-2.4107272624969482,-2.406341075897217,-2.390904664993286,-2.3656833171844482,-2.334550380706787,-2.2578060626983643,-2.1476731300354004,-2.0414390563964844,-1.9581632614135742,-1.889530897140503,-1.8479552268981934,-1.8394023180007935,-1.865435004234314,-1.8964648246765137,-1.9267634153366089,-1.934680461883545,-1.9184658527374268,-1.8723243474960327,-1.8043216466903687,-1.702183723449707,-1.5843935012817383,-1.4723554849624634,-1.3864566087722778,-1.3117690086364746,-1.2618111371994019,-1.2315927743911743,-1.2421612739562988,-1.2483010292053223,-1.2329967021942139,-1.1782448291778564,-1.1100350618362427,-1.0200443267822266,-0.9248096346855164,-0.8247622847557068,-0.763383150100708,-0.7759061455726624,-0.8189310431480408,-0.9502078890800476,-1.1771652698516846,-1.5857495069503784,-2.2694766521453857,-5.784146785736084,-11.362325668334961,-13.520553588867188,-11.78406810760498
-2.4156293869018555,-2.428074359893799,-2.4540934562683105,-2.470254421234131,-2.472181797027588,-2.4757633209228516,-2.4832730293273926,-2.4316728115081787,-2.3344757556915283,-2.2400712966918945,-2.1663920879364014,-2.106675863265991,-2.0723111629486084,-2.06770920753479,-2.093928098678589,-2.121206283569336,-2.1444034576416016,-2.1459298133850098,-2.125261068344116,-2.0644075870513916,-1.9760630130767822,-1.8669795989990234,-1.7578587532043457,-1.6549967527389526,-1.5751501321792603,-1.5060464143753052,-1.4582315683364868,-1.4267271757125854,-1.4158259630203247,-1.3909058570861816,-1.355717420578003,-1.2981016635894775,-1.2278696298599243,-1.1413614749908447,-1.0533112287521362,-0.9679134488105774,-0.9150135517120361,-0.9344000220298767,-1.0040967464447021,-1.2321228981018066,-1.5833741426467896,-2.195966958999634,-3.199127197265625,-8.336263656616211,-16.298580169677734,-19.899314880371094,-15.760577201843262
-2.3890647888183594,-2.4112086296081543,-2.4548325538635254,-2.491269588470459,-2.5146560668945312,-2.5317885875701904,-2.5377004146575928,-2.4965708255767822,-2.4129478931427,-2.3300509452819824,-2.261976957321167,-2.2050111293792725,-2.1696255207061768,-2.157968282699585,-2.1734488010406494,-2.1864609718322754,-2.1966195106506348,-2.1859328746795654,-2.1579477787017822,-2.0854618549346924,-1.9787958860397339,-1.871287226676941,-1.7798327207565308,-1.6956281661987305,-1.6357733011245728,-1.5835376977920532,-1.5527702569961548,-1.5354746580123901,-1.532859444618225,-1.5095419883728027,-1.4724971055984497,-1.417517900466919,-1.3544622659683228,-1.2856740951538086,-1.222985863685608,-1.1747397184371948,-1.148559808731079,-1.2107793092727661,-1.347956895828247,-1.797972559928894,-2.4695568084716797,-3.535945177078247,-4.93986177444458,-9.252644538879395,-17.226459503173828,-22.551565170288086,-16.848356246948242
-2.3129515647888184,-2.340669631958008,-2.39701247215271,-2.452396869659424,-2.4971225261688232,-2.5276424884796143,-2.5385935306549072,-2.514763355255127,-2.4602034091949463,-2.3971898555755615,-2.336768388748169,-2.278593063354492,-2.233119249343872,-2.1985092163085938,-2.1810920238494873,-2.158454418182373,-2.1348321437835693,-2.095935821533203,-2.048834800720215,-1.974229335784912,-1.8873769044876099,-1.7970341444015503,-1.7208138704299927,-1.6582183837890625,-1.619144320487976,-1.5885648727416992,-1.574867606163025,-1.57548987865448,-1.5827019214630127,-1.563679575920105,-1.529605507850647,-1.4919184446334839,-1.4537149667739868,-1.4233378171920776,-1.4084177017211914,-1.4206457138061523,-1.4572845697402954,-1.6251732110977173,-1.894268274307251,-2.747257709503174,-4.026447772979736,-5.760176658630371,-7.651134967803955,-9.90926742553711,-12.262227058410645,null,null
-2.237147808074951,-2.264080286026001,-2.323284387588501,-2.3864994049072266,-2.442537784576416,-2.490528106689453,-2.522667407989502,-2.5272293090820312,-2.5051028728485107,-2.4743897914886475,-2.4404540061950684,-2.3978934288024902,-2.3519859313964844,-2.301680564880371,-2.2536728382110596,-2.1777913570404053,-2.0883185863494873,-1.9971935749053955,-1.9230241775512695,-1.844054937362671,-1.7750204801559448,-1.7017178535461426,-1.638166069984436,-1.5933005809783936,-1.576550841331482,-1.5640504360198975,-1.5650243759155273,-1.5734515190124512,-1.5861047506332397,-1.5784776210784912,-1.5569857358932495,-1.540930986404419,-1.528646469116211,-1.54354989528656,-1.622178554534912,-1.7356737852096558,-1.8977159261703491,-2.1821162700653076,-2.703618049621582,-3.850656509399414,-5.523919105529785,-7.348495960235596,-9.227322578430176,-10.153006553649902,-11.123167037963867,null,null
-2.185478687286377,-2.207235097885132,-2.2601804733276367,-2.319531202316284,-2.3753879070281982,-2.430190324783325,-2.473865509033203,-2.5063512325286865,-2.519228935241699,-2.5254874229431152,-2.524059772491455,-2.504992723464966,-2.4747822284698486,-2.428081512451172,-2.3745055198669434,-2.256314516067505,-2.0899202823638916,-1.941833734512329,-1.8382370471954346,-1.7544220685958862,-1.6889348030090332,-1.6176717281341553,-1.5537816286087036,-1.5145272016525269,-1.5018223524093628,-1.498549222946167,-1.5061709880828857,-1.522822618484497,-1.543299913406372,-1.5584099292755127,-1.5659613609313965,-1.568455696105957,-1.583269476890564,-1.6328003406524658,-1.798079490661621,-2.016522169113159,-2.4275245666503906,-3.0314602851867676,-4.0390238761901855,-5.5281982421875,-6.809616565704346,-7.796751976013184,-8.739413261413574,-9.509870529174805,-9.665973663330078,null,null
-2.113772392272949,-2.125227451324463,-2.159944534301758,-2.204901695251465,-2.2517282962799072,-2.309891700744629,-2.3685996532440186,-2.4454054832458496,-2.5263283252716064,-2.5788655281066895,-2.5921568870544434,-2.594866991043091,-2.5841755867004395,-2.5496885776519775,-2.4969499111175537,-2.389742136001587,-2.1918718814849854,-1.9805469512939453,-1.8240705728530884,-1.7367815971374512,-1.6684871912002563,-1.619192361831665,-1.588998556137085,-1.5486671924591064,-1.5269477367401123,-1.5466597080230713,-1.5539484024047852,-1.5474863052368164,-1.5537132024765015,-1.5756242275238037,-1.5935956239700317,-1.6080117225646973,-1.658534288406372,-1.7539409399032593,-1.9785581827163696,-2.2705719470977783,-2.934556245803833,-4.056280612945557,-5.758933067321777,-7.614934921264648,-8.377290725708008,-8.00333023071289,null,null,null,null,null
-2.005732536315918,-2.0108630657196045,-2.0295872688293457,-2.062229871749878,-2.1019773483276367,-2.165910243988037,-2.242511510848999,-2.3630082607269287,-2.5081260204315186,-2.60123872756958,-2.6347784996032715,-2.714773178100586,-2.7921206951141357,-2.8063862323760986,-2.743642807006836,-2.6576640605926514,-2.587473154067993,-2.5125315189361572,-2.3559699058532715,-2.1184451580047607,-1.9025758504867554,-1.7955530881881714,-1.7456635236740112,-1.6855922937393188,-1.7887849807739258,-2.0685648918151855,-2.169034719467163,-2.0573673248291016,-2.0361216068267822,-2.1040496826171875,-2.1995232105255127,-2.2893052101135254,-2.330784797668457,-2.323322057723999,-2.5769665241241455,-3.0568504333496094,-3.884305477142334,-5.1778717041015625,-6.95468282699585,-8.791254043579102,-9.605542182922363,-8.613940238952637,null,null,null,null,null
-1.9151421785354614,-1.9223226308822632,-1.9379609823226929,-1.9680403470993042,-2.000748872756958,-2.0585803985595703,-2.1379339694976807,-2.2805285453796387,-2.4528088569641113,-2.7405834197998047,-3.048868417739868,-3.3700342178344727,-3.4543297290802,-3.228956937789917,-3.0855813026428223,-3.0968596935272217,-3.430199146270752,-4.0010857582092285,-3.9315247535705566,-3.236436367034912,-2.6387927532196045,-2.2823984622955322,-2.0604140758514404,-1.9804774522781372,-2.247919797897339,-2.8707034587860107,-3.15519380569458,-3.0602002143859863,-3.187415599822998,-3.4914445877075195,-3.799325466156006,-4.0574517250061035,-4.110134124755859,-3.7886176109313965,-3.7389280796051025,-4.384827613830566,-5.482962608337402,-6.683952331542969,-7.5982513427734375,-8.176762580871582,-8.41148853302002,-7.27036714553833,null,null,null,null,null
-1.8486465215682983,-1.8626303672790527,-1.8804515600204468,-1.9127455949783325,-1.9426114559173584,-1.9917155504226685,-2.068904399871826,-2.2217628955841064,-2.4126172065734863,-2.804978847503662,-3.6036975383758545,-4.332535266876221,-4.246957778930664,-3.5594828128814697,null,null,-4.44683313369751,-5.799365043640137,-5.716572284698486,-4.495142459869385,-3.5399913787841797,-2.996589422225952,-2.6850457191467285,-2.6469409465789795,-2.8990793228149414,-3.5131936073303223,-4.008139610290527,-4.096767902374268,-4.177651882171631,-4.655877590179443,-5.273170471191406,-5.741676330566406,-5.895268440246582,-5.504520893096924,-4.939579963684082,-5.687561511993408,-7.552886962890625,-8.52759838104248,-8.521356582641602,null,null,null,null,null,null,null,null
