earth/public/data/ocean/W07/ANN-votemper-depthz-0m-gfs-1.0.json
{"header": {"discipline": 0, "disciplineName": "Meteorological products", "gribEdition": 2, "gribLength": 131138.0, "center": 0, "centerName": "Kiel Climate Model", "subcenter": 0, "refTime": "1", "significanceOfRT": 1, "significanceOfRTName": "Start of forecast", "productStatus": 0, "productStatusName": "Operational products", "productType": 1, "productTypeName": "Forecast products", "productDefinitionTemplate": 0, "productDefinitionTemplateName": "Analysis/forecast at horizontal level/layer at a point in time", "parameterCategory": 2, "parameterCategoryName": "Momentum", "parameterNumber": 2, "parameterNumberName": "U-component_of_wind", "parameterUnit": "C", "genProcessType": 2, "genProcessTypeName": "Forecast", "forecastTime": 0, "surface1Type": 103, "surface1TypeName": "Specified height level above ground", "surface1Value": 10, "surface2Type": 255, "surface2TypeName": "Missing", "surface2Value": 0, "gridDefinitionTemplate": 0, "gridDefinitionTemplateName": "Latitude_Longitude", "numberPoints": 65160, "shape": 6, "shapeName": "Earth spherical with radius of 6,371,229.0 m", "gridUnits": "degrees", "resolution": 48, "winds": "true", "scanMode": 0, "nx": 360.0, "ny": 180.0, "basicAngle": 0, "subDivisions": 0, "lo1": 0.0, "la1": -89.5, "lo2": 359.0, "la2": 89.5, "dx": 1.0, "dy": -1.0}, "data":
[rows 126 to 146 of 180, columns 188 to 234 of 360]
17.16397476196289,17.116853713989258,17.057031631469727,16.969619750976562,16.871971130371094,16.755552291870117,16.64155387878418,16.54273796081543,16.476051330566406,16.428211212158203,16.406848907470703,16.39268684387207,16.387836456298828,16.350465774536133,16.287580490112305,16.180255889892578,16.048524856567383,15.900735855102539,15.76447582244873,15.649187088012695,15.576586723327637,15.533056259155273,15.526987075805664,15.505264282226562,15.47195816040039,15.387447357177734,15.267003059387207,15.098773956298828,14.913488388061523,14.741358757019043,14.614293098449707,14.526460647583008,14.494614601135254,14.478811264038086,14.482224464416504,14.41930866241455,14.300993919372559,14.07941722869873,13.793499946594238,13.488934516906738,13.21995735168457,13.012474060058594,12.904181480407715,12.86963176727295,12.915157318115234,13.039002418518066,13.217275619506836
16.676733016967773,16.65537452697754,16.618694305419922,16.553956985473633,16.470958709716797,16.361221313476562,16.24371337890625,16.134197235107422,16.053190231323242,15.987764358520508,15.95141315460205,15.92442798614502,15.91319751739502,15.874974250793457,15.81705093383789,15.720155715942383,15.60084056854248,15.469156265258789,15.347317695617676,15.244709014892578,15.178820610046387,15.137924194335938,15.129534721374512,15.102645874023438,15.063050270080566,14.972250938415527,14.847614288330078,14.678980827331543,14.497210502624512,14.332548141479492,14.214410781860352,14.139461517333984,14.120157241821289,14.114859580993652,14.123241424560547,14.06295394897461,13.944051742553711,13.713740348815918,13.41385269165039,13.100980758666992,12.83212947845459,12.625984191894531,12.519797325134277,12.491425514221191,12.545141220092773,12.69074535369873,12.897093772888184
16.188091278076172,16.185611724853516,16.172414779663086,16.12940788269043,16.066387176513672,15.96751594543457,15.851757049560547,15.735575675964355,15.639487266540527,15.556498527526855,15.500102043151855,15.456815719604492,15.433027267456055,15.391027450561523,15.265073776245117,15.061968803405762,14.89437198638916,14.788229942321777,14.690544128417969,14.601744651794434,14.53899097442627,14.489684104919434,14.463850975036621,14.415704727172852,14.354813575744629,14.246681213378906,14.111305236816406,13.94009780883789,13.764044761657715,13.610845565795898,13.508010864257812,13.456286430358887,13.464675903320312,13.486221313476562,13.516380310058594,13.479344367980957,13.3807373046875,13.161834716796875,12.860819816589355,12.557019233703613,12.303977966308594,12.107083320617676,12.001343727111816,11.965818405151367,12.010409355163574,12.161072731018066,12.402105331420898
15.641775131225586,15.652647018432617,15.654017448425293,15.62845516204834,15.579938888549805,15.491717338562012,15.379203796386719,15.2593355178833,15.153858184814453,15.057088851928711,14.987114906311035,14.930091857910156,14.896987915039062,14.852615356445312,14.683335304260254,14.3735990524292,14.179224014282227,14.095382690429688,14.01658821105957,13.937127113342285,13.871596336364746,13.80920124053955,13.76014518737793,13.687149047851562,13.601767539978027,13.474817276000977,13.328184127807617,13.155038833618164,12.986804962158203,12.846588134765625,12.760748863220215,12.734010696411133,12.772802352905273,12.823949813842773,12.8800687789917,12.871164321899414,12.800870895385742,12.600494384765625,12.308124542236328,12.020835876464844,11.792433738708496,11.608270645141602,11.502848625183105,11.445024490356445,11.442753791809082,11.547048568725586,11.731927871704102
14.844265937805176,14.85045051574707,14.851950645446777,14.83082103729248,14.792010307312012,14.716132164001465,14.616780281066895,14.507229804992676,14.405961036682129,14.311777114868164,14.240100860595703,14.179933547973633,14.141093254089355,14.096254348754883,13.980565071105957,13.798351287841797,13.658382415771484,13.579516410827637,13.5032958984375,13.42138957977295,13.349210739135742,13.273736953735352,13.209531784057617,13.120044708251953,13.022326469421387,12.886956214904785,12.738626480102539,12.570804595947266,12.413141250610352,12.286943435668945,12.213900566101074,12.204475402832031,12.25932788848877,12.328566551208496,12.39877986907959,12.412796020507812,12.366608619689941,12.191539764404297,11.917243003845215,11.658150672912598,11.458670616149902,11.30179500579834,11.212931632995605,11.148433685302734,11.118480682373047,11.139880180358887,11.214284896850586
14.032617568969727,14.027390480041504,14.020669937133789,13.999096870422363,13.966151237487793,13.9035005569458,13.823362350463867,13.730452537536621,13.643147468566895,13.559036254882812,13.494622230529785,13.436245918273926,13.395044326782227,13.349618911743164,13.308184623718262,13.24795150756836,13.179738998413086,13.098264694213867,12.932965278625488,12.700427055358887,12.530586242675781,12.442741394042969,12.367359161376953,12.273137092590332,12.175841331481934,12.051395416259766,11.92055606842041,11.778738021850586,11.6500883102417,11.55176067352295,11.500763893127441,11.508855819702148,11.574721336364746,11.651500701904297,11.726290702819824,11.75488567352295,11.733766555786133,11.588953971862793,11.347993850708008,11.133957862854004,10.98613452911377,10.884726524353027,10.848073959350586,10.829239845275879,10.828855514526367,10.786795616149902,10.705545425415039
13.406841278076172,13.38908576965332,13.37303352355957,13.345766067504883,13.312663078308105,13.25850772857666,13.192687034606934,13.118087768554688,13.046982765197754,12.9806547164917,12.929679870605469,12.881885528564453,12.844878196716309,12.80128288269043,12.75870418548584,12.694812774658203,12.6216459274292,12.532002449035645,12.30128002166748,11.914373397827148,11.67398452758789,11.575369834899902,11.494080543518066,11.401128768920898,11.313998222351074,11.208696365356445,11.106157302856445,10.997557640075684,10.905146598815918,10.838519096374512,10.811917304992676,10.836844444274902,10.909667015075684,10.989339828491211,11.06114673614502,11.096928596496582,11.089957237243652,10.912364959716797,10.6061372756958,10.389786720275879,10.311903953552246,10.290688514709473,10.329529762268066,10.398069381713867,10.483729362487793,10.41215991973877,10.194293975830078
12.439981460571289,12.414609909057617,12.389220237731934,12.355653762817383,12.319842338562012,12.272306442260742,12.22191333770752,12.168716430664062,12.12258529663086,12.082894325256348,12.056780815124512,12.028675079345703,12.003584861755371,11.964871406555176,11.919689178466797,11.846365928649902,11.758538246154785,11.651252746582031,11.458879470825195,11.201404571533203,11.01317310333252,10.9170503616333,10.84451961517334,10.770431518554688,10.705981254577637,10.633101463317871,10.561920166015625,10.489205360412598,10.425244331359863,10.38361930847168,10.370237350463867,10.400263786315918,10.468364715576172,10.537617683410645,10.59677791595459,10.62470531463623,10.617289543151855,10.414637565612793,10.035043716430664,9.823497772216797,9.801587104797363,9.842062950134277,9.941247940063477,10.087458610534668,10.258566856384277,10.203216552734375,9.933172225952148
11.448831558227539,11.418706893920898,11.38607120513916,11.346959114074707,11.308229446411133,11.26632308959961,11.229096412658691,11.196435928344727,11.175373077392578,11.162662506103516,11.162178039550781,11.154206275939941,11.141379356384277,11.107034683227539,10.954940795898438,10.698761940002441,10.490288734436035,10.367592811584473,10.248954772949219,10.135530471801758,10.045890808105469,9.977646827697754,9.94125747680664,9.91478443145752,9.90188980102539,9.884878158569336,9.866708755493164,9.840309143066406,9.811287879943848,9.789950370788574,9.78153133392334,9.801012992858887,9.846115112304688,9.887561798095703,9.918437957763672,9.930471420288086,9.921300888061523,9.782642364501953,9.547432899475098,9.427188873291016,9.449541091918945,9.539173126220703,9.676019668579102,9.873976707458496,10.093667984008789,10.065533638000488,9.792268753051758
10.694437980651855,10.667529106140137,10.634708404541016,10.595101356506348,10.555731773376465,10.516674041748047,10.484832763671875,10.462583541870117,10.45348834991455,10.454832077026367,10.465804100036621,10.466906547546387,10.457745552062988,10.422327995300293,10.196321487426758,9.760527610778809,9.474400520324707,9.348823547363281,9.235833168029785,9.137600898742676,9.07361888885498,9.041829109191895,9.050811767578125,9.077014923095703,9.119100570678711,9.15854549407959,9.191437721252441,9.207791328430176,9.134954452514648,9.006961822509766,8.92156982421875,8.920278549194336,8.930835723876953,8.939638137817383,8.943437576293945,8.948594093322754,8.952127456665039,8.926281929016113,8.874034881591797,8.896452903747559,8.988943099975586,9.139825820922852,9.322432518005371,9.558703422546387,9.808897972106934,9.795234680175781,9.524462699890137
9.612632751464844,9.596885681152344,9.567873001098633,9.527060508728027,9.482522964477539,9.437162399291992,9.400702476501465,9.375555038452148,9.368023872375488,9.369773864746094,9.381937980651855,9.381312370300293,9.368786811828613,9.329564094543457,9.167689323425293,8.904541969299316,8.692538261413574,8.581048011779785,8.485868453979492,8.41392707824707,8.375954627990723,8.379013061523438,8.42006778717041,8.484237670898438,8.557526588439941,8.630032539367676,8.686820983886719,8.723193168640137,8.611953735351562,8.365598678588867,8.22433090209961,8.206086158752441,8.193798065185547,8.1860990524292,8.184069633483887,8.197734832763672,8.171475410461426,8.127111434936523,8.130053520202637,8.255643844604492,8.427741050720215,8.637024879455566,8.848368644714355,9.068111419677734,9.2626314163208,9.214909553527832,8.936287879943848
8.549474716186523,8.54631233215332,8.520310401916504,8.475424766540527,8.419341087341309,8.256107330322266,8.030040740966797,7.883210182189941,7.857909202575684,7.8436665534973145,7.8437066078186035,7.833819389343262,7.81584358215332,7.779295921325684,7.730144500732422,7.659256458282471,7.57841157913208,7.504711627960205,7.450613021850586,7.422255992889404,7.42446231842041,7.468358993530273,7.546384811401367,7.64463472366333,7.7462897300720215,7.841863632202148,7.915154457092285,7.962003231048584,7.902918338775635,7.777619361877441,7.683056354522705,7.662514686584473,7.647563457489014,7.646699905395508,7.658725261688232,7.699183940887451,7.667267799377441,7.5962233543396,7.648065567016602,7.844486713409424,8.062751770019531,8.292716026306152,8.442051887512207,8.493064880371094,8.485124588012695,8.46406364440918,8.341951370239258
7.865331649780273,7.869088649749756,7.838449478149414,7.7781453132629395,7.7010016441345215,7.441938877105713,7.018845558166504,6.775308132171631,6.724096298217773,6.687329292297363,6.670173645019531,6.649571895599365,6.628645420074463,6.600177764892578,6.570058345794678,6.527278900146484,6.481630325317383,6.449872016906738,6.440515041351318,6.3805389404296875,6.295151710510254,6.302858829498291,6.415707111358643,6.544816017150879,6.667786121368408,6.781849384307861,6.866753101348877,6.924691677093506,6.9445576667785645,6.950643539428711,6.940386772155762,6.93865442276001,6.943871974945068,6.976486682891846,7.029109001159668,7.119764804840088,7.1774725914001465,7.248065948486328,7.3741068840026855,7.597140789031982,7.821818828582764,8.032307624816895,8.10904312133789,7.989121437072754,7.832142353057861,7.802734375,7.835475921630859
7.02672815322876,7.028048515319824,6.974113941192627,6.874146461486816,6.747371196746826,6.510678768157959,6.223247051239014,6.018630027770996,5.950400352478027,5.897289752960205,5.869912624359131,5.8431854248046875,5.822271347045898,5.80445671081543,5.792078495025635,5.777138710021973,5.760148525238037,5.763307571411133,5.783487796783447,5.703525543212891,5.512693881988525,5.490725040435791,5.61779260635376,5.757663249969482,5.8851141929626465,6.003963947296143,6.03397274017334,6.005584239959717,5.984514236450195,6.018299579620361,6.041893482208252,6.083707332611084,6.135899543762207,6.227715969085693,6.34235143661499,6.500744342803955,6.674436569213867,6.8788652420043945,7.07833194732666,7.292699337005615,7.485405445098877,7.631278038024902,7.654911518096924,7.613811016082764,7.5462164878845215,7.543242454528809,7.493741035461426
5.998134136199951,5.988760471343994,5.896040916442871,5.740456581115723,5.549105167388916,5.358370780944824,5.201666355133057,5.066782474517822,4.977801322937012,4.909130573272705,4.873055934906006,4.844616413116455,4.828430652618408,4.83010196685791,4.848775863647461,4.87343692779541,4.899479866027832,4.945003032684326,5.002119064331055,5.004676818847656,4.964487075805664,5.005971431732178,5.133729934692383,5.27207612991333,5.396295547485352,5.513741493225098,5.505494117736816,5.389867305755615,5.3486552238464355,5.410711765289307,5.444261074066162,5.493167400360107,5.575249671936035,5.7273101806640625,5.898889064788818,6.109895706176758,6.323801517486572,6.54366397857666,6.731899738311768,6.887772560119629,6.986881256103516,7.0057148933410645,6.944426536560059,6.967251300811768,6.761982440948486,null,null
5.315830230712891,5.294784069061279,5.172874450683594,4.979193210601807,4.747237682342529,4.520284175872803,4.338013648986816,4.178012847900391,4.068111896514893,3.929464101791382,3.794896364212036,3.709322690963745,3.6973135471343994,3.7206130027770996,3.776477813720703,3.8510613441467285,3.9316442012786865,4.0301408767700195,4.128937721252441,4.244784832000732,4.356762886047363,4.490440845489502,4.620742321014404,4.760017395019531,4.881631851196289,4.984513282775879,5.007697582244873,4.995877265930176,5.012540817260742,5.087264537811279,5.127140998840332,5.153388977050781,5.252926349639893,5.4214186668396,5.620482444763184,5.839868545532227,6.062771797180176,6.253192901611328,6.378869533538818,6.424009799957275,6.3520402908325195,6.193395137786865,5.978935241699219,5.759666442871094,5.703701496124268,null,null
4.869197845458984,4.829441547393799,4.689128875732422,4.480566024780273,4.242210388183594,4.011475086212158,3.8293025493621826,3.6676478385925293,3.5548927783966064,3.380337953567505,3.1580612659454346,3.036464214324951,3.0199880599975586,3.052401065826416,3.127767562866211,3.2340199947357178,3.3106040954589844,3.3795433044433594,3.473151922225952,3.5983774662017822,3.7168290615081787,3.8617782592773438,4.018425941467285,4.170876979827881,4.319046497344971,4.425535678863525,4.518687725067139,4.624449729919434,4.724314212799072,4.81694221496582,4.894031047821045,4.969128608703613,5.088720798492432,5.254460334777832,5.443121910095215,5.658613204956055,5.8183183670043945,5.918633937835693,5.907260894775391,5.802027702331543,5.563204288482666,5.223965167999268,5.029321193695068,4.921523571014404,4.780990123748779,null,null
4.189661979675293,4.117242336273193,3.9662086963653564,3.7730560302734375,3.569136381149292,3.376793384552002,3.2278757095336914,3.0877556800842285,2.98134183883667,2.85404634475708,2.738227367401123,2.6571595668792725,2.6344165802001953,2.667569398880005,2.750436305999756,2.848931312561035,2.8997738361358643,2.913278341293335,3.0144782066345215,3.1436614990234375,3.267437219619751,3.3930952548980713,3.5224974155426025,3.6917333602905273,3.8958845138549805,4.068670272827148,4.225391864776611,4.35862922668457,4.496284008026123,4.613256931304932,4.749691009521484,4.8807573318481445,5.042821884155273,5.204233646392822,5.390482425689697,5.572099685668945,5.659584999084473,5.566082000732422,5.337310791015625,5.066983222961426,4.841379642486572,4.560838222503662,null,null,null,null,null
3.2218942642211914,3.117866277694702,2.9841864109039307,2.8372342586517334,2.7048044204711914,2.582545757293701,2.4940996170043945,2.397521734237671,2.3089942932128906,2.2952587604522705,2.3642020225524902,2.3316800594329834,2.2162063121795654,2.1969285011291504,2.2679338455200195,2.3301167488098145,2.3883864879608154,2.4829463958740234,2.6225745677948,2.7874257564544678,2.956061363220215,3.067591905593872,3.180476427078247,3.372406005859375,3.6233088970184326,3.8346354961395264,4.048387050628662,4.2295427322387695,4.409170627593994,4.553677082061768,4.713253021240234,4.860492706298828,5.02731466293335,5.186325550079346,5.329924583435059,5.434891700744629,5.426865100860596,5.206929683685303,4.864617824554443,4.584928035736084,4.417842864990234,4.299349784851074,null,null,null,null,null
2.510373592376709,2.39284348487854,2.285717248916626,2.1837754249572754,2.0701119899749756,1.943664312362671,1.8686845302581787,1.8175843954086304,1.7646301984786987,1.7321282625198364,1.7666321992874146,1.7357929944992065,1.6907438039779663,1.753111481666565,1.7980730533599854,1.7691130638122559,1.825779914855957,1.9741100072860718,2.1513655185699463,2.328747510910034,2.5304465293884277,2.687027931213379,2.888947010040283,3.1365795135498047,3.4247968196868896,3.6562304496765137,3.871011734008789,4.030432224273682,4.206733226776123,4.376351833343506,4.542226314544678,4.67409086227417,4.803275108337402,4.917399883270264,5.001307964324951,5.007347583770752,4.917788505554199,4.673220634460449,4.46649169921875,4.31907844543457,4.212687969207764,4.095341682434082,null,null,null,null,null
2.091898202896118,1.985433578491211,1.9011001586914062,1.824020504951477,1.7039378881454468,1.537008285522461,1.4559870958328247,1.4286378622055054,1.397660732269287,1.352842092514038,1.2656596899032593,1.2024149894714355,1.2527670860290527,1.4356904029846191,null,null,1.495618224143982,1.5669957399368286,1.6624119281768799,1.7839142084121704,1.9487636089324951,2.130030870437622,2.390632390975952,2.6866185665130615,2.963956117630005,3.2459723949432373,3.4862260818481445,3.550722360610962,3.590893030166626,3.719489097595215,3.882535457611084,4.006953716278076,4.0943756103515625,4.176167964935303,4.257034778594971,4.25899076461792,4.16195821762085,4.079669952392578,4.019931793212891,null,null,null,null,null,null,null,null
