earth/public/data/ocean/W07/ANN-vosaline-depthz-2000m-gfs-1.0.json
{"header": {"discipline": 0, "disciplineName": "Meteorological products", "gribEdition": 2, "gribLength": 131138.0, "center": 0, "centerName": "Kiel Climate Model", "subcenter": 0, "refTime": "1", "significanceOfRT": 1, "significanceOfRTName": "Start of forecast", "productStatus": 0, "productStatusName": "Operational products", "productType": 1, "productTypeName": "Forecast products", "productDefinitionTemplate": 0, "productDefinitionTemplateName": "Analysis/forecast at horizontal level/layer at a point in time", "parameterCategory": 2, "parameterCategoryName": "Momentum", "parameterNumber": 2, "parameterNumberName": "U-component_of_wind", "parameterUnit": "PSU", "genProcessType": 2, "genProcessTypeName": "Forecast", "forecastTime": 0, "surface1Type": 103, "surface1TypeName": "Specified height level above ground", "surface1Value": 10, "surface2Type": 255, "surface2TypeName": "Missing", "surface2Value": 0, "gridDefinitionTemplate": 0, "gridDefinitionTemplateName": "Latitude_Longitude", "numberPoints": 65160, "shape": 6, "shapeName": "Earth spherical with radius of 6,371,229.0 m", "gridUnits": "degrees", "resolution": 48, "winds": "true", "scanMode": 0, "nx": 360.0, "ny": 180.0, "basicAngle": 0, "subDivisions": 0, "lo1": 0.0, "la1": -89.5, "lo2": 359.0, "la2": 89.5, "dx": 1.0, "dy": -1.0}, "data":
[rows 110 to 131 of 180, columns 200 to 249 of 360]
34.64909744262695,34.64893341064453,34.64879608154297,34.64872741699219,34.648738861083984,34.64911651611328,34.64978790283203,34.6507568359375,34.651851654052734,34.652854919433594,34.65358352661133,34.65414810180664,34.654441833496094,34.654685974121094,34.65483856201172,34.65504837036133,34.6552848815918,34.65557861328125,34.6558837890625,34.65622329711914,34.65654373168945,34.65691375732422,34.65726852416992,34.65769958496094,34.658119201660156,34.65859603881836,34.65904235839844,34.659515380859375,34.6599235534668,34.660343170166016,34.66069030761719,34.6610221862793,34.66128158569336,34.66153335571289,34.66172790527344,34.661964416503906,34.662193298339844,34.6624641418457,34.6627197265625,34.66299057006836,34.6632194519043,34.663421630859375,34.663551330566406,34.6637077331543,34.663856506347656,34.663944244384766,34.66395568847656,34.66403579711914,34.66416549682617,34.664302825927734
34.649497985839844,34.64933776855469,34.64921188354492,34.649169921875,34.649261474609375,34.649662017822266,34.65037155151367,34.65129470825195,34.652347564697266,34.653255462646484,34.65394592285156,34.654396057128906,34.65461730957031,34.65474319458008,34.654788970947266,34.65488052368164,34.65500259399414,34.655181884765625,34.6553955078125,34.6556510925293,34.65592956542969,34.6562614440918,34.65663146972656,34.65705108642578,34.65751266479492,34.657989501953125,34.658485412597656,34.658966064453125,34.6594352722168,34.65987014770508,34.66027069091797,34.66062545776367,34.66094207763672,34.66122817993164,34.66150665283203,34.66179656982422,34.662109375,34.66242218017578,34.66274642944336,34.66305160522461,34.663326263427734,34.663536071777344,34.6636962890625,34.663848876953125,34.66401672363281,34.66410827636719,34.66419982910156,34.66440200805664,34.66451644897461,34.6644172668457
34.650089263916016,34.649940490722656,34.64985275268555,34.649845123291016,34.65000915527344,34.65046310424805,34.651123046875,34.65206527709961,34.65297317504883,34.65385055541992,34.654441833496094,34.65481185913086,34.65493392944336,34.654937744140625,34.654876708984375,34.654842376708984,34.65484619140625,34.654903411865234,34.655006408691406,34.655181884765625,34.655399322509766,34.655704498291016,34.65604782104492,34.6564826965332,34.65692138671875,34.657432556152344,34.65791320800781,34.65843963623047,34.658912658691406,34.65940856933594,34.65983200073242,34.66025161743164,34.66060256958008,34.66095733642578,34.66128158569336,34.661659240722656,34.662017822265625,34.66241455078125,34.66276550292969,34.66313552856445,34.66341781616211,34.66364669799805,34.66379165649414,34.66392517089844,34.6640510559082,34.66416931152344,34.66437530517578,34.664817810058594,34.66510772705078,null
34.65090560913086,34.65079879760742,34.65072250366211,34.65073013305664,34.65087890625,34.65125274658203,34.65186309814453,34.652652740478516,34.653564453125,34.65435791015625,34.65498733520508,34.655338287353516,34.65543746948242,34.655391693115234,34.655242919921875,34.65510559082031,34.655006408691406,34.65495300292969,34.65496826171875,34.65504455566406,34.655208587646484,34.65544128417969,34.65575408935547,34.656124114990234,34.65654754638672,34.65699768066406,34.657474517822266,34.65796661376953,34.65847396850586,34.65897750854492,34.65946578979492,34.6599235534668,34.66033935546875,34.660736083984375,34.661109924316406,34.66150665283203,34.66190719604492,34.66230773925781,34.66269302368164,34.663063049316406,34.66339874267578,34.66366195678711,34.66385269165039,34.664031982421875,34.6641960144043,34.664337158203125,34.66452407836914,34.66487121582031,34.66533660888672,34.66560745239258
34.6518440246582,34.651771545410156,34.65171432495117,34.65174102783203,34.6518440246582,34.65217208862305,34.65266418457031,34.65339279174805,34.65422058105469,34.655006408691406,34.65560531616211,34.65597152709961,34.656028747558594,34.65594482421875,34.65571975708008,34.655494689941406,34.655296325683594,34.655147552490234,34.65507125854492,34.65507888793945,34.65516662597656,34.65534973144531,34.65559768676758,34.65593338012695,34.65628433227539,34.656707763671875,34.6571159362793,34.65760803222656,34.6580924987793,34.65863800048828,34.65915298461914,34.65968322753906,34.660133361816406,34.66059494018555,34.660987854003906,34.66141891479492,34.66181564331055,34.6622314453125,34.662593841552734,34.662986755371094,34.6633415222168,34.66368103027344,34.6639518737793,34.66425323486328,34.664546966552734,34.664737701416016,34.664791107177734,34.664894104003906,null,null
34.652915954589844,34.652915954589844,34.652923583984375,34.65302276611328,34.65319061279297,34.65354537963867,34.65402603149414,34.65468978881836,34.655426025390625,34.656089782714844,34.65658187866211,34.656837463378906,34.656822204589844,34.65665054321289,34.65636444091797,34.65605926513672,34.655792236328125,34.65556716918945,34.65542984008789,34.655372619628906,34.65541076660156,34.655548095703125,34.655757904052734,34.65604019165039,34.656349182128906,34.656715393066406,34.65707778930664,34.657535552978516,34.65800476074219,34.65855026245117,34.65907287597656,34.65962219238281,34.66010284423828,34.66059875488281,34.661014556884766,34.66147232055664,34.66188430786133,34.66231918334961,34.662696838378906,34.663108825683594,34.66347885131836,34.6638298034668,34.66410446166992,34.66444396972656,34.664798736572266,34.66499710083008,34.665008544921875,34.665016174316406,null,null
34.65397644042969,34.65404510498047,34.654136657714844,34.654327392578125,34.65458679199219,34.654991149902344,34.65547561645508,34.65608215332031,34.656700134277344,34.65724182128906,34.657596588134766,34.657745361328125,34.657649993896484,34.65741729736328,34.65707778930664,34.65672302246094,34.65640640258789,34.6561279296875,34.655941009521484,34.65583419799805,34.65583038330078,34.655921936035156,34.65608596801758,34.65632247924805,34.656585693359375,34.65690231323242,34.65721893310547,34.65763854980469,34.6580810546875,34.65860366821289,34.659114837646484,34.659664154052734,34.66014862060547,34.66065216064453,34.66108322143555,34.661556243896484,34.6619873046875,34.662452697753906,34.66287612915039,34.6633186340332,34.66370391845703,34.66403579711914,34.664249420166016,34.664546966552734,34.66487503051758,34.66505432128906,null,null,null,null
34.65532684326172,34.655494689941406,34.65568923950195,34.65598678588867,34.65632247924805,34.656761169433594,34.6572265625,34.65774154663086,34.65822982788086,34.658607482910156,34.65882110595703,34.65884017944336,34.65867233276367,34.65837478637695,34.65800476074219,34.65761184692383,34.657264709472656,34.656944274902344,34.65671157836914,34.656551361083984,34.656497955322266,34.656532287597656,34.656654357910156,34.65684127807617,34.65706253051758,34.65733337402344,34.65760803222656,34.657981872558594,34.658390045166016,34.65887451171875,34.65935134887695,34.65986633300781,34.66033172607422,34.66082000732422,34.66124725341797,34.66172409057617,34.66217041015625,34.66265869140625,34.66310119628906,34.663551330566406,34.66393280029297,34.664283752441406,34.66453170776367,34.66473388671875,34.664859771728516,34.66492462158203,null,null,null,null
34.6567268371582,34.65699768066406,34.65730285644531,34.657684326171875,34.658084869384766,34.658538818359375,34.658958435058594,34.65938186645508,34.65972137451172,34.659950256347656,34.66001892089844,34.65993118286133,34.659698486328125,34.65936279296875,34.65897750854492,34.6585693359375,34.65821075439453,34.657867431640625,34.65760040283203,34.65739440917969,34.657283782958984,34.65726852416992,34.6573486328125,34.657501220703125,34.657691955566406,34.657928466796875,34.65816879272461,34.658504486083984,34.65887451171875,34.6593132019043,34.65974044799805,34.66020202636719,34.660614013671875,34.66106414794922,34.66147232055664,34.66194534301758,34.66240310668945,34.66289520263672,34.663330078125,34.66376495361328,34.664119720458984,34.664520263671875,34.66490173339844,34.66498565673828,34.664737701416016,34.66461181640625,null,null,null,null
34.658409118652344,34.658775329589844,34.65916061401367,34.65960693359375,34.66002655029297,34.66045379638672,34.66081237792969,34.66111373901367,34.66130828857422,34.661373138427734,34.661312103271484,34.6611213684082,34.66083908081055,34.66047286987305,34.66009521484375,34.659698486328125,34.65934371948242,34.65898895263672,34.658695220947266,34.658447265625,34.658287048339844,34.65821838378906,34.65826416015625,34.65837860107422,34.658546447753906,34.658748626708984,34.65895462036133,34.65924072265625,34.65956115722656,34.659934997558594,34.66029739379883,34.66069030761719,34.661048889160156,34.66144561767578,34.66181564331055,34.66226577758789,34.66271209716797,34.66321563720703,34.66367721557617,34.66416931152344,34.66459655761719,34.665042877197266,34.66543197631836,34.6653938293457,34.66483688354492,34.66444396972656,null,null,null,null
34.660831451416016,34.66127395629883,34.661712646484375,34.66216278076172,34.66254425048828,34.662879943847656,34.66310501098633,34.66323471069336,34.663246154785156,34.663143157958984,34.66294479370117,34.66266632080078,34.662353515625,34.66200256347656,34.66167449951172,34.66132354736328,34.661014556884766,34.66067886352539,34.66038131713867,34.66011047363281,34.65990447998047,34.65979766845703,34.65980911254883,34.659889221191406,34.660030364990234,34.66019821166992,34.66035842895508,34.66057205200195,34.660797119140625,34.66107177734375,34.66133499145508,34.66162872314453,34.661888122558594,34.662193298339844,34.66248321533203,34.662845611572266,34.66322326660156,34.663700103759766,34.66419982910156,34.664764404296875,34.66530990600586,34.66569900512695,34.66592025756836,34.665889739990234,null,null,null,null,null,null
34.66313552856445,34.66363525390625,34.66411209106445,34.66455078125,34.66487503051758,34.66510772705078,34.66520309448242,34.6651725769043,34.66502380371094,34.664772033691406,34.664466857910156,34.664119720458984,34.663795471191406,34.6634635925293,34.66318893432617,34.66289138793945,34.66263198852539,34.66233444213867,34.662052154541016,34.661773681640625,34.66154479980469,34.66141128540039,34.66139602661133,34.66144561767578,34.66156005859375,34.661685943603516,34.661808013916016,34.661949157714844,34.662086486816406,34.66225814819336,34.66242980957031,34.66261672973633,34.662784576416016,34.66298294067383,34.663177490234375,34.663448333740234,34.663734436035156,34.66415786743164,34.66463851928711,34.665199279785156,34.665733337402344,34.66606521606445,null,null,null,null,null,null,null,null
34.664405822753906,34.6649169921875,34.66538619995117,34.665794372558594,34.666072845458984,34.666236877441406,34.666259765625,34.66615676879883,34.66594696044922,34.6656494140625,34.665313720703125,34.664955139160156,34.664634704589844,34.6643180847168,34.664066314697266,34.66380310058594,34.663578033447266,34.6633186340332,34.66307830810547,34.6628303527832,34.662620544433594,34.66249084472656,34.66246032714844,34.6624870300293,34.662567138671875,34.66266632080078,34.66276550292969,34.662872314453125,34.662967681884766,34.663082122802734,34.66320037841797,34.663307189941406,34.663394927978516,34.66350173950195,34.66361618041992,34.663780212402344,34.663978576660156,34.664302825927734,34.664703369140625,34.66514587402344,34.66566848754883,34.6660270690918,null,null,null,null,null,null,null,null
34.66532897949219,34.66583251953125,34.666282653808594,34.666656494140625,34.66688919067383,34.66700744628906,34.66698455810547,34.666847229003906,34.66661071777344,34.66630172729492,34.66596984863281,34.665611267089844,34.6652946472168,34.66498565673828,34.66474151611328,34.664493560791016,34.6642951965332,34.6640739440918,34.663883209228516,34.66367721557617,34.66350555419922,34.66338348388672,34.6633415222168,34.66333770751953,34.66337966918945,34.6634521484375,34.663536071777344,34.66362380981445,34.663700103759766,34.663780212402344,34.663848876953125,34.66389083862305,34.66389083862305,34.66390609741211,34.66392517089844,34.66398239135742,34.6640625,34.66427993774414,34.66458511352539,34.66487121582031,null,null,null,null,null,null,null,null,null,null
34.66611099243164,34.66659927368164,34.66701889038086,34.6673583984375,34.66755676269531,34.66763687133789,34.66759490966797,34.667442321777344,34.667205810546875,34.66689682006836,34.66657257080078,34.66621398925781,34.665889739990234,34.66556930541992,34.665313720703125,34.665069580078125,34.664886474609375,34.66470718383789,34.66455841064453,34.664405822753906,34.66426467895508,34.664154052734375,34.66408920288086,34.66404724121094,34.66404342651367,34.66407012939453,34.664127349853516,34.66419219970703,34.66425323486328,34.664302825927734,34.66433334350586,34.664306640625,34.66423416137695,34.664161682128906,34.66410446166992,34.6640739440918,34.66407012939453,34.66423034667969,34.664520263671875,34.664676666259766,null,null,null,null,null,null,null,null,null,null
34.66656494140625,34.66703414916992,34.667415618896484,34.667724609375,34.66790008544922,34.66798400878906,34.6679573059082,34.6678352355957,34.66763687133789,34.66736602783203,34.66706085205078,34.66669845581055,34.666343688964844,34.66598129272461,34.66568374633789,34.66542434692383,34.665252685546875,34.66510772705078,34.66501998901367,34.6649169921875,34.66481399536133,34.66469192504883,34.664581298828125,34.66447067260742,34.66437911987305,34.66433334350586,34.66434097290039,34.66437530517578,34.6644287109375,34.66446304321289,34.664466857910156,34.66440200805664,34.66427230834961,34.664127349853516,34.66398620605469,34.663902282714844,34.66388702392578,34.66404342651367,34.6644172668457,34.66468048095703,null,null,null,null,null,null,null,null,null,null
34.66676712036133,34.66722106933594,34.66756820678711,34.6678581237793,34.668033599853516,34.668128967285156,34.66813278198242,34.66804885864258,34.66790008544922,34.66766357421875,34.667381286621094,34.667015075683594,34.666629791259766,34.666229248046875,34.665889739990234,34.66561508178711,34.66545486450195,34.665348052978516,34.665313720703125,34.66524887084961,34.665164947509766,34.6650276184082,34.664859771728516,34.664676666259766,34.66450881958008,34.664390563964844,34.66434097290039,34.664344787597656,34.66440200805664,34.664424896240234,34.6644172668457,34.66433334350586,34.664188385009766,34.66399002075195,34.66376876831055,34.663631439208984,34.66360092163086,34.66368103027344,null,null,null,null,null,null,null,null,null,null,null,null
34.66640090942383,34.666866302490234,34.66722106933594,34.66752624511719,34.667724609375,34.66785430908203,34.66788864135742,34.6678466796875,34.66773223876953,34.66752624511719,34.667266845703125,34.66690444946289,34.66651153564453,34.66609573364258,34.665740966796875,34.665462493896484,34.66530990600586,34.66521453857422,34.66518783569336,34.66511917114258,34.66502380371094,34.66485595703125,34.664649963378906,34.664424896240234,34.66422653198242,34.66408157348633,34.66401672363281,34.66402053833008,34.664085388183594,34.664127349853516,34.66413497924805,34.66407012939453,34.663944244384766,34.66374969482422,34.663516998291016,34.663368225097656,34.663330078125,34.66331100463867,null,null,null,null,null,null,null,null,null,null,null,null
34.66580581665039,34.666297912597656,34.66656494140625,34.66672134399414,34.66685485839844,34.66704177856445,34.66713333129883,34.66714859008789,34.66708755493164,34.666934967041016,34.666717529296875,34.6663932800293,34.666019439697266,34.66562271118164,34.66526412963867,34.664981842041016,34.664817810058594,34.66469955444336,34.66464614868164,34.66453552246094,34.664390563964844,34.664180755615234,34.6639404296875,34.663700103759766,34.66349792480469,34.663368225097656,34.663330078125,34.663368225097656,34.66346740722656,34.6635627746582,34.66362762451172,34.66360855102539,34.66351318359375,34.663352966308594,34.66315841674805,34.66307067871094,34.66310501098633,34.66313171386719,null,null,null,null,null,null,null,null,null,null,null,null
34.665042877197266,34.665557861328125,34.665771484375,34.665775299072266,34.6658821105957,34.66612243652344,34.6662712097168,34.66634750366211,34.666343688964844,34.6662483215332,34.66608428955078,34.66580581665039,34.665470123291016,34.66509246826172,34.66474533081055,34.664451599121094,34.664268493652344,34.66411590576172,34.66401672363281,34.66386032104492,34.663665771484375,34.66341781616211,34.66315841674805,34.66291427612305,34.66272735595703,34.662620544433594,34.662620544433594,34.66270065307617,34.662845611572266,34.662994384765625,34.66312789916992,34.66316223144531,34.663089752197266,34.662960052490234,34.66279983520508,null,null,null,null,null,null,null,null,null,null,null,null,null,null,null
34.66391372680664,34.6644401550293,34.66474533081055,34.66496658325195,34.66517639160156,34.66545867919922,34.6656494140625,34.665775299072266,34.66581344604492,34.66576385498047,34.6656379699707,34.665401458740234,34.66509246826172,34.664730072021484,34.66438674926758,34.664085388183594,34.663883209228516,34.663700103759766,34.66357421875,34.66337966918945,34.66316223144531,34.662899017333984,34.66263961791992,34.662410736083984,34.66224670410156,34.66217041015625,34.66219711303711,34.66230773925781,34.66248321533203,34.66267776489258,34.6628532409668,34.66292190551758,34.662864685058594,34.66274642944336,34.6625862121582,null,null,null,null,null,null,null,null,null,null,null,null,null,null,null
34.66286849975586,34.66339874267578,34.6638298034668,34.66425704956055,34.66460418701172,34.664920806884766,34.66512680053711,34.66526412963867,34.66533279418945,34.665340423583984,34.66525650024414,34.66505432128906,34.664772033691406,34.664432525634766,34.66409683227539,34.66379165649414,34.663570404052734,34.663360595703125,34.6631965637207,34.66297149658203,34.662723541259766,34.66245651245117,34.66221618652344,34.66201400756836,34.661888122558594,34.661834716796875,34.661869049072266,34.661991119384766,34.66218185424805,34.662391662597656,34.66258239746094,34.66265869140625,34.66261291503906,34.66249465942383,34.66232681274414,null,null,null,null,null,null,null,null,null,null,null,null,null,null,null
