earth/public/data/ocean/W07/ANN-vosaline-depthz-3000m-gfs-1.0.json
{"header": {"discipline": 0, "disciplineName": "Meteorological products", "gribEdition": 2, "gribLength": 131138.0, "center": 0, "centerName": "Kiel Climate Model", "subcenter": 0, "refTime": "1", "significanceOfRT": 1, "significanceOfRTName": "Start of forecast", "productStatus": 0, "productStatusName": "Operational products", "productType": 1, "productTypeName": "Forecast products", "productDefinitionTemplate": 0, "productDefinitionTemplateName": "Analysis/forecast at horizontal level/layer at a point in time", "parameterCategory": 2, "parameterCategoryName": "Momentum", "parameterNumber": 2, "parameterNumberName": "U-component_of_wind", "parameterUnit": "PSU", "genProcessType": 2, "genProcessTypeName": "Forecast", "forecastTime": 0, "surface1Type": 103, "surface1TypeName": "Specified height level above ground", "surface1Value": 10, "surface2Type": 255, "surface2TypeName": "Missing", "surface2Value": 0, "gridDefinitionTemplate": 0, "gridDefinitionTemplateName": "Latitude_Longitude", "numberPoints": 65160, "shape": 6, "shapeName": "Earth spherical with radius of 6,371,229.0 m", "gridUnits": "degrees", "resolution": 48, "winds": "true", "scanMode": 0, "nx": 360.0, "ny": 180.0, "basicAngle": 0, "subDivisions": 0, "lo1": 0.0, "la1": -89.5, "lo2": 359.0, "la2": 89.5, "dx": 1.0, "dy": -1.0}, "data":
[rows 22 to 43 of 180, columns 204 to 254 of 360]
34.75785827636719,34.75783920288086,34.75782775878906,34.75782012939453,34.7578125,34.75780487060547,34.75779724121094,34.757774353027344,34.757747650146484,34.75770568847656,34.757659912109375,34.75759506225586,34.75753402709961,34.7574577331543,34.75738525390625,34.75730895996094,34.757240295410156,34.757179260253906,34.757137298583984,34.75711441040039,34.75711441040039,34.75712966918945,34.75716018676758,34.7572021484375,34.75725173950195,34.75730895996094,34.75736999511719,34.75743103027344,34.75749206542969,34.7575569152832,34.75761795043945,34.75768280029297,34.75774383544922,34.757808685302734,34.75786590576172,34.75792694091797,34.75798416137695,34.75804138183594,34.758094787597656,34.75815200805664,34.75819778442383,34.75825119018555,34.758296966552734,34.75834655761719,34.758392333984375,34.75844192504883,34.758487701416016,34.7585334777832,34.75857925415039,34.75862121582031,34.758663177490234
34.75782775878906,34.75783157348633,34.757835388183594,34.757835388183594,34.75783157348633,34.75782775878906,34.75782012939453,34.75779724121094,34.75776672363281,34.75771713256836,34.757659912109375,34.75758743286133,34.75751495361328,34.75742721557617,34.75734329223633,34.757259368896484,34.75718307495117,34.75712585449219,34.7570915222168,34.757083892822266,34.75709915161133,34.75713348388672,34.75718688964844,34.75724792480469,34.75731658935547,34.757389068603516,34.7574577331543,34.75753402709961,34.75760269165039,34.75767517089844,34.75774002075195,34.7578125,34.75787353515625,34.75794219970703,34.75800323486328,34.75806427001953,34.758121490478516,34.7581787109375,34.75823211669922,34.75828552246094,34.758331298828125,34.75837707519531,34.758419036865234,34.75846481323242,34.758506774902344,34.758548736572266,34.758583068847656,34.75862121582031,34.7586555480957,34.75868606567383,34.75871276855469
34.75764846801758,34.7576904296875,34.75771713256836,34.75773620605469,34.75774383544922,34.75774383544922,34.75774002075195,34.75771713256836,34.7576789855957,34.757625579833984,34.75756072998047,34.757484436035156,34.75740051269531,34.75730895996094,34.75722122192383,34.75714111328125,34.757080078125,34.75704574584961,34.75703811645508,34.75706100463867,34.75710678100586,34.75717544555664,34.75725173950195,34.75733947753906,34.757423400878906,34.757511138916016,34.757591247558594,34.75767517089844,34.75774383544922,34.75782012939453,34.75788497924805,34.75795364379883,34.75801467895508,34.758079528808594,34.75813674926758,34.7581901550293,34.75823974609375,34.75829315185547,34.75833511352539,34.75838088989258,34.758419036865234,34.758453369140625,34.758487701416016,34.75851821899414,34.758548736572266,34.75857162475586,34.75859069824219,34.758609771728516,34.75862121582031,34.75863265991211,34.758636474609375
34.75678253173828,34.7569465637207,34.75709533691406,34.75720977783203,34.757259368896484,34.7573127746582,34.75735092163086,34.75735855102539,34.757328033447266,34.75728225708008,34.75722885131836,34.75716781616211,34.757102966308594,34.75704574584961,34.75699996948242,34.756980895996094,34.756980895996094,34.757015228271484,34.7570686340332,34.757144927978516,34.75722885131836,34.757328033447266,34.75741958618164,34.75751876831055,34.75760269165039,34.757686614990234,34.75775909423828,34.75783157348633,34.75789260864258,34.757957458496094,34.75800704956055,34.75806427001953,34.75811004638672,34.758155822753906,34.75819396972656,34.75823211669922,34.758262634277344,34.75829315185547,34.75831604003906,34.75833511352539,34.75835037231445,34.758358001708984,34.75836181640625,34.75836181640625,34.758358001708984,34.75834655761719,34.75832748413086,34.758304595947266,34.758277893066406,34.758243560791016,34.758209228515625
34.75541305541992,34.75569152832031,34.75598907470703,34.756229400634766,34.756385803222656,34.756534576416016,34.756656646728516,34.7567253112793,34.756736755371094,34.75673294067383,34.7567138671875,34.75670623779297,34.756710052490234,34.756744384765625,34.75680160522461,34.75688934326172,34.75699234008789,34.757110595703125,34.75722885131836,34.75734329223633,34.7574462890625,34.75754165649414,34.75762176513672,34.757694244384766,34.75775146484375,34.75780487060547,34.757843017578125,34.75788116455078,34.757911682128906,34.75794219970703,34.757965087890625,34.75798797607422,34.75800704956055,34.75802230834961,34.758033752441406,34.75803756713867,34.75804138183594,34.758033752441406,34.75802230834961,34.75800323486328,34.75798034667969,34.75794219970703,34.75790023803711,34.757843017578125,34.75778579711914,34.75770950317383,34.757633209228516,34.75754165649414,34.75745391845703,34.757354736328125,34.75726318359375
34.75458908081055,34.754859924316406,34.7551383972168,34.75542068481445,34.75565719604492,34.75586700439453,34.75602340698242,34.75614929199219,34.7562255859375,34.756290435791016,34.75633239746094,34.75640869140625,34.75650405883789,34.75664138793945,34.75680160522461,34.75697708129883,34.75714111328125,34.757293701171875,34.757408142089844,34.75750732421875,34.75757598876953,34.757625579833984,34.75765609741211,34.75767135620117,34.75767517089844,34.757667541503906,34.75765609741211,34.75764083862305,34.757625579833984,34.75761032104492,34.75759506225586,34.7575798034668,34.757564544677734,34.757545471191406,34.75752258300781,34.75749588012695,34.75746536254883,34.75742721557617,34.757381439208984,34.75731658935547,34.75725173950195,34.75716018676758,34.75706481933594,34.7569465637207,34.7568244934082,34.75667953491211,34.75653839111328,34.756378173828125,34.756229400634766,34.756065368652344,34.755916595458984
34.754547119140625,34.754730224609375,34.75491714477539,34.75513458251953,34.755340576171875,34.75553894042969,34.75568389892578,34.75584030151367,34.7559700012207,34.756103515625,34.75621795654297,34.75637435913086,34.75654602050781,34.75675582885742,34.75696563720703,34.757164001464844,34.7573127746582,34.757423400878906,34.757484436035156,34.757511138916016,34.75750732421875,34.757484436035156,34.7574462890625,34.757389068603516,34.757320404052734,34.75723648071289,34.75715255737305,34.75706100463867,34.756980895996094,34.756900787353516,34.756832122802734,34.75676345825195,34.75669860839844,34.75663375854492,34.75657653808594,34.75651550292969,34.7564582824707,34.756385803222656,34.75631332397461,34.7562141418457,34.756103515625,34.75596237182617,34.75580978393555,34.7556266784668,34.75543975830078,34.755226135253906,34.75502014160156,34.754798889160156,34.75459671020508,34.7543830871582,34.75419616699219
34.754695892333984,34.75484085083008,34.75497817993164,34.7551383972168,34.75529098510742,34.755455017089844,34.75559997558594,34.755767822265625,34.755924224853516,34.756103515625,34.75626754760742,34.75647735595703,34.75669479370117,34.75693130493164,34.75714111328125,34.7573127746582,34.757408142089844,34.75745391845703,34.75743865966797,34.75739288330078,34.75731658935547,34.75721740722656,34.757110595703125,34.75697326660156,34.75682830810547,34.75664138793945,34.75645065307617,34.75623321533203,34.756038665771484,34.75583267211914,34.75565719604492,34.7554817199707,34.755340576171875,34.75520706176758,34.75510787963867,34.755008697509766,34.75493240356445,34.75483703613281,34.754737854003906,34.75460433959961,34.75445556640625,34.75425720214844,34.75404739379883,34.7537956237793,34.753543853759766,34.75326156616211,34.75299835205078,34.752716064453125,34.75246810913086,34.75221252441406,34.75199508666992
34.754905700683594,34.755027770996094,34.75515365600586,34.75529861450195,34.75543975830078,34.75558853149414,34.75572204589844,34.75590133666992,34.7560920715332,34.756290435791016,34.75646209716797,34.75667953491211,34.75690460205078,34.75712203979492,34.757286071777344,34.757389068603516,34.75741195678711,34.75739669799805,34.75733947753906,34.75723648071289,34.757110595703125,34.7569580078125,34.756797790527344,34.75658416748047,34.75634765625,34.756019592285156,34.75565719604492,34.7552375793457,34.75483322143555,34.7544059753418,34.75404357910156,34.75370788574219,34.753456115722656,34.753238677978516,34.75310134887695,34.75297927856445,34.752899169921875,34.7527961730957,34.75269317626953,34.752532958984375,34.752349853515625,34.75210189819336,34.75183868408203,34.751522064208984,34.75121307373047,34.7508659362793,34.75054931640625,34.750221252441406,34.749942779541016,34.74964904785156,34.7494010925293
34.75508117675781,34.75520324707031,34.75533676147461,34.755496978759766,34.75566101074219,34.755821228027344,34.75594711303711,34.756141662597656,34.75636672973633,34.75656509399414,34.7567024230957,34.75690460205078,34.75712585449219,34.757286071777344,34.75735092163086,34.75736999511719,34.75733184814453,34.75728225708008,34.757225036621094,34.7570915222168,34.75690841674805,34.75667190551758,34.756431579589844,34.7560920715332,34.75572204589844,34.75519943237305,34.754615783691406,34.753929138183594,34.753265380859375,34.75257873535156,34.751991271972656,34.75148010253906,34.751129150390625,34.750877380371094,34.75076675415039,34.750675201416016,34.75061798095703,34.750518798828125,34.750404357910156,34.75022506713867,34.75001525878906,34.74972915649414,34.74941635131836,34.74903106689453,34.7486457824707,34.74822235107422,34.74784469604492,34.74745559692383,34.74713134765625,34.746788024902344,34.746498107910156
34.75511932373047,34.75523376464844,34.75537872314453,34.75556182861328,34.75575256347656,34.75594711303711,34.7561149597168,34.75634002685547,34.75657653808594,34.75675582885742,34.7568473815918,34.75699234008789,34.75716781616211,34.75722122192383,34.75714111328125,34.75709915161133,34.75709533691406,34.75698471069336,34.75680160522461,34.75654602050781,34.75627899169922,34.75593566894531,34.75556945800781,34.75508117675781,34.754554748535156,34.75382995605469,34.7530403137207,34.752159118652344,34.7513427734375,34.75049591064453,34.7497673034668,34.74919128417969,34.748863220214844,34.74869155883789,34.748695373535156,34.7486686706543,34.748619079589844,34.748504638671875,34.74835205078125,34.74810791015625,34.74782943725586,34.74746322631836,34.74708557128906,34.74658966064453,34.746070861816406,34.74550247192383,34.74498748779297,34.744468688964844,34.74405288696289,34.743621826171875,34.743255615234375
34.75505065917969,34.75515365600586,34.75530242919922,34.755496978759766,34.75569534301758,34.75592041015625,34.756134033203125,34.75639724731445,34.75666427612305,34.756832122802734,34.75687026977539,34.75694274902344,34.75702667236328,34.75696563720703,34.756752014160156,34.75669479370117,34.756805419921875,34.756614685058594,34.75614929199219,34.75572204589844,34.755393981933594,34.75497817993164,34.75454330444336,34.75395584106445,34.753318786621094,34.752479553222656,34.751583099365234,34.75064468383789,34.74982833862305,34.74896240234375,34.74820327758789,34.74767303466797,34.74747085571289,34.74741744995117,34.747528076171875,34.74754333496094,34.74746322631836,34.747314453125,34.74711990356445,34.74679946899414,34.746402740478516,34.745941162109375,34.7454833984375,34.744876861572266,34.74421691894531,34.74348831176758,34.7428092956543,34.74215316772461,34.74162292480469,34.74109649658203,34.740657806396484
34.75489044189453,34.75495529174805,34.75508117675781,34.755252838134766,34.75544738769531,34.75565719604492,34.75585174560547,34.75608825683594,34.7563362121582,34.756500244140625,34.756553649902344,34.756553649902344,34.75650405883789,34.756317138671875,34.75603103637695,34.75602340698242,34.75628662109375,34.75624465942383,34.75578689575195,34.75459289550781,34.753387451171875,34.75281524658203,34.752777099609375,34.7524528503418,34.751853942871094,34.751094818115234,34.75029754638672,34.74947738647461,34.74876403808594,34.74800491333008,34.7473258972168,34.74692153930664,34.746856689453125,34.746700286865234,34.74650955200195,34.74624252319336,34.74599075317383,34.745948791503906,34.74610137939453,34.74592971801758,34.74543380737305,34.74486541748047,34.744327545166016,34.74359130859375,34.742794036865234,34.74191665649414,34.74113082885742,34.74034881591797,34.739715576171875,34.73908615112305,34.73857879638672
34.754451751708984,34.75443649291992,34.754478454589844,34.75457000732422,34.754695892333984,34.75481414794922,34.754905700683594,34.755008697509766,34.75510787963867,34.75518798828125,34.755245208740234,34.755149841308594,34.754920959472656,34.75461959838867,34.75428771972656,34.754493713378906,34.75535583496094,34.75442886352539,null,null,34.748714447021484,34.74897766113281,34.749427795410156,34.74943542480469,34.749053955078125,34.74855041503906,34.748016357421875,34.74742126464844,34.74688720703125,34.746341705322266,34.745887756347656,34.745635986328125,34.74565124511719,34.745445251464844,34.74500274658203,34.74460220336914,34.74422073364258,34.74402618408203,34.74413299560547,34.74396514892578,34.74363708496094,34.743125915527344,34.742496490478516,34.741580963134766,34.74053955078125,34.73945999145508,34.7385368347168,34.737586975097656,34.73678207397461,34.73599624633789,34.73537826538086
34.753578186035156,34.75344467163086,34.75336456298828,34.753292083740234,34.75323486328125,34.753135681152344,34.75301742553711,34.75285720825195,34.7526969909668,34.752532958984375,34.752403259277344,34.75213623046875,34.75178146362305,34.75139617919922,34.75105285644531,34.750816345214844,null,null,34.74414825439453,34.74340057373047,34.7447509765625,34.745399475097656,34.745521545410156,34.745452880859375,34.745201110839844,34.744808197021484,34.74436950683594,34.74391174316406,34.743526458740234,34.74318313598633,34.74295425415039,34.74284744262695,34.74287796020508,34.742942810058594,34.7430534362793,34.74283218383789,34.74238586425781,34.74156188964844,34.740474700927734,34.74016571044922,34.7406120300293,34.74047088623047,34.73976516723633,34.7386474609375,34.73732376098633,34.735992431640625,34.734886169433594,34.73372268676758,34.73271179199219,34.73175811767578,34.73102569580078
34.752193450927734,34.75193786621094,34.75172805786133,34.75144958496094,34.75114822387695,34.75075912475586,34.750343322753906,34.749874114990234,34.74942398071289,34.74897384643555,34.74858474731445,34.74813461303711,34.74769592285156,34.747249603271484,34.746883392333984,34.74612808227539,34.74494171142578,34.74357604980469,34.74283981323242,34.74260330200195,34.74271011352539,34.74254608154297,34.74208450317383,34.741607666015625,34.741188049316406,34.740657806396484,34.74010467529297,34.739620208740234,34.73928451538086,34.739013671875,34.738861083984375,34.738887786865234,34.73908996582031,34.73953628540039,34.740150451660156,34.740352630615234,34.740047454833984,34.738834381103516,34.736881256103516,34.73638916015625,34.73750305175781,34.73766326904297,34.73688507080078,34.73564910888672,34.73417282104492,34.7326545715332,34.73137283325195,34.73003387451172,34.728878021240234,34.72781753540039,34.727046966552734
34.750244140625,34.74985885620117,34.749515533447266,34.749053955078125,34.74855422973633,34.7479133605957,34.747249603271484,34.74653244018555,34.745887756347656,34.745235443115234,34.744693756103516,34.74410629272461,34.74357986450195,34.74303436279297,34.74257278442383,34.74207305908203,34.741634368896484,34.74113845825195,34.740684509277344,34.74018478393555,34.73973846435547,34.73915100097656,34.7385139465332,34.73784637451172,34.73725891113281,34.73660659790039,34.73600387573242,34.73549270629883,34.735164642333984,34.734901428222656,34.734745025634766,34.73488235473633,34.735294342041016,34.73584747314453,34.7364616394043,34.73698425292969,34.737361907958984,34.736236572265625,34.733863830566406,34.7330207824707,34.73387145996094,34.734134674072266,34.73371505737305,34.73270034790039,34.73123550415039,34.72968292236328,34.72832107543945,34.726924896240234,34.72573471069336,34.72467041015625,34.72391891479492
34.74853515625,34.748050689697266,34.747615814208984,34.74704360961914,34.746429443359375,34.745662689208984,34.744876861572266,34.74403381347656,34.7432861328125,34.74253463745117,34.74190902709961,34.74125289916992,34.74067687988281,34.74005889892578,34.73950958251953,34.73896408081055,34.73851776123047,34.73809051513672,34.737762451171875,34.73736572265625,34.73698043823242,34.73644256591797,34.73585891723633,34.73520278930664,34.734596252441406,34.733951568603516,34.73338317871094,34.73289108276367,34.732566833496094,34.7322998046875,34.732147216796875,34.73229217529297,34.732704162597656,34.73323440551758,34.7337760925293,34.73455047607422,34.73541259765625,34.73427200317383,34.73131561279297,34.72989273071289,34.730228424072266,34.73061752319336,34.73100662231445,34.73044204711914,34.729068756103516,34.72758865356445,34.726280212402344,34.724937438964844,34.72381591796875,34.72280502319336,34.72209167480469
34.74713897705078,34.746604919433594,34.74613571166992,34.745506286621094,34.744834899902344,34.7440071105957,34.7431755065918,34.74229049682617,34.74151611328125,34.740726470947266,34.74007034301758,34.7393684387207,34.73875045776367,34.73809051513672,34.73751449584961,34.73695373535156,34.73651123046875,34.73611068725586,34.73582077026367,34.735469818115234,34.73512268066406,34.73465347290039,34.73414611816406,34.733558654785156,34.732994079589844,34.73239517211914,34.731868743896484,34.731407165527344,34.73109436035156,34.73084259033203,34.73069763183594,34.73078536987305,34.73109436035156,34.73151779174805,34.73198318481445,34.73267364501953,34.73347091674805,34.732662200927734,34.73032760620117,34.729156494140625,34.72929763793945,34.72896957397461,34.72836685180664,34.72761154174805,34.726905822753906,34.72597885131836,34.724918365478516,34.723793029785156,34.7227897644043,34.721866607666016,34.721187591552734
34.74494552612305,34.74437713623047,34.743900299072266,34.74323272705078,34.74248504638672,34.741600036621094,34.7407341003418,34.739830017089844,34.73905563354492,34.7382698059082,34.73762130737305,34.73691177368164,34.73626708984375,34.73561096191406,34.735050201416016,34.73451614379883,34.73409652709961,34.73372268676758,34.733463287353516,34.73314666748047,34.732826232910156,34.732418060302734,34.731990814208984,34.73149490356445,34.731021881103516,34.73051071166992,34.73006057739258,34.72964096069336,34.72933578491211,34.729087829589844,34.72895050048828,34.72896194458008,34.729122161865234,34.72939682006836,34.729736328125,34.730247497558594,34.7308349609375,34.730804443359375,34.7302360534668,34.72993850708008,34.730037689208984,34.72843933105469,34.725276947021484,34.72371292114258,34.72396469116211,34.72379684448242,34.723323822021484,34.72260665893555,34.72177505493164,34.72097396850586,34.7203483581543
34.74177932739258,34.74116897583008,34.740699768066406,34.739994049072266,34.73917770385742,34.73825454711914,34.73738479614258,34.73648452758789,34.73569869995117,34.73493576049805,34.73432540893555,34.7336540222168,34.73304748535156,34.73245620727539,34.73199462890625,34.731536865234375,34.731163024902344,34.7308349609375,34.73060989379883,34.730342864990234,34.730079650878906,34.72976303100586,34.72945785522461,34.72908401489258,34.72871780395508,34.72832107543945,34.727970123291016,34.727603912353516,34.72728729248047,34.72703552246094,34.72688293457031,34.726810455322266,34.72682571411133,34.72694396972656,34.72713851928711,34.72745132446289,34.72781753540039,34.72820281982422,34.728538513183594,34.72879409790039,34.72892761230469,34.72694778442383,34.72320556640625,34.72129821777344,34.72154235839844,34.72168731689453,34.721717834472656,34.72133255004883,34.72063064575195,34.7199592590332,34.71944046020508
34.739315032958984,34.73867416381836,34.738216400146484,34.73749542236328,34.73664855957031,34.73573303222656,34.73491668701172,34.734046936035156,34.73328399658203,34.73255920410156,34.73200607299805,34.73139572143555,34.73084259033203,34.7303352355957,34.72997283935547,34.72959899902344,34.72929000854492,34.7290153503418,34.72882843017578,34.72858810424805,34.72834014892578,34.728065490722656,34.72781753540039,34.72751235961914,34.72720718383789,34.72688674926758,34.72661209106445,34.72629165649414,34.72598648071289,34.725730895996094,34.72557067871094,34.72545623779297,34.725406646728516,34.72544479370117,34.725555419921875,34.72574996948242,34.72598648071289,34.72630310058594,34.72663879394531,34.726905822753906,34.727054595947266,34.72556686401367,34.72274398803711,34.72109603881836,34.720943450927734,34.72089385986328,34.720943450927734,34.720603942871094,34.71992111206055,34.71931457519531,34.71889877319336
