earth/public/data/ocean/W07/ANN-votemper-depthz-2000m-gfs-1.0.json
{"header": {"discipline": 0, "disciplineName": "Meteorological products", "gribEdition": 2, "gribLength": 131138.0, "center": 0, "centerName": "Kiel Climate Model", "subcenter": 0, "refTime": "1", "significanceOfRT": 1, "significanceOfRTName": "Start of forecast", "productStatus": 0, "productStatusName": "Operational products", "productType": 1, "productTypeName": "Forecast products", "productDefinitionTemplate": 0, "productDefinitionTemplateName": "Analysis/forecast at horizontal level/layer at a point in time", "parameterCategory": 2, "parameterCategoryName": "Momentum", "parameterNumber": 2, "parameterNumberName": "U-component_of_wind", "parameterUnit": "C", "genProcessType": 2, "genProcessTypeName": "Forecast", "forecastTime": 0, "surface1Type": 103, "surface1TypeName": "Specified height level above ground", "surface1Value": 10, "surface2Type": 255, "surface2TypeName": "Missing", "surface2Value": 0, "gridDefinitionTemplate": 0, "gridDefinitionTemplateName": "Latitude_Longitude", "numberPoints": 65160, "shape": 6, "shapeName": "Earth spherical with radius of 6,371,229.0 m", "gridUnits": "degrees", "resolution": 48, "winds": "true", "scanMode": 0, "nx": 360.0, "ny": 180.0, "basicAngle": 0, "subDivisions": 0, "lo1": 0.0, "la1": -89.5, "lo2": 359.0, "la2": 89.5, "dx": 1.0, "dy": -1.0}, "data":
[rows 0 to 21 of 180, columns 196 to 244 of 360]
null,null,null,null,null,null,null,null,null,null,null,null,null,null,null,null,null,null,null,null,null,null,null,null,null,null,null,null,null,null,null,null,null,null,null,null,null,null,null,null,null,null,null,null,null,null,null,null,null
null,null,null,null,null,null,null,null,null,null,null,null,null,null,null,null,null,null,null,null,null,null,null,null,null,null,null,null,null,null,null,null,null,null,null,null,null,null,null,null,null,null,null,null,null,null,null,null,null
null,null,null,null,null,null,null,null,null,null,null,null,null,null,null,null,null,null,null,null,null,null,null,null,null,null,null,null,null,null,null,null,null,null,null,null,null,null,null,null,null,null,null,null,null,null,null,null,null
null,null,null,null,null,null,null,null,null,null,null,null,null,null,null,null,null,null,null,null,null,null,null,null,null,null,null,null,null,null,null,null,null,null,null,null,null,null,null,null,null,null,null,null,null,null,null,null,null
null,null,null,null,null,null,null,null,null,null,null,null,null,null,null,null,null,null,null,null,null,null,null,null,null,null,null,null,null,null,null,null,null,null,null,null,null,null,null,null,null,null,null,null,null,null,null,null,null
null,null,null,null,null,null,null,null,null,null,null,null,null,null,null,null,null,null,null,null,null,null,null,null,null,null,null,null,null,null,null,null,null,null,null,null,null,null,null,null,null,null,null,null,null,null,null,null,null
null,null,null,null,null,null,null,null,null,null,null,null,null,null,null,null,null,null,null,null,null,null,null,null,null,null,null,null,null,null,null,null,null,null,null,null,null,null,null,null,null,null,null,null,null,null,null,null,null
null,null,null,null,null,null,null,null,null,null,null,null,null,null,null,null,null,null,null,null,null,null,null,null,null,null,null,null,null,null,null,null,null,null,null,null,null,null,null,null,null,null,null,null,null,null,null,null,null
null,null,null,null,null,null,null,null,null,null,null,null,null,null,null,null,null,null,null,null,null,null,null,null,null,null,null,null,null,null,null,null,null,null,null,null,null,null,null,null,null,null,null,null,null,null,null,null,null
null,null,null,null,null,null,null,null,null,null,null,null,null,null,null,null,null,null,null,null,null,null,null,null,null,null,null,null,null,null,null,null,null,null,null,null,null,null,null,null,null,null,null,null,null,null,null,null,null
null,null,null,null,null,null,null,null,null,null,null,null,null,null,null,null,null,null,null,null,null,null,null,null,null,null,null,null,null,null,null,null,null,null,null,null,null,null,null,null,null,null,null,null,null,null,null,null,null
null,null,null,null,null,null,null,null,null,null,null,null,null,null,null,null,null,null,null,null,null,null,null,null,null,null,null,null,null,null,null,null,null,null,null,null,null,null,null,null,null,null,null,null,null,null,null,null,null
null,null,null,null,null,null,null,null,null,null,null,null,null,null,null,null,null,null,null,null,null,null,null,null,null,null,null,null,null,null,null,null,null,null,null,null,null,null,null,null,null,null,null,null,null,null,null,null,null
null,null,null,null,null,null,null,null,null,null,null,null,null,null,null,null,null,null,null,null,null,null,null,null,null,null,null,null,null,null,null,null,null,null,null,null,null,null,null,null,null,null,null,null,null,null,null,null,null
0.621399998664856,0.6284112334251404,0.6335160732269287,0.6376776099205017,0.6405649781227112,0.6431965827941895,0.6452640295028687,0.647490382194519,0.6495352387428284,0.6521056294441223,0.654802143573761,0.6576724052429199,0.6602555513381958,0.6630235314369202,null,null,null,null,null,null,null,null,null,null,null,null,null,null,null,null,null,null,null,null,null,null,null,null,null,null,null,null,null,null,null,null,null,null,null
0.6027419567108154,0.6070789694786072,0.6099280118942261,0.6125722527503967,0.6145372986793518,0.6166079044342041,0.61847323179245,0.6206287145614624,0.6227745413780212,0.6253713369369507,0.6280447840690613,0.6311367154121399,0.634183406829834,0.6376890540122986,0.6411172747612,0.642401933670044,0.6415948271751404,0.6437729597091675,0.6493761539459229,0.6552749872207642,0.6605156660079956,0.6620522141456604,null,null,null,null,null,null,null,null,null,null,null,null,null,null,null,null,null,null,null,null,null,null,null,null,null,null,null
0.5740231871604919,0.5751771330833435,0.5755441188812256,0.5760340690612793,0.5764946341514587,0.5773163437843323,0.5783236026763916,0.5796746015548706,0.5811220407485962,0.5829700231552124,0.5848886966705322,0.5874602198600769,0.5902342796325684,0.5938965678215027,0.5978187322616577,0.6027134656906128,0.6077691316604614,0.6140310764312744,0.6204572916030884,0.6276144981384277,0.6342901587486267,0.6378985643386841,0.6384705901145935,0.6420910358428955,0.6487762928009033,0.6558713316917419,0.6623269319534302,0.6686457991600037,0.6738751530647278,0.6788044571876526,0.6826146245002747,0.6858981251716614,0.6879897713661194,0.6893576383590698,null,null,null,null,null,null,null,null,null,null,null,null,null,null,null
0.5451611280441284,0.5447055697441101,0.5436770915985107,0.5425618886947632,0.5415785908699036,0.5407090187072754,0.5401564836502075,0.5396445989608765,0.5393373370170593,0.5391796231269836,0.539282500743866,0.5399150252342224,0.5410500168800354,0.5431948304176331,0.5460497736930847,0.5502732992172241,0.5551764369010925,0.5616157054901123,0.5684743523597717,0.5766791701316833,0.5847685933113098,0.5938168168067932,0.6021931171417236,0.6113511323928833,0.6196146607398987,0.6285800933837891,0.636549711227417,0.6449363827705383,0.6521167755126953,0.6594192385673523,0.6654173135757446,0.6713367700576782,0.6760227680206299,0.6794906854629517,0.6815404295921326,0.684559166431427,0.6874293684959412,0.6892551183700562,null,null,0.7270632982254028,0.7282419204711914,null,null,null,null,null,null,null
0.5126928687095642,0.5117378234863281,0.5101928114891052,0.5082712769508362,0.5062383413314819,0.5038785338401794,0.501541256904602,0.4988845884799957,0.49631762504577637,0.49362748861312866,0.4912397861480713,0.48918604850769043,0.4877893626689911,0.48736903071403503,0.48797228932380676,0.4901006519794464,0.49337291717529297,0.4984835088253021,0.5045447945594788,0.5124456882476807,0.5208153128623962,0.5308199524879456,0.5407178401947021,0.5519859194755554,0.562650203704834,0.5744501352310181,0.5853109359741211,0.5970588326454163,0.607632040977478,0.6187404990196228,0.6284507513046265,0.6384902000427246,0.6471202969551086,0.6557042598724365,0.6627592444419861,0.6696562170982361,0.6752075552940369,0.679358720779419,0.6820634007453918,0.691707968711853,0.7023971080780029,0.7053907513618469,0.7013657689094543,0.6994386315345764,0.7016776204109192,0.7087839245796204,0.7202798128128052,0.7251081466674805,null
0.48097309470176697,0.4804549813270569,0.4793681502342224,0.4776008427143097,0.47545331716537476,0.472487211227417,0.469195157289505,0.46514254808425903,0.4610048830509186,0.45641687512397766,0.45214006304740906,0.4479166865348816,0.44443240761756897,0.4417174160480499,0.44018274545669556,0.4401177763938904,0.4414606988430023,0.44478294253349304,0.44942691922187805,0.45629116892814636,0.464099258184433,0.4741412401199341,0.4845873713493347,0.4970704913139343,0.5093430876731873,0.5233456492424011,0.5365780591964722,0.5511144399642944,0.564373254776001,0.5785191655158997,0.5910515785217285,0.6042205691337585,0.6157158017158508,0.6276450753211975,0.6379380226135254,0.6482987999916077,0.6569451093673706,0.6653950810432434,0.6722049117088318,0.6788845658302307,0.6842955350875854,0.6896275281906128,0.6939720511436462,0.6982781291007996,0.7018116116523743,0.7075628638267517,0.7142025828361511,0.7182345986366272,0.7190001010894775
0.4586218297481537,0.45901286602020264,0.458847314119339,0.4579651653766632,0.4565354287624359,0.4540478587150574,0.4509475827217102,0.4467993676662445,0.44233641028404236,0.4372269809246063,0.43237602710723877,0.42735782265663147,0.42306381464004517,0.4192669093608856,0.4166405498981476,0.4152199327945709,0.41525352001190186,0.4171338677406311,0.42051437497138977,0.42624399065971375,0.43327757716178894,0.44292017817497253,0.4534139633178711,0.46643030643463135,0.4795941412448883,0.49491384625434875,0.5095912218093872,0.5258467197418213,0.5407100915908813,0.5566259622573853,0.5706871747970581,0.5855408310890198,0.598478376865387,0.612115740776062,0.623979389667511,0.6361519694328308,0.6464351415634155,0.6568002104759216,0.6653763651847839,0.6740355491638184,0.6812164783477783,0.6884905099868774,0.694541871547699,0.7007323503494263,0.7059361338615417,0.711346447467804,0.7159796357154846,0.7208930850028992,0.72519850730896
0.44234105944633484,0.44287511706352234,0.44321709871292114,0.4430657625198364,0.44247880578041077,0.4409080445766449,0.438631147146225,0.4352966248989105,0.4314693212509155,0.42698147892951965,0.4225885570049286,0.4179007112979889,0.4137169420719147,0.4097275733947754,0.40663397312164307,0.4044032096862793,0.4034483730792999,0.40413862466812134,0.4063718020915985,0.4110911786556244,0.4174538254737854,0.4268890917301178,0.4376639425754547,0.4515901803970337,0.46607062220573425,0.48327895998954773,0.4999753534793854,0.5185715556144714,0.5355553030967712,0.5536773800849915,0.5695275068283081,0.5861046314239502,0.6003181338310242,0.6151745319366455,0.6279382109642029,0.6411381959915161,0.6523672342300415,0.6639275550842285,0.6737108826637268,0.6838414072990417,0.6924565434455872,0.7013816833496094,0.7089658975601196,0.7168583273887634,0.7236030697822571,0.730632483959198,0.736655056476593,0.7429845929145813,0.748452365398407
