earth/public/data/ocean/W07/ANN-somxl010-depthz-0m-gfs-1.0.json
{"header": {"discipline": 0, "disciplineName": "Meteorological products", "gribEdition": 2, "gribLength": 131138.0, "center": 0, "centerName": "Kiel Climate Model", "subcenter": 0, "refTime": "1", "significanceOfRT": 1, "significanceOfRTName": "Start of forecast", "productStatus": 0, "productStatusName": "Operational products", "productType": 1, "productTypeName": "Forecast products", "productDefinitionTemplate": 0, "productDefinitionTemplateName": "Analysis/forecast at horizontal level/layer at a point in time", "parameterCategory": 2, "parameterCategoryName": "Momentum", "parameterNumber": 2, "parameterNumberName": "U-component_of_wind", "parameterUnit": "m", "genProcessType": 2, "genProcessTypeName": "Forecast", "forecastTime": 0, "surface1Type": 103, "surface1TypeName": "Specified height level above ground", "surface1Value": 10, "surface2Type": 255, "surface2TypeName": "Missing", "surface2Value": 0, "gridDefinitionTemplate": 0, "gridDefinitionTemplateName": "Latitude_Longitude", "numberPoints": 65160, "shape": 6, "shapeName": "Earth spherical with radius of 6,371,229.0 m", "gridUnits": "degrees", "resolution": 48, "winds": "true", "scanMode": 0, "nx": 360.0, "ny": 180.0, "basicAngle": 0, "subDivisions": 0, "lo1": 0.0, "la1": -89.5, "lo2": 359.0, "la2": 89.5, "dx": 1.0, "dy": -1.0}, "data":
[rows 21 to 41 of 180, columns 47 to 93 of 360]
null,null,null,null,null,null,null,null,null,null,null,null,null,null,null,null,null,null,null,null,null,null,85.22599029541016,64.86079406738281,56.726348876953125,78.72746276855469,89.34736633300781,103.94062042236328,113.74340057373047,118.06812286376953,117.71309661865234,null,null,null,null,null,null,null,null,null,null,null,null,null,null,null,null
null,null,null,null,null,null,null,null,null,null,null,null,null,null,null,null,null,null,null,null,null,null,88.35675811767578,57.84846496582031,45.68629455566406,49.25361633300781,55.14940643310547,61.53708267211914,68.05789184570312,73.38406372070312,75.37511444091797,null,null,null,null,null,null,null,null,null,null,null,null,null,null,null,null
98.46717834472656,102.41415405273438,100.5005874633789,73.7695541381836,73.48242950439453,77.84831237792969,81.6517562866211,84.83969116210938,85.46638488769531,83.55168151855469,88.14581298828125,124.37505340576172,138.1768341064453,156.6800994873047,153.276123046875,134.15838623046875,116.72010803222656,97.03804016113281,86.70838165283203,85.17350006103516,78.77153778076172,68.1372299194336,54.650516510009766,41.61941909790039,32.625526428222656,30.2252140045166,29.488340377807617,30.74106788635254,33.278831481933594,36.56435775756836,42.39168167114258,49.36494827270508,59.5812873840332,69.34230041503906,73.70359802246094,75.8696060180664,84.10071563720703,88.69419860839844,72.67125701904297,72.38133239746094,74.5831298828125,75.20530700683594,74.1977767944336,73.93267822265625,74.35487365722656,76.69859313964844,80.72511291503906
55.580230712890625,62.971946716308594,64.24070739746094,59.07767868041992,57.32063293457031,62.543094635009766,66.9218978881836,70.37744140625,69.99111938476562,65.79271697998047,71.3575439453125,81.38504791259766,87.71833801269531,88.77466583251953,82.99894714355469,70.4112777709961,57.10855484008789,46.772010803222656,39.280418395996094,37.03221893310547,34.14960479736328,31.560693740844727,29.19976234436035,27.840892791748047,26.821992874145508,26.466184616088867,26.538484573364258,27.021997451782227,27.701915740966797,28.40121841430664,29.91147804260254,31.8741512298584,35.294708251953125,42.9277458190918,51.93946838378906,58.938323974609375,65.38201904296875,67.45401000976562,65.1134033203125,65.13213348388672,68.8884506225586,70.27532958984375,69.21765899658203,69.27362823486328,70.36054229736328,74.3297348022461,80.82313537597656
31.133766174316406,32.641910552978516,34.949363708496094,37.40814971923828,40.125755310058594,42.36079788208008,44.47404861450195,45.85900115966797,45.596771240234375,43.738128662109375,42.332271575927734,41.74851608276367,38.98497772216797,34.853458404541016,31.033893585205078,28.673545837402344,27.196813583374023,27.05506706237793,26.924665451049805,26.852516174316406,26.643163681030273,26.31878089904785,25.928972244262695,25.50107765197754,25.126344680786133,24.83273696899414,24.647138595581055,24.579038619995117,24.55669403076172,24.573944091796875,24.96002960205078,25.637231826782227,26.37677574157715,28.4266300201416,31.2065372467041,34.769187927246094,38.55542755126953,42.05402374267578,44.52885437011719,47.11498260498047,49.416709899902344,49.985618591308594,48.724491119384766,48.58833694458008,49.72426986694336,52.13656997680664,55.461639404296875
26.877357482910156,26.48360824584961,26.380252838134766,26.584199905395508,26.748380661010742,26.83183479309082,26.860658645629883,26.8174991607666,26.64333724975586,26.384668350219727,26.25472640991211,26.314502716064453,26.2435245513916,26.094099044799805,25.875394821166992,25.653345108032227,25.622385025024414,25.793542861938477,25.91353988647461,25.962949752807617,25.88882827758789,25.711671829223633,25.411983489990234,25.056976318359375,24.750762939453125,24.5653133392334,24.35177230834961,24.158296585083008,23.96429443359375,23.79509162902832,23.85982894897461,24.121583938598633,24.35449981689453,24.687232971191406,25.115930557250977,25.8089656829834,26.67640495300293,27.952577590942383,29.343395233154297,30.484121322631836,31.077970504760742,30.714082717895508,29.390016555786133,28.753019332885742,28.817487716674805,29.145679473876953,29.521944046020508
31.29499626159668,30.262348175048828,29.376298904418945,28.782852172851562,28.183849334716797,27.682743072509766,27.17978286743164,26.773622512817383,26.407028198242188,26.161340713500977,26.033300399780273,26.0632381439209,26.087677001953125,26.12067222595215,26.111299514770508,26.078716278076172,26.155065536499023,26.337377548217773,26.48983383178711,26.590547561645508,26.60964584350586,26.55420684814453,26.377994537353516,26.13031578063965,25.88051414489746,25.6888484954834,25.45855712890625,25.238513946533203,25.030105590820312,24.874210357666016,24.919626235961914,25.161785125732422,25.295303344726562,25.300228118896484,25.306621551513672,25.47578239440918,25.771503448486328,26.212249755859375,26.71118927001953,26.927539825439453,26.81749153137207,26.19251823425293,25.17259407043457,24.30242347717285,23.746328353881836,23.265625,22.93946075439453
39.679039001464844,38.561119079589844,37.49070739746094,36.59881591796875,35.69319152832031,34.8895149230957,34.06477737426758,33.33720779418945,32.640403747558594,32.08261489868164,31.615888595581055,31.310897827148438,31.0588321685791,30.891643524169922,30.761770248413086,30.687549591064453,30.642650604248047,30.64627456665039,30.53606605529785,30.36465835571289,30.021141052246094,29.612436294555664,29.04461097717285,28.457448959350586,27.865327835083008,27.395292282104492,26.96999168395996,26.672760009765625,26.471111297607422,26.403478622436523,26.551673889160156,26.889263153076172,27.13385009765625,27.232532501220703,27.274072647094727,27.306726455688477,27.381086349487305,27.53077507019043,27.719316482543945,27.74381446838379,27.58566665649414,27.142478942871094,26.485763549804688,26.00525665283203,25.785194396972656,25.592023849487305,25.464475631713867
46.78919219970703,46.2578010559082,45.65846252441406,45.12194061279297,44.492515563964844,43.883399963378906,43.17703628540039,42.480831146240234,41.76799774169922,41.13656997680664,40.5802116394043,40.16892623901367,39.84980010986328,39.65375518798828,39.55057144165039,39.52806091308594,39.4908447265625,39.3968391418457,39.01238250732422,38.34896469116211,37.18257141113281,35.710365295410156,33.94381332397461,32.24823760986328,30.722667694091797,29.6868953704834,28.857402801513672,28.399686813354492,28.105695724487305,28.0379638671875,28.16742515563965,28.484413146972656,28.755510330200195,28.947345733642578,29.0565242767334,29.049030303955078,29.023975372314453,29.067459106445312,29.165699005126953,29.20157814025879,29.165834426879883,28.97203826904297,28.653955459594727,28.569713592529297,28.732736587524414,28.888689041137695,29.002124786376953
50.66366958618164,50.627376556396484,50.55233383178711,50.471405029296875,50.316688537597656,50.13726806640625,49.85743713378906,49.54815673828125,49.19633102416992,48.87985610961914,48.62530517578125,48.485748291015625,48.45883560180664,48.5540657043457,48.79371643066406,49.143184661865234,49.49085235595703,49.78673553466797,49.62112808227539,49.014183044433594,47.43727111816406,45.095027923583984,42.06503677368164,38.797935485839844,35.82899475097656,33.685203552246094,32.015892028808594,31.16010093688965,30.55516815185547,30.327295303344727,30.271276473999023,30.39893341064453,30.543289184570312,30.696592330932617,30.799114227294922,30.804243087768555,30.784820556640625,30.854341506958008,30.99918556213379,31.173215866088867,31.344295501708984,31.473217010498047,31.536951065063477,31.878969192504883,32.43882369995117,32.980655670166016,33.40859603881836
52.636051177978516,52.71430587768555,52.811500549316406,52.90949630737305,52.99592208862305,53.05678176879883,53.084320068359375,53.07914352416992,53.08730697631836,53.11585235595703,53.23733901977539,53.43825912475586,53.785003662109375,54.22161102294922,54.854305267333984,55.57646560668945,56.37191390991211,57.11330795288086,57.4666633605957,57.39726638793945,56.27982711791992,54.33740997314453,51.21965789794922,47.438297271728516,43.58420944213867,40.25250244140625,37.49089050292969,35.76584243774414,34.382110595703125,33.626060485839844,33.09541320800781,32.91386032104492,32.80735778808594,32.797645568847656,32.796512603759766,32.81984329223633,32.86176300048828,32.981483459472656,33.16108703613281,33.44648742675781,33.79341125488281,34.214290618896484,34.63805389404297,35.39124298095703,36.33819580078125,37.31159973144531,38.1302375793457
54.00249099731445,54.112545013427734,54.258827209472656,54.41497802734375,54.57087326049805,54.70039367675781,54.81895446777344,54.908329010009766,55.0594596862793,55.24961853027344,55.56610870361328,55.95771789550781,56.523014068603516,57.166316986083984,57.99869918823242,58.875144958496094,59.8435173034668,60.727359771728516,61.39727783203125,61.72285842895508,61.38740921020508,60.45197296142578,58.42660140991211,55.692901611328125,52.35866928100586,49.0061149597168,45.75828552246094,43.137733459472656,40.749881744384766,38.98883819580078,37.53788757324219,36.681365966796875,36.1197395324707,35.94593048095703,35.805885314941406,35.827205657958984,35.92790603637695,36.07733917236328,36.246002197265625,36.619163513183594,37.12034225463867,37.84092712402344,38.63924026489258,39.77877426147461,41.05223083496094,42.37815475463867,43.5318717956543
54.940895080566406,55.08682632446289,55.26961135864258,55.4580078125,55.642478942871094,55.790279388427734,55.9273796081543,56.02865982055664,56.213356018066406,56.4480094909668,56.825862884521484,57.279327392578125,57.925594329833984,58.649105072021484,59.54715347290039,60.45781707763672,61.47136306762695,62.40621566772461,63.217918395996094,63.77016830444336,63.90763473510742,63.63216781616211,62.58310317993164,61.00164794921875,58.701377868652344,56.168270111083984,53.15925216674805,50.26047134399414,47.223663330078125,44.5791130065918,42.200923919677734,40.46110534667969,39.40800476074219,39.14049530029297,38.923580169677734,38.9388427734375,39.06813430786133,39.23515319824219,39.41141128540039,39.86533737182617,40.52222442626953,41.5007438659668,42.64163589477539,44.05670166015625,45.50434875488281,47.005340576171875,48.29057312011719
55.59748840332031,55.77599334716797,55.99104309082031,56.20063781738281,56.398006439208984,56.54610824584961,56.66786575317383,56.74326705932617,56.897029876708984,57.10600662231445,57.45882034301758,57.8962287902832,58.526554107666016,59.23954772949219,60.1229248046875,61.0196533203125,62.06708526611328,63.07235336303711,64.05463409423828,64.82077026367188,65.32891845703125,65.45735931396484,65.00739288330078,64.02051544189453,62.44278335571289,60.51933288574219,57.98038864135742,55.25541687011719,51.99407958984375,48.80152130126953,45.75244903564453,43.44251251220703,42.08511734008789,41.985076904296875,41.98012924194336,42.14008712768555,42.33634567260742,42.569889068603516,42.7900505065918,43.3194580078125,44.05824279785156,45.164878845214844,46.43740463256836,47.93587112426758,49.39088821411133,50.89054870605469,52.16618347167969
56.66385269165039,56.920249938964844,57.20319366455078,57.45869064331055,57.685306549072266,57.84050369262695,57.92757797241211,57.93027877807617,57.983402252197266,58.0797119140625,58.30836486816406,58.633514404296875,59.13203811645508,59.721649169921875,60.48387145996094,61.288917541503906,62.31574630737305,63.38724136352539,64.51089477539062,65.49982452392578,66.3072509765625,66.81918334960938,66.7298355102539,66.10829162597656,64.8343734741211,63.204925537109375,60.895545959472656,58.37711715698242,55.036529541015625,51.46073532104492,48.48974609375,46.541873931884766,45.59757614135742,46.18080139160156,47.044464111328125,47.71346664428711,48.1284294128418,48.541358947753906,48.87187576293945,49.44900131225586,50.170204162597656,51.28046417236328,52.579383850097656,54.090450286865234,55.52885818481445,57.04912185668945,58.36104202270508
58.613067626953125,59.02679443359375,59.45216751098633,59.807701110839844,60.11311721801758,60.30876159667969,60.36790084838867,60.2773323059082,60.161312103271484,60.04246520996094,60.006900787353516,60.06785202026367,60.259925842285156,60.5563850402832,61.02101516723633,61.577823638916016,62.39262008666992,63.33271026611328,64.33312225341797,65.23759460449219,65.96731567382812,66.42134857177734,66.15894317626953,65.26091003417969,63.7987174987793,62.04579544067383,59.821659088134766,57.499725341796875,54.56800079345703,51.507450103759766,49.79658889770508,49.729244232177734,50.08706283569336,51.959842681884766,54.45280075073242,56.10908889770508,57.00992965698242,57.86180114746094,58.48752975463867,59.23796844482422,59.95726013183594,61.18999481201172,62.69234085083008,64.42539978027344,66.05607604980469,67.79461669921875,69.31396484375
60.91816711425781,61.514122009277344,62.121150970458984,62.63239669799805,63.06047821044922,63.329124450683594,63.37708282470703,63.19760513305664,62.862308502197266,62.43477249145508,62.02009582519531,61.69407272338867,61.45793914794922,61.35108184814453,61.37961196899414,61.536399841308594,61.89507293701172,62.392059326171875,62.849449157714844,63.18754577636719,63.282379150390625,63.11541748046875,62.2385139465332,60.769996643066406,59.14643478393555,57.581119537353516,55.668304443359375,53.722129821777344,51.7696418762207,50.186641693115234,50.14764404296875,51.74796676635742,53.59833908081055,57.47648620605469,62.229393005371094,65.37992858886719,67.34259796142578,69.116455078125,70.34825134277344,71.60167694091797,72.62885284423828,74.31617736816406,76.33790588378906,78.6112289428711,80.71466064453125,82.83860778808594,84.6036376953125
62.835575103759766,63.51979446411133,64.22137451171875,64.8242416381836,65.28743743896484,65.54154205322266,65.50035858154297,65.18236541748047,64.60214233398438,63.86317443847656,63.115928649902344,62.481773376464844,61.910343170166016,61.489173889160156,61.15705871582031,60.957706451416016,60.781158447265625,60.65331268310547,60.34406280517578,59.91210174560547,59.354679107666016,58.746185302734375,57.755226135253906,56.52157211303711,55.655845642089844,55.30513381958008,54.356483459472656,52.970497131347656,52.164852142333984,52.07804489135742,52.97069549560547,54.66285705566406,57.43902587890625,63.71540451049805,70.88846588134766,75.82371520996094,79.47371673583984,82.62354278564453,84.70524597167969,86.86337280273438,88.69740295410156,91.21747589111328,93.95938873291016,96.8631591796875,99.41874694824219,101.65868377685547,103.21623229980469
63.873722076416016,64.54029083251953,65.22254943847656,65.79103088378906,66.18061065673828,66.31071472167969,66.12714385986328,65.65106964111328,64.89261627197266,63.98031234741211,63.0791015625,62.349517822265625,61.652652740478516,61.11421203613281,60.63248062133789,60.29278564453125,59.757591247558594,59.10615539550781,58.20738983154297,57.19029235839844,56.33183670043945,55.78111267089844,55.15501403808594,54.60325622558594,54.74582290649414,55.61795425415039,55.60563659667969,54.76875686645508,54.746856689453125,55.59143829345703,56.84757614135742,58.314144134521484,61.54913330078125,69.47798156738281,78.26821899414062,84.51136016845703,89.5689926147461,93.83770751953125,96.60316467285156,99.56562042236328,102.23518371582031,105.48912048339844,108.77975463867188,112.07003784179688,114.7769775390625,116.81752014160156,117.79411315917969
63.73566818237305,64.26886749267578,64.74785614013672,65.1109390258789,65.29833984375,65.29689025878906,65.0321273803711,64.55227661132812,63.822509765625,62.961788177490234,62.11896896362305,61.43513488769531,60.78865051269531,60.28843307495117,59.85165023803711,59.54865264892578,58.82770919799805,57.82999038696289,56.632598876953125,55.46406555175781,54.6556282043457,54.33970642089844,54.26010513305664,54.38438415527344,55.251068115234375,56.65402603149414,57.232460021972656,56.8493537902832,57.253170013427734,58.353519439697266,59.98889923095703,61.8317756652832,65.74124145507812,74.8154296875,84.71687316894531,91.7562255859375,97.47835540771484,102.4198226928711,105.64203643798828,109.17072296142578,112.3272705078125,115.9365234375,119.33235931396484,122.50166320800781,124.90176391601562,126.3546142578125,126.65857696533203
61.84199523925781,61.94082260131836,61.95226287841797,61.87736892700195,61.7891845703125,61.68975067138672,61.474117279052734,61.173805236816406,60.74299621582031,60.25130844116211,59.754493713378906,59.3228874206543,58.92827606201172,58.62725067138672,58.34000015258789,58.1202507019043,57.3515625,56.154014587402344,55.033782958984375,54.153995513916016,53.601402282714844,53.476566314697266,53.86249542236328,54.74360656738281,56.05931854248047,57.63185501098633,58.90617752075195,59.63010025024414,61.072410583496094,62.85879135131836,65.77215576171875,69.169677734375,74.5240249633789,84.91474914550781,95.85222625732422,103.11363220214844,108.9487075805664,114.03760528564453,117.53974914550781,121.1392822265625,124.26980590820312,127.45603942871094,130.20912170410156,132.4405975341797,133.79730224609375,134.226806640625,133.63937377929688
