earth/public/data/ocean/W07/ANN-vosaline-depthz-2000m-gfs-1.0.json
{"header": {"discipline": 0, "disciplineName": "Meteorological products", "gribEdition": 2, "gribLength": 131138.0, "center": 0, "centerName": "Kiel Climate Model", "subcenter": 0, "refTime": "1", "significanceOfRT": 1, "significanceOfRTName": "Start of forecast", "productStatus": 0, "productStatusName": "Operational products", "productType": 1, "productTypeName": "Forecast products", "productDefinitionTemplate": 0, "productDefinitionTemplateName": "Analysis/forecast at horizontal level/layer at a point in time", "parameterCategory": 2, "parameterCategoryName": "Momentum", "parameterNumber": 2, "parameterNumberName": "U-component_of_wind", "parameterUnit": "PSU", "genProcessType": 2, "genProcessTypeName": "Forecast", "forecastTime": 0, "surface1Type": 103, "surface1TypeName": "Specified height level above ground", "surface1Value": 10, "surface2Type": 255, "surface2TypeName": "Missing", "surface2Value": 0, "gridDefinitionTemplate": 0, "gridDefinitionTemplateName": "Latitude_Longitude", "numberPoints": 65160, "shape": 6, "shapeName": "Earth spherical with radius of 6,371,229.0 m", "gridUnits": "degrees", "resolution": 48, "winds": "true", "scanMode": 0, "nx": 360.0, "ny": 180.0, "basicAngle": 0, "subDivisions": 0, "lo1": 0.0, "la1": -89.5, "lo2": 359.0, "la2": 89.5, "dx": 1.0, "dy": -1.0}, "data":
[rows 44 to 65 of 180, columns 300 to 349 of 360]
null,34.6335563659668,34.64750289916992,34.673004150390625,34.692527770996094,34.70262145996094,34.71126937866211,34.7168083190918,34.72413635253906,34.7317008972168,34.73937225341797,34.745487213134766,34.751033782958984,34.75484848022461,34.75909423828125,34.76295471191406,34.7667121887207,34.769622802734375,34.77333068847656,34.77710723876953,34.78080749511719,34.78371047973633,34.786895751953125,34.789772033691406,34.792015075683594,34.79322052001953,34.79458236694336,34.795875549316406,34.797386169433594,34.79885482788086,34.80070114135742,34.80259704589844,34.804161071777344,34.805118560791016,34.805641174316406,34.80671310424805,34.808658599853516,34.81126403808594,34.81403350830078,34.81772994995117,34.8216667175293,34.824222564697266,34.82492446899414,34.82430648803711,34.822505950927734,34.820430755615234,34.81850814819336,34.818267822265625,34.81974792480469,34.82282638549805
null,34.63093185424805,34.64258575439453,34.663822174072266,34.680904388427734,34.69084167480469,34.70292282104492,34.714691162109375,34.72914505004883,34.74317169189453,34.75655746459961,34.7667236328125,34.77419662475586,34.777740478515625,34.781898498535156,34.78604507446289,34.790069580078125,34.79335021972656,34.797523498535156,34.80192565917969,34.80592727661133,34.80888366699219,34.81184387207031,34.814327239990234,34.81595230102539,34.81648254394531,34.817142486572266,34.81785583496094,34.81892395019531,34.820186614990234,34.82178497314453,34.82343673706055,34.82487487792969,34.82582092285156,34.82634735107422,34.82746124267578,34.82948684692383,34.83251190185547,34.83598709106445,34.839988708496094,34.84381103515625,34.84653854370117,34.84769821166992,34.84687805175781,34.84421157836914,34.84128189086914,34.838623046875,34.838226318359375,34.840213775634766,34.844322204589844
null,34.63047409057617,34.63920974731445,34.654911041259766,34.669029235839844,34.67878723144531,34.69547653198242,34.716426849365234,34.740142822265625,34.76301193237305,34.78275680541992,34.79619598388672,34.8050537109375,34.8077507019043,34.81125259399414,34.81483840942383,34.81861114501953,34.82182312011719,34.82604217529297,34.830467224121094,34.83441162109375,34.83713150024414,34.83958435058594,34.841270446777344,34.8420295715332,34.84164810180664,34.841426849365234,34.841339111328125,34.84184646606445,34.842811584472656,34.84413528442383,34.845550537109375,34.84688949584961,34.847904205322266,34.84846115112305,34.849639892578125,34.851783752441406,34.855228424072266,34.8593635559082,34.86357879638672,34.867103576660156,34.869937896728516,34.87156295776367,34.87063217163086,34.86731719970703,34.86354446411133,34.859954833984375,34.85919952392578,34.86137771606445,34.86631774902344
null,34.63117218017578,34.63669204711914,34.64521026611328,34.655513763427734,34.66771697998047,34.69329071044922,34.726600646972656,34.76283264160156,34.79420852661133,34.81938552856445,34.8333854675293,34.84165954589844,34.84282684326172,34.8443717956543,34.84622573852539,34.84855270385742,34.85108184814453,34.85429000854492,34.85771942138672,34.86056900024414,34.862457275390625,34.86369323730469,34.86418151855469,34.86368942260742,34.862422943115234,34.8612060546875,34.8603401184082,34.8602294921875,34.86094284057617,34.86207580566406,34.86343002319336,34.8648796081543,34.86614227294922,34.866844177246094,34.86807632446289,34.87031173706055,34.873939514160156,34.878292083740234,34.88235092163086,34.88540267944336,34.88801193237305,34.889739990234375,34.88880157470703,34.88536834716797,34.8812255859375,34.87713623046875,34.87592315673828,34.87783432006836,34.8826904296875
null,null,null,34.63255310058594,34.650184631347656,34.6746940612793,34.715301513671875,34.769630432128906,34.82212448120117,34.86393737792969,34.89320373535156,34.905067443847656,34.90996170043945,34.907188415527344,34.904273986816406,34.901859283447266,34.900516510009766,34.90060806274414,34.90096664428711,34.901634216308594,34.90182113647461,34.90153503417969,34.90037536621094,34.898563385009766,34.896095275878906,34.89340591430664,34.89083480834961,34.888824462890625,34.88794708251953,34.888343811035156,34.889408111572266,34.89093017578125,34.89279556274414,34.89466094970703,34.895687103271484,34.89693069458008,34.89919662475586,34.90263748168945,34.90666198730469,34.90998458862305,34.91204071044922,34.91392517089844,34.915313720703125,34.91428756713867,34.91102981567383,34.906959533691406,34.902774810791016,34.90125274658203,34.90263748168945,34.906715393066406
null,null,null,null,null,34.709171295166016,34.7567138671875,34.82814407348633,34.89379119873047,34.94219970703125,34.97349548339844,34.9819221496582,34.98260498046875,34.9751091003418,34.967220306396484,34.960052490234375,34.95448684692383,34.95124816894531,34.94825744628906,34.945823669433594,34.943119049072266,34.940452575683594,34.93684768676758,34.93281936645508,34.92844772338867,34.92441940307617,34.920597076416016,34.9176025390625,34.91605758666992,34.91621017456055,34.917274475097656,34.919063568115234,34.92140197753906,34.923892974853516,34.92525100708008,34.926475524902344,34.92869567871094,34.93177032470703,34.93510437011719,34.93752670288086,34.938533782958984,34.939605712890625,34.94049072265625,34.93934631347656,34.93636703491211,34.93251419067383,34.92852020263672,34.92686462402344,34.927852630615234,34.93115234375
null,null,null,null,null,34.75861358642578,34.80165100097656,34.87918472290039,34.94868469238281,34.99740982055664,35.027381896972656,35.033287048339844,35.030757904052734,35.020423889160156,35.009185791015625,34.999267578125,34.99058532714844,34.98490905761719,34.97929000854492,34.974910736083984,34.97013473510742,34.965965270996094,34.960838317871094,34.955780029296875,34.950462341308594,34.945892333984375,34.941593170166016,34.9383544921875,34.93663787841797,34.93675231933594,34.93791198730469,34.93989944458008,34.9425163269043,34.94527816772461,34.946800231933594,34.94791030883789,34.94994354248047,34.95240020751953,34.954898834228516,34.95640563964844,34.956722259521484,34.95714569091797,34.9576416015625,34.95646667480469,34.95383071899414,34.950496673583984,34.947021484375,34.945587158203125,34.9464225769043,34.94914245605469
null,null,null,null,null,34.78993225097656,34.8566780090332,34.9532585144043,35.01880645751953,35.060672760009766,35.084842681884766,35.087432861328125,35.082210540771484,35.070068359375,35.05651092529297,35.04387664794922,35.032283782958984,35.02378845214844,35.015625,35.009220123291016,35.002723693847656,34.99722671508789,34.99113464355469,34.9854621887207,34.979862213134766,34.975284576416016,34.9711799621582,34.96823501586914,34.96670913696289,34.96685791015625,34.967994689941406,34.96994400024414,34.972469329833984,34.975154876708984,34.97662353515625,34.977447509765625,34.97895812988281,34.98044204711914,34.98162078857422,34.98197937011719,34.98142623901367,34.981136322021484,34.98114776611328,34.98002624511719,34.977989196777344,34.97556686401367,34.973209381103516,34.97230911254883,34.973018646240234,34.97509765625
null,null,null,null,null,null,null,35.051876068115234,35.09086990356445,35.12081527709961,35.13697052001953,35.13574981689453,35.128116607666016,35.115352630615234,35.100074768066406,35.085018157958984,35.07073211669922,35.05968475341797,35.04923629760742,35.04117202758789,35.0333366394043,35.02710723876953,35.02042007446289,35.01449203491211,35.00890350341797,35.00469207763672,35.00101852416992,34.99859619140625,34.99732971191406,34.997474670410156,34.998477935791016,35.00013732910156,35.002376556396484,35.0047492980957,35.00606155395508,35.00657653808594,35.00748825073242,35.008018493652344,35.008018493652344,35.00732421875,35.006004333496094,35.00504684448242,35.00458908081055,35.003509521484375,35.00200271606445,35.000484466552734,34.99928665161133,34.99896240234375,34.999610900878906,35.00111389160156
null,null,null,null,null,null,null,35.10857009887695,35.12214279174805,35.14665603637695,35.158329010009766,35.15507125854492,35.14675521850586,35.1348876953125,35.12008285522461,35.104915618896484,35.090274810791016,35.0787467956543,35.06791687011719,35.05970764160156,35.05192947387695,35.04594039916992,35.03964614868164,35.03412628173828,35.029090881347656,35.025394439697266,35.022369384765625,35.02051544189453,35.01958084106445,35.01971435546875,35.02043533325195,35.021636962890625,35.02326965332031,35.02508544921875,35.02606964111328,35.026309967041016,35.026771545410156,35.02668762207031,35.0261116027832,35.02490997314453,35.0233268737793,35.02205276489258,35.02134323120117,35.02022933959961,35.01892852783203,35.0178337097168,35.01713562011719,35.01705551147461,35.017608642578125,35.01871871948242
null,null,null,null,null,null,null,35.11624526977539,35.13378143310547,35.159454345703125,35.1690788269043,35.16600799560547,35.15968704223633,35.15098190307617,35.138702392578125,35.1250114440918,35.11129379272461,35.1001091003418,35.09009552001953,35.08308029174805,35.07640838623047,35.07126998901367,35.06576919555664,35.060951232910156,35.05666732788086,35.053741455078125,35.05174255371094,35.051021575927734,35.05057907104492,35.050498962402344,35.05067443847656,35.05109405517578,35.051692962646484,35.0523681640625,35.052734375,35.05262756347656,35.05242919921875,35.05166244506836,35.05046463012695,35.048866271972656,35.04715347290039,35.045654296875,35.044639587402344,35.04341125488281,35.04218673706055,35.041194915771484,35.04063034057617,35.040409088134766,35.04059600830078,35.0411262512207
null,null,null,null,null,null,null,null,null,35.17211151123047,35.176307678222656,35.17543029785156,35.17231750488281,35.167823791503906,35.158355712890625,35.14581298828125,35.132686614990234,35.12136459350586,35.11210250854492,35.106624603271484,35.101192474365234,35.09687423706055,35.09199142456055,35.08744812011719,35.083736419677734,35.081546783447266,35.080631256103516,35.08121871948242,35.08124923706055,35.080745697021484,35.0803108215332,35.07999038696289,35.07956314086914,35.07905197143555,35.078792572021484,35.07834243774414,35.07750701904297,35.07609558105469,35.07433319091797,35.072364807128906,35.070533752441406,35.068817138671875,35.0675163269043,35.06614303588867,35.064945220947266,35.0639533996582,35.0633430480957,35.06288528442383,35.06264114379883,35.062591552734375
null,null,null,null,null,null,null,null,null,35.177181243896484,35.17752456665039,35.17802810668945,35.177764892578125,35.17673110961914,35.17009353637695,35.158817291259766,35.1468505859375,35.13620376586914,35.12812042236328,35.12392807006836,35.11930465698242,35.115047454833984,35.109920501708984,35.10491180419922,35.101112365722656,35.099246978759766,35.09916305541992,35.10082244873047,35.10133361816406,35.100555419921875,35.09962463378906,35.0987434387207,35.09760284423828,35.09645462036133,35.09580993652344,35.0951042175293,35.093841552734375,35.09202194213867,35.09000778198242,35.087825775146484,35.08589172363281,35.084014892578125,35.08255386352539,35.08102035522461,35.07970428466797,35.078514099121094,35.07769012451172,35.07688903808594,35.076290130615234,35.075801849365234
null,null,null,null,null,null,null,null,null,null,null,35.1781005859375,35.179420471191406,35.18180465698242,35.1778678894043,35.1685676574707,35.15847396850586,35.149593353271484,35.1430549621582,35.14019012451172,35.136016845703125,35.13134765625,35.12559509277344,35.1197509765625,35.115623474121094,35.113929748535156,35.11450958251953,35.11732482910156,35.118350982666016,35.11745071411133,35.11613464355469,35.114601135253906,35.1129035949707,35.111297607421875,35.11042785644531,35.109493255615234,35.10778045654297,35.105655670166016,35.103485107421875,35.10115051269531,35.09907150268555,35.09706115722656,35.0954704284668,35.09376525878906,35.09224319458008,35.0908088684082,35.08970260620117,35.08857345581055,35.08759689331055,35.08673095703125
null,null,null,null,null,null,null,null,null,null,null,35.17816162109375,35.182918548583984,35.1895866394043,35.18867874145508,35.1814079284668,35.173213958740234,35.16545867919922,35.16014099121094,35.15818405151367,35.15495681762695,35.15094757080078,35.143672943115234,35.132503509521484,35.122230529785156,35.119083404541016,35.122867584228516,35.131866455078125,35.136451721191406,35.13529968261719,35.13335037231445,35.13101577758789,35.12863540649414,35.12669372558594,35.12561798095703,35.12440490722656,35.122215270996094,35.11973190307617,35.117431640625,35.114891052246094,35.11259460449219,35.1103630065918,35.108619689941406,35.106693267822266,35.10494613647461,35.10322570800781,35.101871490478516,35.10038757324219,35.099063873291016,35.09779357910156
null,null,null,null,null,null,null,null,null,null,null,null,null,35.20221710205078,35.20218276977539,35.198020935058594,35.19308853149414,35.1880989074707,35.18474197387695,35.183441162109375,35.181236267089844,35.17864227294922,35.176116943359375,null,null,35.14153289794922,35.14259338378906,35.15516662597656,35.160247802734375,35.15814208984375,35.15507888793945,35.151611328125,35.148406982421875,35.14603042602539,35.144718170166016,35.14318084716797,35.14036560058594,35.13742446899414,35.1348876953125,35.13202667236328,35.129364013671875,35.12678527832031,35.124752044677734,35.12248229980469,35.12039566040039,35.118309020996094,35.11660385131836,35.11470413208008,35.112953186035156,35.11123275756836
null,null,null,null,null,null,null,null,null,null,null,null,null,35.2125358581543,35.21186828613281,35.21078109741211,35.20991897583008,35.20973587036133,35.20911407470703,35.20838928222656,35.206687927246094,35.204307556152344,35.20589065551758,35.21207046508789,35.20386505126953,35.186485290527344,35.180335998535156,35.1832389831543,35.1833610534668,35.179935455322266,35.17572784423828,35.17142868041992,35.167476654052734,35.164546966552734,35.16294860839844,35.1611328125,35.157814025878906,35.15442657470703,35.15156173706055,35.14836883544922,35.14541244506836,35.14250183105469,35.14014434814453,35.137535095214844,35.135128021240234,35.13267135620117,35.13058090209961,35.128273010253906,35.12614059448242,35.123992919921875
null,null,null,null,null,null,null,null,null,null,null,null,null,35.21371841430664,35.21499252319336,35.216670989990234,35.21912384033203,35.22201919555664,35.22377395629883,35.22393035888672,35.22269058227539,35.22019577026367,35.21949768066406,35.22081756591797,35.21815872192383,35.21209716796875,35.20630645751953,35.201805114746094,35.196990966796875,35.1927490234375,35.187992095947266,35.183597564697266,35.1793098449707,35.17591857910156,35.174041748046875,35.17212677001953,35.16864776611328,35.16497802734375,35.16179656982422,35.15835189819336,35.1552848815918,35.15214538574219,35.1495246887207,35.14667510986328,35.14413070678711,35.14144515991211,35.13911056518555,35.136558532714844,35.1342658996582,35.131874084472656
null,null,null,null,null,null,null,null,null,null,null,null,null,null,null,35.22371292114258,35.227054595947266,35.231544494628906,35.23481369018555,35.23640441894531,35.23609924316406,35.234031677246094,35.232269287109375,35.23103713989258,35.227317810058594,35.22168731689453,35.21635055541992,35.21231460571289,35.20748519897461,35.20273208618164,35.19780349731445,35.193572998046875,35.189125061035156,35.18525314331055,35.183135986328125,35.181190490722656,35.177650451660156,35.173770904541016,35.17023849487305,35.16658020019531,35.16344451904297,35.16012191772461,35.15720748901367,35.154170989990234,35.151554107666016,35.148719787597656,35.14617156982422,35.143463134765625,35.141075134277344,35.13853073120117
null,null,null,null,null,null,null,null,null,null,null,null,null,null,null,35.228546142578125,35.23362731933594,35.2408332824707,35.24517822265625,35.247222900390625,35.24722671508789,35.2452278137207,35.24282455444336,35.240455627441406,35.2363166809082,35.23112487792969,35.22614669799805,35.22227478027344,35.2174072265625,35.212432861328125,35.20743942260742,35.20332336425781,35.198753356933594,35.19456100463867,35.1922492980957,35.19024658203125,35.186607360839844,35.182525634765625,35.17875671386719,35.17490768432617,35.17169189453125,35.1682014465332,35.16508102416992,35.16184997558594,35.159114837646484,35.15610122680664,35.15336608886719,35.15047073364258,35.1479606628418,35.14522933959961
null,null,null,null,null,null,null,null,null,null,null,null,null,null,null,null,null,35.25007629394531,35.2529411315918,35.25445556640625,35.25404739379883,35.25175476074219,35.24934768676758,35.247257232666016,35.24347686767578,35.238731384277344,35.23390579223633,35.229888916015625,35.22498321533203,35.22007369995117,35.21514129638672,35.21109390258789,35.20647430419922,35.202117919921875,35.199729919433594,35.19765853881836,35.193885803222656,35.189674377441406,35.18578338623047,35.181827545166016,35.17852020263672,35.1749267578125,35.17169189453125,35.16832733154297,35.165435791015625,35.162261962890625,35.15937042236328,35.15631866455078,35.153656005859375,35.15077209472656
null,null,null,null,null,null,null,null,null,null,null,null,null,null,null,null,null,35.25651168823242,35.257545471191406,35.259029388427734,35.25904083251953,35.25775909423828,35.256072998046875,35.254180908203125,35.25060272216797,35.245994567871094,35.24116516113281,35.23701095581055,35.23215866088867,35.227481842041016,35.22264862060547,35.21852493286133,35.213871002197266,35.209537506103516,35.20716094970703,35.204978942871094,35.20102310180664,35.19670104980469,35.19280242919922,35.188758850097656,35.185302734375,35.18157958984375,35.17827606201172,35.174774169921875,35.17171096801758,35.168373107910156,35.16537857055664,35.16218185424805,35.15937042236328,35.15633010864258
