earth/public/data/ocean/W07/ANN-sowaflep-depthz-0m-gfs-1.0.json
{"header": {"discipline": 0, "disciplineName": "Meteorological products", "gribEdition": 2, "gribLength": 131138.0, "center": 0, "centerName": "Kiel Climate Model", "subcenter": 0, "refTime": "1", "significanceOfRT": 1, "significanceOfRTName": "Start of forecast", "productStatus": 0, "productStatusName": "Operational products", "productType": 1, "productTypeName": "Forecast products", "productDefinitionTemplate": 0, "productDefinitionTemplateName": "Analysis/forecast at horizontal level/layer at a point in time", "parameterCategory": 2, "parameterCategoryName": "Momentum", "parameterNumber": 2, "parameterNumberName": "U-component_of_wind", "parameterUnit": "kg/m2/s", "genProcessType": 2, "genProcessTypeName": "Forecast", "forecastTime": 0, "surface1Type": 103, "surface1TypeName": "Specified height level above ground", "surface1Value": 10, "surface2Type": 255, "surface2TypeName": "Missing", "surface2Value": 0, "gridDefinitionTemplate": 0, "gridDefinitionTemplateName": "Latitude_Longitude", "numberPoints": 65160, "shape": 6, "shapeName": "Earth spherical with radius of 6,371,229.0 m", "gridUnits": "degrees", "resolution": 48, "winds": "true", "scanMode": 0, "nx": 360.0, "ny": 180.0, "basicAngle": 0, "subDivisions": 0, "lo1": 0.0, "la1": -89.5, "lo2": 359.0, "la2": 89.5, "dx": 1.0, "dy": -1.0}, "data":
[rows 42 to 62 of 180, columns 47 to 93 of 360]
-2.1933391094207764,-2.2607429027557373,-2.370694398880005,-2.503249406814575,-2.61621356010437,-2.6890547275543213,-2.7298824787139893,-2.7312514781951904,-2.6704928874969482,-2.5586206912994385,-2.426424503326416,-2.2979166507720947,-2.189754009246826,-2.121591091156006,-2.088848829269409,-2.0974669456481934,-2.154289960861206,-2.248971700668335,-2.325087547302246,-2.368793487548828,-2.3850927352905273,-2.3710315227508545,-2.3042991161346436,-2.197049140930176,-2.0385777950286865,-1.8577444553375244,-1.6820231676101685,-1.5434376001358032,-1.430686593055725,-1.3643523454666138,-1.2989225387573242,-1.2462998628616333,-1.1685657501220703,-1.0230991840362549,-0.8711977005004883,-0.7722769975662231,-0.6955187320709229,-0.671963095664978,-0.7059287428855896,-0.7728579640388489,-0.8606056571006775,-0.9798216819763184,-1.1088305711746216,-1.2097034454345703,-1.2640767097473145,-1.293091893196106,-1.2914427518844604
-2.1540753841400146,-2.178105592727661,-2.255643367767334,-2.3707313537597656,-2.4787216186523438,-2.5596938133239746,-2.6158337593078613,-2.637812376022339,-2.6001787185668945,-2.511101722717285,-2.3951034545898438,-2.2742037773132324,-2.1741182804107666,-2.1135077476501465,-2.0900371074676514,-2.1085054874420166,-2.175092935562134,-2.278252363204956,-2.357642412185669,-2.3990161418914795,-2.4087319374084473,-2.3846452236175537,-2.303981065750122,-2.1806063652038574,-1.990287184715271,-1.7657999992370605,-1.5389928817749023,-1.3481731414794922,-1.1790803670883179,-1.0592267513275146,-0.9894842505455017,-0.982285737991333,-0.9465041160583496,-0.8423647284507751,-0.723243236541748,-0.6193430423736572,-0.5182104706764221,-0.47004956007003784,-0.48220542073249817,-0.5326834917068481,-0.6113622188568115,-0.7303772568702698,-0.8680779933929443,-0.9847250580787659,-1.0600147247314453,-1.1102083921432495,-1.1273949146270752
-2.0634963512420654,-2.0755670070648193,-2.1387269496917725,-2.241811752319336,-2.341442108154297,-2.420485019683838,-2.4788477420806885,-2.506460428237915,-2.4801666736602783,-2.404355049133301,-2.3003485202789307,-2.186169385910034,-2.09220814704895,-2.0350842475891113,-2.0142934322357178,-2.0337417125701904,-2.1023902893066406,-2.20800518989563,-2.285940647125244,-2.322434186935425,-2.323629379272461,-2.290221929550171,-2.1972925662994385,-2.0627965927124023,-1.8529691696166992,-1.6070892810821533,-1.35475492477417,-1.1427823305130005,-0.9507898092269897,-0.8139228820800781,-0.7495443224906921,-0.7682992219924927,-0.7616376280784607,-0.6893507242202759,-0.599231481552124,-0.5029430985450745,-0.3990427553653717,-0.34512364864349365,-0.3504502475261688,-0.3938218355178833,-0.4674856960773468,-0.5828968286514282,-0.7196059226989746,-0.8368435502052307,-0.9141092300415039,-0.9673108458518982,-0.9875345230102539
-1.8422526121139526,-1.8626313209533691,-1.9205710887908936,-2.0054774284362793,-2.0880517959594727,-2.1532483100891113,-2.2022509574890137,-2.2261242866516113,-2.2069497108459473,-2.148179292678833,-2.0600061416625977,-1.9584301710128784,-1.8725837469100952,-1.818084955215454,-1.7945952415466309,-1.8064590692520142,-1.869910717010498,-1.97353994846344,-2.043651819229126,-2.0675957202911377,-2.052631139755249,-2.0014922618865967,-1.8902426958084106,-1.739060640335083,-1.5100793838500977,-1.2448234558105469,-0.9768961668014526,-0.7548747658729553,-0.5594761371612549,-0.42610958218574524,-0.3806897699832916,-0.43142926692962646,-0.46004047989845276,-0.4386124014854431,-0.39801543951034546,-0.32721763849258423,-0.23977401852607727,-0.19547384977340698,-0.2023516297340393,-0.2433871626853943,-0.31111863255500793,-0.41704052686691284,-0.5419066548347473,-0.6446786522865295,-0.7066880464553833,-0.7464177012443542,-0.7566608786582947
-1.6154906749725342,-1.6446207761764526,-1.6976038217544556,-1.764547348022461,-1.8302087783813477,-1.881701111793518,-1.92145836353302,-1.9417364597320557,-1.9298324584960938,-1.8883367776870728,-1.8161365985870361,-1.7272785902023315,-1.649505853652954,-1.5974141359329224,-1.5709025859832764,-1.5745923519134521,-1.632290244102478,-1.7331311702728271,-1.7949941158294678,-1.806126356124878,-1.774945855140686,-1.70619535446167,-1.5768394470214844,-1.4093868732452393,-1.1617281436920166,-0.8778717517852783,-0.5949538350105286,-0.3636135458946228,-0.16532672941684723,-0.036025553941726685,-0.009764764457941055,-0.09242469817399979,-0.15629196166992188,-0.18578392267227173,-0.19481515884399414,-0.14961780607700348,-0.0788087248802185,-0.04421590268611908,-0.05268804356455803,-0.09139111638069153,-0.15315598249435425,-0.24953415989875793,-0.36245542764663696,-0.45068517327308655,-0.4973488450050354,-0.5235324501991272,-0.5236993432044983
-1.3156574964523315,-1.3595244884490967,-1.4206655025482178,-1.4864689111709595,-1.5511655807495117,-1.6021898984909058,-1.6441184282302856,-1.6684832572937012,-1.667992115020752,-1.6414310932159424,-1.5834521055221558,-1.503361463546753,-1.4276220798492432,-1.3701516389846802,-1.3279892206192017,-1.3109725713729858,-1.3411024808883667,-1.416703224182129,-1.455599308013916,-1.4536935091018677,-1.4125527143478394,-1.3402401208877563,-1.212164282798767,-1.0504074096679688,-0.8148406744003296,-0.545441746711731,-0.2808995246887207,-0.06572792679071426,0.11315760761499405,0.2262919694185257,0.2353287786245346,0.14012902975082397,0.05947093293070793,0.005088812671601772,-0.028951460495591164,0.0004538056964520365,0.06068482622504234,0.08843336999416351,0.07913216948509216,0.042205702513456345,-0.015769097954034805,-0.10552140325307846,-0.2111896276473999,-0.2905358374118805,-0.32964664697647095,-0.34779778122901917,-0.3421300947666168
-0.7196157574653625,-0.7965469360351562,-0.8812678456306458,-0.9587892889976501,-1.034659743309021,-1.0955318212509155,-1.1498627662658691,-1.1881474256515503,-1.2090305089950562,-1.2089518308639526,-1.172711968421936,-1.1068999767303467,-1.0301486253738403,-0.9561733603477478,-0.878466784954071,-0.810750424861908,-0.7767122387886047,-0.7821231484413147,-0.7703031897544861,-0.7431527972221375,-0.69240802526474,-0.6271958947181702,-0.5208511352539062,-0.3926285207271576,-0.2073751986026764,0.0012423362350091338,0.2037048190832138,0.36304792761802673,0.4901132583618164,0.5614907741546631,0.5464650392532349,0.4474029839038849,0.35941603779792786,0.28723305463790894,0.23361624777317047,0.24814879894256592,0.2943671643733978,0.3148703873157501,0.3057539165019989,0.2724381685256958,0.22079873085021973,0.14016392827033997,0.04503191262483597,-0.02519116923213005,-0.05775124952197075,-0.06918372213840485,-0.05725177004933357
-0.13751761615276337,-0.24556127190589905,-0.35203784704208374,-0.4386686086654663,-0.5237451791763306,-0.5921544432640076,-0.6572471261024475,-0.7076598405838013,-0.7488754987716675,-0.7744668126106262,-0.7599645853042603,-0.7092404365539551,-0.6325287818908691,-0.5438689589500427,-0.4324086904525757,-0.3166482150554657,-0.22028018534183502,-0.15744127333164215,-0.09599985927343369,-0.044400978833436966,0.015511024743318558,0.07332669943571091,0.15758535265922546,0.2516820728778839,0.38655176758766174,0.5348039269447327,0.6758596897125244,0.7806407809257507,0.8572378158569336,0.888971745967865,0.8514890670776367,0.7504656314849854,0.6566269993782043,0.5690542459487915,0.49812546372413635,0.4987681210041046,0.5318830609321594,0.5459184050559998,0.5380209684371948,0.5091160535812378,0.46477797627449036,0.3939765989780426,0.3102046847343445,0.24916526675224304,0.22248342633247375,0.21707357466220856,0.23420217633247375
0.1506599485874176,0.034823961555957794,-0.07025288790464401,-0.14675843715667725,-0.22017763555049896,-0.27928316593170166,-0.3368496298789978,-0.3840223252773285,-0.4300665855407715,-0.4669455587863922,-0.4678981900215149,-0.43164461851119995,-0.36469367146492004,-0.2778312861919403,-0.158920556306839,-0.028945257887244225,0.0947631448507309,0.18895453214645386,0.27557632327079773,0.33779004216194153,0.4001826345920563,0.451517790555954,0.5167758464813232,0.5856854319572449,0.6840545535087585,0.7966597080230713,0.9002490639686584,0.9782333374023438,1.031429409980774,1.050958514213562,1.0123546123504639,0.9216671586036682,0.8373335599899292,0.7561279535293579,0.6899384260177612,0.6897921562194824,0.7201565504074097,0.736783504486084,0.7359561324119568,0.717593789100647,0.6837565898895264,0.6265771985054016,0.5550076961517334,0.5010632276535034,0.4740038514137268,0.46643853187561035,0.4803522229194641
0.3743422031402588,0.2637074589729309,0.17920204997062683,0.13652098178863525,0.0982496589422226,0.07167878746986389,0.042905859649181366,0.017098188400268555,-0.020256131887435913,-0.06278906762599945,-0.08038359135389328,-0.07027031481266022,-0.02748195268213749,0.04016410931944847,0.14525136351585388,0.26907050609588623,0.4008699059486389,0.5174806118011475,0.6193114519119263,0.6884475350379944,0.7494750618934631,0.791217565536499,0.8333553671836853,0.8674802184104919,0.9265592694282532,0.9987061023712158,1.0695191621780396,1.1251026391983032,1.168432593345642,1.1910102367401123,1.170446515083313,1.110331416130066,1.0542879104614258,1.0034542083740234,0.9639192819595337,0.9731786847114563,1.0067306756973267,1.034063696861267,1.05043625831604,1.0526484251022339,1.0405899286270142,1.0075467824935913,0.9597211480140686,0.9155099391937256,0.8829382061958313,0.8654637932777405,0.8661399483680725
0.57853102684021,0.4725150167942047,0.407127320766449,0.39521893858909607,0.3906334340572357,0.3959938883781433,0.3962966501712799,0.39316266775131226,0.3663623631000519,0.32152706384658813,0.2891809940338135,0.27452826499938965,0.29331982135772705,0.3407897353172302,0.43030473589897156,0.5445556044578552,0.680949866771698,0.814651608467102,0.9290522336959839,1.0038408041000366,1.0638580322265625,1.0981643199920654,1.120468258857727,1.125867486000061,1.150693655014038,1.188915729522705,1.2314435243606567,1.2693203687667847,1.305514931678772,1.3332736492156982,1.331404685974121,1.3013659715652466,1.2731508016586304,1.2517281770706177,1.2378289699554443,1.255889654159546,1.2918744087219238,1.3289088010787964,1.360724687576294,1.3822259902954102,1.3904896974563599,1.3807284832000732,1.3559671640396118,1.3215477466583252,1.2842897176742554,1.257451057434082,1.2454259395599365
0.6619139909744263,0.5575037002563477,0.500733494758606,0.5015818476676941,0.5164095163345337,0.5413685441017151,0.56436687707901,0.5794603228569031,0.5676743388175964,0.529635488986969,0.49359652400016785,0.46599245071411133,0.4675861895084381,0.4993443787097931,0.5705589056015015,0.670020580291748,0.7963821887969971,0.9281520247459412,1.0417433977127075,1.1171151399612427,1.1777455806732178,1.2124909162521362,1.2326937913894653,1.2341524362564087,1.2528949975967407,1.2849185466766357,1.3236982822418213,1.3615269660949707,1.4029215574264526,1.4393951892852783,1.4539388418197632,1.4425393342971802,1.4332313537597656,1.4290584325790405,1.4301780462265015,1.4524564743041992,1.4881750345230103,1.5285556316375732,1.5662145614624023,1.5971086025238037,1.615183711051941,1.6194401979446411,1.6082303524017334,1.581313967704773,1.543009638786316,1.5113070011138916,1.492221474647522
0.7513370513916016,0.6402133703231812,0.577373743057251,0.5760788321495056,0.5978028178215027,0.6406230926513672,0.686677098274231,0.728798508644104,0.7462382316589355,0.7354408502578735,0.7134336233139038,0.6824051737785339,0.675076961517334,0.6907827854156494,0.7413234114646912,0.816004753112793,0.9214678406715393,1.0377486944198608,1.1422659158706665,1.2157593965530396,1.2789990901947021,1.320412039756775,1.3500089645385742,1.3623946905136108,1.3906241655349731,1.4297144412994385,1.4768054485321045,1.5238267183303833,1.5764942169189453,1.626085877418518,1.6584604978561401,1.6686803102493286,1.6789162158966064,1.6957368850708008,1.714806318283081,1.7424367666244507,1.7781522274017334,1.820954442024231,1.8628047704696655,1.900287389755249,1.9267534017562866,1.9419909715652466,1.9438960552215576,1.9226323366165161,1.8827439546585083,1.8439239263534546,1.813638687133789
0.8699793219566345,0.7446476817131042,0.6676638126373291,0.6515330672264099,0.6712337732315063,0.722308874130249,0.7861072421073914,0.8515848517417908,0.8999419808387756,0.9242873191833496,0.9242874383926392,0.9018725752830505,0.8944162130355835,0.9040163159370422,0.9405044913291931,0.9970123767852783,1.0850474834442139,1.1879088878631592,1.2844816446304321,1.3568518161773682,1.4230313301086426,1.4711827039718628,1.5102351903915405,1.5336309671401978,1.5706889629364014,1.6151169538497925,1.6683577299118042,1.7208963632583618,1.7810815572738647,1.8380775451660156,1.884110450744629,1.9112311601638794,1.9385181665420532,1.9751629829406738,2.012437343597412,2.046753406524658,2.0849385261535645,2.131291389465332,2.1776816844940186,2.2210211753845215,2.2537004947662354,2.2769861221313477,2.2868518829345703,2.268256664276123,2.2244784832000732,2.176745653152466,2.133077383041382
0.9999090433120728,0.8555342555046082,0.7514786720275879,0.7092714309692383,0.7093071341514587,0.7536837458610535,0.8200376629829407,0.8964729905128479,0.9715464115142822,1.029461145401001,1.0622508525848389,1.0609159469604492,1.07124924659729,1.0894187688827515,1.1287953853607178,1.1815478801727295,1.2635215520858765,1.3600361347198486,1.4529260396957397,1.5255051851272583,1.5945696830749512,1.6473203897476196,1.6936163902282715,1.7244852781295776,1.766850471496582,1.8126506805419922,1.8661246299743652,1.9176795482635498,1.9758857488632202,2.030567169189453,2.078395128250122,2.1108224391937256,2.1458756923675537,2.195023775100708,2.244990110397339,2.287051200866699,2.33003568649292,2.381356954574585,2.4312291145324707,2.477489709854126,2.5115559101104736,2.534935235977173,2.543570041656494,2.520914316177368,2.471599578857422,2.4135048389434814,2.358103036880493
1.1385962963104248,0.9706037640571594,0.837838888168335,0.761830747127533,0.7387181520462036,0.7705988883972168,0.8351012468338013,0.9203290939331055,1.0190201997756958,1.1153777837753296,1.1815850734710693,1.2086424827575684,1.240460991859436,1.273208737373352,1.3199745416641235,1.3729274272918701,1.4524377584457397,1.5438251495361328,1.6344830989837646,1.7077256441116333,1.7794513702392578,1.836861252784729,1.889262318611145,1.9276822805404663,1.9739922285079956,2.0201308727264404,2.072176456451416,2.1205356121063232,2.1742658615112305,2.2231907844543457,2.2693862915039062,2.304304599761963,2.343982219696045,2.4042153358459473,2.466217041015625,2.5157580375671387,2.5650458335876465,2.621370792388916,2.6749470233917236,2.7231016159057617,2.757251501083374,2.778506278991699,2.782808542251587,2.7545149326324463,2.6982574462890625,2.6301467418670654,2.5616557598114014
1.339909553527832,1.167246699333191,1.0128830671310425,0.9055473804473877,0.8542155623435974,0.870391845703125,0.9256881475448608,1.0112770795822144,1.1241438388824463,1.243766188621521,1.3387017250061035,1.390374779701233,1.4468343257904053,1.4960349798202515,1.5564873218536377,1.6157982349395752,1.6972639560699463,1.7855523824691772,1.8738925457000732,1.9463708400726318,2.0187110900878906,2.077909231185913,2.1348493099212646,2.179046154022217,2.2310450077056885,2.280888557434082,2.334994077682495,2.3830816745758057,2.4338018894195557,2.4779815673828125,2.521167278289795,2.555814504623413,2.5985944271087646,2.669166088104248,2.7425942420959473,2.80041241645813,2.8553342819213867,2.9142253398895264,2.966444492340088,3.0121853351593018,3.0436694622039795,3.0619935989379883,3.0640766620635986,3.0382256507873535,2.988258123397827,2.92519211769104,2.858819007873535
1.6609890460968018,1.523146390914917,1.371690273284912,1.2319504022598267,1.152117371559143,1.1452345848083496,1.1830264329910278,1.2580033540725708,1.370699405670166,1.500652551651001,1.6147568225860596,1.6928678750991821,1.7754007577896118,1.8481465578079224,1.929600477218628,2.0055091381073,2.0961434841156006,2.1850228309631348,2.2724127769470215,2.3421733379364014,2.4119784832000732,2.4691240787506104,2.5276215076446533,2.5769529342651367,2.63828182220459,2.7003860473632812,2.764554738998413,2.818774700164795,2.8711752891540527,2.9118435382843018,2.9501633644104004,2.9790847301483154,3.021064281463623,3.101170539855957,3.1864752769470215,3.2518904209136963,3.3120341300964355,3.3672187328338623,3.4077963829040527,3.4423141479492188,3.4647622108459473,3.478494882583618,3.481041669845581,3.4721932411193848,3.4533355236053467,3.4220070838928223,3.383561611175537
1.9544159173965454,1.864798665046692,1.7259626388549805,1.5646958351135254,1.4628366231918335,1.4382054805755615,1.461214542388916,1.527072548866272,1.6394758224487305,1.777960181236267,1.9085851907730103,2.0083138942718506,2.1134135723114014,2.205758571624756,2.305765151977539,2.3960959911346436,2.4959073066711426,2.587574005126953,2.6751208305358887,2.7427332401275635,2.8100600242614746,2.8647241592407227,2.924259662628174,2.977856397628784,3.0488290786743164,3.124847888946533,3.2006030082702637,3.263108730316162,3.318887233734131,3.358133316040039,3.3919527530670166,3.413971424102783,3.4540343284606934,3.541278600692749,3.635859727859497,3.707199811935425,3.7703399658203125,3.820122480392456,3.8470449447631836,3.869168519973755,3.881666898727417,3.8906915187835693,3.894324541091919,3.9034576416015625,3.9175350666046143,3.919450521469116,3.9108726978302
2.0689642429351807,2.045689344406128,1.9556128978729248,1.8092693090438843,1.7181082963943481,1.6963839530944824,1.7204046249389648,1.7850415706634521,1.898013710975647,2.0386674404144287,2.171562910079956,2.2729063034057617,2.380249261856079,2.4747183322906494,2.5778543949127197,2.671276330947876,2.777496337890625,2.8767526149749756,2.969003200531006,3.036865711212158,3.1028218269348145,3.1549510955810547,3.213345766067505,3.2675764560699463,3.34694242477417,3.436316728591919,3.5266997814178467,3.6002299785614014,3.6653904914855957,3.7092485427856445,3.7413432598114014,3.755875587463379,3.7900753021240234,3.8749048709869385,3.9678986072540283,4.036727428436279,4.095897674560547,4.134899139404297,4.14782190322876,4.1562700271606445,4.159976005554199,4.165048122406006,4.170886516571045,4.196634292602539,4.2361979484558105,4.267556667327881,4.282565593719482
2.1034014225006104,2.171724796295166,2.145920753479004,2.0365238189697266,1.9708887338638306,1.9632700681686401,1.995664358139038,2.0629427433013916,2.17716121673584,2.3176655769348145,2.4465019702911377,2.539876699447632,2.640141725540161,2.728423595428467,2.827475070953369,2.9189157485961914,3.0300729274749756,3.1411852836608887,3.240140199661255,3.309555768966675,3.374723196029663,3.423722743988037,3.4800543785095215,3.5332884788513184,3.6203219890594482,3.726027727127075,3.8321216106414795,3.9207417964935303,3.9978363513946533,4.050472736358643,4.082163333892822,4.087109088897705,4.113781929016113,4.191049098968506,4.277120113372803,4.339627742767334,4.390345573425293,4.4163432121276855,4.411712646484375,4.40621280670166,4.399576187133789,4.401113033294678,4.41022253036499,4.451504707336426,4.518867015838623,4.577109336853027,4.618086814880371
