earth/public/data/ocean/W07/ANN-votemper-depthz-0m-gfs-1.0.json
{"header": {"discipline": 0, "disciplineName": "Meteorological products", "gribEdition": 2, "gribLength": 131138.0, "center": 0, "centerName": "Kiel Climate Model", "subcenter": 0, "refTime": "1", "significanceOfRT": 1, "significanceOfRTName": "Start of forecast", "productStatus": 0, "productStatusName": "Operational products", "productType": 1, "productTypeName": "Forecast products", "productDefinitionTemplate": 0, "productDefinitionTemplateName": "Analysis/forecast at horizontal level/layer at a point in time", "parameterCategory": 2, "parameterCategoryName": "Momentum", "parameterNumber": 2, "parameterNumberName": "U-component_of_wind", "parameterUnit": "C", "genProcessType": 2, "genProcessTypeName": "Forecast", "forecastTime": 0, "surface1Type": 103, "surface1TypeName": "Specified height level above ground", "surface1Value": 10, "surface2Type": 255, "surface2TypeName": "Missing", "surface2Value": 0, "gridDefinitionTemplate": 0, "gridDefinitionTemplateName": "Latitude_Longitude", "numberPoints": 65160, "shape": 6, "shapeName": "Earth spherical with radius of 6,371,229.0 m", "gridUnits": "degrees", "resolution": 48, "winds": "true", "scanMode": 0, "nx": 360.0, "ny": 180.0, "basicAngle": 0, "subDivisions": 0, "lo1": 0.0, "la1": -89.5, "lo2": 359.0, "la2": 89.5, "dx": 1.0, "dy": -1.0}, "data":
[rows 42 to 62 of 180, columns 282 to 328 of 360]
9.071784019470215,8.675726890563965,8.457559585571289,9.02091121673584,null,null,null,null,null,null,9.614728927612305,10.30191707611084,10.268275260925293,10.2071533203125,9.820420265197754,9.176926612854004,8.472993850708008,7.840739727020264,7.2700676918029785,6.8646321296691895,6.571170806884766,6.434298038482666,6.3252410888671875,6.2580671310424805,6.238016128540039,6.26611328125,6.399125099182129,6.6155219078063965,6.781035900115967,6.870822906494141,6.888619899749756,6.833942413330078,6.729991436004639,6.5976128578186035,6.457930564880371,6.337300777435303,6.255868911743164,6.228419780731201,6.2154622077941895,6.218954086303711,6.198723316192627,6.158073425292969,6.089066028594971,6.00391149520874,5.925398349761963,5.867334365844727,5.832094669342041
9.537599563598633,9.135443687438965,8.916853904724121,9.443464279174805,null,null,null,null,null,null,null,null,10.604927062988281,10.68415641784668,10.326868057250977,9.600247383117676,8.798015594482422,8.058897972106934,7.441128253936768,7.0543904304504395,6.8010358810424805,6.732686519622803,6.7117919921875,6.749320983886719,6.880329132080078,7.090561389923096,7.347263813018799,7.609795570373535,7.782779693603516,7.833219528198242,7.810919761657715,7.716623783111572,7.590820789337158,7.454412460327148,7.320523262023926,7.213466644287109,7.140920162200928,7.116587162017822,7.0993523597717285,7.09225606918335,7.062295913696289,7.01450777053833,6.94218635559082,6.858419418334961,6.785434246063232,6.736990928649902,6.70626974105835
9.92088508605957,9.51965618133545,9.295979499816895,9.820052146911621,null,null,null,null,null,null,null,null,10.833663940429688,11.099061012268066,10.826566696166992,10.105652809143066,9.259431838989258,8.441290855407715,7.777796745300293,7.393874168395996,7.162222385406494,7.127227783203125,7.14314079284668,7.208659648895264,7.446783542633057,7.807551860809326,8.157142639160156,8.423951148986816,8.571133613586426,8.574292182922363,8.500143051147461,8.366713523864746,8.212156295776367,8.0669584274292,7.933850288391113,7.836885929107666,7.77328634262085,7.753772735595703,7.736681938171387,7.725005626678467,7.689591884613037,7.637293815612793,7.564586162567139,7.48468542098999,7.420892238616943,7.383901596069336,7.364235877990723
10.54281997680664,10.155614852905273,9.942339897155762,10.365753173828125,null,null,null,null,null,null,null,null,11.450791358947754,11.99941349029541,11.810808181762695,11.224337577819824,10.358685493469238,9.37543773651123,8.564420700073242,8.084001541137695,7.806281566619873,7.782684803009033,7.804352760314941,7.862227439880371,8.283193588256836,8.980780601501465,9.52646541595459,9.812765121459961,9.921619415283203,9.832735061645508,9.664548873901367,9.449766159057617,9.237586975097656,9.06895923614502,8.929712295532227,8.846491813659668,8.79348373413086,8.780970573425293,8.763376235961914,8.74428653717041,8.700263023376465,8.639511108398438,8.568357467651367,8.499512672424316,8.455301284790039,8.44320297241211,8.44808578491211
11.187492370605469,10.818140983581543,10.61830997467041,10.926143646240234,null,null,null,null,null,null,null,null,12.102546691894531,13.084616661071777,12.8484525680542,12.43487548828125,11.53133773803711,10.298391342163086,9.291852951049805,8.679527282714844,8.35165023803711,8.364636421203613,8.41458511352539,8.495942115783691,9.143453598022461,10.255987167358398,11.03414249420166,11.35274600982666,11.425468444824219,11.237223625183105,10.965644836425781,10.653438568115234,10.373210906982422,10.171157836914062,10.01993465423584,9.9458589553833,9.900616645812988,9.892635345458984,9.872844696044922,9.844574928283691,9.791061401367188,9.721420288085938,9.652817726135254,9.597955703735352,9.575780868530273,9.59178638458252,9.623857498168945
11.650273323059082,11.29334545135498,11.093892097473145,11.370401382446289,null,null,null,null,null,null,null,null,12.494720458984375,13.618779182434082,13.483197212219238,13.22400951385498,12.402032852172852,11.150634765625,10.05101490020752,9.302006721496582,8.865678787231445,8.834596633911133,8.909343719482422,9.076098442077637,9.947413444519043,11.347552299499512,12.311147689819336,12.651209831237793,12.696810722351074,12.441903114318848,12.087258338928223,11.703271865844727,11.361716270446777,11.129231452941895,10.959753036499023,10.885683059692383,10.839107513427734,10.828898429870605,10.802724838256836,10.766045570373535,10.703862190246582,10.628180503845215,10.562030792236328,10.517298698425293,10.510172843933105,10.541130065917969,10.589738845825195
12.304333686828613,11.967048645019531,11.810670852661133,11.912957191467285,null,null,null,null,null,null,null,null,null,null,null,14.045127868652344,13.589852333068848,12.68198299407959,11.598758697509766,10.537569046020508,9.808809280395508,9.553998947143555,9.67891788482666,10.153867721557617,11.347936630249023,13.041287422180176,14.161160469055176,14.511697769165039,14.526447296142578,14.20141887664795,13.769281387329102,13.304577827453613,12.899348258972168,12.624820709228516,12.430441856384277,12.351091384887695,12.295483589172363,12.274025917053223,12.234840393066406,12.185164451599121,12.11207103729248,12.028639793395996,11.963141441345215,11.927763938903809,11.926183700561523,11.960030555725098,12.007929801940918
12.977560997009277,12.663973808288574,12.416791915893555,12.232592582702637,null,null,null,null,null,null,null,null,null,null,null,14.968494415283203,14.759796142578125,14.260051727294922,13.19128131866455,11.74846363067627,10.687590599060059,10.17929744720459,10.38512897491455,11.27487850189209,12.803733825683594,14.713768005371094,15.955791473388672,16.308013916015625,16.297672271728516,15.925711631774902,15.433809280395508,14.909516334533691,14.451397895812988,14.140661239624023,13.923415184020996,13.838031768798828,13.772089958190918,13.736882209777832,13.684198379516602,13.622810363769531,13.539742469787598,13.449610710144043,13.383532524108887,13.353385925292969,13.3514404296875,13.377525329589844,13.415608406066895
13.43804931640625,13.143425941467285,12.81170654296875,12.502734184265137,null,null,null,null,null,null,null,null,null,null,null,15.363009452819824,15.177574157714844,14.829883575439453,13.727987289428711,12.370895385742188,11.466891288757324,10.875826835632324,11.104284286499023,12.114513397216797,13.767619132995605,15.764257431030273,17.024843215942383,17.321395874023438,17.272781372070312,16.8927001953125,16.400741577148438,15.884471893310547,15.428597450256348,15.113576889038086,14.893147468566895,14.806743621826172,14.734079360961914,14.688688278198242,14.626265525817871,14.558828353881836,14.469663619995117,14.375419616699219,14.305591583251953,14.27330493927002,14.260943412780762,14.271806716918945,14.287616729736328
13.975138664245605,13.701964378356934,13.393685340881348,13.104057312011719,12.946433067321777,13.242347717285156,13.281916618347168,null,null,null,null,null,null,null,null,null,null,null,null,null,null,11.940561294555664,12.346155166625977,13.327766418457031,14.97288990020752,16.980365753173828,18.141082763671875,18.255884170532227,18.114377975463867,17.74339485168457,17.287660598754883,16.829551696777344,16.419546127319336,16.131711959838867,15.931357383728027,15.853584289550781,15.781378746032715,15.726945877075195,15.6556396484375,15.57999038696289,15.482172012329102,15.380117416381836,15.302321434020996,15.262988090515137,15.234136581420898,15.220701217651367,15.201983451843262
14.462345123291016,14.202933311462402,13.928196907043457,13.6908540725708,13.562073707580566,13.749700546264648,13.77864933013916,null,null,null,null,null,null,null,null,null,null,null,null,null,null,12.905573844909668,13.467044830322266,14.551383972167969,16.19753646850586,18.107027053833008,19.11560821533203,19.026803970336914,18.787551879882812,18.435382843017578,18.01801300048828,17.613689422607422,17.251670837402344,17.000686645507812,16.82623291015625,16.762001037597656,16.694318771362305,16.636098861694336,16.557815551757812,16.473466873168945,16.366350173950195,16.255352020263672,16.169328689575195,16.123428344726562,16.079458236694336,16.0446720123291,15.992355346679688
14.739041328430176,14.501901626586914,14.261996269226074,14.060431480407715,13.947383880615234,14.178741455078125,14.233925819396973,null,null,null,null,null,null,null,null,null,null,null,null,null,null,14.087438583374023,14.655693054199219,15.677159309387207,17.125751495361328,18.76884651184082,19.570369720458984,19.402860641479492,19.13967514038086,18.826322555541992,18.43255615234375,18.028759002685547,17.678213119506836,17.445825576782227,17.28931427001953,17.23638916015625,17.172779083251953,17.110034942626953,17.0186767578125,16.917057037353516,16.794580459594727,16.67525863647461,16.5861759185791,16.543502807617188,16.49708366394043,16.454986572265625,16.381624221801758
15.102672576904297,14.933867454528809,14.745309829711914,14.570199012756348,14.55245304107666,14.71716594696045,14.798088073730469,null,null,null,null,null,null,null,null,null,null,null,null,null,null,null,null,null,18.114295959472656,19.51929473876953,20.04955291748047,19.8686466217041,19.631519317626953,19.383575439453125,19.000354766845703,18.553173065185547,18.18830680847168,17.971149444580078,17.83503532409668,17.803625106811523,17.737226486206055,17.648372650146484,17.518524169921875,17.37246322631836,17.22419548034668,17.099937438964844,17.02314567565918,17.005985260009766,16.972126007080078,16.92681121826172,16.832712173461914
15.47482967376709,15.38194751739502,15.249513626098633,15.105201721191406,15.097774505615234,15.253694534301758,15.367049217224121,null,null,null,null,null,null,null,null,null,null,null,null,null,null,null,null,null,19.208911895751953,20.394367218017578,20.520246505737305,20.323204040527344,20.102033615112305,19.89699363708496,19.5170955657959,19.030981063842773,18.655956268310547,18.459983825683594,18.34906768798828,18.345212936401367,18.274011611938477,18.147968292236328,17.974475860595703,17.78215789794922,17.611360549926758,17.492137908935547,17.435518264770508,17.453617095947266,17.43634033203125,17.38811492919922,17.275402069091797
15.808905601501465,15.766971588134766,15.677851676940918,15.554781913757324,15.504769325256348,15.538772583007812,15.553201675415039,null,null,null,null,null,null,null,null,null,null,null,null,null,null,null,null,null,19.474321365356445,20.760923385620117,20.691177368164062,20.558839797973633,20.41463279724121,20.273162841796875,19.95136260986328,19.49851417541504,19.128652572631836,18.908023834228516,18.768369674682617,18.74127769470215,18.633529663085938,18.469812393188477,18.269351959228516,18.06976318359375,17.9072322845459,17.809053421020508,17.781160354614258,17.826086044311523,17.82575035095215,17.7789306640625,17.664249420166016
16.16521644592285,16.16950035095215,16.113018035888672,16.009000778198242,15.93845272064209,15.912330627441406,15.902235984802246,null,null,null,null,null,null,null,null,null,null,null,null,null,null,null,null,null,null,null,20.699092864990234,20.708751678466797,20.692310333251953,20.66437530517578,20.444103240966797,20.08077049255371,19.72196388244629,19.43392562866211,19.226131439208984,19.13016700744629,18.966400146484375,18.759511947631836,18.546218872070312,18.364137649536133,18.226402282714844,18.160314559936523,18.16029167175293,18.228872299194336,18.24263572692871,18.200363159179688,18.092044830322266
16.538131713867188,16.580299377441406,16.567283630371094,16.497833251953125,16.41078758239746,16.322603225708008,16.269804000854492,null,null,null,null,null,null,null,null,null,null,null,null,null,null,null,null,null,null,null,20.716432571411133,20.794944763183594,20.879077911376953,20.964866638183594,20.893659591674805,20.6650447845459,20.377155303955078,20.072595596313477,19.800931930541992,19.615036010742188,19.377582550048828,19.137813568115234,18.919017791748047,18.760643005371094,18.649370193481445,18.603673934936523,18.624300003051758,18.706905364990234,18.733642578125,18.6989688873291,18.60387420654297
16.997570037841797,17.076082229614258,17.124345779418945,17.13395118713379,17.0461483001709,16.875328063964844,16.782180786132812,null,null,null,null,null,null,null,null,null,null,null,null,null,null,null,null,null,null,null,null,null,null,21.15688133239746,21.241334915161133,21.245656967163086,21.144367218017578,20.953582763671875,20.685365676879883,20.378677368164062,20.073949813842773,19.820592880249023,19.60988998413086,19.479812622070312,19.384567260742188,19.343721389770508,19.36479949951172,19.44548797607422,19.47557830810547,19.450918197631836,19.37420654296875
17.42940330505371,17.536285400390625,17.644214630126953,17.736820220947266,17.65517807006836,17.415075302124023,17.286514282226562,null,null,null,null,null,null,null,null,null,null,null,null,null,null,null,null,null,null,null,null,null,null,21.321083068847656,21.476985931396484,21.677309036254883,21.77273178100586,21.757944107055664,21.53634262084961,21.154542922973633,20.80893898010254,20.562294006347656,20.361175537109375,20.242822647094727,20.153701782226562,20.109519958496094,20.12436866760254,20.19462776184082,20.22228240966797,20.201669692993164,20.13888168334961
17.660804748535156,17.790523529052734,17.957439422607422,18.125518798828125,18.073760986328125,17.807987213134766,17.65848731994629,null,null,null,null,null,null,null,null,null,null,null,null,null,null,null,null,null,null,null,null,null,null,21.4157657623291,21.543825149536133,21.777305603027344,21.978635787963867,22.107202529907227,22.019304275512695,21.716995239257812,21.42278289794922,21.18230438232422,20.973045349121094,20.8349609375,20.73105812072754,20.68197250366211,20.68585205078125,20.742733001708984,20.75660514831543,20.726402282714844,20.658628463745117
17.82341766357422,17.985204696655273,18.21465301513672,18.475725173950195,18.463436126708984,18.183603286743164,18.03302001953125,null,null,null,null,null,null,null,null,null,null,null,null,null,null,null,null,null,null,null,null,null,null,21.496076583862305,21.602998733520508,21.796756744384766,22.04216957092285,22.298625946044922,22.363969802856445,22.240249633789062,22.03249740600586,21.78634262084961,21.556129455566406,21.38180923461914,21.25872802734375,21.207517623901367,21.20327377319336,21.24602508544922,21.243879318237305,21.195768356323242,21.11516571044922
