earth/public/data/ocean/W07/ANN-votemper-depthz-2000m-gfs-1.0.json
{"header": {"discipline": 0, "disciplineName": "Meteorological products", "gribEdition": 2, "gribLength": 131138.0, "center": 0, "centerName": "Kiel Climate Model", "subcenter": 0, "refTime": "1", "significanceOfRT": 1, "significanceOfRTName": "Start of forecast", "productStatus": 0, "productStatusName": "Operational products", "productType": 1, "productTypeName": "Forecast products", "productDefinitionTemplate": 0, "productDefinitionTemplateName": "Analysis/forecast at horizontal level/layer at a point in time", "parameterCategory": 2, "parameterCategoryName": "Momentum", "parameterNumber": 2, "parameterNumberName": "U-component_of_wind", "parameterUnit": "C", "genProcessType": 2, "genProcessTypeName": "Forecast", "forecastTime": 0, "surface1Type": 103, "surface1TypeName": "Specified height level above ground", "surface1Value": 10, "surface2Type": 255, "surface2TypeName": "Missing", "surface2Value": 0, "gridDefinitionTemplate": 0, "gridDefinitionTemplateName": "Latitude_Longitude", "numberPoints": 65160, "shape": 6, "shapeName": "Earth spherical with radius of 6,371,229.0 m", "gridUnits": "degrees", "resolution": 48, "winds": "true", "scanMode": 0, "nx": 360.0, "ny": 180.0, "basicAngle": 0, "subDivisions": 0, "lo1": 0.0, "la1": -89.5, "lo2": 359.0, "la2": 89.5, "dx": 1.0, "dy": -1.0}, "data":
[rows 88 to 109 of 180, columns 147 to 195 of 360]
1.6364917755126953,1.634935975074768,1.62582266330719,1.5748283863067627,1.481834053993225,1.4371172189712524,1.4396229982376099,1.464144229888916,1.507505178451538,1.5373592376708984,1.5490951538085938,1.5260021686553955,1.4714698791503906,1.4442096948623657,1.4483693838119507,1.4521068334579468,1.4547721147537231,1.4583452939987183,1.4621927738189697,1.4660247564315796,1.4691640138626099,1.472699522972107,1.4759974479675293,1.4791834354400635,1.4816797971725464,1.4843623638153076,1.4867453575134277,1.4889129400253296,1.4904733896255493,1.4920554161071777,1.4933750629425049,1.4945108890533447,1.4952611923217773,1.4959518909454346,1.496458888053894,1.4967498779296875,1.4967715740203857,1.4966145753860474,1.49630606174469,1.4961364269256592,1.4958592653274536,1.4953546524047852,1.4947823286056519,1.4942458868026733,1.4937360286712646,1.493346929550171,1.493013620376587,1.4928011894226074,1.4926890134811401
1.5127803087234497,1.5124784708023071,1.5095710754394531,1.4876223802566528,1.4540951251983643,1.4352279901504517,1.4375598430633545,1.4503031969070435,1.4703600406646729,1.481896996498108,1.4814139604568481,1.4728080034255981,1.4584693908691406,1.451788067817688,1.4554859399795532,1.4591097831726074,1.4620213508605957,1.4654308557510376,1.4687198400497437,1.4720858335494995,1.4749149084091187,1.4780542850494385,1.4809283018112183,1.4837526082992554,1.4860063791275024,1.4883956909179688,1.4904850721359253,1.4924269914627075,1.4938722848892212,1.4952706098556519,1.4963736534118652,1.497307300567627,1.4979084730148315,1.4983900785446167,1.4986672401428223,1.4987149238586426,1.4985241889953613,1.4980887174606323,1.497480869293213,1.497148871421814,1.4967169761657715,1.4959250688552856,1.495042324066162,1.4942164421081543,1.4934035539627075,1.4927399158477783,1.4921244382858276,1.4916595220565796,1.4912745952606201
1.4274533987045288,1.4280389547348022,1.4288536310195923,1.4301530122756958,1.4316998720169067,1.434102177619934,1.4369641542434692,1.4418635368347168,1.4478096961975098,1.450719952583313,1.4501172304153442,1.451002597808838,1.4534047842025757,1.4561492204666138,1.4587229490280151,1.4618172645568848,1.4648683071136475,1.467990517616272,1.4706159830093384,1.4734399318695068,1.475943922996521,1.47861647605896,1.480981707572937,1.4833794832229614,1.4853941202163696,1.4873765707015991,1.4889832735061646,1.4905426502227783,1.491786241531372,1.4928618669509888,1.4935816526412964,1.4941883087158203,1.4945744276046753,1.4947620630264282,1.494723916053772,1.494498610496521,1.4941326379776,1.493491291999817,1.4926930665969849,1.4922550916671753,1.4917556047439575,1.4908463954925537,1.4898320436477661,1.4888919591903687,1.4879519939422607,1.4871739149093628,1.486427903175354,1.4858381748199463,1.485314965248108
1.4298056364059448,1.4301800727844238,1.4310383796691895,1.4325282573699951,1.4344017505645752,1.437021255493164,1.439923644065857,1.4434127807617188,1.4468265771865845,1.4498281478881836,1.4518661499023438,1.454219102859497,1.4565327167510986,1.4585453271865845,1.459945559501648,1.4623196125030518,1.4652458429336548,1.468037724494934,1.4701930284500122,1.4725773334503174,1.474751591682434,1.4769084453582764,1.4786508083343506,1.4804736375808716,1.4820412397384644,1.4834692478179932,1.4844928979873657,1.4855083227157593,1.4863264560699463,1.4869413375854492,1.487243413925171,1.4874267578125,1.4874612092971802,1.4872554540634155,1.4868478775024414,1.4862861633300781,1.485672950744629,1.484827995300293,1.4839082956314087,1.4834016561508179,1.4828652143478394,1.4818938970565796,1.4808316230773926,1.4798803329467773,1.4789174795150757,1.4781289100646973,1.4773699045181274,1.4767892360687256,1.4762847423553467
1.4373056888580322,1.4375280141830444,1.4383715391159058,1.4398990869522095,1.4418189525604248,1.444340705871582,1.446990966796875,1.4500911235809326,1.453068733215332,1.4558002948760986,1.4578008651733398,1.4596315622329712,1.4609485864639282,1.4619945287704468,1.462537407875061,1.4642640352249146,1.4668337106704712,1.4693055152893066,1.4712196588516235,1.4733000993728638,1.475162148475647,1.476867437362671,1.4780937433242798,1.479365587234497,1.4804346561431885,1.481353759765625,1.4819400310516357,1.4824661016464233,1.4828205108642578,1.4829926490783691,1.4829374551773071,1.482728362083435,1.4823907613754272,1.4818183183670044,1.4811025857925415,1.480229139328003,1.4793461561203003,1.478295922279358,1.4772619009017944,1.476694107055664,1.4761009216308594,1.4750196933746338,1.4738683700561523,1.472853183746338,1.4718148708343506,1.4709413051605225,1.4701238870620728,1.46951162815094,1.4690018892288208
1.4467419385910034,1.44686758518219,1.4478687047958374,1.4495545625686646,1.4516007900238037,1.454201579093933,1.4568690061569214,1.4597493410110474,1.4623358249664307,1.4645185470581055,1.465928554534912,1.466875672340393,1.4671869277954102,1.467529296875,1.467815637588501,1.469168782234192,1.471335530281067,1.473500370979309,1.4752790927886963,1.4771308898925781,1.4787238836288452,1.4801160097122192,1.48105788230896,1.4819748401641846,1.4827032089233398,1.4833040237426758,1.4836702346801758,1.4839154481887817,1.4839942455291748,1.4838764667510986,1.48358154296875,1.4831233024597168,1.4825814962387085,1.481823444366455,1.4809794425964355,1.4799693822860718,1.478967308998108,1.477824091911316,1.4767392873764038,1.4761446714401245,1.4755150079727173,1.474367380142212,1.473125696182251,1.4720126390457153,1.470839262008667,1.4698190689086914,1.4688441753387451,1.4680955410003662,1.4674330949783325
1.4550198316574097,1.4548523426055908,1.4560387134552002,1.4580399990081787,1.4605120420455933,1.4634023904800415,1.4661935567855835,1.468864917755127,1.4709097146987915,1.4724171161651611,1.4730736017227173,1.4734513759613037,1.473446011543274,1.4737474918365479,1.4742836952209473,1.4755618572235107,1.4773428440093994,1.479215145111084,1.4808303117752075,1.4824745655059814,1.4838439226150513,1.485045075416565,1.4858468770980835,1.4865801334381104,1.4870978593826294,1.4875226020812988,1.4877676963806152,1.4878795146942139,1.4878324270248413,1.4875952005386353,1.4872021675109863,1.4866759777069092,1.4861032962799072,1.4853670597076416,1.4845945835113525,1.4836630821228027,1.4827361106872559,1.4816752672195435,1.4806681871414185,1.4801156520843506,1.4795042276382446,1.4783916473388672,1.4771454334259033,1.4759877920150757,1.4747306108474731,1.4735959768295288,1.4724773168563843,1.4715694189071655,1.4707156419754028
1.460257887840271,1.4590040445327759,1.459691047668457,1.4618194103240967,1.4650154113769531,1.4683427810668945,1.4711757898330688,1.47383451461792,1.4758236408233643,1.4770249128341675,1.4772015810012817,1.477433681488037,1.4776748418807983,1.4782837629318237,1.479150414466858,1.480482816696167,1.4820375442504883,1.4836548566818237,1.4850386381149292,1.4864972829818726,1.4877653121948242,1.488916277885437,1.4897370338439941,1.4904650449752808,1.4909611940383911,1.4913381338119507,1.4915215969085693,1.4915735721588135,1.4914833307266235,1.491245150566101,1.4909007549285889,1.4904512166976929,1.4899747371673584,1.4893980026245117,1.4888230562210083,1.4881099462509155,1.4873865842819214,1.486543893814087,1.485732078552246,1.4852865934371948,1.4847300052642822,1.4837167263031006,1.482555866241455,1.4814555644989014,1.4802056550979614,1.479030728340149,1.4778581857681274,1.4768983125686646,1.475916862487793
1.4625777006149292,1.4590758085250854,1.458178162574768,1.4601882696151733,1.4645650386810303,1.4685416221618652,1.4713892936706543,1.4743232727050781,1.4768071174621582,1.4781721830368042,1.4781687259674072,1.4785529375076294,1.4792520999908447,1.4802477359771729,1.4813629388809204,1.4828252792358398,1.4843664169311523,1.4858473539352417,1.4869918823242188,1.4883084297180176,1.4895559549331665,1.4907681941986084,1.4917267560958862,1.4926286935806274,1.493308663368225,1.4938160181045532,1.49405038356781,1.4941456317901611,1.4940764904022217,1.4939284324645996,1.4937262535095215,1.4934587478637695,1.4931738376617432,1.4928311109542847,1.4924925565719604,1.4920482635498047,1.4915801286697388,1.4910180568695068,1.4904654026031494,1.4901610612869263,1.4896862506866455,1.4888215065002441,1.4878199100494385,1.4868614673614502,1.485708475112915,1.4845678806304932,1.483427882194519,1.4824963808059692,1.4814352989196777
null,null,1.454960823059082,1.4574635028839111,1.4629045724868774,1.4674882888793945,1.470418095588684,1.4736276865005493,1.476550579071045,1.47813081741333,1.4780938625335693,1.4786245822906494,1.4796358346939087,1.4808841943740845,1.482155680656433,1.4837348461151123,1.4853425025939941,1.486775279045105,1.4877724647521973,1.4889960289001465,1.490218997001648,1.4914803504943848,1.4925527572631836,1.4936248064041138,1.4945117235183716,1.4951903820037842,1.4955497980117798,1.4957315921783447,1.4957104921340942,1.4956510066986084,1.4955698251724243,1.4954586029052734,1.4953465461730957,1.4951893091201782,1.4950259923934937,1.494779348373413,1.4945049285888672,1.4941545724868774,1.4938033819198608,1.4936070442199707,1.493205189704895,1.4924792051315308,1.4916183948516846,1.4907878637313843,1.4897336959838867,1.4886540174484253,1.4875487089157104,1.486620545387268,1.4854826927185059
null,null,1.452953577041626,1.456068515777588,1.4615448713302612,1.466214656829834,1.4692527055740356,1.4725362062454224,1.4754738807678223,1.4771283864974976,1.4772002696990967,1.4778708219528198,1.479006290435791,1.480379343032837,1.481734275817871,1.483423113822937,1.4851300716400146,1.4866130352020264,1.487594485282898,1.4887770414352417,1.489946961402893,1.491212010383606,1.4923436641693115,1.4935624599456787,1.4946348667144775,1.4955319166183472,1.4960699081420898,1.4964076280593872,1.4964678287506104,1.4965077638626099,1.4965108633041382,1.496525764465332,1.496539831161499,1.4965254068374634,1.4964741468429565,1.496362328529358,1.496200680732727,1.4959815740585327,1.4957365989685059,1.4956039190292358,1.4952666759490967,1.4946483373641968,1.4939038753509521,1.4931596517562866,1.4922055006027222,1.4912062883377075,1.4901314973831177,1.4891735315322876,1.487973690032959
1.4555394649505615,1.4532474279403687,1.453613519668579,1.4561465978622437,1.4604997634887695,1.4645028114318848,1.4674659967422485,1.4704428911209106,1.4729238748550415,1.474491834640503,1.4748709201812744,1.4757249355316162,1.4769024848937988,1.478331208229065,1.4797589778900146,1.4815850257873535,1.4834803342819214,1.4851323366165161,1.4862357378005981,1.4874528646469116,1.4885529279708862,1.489837884902954,1.4910672903060913,1.492496132850647,1.4938647747039795,1.4950960874557495,1.4959698915481567,1.4965959787368774,1.496859073638916,1.4970866441726685,1.4972333908081055,1.4974290132522583,1.4976370334625244,1.4978255033493042,1.4979586601257324,1.4980279207229614,1.498018741607666,1.49793541431427,1.4977946281433105,1.4977161884307861,1.4974714517593384,1.497025966644287,1.4964628219604492,1.4958809614181519,1.4951236248016357,1.4943217039108276,1.4933534860610962,1.4923865795135498,1.491162657737732
1.4550390243530273,1.4545873403549194,1.4549118280410767,1.4567962884902954,1.4598448276519775,1.4630138874053955,1.4656656980514526,1.4681973457336426,1.4701114892959595,1.471553087234497,1.4722492694854736,1.473270058631897,1.4744378328323364,1.4758886098861694,1.4773569107055664,1.4793059825897217,1.4813871383666992,1.4832289218902588,1.484508752822876,1.4858020544052124,1.4868816137313843,1.4882162809371948,1.489568829536438,1.4912070035934448,1.492844820022583,1.4943938255310059,1.495589017868042,1.4965102672576904,1.4970076084136963,1.4974406957626343,1.497743844985962,1.4981247186660767,1.4985246658325195,1.4989224672317505,1.4992581605911255,1.4995167255401611,1.4996627569198608,1.4997082948684692,1.4996519088745117,1.4996198415756226,1.4994686841964722,1.499199390411377,1.4988332986831665,1.498449683189392,1.4979194402694702,1.4973543882369995,1.4965304136276245,1.4956086874008179,1.4943894147872925
1.4549870491027832,1.4551273584365845,1.4555057287216187,1.4570285081863403,1.4594203233718872,1.4619498252868652,1.464192271232605,1.4662795066833496,1.4678623676300049,1.4692221879959106,1.4701136350631714,1.4712378978729248,1.4723830223083496,1.4738187789916992,1.4752848148345947,1.477264165878296,1.4793981313705444,1.4813646078109741,1.4827998876571655,1.4842199087142944,1.485355257987976,1.4867641925811768,1.4881846904754639,1.4899241924285889,1.4916629791259766,1.493397831916809,1.4948019981384277,1.4959890842437744,1.496720314025879,1.4973758459091187,1.4978159666061401,1.4983453750610352,1.4988564252853394,1.4994142055511475,1.4999055862426758,1.5003292560577393,1.5005947351455688,1.5007468461990356,1.5007487535476685,1.5007517337799072,1.5006844997406006,1.5005550384521484,1.500400424003601,1.5002293586730957,1.4999598264694214,1.4996166229248047,1.498974323272705,1.4981335401535034,1.496940016746521
1.4539839029312134,1.4543713331222534,1.4549243450164795,1.4562455415725708,1.458121418952942,1.4600754976272583,1.4617458581924438,1.4634238481521606,1.4647858142852783,1.466179370880127,1.4673410654067993,1.4686444997787476,1.4698458909988403,1.471299648284912,1.4727370738983154,1.4746077060699463,1.476584553718567,1.478476643562317,1.4799680709838867,1.4814231395721436,1.4826020002365112,1.484042763710022,1.4854943752288818,1.4873162508010864,1.4891740083694458,1.4912109375,1.4930416345596313,1.4947376251220703,1.4959744215011597,1.4970418214797974,1.497738003730774,1.4984720945358276,1.4991105794906616,1.4998598098754883,1.5005857944488525,1.5012611150741577,1.5017608404159546,1.5021355152130127,1.5023086071014404,1.5024068355560303,1.502479910850525,1.5026111602783203,1.5028010606765747,1.503015160560608,1.5031160116195679,1.5030933618545532,1.502639651298523,1.501852035522461,1.5005977153778076
1.4533662796020508,1.453855276107788,1.4543237686157227,1.4553271532058716,1.4566552639007568,1.4580644369125366,1.4592701196670532,1.4606205224990845,1.4618585109710693,1.4633290767669678,1.4647729396820068,1.466285228729248,1.467605471611023,1.4690968990325928,1.4704920053482056,1.4721956253051758,1.4738836288452148,1.4755769968032837,1.4769459962844849,1.4783263206481934,1.479453444480896,1.4808781147003174,1.482336401939392,1.4842543601989746,1.4862898588180542,1.4886950254440308,1.4910589456558228,1.4933340549468994,1.4951457977294922,1.4966586828231812,1.4976259469985962,1.49856436252594,1.4993151426315308,1.5002448558807373,1.5011937618255615,1.502129316329956,1.5028969049453735,1.5035320520401,1.5039372444152832,1.504155158996582,1.504376769065857,1.504788875579834,1.505324125289917,1.5059049129486084,1.506341576576233,1.5065709352493286,1.506242275238037,1.5054171085357666,1.5040476322174072
1.4538743495941162,1.4541171789169312,1.4543007612228394,1.4549503326416016,1.455973505973816,1.4570461511611938,1.4579960107803345,1.459144115447998,1.4603008031845093,1.4617950916290283,1.4633598327636719,1.4649834632873535,1.4663684368133545,1.4678481817245483,1.4691592454910278,1.4705902338027954,1.4719078540802002,1.473138689994812,1.474107265472412,1.475111722946167,1.4760125875473022,1.4773346185684204,1.4788480997085571,1.480999231338501,1.4833680391311646,1.4862751960754395,1.489142656326294,1.4919513463974,1.494148850440979,1.4959919452667236,1.4971235990524292,1.4982154369354248,1.499057412147522,1.5001410245895386,1.5012555122375488,1.5024302005767822,1.5034310817718506,1.5043308734893799,1.5049439668655396,1.505286693572998,1.5055943727493286,1.5061497688293457,1.5068421363830566,1.507541537284851,1.5080485343933105,1.508276343345642,1.507868766784668,1.5069135427474976,1.5054165124893188
1.4548721313476562,1.4547778367996216,1.4546208381652832,1.4549883604049683,1.4557878971099854,1.4566118717193604,1.4572880268096924,1.4582271575927734,1.4592397212982178,1.4606846570968628,1.4622949361801147,1.4639456272125244,1.4653390645980835,1.4667575359344482,1.4679378271102905,1.4690731763839722,1.4699305295944214,1.4706312417984009,1.4709997177124023,1.4715269804000854,1.4720735549926758,1.473279595375061,1.4749153852462769,1.4773821830749512,1.4802601337432861,1.4837119579315186,1.4871596097946167,1.4904295206069946,1.4929691553115845,1.495052456855774,1.4963223934173584,1.497542381286621,1.4985018968582153,1.499739646911621,1.501044511795044,1.5024470090866089,1.5037131309509277,1.5048558712005615,1.5056896209716797,1.5061427354812622,1.5064932107925415,1.5071344375610352,1.507872223854065,1.50857675075531,1.5090234279632568,1.509125828742981,1.5085680484771729,1.5074379444122314,1.5058517456054688
1.4569165706634521,1.456528902053833,1.4560893774032593,1.4560877084732056,1.456554651260376,1.456947684288025,1.457237958908081,1.4577819108963013,1.4585213661193848,1.4597203731536865,1.4611936807632446,1.4627063274383545,1.4640065431594849,1.4653067588806152,1.4663830995559692,1.467254638671875,1.4677759408950806,1.4679621458053589,1.4678090810775757,1.4678136110305786,1.4680107831954956,1.469069242477417,1.470808506011963,1.4736111164093018,1.476945161819458,1.480926752090454,1.484800934791565,1.4884259700775146,1.4911308288574219,1.4933509826660156,1.4946837425231934,1.4960287809371948,1.4971340894699097,1.4985963106155396,1.5001298189163208,1.5018188953399658,1.5033339262008667,1.5047141313552856,1.50569486618042,1.506235957145691,1.5065923929214478,1.5072433948516846,1.5079597234725952,1.508618712425232,1.5089771747589111,1.508978009223938,1.508331060409546,1.5071539878845215,1.505630612373352
1.459617257118225,1.4590779542922974,1.4584136009216309,1.4580788612365723,1.458104133605957,1.4580274820327759,1.4578200578689575,1.457914113998413,1.458251714706421,1.4590901136398315,1.4602439403533936,1.4614993333816528,1.4626046419143677,1.4637690782546997,1.4647682905197144,1.4654955863952637,1.4658054113388062,1.465664267539978,1.4650681018829346,1.4646786451339722,1.4645310640335083,1.4654595851898193,1.4672836065292358,1.4703302383422852,1.4740674495697021,1.4783869981765747,1.4825341701507568,1.4862898588180542,1.488983154296875,1.4911911487579346,1.49251127243042,1.4939367771148682,1.495215654373169,1.4968981742858887,1.4986985921859741,1.500637412071228,1.5023850202560425,1.503918170928955,1.5049718618392944,1.505549669265747,1.5058728456497192,1.5064575672149658,1.507092833518982,1.5076557397842407,1.507927417755127,1.5078505277633667,1.5072053670883179,1.5061092376708984,1.5047796964645386
1.4627840518951416,1.4621084928512573,1.461167812347412,1.460349440574646,1.4598451852798462,1.4591745138168335,1.45850670337677,1.4581159353256226,1.4581058025360107,1.4585306644439697,1.4593431949615479,1.4602973461151123,1.4612420797348022,1.4623234272003174,1.4633450508117676,1.4640580415725708,1.4643219709396362,1.4640049934387207,1.463161587715149,1.4624567031860352,1.462030291557312,1.4627277851104736,1.46444571018219,1.4674757719039917,1.4712917804718018,1.475675344467163,1.4798504114151,1.4835610389709473,1.4861513376235962,1.4882676601409912,1.4895380735397339,1.4909952878952026,1.4923770427703857,1.4942208528518677,1.4961873292922974,1.4983232021331787,1.5002330541610718,1.5019198656082153,1.5030673742294312,1.5037014484405518,1.5040276050567627,1.5046173334121704,1.5052294731140137,1.5057487487792969,1.5060168504714966,1.5059775114059448,1.5055041313171387,1.5046569108963013,1.503713846206665
1.4658455848693848,1.4650944471359253,1.4638259410858154,1.462534785270691,1.4614129066467285,1.4602220058441162,1.4591313600540161,1.4583823680877686,1.4580786228179932,1.4581750631332397,1.4586243629455566,1.4593336582183838,1.4601519107818604,1.4612308740615845,1.462373971939087,1.4632076025009155,1.4635909795761108,1.4633082151412964,1.4624139070510864,1.4615769386291504,1.4609376192092896,1.461380124092102,1.4628008604049683,1.4655596017837524,1.469130039215088,1.4732822179794312,1.4772402048110962,1.4807449579238892,1.4831408262252808,1.4851164817810059,1.4863001108169556,1.4877299070358276,1.4891434907913208,1.491036057472229,1.4930678606033325,1.4952824115753174,1.4972840547561646,1.4990739822387695,1.5003361701965332,1.5010274648666382,1.5013917684555054,1.5020575523376465,1.5027121305465698,1.5032405853271484,1.503589391708374,1.5037027597427368,1.5035141706466675,1.5030837059020996,1.5025908946990967
