earth/public/data/ocean/W07/ANN-ocevel-depthz-3000m-gfs-1.0.json
{"header": {"discipline": 0, "disciplineName": "Meteorological products", "gribEdition": 2, "gribLength": 131138.0, "center": 0, "centerName": "Kiel Climate Model", "subcenter": 0, "refTime": "1", "significanceOfRT": 1, "significanceOfRTName": "Start of forecast", "productStatus": 0, "productStatusName": "Operational products", "productType": 1, "productTypeName": "Forecast products", "productDefinitionTemplate": 0, "productDefinitionTemplateName": "Analysis/forecast at horizontal level/layer at a point in time", "parameterCategory": 2, "parameterCategoryName": "Momentum", "parameterNumber": 2, "parameterNumberName": "V-component_of_wind", "parameterUnit": "m/s", "genProcessType": 2, "genProcessTypeName": "Forecast", "forecastTime": 0, "surface1Type": 103, "surface1TypeName": "Specified height level above ground", "surface1Value": 10, "surface2Type": 255, "surface2TypeName": "Missing", "surface2Value": 0, "gridDefinitionTemplate": 0, "gridDefinitionTemplateName": "Latitude_Longitude", "numberPoints": 65160, "shape": 6, "shapeName": "Earth spherical with radius of 6,371,229.0 m", "gridUnits": "degrees", "resolution": 48, "winds": "true", "scanMode": 0, "nx": 360.0, "ny": 180.0, "basicAngle": 0, "subDivisions": 0, "lo1": 0.0, "la1": -89.5, "lo2": 359.0, "la2": 89.5, "dx": 1.0, "dy": -1.0}, "data":
[rows 42 to 62 of 180, columns 276 to 321 of 360]
-0.0003777740930672735,-0.0004601973050739616,-0.000391789129935205,-0.00018190513947047293,-0.00014476680371444672,-0.0002929867769125849,-0.00037129115662537515,null,null,null,null,null,null,null,null,null,null,null,null,null,null,null,null,null,null,null,null,null,null,0.0252425204962492,0.023142538964748383,0.01865393854677677,0.011981544084846973,0.0041288393549621105,-0.0018282021628692746,-0.00517711928114295,-0.005785520188510418,-0.003507733577862382,-0.001871672342531383,-0.0010982697131112218,-0.00014921504771336913,0.0008117181132547557,0.0008057840750552714,-0.00017765718803275377,-0.0005483612767420709,-0.00024561499594710767
-0.0005984650924801826,-0.0007355561829172075,-0.0006586553063243628,-0.0003912505635526031,-0.0002634281408973038,-0.00029654125683009624,-0.0003194709133822471,null,null,null,null,null,null,null,null,null,null,null,null,null,null,null,null,null,null,0.007546695880591869,0.011194276623427868,0.017960788682103157,0.020021503791213036,0.017615891993045807,0.0132432971149683,0.006945871282368898,0.002114546252414584,-9.206166578223929e-05,-0.002554229460656643,-0.004365448374301195,-0.004549973178654909,-0.0032319517340511084,-0.0019505718955770135,-0.0010891592828556895,-0.0003969591052737087,1.567352592246607e-05,-8.513878128724173e-06,-0.00043110709520988166,-0.0007528160931542516,-0.0009047380881384015
-0.0008335767779499292,-0.0009246962727047503,-0.0007654298678971827,-0.0003831664798781276,-0.00021461560390889645,-0.0002801389782689512,-0.0003165540110785514,null,null,null,null,null,null,null,null,null,null,null,null,null,null,null,null,null,null,0.007989326491951942,0.01276774238795042,0.01978495717048645,0.019070463255047798,0.012261757627129555,0.005053624510765076,-0.001209249603562057,-0.004769829101860523,-0.0051516322419047356,-0.005230841692537069,-0.00521868234500289,-0.004194594919681549,-0.002235900145024061,-0.0010113000171259046,-0.0006145391380414367,-0.00031232525361701846,-0.00017404886602889746,-0.0004033972218167037,-0.0009753264603205025,-0.001315214904025197,-0.0013617494842037559
-0.0009261838276870549,-0.0008643217151984572,-0.0006092480616644025,-0.00020248455984983593,-7.713156082900241e-05,-0.00026229137438349426,-0.00036225127405487,null,null,null,null,null,null,null,null,null,null,null,null,null,null,null,null,null,null,null,null,0.02194155380129814,0.018153997138142586,0.008813620544970036,0.0007460973574779928,-0.004643374588340521,-0.0075651416555047035,-0.007387591991573572,-0.006537297740578651,-0.005031435284763575,-0.003046448575332761,-0.0009294767514802516,0.0001762552565196529,1.460995372326579e-05,4.834423089050688e-05,0.0002614860131870955,-0.00017708363884594291,-0.001193266361951828,-0.0015933396061882377,-0.0013078004121780396
-0.0008902620174922049,-0.0007038835901767015,-0.0004341479216236621,-0.00012746392167173326,-2.724604019022081e-05,-0.0001542182289995253,-0.00019677104137372226,null,null,null,null,null,null,null,null,null,null,null,null,null,null,null,null,null,null,null,null,0.021286970004439354,0.016330210492014885,0.007258438039571047,-0.0007262923754751682,-0.0062463791109621525,-0.009138927794992924,-0.008782066404819489,-0.007321703713387251,-0.004978373646736145,-0.0025265575386583805,-0.00046900505549274385,0.0005708463722839952,0.0003588195831980556,0.000322446838254109,0.00046912505058571696,-8.862620597938076e-05,-0.0012369814794510603,-0.0016153663164004683,-0.0011615073308348656
-0.000709441548679024,-0.00046152822324074805,-0.000269542564637959,-0.0001636344095459208,-6.493164983112365e-05,1.552269168314524e-05,4.109244400751777e-05,3.4724223496596096e-06,-1.710869764792733e-05,null,null,null,null,null,null,null,null,null,null,null,null,null,null,null,null,null,null,0.018835583701729774,0.014483286067843437,0.008150276727974415,0.0016824749764055014,-0.0049825008027255535,-0.009220587089657784,-0.01031323429197073,-0.009242045693099499,-0.006262785755097866,-0.00332551053725183,-0.0008859198424033821,0.00047194177750498056,0.0005733091966249049,0.0005643639015033841,0.00044048679410479963,-0.00019751134095713496,-0.001254582079127431,-0.0015120634343475103,-0.0009240624494850636
-0.00044540013186633587,-0.00021371521870605648,-0.00012040866567986086,-0.00018983581685461104,-0.00012302106188144535,6.348702299874276e-05,9.642987424740568e-05,-3.107927841483615e-05,-0.00010145978012587875,null,null,null,null,null,null,null,null,null,null,null,null,null,null,null,null,null,null,null,null,0.009592102840542793,0.004507657140493393,-0.003498544916510582,-0.00885331816971302,-0.01062700990587473,-0.009676584042608738,-0.006158830597996712,-0.0030808362644165754,-0.0010236219968646765,0.0003349279286339879,0.0007207992020994425,0.0007667618920095265,0.0004699208657257259,-0.00015613895084243268,-0.0009890535147860646,-0.0011215764097869396,-0.0005221671890467405
-0.00021546620700974017,-0.00012235550093464553,-0.0001063529634848237,-0.00016604590928182006,-0.00012581757619045675,6.645608209510101e-06,1.354212417936651e-05,-0.00010333269165130332,-0.0001663667062530294,null,null,null,null,null,null,null,null,null,null,null,null,null,null,null,null,null,null,null,null,0.010351761244237423,0.0051833163015544415,-0.0024282692465931177,-0.007408680394291878,-0.010402878746390343,-0.010119444690644741,-0.00649283779785037,-0.003444491419941187,-0.0015455435495823622,-7.974418258527294e-05,0.0006431425572372973,0.0008438010117970407,0.0004677710239775479,-8.083895227173343e-05,-0.0007054813904687762,-0.0007435698062181473,-0.00019504180818330497
3.181779675287544e-07,-0.00017981187556870282,-0.0002588834031485021,-0.00021964051120448858,-0.0002021103136939928,-0.0002050485200015828,-0.0002062542043859139,-0.0002124118764186278,-0.00021328787261154503,null,null,null,null,null,null,null,null,null,null,null,null,null,null,null,null,null,null,null,null,null,null,-0.0015407722676172853,-0.005416709464043379,-0.010466499254107475,-0.011490494944155216,-0.008416618220508099,-0.005442959722131491,-0.0030538178980350494,-0.001010015606880188,0.00034461787436157465,0.0009245593100786209,0.0006148360553197563,0.00020031354506500065,-0.00025542391813360155,-0.00022794617689214647,0.0002861171669792384
0.00013994525943417102,-0.00026493537006899714,-0.0004517494817264378,-0.0003937323344871402,-0.000418399169575423,-0.0005253244889900088,-0.0005042559350840747,-0.0003551697882357985,-0.0002769302227534354,null,null,null,null,null,null,null,null,null,null,null,null,null,null,null,null,null,null,null,null,null,null,-0.0015579811297357082,-0.004551407881081104,-0.0099634425714612,-0.011792823672294617,-0.009709908626973629,-0.007058949209749699,-0.004361411556601524,-0.0018617998575791717,8.94482695912302e-07,0.0010020449990406632,0.0009871298680081964,0.0007585419225506485,0.0003728258889168501,0.0004290577198844403,0.0009155097650364041
0.00013058798504061997,-0.00026384840020909905,-0.00045853646588511765,-0.0004240867856424302,-0.0005078015965409577,-0.0006895727128721774,-0.0006784435245208442,-0.00047107701539061964,-0.00035668248892761767,null,null,null,null,null,null,null,null,null,null,null,null,null,null,null,null,null,null,null,null,null,null,-0.0019193332409486175,-0.0052666147239506245,-0.01014692336320877,-0.011869951151311398,-0.011071089655160904,-0.008779668249189854,-0.005397305823862553,-0.0023854076862335205,-0.0003537265583872795,0.0009665581164881587,0.0013145465636625886,0.0012576692970469594,0.0007952340529300272,0.0007654691580682993,0.0011853126343339682
7.722439477220178e-05,-0.00017881662643048912,-0.00030741203227080405,-0.0002791724109556526,-0.0004166471480857581,-0.0006997280288487673,-0.000747563608456403,-0.0005568168708123267,-0.00045224910718388855,null,null,null,null,null,null,null,null,null,null,null,null,null,null,null,null,null,null,null,null,null,null,null,null,-0.011215545237064362,-0.012525073252618313,-0.013341523706912994,-0.011215133592486382,-0.0065475208684802055,-0.0028521360363811255,-0.000738731469027698,0.0008108820184133947,0.0015358045930042863,0.0016002960037440062,0.0010036638705059886,0.0008471111650578678,0.0011475756764411926
3.686432319227606e-05,-9.680420771474019e-05,-0.0001460878411307931,-0.00010803443001350388,-0.00032380688935518265,-0.0007471978315152228,-0.000891704810783267,-0.0007217669626697898,-0.0005353727610781789,null,null,null,null,null,null,null,null,null,null,null,null,null,null,null,null,null,null,null,null,null,null,null,null,-0.012032515369355679,-0.01347483042627573,-0.015531343407928944,-0.013556099496781826,-0.008292052894830704,-0.00397645914927125,-0.0014258091105148196,0.0006229213904589415,0.0017424600664526224,0.0020221807062625885,0.0013896484160795808,0.00116559152957052,0.0013894494622945786
-0.00018915430700872093,-0.00015698598872404546,-0.00010125294647878036,-3.1977386242942885e-05,-0.00022174404875840992,-0.0006585929077118635,-0.0008470150642096996,-0.000770862796343863,-0.0004735104739665985,0.0001266550534637645,0.0005322489887475967,null,null,null,null,null,null,null,null,null,null,null,null,null,null,null,null,null,null,null,null,null,null,null,null,-0.015524015761911869,-0.013799013569951057,-0.010018608532845974,-0.006289687938988209,-0.0031164514366537333,-0.0004345373890828341,0.0013185649877414107,0.002157454611733556,0.0019024224020540714,0.0018301695818081498,0.0019342945888638496
-0.0005633513210341334,-0.0003590337000787258,-0.00019877271552104503,-0.00010580935486359522,-0.00017038093938026577,-0.0003651801962405443,-0.0005178299034014344,-0.0005917515372857451,-0.0002892086049541831,0.00032707586069591343,0.000668160617351532,null,null,null,null,null,null,null,null,null,null,null,null,null,null,null,null,null,null,null,null,null,null,null,null,-0.012295413762331009,-0.011738591827452183,-0.010786901228129864,-0.008409307338297367,-0.00518004922196269,-0.0020855311304330826,0.0003162521170452237,0.0018339197849854827,0.0022402931936085224,0.002405814127996564,0.0023212244268506765
-0.0007251131464727223,-0.00042228653910569847,-0.00023420542129315436,-0.00019338412676006556,-0.00017404188110958785,-0.00017684270278550684,-0.00024017253599595279,-0.000357226119376719,-0.000115377944894135,0.0004428806423675269,0.0007459598127752542,null,null,null,null,null,null,null,null,null,null,null,null,null,null,null,null,null,null,null,null,null,null,null,null,-0.0098646841943264,-0.010854682885110378,-0.012205667793750763,-0.011245801113545895,-0.008334075100719929,-0.004730970598757267,-0.0011640108423307538,0.0011962741846218705,0.001841833465732634,0.0022306167520582676,0.0022789451759308577
-0.000668453867547214,-0.00028758382541127503,-0.00011800754873547703,-0.00019223937124479562,-0.00020427763229236007,-0.00015478633577004075,-0.00016631466860417277,-0.00023205734032671899,-6.500963991129538e-06,0.00046786313760094345,0.0007296046242117882,0.0007272016955539584,0.0007252672803588212,null,null,null,null,null,null,null,null,null,null,null,null,null,null,null,null,null,null,null,null,null,null,null,null,-0.016006676480174065,-0.015124243684113026,-0.01250721886754036,-0.008107554167509079,-0.002652773167937994,0.0005755043821409345,0.0010692275827750564,0.001600909628905356,0.0020868717692792416
-0.000638406490907073,-0.0002931146009359509,-0.00015913585957605392,-0.000257118750596419,-0.00025136745534837246,-0.00014847582497168332,-0.000130400454509072,-0.00020020392548758537,-3.4548851544968784e-05,0.0003440405707806349,0.0005697456072084606,0.0006035142578184605,0.0006251759477891028,null,null,null,null,null,null,null,null,null,null,null,null,null,null,null,null,null,null,null,null,null,null,null,null,-0.018623074516654015,-0.01763402856886387,-0.01610211841762066,-0.011694937013089657,-0.004850724712014198,-0.0006388294859789312,0.0001048248668666929,0.0009245271794497967,0.0016405920032411814
-0.0006050395895726979,-0.0004560369998216629,-0.0004041836073156446,-0.00045636086724698544,-0.0004067596746608615,-0.00025624726549722254,-0.0002049752656603232,-0.0002678925229702145,-0.0001532445166958496,0.00010559900692896917,0.0003227206179872155,0.00045464999857358634,0.0005245362408459187,null,null,null,null,null,null,null,null,null,null,null,null,null,null,null,null,null,null,null,null,null,null,null,null,null,null,-0.014213988557457924,-0.01229643914848566,-0.009314876049757004,-0.0063783167861402035,-0.0036404517013579607,-0.00126246502622962,0.000168907645274885
-0.0005453519406728446,-0.0005651283427141607,-0.0006066045025363564,-0.0006684970576316118,-0.0006109111127443612,-0.0004469198756851256,-0.0003376940730959177,-0.00029769010143354535,-0.0001789406087482348,1.8934144918603124e-06,0.00022800355509389192,0.000460287177702412,0.0005876291543245316,null,null,null,null,null,null,null,null,null,null,null,null,null,null,null,null,null,null,null,null,null,null,null,null,null,null,-0.00559838954359293,-0.008785849437117577,-0.014866147190332413,-0.014877944253385067,-0.009129204787313938,-0.004513688385486603,-0.001685557421296835
-0.0004641570267267525,-0.0007142075919546187,-0.0009180461056530476,-0.0010202683042734861,-0.0009082297910936177,-0.0006131543777883053,-0.00035425962414592505,-0.0001958914945134893,-6.891792872920632e-05,7.258674486365635e-06,0.0001850260014180094,0.0004413957067299634,0.0005832544411532581,null,null,null,null,null,null,null,null,null,null,null,null,null,null,null,null,null,null,null,null,null,null,null,null,null,null,-0.00015641486970707774,-0.006027737632393837,-0.017036467790603638,-0.018738701939582825,-0.012579156085848808,-0.007908465340733528,-0.004225935786962509
