earth/public/data/ocean/W07/ANN-votemper-depthz-3000m-gfs-1.0.json
{"header": {"discipline": 0, "disciplineName": "Meteorological products", "gribEdition": 2, "gribLength": 131138.0, "center": 0, "centerName": "Kiel Climate Model", "subcenter": 0, "refTime": "1", "significanceOfRT": 1, "significanceOfRTName": "Start of forecast", "productStatus": 0, "productStatusName": "Operational products", "productType": 1, "productTypeName": "Forecast products", "productDefinitionTemplate": 0, "productDefinitionTemplateName": "Analysis/forecast at horizontal level/layer at a point in time", "parameterCategory": 2, "parameterCategoryName": "Momentum", "parameterNumber": 2, "parameterNumberName": "U-component_of_wind", "parameterUnit": "C", "genProcessType": 2, "genProcessTypeName": "Forecast", "forecastTime": 0, "surface1Type": 103, "surface1TypeName": "Specified height level above ground", "surface1Value": 10, "surface2Type": 255, "surface2TypeName": "Missing", "surface2Value": 0, "gridDefinitionTemplate": 0, "gridDefinitionTemplateName": "Latitude_Longitude", "numberPoints": 65160, "shape": 6, "shapeName": "Earth spherical with radius of 6,371,229.0 m", "gridUnits": "degrees", "resolution": 48, "winds": "true", "scanMode": 0, "nx": 360.0, "ny": 180.0, "basicAngle": 0, "subDivisions": 0, "lo1": 0.0, "la1": -89.5, "lo2": 359.0, "la2": 89.5, "dx": 1.0, "dy": -1.0}, "data":
[rows 44 to 65 of 180, columns 0 to 49 of 360]
1.3375016450881958,1.339094638824463,1.3375779390335083,1.333726167678833,1.327775001525879,1.3245078325271606,1.3243201971054077,1.3429497480392456,1.3775475025177002,1.4110889434814453,1.4381617307662964,1.4587883949279785,1.469232201576233,1.4688841104507446,1.457567572593689,1.4425705671310425,1.4265401363372803,1.4081141948699951,1.3906328678131104,1.3724374771118164,1.3566830158233643,1.3447346687316895,1.3383491039276123,1.3362081050872803,1.3381247520446777,1.3440635204315186,1.3525488376617432,1.3624187707901,1.3719695806503296,1.385135531425476,1.3998229503631592,1.405529499053955,1.4012854099273682,1.3861759901046753,1.3632850646972656,1.3645553588867188,1.3899390697479248,1.4031726121902466,null,null,null,null,null,null,null,null,null,null,1.3451119661331177,1.3732391595840454
1.4684395790100098,1.4723114967346191,1.4783408641815186,1.481192708015442,1.4805721044540405,1.4808839559555054,1.4820587635040283,1.4957281351089478,1.5187232494354248,1.5441581010818481,1.566806435585022,1.586403250694275,1.5995051860809326,1.6021335124969482,1.593998670578003,1.5816096067428589,1.5670360326766968,1.5502179861068726,1.5339959859848022,1.5196245908737183,1.5095467567443848,1.5065159797668457,1.5108412504196167,1.5214699506759644,1.5360723733901978,1.550122618675232,1.560892939567566,1.5680866241455078,1.5705596208572388,1.5751818418502808,1.5816065073013306,1.5811394453048706,1.574620008468628,1.5542409420013428,1.5236085653305054,1.5133546590805054,1.5266019105911255,1.545351266860962,null,null,null,null,null,null,null,null,null,null,1.6211247444152832,1.6179618835449219
1.5968149900436401,1.600951910018921,1.6138743162155151,1.6224452257156372,1.6253472566604614,1.6292954683303833,1.6337835788726807,1.6455003023147583,1.6624610424041748,1.6824367046356201,1.7017110586166382,1.7197498083114624,1.733139991760254,1.737914800643921,1.7332572937011719,1.724280834197998,1.71288001537323,1.6986263990402222,1.6843386888504028,1.6745392084121704,1.6713333129882812,1.6782859563827515,1.6947909593582153,1.7199381589889526,1.7501295804977417,1.77305269241333,1.7851088047027588,1.7889043092727661,1.7834943532943726,1.7774003744125366,1.7709364891052246,1.7609754800796509,1.7485060691833496,1.723292589187622,1.6896817684173584,1.6623682975769043,1.6448771953582764,1.6430532932281494,1.6577625274658203,1.6686345338821411,null,null,1.9790496826171875,1.9552271366119385,1.9105597734451294,1.8825063705444336,1.8745733499526978,1.8416430950164795,1.801599144935608,1.7703551054000854
1.655457615852356,1.6597895622253418,1.6921168565750122,1.7086189985275269,1.7114923000335693,1.717707633972168,1.726002812385559,1.7398808002471924,1.756636381149292,1.776644229888916,1.7961770296096802,1.8143994808197021,1.8278368711471558,1.8343619108200073,1.8325742483139038,1.8264933824539185,1.8170487880706787,1.8048962354660034,1.792154312133789,1.786281704902649,1.7880747318267822,1.8040862083435059,1.830690622329712,1.8692346811294556,1.9116545915603638,1.9451146125793457,1.9625035524368286,1.9628797769546509,1.9464383125305176,1.9263834953308105,1.9076828956604004,1.8857475519180298,1.8655576705932617,1.8362107276916504,1.803431510925293,1.7654852867126465,1.7294412851333618,1.7029051780700684,1.6921783685684204,1.6883989572525024,null,null,1.949180006980896,1.949610710144043,1.906665325164795,1.8807357549667358,1.8679713010787964,1.8508386611938477,1.8325190544128418,1.8067288398742676
null,null,1.8127959966659546,1.817933201789856,1.8211013078689575,1.830045223236084,1.8430774211883545,1.8596343994140625,1.8767855167388916,1.8982168436050415,1.9200547933578491,1.939848780632019,1.954192042350769,1.962815523147583,1.964403748512268,1.9601942300796509,1.9511387348175049,1.9410662651062012,1.9317359924316406,1.9285852909088135,1.932498574256897,1.955365538597107,1.993895411491394,2.0441267490386963,2.097971200942993,2.1503543853759766,2.191624879837036,2.188525438308716,2.1414437294006348,2.0960590839385986,2.0609376430511475,2.0268478393554688,1.9991836547851562,1.9650295972824097,1.9302870035171509,1.889944314956665,1.8512464761734009,1.810707688331604,1.7738823890686035,1.7474524974822998,1.7324143648147583,1.7666864395141602,null,null,1.90712308883667,1.8886137008666992,1.865856647491455,1.846665620803833,1.8346644639968872,1.8157472610473633
1.934574842453003,1.9444587230682373,1.9308016300201416,1.926987648010254,1.9325459003448486,1.944488525390625,1.9608376026153564,1.979723334312439,1.997814416885376,2.020569324493408,2.043917655944824,2.0644383430480957,2.078369617462158,2.087980270385742,2.0914838314056396,2.088325262069702,2.0790679454803467,2.07139253616333,2.06685733795166,2.065058469772339,2.0662829875946045,2.0921924114227295,2.137923240661621,2.195244550704956,2.2537448406219482,2.3256118297576904,2.398932933807373,2.393131971359253,2.309175968170166,2.2370777130126953,2.188310384750366,2.1456007957458496,2.116525650024414,2.078920364379883,2.039541244506836,1.9971985816955566,1.9595109224319458,1.9129623174667358,1.8663560152053833,1.8101849555969238,1.7533265352249146,1.7594542503356934,1.8434034585952759,1.9074920415878296,1.9173399209976196,1.9060624837875366,1.8781923055648804,1.8563499450683594,1.8443056344985962,1.8303632736206055
1.981430172920227,1.9910252094268799,1.9956544637680054,2.0026683807373047,2.0105879306793213,2.0244007110595703,2.0415053367614746,2.0614216327667236,2.080474853515625,2.1034531593322754,2.126211166381836,2.145411729812622,2.1577327251434326,2.1662042140960693,2.169419527053833,2.1661815643310547,2.157081127166748,2.1503093242645264,2.1471235752105713,2.142805814743042,2.1384832859039307,2.156728982925415,2.195235013961792,2.2392871379852295,2.2828972339630127,2.3453197479248047,2.4177908897399902,2.4152069091796875,2.337463140487671,2.2691493034362793,2.2204768657684326,2.1816577911376953,2.1589717864990234,2.125302314758301,2.0860941410064697,2.045631170272827,2.0109057426452637,1.9680514335632324,1.9246399402618408,1.8637088537216187,1.7957223653793335,1.7842485904693604,1.8339993953704834,1.8708465099334717,1.8907657861709595,1.8843458890914917,1.852624535560608,1.8371809720993042,1.8402338027954102,1.841598391532898
2.0861213207244873,2.0952844619750977,2.1018881797790527,2.110323905944824,2.1193859577178955,2.133030891418457,2.149043560028076,2.1680996417999268,2.1870076656341553,2.2080345153808594,2.227565288543701,2.244147300720215,2.2547109127044678,2.2619872093200684,2.264477014541626,2.2622785568237305,2.255629062652588,2.2493982315063477,2.2445662021636963,2.2415363788604736,2.239753007888794,2.2381696701049805,2.2373881340026855,2.241802930831909,2.2512266635894775,2.2760772705078125,2.310633659362793,2.308922529220581,2.272655487060547,2.2323951721191406,2.1971020698547363,2.173797130584717,2.1664416790008545,2.144944906234741,2.113176107406616,2.078753709793091,2.0479936599731445,2.0086758136749268,1.9679996967315674,1.9161758422851562,1.8628851175308228,1.8264230489730835,1.8102025985717773,1.8147430419921875,1.8369799852371216,1.8314670324325562,1.799415111541748,1.7788876295089722,null,null
2.1982884407043457,2.2061781883239746,2.2126076221466064,2.2210235595703125,2.229771137237549,2.2420814037323,2.255540609359741,2.2725324630737305,2.289747714996338,2.307908058166504,2.3234703540802,2.337674856185913,2.3478238582611084,2.3546805381774902,2.3570399284362793,2.3565940856933594,2.3535842895507812,2.3485631942749023,2.342569589614868,2.3456945419311523,2.3581347465515137,2.335341453552246,2.2801361083984375,2.242208242416382,2.2258174419403076,2.2183868885040283,2.2198846340179443,2.212881088256836,2.197824001312256,2.1783993244171143,2.158708095550537,2.152132987976074,2.1609232425689697,2.1517720222473145,2.1270594596862793,2.0984253883361816,2.0713839530944824,2.035378932952881,1.9971258640289307,1.953272819519043,1.91214919090271,1.8648509979248047,1.820568561553955,1.802653193473816,1.8139257431030273,1.8084025382995605,1.7870092391967773,1.757055401802063,1.7152148485183716,1.7430278062820435
2.2782812118530273,2.2837064266204834,2.2881410121917725,2.2942748069763184,2.3012139797210693,2.310717821121216,2.3213083744049072,2.3355536460876465,2.351059913635254,2.3668580055236816,2.380192279815674,2.3939435482025146,2.4055655002593994,2.4132089614868164,2.4154069423675537,2.417475938796997,2.4188191890716553,2.4156429767608643,2.4083709716796875,2.4068586826324463,2.414257526397705,2.37593150138855,2.2962756156921387,2.2417585849761963,2.2191951274871826,2.197262763977051,2.1834397315979004,2.1649010181427,2.143306255340576,2.122865915298462,2.1080191135406494,2.1117048263549805,2.1327521800994873,2.1383187770843506,2.12587833404541,2.102452039718628,2.071817636489868,2.0345308780670166,1.9977350234985352,1.9564076662063599,1.9180363416671753,1.876637578010559,1.8394349813461304,1.820068597793579,1.8218430280685425,1.814920425415039,1.8006925582885742,1.7675517797470093,1.7212039232254028,1.7269341945648193
2.372730016708374,2.3777027130126953,2.381568670272827,2.385465621948242,2.388432264328003,2.3933303356170654,2.3993008136749268,2.4100890159606934,2.423734188079834,2.4378902912139893,2.449920177459717,2.4641051292419434,2.4779224395751953,2.4869232177734375,2.4894704818725586,2.492494821548462,2.4958901405334473,2.4870834350585938,2.464669942855835,2.4457058906555176,null,null,null,null,null,null,2.1628663539886475,2.122215509414673,2.071756601333618,2.0397543907165527,2.0222413539886475,2.0342397689819336,2.073643445968628,2.1018853187561035,2.1173837184906006,2.0973188877105713,2.0527994632720947,2.0136685371398926,1.9778714179992676,1.9371347427368164,1.8988467454910278,1.8642220497131348,1.8393384218215942,1.8254801034927368,1.8247750997543335,1.816658854484558,1.8021159172058105,1.765494704246521,1.7240502834320068,1.7148581743240356
2.4596729278564453,2.4665822982788086,2.472973346710205,2.475743532180786,2.4744200706481934,2.474573850631714,2.475895404815674,2.483225107192993,2.4950337409973145,2.507826566696167,2.51922345161438,2.533592462539673,2.5483100414276123,2.558669328689575,2.56286358833313,2.5648910999298096,2.564159631729126,2.557596445083618,null,null,null,null,null,null,null,null,null,null,1.9813486337661743,1.9557762145996094,1.936221957206726,1.9562015533447266,2.012507438659668,2.0511085987091064,null,null,2.016921281814575,1.9858136177062988,1.9497532844543457,1.9096883535385132,1.8729482889175415,1.846053957939148,1.834416151046753,1.827601671218872,null,null,null,null,1.711163878440857,1.6983369588851929
2.506561040878296,2.5180420875549316,2.5275213718414307,2.5307979583740234,2.5272295475006104,2.5252790451049805,2.5253381729125977,2.5316953659057617,2.5431454181671143,2.5560829639434814,2.568079948425293,2.5824201107025146,2.596489667892456,2.605633497238159,2.608450174331665,2.6040756702423096,2.5916941165924072,2.582630157470703,null,null,null,null,null,null,null,null,null,null,1.9366254806518555,1.923403263092041,1.904089331626892,1.921321153640747,1.969128131866455,2.0003738403320312,null,null,2.0167078971862793,1.983734130859375,1.9312812089920044,1.88367760181427,1.8507660627365112,1.8302873373031616,1.825513482093811,1.823047399520874,null,null,null,null,1.6872233152389526,1.6815615892410278
2.542205572128296,2.5578558444976807,2.5697667598724365,2.573550224304199,2.5685641765594482,2.5662014484405518,2.566854238510132,2.573753595352173,2.5856940746307373,2.599463939666748,2.6126348972320557,2.6270458698272705,2.640082836151123,2.646350860595703,2.644448757171631,2.638395071029663,null,null,null,null,null,null,null,null,null,null,null,null,null,null,1.90122389793396,1.909744143486023,1.9302542209625244,1.9648550748825073,2.01836895942688,2.0527520179748535,2.0515248775482178,2.005002498626709,1.9207806587219238,1.8601171970367432,1.8328545093536377,1.8173400163650513,1.8168456554412842,1.8164141178131104,null,null,null,null,1.6693781614303589,1.6638727188110352
2.5793161392211914,2.5960257053375244,2.607893466949463,2.6125659942626953,2.609104871749878,2.608802318572998,2.611363410949707,2.6198065280914307,2.6324119567871094,2.647001028060913,2.660872459411621,2.6754989624023438,2.688194990158081,2.688101291656494,2.6730754375457764,2.6620218753814697,null,null,null,null,null,null,null,null,null,null,null,null,null,null,1.8989205360412598,1.9026391506195068,1.9096113443374634,1.9589598178863525,2.02543044090271,2.0577657222747803,2.0655949115753174,1.9986265897750854,1.893810749053955,1.836244821548462,1.8147739171981812,1.8032114505767822,1.8035120964050293,1.8037461042404175,null,null,null,null,1.6517813205718994,1.6456685066223145
2.628750801086426,2.644413948059082,2.6558241844177246,2.6622581481933594,2.662515640258789,2.665461301803589,2.670999526977539,2.681399345397949,2.6949658393859863,2.7101426124572754,2.724210262298584,2.738646984100342,2.7509262561798096,2.749274253845215,null,null,null,null,null,null,null,null,null,null,null,null,null,null,null,null,null,null,null,null,2.038278102874756,2.056466817855835,null,null,1.8409054279327393,1.8100641965866089,1.7945497035980225,1.7831177711486816,1.778220534324646,1.770438551902771,null,null,null,null,1.6444905996322632,1.630542516708374
2.678133249282837,2.6946165561676025,2.708888530731201,2.7172186374664307,2.7182116508483887,2.7224695682525635,2.7291276454925537,2.740622043609619,2.7548515796661377,2.7704391479492188,2.7845592498779297,2.7983715534210205,2.8092920780181885,2.8156068325042725,null,null,null,null,null,null,null,null,null,null,null,null,null,null,null,null,null,null,null,null,null,null,null,null,1.795235276222229,1.788442611694336,1.7759391069412231,1.7629940509796143,1.7517353296279907,1.7398921251296997,1.7272043228149414,1.7109788656234741,1.6975319385528564,1.6734813451766968,1.6490452289581299,1.6229850053787231
2.714306592941284,2.731557607650757,2.747068166732788,2.757497549057007,2.7607502937316895,2.7639119625091553,2.7664835453033447,2.775607109069824,2.7899720668792725,2.8059134483337402,2.8204874992370605,2.833230495452881,2.8419153690338135,2.8464300632476807,null,null,null,null,null,null,null,null,null,null,null,null,null,null,null,null,null,null,null,null,null,null,null,null,1.785965919494629,1.779396891593933,1.76749587059021,1.7537227869033813,1.7404813766479492,1.7292617559432983,1.722012996673584,1.7123713493347168,1.699317455291748,1.6647541522979736,1.6287562847137451,1.5991860628128052
2.748351573944092,2.7646193504333496,2.778486490249634,2.7911033630371094,2.8003745079040527,2.802704334259033,2.797593832015991,2.8028903007507324,2.8172826766967773,2.8337223529815674,2.8492653369903564,2.8610243797302246,2.866771697998047,2.870194673538208,null,null,null,null,null,null,null,null,null,null,null,null,null,null,null,null,null,null,null,null,null,null,null,null,1.7793447971343994,1.7734615802764893,1.7627220153808594,1.7500553131103516,1.7378652095794678,1.7276482582092285,1.721353530883789,1.7154390811920166,null,null,1.5702157020568848,1.5546846389770508
2.787263870239258,2.8030006885528564,2.816516399383545,2.830366373062134,2.8420445919036865,2.840317964553833,2.8226804733276367,2.8248801231384277,2.845921277999878,2.863698959350586,2.878831386566162,2.888211488723755,2.8904051780700684,2.891380786895752,null,null,null,null,null,null,null,null,null,null,null,null,null,null,null,null,null,null,null,null,null,null,null,null,1.7750664949417114,1.7696857452392578,1.7598899602890015,1.7492302656173706,1.7394413948059082,1.7307418584823608,1.723123550415039,1.7177671194076538,null,null,1.527889370918274,1.5280537605285645
2.8239200115203857,2.839754581451416,2.8542113304138184,2.867929458618164,2.8784029483795166,2.8779075145721436,null,null,2.876802921295166,2.890430450439453,2.9037721157073975,2.9101722240448,2.908195972442627,2.9073398113250732,null,null,null,null,null,null,null,null,null,null,null,null,null,null,null,null,null,null,null,null,null,null,null,null,1.7736657857894897,1.7686702013015747,1.759600281715393,1.7511792182922363,1.7451417446136475,1.739668846130371,null,null,null,null,1.5245980024337769,1.5234500169754028
2.864675283432007,2.879882335662842,2.8942930698394775,2.9079136848449707,2.9182703495025635,2.9236955642700195,null,null,2.9167087078094482,2.9225687980651855,2.9329147338867188,2.933689594268799,2.923367738723755,2.915851354598999,null,null,null,null,null,null,null,null,null,null,null,null,null,null,null,null,null,null,null,null,null,null,null,null,1.7724292278289795,1.7678933143615723,1.759620189666748,1.7534096240997314,1.750259518623352,1.7485382556915283,null,null,null,null,1.522842526435852,1.5180492401123047
