earth/public/data/ocean/W07/ANN-somxl010-depthz-0m-gfs-1.0.json
{"header": {"discipline": 0, "disciplineName": "Meteorological products", "gribEdition": 2, "gribLength": 131138.0, "center": 0, "centerName": "Kiel Climate Model", "subcenter": 0, "refTime": "1", "significanceOfRT": 1, "significanceOfRTName": "Start of forecast", "productStatus": 0, "productStatusName": "Operational products", "productType": 1, "productTypeName": "Forecast products", "productDefinitionTemplate": 0, "productDefinitionTemplateName": "Analysis/forecast at horizontal level/layer at a point in time", "parameterCategory": 2, "parameterCategoryName": "Momentum", "parameterNumber": 2, "parameterNumberName": "U-component_of_wind", "parameterUnit": "m", "genProcessType": 2, "genProcessTypeName": "Forecast", "forecastTime": 0, "surface1Type": 103, "surface1TypeName": "Specified height level above ground", "surface1Value": 10, "surface2Type": 255, "surface2TypeName": "Missing", "surface2Value": 0, "gridDefinitionTemplate": 0, "gridDefinitionTemplateName": "Latitude_Longitude", "numberPoints": 65160, "shape": 6, "shapeName": "Earth spherical with radius of 6,371,229.0 m", "gridUnits": "degrees", "resolution": 48, "winds": "true", "scanMode": 0, "nx": 360.0, "ny": 180.0, "basicAngle": 0, "subDivisions": 0, "lo1": 0.0, "la1": -89.5, "lo2": 359.0, "la2": 89.5, "dx": 1.0, "dy": -1.0}, "data":
[rows 63 to 83 of 180, columns 94 to 140 of 360]
45.868751525878906,46.517879486083984,48.22896957397461,50.6834602355957,52.497676849365234,53.44172668457031,52.2735595703125,49.331642150878906,46.05548858642578,43.03666687011719,40.71503829956055,39.439720153808594,38.3091926574707,37.48611831665039,37.1929931640625,37.452293395996094,41.50209426879883,48.55830001831055,52.440040588378906,61.660701751708984,null,null,null,null,null,null,null,null,null,null,null,null,null,null,null,null,null,null,null,null,null,null,null,null,null,null,null
47.38753890991211,48.49814224243164,50.29126739501953,52.4483528137207,53.16302490234375,52.205387115478516,49.6505126953125,45.83686447143555,42.60574722290039,40.54872512817383,39.029964447021484,38.398582458496094,37.73979187011719,37.21625518798828,37.262176513671875,37.90003204345703,42.47528076171875,50.20382308959961,54.45369338989258,60.812049865722656,null,null,null,null,null,null,null,null,null,null,null,null,null,null,null,null,null,null,null,null,null,null,null,null,null,null,null
48.74180221557617,49.85521697998047,51.08776092529297,52.30772399902344,51.70355987548828,49.484981536865234,46.3453254699707,42.81797409057617,40.29710388183594,39.137535095214844,38.460968017578125,38.335792541503906,38.22671890258789,38.11316680908203,38.64725112915039,39.688724517822266,44.22405242919922,51.482452392578125,55.43562698364258,59.4351806640625,null,null,null,null,null,null,null,null,null,null,null,null,null,null,null,null,null,null,null,null,null,null,null,null,null,null,null
49.68505859375,50.342628479003906,50.5588264465332,50.20194625854492,48.499267578125,45.660499572753906,42.93291091918945,40.849884033203125,39.46772766113281,39.14126205444336,39.06548309326172,39.30878829956055,39.644168853759766,40.051055908203125,41.059696197509766,42.529842376708984,46.47319412231445,52.11897277832031,55.26309585571289,57.51237106323242,null,null,null,null,null,null,null,null,null,null,null,null,null,null,null,null,null,null,null,null,null,null,null,null,null,null,null
49.64723205566406,49.708709716796875,49.03129959106445,47.78116226196289,45.65092849731445,42.99282455444336,41.07402420043945,40.15830993652344,39.7706184387207,39.93428039550781,40.281803131103516,40.740474700927734,41.35432815551758,42.00996398925781,43.16029357910156,44.61783218383789,47.53736114501953,51.48936080932617,54.089778900146484,55.08725357055664,null,null,null,null,null,null,null,null,null,null,null,null,null,null,null,null,null,null,null,null,null,null,null,null,null,null,null
48.3658332824707,47.66569900512695,46.61980438232422,45.35947036743164,43.895606994628906,42.486968994140625,41.60749435424805,41.48650360107422,41.42760467529297,41.51744079589844,41.70878601074219,42.015899658203125,42.444183349609375,42.94865036010742,43.70481491088867,44.57711410522461,46.19651794433594,48.19541549682617,50.202091217041016,52.46172332763672,53.62532043457031,53.36076736450195,52.41147232055664,null,null,null,null,null,null,null,null,null,null,null,null,null,null,null,null,null,null,null,null,null,null,null,null
47.234615325927734,46.11577606201172,44.96027755737305,43.994049072265625,43.229156494140625,42.847171783447266,42.70161056518555,42.8346061706543,42.770381927490234,42.491825103759766,42.31119155883789,42.2217903137207,42.31982421875,42.55636978149414,42.9099006652832,43.29253387451172,43.93375778198242,44.68885040283203,46.05195999145508,47.671321868896484,49.07447814941406,50.3271598815918,48.20405197143555,null,null,null,null,null,null,null,null,null,null,null,null,null,null,null,null,null,null,null,null,null,null,null,null
47.22039031982422,46.11589813232422,45.09726333618164,44.34479522705078,43.812469482421875,43.60432815551758,43.39901351928711,43.25857925415039,42.85408020019531,42.28183364868164,41.733375549316406,41.32463073730469,41.07162857055664,41.04246139526367,41.066463470458984,41.16559600830078,41.39202880859375,41.73929977416992,42.006072998046875,42.20602798461914,43.269378662109375,45.13651657104492,43.90693283081055,39.78896713256836,36.196311950683594,33.592498779296875,32.64826965332031,35.84042739868164,37.014244079589844,null,null,null,null,null,null,null,null,null,null,null,null,null,null,null,null,null,null
47.77922058105469,46.75395584106445,45.78923034667969,45.065345764160156,44.45321273803711,44.05686569213867,43.57959747314453,43.083457946777344,42.42839813232422,41.71073913574219,40.98405075073242,40.364261627197266,39.868247985839844,39.564109802246094,39.298484802246094,39.093345642089844,38.93798828125,38.825958251953125,38.40867233276367,37.6998176574707,37.292205810546875,37.126224517822266,36.064090728759766,34.314144134521484,32.8079719543457,32.009098052978516,32.677555084228516,35.346229553222656,37.16656494140625,null,null,null,null,null,null,null,null,null,null,null,null,null,null,null,null,null,null
48.392940521240234,47.41392517089844,46.478084564208984,45.75609588623047,45.07511520385742,44.5621337890625,43.905025482177734,43.225799560546875,42.412322998046875,41.613731384277344,40.7615852355957,40.013633728027344,39.296260833740234,38.75135040283203,38.18658447265625,37.72364044189453,37.20258331298828,36.73885726928711,35.83809280395508,34.675140380859375,33.406150817871094,32.258636474609375,31.400360107421875,30.97170639038086,30.86726188659668,31.083309173583984,32.5097541809082,34.918495178222656,36.23435974121094,null,null,null,null,null,null,null,null,null,null,null,null,null,null,null,null,null,null
48.94575500488281,47.98001480102539,47.038414001464844,46.291629791259766,45.57571029663086,45.01765441894531,44.33277893066406,43.6430778503418,42.816139221191406,42.00109100341797,41.118080139160156,40.32484436035156,39.48155212402344,38.730079650878906,37.956363677978516,37.28208541870117,36.53331756591797,35.825496673583984,34.80299377441406,33.64065170288086,32.40699768066406,31.329538345336914,30.643573760986328,30.489486694335938,30.634775161743164,31.075725555419922,32.15837097167969,33.654605865478516,34.486480712890625,38.11614990234375,37.12696838378906,36.67041778564453,null,null,null,null,null,null,null,null,null,null,null,35.724609375,35.74116516113281,35.77220153808594,35.78875732421875
48.41501998901367,47.50626754760742,46.62559509277344,45.92337417602539,45.25028991699219,44.719058990478516,44.082096099853516,43.44541931152344,42.70357894897461,41.97732925415039,41.218116760253906,40.54241180419922,39.75025939941406,38.966487884521484,38.130855560302734,37.385677337646484,36.50785446166992,35.65584182739258,34.61193084716797,33.55810546875,32.4320182800293,31.42532730102539,30.790802001953125,30.651683807373047,30.771812438964844,31.155864715576172,31.833595275878906,32.71187973022461,32.82869338989258,34.501121520996094,33.82881546020508,33.97932434082031,null,null,null,null,null,null,null,null,null,null,null,36.51646041870117,36.41090393066406,36.21788787841797,36.09598159790039
46.89205551147461,46.08399963378906,45.310638427734375,44.72233581542969,44.15557861328125,43.72307586669922,43.1937370300293,42.673583984375,42.087032318115234,41.554840087890625,41.03282928466797,40.63747024536133,40.05646896362305,39.4146614074707,38.684776306152344,38.00913619995117,37.14393615722656,36.24763488769531,35.2897834777832,34.45236587524414,33.4702262878418,32.53501892089844,31.813919067382812,31.4301700592041,31.258634567260742,31.30398178100586,31.650659561157227,32.205535888671875,31.8075008392334,30.192113876342773,29.07209014892578,30.414350509643555,null,null,null,null,null,null,null,null,null,null,null,38.00117874145508,37.648494720458984,37.00835037231445,36.672019958496094
44.087764739990234,43.43408203125,42.84219741821289,42.4019889831543,41.986289978027344,41.657466888427734,41.2496452331543,40.82835006713867,40.44496154785156,40.152523040771484,39.9852180480957,39.9412841796875,39.71873092651367,39.32291030883789,38.81452178955078,38.262054443359375,37.41789245605469,36.43347930908203,35.470298767089844,34.71210479736328,33.83687210083008,33.00062561035156,32.29692459106445,31.843215942382812,31.46343231201172,31.23166275024414,31.134151458740234,31.225833892822266,30.455202102661133,28.989704132080078,27.556468963623047,27.42841148376465,28.435726165771484,31.566301345825195,32.130977630615234,31.428037643432617,31.72189712524414,null,null,null,null,null,null,39.105552673339844,38.60013961791992,37.67805480957031,37.16522216796875
38.49183654785156,38.14544677734375,37.82649612426758,37.59893035888672,37.34916305541992,37.13271713256836,36.856040954589844,36.57257843017578,36.47840881347656,36.591270446777344,36.883663177490234,37.31858444213867,37.48127365112305,37.37742233276367,37.10335159301758,36.73725509643555,35.93022918701172,34.82883071899414,33.86673355102539,33.195682525634766,32.53073501586914,31.969223022460938,31.556060791015625,31.35036849975586,30.972993850708008,30.4787540435791,29.868925094604492,29.232797622680664,28.10822296142578,26.680408477783203,24.61693000793457,21.749412536621094,23.366718292236328,28.523265838623047,30.483739852905273,29.67717170715332,29.43695831298828,null,null,null,null,null,null,39.30171585083008,38.84702682495117,37.7698860168457,37.18610763549805
32.8661003112793,32.82221221923828,32.74998474121094,32.6743278503418,32.54596710205078,32.3913459777832,32.23201370239258,32.1024284362793,32.29474639892578,32.790042877197266,33.47101974487305,34.229881286621094,34.62263488769531,34.577720642089844,34.413211822509766,34.15461730957031,33.38555145263672,32.24807357788086,31.389060974121094,30.979246139526367,30.628250122070312,30.42656135559082,30.374351501464844,30.507627487182617,30.193374633789062,29.49749183654785,28.4703426361084,27.283065795898438,25.88928985595703,24.53435707092285,22.388935089111328,19.837451934814453,21.58363151550293,27.358205795288086,30.63819122314453,30.918359756469727,31.28301239013672,null,null,null,null,null,null,38.9931755065918,38.63917922973633,37.42705154418945,36.757423400878906
29.3453311920166,29.398847579956055,29.39401626586914,29.33328628540039,29.269086837768555,29.20647430419922,29.233789443969727,29.323278427124023,29.68817710876465,30.252038955688477,31.219226837158203,32.38654327392578,32.97624588012695,32.85111999511719,32.69082260131836,32.51945877075195,32.07289123535156,31.38567543029785,30.883182525634766,30.6173038482666,30.386140823364258,30.240236282348633,30.260616302490234,30.459083557128906,30.1075439453125,29.284324645996094,27.977319717407227,26.450952529907227,24.692829132080078,23.069738388061523,20.90864372253418,18.599199295043945,21.174362182617188,28.088539123535156,32.22140884399414,32.783447265625,33.51057815551758,34.20401382446289,34.871795654296875,35.383880615234375,35.95004653930664,36.60801696777344,37.09809112548828,37.429588317871094,37.37583541870117,36.78834915161133,36.42959976196289
25.98031997680664,26.025293350219727,26.059892654418945,26.067663192749023,26.222980499267578,26.48199462890625,26.85123634338379,27.27253532409668,27.68035316467285,28.020980834960938,29.618444442749023,32.15972900390625,33.44223403930664,33.20779037475586,32.70145034790039,32.081153869628906,31.77935218811035,31.99428367614746,31.969566345214844,31.697418212890625,31.39809799194336,31.093158721923828,30.982938766479492,31.052318572998047,30.58488655090332,29.61223030090332,28.099376678466797,26.185529708862305,24.057281494140625,21.892864227294922,19.557992935180664,17.841991424560547,21.02112579345703,28.305362701416016,32.34922409057617,32.53253936767578,33.035274505615234,33.97758102416992,34.891353607177734,35.596168518066406,35.38575744628906,34.04091262817383,33.799686431884766,34.73182678222656,35.543399810791016,35.029136657714844,34.34150695800781
23.35466194152832,23.38804817199707,23.506818771362305,23.69797706604004,24.141517639160156,24.779024124145508,25.45074462890625,26.048368453979492,26.409168243408203,26.45720672607422,28.78425407409668,33.01713180541992,35.102378845214844,34.71583938598633,33.573543548583984,31.822338104248047,31.081729888916016,30.719703674316406,29.893199920654297,28.70166778564453,27.679443359375,26.898637771606445,26.242107391357422,25.732423782348633,25.08115577697754,24.302669525146484,23.53519058227539,22.803634643554688,21.744102478027344,20.418352127075195,18.845674514770508,17.265487670898438,20.653076171875,27.144262313842773,30.592798233032227,30.294700622558594,29.642202377319336,28.60896873474121,29.831575393676758,33.110633850097656,33.25646209716797,30.359331130981445,29.172800064086914,30.647754669189453,31.261730194091797,32.79677963256836,33.16499328613281
22.407028198242188,22.438533782958984,22.690767288208008,23.106245040893555,23.85321807861328,24.772130966186523,25.520689010620117,25.9649715423584,26.18451690673828,26.15047264099121,28.250932693481445,33.11467361450195,null,null,null,31.835725784301758,30.56459617614746,30.11688995361328,28.950294494628906,27.177364349365234,25.756628036499023,24.821542739868164,24.037647247314453,23.4576473236084,22.862882614135742,22.266294479370117,21.96181869506836,21.9296875,21.34880256652832,20.253568649291992,18.749704360961914,17.153785705566406,19.949005126953125,26.242603302001953,29.220130920410156,28.334604263305664,26.95691680908203,25.302461624145508,26.367605209350586,30.00544548034668,30.0211238861084,26.548295974731445,24.659204483032227,27.03318977355957,27.802146911621094,30.682655334472656,null
22.060651779174805,22.172229766845703,22.70004653930664,23.537382125854492,24.47406768798828,25.37436294555664,25.67225456237793,25.376039505004883,26.04261016845703,27.453533172607422,28.985977172851562,30.332353591918945,null,null,null,30.11935043334961,29.584970474243164,29.847715377807617,27.70136833190918,23.85973358154297,21.0882625579834,19.776561737060547,18.821062088012695,18.3874568939209,18.177955627441406,18.215604782104492,19.399682998657227,21.60129737854004,22.263845443725586,21.401430130004883,19.39835548400879,17.009279251098633,19.571807861328125,26.032320022583008,28.663236618041992,27.053691864013672,26.04421615600586,25.85614585876465,26.356971740722656,27.416439056396484,26.371065139770508,23.207664489746094,21.568437576293945,24.05620765686035,24.90631675720215,29.05845069885254,null
