earth/public/data/ocean/W07/ANN-sowaflep-depthz-0m-gfs-1.0.json
{"header": {"discipline": 0, "disciplineName": "Meteorological products", "gribEdition": 2, "gribLength": 131138.0, "center": 0, "centerName": "Kiel Climate Model", "subcenter": 0, "refTime": "1", "significanceOfRT": 1, "significanceOfRTName": "Start of forecast", "productStatus": 0, "productStatusName": "Operational products", "productType": 1, "productTypeName": "Forecast products", "productDefinitionTemplate": 0, "productDefinitionTemplateName": "Analysis/forecast at horizontal level/layer at a point in time", "parameterCategory": 2, "parameterCategoryName": "Momentum", "parameterNumber": 2, "parameterNumberName": "U-component_of_wind", "parameterUnit": "kg/m2/s", "genProcessType": 2, "genProcessTypeName": "Forecast", "forecastTime": 0, "surface1Type": 103, "surface1TypeName": "Specified height level above ground", "surface1Value": 10, "surface2Type": 255, "surface2TypeName": "Missing", "surface2Value": 0, "gridDefinitionTemplate": 0, "gridDefinitionTemplateName": "Latitude_Longitude", "numberPoints": 65160, "shape": 6, "shapeName": "Earth spherical with radius of 6,371,229.0 m", "gridUnits": "degrees", "resolution": 48, "winds": "true", "scanMode": 0, "nx": 360.0, "ny": 180.0, "basicAngle": 0, "subDivisions": 0, "lo1": 0.0, "la1": -89.5, "lo2": 359.0, "la2": 89.5, "dx": 1.0, "dy": -1.0}, "data":
[rows 147 to 167 of 180, columns 47 to 93 of 360]
null,null,null,null,null,null,null,null,null,null,null,null,null,null,null,null,null,null,null,null,null,null,null,null,null,null,null,null,null,null,null,null,null,null,null,null,null,null,null,null,null,null,null,null,null,null,null
null,null,null,null,null,null,null,null,null,null,null,null,null,null,null,null,null,null,null,null,null,null,null,null,null,null,null,null,null,null,null,null,null,null,null,null,null,null,null,null,null,null,null,null,null,null,null
null,null,null,null,null,null,null,null,null,null,null,null,null,null,null,null,null,null,null,null,null,null,null,null,null,null,null,null,null,null,null,null,null,null,null,null,null,null,null,null,null,null,null,null,null,null,null
null,null,null,null,null,null,null,null,null,null,null,null,null,null,null,null,null,null,null,null,null,null,null,null,null,null,null,null,null,null,null,null,null,null,null,null,null,null,null,null,null,null,null,null,null,null,null
null,null,null,null,null,null,null,null,null,null,null,null,null,null,null,null,null,null,null,null,null,null,null,null,null,null,null,null,null,null,null,null,null,null,null,null,null,null,null,null,null,null,null,null,null,null,null
null,null,null,null,null,null,null,null,null,null,null,null,null,null,null,null,null,null,null,null,null,null,null,null,null,null,null,null,null,null,null,null,null,null,null,null,null,null,null,null,null,null,null,null,null,null,null
null,null,null,null,null,null,null,null,null,null,null,null,null,null,null,null,null,null,null,null,null,null,null,null,null,null,null,null,null,null,null,null,null,null,null,null,null,null,null,null,null,null,null,null,null,null,null
null,null,null,null,null,null,null,null,null,null,null,null,null,null,null,null,null,null,null,null,null,null,null,null,null,null,null,null,null,null,null,null,null,null,null,null,null,null,null,null,null,null,null,null,null,null,null
null,null,null,null,null,null,null,null,null,null,null,null,null,null,null,null,null,null,null,null,null,null,null,null,null,null,null,null,null,null,null,null,null,null,null,null,null,null,null,null,null,null,null,null,null,null,null
null,null,null,null,null,null,null,null,null,null,null,null,null,null,null,null,null,null,null,null,null,null,null,null,null,null,null,null,null,null,null,null,null,null,null,null,null,null,null,null,null,null,null,null,null,null,null
-5.357192039489746,-5.100761890411377,-4.539799690246582,-3.4642558097839355,-2.9305226802825928,-2.850952625274658,null,null,-5.47943115234375,-7.91935920715332,-7.980007648468018,null,null,null,null,null,null,null,null,null,null,null,null,null,null,null,null,null,null,null,null,null,null,null,null,null,null,null,null,null,null,null,null,null,null,null,null
-4.454183578491211,-4.904314041137695,-4.319441318511963,-2.5340497493743896,-1.4601227045059204,-1.3115105628967285,null,null,-7.579988479614258,-11.709576606750488,-11.851741790771484,null,null,null,null,null,null,null,null,null,null,null,null,null,null,null,null,null,null,null,null,null,null,null,null,null,null,null,null,null,null,null,null,null,null,null,null
-2.906642436981201,-3.5384979248046875,-2.8659441471099854,-1.912789225578308,-1.2894904613494873,-1.2984312772750854,null,null,-6.907735347747803,-7.842879295349121,-7.911215305328369,null,null,null,null,null,null,null,null,null,null,null,null,null,null,null,null,null,null,null,null,null,null,null,null,null,null,null,null,null,null,null,null,null,null,null,null
-1.604953408241272,-1.9672094583511353,-1.5666775703430176,-1.038788080215454,-1.080878496170044,-1.2657335996627808,-2.1227645874023438,-3.4512276649475098,-4.597890377044678,-4.621842384338379,-4.171693325042725,-3.7150685787200928,-3.501657485961914,-2.17905592918396,-1.7550468444824219,-1.5561895370483398,-1.8075777292251587,-2.1844794750213623,-2.2122151851654053,-1.8734920024871826,null,null,null,null,null,null,null,null,null,null,null,null,null,null,null,null,null,null,null,null,null,null,null,null,null,null,null
-0.934350311756134,-1.06577730178833,-0.9844359755516052,-0.8450478911399841,-0.9078002572059631,-1.118312120437622,-1.4921337366104126,-2.263932228088379,-2.7656984329223633,-2.36177659034729,-2.131298542022705,-2.2093851566314697,-2.2522504329681396,-1.8265433311462402,-1.5029596090316772,-1.5664525032043457,-1.819624423980713,-2.0579800605773926,-1.9407249689102173,-1.605806589126587,null,null,null,null,null,null,null,null,null,null,null,null,null,null,null,null,null,null,null,null,null,null,null,null,null,null,null
-0.6290321350097656,-0.6359649300575256,-0.6553448438644409,-0.6686583161354065,-0.7755398750305176,-0.9755921959877014,-1.1576930284500122,-1.6147860288619995,-1.8735276460647583,-0.8822487592697144,-0.9562917351722717,-1.2674517631530762,-1.63041353225708,-1.654423475265503,-1.436909556388855,-1.397852897644043,-1.4659234285354614,-1.5227986574172974,-1.4370167255401611,-1.3325724601745605,null,null,null,null,null,null,null,null,null,null,null,null,null,null,null,null,null,null,null,null,null,null,null,null,null,null,null
-0.6395283937454224,-0.6232180595397949,-0.624342143535614,-0.6253947019577026,-0.77848881483078,-1.0452725887298584,-1.2341254949569702,-1.409496545791626,null,null,null,-0.889115571975708,-1.2713813781738281,-1.3369050025939941,-1.1712161302566528,-1.0797362327575684,-1.0601164102554321,-1.0638242959976196,-1.082597255706787,-1.1194276809692383,-1.1324964761734009,-1.0403345823287964,-1.36220121383667,-2.010215997695923,-3.165677070617676,-4.663654327392578,-6.1455583572387695,-6.227147102355957,-5.653166770935059,-1.5041217803955078,-0.770719587802887,-0.7547170519828796,-0.7430943250656128,-0.7779795527458191,-0.9169913530349731,-0.9284922480583191,null,null,null,null,null,null,null,null,null,null,null
-0.6348348259925842,-0.6158074140548706,-0.615321695804596,-0.6153669953346252,-0.7613060474395752,-1.0353751182556152,-1.170888900756836,-1.1500751972198486,null,null,null,-0.8958916664123535,-0.9928128123283386,-1.0102192163467407,-0.9419306516647339,-0.8869635462760925,-0.8748770952224731,-0.8795847296714783,-0.9246971011161804,-0.9911391735076904,-1.0226612091064453,-0.9927942752838135,-1.6505900621414185,-3.0294132232666016,-5.389038562774658,-6.890181541442871,-8.374897956848145,-8.388154029846191,-7.779145240783691,-3.546705484390259,-2.777688503265381,-2.740018606185913,-2.7041304111480713,-2.700385570526123,-2.7735695838928223,-2.7676053047180176,null,null,null,null,null,null,null,null,null,null,null
-0.6543844938278198,-0.6452664136886597,-0.6436633467674255,-0.636648416519165,-0.7191908359527588,-0.8772818446159363,-0.9494611024856567,-0.9080235362052917,-0.8378739356994629,-0.7361046671867371,-0.6442392468452454,-0.6141473054885864,-0.6494985818862915,-0.7832483649253845,-0.8162317276000977,-0.8443304300308228,-0.8364779949188232,-0.8433997631072998,-0.8942849636077881,-0.950716495513916,-0.953871488571167,-0.8869616985321045,-1.119103193283081,-1.6046191453933716,-3.8453049659729004,-8.660079956054688,-11.74001693725586,-11.7347412109375,-10.551542282104492,-6.187013626098633,-5.3336873054504395,-5.225655555725098,-5.116806983947754,-5.02573823928833,-4.984399318695068,-4.912275314331055,-4.811964988708496,-4.722535610198975,-4.784794807434082,-4.8780903816223145,-4.8664231300354,-4.729724407196045,-4.380738735198975,-4.112424373626709,-4.119568347930908,-4.112438678741455,-4.035161018371582
-0.6970207691192627,-0.6911908388137817,-0.6814742684364319,-0.6652886867523193,-0.6800059080123901,-0.733153760433197,-0.7492132186889648,-0.7169314622879028,-0.6810015439987183,-0.6478797793388367,-0.627943754196167,-0.6223185062408447,-0.6472322940826416,-0.6938890814781189,-0.7317692041397095,-0.7499778866767883,-0.7625321745872498,-0.7687231302261353,-0.7829423546791077,-0.790347695350647,-0.778255045413971,-0.7372967004776001,-0.7009488940238953,-0.6667992472648621,-1.8649736642837524,-3.8851029872894287,-5.1068572998046875,-5.098759651184082,-4.102349758148193,-2.0731537342071533,-0.5480207204818726,-0.541371762752533,-0.5278923511505127,-0.5212433934211731,-0.5596593618392944,-0.6332301497459412,-0.6716461181640625,-0.6716461181640625,-0.6934005618095398,-0.8994647860527039,-0.9777272939682007,-0.9809143543243408,-0.872300922870636,-0.7973143458366394,-0.92329341173172,-1.0348190069198608,-1.076181173324585
-0.6815225481987,-0.6726075410842896,-0.654777467250824,-0.6379007697105408,-0.6414867639541626,-0.6643990874290466,-0.6696915626525879,-0.6465656757354736,-0.6226845979690552,-0.6021544337272644,-0.595316469669342,-0.6062766909599304,-0.6256278157234192,-0.6413449048995972,-0.6753696799278259,-0.7460991740226746,-0.7933169603347778,-0.8003070950508118,-0.7954467535018921,-0.7577847838401794,-0.6954072117805481,-0.6740369200706482,-0.660956084728241,-0.6110555529594421,-0.5445407032966614,-0.5150226354598999,-0.5144467949867249,-0.512852132320404,-0.5039907097816467,-0.4974174201488495,-0.49712619185447693,-0.4941248297691345,-0.4898635745048523,-0.48734763264656067,-0.5120629072189331,-0.5616243481636047,-0.593602180480957,-0.5979597568511963,-0.6258825659751892,-0.7047709822654724,-0.7621740102767944,-0.7693366408348083,-0.7538729310035706,-0.7554444670677185,-0.8834885954856873,-0.9969000816345215,-1.0401325225830078
