earth/public/data/ocean/W07/ANN-votemper-depthz-1000m-gfs-1.0.json
{"header": {"discipline": 0, "disciplineName": "Meteorological products", "gribEdition": 2, "gribLength": 131138.0, "center": 0, "centerName": "Kiel Climate Model", "subcenter": 0, "refTime": "1", "significanceOfRT": 1, "significanceOfRTName": "Start of forecast", "productStatus": 0, "productStatusName": "Operational products", "productType": 1, "productTypeName": "Forecast products", "productDefinitionTemplate": 0, "productDefinitionTemplateName": "Analysis/forecast at horizontal level/layer at a point in time", "parameterCategory": 2, "parameterCategoryName": "Momentum", "parameterNumber": 2, "parameterNumberName": "U-component_of_wind", "parameterUnit": "C", "genProcessType": 2, "genProcessTypeName": "Forecast", "forecastTime": 0, "surface1Type": 103, "surface1TypeName": "Specified height level above ground", "surface1Value": 10, "surface2Type": 255, "surface2TypeName": "Missing", "surface2Value": 0, "gridDefinitionTemplate": 0, "gridDefinitionTemplateName": "Latitude_Longitude", "numberPoints": 65160, "shape": 6, "shapeName": "Earth spherical with radius of 6,371,229.0 m", "gridUnits": "degrees", "resolution": 48, "winds": "true", "scanMode": 0, "nx": 360.0, "ny": 180.0, "basicAngle": 0, "subDivisions": 0, "lo1": 0.0, "la1": -89.5, "lo2": 359.0, "la2": 89.5, "dx": 1.0, "dy": -1.0}, "data":
[rows 22 to 43 of 180, columns 294 to 342 of 360]
null,null,null,null,null,null,null,null,null,-0.42926132678985596,-0.37347161769866943,-0.292130708694458,-0.23237670958042145,-0.1881035715341568,-0.13499420881271362,-0.08250363916158676,-0.03470887243747711,-0.00037377470289357007,0.02692871354520321,0.04215451702475548,0.05428524687886238,0.06100543215870857,0.06768304109573364,0.07298510521650314,0.07863111793994904,0.08349286019802094,0.08877196907997131,0.09344608336687088,0.09847097843885422,0.10290009528398514,0.10792268812656403,0.11259422451257706,0.11787982285022736,0.12276916205883026,0.12825638055801392,0.13327720761299133,0.13873997330665588,0.14357344806194305,0.14874838292598724,0.15324056148529053,0.1557343304157257,0.15801586210727692,0.16212710738182068,0.16660529375076294,0.17057691514492035,0.17508064210414886,0.17928045988082886,0.1842239499092102,0.1890639215707779
null,null,null,null,null,null,null,null,null,null,null,-0.2571274936199188,-0.221055269241333,-0.18391604721546173,-0.13297703862190247,-0.07739850878715515,-0.025417976081371307,0.013833129778504372,0.0456383042037487,0.06428313255310059,0.07823846489191055,0.08491399884223938,0.09105665236711502,0.09548316895961761,0.09990310668945312,0.10346639156341553,0.10745483636856079,0.11110763996839523,0.11492744833230972,0.11818525195121765,0.12174135446548462,0.12491520494222641,0.12828415632247925,0.1312052309513092,0.13429443538188934,0.13696089386940002,0.1395999938249588,0.14169754087924957,0.14362472295761108,0.14498604834079742,0.14574870467185974,0.14606472849845886,0.14661180973052979,0.14696244895458221,0.14700213074684143,0.14706286787986755,0.14709852635860443,0.14751280844211578,0.14822590351104736
null,null,null,null,null,null,null,null,null,null,null,-0.22867292165756226,-0.2124437838792801,-0.18287579715251923,-0.13798457384109497,-0.08571483939886093,-0.03370334953069687,0.008764055557549,0.04476035386323929,0.06775404512882233,0.08526690304279327,0.09405037015676498,0.10190794616937637,0.10729961842298508,0.11243224143981934,0.11625795811414719,0.12040609866380692,0.12402462214231491,0.12765301764011383,0.13056842982769012,0.13355867564678192,0.13603158295154572,0.13841871917247772,0.1402444988489151,0.14194446802139282,0.1431720107793808,0.1441294550895691,0.14460489153862,0.14464806020259857,0.1442028433084488,0.14397326111793518,0.1431141495704651,0.14151518046855927,0.1392078846693039,0.1365329623222351,0.1331922858953476,0.12971101701259613,0.12576866149902344,0.1220117062330246
null,null,null,null,null,null,null,null,null,null,null,-0.2189546525478363,-0.19054734706878662,-0.15079383552074432,-0.10690492391586304,-0.0605163611471653,-0.010448677465319633,0.03388986736536026,0.06914973258972168,0.08957614749670029,0.10368725657463074,0.1101321280002594,0.11562774330377579,0.12004461139440536,0.12495329231023788,0.12984077632427216,0.1346479207277298,0.13862375915050507,0.14252418279647827,0.1457095444202423,0.1486768275499344,0.15091904997825623,0.15293017029762268,0.15435244143009186,0.15545205771923065,0.15600134432315826,0.15639929473400116,0.1565009206533432,0.15623866021633148,0.15554650127887726,0.15519928932189941,0.15410810708999634,0.1520703136920929,0.1490018367767334,0.14535531401634216,0.14046169817447662,0.135102778673172,0.1282855123281479,0.1211465373635292
1.0985051393508911,1.0724074840545654,1.0556472539901733,null,null,null,null,null,null,null,null,null,null,-0.011521066538989544,0.030446721240878105,0.07895554602146149,0.12840063869953156,0.1699293851852417,0.19174829125404358,0.19070838391780853,0.18394851684570312,0.1733844131231308,0.16561472415924072,0.16236594319343567,0.16012412309646606,0.1598285734653473,0.15963727235794067,0.160334974527359,0.1609891802072525,0.16196128726005554,0.1628568470478058,0.16381770372390747,0.1648535281419754,0.16589511930942535,0.16677503287792206,0.1673593819141388,0.16833598911762238,0.1695137470960617,0.1705896407365799,0.17135678231716156,0.1717817634344101,0.1712847650051117,0.17038260400295258,0.16816489398479462,0.165044903755188,0.1603064090013504,0.15481425821781158,0.1470477432012558,0.1383688896894455
1.1450164318084717,1.118472695350647,1.0979255437850952,1.0827027559280396,1.0749857425689697,null,null,null,null,null,null,0.3553107976913452,0.2993348240852356,0.31132450699806213,0.33345410227775574,0.37385672330856323,0.40691348910331726,0.4290788471698761,0.40839844942092896,0.33751362562179565,0.27164897322654724,0.24218378961086273,0.23568257689476013,0.24555864930152893,0.24135065078735352,0.22365373373031616,0.2077961266040802,0.19690442085266113,0.1866680234670639,0.1792362630367279,0.17325161397457123,0.1699904501438141,0.16785414516925812,0.16735751926898956,0.16728833317756653,0.1677538901567459,0.16915059089660645,0.17134372889995575,0.17391347885131836,0.17650149762630463,0.17790336906909943,0.17850181460380554,0.17956532537937164,0.17907987534999847,0.17708872258663177,0.1733473390340805,0.1685107946395874,0.1611025333404541,0.15245766937732697
1.2337424755096436,1.202645182609558,1.1750153303146362,1.156023383140564,1.1469650268554688,1.14772629737854,1.129072904586792,1.089271068572998,1.0407551527023315,0.9861525893211365,0.8643504977226257,0.7365198731422424,0.6903928518295288,0.7144818305969238,0.7325410842895508,0.7388126254081726,0.735573410987854,0.722183346748352,0.7003898024559021,null,null,null,null,0.4257607161998749,0.3803545832633972,0.3347437083721161,0.2918643653392792,0.26007768511772156,0.2311621606349945,0.21059465408325195,0.19337552785873413,0.18267689645290375,0.17452333867549896,0.17049865424633026,0.1671822965145111,0.1653413623571396,0.164466992020607,0.16494068503379822,0.1661086529493332,0.16802704334259033,0.1689976304769516,0.1709451526403427,0.1744871288537979,0.17687204480171204,0.1775588095188141,0.17631587386131287,0.17318037152290344,0.1675843447446823,0.16039472818374634
1.3459442853927612,1.309926152229309,1.2831039428710938,1.2704228162765503,1.25734543800354,1.2468847036361694,1.225724220275879,1.1984224319458008,1.1662003993988037,1.1365667581558228,1.1107375621795654,1.09535551071167,1.0821281671524048,1.073419451713562,1.0578862428665161,1.0370768308639526,1.005084753036499,0.9661675095558167,0.948392927646637,0.9515576958656311,0.9335300326347351,0.8905669450759888,0.7885470986366272,0.6756482124328613,0.5846065878868103,0.5103937983512878,0.438400000333786,0.38084715604782104,0.32928556203842163,0.29303714632987976,0.26068514585494995,0.23844532668590546,0.21946099400520325,0.20761793851852417,0.19557330012321472,0.18597914278507233,0.17668180167675018,0.16981364786624908,0.16330263018608093,0.15872722864151,0.15611013770103455,0.15896683931350708,0.16425035893917084,0.1709250807762146,0.1777864694595337,0.1826905757188797,0.18453282117843628,0.1843836009502411,0.18198207020759583
1.480931282043457,1.4335625171661377,1.39976966381073,1.3866150379180908,1.3761998414993286,1.3702524900436401,1.3585305213928223,1.3430676460266113,1.3264893293380737,1.3118045330047607,1.298500418663025,1.2891063690185547,1.2765326499938965,1.263545274734497,1.2420464754104614,1.2163599729537964,1.180344820022583,1.1406298875808716,1.1038044691085815,1.0764217376708984,1.044152855873108,1.01274836063385,0.9636747241020203,0.9059728384017944,0.8285954594612122,0.7449905872344971,0.6588107347488403,0.5843446254730225,0.5158616304397583,0.4648144543170929,0.41590675711631775,0.377649188041687,0.3413320481777191,0.3137188255786896,0.2836276888847351,0.2570072412490845,0.2291179746389389,0.20561227202415466,0.18315723538398743,0.16616158187389374,0.1568034291267395,0.15938588976860046,0.16411040723323822,0.1753869503736496,0.19121038913726807,0.20627999305725098,0.21779070794582367,0.22841906547546387,0.23605546355247498
1.73483407497406,1.6454323530197144,1.580951452255249,1.5551104545593262,1.5346457958221436,1.5248446464538574,1.509981632232666,1.4941167831420898,1.474390983581543,1.455596685409546,1.4356180429458618,1.4188659191131592,1.3990010023117065,1.3800803422927856,1.3545173406600952,1.327256202697754,1.294676661491394,1.2629965543746948,1.233198881149292,1.2110251188278198,1.187938928604126,1.1686474084854126,1.1371146440505981,1.0998284816741943,1.0406908988952637,0.9708724617958069,0.8931158781051636,0.8213014602661133,0.7516738176345825,0.6962193846702576,0.6382743120193481,0.5875374674797058,0.5336186289787292,0.4856606721878052,0.43177545070648193,0.38137319684028625,0.3280482888221741,0.28112176060676575,0.23910453915596008,0.20924636721611023,0.19292399287223816,0.19519855082035065,0.19920116662979126,0.21521919965744019,0.2402348667383194,0.2670139968395233,0.29077523946762085,0.31519177556037903,0.33595138788223267
2.1711437702178955,2.0270776748657227,1.9175711870193481,1.8604633808135986,1.8138903379440308,1.7863081693649292,1.7525893449783325,1.719080924987793,1.6801635026931763,1.64333975315094,1.6027826070785522,1.5665652751922607,1.5267764329910278,1.4913429021835327,1.4523591995239258,1.4174221754074097,1.381468653678894,1.3514962196350098,1.3228614330291748,1.3012619018554688,1.2789682149887085,1.260572910308838,1.2328517436981201,1.2015491724014282,1.15506112575531,1.1026109457015991,1.0414948463439941,0.9833889007568359,0.9250053763389587,0.8772028684616089,0.8234748840332031,0.7733579874038696,0.7131873965263367,0.653124213218689,0.5843036770820618,0.5180639624595642,0.4486483633518219,0.3873043358325958,0.335475891828537,0.3014325201511383,0.2829538583755493,0.2869798243045807,0.2941801846027374,0.3157494366168976,0.3477737605571747,0.38367950916290283,0.41724893450737,0.4530683159828186,0.4849517345428467
2.5575013160705566,2.3905766010284424,2.2515881061553955,2.1649081707000732,2.091902494430542,2.0443477630615234,1.9890592098236084,1.9347825050354004,1.8734756708145142,1.8148531913757324,1.751260757446289,1.6926897764205933,1.6319819688796997,1.5787270069122314,1.525404691696167,1.480704426765442,1.438030481338501,1.4045873880386353,1.3721991777420044,1.3463574647903442,1.3188531398773193,1.2941887378692627,1.2612507343292236,1.225467324256897,1.181392788887024,1.136888861656189,1.0856130123138428,1.0372357368469238,0.9887518882751465,0.9494478106498718,0.9042425155639648,0.8619266152381897,0.8052099943161011,0.7448932528495789,0.6743509769439697,0.6067516207695007,0.5359466075897217,0.47524577379226685,0.4253062605857849,0.39574795961380005,0.379334419965744,0.3860136866569519,0.3983533978462219,0.424417108297348,0.45971840620040894,0.4999159574508667,0.5378285646438599,0.5793051719665527,0.6170035004615784
2.7025339603424072,2.578181028366089,2.4750425815582275,2.381854772567749,2.302549362182617,2.251002073287964,2.184638261795044,2.1158952713012695,2.0297937393188477,1.9443132877349854,1.8537548780441284,1.7770984172821045,1.6977438926696777,1.631496548652649,1.5658366680145264,1.513566255569458,1.4641697406768799,1.4270926713943481,1.3898723125457764,1.359610915184021,1.326037049293518,1.295676589012146,1.2554031610488892,1.213090181350708,1.1656745672225952,1.1221318244934082,1.0739911794662476,1.0298781394958496,0.9921218752861023,0.9603883624076843,0.9114081263542175,0.8714924454689026,0.8247472643852234,0.7710462808609009,0.7092699408531189,0.6496647000312805,0.5894245505332947,0.5383376479148865,0.4997314214706421,0.47944802045822144,0.468599408864975,0.47815293073654175,0.4952830672264099,0.5244566202163696,0.5601505637168884,0.600707471370697,0.6388263702392578,0.6813758611679077,0.720656156539917
null,2.677889823913574,2.613355875015259,2.523711919784546,2.450129508972168,2.402817726135254,2.3631045818328857,2.3362045288085938,2.2591166496276855,2.1331679821014404,2.0051143169403076,1.8972126245498657,1.7852767705917358,1.6909228563308716,1.6003062725067139,1.5313806533813477,1.4708268642425537,1.4301079511642456,1.388983130455017,1.3546288013458252,1.3164469003677368,1.280954122543335,1.2338781356811523,1.183340072631836,1.131722331047058,1.088101863861084,1.0440055131912231,1.007177710533142,0.9739689230918884,null,null,0.8573706746101379,0.8269732594490051,0.789051353931427,0.7451573014259338,0.7031905651092529,0.6635450124740601,0.6334142088890076,0.6154593825340271,0.6129551529884338,0.6115450263023376,0.6245124340057373,0.6482119560241699,0.680108368396759,0.7145732045173645,0.7532479763031006,0.7891915440559387,0.8302915096282959,0.8691977262496948
null,null,null,null,null,null,null,2.5431787967681885,2.4666054248809814,2.3503799438476562,2.223104238510132,2.0791757106781006,1.920372486114502,1.7742480039596558,1.6373393535614014,1.5344449281692505,1.4526119232177734,1.4070336818695068,1.3631057739257812,1.3288153409957886,1.290042757987976,1.2535169124603271,1.2038854360580444,1.1497082710266113,1.097726821899414,1.0569697618484497,1.0204765796661377,0.9949256777763367,0.9645336270332336,0.9261510372161865,0.8897736072540283,0.8743548393249512,0.8579006791114807,0.8405025601387024,0.8198975324630737,0.8001338839530945,0.787226676940918,0.783781111240387,0.7911451458930969,0.8084331750869751,0.8178005814552307,0.8336170315742493,0.8624956011772156,0.8956475853919983,0.9272016286849976,0.9622031450271606,0.9943354725837708,1.0319000482559204,1.0681421756744385
null,null,null,null,null,null,null,null,null,2.4716923236846924,2.3355021476745605,2.174969434738159,1.9999147653579712,1.8078854084014893,1.6325699090957642,1.503328561782837,1.4065907001495361,1.358001947402954,1.316348671913147,1.2887357473373413,1.2570490837097168,1.2268469333648682,1.184563398361206,1.1375973224639893,1.0940492153167725,1.0615164041519165,1.0362439155578613,1.0224798917770386,1.0024367570877075,0.9795972108840942,0.963368833065033,0.9567684531211853,0.9513317942619324,0.9482932686805725,0.945875346660614,0.9448689818382263,0.9532371759414673,0.9698704481124878,0.9945380687713623,1.0232042074203491,1.0388646125793457,1.0549108982086182,1.0841580629348755,1.1153572797775269,1.1428906917572021,1.1733276844024658,1.2010999917984009,1.2333614826202393,1.2642662525177002
null,null,null,null,null,null,null,null,null,null,null,2.090771198272705,1.934046983718872,1.7228753566741943,1.5473830699920654,1.4379717111587524,1.3573181629180908,1.3183153867721558,1.2882272005081177,1.2718971967697144,1.2524601221084595,1.2333264350891113,1.205013394355774,1.172610878944397,1.1436922550201416,1.1235337257385254,1.1115213632583618,1.1100655794143677,1.1078145503997803,1.1056830883026123,1.1047132015228271,1.1054083108901978,1.108123540878296,1.112352728843689,1.1209301948547363,1.1324989795684814,1.1532422304153442,1.1797921657562256,1.2117074728012085,1.2435072660446167,1.2609378099441528,1.2757996320724487,1.3027939796447754,1.3311583995819092,1.3556220531463623,1.3823859691619873,1.4064593315124512,1.43292236328125,1.4569302797317505
null,null,null,null,null,null,null,null,null,null,null,1.9253501892089844,1.8083767890930176,1.594209909439087,1.4399986267089844,1.3755552768707275,1.3269085884094238,1.3053861856460571,1.2898445129394531,1.2841709852218628,1.2753818035125732,1.2657262086868286,1.2493185997009277,1.2298402786254883,1.2129877805709839,1.2025036811828613,1.2003982067108154,1.207532286643982,1.2158610820770264,1.224281668663025,1.232062578201294,1.2381635904312134,1.2457047700881958,1.2535936832427979,1.2672268152236938,1.2843369245529175,1.3096002340316772,1.3385288715362549,1.371563196182251,1.4026399850845337,1.4197640419006348,1.433587670326233,1.4586728811264038,1.4854190349578857,1.5089138746261597,1.533945918083191,1.5559123754501343,1.5782688856124878,1.5967297554016113
null,null,null,null,null,null,null,null,null,null,null,1.8088767528533936,1.6980173587799072,1.5096031427383423,1.3893977403640747,1.3558781147003174,1.3333553075790405,1.3244491815567017,1.3212823867797852,1.3236173391342163,1.3220542669296265,1.3164337873458862,1.3073185682296753,1.295959234237671,1.2869317531585693,1.2813706398010254,1.284648060798645,1.2958306074142456,1.3084266185760498,1.3199107646942139,1.3313695192337036,1.3405365943908691,1.350805640220642,1.3601750135421753,1.3756567239761353,1.3943670988082886,1.419971227645874,1.4478676319122314,1.4792718887329102,1.5086641311645508,1.5247775316238403,1.5380412340164185,1.5621931552886963,1.5886329412460327,1.6125503778457642,1.6371968984603882,1.6580981016159058,1.6775778532028198,1.6923093795776367
null,null,null,null,null,null,null,null,null,1.835862398147583,1.7582892179489136,1.6814194917678833,1.5839169025421143,1.4631236791610718,1.3958507776260376,1.3953187465667725,1.396019697189331,1.3982419967651367,1.4062637090682983,1.4191001653671265,1.4231716394424438,1.4180667400360107,1.4140205383300781,1.4120852947235107,1.4104201793670654,1.4095640182495117,1.4178409576416016,1.4338886737823486,1.4498018026351929,1.46281099319458,1.4766719341278076,1.4889874458312988,1.5013012886047363,1.511423110961914,1.527969479560852,1.5479540824890137,1.5726580619812012,1.5975828170776367,1.6259404420852661,1.652530550956726,1.6671720743179321,1.6798280477523804,1.7028346061706543,1.7291450500488281,1.7540030479431152,1.778023362159729,1.7969155311584473,1.812246322631836,1.8212836980819702
null,null,null,null,null,null,null,2.021714687347412,1.9262490272521973,1.784098744392395,1.6820495128631592,1.606237530708313,1.5336518287658691,1.4788577556610107,1.4696438312530518,1.5086382627487183,1.5351059436798096,1.5446319580078125,1.5612733364105225,1.5824172496795654,1.5894184112548828,1.5813084840774536,1.5807104110717773,1.5878574848175049,1.5932691097259521,1.5961178541183472,1.6091192960739136,1.6300510168075562,1.6485590934753418,1.661415934562683,1.6767147779464722,1.6917976140975952,1.7058511972427368,1.7164199352264404,1.7338625192642212,1.7550650835037231,1.7785125970840454,1.799953818321228,1.8247979879379272,1.8484830856323242,1.8615230321884155,1.8734583854675293,1.8951469659805298,1.920759677886963,1.945683240890503,1.967512845993042,1.982381820678711,1.9913644790649414,1.9928535223007202
null,null,null,null,null,null,null,1.9963994026184082,1.9109405279159546,1.7559099197387695,1.6474483013153076,1.6069148778915405,1.5715364217758179,1.5493464469909668,1.5717010498046875,1.635972261428833,1.6767209768295288,1.6872005462646484,1.705276370048523,1.7275885343551636,1.733250617980957,1.7210428714752197,1.7206612825393677,1.7321410179138184,1.7405956983566284,1.7446023225784302,1.7594774961471558,1.7825700044631958,1.801517128944397,1.8128472566604614,1.8278350830078125,1.8436918258666992,1.8581598997116089,1.8685951232910156,1.8862262964248657,1.9078370332717896,1.930330514907837,1.9495583772659302,1.9723386764526367,1.9944289922714233,2.006600856781006,2.0181071758270264,2.0390079021453857,2.063711643218994,2.087658405303955,2.1068918704986572,2.1177287101745605,2.1216676235198975,2.1176958084106445
