earth/public/data/ocean/W07/ANN-ocevel-depthz-0m-gfs-1.0.json
{"header": {"discipline": 0, "disciplineName": "Meteorological products", "gribEdition": 2, "gribLength": 131138.0, "center": 0, "centerName": "Kiel Climate Model", "subcenter": 0, "refTime": "1", "significanceOfRT": 1, "significanceOfRTName": "Start of forecast", "productStatus": 0, "productStatusName": "Operational products", "productType": 1, "productTypeName": "Forecast products", "productDefinitionTemplate": 0, "productDefinitionTemplateName": "Analysis/forecast at horizontal level/layer at a point in time", "parameterCategory": 2, "parameterCategoryName": "Momentum", "parameterNumber": 2, "parameterNumberName": "V-component_of_wind", "parameterUnit": "m/s", "genProcessType": 2, "genProcessTypeName": "Forecast", "forecastTime": 0, "surface1Type": 103, "surface1TypeName": "Specified height level above ground", "surface1Value": 10, "surface2Type": 255, "surface2TypeName": "Missing", "surface2Value": 0, "gridDefinitionTemplate": 0, "gridDefinitionTemplateName": "Latitude_Longitude", "numberPoints": 65160, "shape": 6, "shapeName": "Earth spherical with radius of 6,371,229.0 m", "gridUnits": "degrees", "resolution": 48, "winds": "true", "scanMode": 0, "nx": 360.0, "ny": 180.0, "basicAngle": 0, "subDivisions": 0, "lo1": 0.0, "la1": -89.5, "lo2": 359.0, "la2": 89.5, "dx": 1.0, "dy": -1.0}, "data":
[rows 100 to 119 of 180, columns 315 to 359 of 360]
0.0374077633023262,0.045914314687252045,0.04869195818901062,0.04844990372657776,0.04546155780553818,0.04214265197515488,0.039128318428993225,0.036502450704574585,0.034702103585004807,0.032312434166669846,0.029731398448348045,0.027055367827415466,0.02472882717847824,0.0226857028901577,0.021295106038451195,0.02115591987967491,0.022312698885798454,0.024133389815688133,0.026279550045728683,0.027466177940368652,0.02649608626961708,0.024672947824001312,0.021769698709249496,0.018191246315836906,0.013130484148859978,0.007453511469066143,0.003944003954529762,0.0033253412693738937,-0.00013684545410797,-0.007104838732630014,-0.011952446773648262,-0.01486965548247099,-0.013748493045568466,null,null,null,null,null,null,null,null,null,null,null,null
0.047959499061107635,0.050463151186704636,0.04931119829416275,0.0466783344745636,0.042793773114681244,0.039809927344322205,0.038134027272462845,0.036526840180158615,0.035233911126852036,0.03358663246035576,0.03186945617198944,0.029957043007016182,0.028193581849336624,0.026440326124429703,0.024978451430797577,0.02468840777873993,0.025594452396035194,0.027144920080900192,0.029118601232767105,0.030176779255270958,0.029987063258886337,0.029682118445634842,0.028706884011626244,0.02727443166077137,0.023348752409219742,0.017615728080272675,0.01348220743238926,0.011566855013370514,0.008563805371522903,0.0012804199941456318,null,null,null,null,null,null,null,null,null,null,null,null,null,null,null
0.052249789237976074,0.049593739211559296,0.04617534577846527,0.042249441146850586,0.03854991868138313,0.03649641200900078,0.036565881222486496,0.03618275746703148,0.035503752529621124,0.034665096551179886,0.03387086093425751,0.032737549394369125,0.03151680529117584,0.03021884337067604,0.02911962755024433,0.028804033994674683,0.029338674619793892,0.03035188838839531,0.031606171280145645,0.032317135483026505,0.03273181989789009,0.03350513428449631,0.034300584346055984,0.03506074473261833,0.03239281848073006,0.02686380408704281,0.022690970450639725,0.020680613815784454,0.019611813127994537,0.007634401321411133,null,null,null,null,null,null,null,null,null,null,null,null,null,null,null
0.04806479439139366,0.044210225343704224,0.04107615724205971,0.03780485317111015,0.03491200506687164,0.03398881107568741,0.03513546288013458,0.03566347435116768,0.03542583808302879,0.035254284739494324,0.03513051196932793,0.034616805613040924,0.03375827521085739,0.03306456282734871,0.0326102077960968,0.03248002752661705,0.03267882391810417,0.03293589875102043,0.033265791833400726,0.03342211991548538,0.03372253477573395,0.0343053974211216,0.035675451159477234,0.03758373111486435,0.03596978262066841,0.031049272045493126,0.02819582261145115,0.02777593582868576,0.027543388307094574,0.011939920485019684,null,null,null,null,null,null,null,null,null,null,null,null,null,null,null
0.04252161458134651,0.03910382091999054,0.036940593272447586,0.03453928604722023,0.032415591180324554,0.032236725091934204,0.03410286828875542,0.0351918488740921,0.03535666689276695,0.035729456692934036,0.036291930824518204,0.03630944713950157,0.035827115178108215,0.03570083528757095,0.03600514680147171,0.03608248010277748,0.03593763709068298,0.035520605742931366,0.034845925867557526,0.03449996933341026,0.03439715504646301,0.03417356312274933,0.03554210811853409,0.038253821432590485,0.03749540075659752,0.03348251059651375,0.03230445086956024,null,null,null,null,null,null,null,null,null,null,null,null,null,null,null,null,null,null
0.037278443574905396,0.034623220562934875,0.03324230760335922,0.03180155158042908,0.03049645386636257,0.03101513534784317,0.03322526812553406,0.03460514917969704,0.034910816699266434,0.03558215871453285,0.036501362919807434,0.036896418780088425,0.03668658062815666,0.03712061047554016,0.03808627650141716,0.038424987345933914,0.038054417818784714,0.03704259544610977,0.035602327436208725,0.03479701280593872,0.03415045887231827,0.03302063047885895,0.0340762622654438,0.037172697484493256,0.037200041115283966,0.03411203622817993,0.03525475040078163,null,null,null,null,null,null,null,null,null,null,null,null,null,null,null,null,null,null
0.033333003520965576,0.03151195868849754,0.030724842101335526,0.030014999210834503,0.029577942565083504,0.030514884740114212,0.032693494111299515,0.03399724140763283,0.03418215736746788,0.034806735813617706,0.03575316071510315,0.036246221512556076,0.03620517998933792,0.037005625665187836,0.038535334169864655,0.039102159440517426,0.03862377628684044,0.037294745445251465,0.03532786667346954,0.03425924852490425,0.03310968354344368,0.030973834916949272,0.031509462743997574,0.03457190841436386,0.03505333140492439,0.03290747478604317,0.03624275326728821,null,null,null,null,null,null,null,null,null,null,null,null,null,null,null,null,null,null
0.030479852110147476,0.02952362410724163,0.02912897989153862,0.029026130214333534,0.02920825406908989,0.03026207908987999,0.032016314566135406,0.032958291471004486,0.03296463564038277,0.0333951935172081,0.03419683501124382,0.03470754623413086,0.03484070301055908,0.035946428775787354,0.03781074285507202,0.038504332304000854,0.03790261968970299,0.036277662962675095,0.03394090756773949,0.03265036270022392,0.03084874153137207,0.02762613818049431,0.0275226142257452,0.03060656040906906,0.03125874698162079,0.029375996440649033,0.03519005328416824,null,null,null,null,null,null,null,null,null,null,null,null,null,null,null,null,null,null
0.029333094134926796,0.02898404933512211,0.028780559077858925,0.02895844727754593,0.029510891065001488,0.030341265723109245,0.03127828240394592,0.03169344365596771,0.0314633771777153,0.031617339700460434,0.03210219368338585,0.03254431113600731,0.03285707160830498,0.03410518169403076,0.03607465699315071,0.036751408129930496,0.036010853946208954,0.034209899604320526,0.03165999799966812,0.03026288002729416,0.02787751331925392,0.02348741702735424,0.022838640958070755,0.025999579578638077,0.026482295244932175,0.024183612316846848,0.031936392188072205,null,null,null,null,null,null,null,null,null,null,null,null,null,null,null,null,null,null
0.02812536060810089,0.0283174030482769,0.02833293378353119,0.028659308329224586,0.02935818023979664,0.029959242790937424,0.030264757573604584,0.030065050348639488,0.0295123141258955,0.029383143410086632,0.029536880552768707,0.029676642268896103,0.029948944225907326,0.031021276488900185,0.03281343728303909,0.03365514799952507,0.03320863097906113,0.03173345327377319,0.0294136144220829,0.02789381705224514,0.02472355030477047,0.01948249153792858,0.01819419488310814,0.021140223369002342,0.020506320521235466,0.016561515629291534,0.02701607719063759,null,null,null,null,null,null,null,null,null,null,null,null,null,null,null,null,null,null
0.026938332244753838,0.027419185265898705,0.027546247467398643,0.027632106095552444,0.02802763693034649,0.028360944241285324,0.028209952637553215,0.02752833254635334,0.026736371219158173,0.026484141126275063,0.026273088529706,0.025892259553074837,0.02585507184267044,0.026462778449058533,0.027457216754555702,0.02836300991475582,0.028337497264146805,0.027477944269776344,0.025994861498475075,0.024389103055000305,0.020671969279646873,0.015156904235482216,0.01331378798931837,0.013717593625187874,0.009606829844415188,0.008915974758565426,0.027436653152108192,null,null,null,null,null,null,null,null,null,null,null,null,null,null,null,null,null,null
0.026207927614450455,0.026611750945448875,0.02657095156610012,0.02630913443863392,0.026300042867660522,0.026234205812215805,0.02571851946413517,0.02488413266837597,0.0242909025400877,0.023933205753564835,0.02342091128230095,0.02280762605369091,0.022669607773423195,0.022879742085933685,0.023214861750602722,0.023500898852944374,0.023347310721874237,0.02283649519085884,0.021878022700548172,0.020542195066809654,0.0166863352060318,0.011253125965595245,0.009026323445141315,0.0073058935813605785,-0.00048672035336494446,0.0015278822975233197,0.028507625684142113,null,null,null,null,null,null,null,null,null,null,null,null,null,null,null,null,null,null
0.025619611144065857,0.025813588872551918,0.025603631511330605,0.025339383631944656,0.02518121711909771,0.024818437173962593,0.024106677621603012,0.0235380120575428,0.023275751620531082,0.022948989644646645,0.022375864908099174,0.021968696266412735,0.021895581856369972,0.02182948961853981,0.021684899926185608,0.021304888650774956,0.020686618983745575,0.020152803510427475,0.019440574571490288,0.018474237993359566,0.01513174269348383,0.01001104898750782,0.007471946999430656,0.006254690233618021,-0.0001817856973502785,-0.0034488437231630087,0.015974704176187515,0.046476736664772034,0.0609746128320694,0.03181345388293266,null,null,null,null,null,null,null,null,null,null,null,null,null,null,null
0.02454587072134018,0.024780187755823135,0.02480071596801281,0.02472231537103653,0.024572337046265602,0.02409711480140686,0.023383505642414093,0.022938312962651253,0.02284887246787548,0.022591130807995796,0.022226642817258835,0.0219428688287735,0.021793710067868233,0.02141152136027813,0.020837916061282158,0.02011173963546753,0.019342787563800812,0.018687939271330833,0.01807362586259842,0.017546838149428368,0.014764025807380676,0.010048122145235538,0.007317495997995138,0.007059021852910519,0.0022139076609164476,-0.006302006542682648,0.006232114043086767,0.03740253672003746,0.05460187792778015,0.029020970687270164,null,null,null,null,null,null,null,null,null,null,null,null,null,null,null
0.022794052958488464,0.023204324766993523,0.02353777177631855,0.023716021329164505,0.023680875077843666,0.023445358499884605,0.0230164285749197,0.022829556837677956,0.022885972633957863,0.022905316203832626,0.022856779396533966,0.02269805409014225,0.022441362962126732,0.02181142196059227,0.020932430401444435,0.019931575283408165,0.019010210409760475,0.01814218796789646,0.01750072091817856,0.017145080491900444,0.014837939292192459,0.010621944442391396,0.007762748748064041,0.006790083833038807,0.0022544837556779385,-0.005031384062021971,0.004052457865327597,0.02824237011373043,0.03752018138766289,0.021023081615567207,null,null,null,null,null,null,null,null,null,null,null,null,null,null,null
0.020795689895749092,0.021337337791919708,0.021946830675005913,0.022408783435821533,0.0226649921387434,0.022824011743068695,0.022892795503139496,0.023066164925694466,0.023345349356532097,0.023664874956011772,0.02399393729865551,0.02401825785636902,0.023750051856040955,0.023013807833194733,0.021933725103735924,0.020719707012176514,0.019573107361793518,0.018535787239670753,0.017780961468815804,0.01736864075064659,0.015294596552848816,0.011544800363481045,0.008576960302889347,0.0069208089262247086,0.0025170601438730955,-0.003821617690846324,0.0009945726487785578,0.01570199243724346,0.018356937915086746,0.005818091798573732,-0.0030789030715823174,-0.005301218014210463,-0.00602946849539876,null,null,null,null,null,null,null,null,null,null,null,null
0.017485707998275757,0.018275979906320572,0.019177421927452087,0.02003529667854309,0.0206594318151474,0.021346261724829674,0.02192680351436138,0.022506995126605034,0.022952452301979065,0.023567955940961838,0.024224039167165756,0.024473046883940697,0.024252302944660187,0.0236233901232481,0.02267473191022873,0.021591605618596077,0.020531732589006424,0.019601477310061455,0.01893836073577404,0.018581068143248558,0.01674073189496994,0.013380447402596474,0.010176410898566246,0.00773708475753665,0.0032046777196228504,-0.0025652560871094465,-0.0021290131844580173,0.004709749016910791,0.005460071377456188,3.862904122797772e-06,-0.0032580499537289143,-0.00503123551607132,-0.005865335464477539,null,null,null,null,null,null,null,null,null,null,null,null
0.013477048836648464,0.01455032080411911,0.01575961522758007,0.016993660479784012,0.0180622860789299,0.01923426426947117,0.020340610295534134,0.021238595247268677,0.02179383672773838,0.022602451965212822,0.023534974083304405,0.023975418880581856,0.02386111207306385,0.023517386987805367,0.023032668977975845,0.022380858659744263,0.0217196773737669,0.021137157455086708,0.020770825445652008,0.02056192234158516,0.018877999857068062,0.015830542892217636,0.012341488152742386,0.009019299410283566,0.004140610806643963,-0.0014390238793566823,-0.0040350425988435745,-0.0034511026460677385,-0.0029024258255958557,-0.002507103607058525,-0.003458156017586589,-0.005818760488182306,-0.007432110607624054,null,null,null,null,null,null,null,null,null,null,null,null
0.009221229702234268,0.010461351834237576,0.011840051971375942,0.013358179479837418,0.014730866067111492,0.016301671043038368,0.01776866987347603,0.018963366746902466,0.0196524765342474,0.020637119188904762,0.021729150786995888,0.02229487895965576,0.022229867056012154,0.02214648574590683,0.022046376019716263,0.02185710147023201,0.02158220298588276,0.021435655653476715,0.0214096587151289,0.02140495739877224,0.02005981095135212,0.017576981335878372,0.0141903730109334,0.010474302805960178,0.005607970990240574,0.0004428139072842896,-0.004260684829205275,-0.0076036881655454636,-0.008461163379251957,-0.0064824847504496574,-0.006465658079832792,-0.00834684818983078,-0.008467436768114567,-0.00811125710606575,-0.005613909102976322,-0.004465803503990173,null,null,null,null,null,null,null,null,null
0.003250329289585352,0.004626225680112839,0.006118161138147116,0.0077973888255655766,0.009357771836221218,0.011079248040914536,0.012669524177908897,0.013948758132755756,0.014714395627379417,0.01571238972246647,0.016783570870757103,0.01742619089782238,0.017515970394015312,0.017825981602072716,0.018276304006576538,0.018727565184235573,0.019082985818386078,0.01956508867442608,0.02008281834423542,0.020365964621305466,0.01950896345078945,0.017975779250264168,0.015252487733960152,0.011844219639897346,0.007479169871658087,0.0029639725107699633,-0.002256501466035843,-0.007271158508956432,-0.010353725403547287,-0.011125858873128891,-0.01220304612070322,-0.01340206153690815,-0.011967332102358341,-0.0067968470975756645,-0.0022073097061365843,-0.0009226076654158533,null,null,null,null,null,null,null,null,null
