earth/public/data/ocean/W07/ANN-votemper-depthz-1000m-gfs-1.0.json
{"header": {"discipline": 0, "disciplineName": "Meteorological products", "gribEdition": 2, "gribLength": 131138.0, "center": 0, "centerName": "Kiel Climate Model", "subcenter": 0, "refTime": "1", "significanceOfRT": 1, "significanceOfRTName": "Start of forecast", "productStatus": 0, "productStatusName": "Operational products", "productType": 1, "productTypeName": "Forecast products", "productDefinitionTemplate": 0, "productDefinitionTemplateName": "Analysis/forecast at horizontal level/layer at a point in time", "parameterCategory": 2, "parameterCategoryName": "Momentum", "parameterNumber": 2, "parameterNumberName": "U-component_of_wind", "parameterUnit": "C", "genProcessType": 2, "genProcessTypeName": "Forecast", "forecastTime": 0, "surface1Type": 103, "surface1TypeName": "Specified height level above ground", "surface1Value": 10, "surface2Type": 255, "surface2TypeName": "Missing", "surface2Value": 0, "gridDefinitionTemplate": 0, "gridDefinitionTemplateName": "Latitude_Longitude", "numberPoints": 65160, "shape": 6, "shapeName": "Earth spherical with radius of 6,371,229.0 m", "gridUnits": "degrees", "resolution": 48, "winds": "true", "scanMode": 0, "nx": 360.0, "ny": 180.0, "basicAngle": 0, "subDivisions": 0, "lo1": 0.0, "la1": -89.5, "lo2": 359.0, "la2": 89.5, "dx": 1.0, "dy": -1.0}, "data":
[rows 0 to 21 of 180, columns 294 to 342 of 360]
null,null,null,null,null,null,null,null,null,null,null,null,null,null,null,null,null,null,null,null,null,null,null,null,null,null,null,null,null,null,null,null,null,null,null,null,null,null,null,null,null,null,null,null,null,null,null,null,null
null,null,null,null,null,null,null,null,null,null,null,null,null,null,null,null,null,null,null,null,null,null,null,null,null,null,null,null,null,null,null,null,null,null,null,null,null,null,null,null,null,null,null,null,null,null,null,null,null
null,null,null,null,null,null,null,null,null,null,null,null,null,null,null,null,null,null,null,null,null,null,null,null,null,null,null,null,null,null,null,null,null,null,null,null,null,null,null,null,null,null,null,null,null,null,null,null,null
null,null,null,null,null,null,null,null,null,null,null,null,null,null,null,null,null,null,null,null,null,null,null,null,null,null,null,null,null,null,null,null,null,null,null,null,null,null,null,null,null,null,null,null,null,null,null,null,null
null,null,null,null,null,null,null,null,null,null,null,null,null,null,null,null,null,null,null,null,null,null,null,null,null,null,null,null,null,null,null,null,null,null,null,null,null,null,null,null,null,null,null,null,null,null,null,null,null
null,null,null,null,null,null,null,null,null,null,null,null,null,null,null,null,null,null,null,null,null,null,null,null,null,null,null,null,null,null,null,null,null,null,null,null,null,null,null,null,null,null,null,null,null,null,null,null,null
null,null,null,null,null,null,null,null,null,null,null,null,null,null,null,null,null,null,null,null,null,null,null,null,null,null,null,null,null,null,null,null,null,null,null,null,null,null,null,null,null,null,null,null,null,null,null,null,null
null,null,null,null,null,null,null,null,null,null,null,null,null,null,null,null,null,null,null,null,null,null,null,null,null,null,null,null,null,null,null,null,null,null,null,null,null,null,null,null,null,null,null,null,null,null,null,null,null
null,null,null,null,null,null,null,null,null,null,null,null,null,null,null,null,null,null,null,null,null,null,null,null,null,null,null,null,null,null,null,null,null,null,null,null,null,null,null,null,null,null,null,null,null,null,null,null,null
null,null,null,null,null,null,null,null,null,null,null,null,null,null,null,null,null,null,null,null,null,null,null,null,null,null,null,null,null,null,null,null,null,null,null,null,null,null,null,null,null,null,null,null,null,null,null,null,null
null,null,null,null,null,null,null,null,null,null,null,null,null,null,null,null,null,null,null,null,null,null,null,null,null,null,null,null,null,null,null,null,null,null,null,null,null,null,null,null,null,null,null,null,null,null,null,null,null
null,null,null,null,null,null,null,null,null,null,null,null,null,null,null,null,null,null,null,null,null,null,null,null,null,null,null,null,null,null,null,null,null,null,null,null,null,null,null,null,null,null,null,null,null,null,null,null,null
null,null,null,null,null,null,null,null,null,null,null,null,null,null,null,null,null,null,null,null,null,null,null,null,null,null,null,-1.3056364059448242,-1.3062357902526855,null,null,null,null,null,null,null,null,null,null,null,null,null,null,null,null,null,null,null,null
null,null,null,null,null,null,null,null,null,null,null,null,null,null,null,null,null,null,null,null,null,null,null,null,null,null,null,null,null,-1.3086330890655518,-1.3092323541641235,null,null,null,null,null,null,null,null,null,null,null,null,null,null,null,null,null,null
null,null,null,null,null,null,null,null,null,null,null,null,null,null,null,null,null,null,null,null,null,null,null,null,null,null,null,null,null,null,null,null,null,null,null,null,null,null,null,null,null,null,null,null,null,null,null,null,null
null,null,null,null,null,null,null,null,null,null,null,null,null,null,null,null,null,null,null,null,null,null,null,null,null,null,null,null,null,-0.2481607049703598,-0.2415681630373001,null,null,null,null,-0.18862420320510864,-0.18616749346256256,null,null,null,null,null,null,null,null,null,null,null,null
null,null,null,null,null,null,null,null,null,null,null,null,null,null,null,null,null,null,null,null,null,null,null,-0.20444753766059875,-0.19972245395183563,-0.18954426050186157,-0.17394573986530304,-0.15546850860118866,-0.15342341363430023,-0.16253040730953217,-0.1507796198129654,-0.11467908322811127,-0.08513808995485306,-0.07931343466043472,-0.09020954370498657,-0.1082061305642128,-0.104482501745224,-0.07777591794729233,-0.05845341086387634,-0.059520382434129715,-0.060066066682338715,-0.05871228873729706,-0.055943503975868225,-0.054320793598890305,-0.05374561995267868,-0.05269194021821022,null,null,null
null,null,null,null,null,null,null,null,null,null,null,null,null,null,null,null,null,null,null,null,null,-0.16627144813537598,-0.17008253931999207,-0.1698627769947052,-0.1619776487350464,-0.14735554158687592,-0.1289774626493454,-0.10984282940626144,-0.091274194419384,-0.07621430605649948,-0.06300760805606842,-0.05377321317791939,-0.045996978878974915,-0.04101439565420151,-0.03593141958117485,-0.03169524297118187,-0.027674999088048935,-0.02469801902770996,-0.0229579396545887,-0.022876163944602013,-0.022809086367487907,-0.022149130702018738,-0.021124515682458878,-0.020481592044234276,-0.0205558892339468,-0.01912892982363701,-0.01680256426334381,-0.010347730480134487,null
null,null,null,null,null,null,null,null,null,null,null,-0.3855258524417877,-0.33623969554901123,-0.2679150402545929,-0.20902961492538452,-0.16594736278057098,-0.135896697640419,-0.12272512912750244,-0.11268927901983261,-0.10755154490470886,-0.1094832494854927,-0.11534366756677628,-0.11255688220262527,-0.10152597725391388,-0.08652263134717941,-0.0697261169552803,-0.05183028802275658,-0.03576314449310303,-0.02101968042552471,-0.01027549896389246,-0.0007482233340851963,0.005650963634252548,0.01183679886162281,0.016492165625095367,0.021554039791226387,0.025921806693077087,0.03057686798274517,0.034501511603593826,0.03831814229488373,0.0412151999771595,0.042831309139728546,0.04399027302861214,0.04603578522801399,0.0478128083050251,0.0488162524998188,0.04849577322602272,0.04676711559295654,0.05118628963828087,0.06156199052929878
null,null,null,null,null,null,null,null,null,-0.47511449456214905,-0.4285489022731781,-0.35942429304122925,-0.297758549451828,-0.23932017385959625,-0.18381893634796143,-0.1419266313314438,-0.10900391638278961,-0.09129203855991364,-0.077163465321064,-0.06915970891714096,-0.06042669340968132,-0.05244343355298042,-0.04161678999662399,-0.02987050823867321,-0.016046281903982162,-0.0027782106772065163,0.010401764884591103,0.020853718742728233,0.030464809387922287,0.037243861705064774,0.044047724455595016,0.04951062053442001,0.055741023272275925,0.06160072609782219,0.06829654425382614,0.07468374818563461,0.08175782859325409,0.08834418654441833,0.09537486732006073,0.10170029103755951,0.10514236986637115,0.1081959456205368,0.113814577460289,0.11928220093250275,0.1237393319606781,0.12768609821796417,0.1305166631937027,0.13200724124908447,0.13198581337928772
null,null,null,null,null,null,null,null,null,-0.4646681547164917,-0.42016956210136414,-0.3394310772418976,-0.26686447858810425,-0.21588492393493652,-0.1635158807039261,-0.1192179024219513,-0.08161326497793198,-0.05738838016986847,-0.037948306649923325,-0.026705538854002953,-0.01567700505256653,-0.006800484377890825,0.0033682635985314846,0.013003770262002945,0.0235246941447258,0.032992374151945114,0.04227977618575096,0.04965369775891304,0.05693545565009117,0.06277751922607422,0.06936147063970566,0.075504370033741,0.08281734585762024,0.09001490473747253,0.09833837300539017,0.10633444041013718,0.11529132723808289,0.12364708632230759,0.13279025256633759,0.14112842082977295,0.14569471776485443,0.15006712079048157,0.15805475413799286,0.1664401739835739,0.17377349734306335,0.1812080442905426,0.18746645748615265,0.19343167543411255,0.19809658825397491
null,null,null,null,null,null,null,null,null,-0.4454467296600342,-0.40135428309440613,-0.3212190866470337,-0.25065621733665466,-0.20244820415973663,-0.1493922919034958,-0.1012348085641861,-0.05857257544994354,-0.029215289279818535,-0.005833133589476347,0.007299321237951517,0.018931958824396133,0.026984872296452522,0.03547944128513336,0.04294145107269287,0.05089261382818222,0.057939667254686356,0.06512536108493805,0.07118972390890121,0.07754439860582352,0.08310450613498688,0.08944715559482574,0.0955275297164917,0.10256586223840714,0.10941991955041885,0.11717955768108368,0.12459319084882736,0.1327647566795349,0.14039020240306854,0.14865127205848694,0.15625432133674622,0.16037492454051971,0.1643889844417572,0.17181169986724854,0.1797080934047699,0.18689946830272675,0.19451594352722168,0.20143786072731018,0.20870642364025116,0.21525248885154724
