earth/public/data/ocean/W07/ANN-ocevel-depthz-3000m-gfs-1.0.json
{"header": {"discipline": 0, "disciplineName": "Meteorological products", "gribEdition": 2, "gribLength": 131138.0, "center": 0, "centerName": "Kiel Climate Model", "subcenter": 0, "refTime": "1", "significanceOfRT": 1, "significanceOfRTName": "Start of forecast", "productStatus": 0, "productStatusName": "Operational products", "productType": 1, "productTypeName": "Forecast products", "productDefinitionTemplate": 0, "productDefinitionTemplateName": "Analysis/forecast at horizontal level/layer at a point in time", "parameterCategory": 2, "parameterCategoryName": "Momentum", "parameterNumber": 2, "parameterNumberName": "U-component_of_wind", "parameterUnit": "m/s", "genProcessType": 2, "genProcessTypeName": "Forecast", "forecastTime": 0, "surface1Type": 103, "surface1TypeName": "Specified height level above ground", "surface1Value": 10, "surface2Type": 255, "surface2TypeName": "Missing", "surface2Value": 0, "gridDefinitionTemplate": 0, "gridDefinitionTemplateName": "Latitude_Longitude", "numberPoints": 65160, "shape": 6, "shapeName": "Earth spherical with radius of 6,371,229.0 m", "gridUnits": "degrees", "resolution": 48, "winds": "true", "scanMode": 0, "nx": 360.0, "ny": 180.0, "basicAngle": 0, "subDivisions": 0, "lo1": 0.0, "la1": -89.5, "lo2": 359.0, "la2": 89.5, "dx": 1.0, "dy": -1.0}, "data":
[rows 84 to 104 of 180, columns 282 to 328 of 360]
null,null,null,null,null,null,null,null,null,null,null,null,null,null,null,null,null,null,null,null,null,null,null,null,null,null,null,null,null,null,null,null,null,null,null,null,null,null,null,null,null,null,null,null,0.00864812545478344,0.006280214060097933,0.0019787654746323824
null,null,null,null,null,null,null,null,null,null,null,null,null,null,null,null,null,null,null,null,null,null,null,null,null,null,null,null,null,null,null,null,null,null,null,null,null,null,null,null,null,null,null,null,0.005259787198156118,0.00234268419444561,-0.0008521503768861294
null,null,null,null,null,null,null,null,null,null,null,null,null,null,null,null,null,null,null,null,null,null,null,null,null,null,null,null,null,null,null,null,null,null,null,null,null,null,null,null,null,null,0.016401614993810654,0.01193100307136774,0.004726892802864313,0.00010868812387343496,-0.002617365913465619
null,null,null,null,null,null,null,null,null,null,null,null,null,null,null,null,null,null,null,null,null,null,null,null,null,null,null,null,null,null,null,null,null,null,null,null,null,null,null,null,0.01369555201381445,0.01448868028819561,0.01499986182898283,0.01118061225861311,0.003888653824105859,-0.001394577557221055,-0.003748691873624921
null,null,null,null,null,null,null,null,null,null,null,null,null,null,null,null,null,null,null,null,null,null,null,null,null,null,null,null,null,null,null,null,null,null,null,null,0.007807118818163872,0.008681165054440498,0.010283883661031723,0.012141909450292587,0.013769960962235928,0.013490427285432816,0.011759182438254356,0.007439656648784876,0.0012509259395301342,-0.0026767065282911062,-0.0037070673424750566
null,null,null,null,null,null,null,null,null,null,null,null,null,null,null,null,null,null,null,null,null,null,null,null,null,null,null,null,null,null,null,null,null,null,null,null,0.009649335406720638,0.010113329626619816,0.011062691919505596,0.011507658287882805,0.01135054137557745,0.00946898479014635,0.006151754874736071,0.0020112134516239166,-0.002258189022541046,-0.003618244780227542,-0.0018352033803239465
null,null,null,null,null,null,null,null,null,null,null,null,null,null,null,null,null,null,null,null,null,null,null,null,null,null,null,null,null,null,null,null,null,null,0.011296803131699562,0.010992839932441711,0.01060197502374649,0.010173942893743515,0.009784222580492496,0.00839246716350317,0.006216352805495262,0.0031583711970597506,-0.00029602248105220497,-0.0028022665064781904,-0.003961597569286823,-0.002899306593462825,0.00031396353733725846
null,null,null,null,null,null,null,null,null,null,null,null,null,null,null,null,null,null,null,null,null,null,null,null,null,null,null,null,null,null,null,null,null,null,0.012445968575775623,0.011049856431782246,0.00908572506159544,0.007117512170225382,0.005446291994303465,0.0030233869329094887,0.00024300396034959704,-0.0023131240159273148,-0.004263629205524921,-0.004422782454639673,-0.0027164090424776077,-0.00108887511305511,0.00025464833015576005
null,null,null,null,null,null,null,null,null,null,null,null,null,null,null,null,null,null,null,null,null,null,null,null,null,null,null,null,null,null,null,null,0.014599064365029335,0.013381505385041237,0.01160378847271204,0.009020786732435226,0.005667480174452066,0.0026680317241698503,0.0005132142687216401,-0.0018682688241824508,-0.004093358293175697,-0.004988897126168013,-0.004358113743364811,-0.0030008747708052397,-0.0010565679986029863,-0.0003923412295989692,-0.0011711061233654618
null,null,null,null,null,null,null,null,null,null,null,null,null,null,null,null,null,null,null,null,null,null,null,null,null,null,null,null,null,null,null,null,0.011892625130712986,0.010336405597627163,0.007760345004498959,0.0045708860270679,0.0013151393504813313,-0.0012361104600131512,-0.0026954070199280977,-0.0037733393255621195,-0.004335600417107344,-0.0037908239755779505,-0.002177880145609379,-0.0012621916830539703,-0.001137799583375454,-0.0014064486604183912,-0.002044410677626729
null,null,null,null,null,null,null,null,null,null,null,null,null,null,null,null,null,null,null,null,null,null,null,null,null,null,null,null,null,null,0.014897066168487072,0.012308894656598568,0.00881869625300169,0.00564274238422513,0.002642176579684019,-0.00014749838737770915,-0.002220836700871587,-0.0033482874277979136,-0.003290751948952675,-0.0027480931021273136,-0.0017142737051472068,-0.0009013066301122308,-0.00041365603101439774,-0.0007209816249087453,-0.0018771314062178135,-0.0022567955311387777,-0.0018314638873562217
null,null,null,null,null,null,null,null,null,null,null,null,null,null,null,null,null,null,null,null,null,null,null,null,null,null,null,null,0.015540892258286476,0.015224318020045757,0.01487481128424406,0.011693743988871574,0.006171729415655136,0.001653757761232555,-0.0011716163717210293,-0.0029766892548650503,-0.0034861378371715546,-0.0032113236375153065,-0.0021793891210108995,-0.0010449537076056004,2.8779590138583444e-05,0.0003236979537177831,-0.00022711993369739503,-0.0009138766909018159,-0.0016290952917188406,-0.0016016792505979538,-0.00082246313104406
null,null,null,null,null,null,null,null,null,null,null,null,null,null,null,null,null,null,null,null,null,null,null,null,null,null,null,null,0.01406797207891941,0.012908865697681904,0.011612609960138798,0.007932591252028942,0.0025086950045078993,-0.001299957511946559,-0.002838699845597148,-0.0032217788975685835,-0.002355927601456642,-0.0014849355211481452,-0.0007171781617216766,-0.00011554937373148277,0.00020448978466447443,6.788531027268618e-05,-0.0005348173435777426,-0.000728415441699326,-0.0004712152003776282,-0.00010142667451873422,0.000340455851983279
null,null,null,null,null,null,null,null,null,null,null,null,null,null,null,null,null,null,null,null,null,null,null,null,null,null,0.01866668276488781,0.01630968041718006,0.012837556190788746,0.009929024614393711,0.007313594687730074,0.0035535048227757215,-0.0006611885037273169,-0.0030816243961453438,-0.0031746667809784412,-0.002416204661130905,-0.0008881366229616106,-3.0349303870025324e-06,6.022920206305571e-05,0.0001053431406035088,9.476194099988788e-05,-7.922975055407733e-05,-0.0003742619592230767,-0.0001660023262957111,0.0005280812620185316,0.0009131589322350919,0.0009100576862692833
null,null,null,null,null,null,null,null,null,null,null,null,null,null,null,null,null,null,null,null,null,null,null,null,null,null,0.017231089994311333,0.01486247219145298,0.010696934536099434,0.006810253486037254,0.00391934672370553,0.0007547690183855593,-0.002191926585510373,-0.003325974103063345,-0.0025430331006646156,-0.0013703362783417106,-2.7859523470397107e-05,0.0005743342917412519,0.00035167677560821176,0.00020716426661238074,0.00016646062431391329,0.00011278082092758268,4.8390844312962145e-05,0.0003700135857798159,0.0010223934659734368,0.0012417652178555727,0.0010041913483291864
null,null,null,null,null,null,null,null,null,null,null,null,null,null,null,null,null,null,null,null,null,null,0.01428703498095274,0.013980879448354244,0.014930978417396545,0.014230303466320038,0.012494842521846294,0.00946057215332985,0.0052062151953577995,0.0018540712771937251,-9.4694180006627e-05,-0.0016762473387643695,-0.0026193514931946993,-0.002479652874171734,-0.0012039418797940016,-0.0001887502585304901,0.00042322935769334435,0.0006875294493511319,0.0005408345023170114,0.0004326369962655008,0.00037873664405196905,0.0003958136949222535,0.0004900263738818467,0.0007341076852753758,0.0010868378449231386,0.0011218679137527943,0.0008182310848496854
null,null,null,null,null,null,null,null,null,null,null,null,null,null,null,null,null,null,null,null,0.02004103548824787,0.017717385664582253,0.014311299659311771,0.01287565752863884,0.012891215272247791,0.010966509580612183,0.0073602390475571156,0.003384726122021675,-0.00023728936503175646,-0.002578308107331395,-0.003114621387794614,-0.0030413493514060974,-0.0022716703824698925,-0.0012041076552122831,-9.522605978418142e-06,0.0006638578488491476,0.0006584719521924853,0.0006520260940305889,0.0006360318511724472,0.0005811887094751,0.0005019517848268151,0.0005490277544595301,0.0007120880763977766,0.0008647299837321043,0.0009728203876875341,0.0008877393556758761,0.0006236057379283011
null,null,null,null,null,null,null,null,null,null,null,null,null,null,null,null,null,null,null,null,0.016151465475559235,0.014439315535128117,0.01137786265462637,0.009470672346651554,0.009004461579024792,0.006772890686988831,0.003136945888400078,-0.00016741619037929922,-0.00264117238111794,-0.0037381998263299465,-0.0033494539093226194,-0.002493732376024127,-0.0013450304977595806,-0.00031860507442615926,0.00042839511297643185,0.0007107187411747873,0.0005011563189327717,0.0003987479140050709,0.0004269925702828914,0.00040717265801504254,0.0003420689608901739,0.0003875309193972498,0.0005337680922821164,0.0006309786695055664,0.0006635066820308566,0.000589360948652029,0.0004190153849776834
7.99568006186746e-05,0.00042060649138875306,0.0005832637543790042,0.0006390011985786259,null,null,null,null,null,null,null,null,null,null,null,null,null,null,null,null,0.008237688802182674,0.007201319560408592,0.005285491701215506,0.003928533289581537,0.0034539129119366407,0.0019347072811797261,-0.00034145693643949926,-0.002056470373645425,-0.0028679368551820517,-0.0028676071669906378,-0.0019807007629424334,-0.0011039420496672392,-0.0003508377121761441,0.00017305361689068377,0.0003700233355630189,0.0003520632744766772,0.00010361090244259685,-2.82788387266919e-05,-2.8170639780000784e-05,-2.9579930924228393e-05,-3.284570266259834e-05,2.721388045756612e-05,0.00014153288793750107,0.00022176298080012202,0.00025050624390132725,0.00023045878333505243,0.00016508805856574327
-0.0015335718635469675,-0.0013415201101452112,-0.0007674031658098102,-0.0003643420059233904,-9.426769247511402e-05,0.00010002193448599428,0.00016199327365029603,0.0004899422638118267,0.001042875344865024,0.001828360604122281,0.0027482123114168644,0.0032387999817728996,null,null,null,null,null,null,null,null,0.003184054046869278,0.002427097177132964,0.0010307845659554005,-0.00011363964586053044,-0.0008148034103214741,-0.0016718355473130941,-0.0024955663830041885,-0.0027557641733437777,-0.0023339265026152134,-0.0015655356692150235,-0.0005747245741076767,0.00012109232920920476,0.00036790804006159306,0.0004000695771537721,0.00018471103976480663,-5.068959217169322e-05,-0.00026862628874368966,-0.000392400921555236,-0.00039584373007528484,-0.0003762233827728778,-0.00033568922663107514,-0.00026918959338217974,-0.00018914471729658544,-0.00011352837464073673,-5.529716145247221e-05,-2.046516237896867e-05,-1.2180738849565387e-05
-0.002981720259413123,-0.002611079951748252,-0.0020462425891309977,-0.0012759523233398795,-0.00032840456697158515,9.148137178272009e-05,-9.873956878436729e-05,1.2639977285289206e-05,0.0004389221721794456,0.0008864060509949923,0.001326714176684618,0.0013756555272266269,null,null,null,null,null,null,null,null,0.004651954397559166,0.0022805468179285526,0.0005189568619243801,-0.0008499041432514787,-0.001559852040372789,-0.0020233162213116884,-0.002182316267862916,-0.0019111235160380602,-0.0012683653039857745,-0.0005415210616774857,0.0001591254840604961,0.0005129381897859275,0.0004799113958142698,0.00029730572714470327,3.8443586163339205e-06,-0.00024040054995566607,-0.00039497483521699905,-0.0004856244777329266,-0.0004972213064320385,-0.00047969480510801077,-0.00043449626537039876,-0.0003844709135591984,-0.0003365475276950747,-0.00027052126824855804,-0.00019615204655565321,-0.00014665514754597098,-0.00013006720109842718
