earth/public/data/ocean/W07/ANN-ocevel-depthz-1000m-gfs-1.0.json
{"header": {"discipline": 0, "disciplineName": "Meteorological products", "gribEdition": 2, "gribLength": 131138.0, "center": 0, "centerName": "Kiel Climate Model", "subcenter": 0, "refTime": "1", "significanceOfRT": 1, "significanceOfRTName": "Start of forecast", "productStatus": 0, "productStatusName": "Operational products", "productType": 1, "productTypeName": "Forecast products", "productDefinitionTemplate": 0, "productDefinitionTemplateName": "Analysis/forecast at horizontal level/layer at a point in time", "parameterCategory": 2, "parameterCategoryName": "Momentum", "parameterNumber": 2, "parameterNumberName": "U-component_of_wind", "parameterUnit": "m/s", "genProcessType": 2, "genProcessTypeName": "Forecast", "forecastTime": 0, "surface1Type": 103, "surface1TypeName": "Specified height level above ground", "surface1Value": 10, "surface2Type": 255, "surface2TypeName": "Missing", "surface2Value": 0, "gridDefinitionTemplate": 0, "gridDefinitionTemplateName": "Latitude_Longitude", "numberPoints": 65160, "shape": 6, "shapeName": "Earth spherical with radius of 6,371,229.0 m", "gridUnits": "degrees", "resolution": 48, "winds": "true", "scanMode": 0, "nx": 360.0, "ny": 180.0, "basicAngle": 0, "subDivisions": 0, "lo1": 0.0, "la1": -89.5, "lo2": 359.0, "la2": 89.5, "dx": 1.0, "dy": -1.0}, "data":
[rows 20 to 39 of 180, columns 315 to 359 of 360]
-0.004733155481517315,-0.00468839518725872,-0.004899664781987667,-0.005355371627956629,-0.005597230512648821,-0.005591284483671188,-0.005878145340830088,-0.006410591769963503,-0.006958990357816219,-0.007427856791764498,-0.008018688298761845,-0.008626359514892101,-0.009202010929584503,-0.009642381221055984,-0.010138235986232758,-0.010601391084492207,-0.011125532910227776,-0.011618581600487232,-0.012190772220492363,-0.012742683291435242,-0.013044680468738079,-0.013342149555683136,-0.01388645451515913,-0.014471029862761497,-0.014993392862379551,-0.015629328787326813,-0.016261886805295944,-0.016923604533076286,-0.01750051975250244,-0.01809678226709366,-0.018635757267475128,-0.01916709542274475,-0.01961604878306389,-0.020249225199222565,-0.020908033475279808,-0.020942015573382378,-0.02032480016350746,-0.019584352150559425,-0.018905647099018097,-0.018281390890479088,-0.017853932455182076,-0.01784452609717846,-0.018263528123497963,-0.019071700051426888,-0.01991109922528267
-0.005800631362944841,-0.005717518273741007,-0.005928074009716511,-0.006418169476091862,-0.006626754533499479,-0.006553626619279385,-0.006677146069705486,-0.0070062014274299145,-0.007283381652086973,-0.007481602486222982,-0.007799822837114334,-0.008195605129003525,-0.008581692352890968,-0.008898189291357994,-0.009303111582994461,-0.009729481302201748,-0.010218692012131214,-0.010686798952519894,-0.011249952018260956,-0.01181054674088955,-0.012117418460547924,-0.012441144324839115,-0.013033267110586166,-0.013689071871340275,-0.014296941459178925,-0.014985805377364159,-0.015636539086699486,-0.01635780930519104,-0.017018955200910568,-0.017767276614904404,-0.0184584092348814,-0.01921718753874302,-0.019903961569070816,-0.020667487755417824,-0.021385205909609795,-0.021954486146569252,-0.02228657715022564,-0.02244815044105053,-0.022394590079784393,-0.022063644602894783,-0.02145656757056713,-0.02084403857588768,-0.020283084362745285,-0.02033493109047413,-0.021026426926255226
-0.007975127547979355,-0.0077045573852956295,-0.0076012397184967995,-0.007664332631975412,-0.007467615883797407,-0.0070303380489349365,-0.006730399094521999,-0.006604565307497978,-0.00644140038639307,-0.006253116764128208,-0.006204584613442421,-0.006290894467383623,-0.006417489144951105,-0.006553372368216515,-0.006808053236454725,-0.007131167687475681,-0.007526876404881477,-0.007920549251139164,-0.008409271948039532,-0.00890150386840105,-0.009172843769192696,-0.009466873481869698,-0.010000612586736679,-0.010623612441122532,-0.011221854947507381,-0.01190672442317009,-0.0125534413382411,-0.01328677125275135,-0.013973427936434746,-0.01474189106374979,-0.015454494394361973,-0.01628074236214161,-0.01707560569047928,-0.017991207540035248,-0.018874140456318855,-0.019748974591493607,-0.020487060770392418,-0.021084660664200783,-0.021478770300745964,-0.021572552621364594,-0.0213983915746212,-0.021038217470049858,-0.020589636638760567,-0.020341824740171432,-0.02031819522380829
-0.007569072302430868,-0.007351112551987171,-0.00710368761792779,-0.006854619365185499,-0.006393532734364271,-0.005772717762738466,-0.0051851412281394005,-0.004715324845165014,-0.004224831238389015,-0.0037914940621703863,-0.0034686557482928038,-0.0033084754832088947,-0.003213985823094845,-0.0031995424069464207,-0.0033053280785679817,-0.0035120253451168537,-0.0038047716952860355,-0.004131241701543331,-0.004541272763162851,-0.004960642196238041,-0.005191300995647907,-0.005444477312266827,-0.005904391407966614,-0.006457792595028877,-0.007003257051110268,-0.007650751154869795,-0.008281908929347992,-0.009023118764162064,-0.009739692322909832,-0.010556085966527462,-0.011324537917971611,-0.012187971733510494,-0.012987017631530762,-0.013868878595530987,-0.014663329347968102,-0.015495231375098228,-0.01620068959891796,-0.01684960536658764,-0.017321433871984482,-0.0176041591912508,-0.017658624798059464,-0.01745528168976307,-0.017046386376023293,-0.01648462750017643,-0.015874110162258148
-0.002645703498274088,-0.002663065679371357,-0.0025923731736838818,-0.002446102211251855,-0.002197100082412362,-0.001887541264295578,-0.0014919035602360964,-0.001064410200342536,-0.0006210798164829612,-0.00022214189812075347,0.0001334463304374367,0.00039300054777413607,0.0005858506192453206,0.000682840880472213,0.0006776322261430323,0.0005742948269471526,0.0003601527714636177,7.665083830943331e-05,-0.0002799233770929277,-0.0006430489593185484,-0.0008429749286733568,-0.001061433576978743,-0.001459239050745964,-0.0019469269318506122,-0.0024373263586312532,-0.0030483228620141745,-0.0036700156051665545,-0.004421713296324015,-0.005166173912584782,-0.006025878246873617,-0.00684204138815403,-0.00774865597486496,-0.008578750304877758,-0.009450530633330345,-0.010205320082604885,-0.010943719185888767,-0.011529787443578243,-0.012022341601550579,-0.012321907095611095,-0.012461269274353981,-0.01239558681845665,-0.012114303186535835,-0.011646535247564316,-0.011013757437467575,-0.010312579572200775
0.008121119812130928,0.007840231992304325,0.007403814233839512,0.006923477165400982,0.006293126381933689,0.005691763013601303,0.005243944004178047,0.005077977664768696,0.00497479410842061,0.004983506165444851,0.005028029903769493,0.0051258765161037445,0.005204380489885807,0.005268825218081474,0.00528383906930685,0.005253578070551157,0.005098037421703339,0.004845246206969023,0.004525043070316315,0.00419574836269021,0.004013935569673777,0.0038425945676863194,0.0035297933500260115,0.0031684248242527246,0.0028167027048766613,0.0023515326902270317,0.0018422683933749795,0.0011836461490020156,0.00047885189997032285,-0.0003741181280929595,-0.0012312129838392138,-0.0022041238844394684,-0.003118394408375025,-0.004085260909050703,-0.004923169035464525,-0.005738961044698954,-0.006373864598572254,-0.006907445844262838,-0.007231874391436577,-0.007431647274643183,-0.007459821179509163,-0.007358487229794264,-0.007128415163606405,-0.0068341828882694244,-0.006496000103652477
0.016767287626862526,0.016949636861681938,0.016296524554491043,0.014828545972704887,0.01345392782241106,0.012291713617742062,0.011198414489626884,0.010246961377561092,0.009535567834973335,0.009131964296102524,0.00878319051116705,0.008510472252964973,0.008354886434972286,0.00832436140626669,0.008352370001375675,0.008420314639806747,0.008412685245275497,0.008315245620906353,0.008093907497823238,0.0077775875106453896,0.007604177575558424,0.007444132585078478,0.007161297369748354,0.006929611321538687,0.006804672069847584,0.006628470961004496,0.006437916308641434,0.0060803331434726715,0.005616263952106237,0.0049455133266747,0.004179363138973713,0.003263308899477124,0.0023471741005778313,0.00137074023950845,0.0004888107650913298,-0.00036968436324968934,-0.001073007588274777,-0.0016915400046855211,-0.0021341105457395315,-0.002512250794097781,-0.0027765382546931505,-0.0030375535134226084,-0.0032716505229473114,-0.003575505455955863,-0.003928467631340027
0.017359357327222824,0.018572645261883736,0.01714785024523735,0.014295393601059914,0.012725397944450378,0.012250580824911594,0.011158214882016182,0.009711838327348232,0.008691023103892803,0.008308441378176212,0.007841111160814762,0.007377078756690025,0.007121868897229433,0.007115885615348816,0.007243109401315451,0.007482967805117369,0.007782252971082926,0.008088747970759869,0.008136178366839886,0.007908955216407776,0.007787357550114393,0.007500228937715292,0.0069868238642811775,0.006676537916064262,0.006642378866672516,0.006747032515704632,0.006979802157729864,0.00711826840415597,0.007131726481020451,0.006952272728085518,0.006594527047127485,0.006108822766691446,0.005557203199714422,0.0049704499542713165,0.004426874686032534,0.003889292012900114,0.0034304908476769924,0.0029925168491899967,0.0026394398882985115,0.002258546417579055,0.001914078602567315,0.0014410833828151226,0.0009248078567907214,0.00020275475981179625,-0.0005966775352135301
null,null,null,0.01039278507232666,0.009670835919678211,0.009394772350788116,0.008109988644719124,0.006097022444009781,0.004779857117682695,0.004412496462464333,0.003936374094337225,0.003458484075963497,0.0031796207185834646,0.0031693310011178255,0.0033015981316566467,0.0035758817102760077,0.004049554001539946,0.004668532405048609,0.005047882441431284,0.005131999496370554,0.005182059481739998,0.004727473482489586,0.003884504782035947,0.0033585166092962027,0.0032247884664684534,0.003498818725347519,0.004128916654735804,0.004820226226001978,0.005452136974781752,0.006038782652467489,0.00647254753857851,0.006885052192956209,0.00719091622158885,0.007525111082941294,0.007816391065716743,0.008072610013186932,0.008241474628448486,0.008291657082736492,0.008214655332267284,0.007972638122737408,0.0076158312149345875,0.007049089297652245,0.00638260692358017,0.005470656789839268,0.004483859520405531
0.017302922904491425,0.016206584870815277,0.014827596955001354,0.01383991725742817,0.012637746520340443,0.011365511454641819,0.00923062302172184,0.006577737629413605,0.0046524847857654095,0.003800875972956419,0.0028942986391484737,0.0021243507508188486,0.0014534263173118234,0.0010339205618947744,0.000801541842520237,0.0008128141635097563,0.0009597914176993072,0.0012360748369246721,0.0015778096858412027,0.001963538583368063,0.0021642358042299747,0.00184088503010571,0.0012264858232811093,0.0009262888343073428,0.0009453138336539268,0.00153532181866467,0.002561607165262103,0.003777669044211507,0.004963720683008432,0.006341175641864538,0.00767543725669384,0.00913257896900177,0.010469043627381325,0.011886777356266975,0.013149215839803219,0.014316465705633163,0.015193005092442036,0.01573967933654785,0.015870360657572746,0.015638189390301704,0.015099572017788887,0.014269058592617512,0.013312249444425106,0.01210609171539545,0.010880555026233196
0.024808339774608612,0.02398187480866909,0.023213747888803482,0.02253876067698002,0.021360764279961586,0.019754329696297646,0.01737760193645954,0.014596125110983849,0.012055465951561928,0.010210877284407616,0.008231519721448421,0.006509562488645315,0.004795383661985397,0.003429790958762169,0.002343298401683569,0.001760314218699932,0.0011201644083485007,0.0005430889432318509,0.0003247802669648081,0.0005029258318245411,0.0005945570301264524,0.0007653672364540398,0.0010815386194735765,0.0016542264493182302,0.0023842179216444492,0.003589178202673793,0.005052310414612293,0.006709327921271324,0.008264376781880856,0.010168256238102913,0.012089399620890617,0.014217197895050049,0.01619619131088257,0.01825275644659996,0.020055491477251053,0.021702470257878304,0.022937458008527756,0.023636236786842346,0.02370120771229267,0.02322734147310257,0.022309038788080215,0.021064959466457367,0.019712522625923157,0.018197311088442802,0.01677447184920311
0.03211615979671478,0.031398579478263855,0.030635640025138855,0.03005361557006836,0.02938050590455532,0.028784560039639473,0.027638478204607964,0.026082022115588188,0.024191923439502716,0.02213519997894764,0.019197769463062286,0.015815751627087593,0.012434350326657295,0.009683927521109581,0.007182884030044079,0.005411821883171797,0.003773188218474388,0.0025702007114887238,0.0018607950769364834,0.0017261734465137124,0.0016710235504433513,0.0024143983609974384,0.0037712526973336935,0.005350194405764341,0.006885309237986803,0.008660287596285343,0.01038283295929432,0.012246431782841682,0.013937405310571194,0.015942303463816643,0.017920881509780884,0.020057521760463715,0.02199028618633747,0.02388576976954937,0.025428468361496925,0.026769952848553658,0.02769656479358673,0.028069838881492615,0.027831921353936195,0.027110956609249115,0.026010923087596893,0.02465023100376129,0.023231323808431625,0.02179565094411373,0.0205686017870903
0.028543483465909958,0.02664412371814251,0.02533535286784172,0.02489755116403103,0.024746514856815338,0.024970265105366707,0.02508256584405899,0.025239745154976845,0.025811487808823586,0.026720484718680382,0.025029543787240982,0.020843058824539185,0.016978885978460312,0.013905058614909649,0.010920705273747444,0.008357361890375614,0.006466936785727739,0.00546735106036067,0.0051028248853981495,0.005394611973315477,0.0055606188252568245,0.00665945652872324,0.008675857447087765,0.010761955752968788,0.012573891319334507,0.014355168677866459,0.01581433229148388,0.01738818921148777,0.018818432465195656,0.020418448373675346,0.02191891521215439,0.023497696965932846,0.02487795799970627,0.02603335864841938,0.026750490069389343,0.027229536324739456,0.02737416699528694,0.02715836651623249,0.026615163311362267,0.025882242247462273,0.02509416826069355,0.0240886639803648,0.023060765117406845,0.022038141265511513,0.021235933527350426
0.018654150888323784,0.0149169797077775,0.012527963146567345,0.011844181455671787,0.011477203108370304,0.011458770371973515,0.011719790287315845,0.012154974974691868,0.015199817717075348,0.020431235432624817,0.02137594483792782,0.018088072538375854,0.015252260491251945,0.013530491851270199,0.011379134841263294,0.009315825998783112,0.007996820844709873,0.007741577457636595,0.008136364631354809,0.00916943047195673,0.00972342025488615,0.01094072312116623,0.01315378863364458,0.015287458896636963,0.016943208873271942,0.018382059410214424,0.019310791045427322,0.020380515605211258,0.021357649937272072,0.02241281233727932,0.023315099999308586,0.0242974441498518,0.025143513455986977,0.02564155124127865,0.025664906948804855,0.025428812950849533,0.024939021095633507,0.024285221472382545,0.023563724011182785,0.02294410951435566,0.02254498191177845,0.021937817335128784,0.02125106193125248,0.020518794655799866,0.019879702478647232
0.008123835548758507,0.0034412636887282133,0.0006236046901904047,0.00017082056729122996,-0.0003763028944376856,-0.0009259734069928527,-6.402428698493168e-05,0.0023669986985623837,0.007987248711287975,0.01509783137589693,0.01603931374847889,0.012031997554004192,0.010353286750614643,0.010516169480979443,0.010371676646173,0.009768492542207241,0.009813147597014904,0.010370545089244843,0.011549630202353,0.013077217154204845,0.013927919790148735,0.015001196414232254,0.01697422005236149,0.01872103661298752,0.019972072914242744,0.020867671817541122,0.0212957002222538,0.021821657195687294,0.02239322103559971,0.02294379472732544,0.023410676047205925,0.023917801678180695,0.024407248944044113,0.024453409016132355,0.02408025786280632,0.023351548239588737,0.022437242791056633,0.02133127488195896,0.020280681550502777,0.019395815208554268,0.01888369582593441,0.018232952803373337,0.01758655533194542,0.016792766749858856,0.016010776162147522
-0.0010436404263600707,-0.005118281114846468,-0.007130793295800686,-0.006804350763559341,-0.007152515463531017,-0.00812163669615984,-0.00747070973739028,null,null,null,null,0.0045082541182637215,0.005822550039738417,0.008195869624614716,0.010337857529520988,0.011986193247139454,0.013687614351511002,0.01522034965455532,0.017105497419834137,0.01905014179646969,0.020108958706259727,0.02082427218556404,0.022121451795101166,0.023084009066224098,0.023527681827545166,0.02365751750767231,0.023430734872817993,0.023325571790337563,0.023341305553913116,0.02331528067588806,0.0232398621737957,0.0231467317789793,0.02305234782397747,0.022455696016550064,0.021476341411471367,0.02001221664249897,0.01834103837609291,0.01647312380373478,0.014740998856723309,0.013358126394450665,0.01252835988998413,0.011905001476407051,0.011531497351825237,0.011050282046198845,0.010461848229169846
-0.00601262366399169,-0.00711582088842988,-0.007268787361681461,-0.006442653480917215,-0.006318042054772377,-0.006935324985533953,-0.006412610411643982,-0.004585746675729752,-0.00348289730027318,-0.004041119944304228,-0.0013828848022967577,0.002927225548774004,0.006588962394744158,0.010013885796070099,0.013425557874143124,0.016323436051607132,0.019051717594265938,0.021190805360674858,0.023444807156920433,0.025430740788578987,0.026515159755945206,0.02681133709847927,0.027343150228261948,0.02745218016207218,0.027096491307020187,0.02652946673333645,0.025825021788477898,0.02515673264861107,0.02462558075785637,0.023968877270817757,0.02329743094742298,0.022392254322767258,0.021416524425148964,0.01987781934440136,0.018050407990813255,0.015645932406187057,0.013075967319309711,0.010542834177613258,0.008458312600851059,0.0072129941545426846,0.006970161106437445,0.007415843661874533,0.00840301625430584,0.009382255375385284,0.010131730698049068
-0.0051063415594398975,-0.0023588784970343113,-0.00032868978451006114,0.0006533893174491823,0.001771315699443221,0.002782137831673026,0.003448904724791646,0.003580048680305481,0.004138285759836435,0.005059919785708189,0.007519986946135759,0.01116153784096241,0.014549875631928444,0.01705380156636238,0.01959538646042347,0.021710002794861794,0.023902205750346184,0.0257952231913805,0.027573687955737114,0.0289476215839386,0.02969704382121563,0.02973187528550625,0.029785839840769768,0.029512055218219757,0.028935084119439125,0.02827763929963112,0.027635177597403526,0.026854418218135834,0.026063092052936554,0.025016821920871735,0.0238959938287735,0.022315887734293938,0.020545827224850655,0.018301881849765778,0.015954239293932915,0.013232143595814705,0.010567324236035347,0.0083662960678339,0.006966542452573776,0.0070474231615662575,0.008566942997276783,0.011233284138143063,0.014567050151526928,0.017903808504343033,0.02066093496978283
0.0003015715628862381,0.0042631374672055244,0.007122040260583162,0.008498822338879108,0.010569578967988491,0.013047811575233936,0.014730234630405903,0.015384904108941555,0.016624122858047485,0.01821330562233925,0.02019466646015644,0.022182494401931763,0.023923959583044052,0.025079406797885895,0.02628977783024311,0.027289319783449173,0.02842504344880581,0.029456499963998795,0.030227340757846832,0.030595572665333748,0.030798738822340965,0.030686262995004654,0.030486783012747765,0.030208347365260124,0.029908422380685806,0.029577769339084625,0.029282595962285995,0.028649626299738884,0.027798745781183243,0.026548335328698158,0.02512264810502529,0.023180069401860237,0.021057793870568275,0.0187713410705328,0.016704509034752846,0.014859640970826149,0.013522056862711906,0.01302309986203909,0.013399215415120125,0.015593424439430237,0.01919613964855671,0.024042822420597076,0.029315369203686714,0.034324150532484055,0.038266029208898544
0.008246864192187786,0.010884291492402554,0.013291972689330578,0.014953878708183765,0.017350109294056892,0.02002972923219204,0.02232993021607399,0.023839866742491722,0.025450393557548523,0.026893261820077896,0.028250742703676224,0.029250122606754303,0.030009277164936066,0.03034300170838833,0.03088057041168213,0.03150314837694168,0.03197634965181351,0.032189227640628815,0.03207845985889435,0.03161477670073509,0.03137340396642685,0.031167618930339813,0.03078627958893776,0.030583098530769348,0.03059672750532627,0.03058154135942459,0.03055594302713871,0.03006896749138832,0.029215650632977486,0.027883222326636314,0.026310445740818977,0.024289676919579506,0.02218988910317421,0.02025185152888298,0.018859704956412315,0.01826685108244419,0.018671011552214622,0.020047413185238838,0.022272707894444466,0.026200847700238228,0.03122013248503208,0.037235327064991,0.043195486068725586,0.04863797500729561,0.0525575652718544
