earth/public/data/ocean/W07/ANN-vosaline-depthz-3000m-gfs-1.0.json
{"header": {"discipline": 0, "disciplineName": "Meteorological products", "gribEdition": 2, "gribLength": 131138.0, "center": 0, "centerName": "Kiel Climate Model", "subcenter": 0, "refTime": "1", "significanceOfRT": 1, "significanceOfRTName": "Start of forecast", "productStatus": 0, "productStatusName": "Operational products", "productType": 1, "productTypeName": "Forecast products", "productDefinitionTemplate": 0, "productDefinitionTemplateName": "Analysis/forecast at horizontal level/layer at a point in time", "parameterCategory": 2, "parameterCategoryName": "Momentum", "parameterNumber": 2, "parameterNumberName": "U-component_of_wind", "parameterUnit": "PSU", "genProcessType": 2, "genProcessTypeName": "Forecast", "forecastTime": 0, "surface1Type": 103, "surface1TypeName": "Specified height level above ground", "surface1Value": 10, "surface2Type": 255, "surface2TypeName": "Missing", "surface2Value": 0, "gridDefinitionTemplate": 0, "gridDefinitionTemplateName": "Latitude_Longitude", "numberPoints": 65160, "shape": 6, "shapeName": "Earth spherical with radius of 6,371,229.0 m", "gridUnits": "degrees", "resolution": 48, "winds": "true", "scanMode": 0, "nx": 360.0, "ny": 180.0, "basicAngle": 0, "subDivisions": 0, "lo1": 0.0, "la1": -89.5, "lo2": 359.0, "la2": 89.5, "dx": 1.0, "dy": -1.0}, "data":
[rows 154 to 175 of 180, columns 0 to 50 of 360]
35.168556213378906,35.16855239868164,null,null,null,null,null,null,null,null,null,null,null,null,null,null,null,null,null,null,null,null,null,null,null,null,null,null,null,null,null,null,null,null,null,null,null,null,null,null,null,null,null,null,null,null,null,null,null,null,null
35.1685676574707,35.16855239868164,35.16853713989258,null,null,null,null,null,null,null,null,null,null,null,null,null,null,null,null,null,null,null,null,null,null,null,null,null,null,null,null,null,null,null,null,null,null,null,null,null,null,null,null,null,null,null,null,null,null,null,null
35.16860580444336,null,null,null,null,null,null,null,null,null,null,null,null,null,null,null,null,null,null,null,null,null,null,null,null,null,null,null,null,null,null,null,null,null,null,null,null,null,null,null,null,null,null,null,null,null,null,null,null,null,null
35.168670654296875,null,null,null,null,null,null,null,null,null,null,null,null,null,null,null,null,null,null,null,null,null,null,null,null,null,null,null,null,null,null,null,null,null,null,null,null,null,null,null,null,null,null,null,null,null,null,null,null,null,null
35.16874313354492,35.168766021728516,null,35.16887283325195,35.16893005371094,35.16903305053711,35.169166564941406,35.16932678222656,35.16940689086914,35.16936111450195,null,null,null,null,null,null,null,null,null,null,null,null,null,null,null,null,null,null,null,null,null,null,null,null,null,null,null,null,null,null,null,null,null,null,null,null,null,null,null,null,null
35.168827056884766,35.1688346862793,35.16885757446289,35.16887664794922,35.16891098022461,35.168968200683594,35.169044494628906,35.16910934448242,35.16916275024414,35.169151306152344,35.16911697387695,null,null,null,null,null,null,null,null,null,null,null,null,null,null,null,null,null,null,null,null,null,null,null,null,null,null,null,null,null,null,null,null,null,null,null,null,null,null,null,null
35.168888092041016,35.16890335083008,35.168914794921875,35.168907165527344,35.16889572143555,35.168907165527344,35.16896438598633,35.169029235839844,35.16908264160156,35.16912841796875,35.169158935546875,35.16919708251953,35.16928482055664,35.16931915283203,35.16931915283203,null,null,null,null,null,null,null,null,null,null,null,null,null,null,null,null,null,null,null,null,null,null,null,null,null,null,null,null,null,null,null,null,null,null,null,null
null,35.168968200683594,35.16897964477539,35.1689567565918,35.16891098022461,35.16891098022461,35.16897964477539,35.169090270996094,35.16918182373047,35.16923141479492,35.16924285888672,null,null,null,null,null,null,null,null,null,null,null,null,null,null,null,null,null,null,null,null,null,null,null,null,null,null,null,null,null,null,null,null,null,null,null,null,null,null,null,null
null,null,null,null,null,35.16917037963867,35.16907501220703,35.16907501220703,null,null,null,null,null,null,null,null,null,null,null,null,null,null,null,null,null,null,null,null,null,null,null,null,null,null,null,null,null,null,null,null,null,null,null,null,null,null,null,null,null,null,null
35.16968536376953,35.16968536376953,35.16972351074219,35.16979217529297,35.16975402832031,35.16962432861328,null,null,null,null,null,null,null,null,null,null,null,null,null,null,null,null,null,null,null,null,null,null,null,null,null,null,null,null,null,null,null,null,null,null,null,null,null,null,null,null,null,null,null,null,null
35.1696891784668,35.16970443725586,35.16972732543945,35.16975402832031,35.16978454589844,35.1697998046875,35.16981887817383,null,null,null,null,null,null,null,null,null,null,null,null,null,null,null,null,null,null,null,null,null,null,null,null,null,null,null,null,null,null,null,null,null,null,null,null,null,null,null,null,null,null,null,null
35.16964340209961,35.169681549072266,35.169715881347656,35.16972351074219,35.16974639892578,35.169803619384766,35.169864654541016,35.169921875,35.16995620727539,null,null,null,null,null,null,null,null,null,null,null,null,null,null,null,null,null,null,null,null,null,null,null,null,null,null,null,null,null,null,null,null,null,null,null,null,null,null,null,null,null,null
35.169578552246094,35.16960906982422,35.169654846191406,35.169677734375,35.16971206665039,35.16977310180664,null,null,null,null,null,null,null,null,null,null,null,null,null,null,null,null,null,null,null,null,null,null,null,null,null,null,null,null,null,null,null,null,null,null,null,null,null,null,null,null,null,null,null,null,null
35.1695556640625,35.16957092285156,35.169593811035156,35.16961669921875,null,null,null,null,null,null,null,null,null,null,null,null,null,null,null,null,null,null,null,null,null,null,null,null,null,null,null,null,null,null,null,null,null,null,null,null,null,null,null,null,null,null,null,null,null,null,null
null,null,null,null,null,null,null,null,null,null,null,null,null,null,null,null,null,null,null,null,null,null,null,null,null,null,null,null,null,null,null,null,null,null,null,null,null,null,null,null,null,null,null,null,null,null,null,null,null,null,null
35.1692008972168,35.16919708251953,null,null,null,null,null,null,null,null,null,null,null,null,null,null,null,null,null,null,null,null,null,null,null,null,null,null,null,null,null,null,null,null,null,null,null,null,null,null,null,null,null,null,null,null,null,null,null,null,null
35.16919708251953,null,null,null,null,null,null,null,null,null,null,null,null,null,null,null,null,null,null,null,null,null,null,null,null,null,null,null,null,null,null,null,null,null,null,null,null,null,null,null,null,null,null,null,null,null,null,null,null,null,null
null,null,null,null,null,null,null,null,null,null,null,null,null,null,null,null,null,null,null,null,null,null,null,null,null,null,null,null,null,null,null,null,null,null,null,null,null,null,null,null,null,null,null,null,null,null,null,null,null,null,null
35.14894485473633,null,35.14744567871094,35.1475715637207,35.1475944519043,35.1475944519043,35.1475944519043,35.14752197265625,null,null,null,null,null,null,null,35.145896911621094,35.14584732055664,35.14584732055664,35.14584732055664,35.14577865600586,35.145668029785156,35.14554214477539,35.14533996582031,35.14508056640625,35.14498519897461,35.14498519897461,35.14498519897461,35.14498519897461,35.144927978515625,35.144832611083984,35.14472961425781,null,35.14360809326172,35.143516540527344,35.143428802490234,35.14328384399414,35.14319610595703,35.14319610595703,35.14319610595703,35.14313888549805,35.14304733276367,null,null,null,null,null,null,null,null,null,null
35.147705078125,35.14698791503906,35.1467170715332,35.14686584472656,35.14689254760742,35.146888732910156,35.146881103515625,35.146793365478516,35.1466178894043,35.146488189697266,35.146392822265625,35.14620590209961,35.146114349365234,35.146114349365234,35.14606857299805,35.14598083496094,35.145912170410156,35.14588928222656,35.14588928222656,35.14580535888672,35.14563751220703,35.145477294921875,35.14521026611328,35.14495086669922,35.144840240478516,35.14480972290039,35.14476013183594,35.14472961425781,35.14466094970703,35.1445198059082,35.144405364990234,35.14421463012695,35.144004821777344,35.14393615722656,35.143829345703125,35.143611907958984,35.14344024658203,35.143333435058594,35.143226623535156,35.143089294433594,35.14290237426758,35.142799377441406,35.14277267456055,35.14277267456055,35.14263916015625,35.14236831665039,35.142234802246094,35.142234802246094,35.14215087890625,35.14201354980469,35.141929626464844
35.146121978759766,35.14591598510742,35.145809173583984,35.14583969116211,35.14585876464844,35.145851135253906,35.145835876464844,35.14582824707031,35.14582824707031,35.14582824707031,35.145774841308594,35.14569091796875,35.14563751220703,35.14563751220703,35.14563751220703,35.145599365234375,35.14552307128906,35.14548110961914,35.14548110961914,35.14543151855469,35.145347595214844,35.14524841308594,35.14503860473633,35.14472961425781,35.14453125,35.144371032714844,35.14420700073242,35.14415740966797,35.14411544799805,35.14404296875,35.14400100708008,35.14400100708008,35.14400100708008,35.14400100708008,35.14393615722656,35.143829345703125,35.14362716674805,35.14336013793945,35.14315414428711,35.14297866821289,35.14277267456055,35.14262008666992,35.142555236816406,35.142555236816406,35.142494201660156,35.14239501953125,35.142337799072266,35.142337799072266,35.142234802246094,35.14202880859375,35.14192581176758
35.14494323730469,35.14494323730469,35.14493942260742,35.14493179321289,35.144927978515625,35.14492416381836,35.14491653442383,35.14491271972656,35.14491271972656,35.14491271972656,35.144893646240234,35.144859313964844,35.14484405517578,35.14484405517578,35.14484405517578,35.14482116699219,35.1447639465332,35.144718170166016,35.14470291137695,35.14470291137695,35.14470291137695,35.14470291137695,35.14459991455078,35.14441680908203,35.144203186035156,35.14389419555664,35.14362716674805,35.14353561401367,35.14353561401367,35.14353561401367,35.14353561401367,35.14353561401367,35.14353561401367,35.14350891113281,35.14346694946289,35.1434440612793,35.14332962036133,35.14311981201172,35.142967224121094,35.14289855957031,35.14274597167969,35.142520904541016,35.14241027832031,35.14241027832031,35.14234161376953,35.14223098754883,35.14216232299805,35.14216232299805,35.1421012878418,35.141998291015625,35.141937255859375
