earth/public/data/ocean/W07/ANN-vosaline-depthz-2000m-gfs-1.0.json
{"header": {"discipline": 0, "disciplineName": "Meteorological products", "gribEdition": 2, "gribLength": 131138.0, "center": 0, "centerName": "Kiel Climate Model", "subcenter": 0, "refTime": "1", "significanceOfRT": 1, "significanceOfRTName": "Start of forecast", "productStatus": 0, "productStatusName": "Operational products", "productType": 1, "productTypeName": "Forecast products", "productDefinitionTemplate": 0, "productDefinitionTemplateName": "Analysis/forecast at horizontal level/layer at a point in time", "parameterCategory": 2, "parameterCategoryName": "Momentum", "parameterNumber": 2, "parameterNumberName": "U-component_of_wind", "parameterUnit": "PSU", "genProcessType": 2, "genProcessTypeName": "Forecast", "forecastTime": 0, "surface1Type": 103, "surface1TypeName": "Specified height level above ground", "surface1Value": 10, "surface2Type": 255, "surface2TypeName": "Missing", "surface2Value": 0, "gridDefinitionTemplate": 0, "gridDefinitionTemplateName": "Latitude_Longitude", "numberPoints": 65160, "shape": 6, "shapeName": "Earth spherical with radius of 6,371,229.0 m", "gridUnits": "degrees", "resolution": 48, "winds": "true", "scanMode": 0, "nx": 360.0, "ny": 180.0, "basicAngle": 0, "subDivisions": 0, "lo1": 0.0, "la1": -89.5, "lo2": 359.0, "la2": 89.5, "dx": 1.0, "dy": -1.0}, "data":
[rows 132 to 153 of 180, columns 150 to 199 of 360]
34.65650177001953,34.65556335449219,34.65438461303711,34.653228759765625,34.65200424194336,34.65092086791992,34.64995193481445,34.649253845214844,34.648590087890625,34.6480712890625,34.64748764038086,34.64693069458008,34.64628982543945,34.64567565917969,34.644901275634766,34.643611907958984,34.641815185546875,34.64065170288086,34.64022445678711,34.6401252746582,34.640350341796875,34.640869140625,34.6416130065918,34.6424560546875,34.64335632324219,34.644161224365234,34.64495849609375,34.645606994628906,34.64631652832031,34.64695358276367,34.64768981933594,34.64839172363281,34.64918518066406,34.649925231933594,34.650779724121094,34.65159225463867,34.65203857421875,34.65251159667969,34.65336990356445,34.654327392578125,34.655208587646484,34.656150817871094,34.656986236572266,34.65785217285156,34.658599853515625,34.65937042236328,34.660030364990234,34.66071701049805,34.66130828857422,34.66191101074219
34.660274505615234,34.6590461730957,34.65787124633789,34.656856536865234,34.65568161010742,34.654544830322266,34.65349197387695,34.6527099609375,34.65195083618164,34.651344299316406,34.65061950683594,34.649906158447266,34.64910888671875,34.64837646484375,34.647483825683594,34.646305084228516,34.64487075805664,34.64375305175781,34.64312744140625,34.64280700683594,34.64280700683594,34.64311599731445,34.643638610839844,34.6442756652832,34.644989013671875,34.6456413269043,34.64631271362305,34.64687728881836,34.64751052856445,34.648094177246094,34.64878845214844,34.64945983886719,34.650238037109375,34.650978088378906,34.651710510253906,34.652435302734375,34.652957916259766,34.65353012084961,34.654354095458984,34.65525817871094,34.65607452392578,34.656944274902344,34.6577033996582,34.658485412597656,34.65914535522461,34.65981674194336,34.66037368774414,34.660953521728516,34.66144561767578,34.66196060180664
34.66170883178711,34.661407470703125,34.66094207763672,34.660377502441406,34.65960693359375,34.65875244140625,34.657936096191406,34.657283782958984,34.65664291381836,34.65610885620117,34.655364990234375,34.6545295715332,34.653587341308594,34.65270233154297,34.65165328979492,34.65062713623047,34.64948272705078,34.64842987060547,34.64719772338867,34.64605712890625,34.64546203613281,34.645565032958984,34.64586639404297,34.646297454833984,34.64680862426758,34.647300720214844,34.6478271484375,34.648284912109375,34.648841857910156,34.64938735961914,34.650062561035156,34.65074920654297,34.651546478271484,34.65231704711914,34.652862548828125,34.65338134765625,34.65409469604492,34.654842376708984,34.65562057495117,34.65647506713867,34.65724182128906,34.65804672241211,34.65873718261719,34.659427642822266,34.65998458862305,34.6605339050293,34.66096878051758,34.66142654418945,34.66181564331055,34.662235260009766
null,34.64218521118164,34.66329574584961,34.663360595703125,34.66311264038086,34.662628173828125,34.66209030151367,34.661643981933594,34.66118240356445,34.660823822021484,34.660133361816406,34.65924072265625,34.65818786621094,34.657161712646484,34.65595245361328,34.6547737121582,34.6534423828125,34.652183532714844,34.65049743652344,34.648590087890625,34.64755630493164,34.64749526977539,34.64760971069336,34.64789962768555,34.648258209228516,34.64863204956055,34.649051666259766,34.649452209472656,34.64997100830078,34.650516510009766,34.651222229003906,34.65195846557617,34.6528205871582,34.65364456176758,34.65410232543945,34.6545524597168,34.65536880493164,34.6562385559082,34.65699768066406,34.65781784057617,34.658546447753906,34.659305572509766,34.659950256347656,34.66057586669922,34.661067962646484,34.661529541015625,34.6618766784668,34.6622314453125,34.66253662109375,34.66286849975586
34.48435974121094,null,null,34.66463851928711,34.66447448730469,34.6640510559082,34.66374206542969,34.663570404052734,34.663509368896484,34.66351318359375,34.663116455078125,34.662357330322266,34.66135787963867,34.6602897644043,34.65899658203125,34.6577262878418,34.656246185302734,34.65483856201172,34.65315246582031,34.65155792236328,34.65044021606445,34.65006637573242,34.64986801147461,34.64989471435547,34.650020599365234,34.65022277832031,34.65053176879883,34.6508903503418,34.65142822265625,34.65204620361328,34.65287399291992,34.65375518798828,34.65476989746094,34.655723571777344,34.656246185302734,34.65671157836914,34.657562255859375,34.658424377441406,34.65915298461914,34.6599235534668,34.66059875488281,34.66130447387695,34.661903381347656,34.66246795654297,34.66289138793945,34.66326141357422,34.663509368896484,34.663753509521484,34.66394805908203,34.66419219970703
34.460968017578125,null,null,34.64144515991211,34.66474914550781,34.66424560546875,34.66410446166992,34.66432571411133,34.66480255126953,34.665531158447266,34.665794372558594,34.66554260253906,34.66489791870117,34.66395568847656,34.66270065307617,34.66135025024414,34.65973663330078,34.65814971923828,34.656517028808594,34.65513229370117,34.65388107299805,34.65299987792969,34.65230941772461,34.65194320678711,34.65178298950195,34.651763916015625,34.651859283447266,34.65211486816406,34.65270233154297,34.653438568115234,34.65443420410156,34.655521392822266,34.656715393066406,34.65781021118164,34.658409118652344,34.658878326416016,34.65972137451172,34.660552978515625,34.661216735839844,34.66193771362305,34.662574768066406,34.663246154785156,34.663822174072266,34.6644172668457,34.6649055480957,34.665279388427734,34.66545486450195,34.66562271118164,34.665740966796875,34.66592788696289
34.460968017578125,34.460838317871094,34.494789123535156,null,null,null,null,34.66401672363281,34.664798736572266,34.66623306274414,34.667301177978516,34.66782760620117,34.66777420043945,34.66715621948242,34.66604995727539,34.66466522216797,34.6629524230957,34.661224365234375,34.65935134887695,34.65766906738281,34.656028747558594,34.65470504760742,34.65362548828125,34.65296173095703,34.65264129638672,34.652587890625,34.65258026123047,34.652835845947266,34.65348815917969,34.65427780151367,34.65538787841797,34.65660858154297,34.65794372558594,34.659141540527344,34.65980529785156,34.66023635864258,34.66102981567383,34.661766052246094,34.66232681274414,34.66295623779297,34.663543701171875,34.66417694091797,34.66474533081055,34.66538619995117,34.66600799560547,34.666439056396484,34.666629791259766,34.66679000854492,34.666893005371094,34.667091369628906
null,null,null,null,null,null,null,34.663028717041016,34.66407775878906,34.66564178466797,34.66691207885742,34.66798782348633,34.6684455871582,34.668212890625,34.667381286621094,34.66609191894531,34.66444396972656,34.662715911865234,34.660762786865234,34.658935546875,34.65707015991211,34.655513763427734,34.65426254272461,34.65354537963867,34.65327835083008,34.65341567993164,34.653648376464844,34.65402603149414,34.65472412109375,34.655548095703125,34.65673828125,34.658077239990234,34.659446716308594,34.660621643066406,34.661258697509766,34.66157150268555,34.66215515136719,34.662620544433594,34.662899017333984,34.663299560546875,34.66374969482422,34.66431427001953,34.66488265991211,34.66550064086914,34.666038513183594,34.666481018066406,34.66672897338867,34.666954040527344,34.6671028137207,34.667388916015625
null,null,null,null,null,null,null,null,null,34.664886474609375,34.66607666015625,34.66725158691406,34.66789245605469,34.668155670166016,34.66773986816406,34.66670608520508,34.665260314941406,34.663665771484375,34.66176223754883,34.65988540649414,34.657955169677734,34.656307220458984,34.65508270263672,34.65449523925781,34.65422058105469,34.65436553955078,34.654685974121094,34.65513229370117,34.655845642089844,34.656742095947266,34.657981872558594,34.659427642822266,34.66075897216797,34.66179275512695,34.662357330322266,34.66254806518555,34.662879943847656,34.66307067871094,34.663047790527344,34.66294860839844,34.662841796875,34.663063049316406,34.66358947753906,34.66415786743164,34.66466522216797,34.66518020629883,34.66559982299805,34.66594696044922,34.66616439819336,34.66659927368164
null,null,null,null,null,null,null,null,null,34.66399002075195,34.664955139160156,34.66571807861328,34.66648864746094,34.66718292236328,34.66706848144531,34.666412353515625,34.665321350097656,34.66394805908203,34.66230392456055,34.660667419433594,34.65882873535156,34.65713119506836,34.65592956542969,34.65546798706055,34.655216217041016,null,null,null,null,null,null,null,null,null,null,null,null,null,null,null,34.66105270385742,34.661128997802734,34.661529541015625,34.66210174560547,34.662742614746094,34.66343688964844,34.66407775878906,34.6641845703125,34.66380310058594,34.664066314697266
null,null,null,null,null,null,null,null,null,null,34.66364669799805,34.66409683227539,34.664695739746094,34.665218353271484,34.66546630859375,34.665252685546875,34.66438293457031,34.66332244873047,34.66217803955078,34.66099548339844,34.659427642822266,34.65775680541992,34.656585693359375,34.656002044677734,34.656028747558594,null,null,null,null,null,null,null,null,null,null,null,null,null,null,null,34.66056823730469,34.66025161743164,34.66058349609375,34.660892486572266,34.661128997802734,34.66154479980469,34.66216278076172,34.6619987487793,34.66099548339844,34.66114044189453
null,null,null,null,null,null,null,null,null,null,null,null,34.66303634643555,34.66345977783203,34.66419982910156,34.66436004638672,34.6635856628418,34.66276931762695,34.66208267211914,34.66135025024414,34.660213470458984,34.65885925292969,34.6580924987793,null,null,34.659881591796875,34.66100311279297,34.66214370727539,34.657894134521484,34.64811706542969,34.6489372253418,34.660301208496094,34.665924072265625,34.665794372558594,34.66572952270508,34.665870666503906,34.666133880615234,34.665977478027344,34.6654052734375,34.664581298828125,null,null,null,null,34.659812927246094,34.65996170043945,34.660400390625,34.66025161743164,34.65960693359375,34.65965270996094
null,null,null,null,null,null,null,null,null,null,null,null,34.66148376464844,34.66193771362305,34.66276931762695,34.663055419921875,null,null,34.66204071044922,34.66183853149414,34.661312103271484,34.660606384277344,34.6605224609375,34.661155700683594,34.66176223754883,34.662025451660156,34.66272735595703,34.66386795043945,34.6624755859375,34.65918731689453,34.659767150878906,34.66409683227539,34.6666374206543,34.66656494140625,34.66652297973633,34.6666145324707,34.666786193847656,34.66667556762695,34.666297912597656,34.66596984863281,34.665550231933594,34.66516876220703,null,null,null,null,null,null,null,null
null,null,null,null,null,null,null,null,null,null,null,null,34.66028594970703,34.66044998168945,34.660709381103516,34.660743713378906,34.660675048828125,34.660926818847656,34.66139221191406,34.65999221801758,34.65724182128906,34.65554428100586,34.6575813293457,34.661128997802734,34.66344451904297,34.66383743286133,34.664588928222656,34.665557861328125,34.66631317138672,34.666690826416016,34.667030334472656,34.66726303100586,34.667327880859375,34.667213439941406,34.66715621948242,34.667179107666016,34.667213439941406,34.66715621948242,34.66701126098633,34.66677474975586,null,null,null,null,null,null,null,null,null,null
null,null,null,null,null,null,null,null,null,null,null,null,null,null,34.65855026245117,34.658756256103516,34.65922546386719,34.65979766845703,34.66037368774414,34.65638732910156,34.64837646484375,34.6461181640625,34.652774810791016,34.66139602661133,34.66474914550781,34.66474533081055,34.66519546508789,34.6660041809082,34.66654968261719,34.666744232177734,34.666961669921875,34.667171478271484,34.66716003417969,34.66693878173828,34.666812896728516,34.66689682006836,34.66706085205078,34.66716003417969,34.6671028137207,34.66707229614258,null,null,null,null,null,null,null,null,null,null
null,null,null,null,null,null,null,null,null,null,null,null,null,null,34.657413482666016,34.657745361328125,34.658348083496094,34.659000396728516,34.65959548950195,34.65534591674805,34.64482879638672,34.6439323425293,34.65558624267578,34.662689208984375,34.66456604003906,34.66440963745117,34.66477966308594,34.665592193603516,34.666053771972656,34.66606140136719,34.66612243652344,34.66622543334961,34.6662712097168,34.66621398925781,34.66619110107422,34.666297912597656,null,null,null,null,null,null,null,null,null,null,null,null,null,null
null,null,null,null,null,null,null,null,null,null,null,null,null,null,34.649417877197266,34.643619537353516,34.6402473449707,34.64562225341797,34.6541633605957,34.6573600769043,null,null,34.6607551574707,34.66300582885742,34.662960052490234,34.662837982177734,34.66328430175781,34.66423034667969,34.664695739746094,34.66460037231445,34.66471862792969,34.665069580078125,34.66535568237305,null,null,null,null,null,null,null,null,null,null,null,null,null,null,null,null,null
null,null,null,null,null,null,null,null,null,null,null,null,null,null,null,null,null,null,34.647552490234375,34.65873718261719,null,null,34.6612663269043,34.65238952636719,34.64057159423828,34.63479232788086,34.64237594604492,34.65515899658203,34.662879943847656,34.66309356689453,34.663414001464844,null,null,null,null,null,null,null,null,null,null,null,null,null,null,null,null,null,null,null
null,null,null,null,null,null,null,null,null,null,null,null,null,null,null,null,null,null,null,null,null,null,null,null,34.60246276855469,34.595645904541016,34.612117767333984,34.646392822265625,34.66144943237305,null,null,null,null,null,null,null,null,null,null,null,null,null,null,null,null,null,null,null,null,null
null,null,null,null,null,null,null,null,null,null,null,null,null,null,null,null,null,null,null,null,null,null,null,null,null,null,null,null,34.660865783691406,null,null,null,null,null,null,null,null,null,null,null,null,null,null,null,null,null,null,null,null,null
null,null,null,null,null,null,null,null,null,null,null,null,null,null,null,null,null,null,null,null,null,null,null,null,null,null,null,null,null,null,null,null,null,null,null,null,null,null,null,null,null,null,null,null,null,null,null,null,null,null
null,null,null,null,null,null,null,null,null,null,null,null,null,null,null,null,null,null,null,null,null,null,null,null,null,null,null,null,null,null,null,null,null,null,null,null,null,null,null,null,null,null,null,null,null,null,null,null,null,null
