earth/public/data/ocean/W07/ANN-votemper-depthz-0m-gfs-1.0.json
{"header": {"discipline": 0, "disciplineName": "Meteorological products", "gribEdition": 2, "gribLength": 131138.0, "center": 0, "centerName": "Kiel Climate Model", "subcenter": 0, "refTime": "1", "significanceOfRT": 1, "significanceOfRTName": "Start of forecast", "productStatus": 0, "productStatusName": "Operational products", "productType": 1, "productTypeName": "Forecast products", "productDefinitionTemplate": 0, "productDefinitionTemplateName": "Analysis/forecast at horizontal level/layer at a point in time", "parameterCategory": 2, "parameterCategoryName": "Momentum", "parameterNumber": 2, "parameterNumberName": "U-component_of_wind", "parameterUnit": "C", "genProcessType": 2, "genProcessTypeName": "Forecast", "forecastTime": 0, "surface1Type": 103, "surface1TypeName": "Specified height level above ground", "surface1Value": 10, "surface2Type": 255, "surface2TypeName": "Missing", "surface2Value": 0, "gridDefinitionTemplate": 0, "gridDefinitionTemplateName": "Latitude_Longitude", "numberPoints": 65160, "shape": 6, "shapeName": "Earth spherical with radius of 6,371,229.0 m", "gridUnits": "degrees", "resolution": 48, "winds": "true", "scanMode": 0, "nx": 360.0, "ny": 180.0, "basicAngle": 0, "subDivisions": 0, "lo1": 0.0, "la1": -89.5, "lo2": 359.0, "la2": 89.5, "dx": 1.0, "dy": -1.0}, "data":
[rows 42 to 62 of 180, columns 141 to 187 of 360]
8.88382625579834,8.972143173217773,9.050114631652832,9.117033958435059,9.160151481628418,9.173274993896484,9.15432357788086,9.132332801818848,9.11214542388916,9.102846145629883,9.106729507446289,9.119596481323242,9.140434265136719,9.19189739227295,9.26645278930664,9.382294654846191,9.519853591918945,9.711664199829102,9.92355728149414,10.135427474975586,10.308416366577148,10.39569091796875,10.382076263427734,10.407204627990723,10.469520568847656,10.331205368041992,9.952021598815918,9.441186904907227,8.989070892333984,8.755882263183594,8.758191108703613,8.78600025177002,8.821202278137207,8.91535758972168,9.046820640563965,9.193507194519043,9.329131126403809,9.40352725982666,9.401238441467285,9.436509132385254,9.49671745300293,9.629417419433594,9.8053560256958,9.98274040222168,10.127762794494629,10.207599639892578,10.23659610748291
9.443047523498535,9.559656143188477,9.659482955932617,9.749489784240723,9.814841270446777,9.8308744430542,9.79472541809082,9.77407455444336,9.772436141967773,9.775880813598633,9.784279823303223,9.80007553100586,9.820062637329102,9.85653305053711,9.90131950378418,9.990079879760742,10.104578971862793,10.267964363098145,10.448650360107422,10.63357925415039,10.787723541259766,10.877490043640137,10.88644027709961,10.935993194580078,11.017396926879883,10.975702285766602,10.618531227111816,null,null,null,9.147271156311035,9.187810897827148,9.264566421508789,9.402647018432617,9.581140518188477,9.77368450164795,9.947731971740723,10.097899436950684,10.20191478729248,10.353191375732422,10.5331449508667,10.764839172363281,11.01369571685791,11.236143112182617,11.394879341125488,11.481931686401367,11.498444557189941
9.915753364562988,10.055024147033691,10.165525436401367,10.26941204071045,10.347221374511719,10.356338500976562,10.296204566955566,10.26720142364502,10.275629043579102,10.28735637664795,10.299494743347168,10.309842109680176,10.317010879516602,10.328206062316895,10.343687057495117,10.400973320007324,10.492318153381348,10.628937721252441,10.788166999816895,10.95567512512207,11.102240562438965,11.196587562561035,11.220751762390137,11.272543907165527,11.342466354370117,11.378177642822266,11.14008617401123,null,null,null,9.37779712677002,9.433667182922363,9.531847953796387,9.691924095153809,9.885650634765625,10.107282638549805,10.314577102661133,10.567005157470703,10.808206558227539,11.11028003692627,11.404376029968262,11.726231575012207,12.011213302612305,12.25059700012207,12.401435852050781,12.483748435974121,12.485060691833496
10.645715713500977,10.789527893066406,10.881604194641113,10.899639129638672,null,null,null,10.940589904785156,10.976908683776855,11.013286590576172,11.041393280029297,11.042462348937988,11.016386985778809,10.98447322845459,10.952938079833984,10.96402359008789,11.015592575073242,11.117554664611816,11.250823974609375,11.400766372680664,11.53948974609375,11.649221420288086,11.709846496582031,11.766620635986328,11.808686256408691,11.918743133544922,11.717290878295898,11.485302925109863,11.008977890014648,10.786434173583984,null,null,10.03368854522705,10.2433443069458,10.4162015914917,10.695072174072266,11.025768280029297,11.512619018554688,12.059494018554688,12.570534706115723,12.958305358886719,13.29334545135498,13.529047012329102,13.692380905151367,13.763632774353027,13.800786972045898,13.768224716186523
11.3810396194458,11.515151977539062,11.561771392822266,11.554795265197754,null,null,null,11.59622573852539,11.675605773925781,11.744186401367188,11.791974067687988,11.783376693725586,11.719376564025879,11.64252758026123,11.564094543457031,11.529510498046875,11.542513847351074,11.612232208251953,11.72436237335205,11.859517097473145,11.992521286010742,12.118362426757812,12.215139389038086,12.279260635375977,12.299686431884766,12.417418479919434,12.652119636535645,12.818771362304688,12.361589431762695,12.206296920776367,null,null,10.769397735595703,10.931649208068848,11.066193580627441,11.417635917663574,11.927506446838379,12.682279586791992,13.562800407409668,14.258695602416992,14.651886940002441,14.937163352966309,15.054464340209961,15.097824096679688,15.048799514770508,15.024518966674805,14.95236587524414
11.881093978881836,11.962925910949707,11.927582740783691,11.903736114501953,null,null,null,11.938451766967773,12.173048973083496,12.317767143249512,12.381916999816895,12.36685848236084,12.275726318359375,12.162496566772461,12.05056095123291,11.984753608703613,11.979220390319824,12.030720710754395,12.131025314331055,12.256763458251953,12.385896682739258,12.51453685760498,12.619847297668457,12.692753791809082,12.71928882598877,12.803972244262695,12.932777404785156,13.081803321838379,12.92253303527832,12.822575569152832,null,null,11.170186996459961,11.337374687194824,11.569269180297852,12.077296257019043,12.794960975646973,13.734015464782715,14.71387767791748,15.398573875427246,15.673759460449219,15.821414947509766,15.82735538482666,15.762081146240234,15.64336109161377,15.577263832092285,15.487268447875977
12.630447387695312,12.649526596069336,12.505361557006836,12.512840270996094,12.660183906555176,12.76658821105957,12.748050689697266,12.880427360534668,13.044520378112793,13.194831848144531,13.33935260772705,13.361023902893066,13.24928092956543,13.081588745117188,12.889212608337402,12.766255378723145,12.7379150390625,12.765851020812988,12.845528602600098,12.95256233215332,13.068127632141113,13.176508903503418,13.259594917297363,13.334383964538574,13.388893127441406,13.46822738647461,13.555118560791016,13.719822883605957,13.976888656616211,14.242416381835938,13.627914428710938,13.486472129821777,null,null,null,12.826345443725586,13.940730094909668,14.911250114440918,15.795193672180176,16.336772918701172,16.432151794433594,16.44365692138672,16.356069564819336,16.23011016845703,16.08213996887207,16.00170135498047,15.91274642944336
13.449084281921387,13.435812950134277,13.247398376464844,13.202290534973145,13.320137977600098,13.463168144226074,13.560444831848145,13.706889152526855,13.856813430786133,14.066502571105957,14.34607219696045,14.433614730834961,14.319439888000488,14.093871116638184,13.794342041015625,13.601729393005371,13.54603099822998,13.547992706298828,13.605578422546387,13.691097259521484,13.7875394821167,13.868647575378418,13.91752815246582,13.98709774017334,14.063804626464844,14.150311470031738,14.232362747192383,14.310895919799805,14.368412017822266,14.511835098266602,14.754739761352539,14.926576614379883,null,null,null,14.447120666503906,15.141826629638672,15.820511817932129,16.57621192932129,16.998294830322266,17.005247116088867,16.93836784362793,16.81028938293457,16.65240478515625,16.49405860900879,16.40682601928711,16.319211959838867
14.140054702758789,14.127906799316406,13.945294380187988,13.794743537902832,13.70860481262207,13.710774421691895,13.805809020996094,14.02479362487793,14.325600624084473,14.73703670501709,15.17341423034668,15.400379180908203,15.361766815185547,15.124086380004883,14.728808403015137,14.43818473815918,14.314882278442383,14.258689880371094,14.28695297241211,14.342632293701172,14.41866397857666,14.451157569885254,14.439424514770508,14.470751762390137,14.544334411621094,14.642189025878906,14.746278762817383,14.81076717376709,14.82283878326416,14.89513111114502,15.018659591674805,15.18130111694336,null,null,null,15.155516624450684,15.637736320495605,16.182100296020508,16.966279983520508,17.312925338745117,17.315031051635742,17.237451553344727,17.096384048461914,16.92608070373535,16.760026931762695,16.668170928955078,16.578582763671875
null,null,null,null,null,null,null,14.589221000671387,15.115558624267578,15.727777481079102,16.41341781616211,16.88207244873047,17.0516357421875,16.892559051513672,16.4265079498291,16.029760360717773,15.764324188232422,15.592723846435547,15.54463005065918,15.542229652404785,15.586601257324219,15.5335693359375,15.39181900024414,15.317484855651855,15.327046394348145,15.400729179382324,15.529452323913574,15.600210189819336,15.602097511291504,15.592742919921875,15.57512378692627,15.721929550170898,16.077590942382812,16.321853637695312,15.872880935668945,null,null,null,17.644010543823242,17.79623031616211,17.781600952148438,17.672161102294922,17.487062454223633,17.281328201293945,17.09101676940918,16.986713409423828,16.8935546875
null,null,null,null,null,null,null,15.594815254211426,16.07362174987793,16.71030044555664,17.613773345947266,18.310436248779297,18.685409545898438,18.636873245239258,18.182655334472656,17.72433090209961,17.34552764892578,17.06524658203125,16.92884635925293,16.865541458129883,16.883146286010742,16.748798370361328,16.482667922973633,16.289636611938477,16.196949005126953,16.22747230529785,16.371585845947266,16.43998908996582,16.419376373291016,16.322755813598633,16.16225814819336,16.17538070678711,16.350873947143555,16.45111846923828,16.593399047851562,null,null,null,18.187793731689453,18.221946716308594,18.19133949279785,18.053335189819336,17.831682205200195,17.596450805664062,17.389238357543945,17.27543067932129,17.181028366088867
null,null,null,null,null,null,null,16.102008819580078,16.525053024291992,17.271940231323242,18.348064422607422,19.09516716003418,19.586536407470703,19.663522720336914,19.302114486694336,18.882104873657227,18.47435188293457,18.142885208129883,17.950124740600586,17.837158203125,17.828346252441406,17.658496856689453,17.359607696533203,17.103487014770508,16.93840980529785,16.918081283569336,17.049835205078125,17.10834503173828,17.083602905273438,16.907676696777344,16.6191349029541,16.470550537109375,16.512584686279297,16.742862701416016,17.266584396362305,null,null,null,18.443653106689453,18.472061157226562,18.398025512695312,18.22338104248047,17.98409080505371,17.74085235595703,17.537933349609375,17.42670249938965,17.340024948120117
null,null,null,null,null,null,null,null,null,null,19.261648178100586,19.865638732910156,20.485450744628906,20.686193466186523,20.439327239990234,20.078500747680664,19.67504119873047,19.324108123779297,19.086711883544922,18.922910690307617,18.8599910736084,18.679210662841797,18.4121150970459,18.1561279296875,17.953229904174805,17.894912719726562,17.98784637451172,18.05267906188965,18.074983596801758,17.853254318237305,17.417200088500977,17.232419967651367,17.517452239990234,17.825857162475586,18.35532569885254,18.641063690185547,18.74715232849121,18.777708053588867,18.766517639160156,18.674474716186523,18.515377044677734,18.308643341064453,18.085498809814453,17.883262634277344,17.732378005981445,17.65087127685547,17.590778350830078
null,null,null,null,null,null,null,null,null,null,20.185531616210938,20.582456588745117,21.312612533569336,21.602092742919922,21.40032196044922,21.07352066040039,20.68089485168457,20.322782516479492,20.064939498901367,19.86128044128418,19.747509002685547,19.561630249023438,19.3376522064209,19.101877212524414,18.900035858154297,18.821043014526367,18.879562377929688,18.962329864501953,19.056303024291992,18.835418701171875,18.343862533569336,18.1611328125,18.34378433227539,18.59851837158203,18.7779541015625,18.94051742553711,19.097387313842773,19.10384750366211,18.95018196105957,18.750629425048828,18.536462783813477,18.325634002685547,18.158628463745117,18.02523422241211,17.95598793029785,17.91604995727539,17.88802719116211
null,null,null,null,null,null,null,null,null,null,20.39532470703125,20.936704635620117,21.722204208374023,21.968896865844727,21.790088653564453,21.482152938842773,21.09800910949707,20.746601104736328,20.49144744873047,20.27116584777832,20.126996994018555,19.94098472595215,19.74717903137207,19.551719665527344,19.386898040771484,19.32722282409668,19.380916595458984,19.462339401245117,19.558895111083984,19.384613037109375,18.9681453704834,18.747716903686523,18.757658004760742,18.876665115356445,19.087932586669922,19.229883193969727,19.286388397216797,19.208492279052734,19.01459503173828,18.800884246826172,18.60335922241211,18.443866729736328,18.345781326293945,18.29110336303711,18.284130096435547,18.28155517578125,18.277179718017578
null,null,null,null,null,null,null,null,null,null,null,null,null,22.131732940673828,22.01508331298828,21.740915298461914,21.362150192260742,21.014877319335938,20.76261329650879,20.52924346923828,20.35601234436035,20.167495727539062,19.997743606567383,19.8380184173584,19.720611572265625,19.689823150634766,19.753873825073242,19.81096076965332,19.84848976135254,19.70761489868164,19.4169864654541,19.25977897644043,19.270326614379883,19.336225509643555,19.4406681060791,19.476116180419922,19.42644691467285,19.301939010620117,19.12099266052246,18.938756942749023,18.791223526000977,18.693607330322266,18.669279098510742,18.676668167114258,18.720077514648438,18.742692947387695,18.75254249572754
null,null,null,null,null,null,null,null,null,null,null,null,null,22.43376350402832,22.279470443725586,21.971803665161133,21.574846267700195,21.223255157470703,20.981985092163086,20.746578216552734,20.5589542388916,20.376983642578125,20.23253059387207,20.113691329956055,20.03912353515625,20.03205108642578,20.092790603637695,20.117210388183594,20.103607177734375,19.985698699951172,19.78447914123535,19.668716430664062,19.65892791748047,19.669471740722656,19.701988220214844,19.677806854248047,19.600675582885742,19.489885330200195,19.35926055908203,19.238054275512695,19.14191436767578,19.100894927978516,19.1195011138916,19.1650333404541,19.22907829284668,19.264076232910156,19.284225463867188
null,null,null,null,null,null,null,null,null,null,null,null,null,22.874256134033203,22.541810989379883,22.125511169433594,21.695789337158203,21.363182067871094,21.182544708251953,20.99386215209961,20.826711654663086,20.67764663696289,20.57203483581543,20.494543075561523,20.460851669311523,20.46706771850586,20.51262664794922,20.513168334960938,20.464914321899414,20.367334365844727,20.23627281188965,20.139726638793945,20.09375762939453,20.075719833374023,20.083728790283203,20.08301544189453,20.071880340576172,20.048152923583984,20.019800186157227,19.97688102722168,19.932361602783203,19.90882682800293,19.915771484375,19.93459701538086,19.966289520263672,19.982784271240234,20.001298904418945
null,null,null,null,null,null,null,null,null,null,null,null,null,23.18116569519043,22.698575973510742,22.196800231933594,21.76418685913086,21.475311279296875,21.38728904724121,21.266151428222656,21.139530181884766,21.03099822998047,20.963239669799805,20.920093536376953,20.91075897216797,20.927772521972656,20.968441009521484,20.9613037109375,20.90860366821289,20.839710235595703,20.76949691772461,20.69873809814453,20.642324447631836,20.618410110473633,20.632946014404297,20.66375732421875,20.707721710205078,20.75499725341797,20.799650192260742,20.81228256225586,20.79181480407715,20.762807846069336,20.72826385498047,20.700971603393555,20.681615829467773,20.672134399414062,20.684785842895508
null,null,null,null,null,null,null,null,null,null,null,null,null,23.33100700378418,22.819425582885742,22.317169189453125,21.912748336791992,21.67993927001953,21.657169342041016,21.593963623046875,21.498647689819336,21.418928146362305,21.36788558959961,21.33402442932129,21.323450088500977,21.34383773803711,21.391372680664062,21.40015411376953,21.36711883544922,21.326719284057617,21.28432846069336,21.23467445373535,21.185611724853516,21.17284393310547,21.198606491088867,21.241785049438477,21.295135498046875,21.353422164916992,21.407047271728516,21.420717239379883,21.39301109313965,21.33877944946289,21.26943588256836,21.201913833618164,21.15030860900879,21.121475219726562,21.126880645751953
null,null,null,null,null,null,null,null,null,null,null,null,null,23.510087966918945,23.02194595336914,22.55060577392578,22.184579849243164,21.99468421936035,22.01934814453125,21.990968704223633,21.91787338256836,21.85369110107422,21.811500549316406,21.778213500976562,21.759931564331055,21.781532287597656,21.839195251464844,21.86412239074707,21.853246688842773,21.834571838378906,21.81346893310547,21.77671241760254,21.732158660888672,21.720354080200195,21.743532180786133,21.780067443847656,21.822711944580078,21.870038986206055,21.912445068359375,21.914438247680664,21.874595642089844,21.80327033996582,21.71187400817871,21.62432098388672,21.554706573486328,21.516870498657227,21.517820358276367
