earth/public/data/ocean/W07/ANN-votemper-depthz-3000m-gfs-1.0.json
{"header": {"discipline": 0, "disciplineName": "Meteorological products", "gribEdition": 2, "gribLength": 131138.0, "center": 0, "centerName": "Kiel Climate Model", "subcenter": 0, "refTime": "1", "significanceOfRT": 1, "significanceOfRTName": "Start of forecast", "productStatus": 0, "productStatusName": "Operational products", "productType": 1, "productTypeName": "Forecast products", "productDefinitionTemplate": 0, "productDefinitionTemplateName": "Analysis/forecast at horizontal level/layer at a point in time", "parameterCategory": 2, "parameterCategoryName": "Momentum", "parameterNumber": 2, "parameterNumberName": "U-component_of_wind", "parameterUnit": "C", "genProcessType": 2, "genProcessTypeName": "Forecast", "forecastTime": 0, "surface1Type": 103, "surface1TypeName": "Specified height level above ground", "surface1Value": 10, "surface2Type": 255, "surface2TypeName": "Missing", "surface2Value": 0, "gridDefinitionTemplate": 0, "gridDefinitionTemplateName": "Latitude_Longitude", "numberPoints": 65160, "shape": 6, "shapeName": "Earth spherical with radius of 6,371,229.0 m", "gridUnits": "degrees", "resolution": 48, "winds": "true", "scanMode": 0, "nx": 360.0, "ny": 180.0, "basicAngle": 0, "subDivisions": 0, "lo1": 0.0, "la1": -89.5, "lo2": 359.0, "la2": 89.5, "dx": 1.0, "dy": -1.0}, "data":
[rows 88 to 109 of 180, columns 250 to 299 of 360]
1.2824385166168213,1.2829234600067139,1.28328275680542,1.2837305068969727,1.2841813564300537,1.284311294555664,1.2840937376022339,1.2827954292297363,1.280678629875183,1.279659628868103,1.2796586751937866,1.279247522354126,1.2791650295257568,1.2796063423156738,1.2800958156585693,1.2805532217025757,1.2812186479568481,1.2821354866027832,1.2833213806152344,null,null,null,null,null,null,null,null,null,null,null,null,null,null,null,null,null,null,null,null,null,null,null,null,null,null,null,null,null,null,null
1.2779780626296997,1.2782174348831177,1.2781620025634766,1.2780570983886719,1.2779055833816528,1.2773023843765259,1.2763416767120361,1.2750898599624634,1.2737352848052979,1.2738709449768066,1.2756597995758057,1.2768830060958862,1.2774617671966553,1.278181552886963,1.27898371219635,1.2797534465789795,1.2825392484664917,null,null,null,null,null,null,1.4096077680587769,1.410017728805542,null,null,null,null,null,null,null,null,null,null,null,null,null,null,null,null,null,null,null,null,null,null,null,null,null
1.2781562805175781,1.2783678770065308,1.278340458869934,1.2780287265777588,1.2774680852890015,1.2766680717468262,1.275721788406372,1.2749780416488647,1.2745413780212402,1.275364875793457,1.2779453992843628,1.280137062072754,1.280996561050415,1.2814339399337769,1.2834895849227905,1.286586880683899,1.291056752204895,1.2998571395874023,1.308067798614502,null,null,null,null,1.4130080938339233,1.4125175476074219,1.413163185119629,1.413919448852539,1.4144854545593262,1.4147751331329346,null,null,null,null,null,null,null,null,null,null,null,null,null,null,null,null,null,null,null,null,null
1.2811037302017212,1.2814877033233643,1.281835675239563,1.2816964387893677,1.281089425086975,1.2807477712631226,1.280737042427063,1.2808400392532349,1.2810766696929932,1.2820533514022827,1.2847610712051392,1.2876635789871216,1.2892712354660034,1.2900645732879639,1.2946451902389526,1.3022948503494263,1.306577444076538,null,null,null,null,1.4211053848266602,1.4186139106750488,1.4160699844360352,1.415089726448059,1.4147676229476929,1.414834976196289,1.415234088897705,1.4156237840652466,null,null,null,null,null,null,null,null,null,null,null,null,null,null,null,null,null,null,null,null,null
1.2851605415344238,1.2857975959777832,1.2866179943084717,1.2868236303329468,1.2863816022872925,1.2866321802139282,1.2875561714172363,1.288179636001587,1.2884047031402588,1.2890396118164062,1.2910860776901245,1.2937567234039307,1.295783281326294,1.2975059747695923,1.3034390211105347,1.3126935958862305,1.3181090354919434,null,null,null,null,null,null,1.4171361923217773,1.4166038036346436,1.4163392782211304,1.4162085056304932,1.416277289390564,1.4166017770767212,1.4171137809753418,null,null,null,null,null,null,null,null,null,null,null,null,null,null,null,null,null,null,null,null
1.2888174057006836,1.289670467376709,1.2907568216323853,1.2913213968276978,1.291257381439209,1.2920175790786743,1.2934292554855347,1.29438054561615,1.294663429260254,1.295021653175354,1.295912265777588,1.297028660774231,1.2984625101089478,1.3000521659851074,1.3044570684432983,1.3108816146850586,1.3148611783981323,1.3162620067596436,1.316522479057312,null,null,null,null,1.4172636270523071,1.4173704385757446,1.4175256490707397,1.4176926612854004,null,null,1.4180951118469238,1.418079137802124,null,null,null,null,null,null,null,null,null,null,null,null,null,null,null,null,null,null,null
1.291430950164795,1.2924531698226929,1.2935447692871094,1.2944023609161377,1.2948825359344482,1.2961965799331665,1.2981306314468384,1.2996251583099365,1.3004189729690552,1.3009016513824463,1.3009872436523438,1.301046371459961,1.3015867471694946,1.3025569915771484,1.3047192096710205,1.3075892925262451,1.3103253841400146,1.3122680187225342,1.313164472579956,1.3128279447555542,1.314269781112671,null,null,null,null,1.4185394048690796,1.4187390804290771,1.419062852859497,1.4193311929702759,1.4193131923675537,1.4194233417510986,null,null,null,null,null,null,null,null,null,null,null,null,null,null,null,null,null,null,null
1.2929503917694092,1.294161081314087,1.2952601909637451,1.2963694334030151,1.2972769737243652,1.299264669418335,1.3019462823867798,1.3040193319320679,1.3051191568374634,1.3057564496994019,1.3058193922042847,1.305822491645813,1.3061347007751465,1.3067429065704346,1.307723879814148,1.3088845014572144,1.310088872909546,1.3111084699630737,1.3121459484100342,1.3130097389221191,1.31560218334198,1.3206678628921509,1.3241019248962402,null,null,1.4191837310791016,1.4192062616348267,null,null,1.4203033447265625,1.4204314947128296,1.4205645322799683,1.4206712245941162,null,null,null,null,null,null,null,null,null,null,null,null,null,null,null,null,null
1.2936939001083374,1.2950953245162964,1.2963368892669678,1.2979261875152588,1.2995442152023315,1.302199363708496,1.3054265975952148,1.3076661825180054,1.3085424900054932,1.309168815612793,1.309366226196289,1.309415578842163,1.3094919919967651,1.3097292184829712,1.3102567195892334,1.3109840154647827,1.311848759651184,1.3126908540725708,1.313621163368225,1.314473032951355,1.31636381149292,1.3188214302062988,1.3207721710205078,null,null,null,null,null,null,1.421080470085144,1.421033263206482,null,null,null,null,null,null,null,null,null,null,null,null,null,null,null,null,null,null,null
1.2942204475402832,1.2957475185394287,1.2971792221069336,1.2993528842926025,1.3019177913665771,1.305068850517273,1.308254599571228,1.3103612661361694,1.3109866380691528,1.3115496635437012,1.3118504285812378,1.3118826150894165,1.311750888824463,1.3116810321807861,1.311916708946228,1.31239652633667,1.3130775690078735,1.3138267993927002,1.3146798610687256,1.315476417541504,1.3164492845535278,1.3174173831939697,1.319743275642395,1.323848843574524,1.3266748189926147,null,null,null,null,null,null,null,null,null,null,null,null,null,null,null,null,null,null,null,null,null,null,null,null,null
1.2946585416793823,1.2963428497314453,1.2980085611343384,1.300628662109375,1.3037035465240479,1.3069961071014404,1.3099079132080078,1.311830759048462,1.312423586845398,1.3130236864089966,1.3133597373962402,1.3133502006530762,1.3130676746368408,1.3128447532653809,1.3129109144210815,1.3132612705230713,1.3138420581817627,1.3145534992218018,1.3153440952301025,1.3160743713378906,1.316969871520996,1.3178753852844238,1.3205713033676147,1.3245742321014404,1.326772928237915,null,null,null,null,null,null,null,null,null,null,null,null,null,null,null,null,null,null,null,null,null,null,null,null,null
1.2951290607452393,1.2971389293670654,1.2992234230041504,1.302232265472412,1.3056212663650513,1.3089041709899902,1.3114852905273438,1.3132376670837402,1.3138457536697388,1.3144781589508057,1.314833402633667,1.3147754669189453,1.3144551515579224,1.3142151832580566,1.3141744136810303,1.3143377304077148,1.3147852420806885,1.31544029712677,1.3161499500274658,1.3167860507965088,1.3175450563430786,1.3182892799377441,1.32038414478302,1.3242597579956055,1.3269227743148804,null,null,null,null,null,null,null,null,null,null,null,null,null,null,null,null,null,null,null,null,null,null,null,null,null
1.295421838760376,1.2977726459503174,1.3002451658248901,1.3036302328109741,1.3073327541351318,1.3106008768081665,1.3128392696380615,1.314407229423523,1.3150080442428589,1.3156541585922241,1.3160500526428223,1.3160479068756104,1.3157540559768677,1.3155441284179688,1.3154088258743286,1.3153681755065918,1.3156628608703613,1.3162286281585693,1.3168531656265259,1.3174177408218384,1.318040370941162,1.3186001777648926,1.3196303844451904,null,null,null,null,null,null,5.799378395080566,5.799251556396484,5.799014568328857,5.798887729644775,null,null,null,null,null,null,null,null,null,null,null,null,null,null,null,null,null
1.2960255146026611,1.2985436916351318,1.3010350465774536,1.3045787811279297,1.3085267543792725,1.3118131160736084,1.3138362169265747,1.315198302268982,1.3156712055206299,1.3162219524383545,1.316635012626648,1.3166942596435547,1.316480040550232,1.316322922706604,1.3161675930023193,1.316041111946106,1.3162444829940796,1.316744089126587,1.3172658681869507,1.3177255392074585,1.3181710243225098,1.3186274766921997,null,null,null,null,null,null,null,5.79943323135376,5.799318790435791,5.799107551574707,5.798999786376953,null,null,null,null,null,null,null,null,null,null,null,null,null,null,null,null,null
1.2985384464263916,1.3011897802352905,1.303425669670105,1.3067290782928467,1.310545802116394,1.3135143518447876,1.3151540756225586,1.316201090812683,1.3164608478546143,1.3168710470199585,1.3172616958618164,1.3173751831054688,1.317223310470581,1.3170981407165527,1.3169448375701904,1.3167946338653564,1.3168511390686035,1.317179560661316,1.3175759315490723,1.3178926706314087,1.318171501159668,null,null,null,null,null,null,null,null,5.799516677856445,5.799393653869629,5.799219608306885,5.79907751083374,5.798935413360596,5.79865026473999,5.798314094543457,5.797780990600586,null,null,null,null,null,null,5.787534713745117,5.787367820739746,null,null,null,null,null
1.3017551898956299,1.3045731782913208,1.3065992593765259,1.309458613395691,1.3125890493392944,1.3149808645248413,1.316144347190857,1.316895604133606,1.3170830011367798,1.3174189329147339,1.317813515663147,1.3179954290390015,1.317887783050537,1.317745327949524,1.3175798654556274,1.3174192905426025,1.3173702955245972,null,null,null,null,null,null,null,null,null,null,null,null,null,null,5.799209117889404,5.799012660980225,5.7987141609191895,5.798332691192627,5.797926425933838,5.797155380249023,5.7959065437316895,5.794344902038574,5.793039798736572,5.791432857513428,5.789723873138428,5.788331508636475,5.7876296043396,5.787323951721191,null,null,null,null,null
1.3045427799224854,1.307416319847107,1.3093758821487427,1.311723232269287,1.3140664100646973,1.315786600112915,1.3166180849075317,1.3171813488006592,1.317387580871582,1.3177032470703125,1.3182092905044556,1.318632960319519,1.3185679912567139,null,null,null,null,null,null,null,null,null,null,null,null,null,null,null,null,null,null,5.799132347106934,5.798917293548584,5.798599720001221,5.798030376434326,5.797269344329834,5.796320915222168,5.7953691482543945,5.794183731079102,5.792958736419678,5.791450500488281,5.789915084838867,5.788571357727051,5.7876667976379395,5.786819934844971,null,null,null,null,null
1.3069920539855957,1.3098224401474,1.3117586374282837,1.3137208223342896,1.315317153930664,1.3165215253829956,1.3170679807662964,1.3174848556518555,1.3176828622817993,1.3179491758346558,1.318604826927185,1.3194642066955566,1.319669246673584,null,null,null,null,null,null,null,null,null,null,null,null,null,null,null,null,null,null,null,null,5.7986931800842285,5.797905445098877,5.796525001525879,5.795445442199707,5.794851303100586,5.793903827667236,5.792797088623047,5.791494369506836,5.790250778198242,5.7888712882995605,5.78760290145874,5.786168575286865,5.78446102142334,5.783284664154053,null,null,4.0843892097473145
1.3087584972381592,1.3114687204360962,1.3134864568710327,1.3151931762695312,1.3162822723388672,1.317012906074524,1.317277193069458,1.317527174949646,1.3177769184112549,1.318080186843872,1.318830966949463,1.3199169635772705,1.3204278945922852,null,null,null,null,null,null,null,null,null,null,null,null,null,null,null,null,null,null,null,null,5.798750877380371,5.797834873199463,5.796117782592773,5.795044422149658,5.794798374176025,5.794101715087891,5.793017864227295,5.79197883605957,5.7911529541015625,5.789895534515381,5.7880635261535645,5.785877704620361,5.784186363220215,5.783284664154053,null,null,4.07264518737793
1.3094953298568726,1.3120485544204712,1.3142527341842651,1.3159188032150269,1.3167401552200317,1.3171970844268799,1.3171818256378174,1.3172467947006226,null,null,null,null,null,null,null,null,null,null,null,null,null,null,null,null,null,6.060866355895996,6.061110019683838,6.061366558074951,6.0615034103393555,null,null,null,null,null,null,null,null,5.795363426208496,5.794739246368408,5.793582916259766,5.792778968811035,5.792496204376221,5.791849136352539,null,null,null,null,null,null,4.050624847412109
1.3105064630508423,1.3128106594085693,1.3149207830429077,1.3165653944015503,1.3174450397491455,1.3177498579025269,1.3173457384109497,1.3170511722564697,null,null,null,null,null,null,null,null,null,null,null,null,null,null,null,null,null,6.060519695281982,6.060758590698242,6.061015605926514,6.061042785644531,null,null,null,null,null,null,null,null,5.7957444190979,5.795097827911377,5.793885707855225,5.7932329177856445,5.7932209968566895,5.621102809906006,null,null,null,null,null,null,4.039665222167969
1.3115788698196411,1.3136252164840698,1.31536066532135,1.3170101642608643,1.3182740211486816,1.3187987804412842,null,null,null,null,null,null,null,null,null,null,null,null,null,null,null,null,null,null,null,6.059889793395996,6.060115814208984,6.06038236618042,6.0603766441345215,6.060044765472412,6.0596232414245605,6.059279918670654,6.05908203125,6.059055805206299,6.059041500091553,null,null,null,null,null,null,null,null,4.473689079284668,4.287033557891846,4.259763717651367,4.2298808097839355,4.2011189460754395,4.1260762214660645,4.038492679595947
