earth/public/data/ocean/W07/ANN-votemper-depthz-2000m-gfs-1.0.json
{"header": {"discipline": 0, "disciplineName": "Meteorological products", "gribEdition": 2, "gribLength": 131138.0, "center": 0, "centerName": "Kiel Climate Model", "subcenter": 0, "refTime": "1", "significanceOfRT": 1, "significanceOfRTName": "Start of forecast", "productStatus": 0, "productStatusName": "Operational products", "productType": 1, "productTypeName": "Forecast products", "productDefinitionTemplate": 0, "productDefinitionTemplateName": "Analysis/forecast at horizontal level/layer at a point in time", "parameterCategory": 2, "parameterCategoryName": "Momentum", "parameterNumber": 2, "parameterNumberName": "U-component_of_wind", "parameterUnit": "C", "genProcessType": 2, "genProcessTypeName": "Forecast", "forecastTime": 0, "surface1Type": 103, "surface1TypeName": "Specified height level above ground", "surface1Value": 10, "surface2Type": 255, "surface2TypeName": "Missing", "surface2Value": 0, "gridDefinitionTemplate": 0, "gridDefinitionTemplateName": "Latitude_Longitude", "numberPoints": 65160, "shape": 6, "shapeName": "Earth spherical with radius of 6,371,229.0 m", "gridUnits": "degrees", "resolution": 48, "winds": "true", "scanMode": 0, "nx": 360.0, "ny": 180.0, "basicAngle": 0, "subDivisions": 0, "lo1": 0.0, "la1": -89.5, "lo2": 359.0, "la2": 89.5, "dx": 1.0, "dy": -1.0}, "data":
[rows 66 to 87 of 180, columns 196 to 244 of 360]
1.4790606498718262,1.4785584211349487,1.4783236980438232,1.4781404733657837,1.4780477285385132,1.4780223369598389,1.4780656099319458,1.4782980680465698,1.4786738157272339,1.4791160821914673,1.479547142982483,1.4799057245254517,1.480135440826416,1.4801888465881348,1.480068564414978,1.479766607284546,1.4793479442596436,1.478714942932129,1.4779928922653198,1.4771631956100464,1.4763929843902588,1.4756861925125122,1.4751862287521362,1.4747445583343506,1.4744510650634766,1.474130392074585,1.4738507270812988,1.4735275506973267,1.4732303619384766,1.472983479499817,1.4728444814682007,1.4725743532180786,1.47223699092865,1.4715784788131714,1.470727562904358,1.469775676727295,1.4688973426818848,1.4680286645889282,1.467328429222107,1.4665091037750244,1.4657230377197266,1.464748501777649,1.4637680053710938,1.4626247882843018,1.4615364074707031,1.460216760635376,1.458923101425171,1.4573842287063599,1.4559004306793213
1.475250244140625,1.474890112876892,1.4747283458709717,1.4745599031448364,1.4744185209274292,1.474305510520935,1.474251389503479,1.4743942022323608,1.4747178554534912,1.4751654863357544,1.4756578207015991,1.476137399673462,1.4765076637268066,1.476757287979126,1.4768234491348267,1.4767104387283325,1.476420283317566,1.475935697555542,1.475332498550415,1.474662184715271,1.4740389585494995,1.473483920097351,1.4730900526046753,1.4727574586868286,1.4725395441055298,1.4723173379898071,1.4721261262893677,1.4719096422195435,1.4717020988464355,1.471573829650879,1.4715430736541748,1.471388578414917,1.4711356163024902,1.4705185890197754,1.4696526527404785,1.4686616659164429,1.4677335023880005,1.4668457508087158,1.4661636352539062,1.4654126167297363,1.4647222757339478,1.463881254196167,1.4630275964736938,1.4620593786239624,1.4611361026763916,1.460052490234375,1.4589871168136597,1.4577277898788452,1.4564815759658813
1.4723654985427856,1.4720094203948975,1.4718379974365234,1.4716042280197144,1.4713518619537354,1.4710952043533325,1.4708762168884277,1.4708614349365234,1.471050500869751,1.4714571237564087,1.4720083475112915,1.4726407527923584,1.4732414484024048,1.4737770557403564,1.4741533994674683,1.474337100982666,1.4742990732192993,1.4740022420883179,1.4735047817230225,1.4729071855545044,1.472327470779419,1.4718389511108398,1.471541404724121,1.4713181257247925,1.4712120294570923,1.4711054563522339,1.4710137844085693,1.4708800315856934,1.4707305431365967,1.4706085920333862,1.470549464225769,1.4703327417373657,1.4700143337249756,1.4693071842193604,1.4683457612991333,1.4672667980194092,1.4662599563598633,1.4653730392456055,1.4647578001022339,1.4641624689102173,1.4636905193328857,1.4630976915359497,1.4624937772750854,1.4617767333984375,1.461082935333252,1.4602941274642944,1.459558129310608,1.4586867094039917,1.457837462425232
1.4701765775680542,1.469771146774292,1.4695502519607544,1.4692455530166626,1.4689077138900757,1.4685289859771729,1.4681732654571533,1.4680134057998657,1.4680715799331665,1.468432903289795,1.4690287113189697,1.4698044061660767,1.4706262350082397,1.4714324474334717,1.4720906019210815,1.4725524187088013,1.472748041152954,1.4726197719573975,1.472198724746704,1.4716328382492065,1.471023440361023,1.4705525636672974,1.4703028202056885,1.4701787233352661,1.4702075719833374,1.4702348709106445,1.4702649116516113,1.4702054262161255,1.470070719718933,1.4698967933654785,1.4697076082229614,1.4693565368652344,1.4688936471939087,1.4680702686309814,1.4670274257659912,1.4658896923065186,1.4648633003234863,1.4640196561813354,1.4635183811187744,1.4631001949310303,1.4628533124923706,1.4625003337860107,1.4621186256408691,1.461625337600708,1.4611207246780396,1.4606060981750488,1.4601891040802002,1.4597090482711792,1.4592758417129517
1.4696444272994995,1.4691224098205566,1.4688544273376465,1.468545913696289,1.468248963356018,1.4678910970687866,1.4675291776657104,1.46732497215271,1.467315435409546,1.4676353931427002,1.4682300090789795,1.4690607786178589,1.4699755907058716,1.4709216356277466,1.4717198610305786,1.472336769104004,1.4726510047912598,1.4725672006607056,1.4721016883850098,1.4714257717132568,1.470677375793457,1.4701610803604126,1.4699745178222656,1.4699766635894775,1.4701526165008545,1.4702900648117065,1.4703565835952759,1.4702353477478027,1.4699612855911255,1.4695698022842407,1.469157099723816,1.4685947895050049,1.468003273010254,1.4671411514282227,1.4661622047424316,1.465133547782898,1.4642248153686523,1.4635220766067505,1.4631378650665283,1.4628527164459229,1.4627100229263306,1.4624664783477783,1.4621624946594238,1.4617608785629272,1.4613311290740967,1.460971474647522,1.4607378244400024,1.460516333580017,1.4603304862976074
1.4695218801498413,1.4688867330551147,1.4685839414596558,1.4683188199996948,1.4681435823440552,1.4678765535354614,1.4675745964050293,1.4673752784729004,1.4673150777816772,1.4675984382629395,1.468170404434204,1.4690122604370117,1.469972014427185,1.4709962606430054,1.4719057083129883,1.4726250171661377,1.4730327129364014,1.472935438156128,1.4723498821258545,1.471509337425232,1.4705517292022705,1.4699941873550415,1.4699344635009766,1.4700943231582642,1.470458984375,1.4706794023513794,1.4707229137420654,1.4704604148864746,1.4699267148971558,1.469259262084961,1.4685543775558472,1.4677917957305908,1.4670919179916382,1.4662621021270752,1.4654561281204224,1.464618444442749,1.4639188051223755,1.4633841514587402,1.4631268978118896,1.4629322290420532,1.4628437757492065,1.4626402854919434,1.4623624086380005,1.4619991779327393,1.4616199731826782,1.4613664150238037,1.4612940549850464,1.461255431175232,1.461274266242981
1.4695261716842651,1.4687901735305786,1.4684677124023438,1.4682939052581787,1.4682903289794922,1.468211054801941,1.4680501222610474,1.4679152965545654,1.4678215980529785,1.4680548906326294,1.4685770273208618,1.469376802444458,1.4703162908554077,1.4713404178619385,1.4722700119018555,1.4729610681533813,1.4733015298843384,1.4732065200805664,1.4725706577301025,1.4712032079696655,1.4698742628097534,1.4693922996520996,1.4695764780044556,1.47001051902771,1.470588207244873,1.4709060192108154,1.4708987474441528,1.4704629182815552,1.469691276550293,1.4687597751617432,1.4678528308868408,1.4669687747955322,1.466268539428711,1.465572476387024,1.4649895429611206,1.4644051790237427,1.4639043807983398,1.4635279178619385,1.4633355140686035,1.4631718397140503,1.463070273399353,1.4628486633300781,1.46255362033844,1.4621933698654175,1.4618364572525024,1.4616643190383911,1.4617055654525757,1.4618412256240845,1.4620369672775269
1.469643235206604,1.4688516855239868,1.4685254096984863,1.4684603214263916,1.46867835521698,1.4688208103179932,1.4688822031021118,1.4688501358032227,1.4687398672103882,1.4689263105392456,1.4693713188171387,1.4700899124145508,1.4709439277648926,1.4718897342681885,1.4727482795715332,1.473289966583252,1.4734026193618774,1.473352313041687,null,null,1.4684947729110718,1.4684425592422485,1.4689879417419434,1.4697211980819702,1.470536231994629,1.470933198928833,1.470847249031067,1.470263957977295,1.4692760705947876,1.468180537223816,1.4671615362167358,1.4662753343582153,1.4656827449798584,1.465177059173584,1.4648675918579102,1.4645142555236816,1.4642024040222168,1.4639215469360352,1.4637316465377808,1.463529109954834,1.4633471965789795,1.46305513381958,1.4626998901367188,1.4623063802719116,1.4619431495666504,1.4618008136749268,1.4619078636169434,1.462151050567627,1.4624959230422974
1.4700051546096802,1.4691998958587646,1.4688657522201538,1.4688975811004639,1.4692851305007935,1.4696720838546753,1.4699715375900269,1.4700837135314941,1.4699758291244507,1.4701085090637207,1.4704614877700806,1.471052885055542,1.4717872142791748,1.4725534915924072,1.4732327461242676,1.4734958410263062,1.4733234643936157,1.4728633165359497,null,null,1.4678807258605957,1.4681174755096436,1.468769907951355,1.4696143865585327,1.4705077409744263,1.4709184169769287,1.4707766771316528,1.470106840133667,1.4690301418304443,1.4678767919540405,1.4668505191802979,1.4660390615463257,1.465578317642212,1.4652700424194336,1.4651576280593872,1.4649813175201416,1.4647672176361084,1.464508295059204,1.4642568826675415,1.4639486074447632,1.4636518955230713,1.4632408618927002,1.4628018140792847,1.4623308181762695,1.4619224071502686,1.4617520570755005,1.4618576765060425,1.4621784687042236,1.4626542329788208
1.4705448150634766,1.4697721004486084,1.4694262742996216,1.4695110321044922,1.4700157642364502,1.4705884456634521,1.4711416959762573,1.4713915586471558,1.471305012702942,1.4713947772979736,1.4716408252716064,1.4721016883850098,1.472681999206543,1.4732275009155273,1.473618984222412,1.473567008972168,1.4730525016784668,1.4720288515090942,1.4703201055526733,1.4688276052474976,1.4683834314346313,1.4684664011001587,1.4689717292785645,1.4697024822235107,1.470515251159668,1.4708693027496338,1.4706950187683105,1.4700281620025635,1.4689899682998657,1.4679046869277954,1.4669758081436157,1.4662909507751465,1.4659863710403442,1.4658164978027344,1.465824842453003,1.465712308883667,1.4655053615570068,1.4651870727539062,1.4648100137710571,1.4643642902374268,1.4639185667037964,1.4633793830871582,1.4628331661224365,1.4622665643692017,1.4617738723754883,1.461526870727539,1.4615637063980103,1.4619065523147583,1.462494969367981
1.4714823961257935,1.4708162546157837,1.4704933166503906,1.4706189632415771,1.471168875694275,1.4718577861785889,1.4725598096847534,1.4729028940200806,1.4728230237960815,1.4728602170944214,1.4730117321014404,1.4733331203460693,1.4737751483917236,1.4740941524505615,1.4742463827133179,1.4739707708358765,1.4733227491378784,1.4722014665603638,1.470788598060608,1.4698268175125122,1.469473123550415,1.4694850444793701,1.4698659181594849,1.4704530239105225,1.4711508750915527,1.4714100360870361,1.471192717552185,1.4705424308776855,1.4695754051208496,1.468597412109375,1.4677762985229492,1.4672129154205322,1.4670026302337646,1.4669069051742554,1.4669442176818848,1.4668177366256714,1.4665582180023193,1.4661294221878052,1.4656206369400024,1.465012788772583,1.4644286632537842,1.4637447595596313,1.4630956649780273,1.4624146223068237,1.4618338346481323,1.4614700078964233,1.461400032043457,1.4617003202438354,1.462324857711792
1.4733999967575073,1.4729831218719482,1.4727933406829834,1.4729712009429932,1.4734803438186646,1.4741322994232178,1.4748162031173706,1.4751297235488892,1.4750245809555054,1.4750064611434937,1.4750760793685913,1.4752788543701172,1.4755710363388062,1.4757039546966553,1.475643515586853,1.4753092527389526,1.4747568368911743,1.4739333391189575,1.4730019569396973,1.472312092781067,1.4719949960708618,1.4719929695129395,1.4722938537597656,1.4727632999420166,1.4733033180236816,1.4734668731689453,1.4732141494750977,1.472627878189087,1.4718111753463745,1.471004605293274,1.4703558683395386,1.4698914289474487,1.4696991443634033,1.4695391654968262,1.4694467782974243,1.469155192375183,1.4687212705612183,1.4681062698364258,1.4674201011657715,1.466636300086975,1.4658918380737305,1.4650580883026123,1.4642817974090576,1.4634772539138794,1.4627865552902222,1.462262749671936,1.4619964361190796,1.4621095657348633,1.4625872373580933
1.4753944873809814,1.4752384424209595,1.4752284288406372,1.4754772186279297,1.4759453535079956,1.4765268564224243,1.4771093130111694,1.4773544073104858,1.4772104024887085,1.4771479368209839,1.4771766662597656,1.4772907495498657,1.4774668216705322,1.4774566888809204,1.4772576093673706,1.4768872261047363,1.4764127731323242,1.475827932357788,1.4752475023269653,1.4748035669326782,1.4745885133743286,1.4746277332305908,1.4749213457107544,1.4753285646438599,1.4757767915725708,1.4758892059326172,1.4756463766098022,1.4751403331756592,1.4744690656661987,1.473829984664917,1.4733482599258423,1.4729684591293335,1.472763180732727,1.472512125968933,1.4722535610198975,1.4717799425125122,1.4711655378341675,1.4703737497329712,1.4695392847061157,1.4686037302017212,1.4677305221557617,1.4667675495147705,1.4658842086791992,1.4649755954742432,1.4642025232315063,1.4635382890701294,1.4630972146987915,1.4629970788955688,1.4632418155670166
1.4768010377883911,1.4768060445785522,1.4769253730773926,1.4772446155548096,1.4777007102966309,1.4782111644744873,1.4786869287490845,1.4788694381713867,1.4787280559539795,1.478695273399353,1.4787712097167969,1.4788967370986938,1.4790446758270264,1.4790164232254028,1.4788155555725098,1.4784942865371704,1.4781033992767334,1.477668285369873,1.4772539138793945,1.4769680500030518,1.4768507480621338,1.4769428968429565,1.477226972579956,1.477607250213623,1.4780199527740479,1.4781608581542969,1.4780007600784302,1.4776298999786377,1.4771009683609009,1.4766157865524292,1.4762483835220337,1.4759209156036377,1.4756888151168823,1.4753470420837402,1.474963903427124,1.474353551864624,1.4736359119415283,1.472747802734375,1.4718561172485352,1.470857858657837,1.4699374437332153,1.4689167737960815,1.467984676361084,1.4670203924179077,1.466203212738037,1.4654436111450195,1.4648877382278442,1.4645540714263916,1.4645243883132935
1.4786893129348755,1.4788051843643188,1.4790197610855103,1.4793773889541626,1.479820728302002,1.4802846908569336,1.4806814193725586,1.4808903932571411,1.4808636903762817,1.4809821844100952,1.481217861175537,1.481439232826233,1.4816029071807861,1.4816299676895142,1.4815117120742798,1.4813400506973267,1.4811434745788574,1.4809503555297852,1.4807969331741333,1.4807229042053223,1.4807419776916504,1.4808764457702637,1.48109769821167,1.4814200401306152,1.4817793369293213,1.4820051193237305,1.4820524454116821,1.4819457530975342,1.4817030429840088,1.4814506769180298,1.4812371730804443,1.4809712171554565,1.4807034730911255,1.4802709817886353,1.479749321937561,1.4790202379226685,1.478210687637329,1.4772529602050781,1.4763175249099731,1.4752684831619263,1.4742964506149292,1.473204493522644,1.472193717956543,1.4711159467697144,1.4701732397079468,1.46920907497406,1.4684081077575684,1.4676589965820312,1.4671047925949097
1.4805794954299927,1.4807789325714111,1.4810224771499634,1.4813846349716187,1.4817970991134644,1.4822298288345337,1.4826034307479858,1.482883334159851,1.483026385307312,1.4833253622055054,1.483738660812378,1.4840704202651978,1.4842678308486938,1.484366774559021,1.4843546152114868,1.4843432903289795,1.4843449592590332,1.4843889474868774,1.4844801425933838,1.4846155643463135,1.484782338142395,1.4849755764007568,1.4851652383804321,1.4854527711868286,1.4857861995697021,1.486113429069519,1.486382246017456,1.486545205116272,1.4865882396697998,1.4865580797195435,1.4864717721939087,1.4862568378448486,1.4859544038772583,1.4854446649551392,1.4848169088363647,1.483994722366333,1.4831243753433228,1.482113003730774,1.4811427593231201,1.4800437688827515,1.479013204574585,1.477839708328247,1.4767310619354248,1.4755131006240845,1.474396824836731,1.4731872081756592,1.4720865488052368,1.4708921909332275,1.4697933197021484
1.4819220304489136,1.4821300506591797,1.4823030233383179,1.4825985431671143,1.4829703569412231,1.483420968055725,1.4838652610778809,1.4842946529388428,1.4846162796020508,1.4850910902023315,1.4856187105178833,1.4860529899597168,1.48630690574646,1.486501932144165,1.48659348487854,1.486731767654419,1.486878752708435,1.487099289894104,1.4873394966125488,1.4876364469528198,1.4879231452941895,1.4882217645645142,1.4884668588638306,1.4888057708740234,1.4891691207885742,1.4895784854888916,1.4899543523788452,1.4902467727661133,1.49039888381958,1.4904526472091675,1.4903970956802368,1.490188717842102,1.4898661375045776,1.4893302917480469,1.4886794090270996,1.4878418445587158,1.486968994140625,1.485944390296936,1.484954595565796,1.483806848526001,1.482714295387268,1.4814391136169434,1.4802229404449463,1.4788275957107544,1.4775233268737793,1.4760380983352661,1.4746662378311157,1.4730918407440186,1.4716309309005737
1.4836937189102173,1.4838762283325195,1.4838929176330566,1.4840906858444214,1.4844286441802979,1.4849692583084106,1.4856091737747192,1.4862977266311646,1.486910104751587,1.487606167793274,1.4882628917694092,1.4888373613357544,1.4892252683639526,1.4895954132080078,1.4898782968521118,1.4902360439300537,1.490604043006897,1.4910454750061035,1.4914833307266235,1.4919795989990234,1.492447853088379,1.4929291009902954,1.4933381080627441,1.4938105344772339,1.4942609071731567,1.4947330951690674,1.4951456785202026,1.495456337928772,1.4956161975860596,1.4956623315811157,1.4955904483795166,1.4953608512878418,1.4950158596038818,1.4944733381271362,1.4938310384750366,1.4930076599121094,1.4921529293060303,1.4911142587661743,1.4900819063186646,1.4888386726379395,1.4876126050949097,1.4861444234848022,1.4847040176391602,1.4829983711242676,1.4813404083251953,1.4794214963912964,1.4775912761688232,1.4755109548568726,1.4735560417175293
1.4857234954833984,1.4858814477920532,1.4857914447784424,1.485967755317688,1.4863682985305786,1.4870878458023071,1.4879939556121826,1.4889934062957764,1.4899109601974487,1.490850806236267,1.491646647453308,1.4924113750457764,1.4930061101913452,1.493632197380066,1.4941763877868652,1.4948127269744873,1.4954285621643066,1.4961167573928833,1.4967565536499023,1.4974586963653564,1.4981008768081665,1.4987651109695435,1.499338150024414,1.4999369382858276,1.5004607439041138,1.500954270362854,1.5013316869735718,1.5016047954559326,1.5017235279083252,1.5017300844192505,1.5016224384307861,1.5013588666915894,1.5009875297546387,1.500435471534729,1.499804139137268,1.4989874362945557,1.4981358051300049,1.4970523118972778,1.4959361553192139,1.494534969329834,1.4931048154830933,1.4913456439971924,1.489577293395996,1.4874310493469238,1.4852957725524902,1.4827977418899536,1.4803874492645264,1.477669596672058,1.4751330614089966
1.487594723701477,1.4877984523773193,1.4878493547439575,1.4882218837738037,1.4888378381729126,1.4897674322128296,1.4908450841903687,1.4920247793197632,1.493100881576538,1.4942033290863037,1.4951326847076416,1.4961050748825073,1.4969404935836792,1.4978289604187012,1.4986088275909424,1.4994529485702515,1.5002132654190063,1.501019835472107,1.5017348527908325,1.5024863481521606,1.5031486749649048,1.5038179159164429,1.5043846368789673,1.504944920539856,1.5054079294204712,1.5058009624481201,1.5060598850250244,1.5062192678451538,1.5062544345855713,1.506176471710205,1.5060032606124878,1.505675196647644,1.5052556991577148,1.5046610832214355,1.5040037631988525,1.503136157989502,1.5022214651107788,1.501014232635498,1.4997410774230957,1.4980967044830322,1.496388554573059,1.4942485094070435,1.492075800895691,1.4894195795059204,1.4867727756500244,1.4836821556091309,1.4807173013687134,1.4774088859558105,1.4743632078170776
1.489565134048462,1.4898724555969238,1.4902092218399048,1.4908421039581299,1.4916740655899048,1.4927195310592651,1.4937987327575684,1.495006799697876,1.4961261749267578,1.4973191022872925,1.49837327003479,1.4995167255401611,1.5005521774291992,1.501613736152649,1.50252103805542,1.5034393072128296,1.5042102336883545,1.5049878358840942,1.5056339502334595,1.5062834024429321,1.5068174600601196,1.5073336362838745,1.5077344179153442,1.5081186294555664,1.5084108114242554,1.5086334943771362,1.5087406635284424,1.5087652206420898,1.5086989402770996,1.5085198879241943,1.5082573890686035,1.5078458786010742,1.5073566436767578,1.5066906213760376,1.5059654712677002,1.5049986839294434,1.5039623975753784,1.5025771856307983,1.501089096069336,1.4991549253463745,1.4971174001693726,1.4945688247680664,1.4919592142105103,1.4888108968734741,1.4856778383255005,1.4820767641067505,1.478641152381897,1.4748680591583252,1.471422553062439
1.4915716648101807,1.4919068813323975,1.4923557043075562,1.493052363395691,1.493880271911621,1.494857668876648,1.4958139657974243,1.4969289302825928,1.4980058670043945,1.499168038368225,1.500213861465454,1.5013470649719238,1.5023747682571411,1.503387212753296,1.5042128562927246,1.5050113201141357,1.5056473016738892,1.506248116493225,1.5067126750946045,1.5071513652801514,1.5074909925460815,1.5077850818634033,1.5079851150512695,1.5081652402877808,1.5082952976226807,1.5083550214767456,1.5083343982696533,1.5082409381866455,1.5080910921096802,1.5078362226486206,1.507520318031311,1.507063388824463,1.506545066833496,1.505833625793457,1.5050557851791382,1.5039960145950317,1.5028464794158936,1.501287579536438,1.4996042251586914,1.497406005859375,1.4950945377349854,1.4922186136245728,1.4893008470535278,1.4858241081237793,1.4824156761169434,1.4785398244857788,1.4748929738998413,1.4709235429763794,1.4673430919647217
