earth/public/data/ocean/W07/ANN-ocevel-depthz-1000m-gfs-1.0.json
{"header": {"discipline": 0, "disciplineName": "Meteorological products", "gribEdition": 2, "gribLength": 131138.0, "center": 0, "centerName": "Kiel Climate Model", "subcenter": 0, "refTime": "1", "significanceOfRT": 1, "significanceOfRTName": "Start of forecast", "productStatus": 0, "productStatusName": "Operational products", "productType": 1, "productTypeName": "Forecast products", "productDefinitionTemplate": 0, "productDefinitionTemplateName": "Analysis/forecast at horizontal level/layer at a point in time", "parameterCategory": 2, "parameterCategoryName": "Momentum", "parameterNumber": 2, "parameterNumberName": "V-component_of_wind", "parameterUnit": "m/s", "genProcessType": 2, "genProcessTypeName": "Forecast", "forecastTime": 0, "surface1Type": 103, "surface1TypeName": "Specified height level above ground", "surface1Value": 10, "surface2Type": 255, "surface2TypeName": "Missing", "surface2Value": 0, "gridDefinitionTemplate": 0, "gridDefinitionTemplateName": "Latitude_Longitude", "numberPoints": 65160, "shape": 6, "shapeName": "Earth spherical with radius of 6,371,229.0 m", "gridUnits": "degrees", "resolution": 48, "winds": "true", "scanMode": 0, "nx": 360.0, "ny": 180.0, "basicAngle": 0, "subDivisions": 0, "lo1": 0.0, "la1": -89.5, "lo2": 359.0, "la2": 89.5, "dx": 1.0, "dy": -1.0}, "data":
[rows 120 to 139 of 180, columns 220 to 263 of 360]
-0.0004436840827111155,-0.0003477601276244968,-0.00026016563060693443,-0.00017933064373210073,-0.00012007547047687694,-3.343692878843285e-05,6.455661787185818e-05,0.00016777700511738658,0.0002581220760475844,0.00035628469777293503,0.00044671367504633963,0.000513235223479569,0.0005468360614031553,0.0005881045362912118,0.0006324534770101309,0.0006632339209318161,0.0006774576613679528,0.0007037680479697883,0.0007396705914288759,0.0006411203066818416,0.00041866503306664526,0.00019642914412543178,7.472108336514793e-06,-6.594636215595528e-05,null,null,null,null,null,null,null,null,null,null,null,null,null,null,null,null,null,null,null,null
-0.0005707313539460301,-0.00047626090236008167,-0.0003882655582856387,-0.0003148987889289856,-0.0002684915089048445,-0.00018962040485348552,-9.1724687081296e-05,1.6862353731994517e-05,0.0001162496700999327,0.00024683610536158085,0.0003822625149041414,0.000497979111969471,0.000568574236240238,0.000663507089484483,0.0007603023550473154,0.0008069704636000097,0.0007952273008413613,0.0008025724091567099,0.0008328331168740988,0.0007855774601921439,0.0006542551564052701,0.0004315609985496849,8.462391997454688e-05,-0.00016540565411560237,null,null,null,null,null,null,null,null,null,null,null,null,null,null,null,null,null,null,null,null
-0.0006713560433126986,-0.0005827494896948338,-0.0004995677736587822,-0.00043729477329179645,-0.0004082612576894462,-0.00033930104109458625,-0.00024385326832998544,-0.0001336388086201623,-2.8548707632580772e-05,0.00013081573706585914,0.00031809534993954003,0.00048190783127211034,0.0005968414479866624,0.000749138358514756,0.000916323100682348,0.0009607811225578189,0.0008742281934246421,0.0008247829391621053,0.0008162727463059127,0.0009355819202028215,0.0011761600617319345,0.0011751572601497173,null,null,null,null,null,null,null,null,null,null,null,null,null,null,null,null,null,null,null,null,null,null
-0.0007768443902023137,-0.0006951622199267149,-0.0006168793770484626,-0.000565539812669158,-0.0005498299724422395,-0.0004901726497337222,-0.00039690613630227745,-0.0002848022850230336,-0.00017438195936847478,1.8618080503074452e-05,0.00025662677944637835,0.00048576953122392297,0.0006588578689843416,0.0008911734912544489,0.0011335681192576885,0.0011683058692142367,0.000990342814475298,0.0008699825266376138,0.0008346906397491693,0.0009938506409525871,0.0014061643742024899,null,null,null,null,null,null,null,null,null,null,null,null,null,null,null,null,null,null,null,null,null,null,null
-0.0009101161849685013,-0.0008367698756046593,-0.0007669609622098505,-0.0007244342705234885,-0.0007173148915171623,-0.0006632778677158058,-0.0005726527306251228,-0.00045327868429012597,-0.00032759286114014685,-9.341508848592639e-05,0.00020705146016553044,0.00052549660904333,0.0008052270277403295,0.0011336542665958405,0.0014549260959029198,0.0014669066295027733,0.0011674738489091396,0.000972069101408124,0.0008987376932054758,0.0009448662749491632,null,null,null,null,null,null,null,null,null,null,null,null,null,null,null,null,null,null,null,null,null,null,null,null
-0.0010359660955145955,-0.0009704576223157346,-0.0009101204923354089,-0.0008746780222281814,-0.0008708293316885829,-0.0008201925083994865,-0.0007319782744161785,-0.0006021103472448885,-0.00045333008165471256,-0.00017962278798222542,0.00017135206144303083,0.0005737940082326531,0.0009588521788828075,0.0013663980644196272,0.0017253796104341745,0.0017143540317192674,0.0013339977012947202,0.001104176975786686,null,null,null,null,null,null,null,null,null,null,null,null,null,null,null,null,null,null,null,null,null,null,null,null,null,null
-0.0011093206703662872,-0.0010425657965242863,-0.0009837029501795769,-0.0009454989922232926,-0.0009355736547149718,-0.0008821532828733325,-0.0007953764288686216,-0.0006541000329889357,-0.0004848683311138302,-0.00018617327441461384,0.00018599641043692827,0.0006294705090112984,0.0010617206571623683,0.0014607416233047843,0.0017583228182047606,0.0016919062472879887,0.001280631753616035,0.0010552757885307074,null,null,null,null,null,null,null,null,null,null,null,null,null,null,null,null,null,null,null,null,null,null,null,null,null,null
-0.0011668374063447118,-0.001090664998628199,-0.0010229236213490367,-0.0009751912439242005,-0.0009557939483784139,-0.000898979720659554,-0.0008144573075696826,-0.0006610213313251734,-0.0004661247367039323,-0.00013733167725149542,0.0002654983545653522,0.0007408928941003978,0.0012026376789435744,0.0015197476604953408,0.0016354069812223315,0.0015332279726862907,0.0011442849645391107,0.0008789671119302511,null,null,null,null,null,null,null,null,null,null,null,null,null,null,null,null,null,null,null,null,null,null,null,null,null,null
-0.0011938585666939616,-0.0011081831762567163,-0.0010322238085791469,-0.000978609430603683,-0.0009564494248479605,-0.0008989741327241063,-0.00081682886229828,-0.0006531887920573354,-0.00043739346438087523,-7.815498975105584e-05,0.0003609700361266732,0.0008673115517012775,0.001350482809357345,0.0015819829422980547,0.0015145413344725966,0.0014126849127933383,null,null,null,null,null,null,null,null,null,null,null,null,null,null,null,null,null,null,null,null,null,null,null,null,null,null,null,null
-0.0011542710708454251,-0.0010652876226231456,-0.000993214314803481,-0.0009454889805056155,-0.0009304223931394517,-0.0008800693904049695,-0.0008027013973332942,-0.0006416655378416181,-0.00042543341987766325,-5.800408689538017e-05,0.00039433554047718644,0.0009080851450562477,0.0013903887011110783,0.0015626056119799614,0.0013972267042845488,null,null,null,null,null,null,null,null,null,null,null,null,null,null,null,null,null,null,null,null,null,null,null,null,null,null,null,null,null
-0.001082960399799049,-0.0009821901330724359,-0.0009163356153294444,-0.0008899786043912172,-0.0008955735829658806,-0.0008614879916422069,-0.0007938112830743194,-0.0006420178106054664,-0.0004344598564784974,-7.640053809154779e-05,0.00036709566484205425,0.0008650529780425131,0.0013278519036248326,0.0014610608341172338,0.0012362294364720583,null,null,null,null,null,null,null,null,null,null,null,null,null,null,null,null,null,null,null,null,null,null,null,null,null,null,null,null,null
-0.0009980007307603955,-0.0008956986712291837,-0.0008450408349744976,-0.0008427769062109292,-0.0008723613573238254,-0.0008550181519240141,-0.0007948924321681261,-0.0006490259547717869,-0.00044399412581697106,-9.546861110720783e-05,0.0003326266596559435,0.000810751342214644,0.0012505025370046496,0.0013633181806653738,0.00112911406904459,null,null,null,null,null,null,null,null,null,null,null,null,null,null,null,null,null,null,null,null,null,null,null,null,null,null,null,null,null
-0.0009048550273291767,-0.0008513950160704553,-0.0008272243430837989,-0.000841291737742722,-0.0008791026775725186,-0.0008625402115285397,-0.0007954891189001501,-0.0006392151699401438,-0.00042376286000944674,-7.414526044158265e-05,0.0003453496901784092,0.0008075578953139484,0.0012293820036575198,0.0013376176357269287,0.001113707316108048,null,null,null,null,null,null,null,null,null,null,null,null,null,null,null,null,null,null,null,null,null,null,null,null,null,null,null,null,null
-0.0008489589090459049,-0.0008575646206736565,-0.0008679157472215593,-0.000887892791070044,-0.0009148207609541714,-0.000869816925842315,-0.0007630438194610178,-0.0005620535812340677,-0.00030581551254726946,5.9818961744895205e-05,0.00046786703751422465,0.0009027495980262756,0.0012870297068729997,0.0013614563504233956,0.00111462885979563,null,null,null,null,null,null,null,null,null,null,null,null,null,null,null,null,null,null,null,null,null,null,null,null,null,null,null,null,null
-0.0008482804987579584,-0.0008943770662881434,-0.0009257243946194649,-0.0009473996469751,-0.0009551994153298438,-0.0008730419795028865,-0.0006907406495884061,-0.0003862217126879841,-3.541107798810117e-05,0.00033950217766687274,0.0006952044786885381,0.0010592984035611153,0.0013685089070349932,0.001396566047333181,0.0011355977039784193,null,null,null,null,null,null,null,null,null,null,null,null,null,null,null,null,null,null,null,null,null,null,null,null,null,null,null,null,null
-0.000876273144967854,-0.0009437823900952935,-0.0009826229652389884,-0.0009875803953036666,-0.0009600238408893347,-0.0008286277879960835,-0.0005847712745890021,-0.00018332416948396713,0.00024143255723174661,0.0006095055723562837,0.0008897337247617543,0.001176379737444222,0.0014118293765932322,0.0014131120406091213,0.0011760310735553503,null,null,null,null,null,null,null,null,null,null,null,null,null,null,null,null,null,null,null,null,null,null,null,null,null,null,null,null,null
-0.0008629276417195797,-0.0009506389033049345,-0.0009930048836395144,-0.0009605032973922789,-0.0008586641633883119,-0.0006586096133105457,-0.00037256028736010194,4.3495856516528875e-05,0.0004907248658128083,0.0008201025193557143,0.0009985187789425254,0.0012097087455913424,0.0014212100068107247,0.0014161361614242196,0.0011900881072506309,null,null,null,null,null,null,null,null,null,null,null,null,null,null,null,null,null,null,null,null,null,null,null,null,null,null,null,null,null
-0.0006426348118111491,-0.0007561490638181567,-0.000799742469098419,-0.0007297474658116698,-0.0005572570953518152,-0.00029156191158108413,2.0957018932676874e-05,0.00042933333315886557,0.0008636488928459585,0.001105666859075427,0.0011126038152724504,0.0012120853643864393,0.0013871205737814307,0.0013948720879852772,0.0011877764482051134,null,null,null,null,null,null,null,null,null,null,null,null,null,null,null,null,null,null,null,null,null,null,null,null,null,null,null,null,null
-0.00032275260309688747,-0.0003808297333307564,-0.0003012787492480129,-0.00015919975703582168,1.1232285032747313e-05,0.00027126941131427884,0.0005793408490717411,0.0009401540737599134,0.0012927950592711568,0.001396647421643138,0.0012339873937889934,0.0011962540447711945,0.0013076219474896789,0.0013463522773236036,null,null,null,null,null,null,null,null,null,null,null,null,null,null,null,null,null,null,null,null,null,null,null,null,null,null,null,null,null,null
0.00012162745406385511,9.181014320347458e-05,0.00028246722649782896,0.00044222958968020976,0.0005625627818517387,0.0007952046580612659,0.001089708530344069,0.0013287131441757083,0.0014678664738312364,0.001461865846067667,0.0012673019664362073,0.001157895545475185,null,null,null,null,null,null,null,null,null,null,null,null,null,null,null,null,null,null,null,null,null,null,null,null,null,null,null,null,null,null,null,null
