earth/public/data/ocean/W07/ANN-ocevel-depthz-1000m-gfs-1.0.json
{"header": {"discipline": 0, "disciplineName": "Meteorological products", "gribEdition": 2, "gribLength": 131138.0, "center": 0, "centerName": "Kiel Climate Model", "subcenter": 0, "refTime": "1", "significanceOfRT": 1, "significanceOfRTName": "Start of forecast", "productStatus": 0, "productStatusName": "Operational products", "productType": 1, "productTypeName": "Forecast products", "productDefinitionTemplate": 0, "productDefinitionTemplateName": "Analysis/forecast at horizontal level/layer at a point in time", "parameterCategory": 2, "parameterCategoryName": "Momentum", "parameterNumber": 2, "parameterNumberName": "U-component_of_wind", "parameterUnit": "m/s", "genProcessType": 2, "genProcessTypeName": "Forecast", "forecastTime": 0, "surface1Type": 103, "surface1TypeName": "Specified height level above ground", "surface1Value": 10, "surface2Type": 255, "surface2TypeName": "Missing", "surface2Value": 0, "gridDefinitionTemplate": 0, "gridDefinitionTemplateName": "Latitude_Longitude", "numberPoints": 65160, "shape": 6, "shapeName": "Earth spherical with radius of 6,371,229.0 m", "gridUnits": "degrees", "resolution": 48, "winds": "true", "scanMode": 0, "nx": 360.0, "ny": 180.0, "basicAngle": 0, "subDivisions": 0, "lo1": 0.0, "la1": -89.5, "lo2": 359.0, "la2": 89.5, "dx": 1.0, "dy": -1.0}, "data":
[rows 140 to 159 of 180, columns 315 to 359 of 360]
0.01992219127714634,0.020994413644075394,0.01920422352850437,0.015102360397577286,0.01271443534642458,0.012545274570584297,0.01214946061372757,0.011498892679810524,0.0115132424980402,0.012146626599133015,0.012114451266825199,0.011397325433790684,0.010944373905658722,0.010852370411157608,0.01021743007004261,0.009188122116029263,0.009263488464057446,0.010477912612259388,0.010878235101699829,0.010420787148177624,0.010164554230868816,0.010615277104079723,0.011412104591727257,0.01146749034523964,0.010693161748349667,0.01010765228420496,0.009667984209954739,0.007399316411465406,0.0035815101582556963,0.0007023840444162488,-0.0011794976890087128,-0.003195190569385886,-0.004494013264775276,-0.005297007504850626,null,null,null,null,null,null,null,null,null,null,null
0.014209261164069176,0.01318985316902399,0.011786042712628841,0.010089829564094543,0.008829714730381966,0.008219615556299686,0.007767263799905777,0.008264410309493542,0.00954058300703764,0.010772019624710083,0.010845701210200787,0.010389349423348904,0.009989182464778423,0.00971555057913065,0.00903150625526905,0.008046210743486881,0.008157886564731598,0.009330260567367077,0.00956712570041418,0.008805207908153534,0.008392774499952793,0.008994351141154766,0.010105199180543423,0.010586119256913662,0.01040317490696907,0.010458260774612427,0.010833797045052052,0.00898886751383543,0.005332724656909704,0.002425245475023985,null,null,null,null,null,null,null,null,null,null,null,null,null,null,null
0.006984245497733355,0.006213657557964325,0.005549206398427486,0.005105029791593552,0.0044201696291565895,0.003657527733594179,0.003124391194432974,0.0039243814535439014,0.006247009616345167,0.007951492443680763,0.008257056586444378,0.008131221868097782,0.008109860122203827,0.00813705287873745,0.007708641234785318,0.006848573684692383,0.006955265067517757,0.007994103245437145,0.007972883991897106,0.006914363708347082,0.006323967594653368,0.007052119355648756,0.008373926393687725,0.008787737227976322,0.008281984366476536,0.008626885712146759,0.009808257222175598,0.008761433884501457,0.005629631225019693,0.0039436654187738895,null,null,null,null,null,null,null,null,null,null,null,null,null,null,null
-1.961134148587007e-05,0.00027196150040253997,0.0004747974162455648,0.00034207856515422463,-0.00015893889940343797,-0.0009266335400752723,-0.0013011179398745298,-0.0006487456848844886,0.0007585344719700515,0.001968993805348873,0.0026983884163200855,0.0034279318060725927,0.004124346189200878,0.004711732268333435,0.004928312264382839,0.004780832212418318,0.004937123041599989,0.005401822738349438,0.005119421053677797,0.004130445420742035,0.0036146151833236217,0.0038148362655192614,0.004264478571712971,0.0035818845499306917,0.001887490856461227,0.0013949992135167122,0.0021914332173764706,0.0018553968984633684,0.0004659327969420701,0.0006896756240166724,null,null,null,null,null,null,null,null,null,null,null,null,null,null,null
-0.006428249645978212,-0.006852572783827782,-0.006722211372107267,-0.00739531172439456,-0.008191915228962898,-0.008740508928894997,-0.008553184568881989,-0.007809087634086609,-0.007186076138168573,-0.00671964418143034,-0.005378412082791328,-0.0033953955862671137,-0.0017990893684327602,-0.0009320563985966146,0.00029712062678299844,0.0015863262815400958,0.0019043453503400087,0.0011364900274202228,0.0007234500371851027,0.0007196786464191973,0.0007153840851970017,-0.00027622460038401186,-0.002119126496836543,-0.0033586272038519382,-0.003908658400177956,-0.007144132629036903,-0.01223237905651331,-0.012864463031291962,-0.007788935676217079,-0.0015426926547661424,0.005437951534986496,0.00647122273221612,0.0009441985748708248,-0.0011242039036005735,null,null,null,null,null,null,null,null,null,null,null
-0.016204310581088066,-0.017939912155270576,-0.018138129264116287,-0.018517160788178444,-0.018952304497361183,-0.01842378079891205,-0.017013175413012505,-0.01572120003402233,-0.015068577602505684,-0.014570233412086964,-0.01289812196046114,-0.010319963097572327,-0.00799405388534069,-0.006280998233705759,-0.0037865759804844856,-0.0009176764287985861,-0.0002881267573684454,-0.001973364967852831,-0.0023014855105429888,-0.0012002631556242704,-0.0012419067788869143,-0.003683102084323764,-0.006982201710343361,-0.007115830667316914,-0.004705437924712896,-0.011439002119004726,-0.026382645592093468,-0.03201672062277794,null,null,null,null,0.0002463415148667991,-0.000982035300694406,null,null,null,null,null,null,null,null,null,null,null
-0.025658858940005302,-0.027637546882033348,-0.027416732162237167,-0.026516450569033623,-0.025130219757556915,-0.0229742843657732,-0.020438143983483315,-0.019160468131303787,-0.018750330433249474,-0.017962424084544182,-0.016503944993019104,-0.014451766386628151,-0.012263686396181583,-0.010257599875330925,-0.007604539394378662,-0.004618321545422077,-0.003949431702494621,-0.005686421412974596,-0.0058058337308466434,-0.0043050129897892475,-0.004590935073792934,-0.0074265021830797195,-0.00958957802504301,-0.008363820612430573,-0.004958043806254864,-0.010427314788103104,-0.024259183555841446,-0.03174634277820587,null,null,null,null,-0.0021245479583740234,-0.002399051794782281,-0.002864421345293522,null,null,null,null,null,null,null,null,null,null
-0.026652304455637932,-0.027294449508190155,-0.02709183096885681,-0.026548337191343307,-0.024676602333784103,-0.02157462202012539,-0.0192500539124012,-0.01819545403122902,-0.017675023525953293,-0.01689833588898182,-0.015987975522875786,-0.014729693531990051,-0.013652290217578411,-0.012944962829351425,-0.01171413529664278,-0.010271643288433552,-0.010346506722271442,-0.011900598183274269,-0.012283635325729847,-0.011335216462612152,-0.011253573931753635,-0.01196504756808281,-0.012370506301522255,-0.011119555681943893,-0.008839720860123634,-0.009557987563312054,-0.012578369118273258,-0.013547279872000217,null,null,null,null,-0.00831480324268341,-0.003447819733992219,-0.0011170554207637906,null,null,null,null,null,null,null,null,null,null
-0.02135435864329338,-0.020042909309267998,-0.020102478563785553,-0.021224405616521835,-0.020528644323349,-0.017435291782021523,-0.014401395805180073,-0.012376617640256882,-0.011555164121091366,-0.010895008221268654,-0.01055178139358759,-0.010107375681400299,-0.010596349835395813,-0.011817244812846184,-0.012992425821721554,-0.013780980370938778,-0.015342277474701405,-0.0173538438975811,-0.018349723890423775,-0.018228143453598022,-0.017228631302714348,-0.0155785595998168,-0.014698953367769718,-0.014214281924068928,-0.013349831104278564,-0.012101799249649048,-0.010735532268881798,-0.009920035488903522,-0.009475631639361382,-0.012523872777819633,-0.018983524292707443,-0.02049694024026394,-0.0139331528916955,-0.005092562176287174,-0.0027900515124201775,null,null,null,null,null,null,null,null,null,null
-0.01777779869735241,-0.01631842739880085,-0.01578902266919613,-0.015917867422103882,-0.01588776521384716,-0.013415294699370861,-0.009456356056034565,-0.0069573125801980495,-0.006094534881412983,-0.005134992767125368,-0.004302585031837225,-0.0034532954450696707,-0.004041976295411587,-0.005995358806103468,-0.007933602668344975,-0.009543446823954582,-0.012431512586772442,-0.016185740008950233,-0.018157023936510086,-0.01789061352610588,-0.017235415056347847,-0.016131753101944923,-0.015600122511386871,-0.015019339509308338,-0.014071461744606495,-0.013470873236656189,-0.013432090170681477,-0.011830628849565983,-0.009240702725946903,-0.008738367818295956,-0.009529583156108856,-0.009208076633512974,-0.007635253481566906,-0.006042230408638716,-0.008049805648624897,-0.015957050025463104,-0.022031718865036964,null,null,null,null,null,null,null,null
null,null,null,-0.0127157187089324,-0.012106207199394703,-0.010247585363686085,-0.008042754605412483,-0.006447297055274248,-0.0057284473441541195,-0.003488759743049741,-0.0002050655457424,0.0011094168294221163,-0.00017941046098712832,-0.0017912891926243901,-0.0021478128619492054,-0.0015205306699499488,-0.004577650222927332,-0.010788938030600548,-0.013746623881161213,-0.01299254409968853,-0.013382778503000736,-0.014992508105933666,-0.015807507559657097,-0.014406150206923485,-0.011771068908274174,-0.010803891345858574,-0.011620144359767437,-0.010184983722865582,-0.006386635825037956,-0.004216411150991917,-0.006909973919391632,-0.011467204429209232,-0.013872743584215641,null,null,null,null,null,null,null,null,null,null,null,null
null,null,null,null,null,-0.008746147155761719,-0.010842233896255493,-0.013692855834960938,-0.014453556388616562,-0.011212066747248173,-0.006089096423238516,-0.0030979642178863287,-0.003118822118267417,-0.00201809941790998,0.0002655202115420252,0.003069675760343671,2.7529008548299316e-06,-0.0076578110456466675,-0.011449662037193775,-0.010670112445950508,-0.011863206513226032,-0.014784018509089947,-0.016385668888688087,-0.014381516724824905,-0.010741776786744595,-0.010186073370277882,-0.012692772783339024,-0.012268013320863247,-0.009199275635182858,-0.007326067425310612,-0.018741201609373093,-0.04031968489289284,-0.05209832638502121,null,null,null,null,null,null,null,null,null,null,null,null
null,null,null,null,null,null,null,-0.02437727525830269,-0.025855544954538345,-0.023203764110803604,-0.01987246610224247,-0.015198306180536747,-0.00855792686343193,-0.0019047975074499846,0.003978592809289694,0.007770228665322065,0.002007101196795702,-0.009238366968929768,-0.01461150124669075,-0.012577182613313198,-0.012559892609715462,-0.015365342609584332,-0.016870247200131416,-0.014860419556498528,-0.011084215715527534,-0.011567077599465847,-0.01647716760635376,-0.017284223809838295,-0.013869649730622768,-0.012184016406536102,-0.02878842130303383,-0.05992167815566063,-0.07652608305215836,null,null,null,null,null,null,null,null,null,null,-0.010637577623128891,-0.011340824887156487
null,null,null,null,null,null,null,null,null,null,-0.02860899828374386,-0.024089785292744637,-0.01655144989490509,-0.0075759682804346085,0.0016274129739031196,0.008101735264062881,0.003506164764985442,-0.011744555085897446,-0.01961342617869377,null,null,null,null,null,null,null,null,null,null,null,null,null,null,null,null,null,null,null,-0.0004909923882223666,-0.0004909923882223666,-9.7141355581698e-06,0.0009979578899219632,-0.00032976322108879685,-0.0027062466833740473,-0.003385524731129408
null,null,null,null,null,null,null,null,null,-0.02615981176495552,-0.026537446305155754,-0.025528036057949066,-0.02380022034049034,-0.03212542459368706,-0.04408218711614609,-0.04365863278508186,null,null,null,null,null,null,null,null,null,null,null,null,null,null,null,null,null,null,null,null,null,null,-0.0005533900111913681,-6.186525570228696e-05,3.7077821616549045e-05,-0.0003331557381898165,1.135207639890723e-05,0.0010723244631662965,0.0013357828138396144
null,null,null,null,null,null,null,null,null,null,null,null,null,null,-0.11435122042894363,-0.12514708936214447,null,null,null,null,null,null,null,null,null,null,null,null,null,null,null,null,null,null,null,null,-0.0009079806040972471,-0.0010684243170544505,-0.00032715595443733037,0.0008536524837836623,0.0008809666032902896,-0.00020856087212450802,-3.349823964526877e-05,0.0016439355676993728,0.0024979515001177788
null,null,null,null,null,null,null,null,null,null,null,null,null,null,null,null,null,null,null,null,null,null,null,null,null,null,null,null,null,null,null,null,null,null,0.00013383851910475641,0.00020932426559738815,-6.26632318017073e-05,4.765615358337527e-06,0.0006122519844211638,0.0014196229167282581,0.0015619792975485325,0.0010893081780523062,0.0012027977500110865,0.002110524568706751,0.002289996948093176
null,null,null,null,null,null,null,null,null,null,null,null,null,null,null,null,null,null,null,null,null,null,null,null,null,null,null,null,null,-0.006554079242050648,-0.005076037719845772,-0.0009119581081904471,0.0011745597003027797,0.0012115119025111198,0.0013781962916254997,0.0013351932866498828,0.001284541911445558,0.0013931415742263198,0.00143626076169312,0.0014125072630122304,0.0014478469965979457,0.0013914585579186678,0.00124810088891536,0.0013421932235360146,0.0010555858025327325
null,null,null,null,null,null,null,null,null,null,null,null,null,null,null,null,null,null,null,null,null,null,null,null,0.05530063062906265,0.04131949320435524,0.013357212767004967,-0.0006239261711016297,-0.0006712421891279519,-0.0002873554185498506,0.0005564685561694205,0.0017717957962304354,0.002161232754588127,0.0015600380720570683,0.0012779486132785678,0.001577962888404727,0.0016728909686207771,0.0011160410940647125,0.0007790040108375251,0.0008131525246426463,0.0010294259991496801,0.0011191648663952947,0.0009116088622249663,0.0007306831539608538,0.0006224992102943361
null,null,null,null,null,null,null,null,null,null,null,null,null,null,null,null,null,null,null,null,null,null,null,null,null,null,null,null,null,0.0011431016027927399,0.0013518902705982327,0.0010273506632074714,0.0003060505259782076,-0.0003103720082435757,-0.0003439333522692323,0.00031277042580768466,0.0004881682398263365,-7.615433423779905e-05,-0.0005030172178521752,-0.00034090084955096245,0.0002861290122382343,0.0007551942253485322,0.0007156061474233866,0.00030653749126940966,6.32340888842009e-05
