earth/public/data/ocean/W07/ANN-vosaline-depthz-2000m-gfs-1.0.json
{"header": {"discipline": 0, "disciplineName": "Meteorological products", "gribEdition": 2, "gribLength": 131138.0, "center": 0, "centerName": "Kiel Climate Model", "subcenter": 0, "refTime": "1", "significanceOfRT": 1, "significanceOfRTName": "Start of forecast", "productStatus": 0, "productStatusName": "Operational products", "productType": 1, "productTypeName": "Forecast products", "productDefinitionTemplate": 0, "productDefinitionTemplateName": "Analysis/forecast at horizontal level/layer at a point in time", "parameterCategory": 2, "parameterCategoryName": "Momentum", "parameterNumber": 2, "parameterNumberName": "U-component_of_wind", "parameterUnit": "PSU", "genProcessType": 2, "genProcessTypeName": "Forecast", "forecastTime": 0, "surface1Type": 103, "surface1TypeName": "Specified height level above ground", "surface1Value": 10, "surface2Type": 255, "surface2TypeName": "Missing", "surface2Value": 0, "gridDefinitionTemplate": 0, "gridDefinitionTemplateName": "Latitude_Longitude", "numberPoints": 65160, "shape": 6, "shapeName": "Earth spherical with radius of 6,371,229.0 m", "gridUnits": "degrees", "resolution": 48, "winds": "true", "scanMode": 0, "nx": 360.0, "ny": 180.0, "basicAngle": 0, "subDivisions": 0, "lo1": 0.0, "la1": -89.5, "lo2": 359.0, "la2": 89.5, "dx": 1.0, "dy": -1.0}, "data":
[rows 110 to 131 of 180, columns 250 to 299 of 360]
34.66440963745117,34.66436004638672,34.664188385009766,34.66390609741211,34.663448333740234,null,null,null,null,null,null,null,null,null,null,null,null,null,null,null,null,null,null,null,null,35.39531707763672,35.395286560058594,35.39531707763672,null,null,null,null,null,null,null,null,null,null,null,null,null,null,null,35.30233383178711,35.302005767822266,35.30152130126953,35.30152893066406,35.30207824707031,35.30234146118164,35.302268981933594
34.660526275634766,34.65549850463867,34.65541076660156,34.659542083740234,null,null,null,null,null,null,null,null,null,null,35.39719009399414,35.39717102050781,35.39714813232422,35.39713668823242,null,null,null,null,null,null,null,35.3953857421875,35.39533996582031,null,null,null,null,null,null,null,null,null,35.29983139038086,35.30049514770508,35.30147933959961,35.3022575378418,35.30297088623047,35.303958892822266,35.3043212890625,35.304195404052734,35.303977966308594,35.303775787353516,35.30372619628906,35.30388641357422,35.30398941040039,35.303958892822266
null,34.63797378540039,null,null,null,null,null,null,null,null,null,null,null,null,35.39718246459961,35.39714813232422,35.39712142944336,35.39711380004883,35.39736557006836,35.39834976196289,35.399559020996094,35.40009689331055,null,null,35.39532470703125,35.39521789550781,35.39504623413086,35.39490509033203,null,null,null,null,null,null,null,null,35.29941940307617,35.30076217651367,35.30260467529297,35.30360794067383,35.30433654785156,35.30523681640625,35.30598449707031,35.30619430541992,35.306114196777344,35.30601501464844,35.305885314941406,35.30580139160156,35.305747985839844,35.30574417114258
null,null,null,null,null,null,null,null,null,null,null,null,null,35.3972053527832,35.39714050292969,35.397064208984375,35.397029876708984,35.39703369140625,35.397377014160156,35.39826965332031,35.398807525634766,null,null,35.39580154418945,35.39548110961914,35.39509201049805,35.394840240478516,null,null,null,null,null,null,null,null,35.2999267578125,35.30177688598633,35.30366134643555,35.30524444580078,35.30580139160156,35.3064079284668,35.307472229003906,35.308074951171875,35.30803680419922,35.30793762207031,35.30793762207031,35.30785369873047,35.30767059326172,35.30760955810547,35.30767822265625
null,null,null,null,null,null,null,null,null,null,null,null,null,null,null,35.39690399169922,35.39689254760742,35.39692306518555,35.397098541259766,35.39735412597656,35.39730453491211,35.39687728881836,35.396453857421875,35.39632034301758,35.395904541015625,35.39525604248047,35.3949089050293,null,null,null,null,null,null,35.290443420410156,35.29501724243164,35.301780700683594,35.30570983886719,35.30757141113281,35.3083610534668,35.307884216308594,35.308311462402344,35.309547424316406,35.31005096435547,35.30974197387695,35.30973815917969,35.310054779052734,35.31007385253906,35.3098030090332,35.30976104736328,35.30995559692383
null,null,null,null,null,null,null,null,null,null,null,null,null,null,null,35.396793365478516,35.39681625366211,35.3968620300293,35.396785736083984,35.396644592285156,35.396583557128906,35.39657974243164,35.396568298339844,35.39654541015625,35.39621353149414,35.39547348022461,35.39496994018555,null,null,null,null,null,null,35.291500091552734,35.29579544067383,35.30358123779297,35.308746337890625,35.310359954833984,35.31072998046875,35.30979537963867,35.31019973754883,35.31183624267578,35.312461853027344,35.31193923950195,35.31195068359375,35.31249237060547,35.31258773803711,35.31221008300781,35.31214141845703,35.31239318847656
null,null,null,null,null,null,null,null,null,null,null,null,null,null,null,null,null,null,null,35.39658737182617,35.396575927734375,35.3966064453125,35.396575927734375,35.396484375,35.39630889892578,null,null,null,null,null,null,null,null,35.29348373413086,35.297698974609375,35.30538558959961,35.310516357421875,35.312156677246094,35.312435150146484,35.31129455566406,35.311920166015625,35.31421661376953,35.31501388549805,35.314178466796875,35.31410217285156,35.31479263305664,35.31489944458008,35.31441116333008,35.314292907714844,35.31456756591797
null,null,null,null,null,null,null,null,null,null,null,null,null,null,null,null,null,null,null,35.39654541015625,35.39657211303711,35.39662170410156,35.39657974243164,35.396453857421875,35.396385192871094,null,null,null,null,null,null,null,null,35.29433822631836,35.298309326171875,35.305572509765625,35.31084442138672,35.31314468383789,35.31391525268555,35.31293487548828,35.313880920410156,35.316551208496094,35.3174934387207,35.316532135009766,35.31641387939453,35.317161560058594,35.317298889160156,35.31679153442383,35.316646575927734,35.316890716552734
null,null,null,null,null,null,null,null,null,null,null,null,null,null,null,null,null,null,null,null,null,null,null,null,null,null,null,null,null,null,null,null,null,35.29396438598633,35.29756164550781,35.3040657043457,35.309608459472656,35.31320571899414,35.31488800048828,35.31443405151367,35.31568908691406,35.318450927734375,35.31946563720703,35.31856155395508,35.318458557128906,35.31917953491211,35.31934356689453,35.318912506103516,35.31877517700195,35.318946838378906
null,null,null,null,null,null,null,null,null,null,null,null,null,null,null,null,null,null,null,null,null,null,null,null,null,null,null,null,null,null,null,null,null,35.29417419433594,35.297203063964844,35.30274963378906,35.30820083618164,35.31260299682617,35.31526565551758,35.315643310546875,35.31731414794922,35.319942474365234,35.321014404296875,35.320335388183594,35.32026672363281,35.3208122253418,35.32094955444336,35.32065963745117,35.32057189941406,35.32069396972656
null,null,null,null,null,null,null,null,null,null,null,null,null,null,null,null,null,null,null,null,null,null,null,null,null,null,null,null,null,null,null,null,null,35.29546356201172,35.29777908325195,35.30195617675781,35.30656051635742,35.31077575683594,35.314144134521484,35.316123962402344,35.318359375,35.320457458496094,35.32158660888672,35.32154083251953,35.32163619995117,35.32183837890625,35.321956634521484,35.321956634521484,35.32199478149414,35.32206726074219
null,null,null,null,null,null,null,null,null,null,null,null,null,null,null,null,null,null,null,null,null,null,null,null,null,null,null,null,null,null,null,null,null,35.296836853027344,35.298583984375,35.301761627197266,35.30540084838867,35.30877685546875,35.31254959106445,35.3160285949707,35.31879806518555,35.32037353515625,35.32157897949219,35.32219314575195,35.32252883911133,35.322540283203125,35.322696685791016,35.32297134399414,35.32312774658203,35.323143005371094
null,null,null,null,null,null,null,null,null,null,null,null,null,null,null,null,null,null,null,null,null,null,null,null,null,null,null,null,null,null,null,null,null,35.29734802246094,35.29931640625,35.30219268798828,35.304954528808594,35.30772018432617,35.31134033203125,35.31517791748047,35.31812286376953,35.31963348388672,35.32097244262695,35.321876525878906,35.32237243652344,35.32237243652344,35.32258224487305,35.322967529296875,35.32319641113281,35.32322311401367
null,null,null,null,null,null,null,null,null,null,null,null,null,null,null,null,null,null,null,null,null,null,null,null,null,null,null,null,null,null,null,null,null,null,null,null,35.304595947265625,35.3071403503418,35.31053924560547,35.31415557861328,35.31709289550781,35.31881332397461,35.3203125,35.32133102416992,35.32188415527344,35.32188034057617,35.322113037109375,35.322540283203125,35.322818756103516,35.322906494140625
null,null,null,null,null,null,null,null,null,null,null,null,null,null,null,null,null,null,null,null,null,null,null,null,null,null,null,null,null,null,null,null,null,null,null,null,35.304534912109375,35.306663513183594,35.309669494628906,35.313045501708984,35.31589126586914,35.31770706176758,35.319313049316406,35.32041549682617,35.32109069824219,35.32120132446289,35.32152557373047,35.321998596191406,35.322322845458984,35.32243347167969
null,null,null,null,null,null,null,null,null,null,null,null,null,null,null,null,null,null,null,null,null,null,null,null,null,null,null,null,null,null,null,null,null,null,null,null,35.30520248413086,35.30638885498047,35.30867004394531,35.311641693115234,35.31427001953125,35.316078186035156,35.31767654418945,35.31877517700195,35.31956481933594,35.31991958618164,35.320404052734375,35.320945739746094,35.32132339477539,35.32146453857422
null,null,null,null,null,null,null,null,null,null,null,null,null,null,null,null,null,null,null,null,null,null,null,null,null,null,null,null,null,null,null,null,null,null,null,null,35.30608367919922,35.306278228759766,35.30781173706055,35.310367584228516,35.31279373168945,35.31462860107422,35.316192626953125,35.31718826293945,35.318016052246094,35.318519592285156,35.31912612915039,35.31972885131836,35.3201789855957,35.32040023803711
null,null,null,null,null,null,null,null,null,null,null,null,null,null,null,null,null,null,null,null,null,null,null,null,null,null,null,null,null,null,null,null,null,null,null,null,35.30649185180664,35.306392669677734,35.307586669921875,35.309852600097656,35.312015533447266,35.313716888427734,35.31515884399414,35.31608963012695,35.316932678222656,35.31752395629883,35.31818771362305,35.31880569458008,35.319305419921875,35.3195915222168
null,null,null,null,null,null,null,null,null,null,null,null,null,null,null,null,null,null,null,null,null,null,null,null,null,null,null,null,null,null,null,null,null,null,null,null,null,35.306522369384766,35.3076171875,35.309661865234375,35.31193923950195,35.31360626220703,35.31458282470703,35.31503677368164,35.315650939941406,35.31635665893555,35.317081451416016,35.317691802978516,35.318206787109375,35.31853485107422
null,null,null,null,null,null,null,null,null,null,null,null,null,null,null,null,null,null,null,null,null,null,null,null,null,null,null,null,null,null,null,null,null,null,null,null,null,null,null,null,null,35.314735412597656,35.314884185791016,35.31437301635742,35.31452560424805,35.315269470214844,35.316017150878906,35.3166389465332,35.317161560058594,35.317481994628906
null,null,null,null,null,null,null,null,null,null,null,null,null,null,null,null,null,null,null,null,null,null,null,null,null,null,null,null,null,null,null,null,null,null,null,null,null,null,null,null,null,35.31588363647461,35.315345764160156,35.314334869384766,35.3141975402832,35.314788818359375,35.315372467041016,35.31597137451172,35.31646728515625,35.3167724609375
null,null,null,null,null,null,null,null,null,null,null,null,null,null,null,null,null,null,null,null,null,null,null,null,null,null,null,null,null,null,null,null,null,null,null,null,null,null,null,null,null,null,null,null,null,35.314537048339844,35.31494140625,35.31550598144531,35.315895080566406,35.316036224365234
