earth/public/data/ocean/W07/ANN-vosaline-depthz-500m-gfs-1.0.json
{"header": {"discipline": 0, "disciplineName": "Meteorological products", "gribEdition": 2, "gribLength": 131138.0, "center": 0, "centerName": "Kiel Climate Model", "subcenter": 0, "refTime": "1", "significanceOfRT": 1, "significanceOfRTName": "Start of forecast", "productStatus": 0, "productStatusName": "Operational products", "productType": 1, "productTypeName": "Forecast products", "productDefinitionTemplate": 0, "productDefinitionTemplateName": "Analysis/forecast at horizontal level/layer at a point in time", "parameterCategory": 2, "parameterCategoryName": "Momentum", "parameterNumber": 2, "parameterNumberName": "U-component_of_wind", "parameterUnit": "PSU", "genProcessType": 2, "genProcessTypeName": "Forecast", "forecastTime": 0, "surface1Type": 103, "surface1TypeName": "Specified height level above ground", "surface1Value": 10, "surface2Type": 255, "surface2TypeName": "Missing", "surface2Value": 0, "gridDefinitionTemplate": 0, "gridDefinitionTemplateName": "Latitude_Longitude", "numberPoints": 65160, "shape": 6, "shapeName": "Earth spherical with radius of 6,371,229.0 m", "gridUnits": "degrees", "resolution": 48, "winds": "true", "scanMode": 0, "nx": 360.0, "ny": 180.0, "basicAngle": 0, "subDivisions": 0, "lo1": 0.0, "la1": -89.5, "lo2": 359.0, "la2": 89.5, "dx": 1.0, "dy": -1.0}, "data":
[rows 44 to 65 of 180, columns 98 to 146 of 360]
34.278873443603516,34.27967834472656,34.28068161010742,34.28169250488281,34.28321075439453,34.284942626953125,34.287235260009766,34.28964614868164,34.29256057739258,34.29541778564453,34.298728942871094,34.301841735839844,34.30522537231445,34.30821990966797,34.31128692626953,34.313819885253906,34.31658935546875,34.31906509399414,34.32188415527344,34.32453536987305,34.3273811340332,34.32992172241211,34.332679748535156,34.335174560546875,34.33821105957031,34.341278076171875,34.34495162963867,34.3486328125,34.35245895385742,34.35584259033203,34.35877990722656,34.360843658447266,34.362422943115234,34.36332702636719,34.36396408081055,34.36429977416992,34.36469268798828,34.36515808105469,34.36549377441406,34.36570358276367,34.366493225097656,34.367671966552734,34.370662689208984,34.37467956542969,34.38029479980469,34.38604736328125,34.38909149169922,34.388572692871094,34.38302230834961
34.32525634765625,34.32615280151367,34.32707214355469,34.327880859375,34.32928466796875,34.331058502197266,34.3336067199707,34.336483001708984,34.340030670166016,34.3436164855957,34.347774505615234,34.35175323486328,34.35601043701172,34.35978317260742,34.3635139465332,34.366539001464844,34.36952209472656,34.371944427490234,34.37437057495117,34.37641525268555,34.378395080566406,34.380035400390625,34.38168716430664,34.38315200805664,34.38479995727539,34.386436462402344,34.388214111328125,34.3899040222168,34.391422271728516,34.39257049560547,34.393226623535156,34.3933219909668,34.393028259277344,34.392425537109375,34.3916130065918,34.390724182128906,34.390132904052734,34.38987731933594,34.39008331298828,34.39057540893555,34.39358901977539,34.39836883544922,34.40653991699219,34.41648483276367,34.430152893066406,34.44502258300781,34.44607162475586,null,null
34.37737274169922,34.378170013427734,34.37882995605469,34.379207611083984,34.38032150268555,34.38194274902344,34.3846321105957,34.38789367675781,34.39204406738281,34.3963508605957,34.40134811401367,34.40618133544922,34.41126251220703,34.415714263916016,34.420005798339844,34.42338180541992,34.42642593383789,34.4285774230957,34.43037033081055,34.43142318725586,34.43217849731445,34.43239212036133,34.432498931884766,34.43234634399414,34.43212890625,34.431739807128906,34.431175231933594,34.43037033081055,34.429229736328125,34.42778015136719,34.42592239379883,34.42383575439453,34.42155075073242,34.41935729980469,34.41716384887695,34.4152946472168,34.4140625,34.41367721557617,34.414371490478516,34.41609573364258,34.422237396240234,34.431941986083984,34.44581985473633,34.46172332763672,34.483604431152344,34.50796890258789,34.5152702331543,null,null
34.423465728759766,34.423831939697266,34.42390823364258,34.423736572265625,34.424354553222656,34.42569351196289,34.42826461791992,34.43161392211914,34.43593215942383,34.44043731689453,34.44559097290039,34.45048141479492,34.455467224121094,34.45970153808594,34.46355056762695,34.46641159057617,34.46859359741211,34.46982192993164,34.47032928466797,34.470149993896484,34.4693717956543,34.468265533447266,34.466800689697266,34.465354919433594,34.4633674621582,34.46132278442383,34.45854949951172,34.45571517944336,34.4521484375,34.44868469238281,34.44481658935547,34.4413948059082,34.43791961669922,34.43508529663086,34.43273162841797,34.43124771118164,34.43115234375,34.432289123535156,34.43571472167969,34.44047546386719,34.450843811035156,34.46455383300781,34.48276138305664,34.50187301635742,34.52732467651367,34.55442810058594,34.5689811706543,null,null
34.494140625,34.49348068237305,34.492523193359375,34.49143600463867,34.49114990234375,34.491737365722656,34.493465423583984,34.49610900878906,34.499427795410156,34.502952575683594,34.50675964355469,34.51028823852539,34.51372146606445,34.516517639160156,34.518951416015625,34.52055740356445,34.52138137817383,34.52116012573242,34.519962310791016,34.517887115478516,34.51502227783203,34.51185607910156,34.508148193359375,34.50462341308594,34.49981689453125,34.494712829589844,34.488502502441406,34.48240661621094,34.47580337524414,34.46985626220703,34.464351654052734,34.46015548706055,34.45707321166992,34.4554557800293,34.45644760131836,34.45949935913086,34.465755462646484,34.47359085083008,34.4847297668457,34.496864318847656,34.51205062866211,34.527828216552734,34.54767990112305,34.568504333496094,34.583988189697266,34.59510040283203,34.602359771728516,null,null
34.56467056274414,34.5629768371582,34.560997009277344,34.55904006958008,34.557769775390625,34.557350158691406,34.5578727722168,34.559139251708984,34.56085205078125,34.562557220458984,34.56439208984375,34.565860748291016,34.56737518310547,34.56851577758789,34.56965637207031,34.570518493652344,34.57051467895508,34.56964874267578,34.56723403930664,34.563690185546875,34.55889129638672,34.553619384765625,34.54750061035156,34.54149627685547,34.533424377441406,34.5245246887207,34.51451873779297,34.50498580932617,34.49551010131836,34.4876708984375,34.48109817504883,34.47697830200195,34.475215911865234,34.476287841796875,34.48228073120117,34.492530822753906,34.50724411010742,34.524410247802734,34.54448318481445,34.564430236816406,34.58312225341797,34.59725570678711,34.61648941040039,34.63710403442383,34.647342681884766,null,null,null,null
34.6088981628418,34.60636901855469,34.60343933105469,34.60072326660156,34.59828567504883,34.5966796875,34.595542907714844,34.59523391723633,34.59510803222656,34.5953254699707,34.595802307128906,34.596492767333984,34.597572326660156,34.59877014160156,34.60003662109375,34.60105895996094,34.60077667236328,34.599281311035156,34.59569549560547,34.590816497802734,34.58433532714844,34.57758331298828,34.570011138916016,34.56306076049805,34.553401947021484,34.54279708862305,34.53050994873047,34.518863677978516,34.507591247558594,34.498863220214844,34.49299621582031,34.490936279296875,34.49372863769531,34.500328063964844,34.5143928527832,34.532562255859375,34.5561637878418,34.58021545410156,34.60663986206055,34.630271911621094,34.64906692504883,34.6596794128418,34.673858642578125,34.6895637512207,34.697628021240234,null,null,null,null
34.655704498291016,34.65140151977539,34.64671325683594,34.64251708984375,34.63836669921875,34.634971618652344,34.63200378417969,34.62987518310547,34.62872314453125,34.628543853759766,34.62973403930664,34.63185501098633,34.635032653808594,34.63856887817383,34.64244842529297,34.64579772949219,34.64775466918945,34.647525787353516,34.64513397216797,34.640438079833984,34.632389068603516,34.62226867675781,34.61152648925781,34.602413177490234,34.58961868286133,34.57589340209961,34.55994415283203,34.54495620727539,34.532039642333984,34.52346420288086,34.52169418334961,34.52675247192383,34.5406494140625,34.56061553955078,34.58892822265625,34.62041091918945,34.65434646606445,34.6848258972168,34.715126037597656,34.740074157714844,34.74519729614258,34.72819900512695,null,null,null,null,null,null,null
34.69635772705078,34.689964294433594,34.683372497558594,34.67766189575195,34.671993255615234,34.667327880859375,34.663082122802734,34.659996032714844,34.65871810913086,34.6595573425293,34.662418365478516,34.66696548461914,34.672760009765625,34.67894744873047,34.686214447021484,34.69349670410156,34.69966125488281,34.70399475097656,34.70537567138672,34.7039909362793,34.695194244384766,34.68061828613281,34.6653938293457,34.651920318603516,34.63409423828125,34.614707946777344,34.59383010864258,34.574867248535156,34.56066131591797,34.55375289916992,34.55742645263672,34.57143783569336,34.59756088256836,34.631832122802734,34.674537658691406,34.71874237060547,34.76185989379883,34.796478271484375,34.82913589477539,34.85390090942383,34.858699798583984,null,null,null,null,null,null,null,null
34.71601867675781,34.707645416259766,34.69937515258789,34.69284439086914,34.68683624267578,34.68242645263672,34.67877197265625,34.676422119140625,34.6768684387207,34.679832458496094,34.68470001220703,34.69045639038086,34.697547912597656,34.704681396484375,34.71024703979492,34.71375274658203,34.717525482177734,34.721656799316406,34.728336334228516,34.73598861694336,34.73455047607422,34.72319793701172,34.710472106933594,34.697940826416016,34.68257141113281,34.66633224487305,34.64671325683594,34.62670135498047,34.609928131103516,34.599788665771484,34.60676193237305,34.62950897216797,34.665340423583984,34.70706558227539,34.753334045410156,34.79602813720703,34.826900482177734,34.8463249206543,34.8717155456543,34.89631271362305,34.909427642822266,null,null,null,null,null,null,null,null
34.738990783691406,34.726688385009766,34.71583938598633,34.70844650268555,34.70294189453125,34.7003059387207,34.69911575317383,34.69952392578125,34.702877044677734,34.7086296081543,34.71382522583008,34.71780776977539,34.72113800048828,34.723785400390625,34.71528244018555,34.69792938232422,34.69365310668945,34.70446014404297,34.72266387939453,34.74211120605469,34.74983215332031,34.746883392333984,34.740604400634766,34.7331657409668,34.75060272216797,34.77946090698242,34.775264739990234,34.74348831176758,34.71697235107422,34.701087951660156,34.71087646484375,34.74433517456055,34.79000473022461,34.83991241455078,34.867313385009766,34.869789123535156,34.86941146850586,null,null,null,null,null,null,null,null,null,null,null,null
34.76240158081055,34.74576950073242,34.7321891784668,34.723968505859375,34.719093322753906,34.718505859375,34.720062255859375,34.72366714477539,34.729637145996094,34.73701477050781,34.74127197265625,34.741477966308594,34.738502502441406,34.73231887817383,34.7064094543457,34.66421890258789,34.646575927734375,null,null,null,null,null,null,null,null,34.93525314331055,34.92029571533203,34.863525390625,34.824825286865234,34.810340881347656,34.82392120361328,34.863399505615234,34.91746520996094,34.97663879394531,35.00157165527344,null,null,null,null,null,null,null,null,null,null,null,null,null,null
34.77685546875,34.7581787109375,34.74345779418945,34.735374450683594,34.731590270996094,34.73267364501953,34.73642349243164,34.742008209228516,34.74774169921875,34.75273132324219,34.75197219848633,34.746192932128906,34.73379135131836,34.717872619628906,34.681053161621094,34.630409240722656,34.602813720703125,null,null,null,null,null,null,null,null,35.016204833984375,34.97853469848633,34.90789794921875,34.86391830444336,34.852088928222656,34.86741638183594,34.907981872558594,34.963558197021484,35.02718734741211,35.061126708984375,null,null,null,null,null,null,null,null,null,null,null,null,null,null
34.7878532409668,34.76824188232422,34.75345993041992,34.74618911743164,34.743709564208984,34.746585845947266,34.75200271606445,34.75912857055664,34.76309585571289,34.76302719116211,34.75567626953125,34.74177932739258,34.7199821472168,34.69339370727539,34.65238571166992,34.60403823852539,null,null,null,null,null,null,null,null,null,null,null,null,null,null,null,null,null,null,null,null,null,null,null,null,null,null,null,null,null,null,null,null,null
34.79637145996094,34.77706527709961,34.76352310180664,34.75802230834961,34.757469177246094,34.76179122924805,34.76771545410156,34.774234771728516,34.77421951293945,34.76811218261719,34.752628326416016,34.731224060058594,34.700477600097656,34.66648864746094,34.62445068359375,34.581783294677734,null,null,null,null,null,null,null,null,null,null,null,null,null,null,null,null,null,null,null,null,null,null,null,null,null,null,null,null,null,null,null,null,null
34.80144500732422,34.7855339050293,34.775821685791016,34.774009704589844,34.77535629272461,34.77979278564453,34.78246307373047,34.783180236816406,34.774932861328125,34.759281158447266,34.73445510864258,34.70469284057617,34.66902160644531,34.63333511352539,34.59824752807617,34.56968307495117,null,null,null,null,null,null,null,null,null,null,null,null,null,null,null,null,null,null,null,null,null,null,null,null,null,null,null,null,null,null,null,null,null
34.80487823486328,34.7934455871582,34.787837982177734,34.78932571411133,34.791805267333984,34.794822692871094,34.79295349121094,34.78617858886719,34.769412994384766,34.74519729614258,34.712215423583984,34.67610168457031,34.63810348510742,34.605224609375,34.57908630371094,34.56512451171875,null,null,null,null,null,null,null,null,null,null,null,null,null,null,null,null,null,null,null,null,null,null,null,null,null,null,null,null,null,null,null,null,null
34.80678176879883,34.797462463378906,34.792659759521484,34.79337692260742,34.79326629638672,34.7927360534668,34.78550720214844,34.773345947265625,34.75150680541992,34.72422409057617,34.68904495239258,34.65233612060547,34.617149353027344,34.58955001831055,34.57195281982422,34.565757751464844,null,null,null,null,null,null,null,null,null,null,null,null,null,null,null,null,null,null,null,null,null,null,null,null,null,null,null,null,null,null,null,null,null
34.809112548828125,34.80030822753906,34.79402160644531,34.791259765625,34.78684616088867,34.78118896484375,34.769073486328125,34.75225830078125,34.72755432128906,34.69919204711914,34.664329528808594,34.62933349609375,34.59785079956055,34.57594299316406,34.56349182128906,null,null,null,null,null,null,null,null,null,null,null,null,null,null,null,null,null,null,null,null,null,null,null,null,null,null,null,null,null,null,null,null,null,null
34.803138732910156,34.79343795776367,34.78427505493164,34.777618408203125,34.76832962036133,34.758445739746094,34.74235153198242,34.7231330871582,34.69749069213867,34.66997146606445,34.63810729980469,34.607269287109375,34.5814094543457,34.56471633911133,34.555686950683594,null,null,null,null,null,null,null,null,null,null,null,null,null,null,null,null,null,null,null,null,null,null,null,null,null,null,null,null,null,null,null,null,null,null
34.79002380371094,34.778018951416016,34.76554870605469,34.754573822021484,34.7414665222168,34.72825622558594,34.71042251586914,34.69104766845703,34.666709899902344,34.64195251464844,34.614768981933594,34.59053039550781,34.570343017578125,34.558387756347656,34.55166244506836,null,null,null,null,null,null,null,null,null,null,null,null,null,null,null,null,null,null,null,null,null,null,null,null,null,null,null,null,null,null,null,null,null,null
34.7666015625,34.753055572509766,34.738040924072266,34.72437286376953,34.708648681640625,34.69377899169922,34.67562484741211,34.657379150390625,34.635860443115234,34.61468505859375,34.59330368041992,34.575157165527344,34.56082534790039,34.55254364013672,34.548072814941406,null,null,null,null,null,null,null,null,null,null,null,null,null,null,null,null,null,null,null,null,null,null,null,null,null,null,null,null,null,null,null,null,null,null
