earth/public/data/ocean/W07/ANN-votemper-depthz-500m-gfs-1.0.json
{"header": {"discipline": 0, "disciplineName": "Meteorological products", "gribEdition": 2, "gribLength": 131138.0, "center": 0, "centerName": "Kiel Climate Model", "subcenter": 0, "refTime": "1", "significanceOfRT": 1, "significanceOfRTName": "Start of forecast", "productStatus": 0, "productStatusName": "Operational products", "productType": 1, "productTypeName": "Forecast products", "productDefinitionTemplate": 0, "productDefinitionTemplateName": "Analysis/forecast at horizontal level/layer at a point in time", "parameterCategory": 2, "parameterCategoryName": "Momentum", "parameterNumber": 2, "parameterNumberName": "U-component_of_wind", "parameterUnit": "C", "genProcessType": 2, "genProcessTypeName": "Forecast", "forecastTime": 0, "surface1Type": 103, "surface1TypeName": "Specified height level above ground", "surface1Value": 10, "surface2Type": 255, "surface2TypeName": "Missing", "surface2Value": 0, "gridDefinitionTemplate": 0, "gridDefinitionTemplateName": "Latitude_Longitude", "numberPoints": 65160, "shape": 6, "shapeName": "Earth spherical with radius of 6,371,229.0 m", "gridUnits": "degrees", "resolution": 48, "winds": "true", "scanMode": 0, "nx": 360.0, "ny": 180.0, "basicAngle": 0, "subDivisions": 0, "lo1": 0.0, "la1": -89.5, "lo2": 359.0, "la2": 89.5, "dx": 1.0, "dy": -1.0}, "data":
[rows 110 to 131 of 180, columns 245 to 293 of 360]
6.3246073722839355,6.342843532562256,6.361282825469971,6.376245498657227,6.389548301696777,6.400156021118164,6.410174369812012,6.415946960449219,6.4220709800720215,6.42955207824707,null,null,null,null,null,null,null,null,10.885274887084961,10.882308006286621,10.874486923217773,10.867558479309082,null,null,null,null,null,null,null,null,13.2904052734375,13.828120231628418,14.147876739501953,null,null,null,null,null,null,null,null,null,null,null,null,null,null,null,15.544083595275879
6.2732834815979,6.298092365264893,6.323488235473633,6.3478899002075195,6.367018699645996,6.384855270385742,6.39911413192749,6.405903339385986,6.412784576416016,6.423630714416504,null,null,null,null,null,null,null,null,null,10.888981819152832,10.881911277770996,10.871933937072754,10.852045059204102,10.817832946777344,10.792964935302734,null,null,null,null,null,12.939902305603027,13.594425201416016,null,null,null,null,null,null,null,null,null,15.81760025024414,15.882574081420898,15.935547828674316,16.045637130737305,16.231006622314453,16.3099308013916,16.197702407836914,16.02783966064453
6.221912860870361,6.249226093292236,6.285264015197754,6.317845821380615,6.347899436950684,6.370583534240723,6.3878631591796875,null,null,null,null,null,null,null,null,null,null,null,null,10.897032737731934,10.88712215423584,10.873614311218262,10.848976135253906,10.813165664672852,10.782020568847656,10.754716873168945,10.737798690795898,null,null,12.606130599975586,13.05363655090332,13.65538215637207,13.943880081176758,13.913917541503906,13.918561935424805,13.947796821594238,13.96078109741211,null,null,15.954373359680176,15.981185913085938,16.025854110717773,16.06594467163086,16.1389217376709,16.28024673461914,16.450716018676758,16.49651336669922,16.444459915161133,16.373098373413086
6.175313949584961,6.2023420333862305,6.23805570602417,6.288707256317139,6.3353681564331055,6.363191604614258,6.381226539611816,null,null,null,null,null,null,null,null,null,null,null,10.909457206726074,10.906237602233887,10.900758743286133,10.885214805603027,10.855517387390137,10.824538230895996,10.796029090881348,10.786437034606934,null,null,12.188728332519531,12.538329124450684,12.97275161743164,13.236784934997559,13.2135591506958,13.234620094299316,13.401583671569824,13.55456256866455,null,null,15.779026985168457,15.89990234375,16.095609664916992,16.217727661132812,16.232112884521484,16.311017990112305,16.493013381958008,16.60690689086914,16.599349975585938,16.5498046875,16.490800857543945
6.132488250732422,6.155419826507568,6.180295944213867,null,null,null,null,null,null,null,null,null,null,null,null,null,null,null,10.914400100708008,10.917308807373047,10.923192977905273,10.910372734069824,10.881914138793945,10.85870361328125,10.845799446105957,10.852337837219238,10.882603645324707,11.241780281066895,11.722373962402344,12.03677749633789,12.203268051147461,12.157363891601562,11.885973930358887,11.989961624145508,12.456982612609863,12.700113296508789,null,null,15.569403648376465,15.782745361328125,16.175827026367188,16.352224349975586,16.285316467285156,16.344276428222656,16.513999938964844,16.597103118896484,16.57840347290039,16.554672241210938,16.533077239990234
6.099289417266846,6.126023292541504,6.141023635864258,null,null,null,null,null,null,null,null,null,null,null,null,null,null,null,10.90939998626709,10.917149543762207,10.93122673034668,10.9280424118042,10.907449722290039,10.895263671875,10.892864227294922,10.904780387878418,10.927738189697266,11.07307243347168,11.32486343383789,11.509559631347656,11.61773681640625,11.513145446777344,11.164266586303711,11.289406776428223,11.75654125213623,12.147795677185059,null,null,15.475666999816895,15.839972496032715,16.264286041259766,16.430341720581055,16.314971923828125,16.322221755981445,16.454227447509766,16.53200340270996,16.542139053344727,16.55354118347168,16.561668395996094
6.075491905212402,6.1103196144104,6.129178524017334,null,null,null,null,null,null,null,null,null,null,null,null,null,null,null,10.894515991210938,10.905024528503418,10.924145698547363,10.928946495056152,10.919281005859375,10.916272163391113,10.921302795410156,10.945405006408691,10.985304832458496,11.01508903503418,11.018838882446289,11.083244323730469,null,null,null,null,11.350929260253906,11.946625709533691,13.238122940063477,14.69351863861084,15.543432235717773,16.07691192626953,16.375404357910156,16.464202880859375,16.320140838623047,16.28940200805664,16.37412452697754,16.44384765625,16.485164642333984,16.523759841918945,16.555084228515625
6.04484224319458,6.090802192687988,6.122861385345459,null,null,null,null,null,null,null,null,null,null,null,null,null,null,null,10.886578559875488,10.898307800292969,10.92029857635498,10.929750442504883,10.925480842590332,10.927942276000977,10.93682861328125,10.9555025100708,10.978304862976074,10.940803527832031,10.853852272033691,10.80744457244873,null,null,null,null,10.858875274658203,11.69528579711914,13.215189933776855,14.607476234436035,15.606132507324219,16.262836456298828,16.45606803894043,16.472705841064453,16.313634872436523,16.24006462097168,16.26840591430664,16.31856346130371,16.383647918701172,16.44534683227539,16.491413116455078
6.005132675170898,null,null,null,null,null,null,null,null,null,null,null,null,null,null,null,null,null,null,null,null,null,null,null,null,null,10.88906192779541,10.871968269348145,10.851656913757324,10.839071273803711,null,null,null,null,null,11.358028411865234,13.029749870300293,14.563582420349121,15.69351577758789,16.37350845336914,16.48204231262207,16.45566749572754,16.295270919799805,16.18830108642578,16.15117073059082,16.176767349243164,16.25820541381836,16.331222534179688,16.38357162475586
5.9680633544921875,null,null,null,null,null,null,null,null,null,null,null,null,null,null,null,null,null,null,null,null,null,null,null,null,null,10.828619003295898,10.83566951751709,10.848888397216797,10.855938911437988,null,null,null,null,null,11.289755821228027,12.870237350463867,14.220025062561035,15.435500144958496,16.17743492126465,16.303661346435547,16.315006256103516,16.199777603149414,16.090694427490234,16.004871368408203,16.002124786376953,16.085018157958984,16.161476135253906,16.218103408813477
5.954075813293457,null,null,null,null,null,null,null,null,null,null,null,null,null,null,null,null,null,null,null,null,null,null,null,null,null,null,null,null,null,null,null,null,null,null,null,12.696087837219238,13.537508010864258,14.637833595275879,15.399499893188477,15.700411796569824,15.87397575378418,15.889721870422363,15.845658302307129,15.747188568115234,15.724127769470215,15.778249740600586,15.837933540344238,15.893516540527344
null,null,null,null,null,null,null,null,null,null,null,null,null,null,null,null,null,null,null,null,null,null,null,null,null,null,null,null,null,null,null,null,null,null,null,null,12.604581832885742,13.058016777038574,13.868331909179688,14.577607154846191,15.047761917114258,15.378759384155273,15.518957138061523,15.55139446258545,15.475500106811523,15.442770004272461,15.459512710571289,15.497196197509766,15.547273635864258
null,null,null,null,null,null,null,null,null,null,null,null,null,null,null,null,null,null,null,null,null,null,null,null,null,null,null,null,null,null,null,null,null,null,null,null,12.60358715057373,12.810995101928711,13.144579887390137,13.610761642456055,14.216028213500977,14.729659080505371,15.039132118225098,15.21410846710205,15.206502914428711,15.201048851013184,15.194963455200195,15.216253280639648,15.261835098266602
null,null,null,null,null,null,null,null,null,null,null,null,null,null,null,null,null,null,null,null,null,null,null,null,null,null,null,null,null,null,null,null,null,null,null,null,null,null,null,null,null,13.898045539855957,14.467451095581055,14.821415901184082,14.911855697631836,14.947925567626953,14.92684268951416,14.939458847045898,14.98269271850586
null,null,null,null,null,null,null,null,null,null,null,null,null,null,null,null,null,null,null,null,null,null,null,null,null,null,null,null,null,null,null,null,null,null,null,null,null,null,null,null,null,12.902201652526855,13.714372634887695,14.27468490600586,14.466273307800293,14.564740180969238,14.546504974365234,14.56252670288086,14.608590126037598
null,null,null,null,null,null,null,null,null,null,null,null,null,null,null,null,null,null,null,null,null,null,null,null,null,null,null,null,null,null,null,null,null,null,null,null,null,null,null,null,null,11.562175750732422,12.565897941589355,13.283014297485352,13.599364280700684,13.77314567565918,13.776495933532715,13.813131332397461,13.876747131347656
null,null,null,null,null,null,null,null,null,null,null,null,null,null,null,null,null,null,null,null,null,null,null,null,null,null,null,null,null,null,null,null,null,null,null,null,null,null,null,null,null,10.404047966003418,11.452481269836426,12.25501823425293,12.66451358795166,12.89718246459961,12.912667274475098,12.968352317810059,13.055062294006348
null,null,null,null,null,null,null,null,null,null,null,null,null,null,null,null,null,null,null,null,null,null,null,null,null,null,null,null,null,null,null,null,null,null,null,null,null,null,null,null,null,10.049946784973145,10.86002254486084,11.442353248596191,11.877494812011719,12.122958183288574,12.13412094116211,12.20161247253418,12.312322616577148
null,null,null,null,null,null,null,null,null,null,null,null,null,null,null,null,null,null,null,null,null,null,null,null,null,null,null,null,null,null,null,null,null,null,null,null,null,null,null,null,null,null,10.21684455871582,10.466723442077637,10.7986421585083,10.969659805297852,10.959941864013672,11.032127380371094,11.174617767333984
null,null,null,null,null,null,null,null,null,null,null,null,null,null,null,null,null,null,null,null,null,null,null,null,null,null,null,null,null,null,null,null,null,null,null,null,null,null,null,null,null,null,null,null,9.809148788452148,9.856175422668457,9.820348739624023,9.890501022338867,10.053190231323242
null,null,null,null,null,null,null,null,null,null,null,null,null,null,null,null,null,null,null,null,null,null,null,null,null,null,null,null,null,null,null,null,null,null,null,null,null,null,null,null,null,null,null,null,9.50510311126709,9.478165626525879,9.431145668029785,9.419511795043945,9.452179908752441
null,null,null,null,null,null,null,null,null,null,null,null,null,null,null,null,null,null,null,null,null,null,null,null,null,null,null,null,null,null,null,null,null,null,null,null,null,null,null,null,null,null,null,null,null,null,null,null,9.066055297851562
