earth/public/data/ocean/W07/ANN-sowaflep-depthz-0m-gfs-1.0.json
{"header": {"discipline": 0, "disciplineName": "Meteorological products", "gribEdition": 2, "gribLength": 131138.0, "center": 0, "centerName": "Kiel Climate Model", "subcenter": 0, "refTime": "1", "significanceOfRT": 1, "significanceOfRTName": "Start of forecast", "productStatus": 0, "productStatusName": "Operational products", "productType": 1, "productTypeName": "Forecast products", "productDefinitionTemplate": 0, "productDefinitionTemplateName": "Analysis/forecast at horizontal level/layer at a point in time", "parameterCategory": 2, "parameterCategoryName": "Momentum", "parameterNumber": 2, "parameterNumberName": "U-component_of_wind", "parameterUnit": "kg/m2/s", "genProcessType": 2, "genProcessTypeName": "Forecast", "forecastTime": 0, "surface1Type": 103, "surface1TypeName": "Specified height level above ground", "surface1Value": 10, "surface2Type": 255, "surface2TypeName": "Missing", "surface2Value": 0, "gridDefinitionTemplate": 0, "gridDefinitionTemplateName": "Latitude_Longitude", "numberPoints": 65160, "shape": 6, "shapeName": "Earth spherical with radius of 6,371,229.0 m", "gridUnits": "degrees", "resolution": 48, "winds": "true", "scanMode": 0, "nx": 360.0, "ny": 180.0, "basicAngle": 0, "subDivisions": 0, "lo1": 0.0, "la1": -89.5, "lo2": 359.0, "la2": 89.5, "dx": 1.0, "dy": -1.0}, "data":
[rows 21 to 41 of 180, columns 235 to 281 of 360]
-1.3585249185562134,-1.5444586277008057,-1.5688821077346802,-1.4262834787368774,-1.2909703254699707,-1.1904022693634033,-1.119962453842163,-1.0945649147033691,-1.059770941734314,-1.022393822669983,-0.9964647889137268,-0.9869369268417358,-0.9751662611961365,-0.9640453457832336,-0.951270341873169,-0.9398372173309326,-0.9449310898780823,-0.9657006859779358,-1.022412657737732,-1.1041285991668701,-1.2267601490020752,-1.3665968179702759,-1.4491782188415527,-1.4584391117095947,-1.4802289009094238,-1.525811791419983,-1.5699595212936401,-1.594191312789917,-1.611001968383789,-1.6208255290985107,-1.6217550039291382,-1.621048092842102,-1.6185351610183716,-1.6201330423355103,-1.6252882480621338,-1.6046993732452393,-1.561466932296753,-1.5284398794174194,-1.5109145641326904,-1.4947596788406372,-1.482635736465454,-1.4749200344085693,-1.472676396369934,-1.4820361137390137,-1.5010921955108643,-1.5723762512207031,-1.6821085214614868
-1.1614359617233276,-1.2225838899612427,-1.2430251836776733,-1.2186715602874756,-1.1973761320114136,-1.188140630722046,-1.179275393486023,-1.1751394271850586,-1.1553956270217896,-1.1244239807128906,-1.0991301536560059,-1.084458351135254,-1.0654175281524658,-1.0453959703445435,-1.0227429866790771,-1.0014015436172485,-0.9864047765731812,-0.9799522757530212,-0.987085223197937,-1.0045762062072754,-1.037203311920166,-1.0751596689224243,-1.1017969846725464,-1.109988808631897,-1.1262283325195312,-1.1568686962127686,-1.1853406429290771,-1.2003650665283203,-1.2105426788330078,-1.215632438659668,-1.2143886089324951,-1.2112432718276978,-1.2065681219100952,-1.2011699676513672,-1.1956337690353394,-1.1738368272781372,-1.139523983001709,-1.1131850481033325,-1.0997672080993652,-1.0867079496383667,-1.0763503313064575,-1.0729401111602783,-1.0772078037261963,-1.0957095623016357,-1.1255964040756226,-1.179080843925476,-1.2457752227783203
-1.1773139238357544,-1.2114828824996948,-1.2386730909347534,-1.2540054321289062,-1.2713173627853394,-1.2874796390533447,-1.2964025735855103,-1.2964122295379639,-1.27940833568573,-1.2485438585281372,-1.2180777788162231,-1.1936153173446655,-1.1630996465682983,-1.1320866346359253,-1.09726881980896,-1.0649423599243164,-1.0354334115982056,-1.0140655040740967,-0.9970294833183289,-0.9874175190925598,-0.9821098446846008,-0.9820539951324463,-0.9843566417694092,-0.9886656403541565,-0.9979557394981384,-1.0159249305725098,-1.0326532125473022,-1.0420012474060059,-1.0492385625839233,-1.0531940460205078,-1.053257942199707,-1.0515339374542236,-1.0483826398849487,-1.0431017875671387,-1.0364973545074463,-1.0206156969070435,-0.9982712268829346,-0.9813428521156311,-0.9729406833648682,-0.965205729007721,-0.9595361351966858,-0.9614014625549316,-0.9704709053039551,-0.9936932325363159,-1.026863694190979,-1.0752625465393066,-1.130088210105896
-1.2361903190612793,-1.2748359441757202,-1.3064104318618774,-1.3257951736450195,-1.3444478511810303,-1.3594626188278198,-1.366568922996521,-1.364783763885498,-1.345639944076538,-1.3124653100967407,-1.277502417564392,-1.2465509176254272,-1.2097572088241577,-1.1730848550796509,-1.1333295106887817,-1.0968565940856934,-1.0626356601715088,-1.0360002517700195,-1.0131418704986572,-0.9973760843276978,-0.9850651025772095,-0.9776647090911865,-0.9739218354225159,-0.9739181995391846,-0.978435218334198,-0.990233838558197,-1.001656413078308,-1.0093940496444702,-1.0162707567214966,-1.021392822265625,-1.0236179828643799,-1.0253013372421265,-1.025957465171814,-1.0258709192276,-1.0249415636062622,-1.017212152481079,-1.0040889978408813,-0.9944239258766174,-0.9900875091552734,-0.9866313934326172,-0.9848875999450684,-0.9890494346618652,-0.9986875057220459,-1.0205082893371582,-1.0509281158447266,-1.0952454805374146,-1.1459167003631592
-1.2130221128463745,-1.2429554462432861,-1.2664198875427246,-1.2799402475357056,-1.2910199165344238,-1.298167109489441,-1.2983402013778687,-1.2918195724487305,-1.2720550298690796,-1.2426031827926636,-1.2113375663757324,-1.1835641860961914,-1.1522645950317383,-1.1225488185882568,-1.0925577878952026,-1.0669883489608765,-1.0437226295471191,-1.0261389017105103,-1.0118077993392944,-1.0025664567947388,-0.9958621859550476,-0.992324948310852,-0.9910622835159302,-0.9919434189796448,-0.9961580038070679,-1.0065832138061523,-1.017079472541809,-1.0259493589401245,-1.0351061820983887,-1.044985294342041,-1.0534886121749878,-1.0634626150131226,-1.0726053714752197,-1.0831212997436523,-1.0926262140274048,-1.096278190612793,-1.0929956436157227,-1.0906463861465454,-1.0894287824630737,-1.0876835584640503,-1.0857858657836914,-1.0864921808242798,-1.089991569519043,-1.1019338369369507,-1.120774745941162,-1.149794101715088,-1.184559941291809
-1.1406316757202148,-1.1522897481918335,-1.1603500843048096,-1.1625115871429443,-1.1624387502670288,-1.1593304872512817,-1.1519584655761719,-1.1409271955490112,-1.123679518699646,-1.1030900478363037,-1.0824259519577026,-1.0655866861343384,-1.0487767457962036,-1.035383701324463,-1.0251197814941406,-1.0204637050628662,-1.0181998014450073,-1.0195250511169434,-1.022469162940979,-1.0272923707962036,-1.0328173637390137,-1.0388000011444092,-1.0432226657867432,-1.0459948778152466,-1.049828052520752,-1.0577576160430908,-1.0662541389465332,-1.0754550695419312,-1.0867139101028442,-1.1021631956100464,-1.1195849180221558,-1.1398042440414429,-1.159841775894165,-1.182374119758606,-1.2039930820465088,-1.2193585634231567,-1.2263215780258179,-1.23037850856781,-1.231197714805603,-1.228783369064331,-1.2236348390579224,-1.2170307636260986,-1.2098987102508545,-1.207227110862732,-1.2087899446487427,-1.2170686721801758,-1.229461431503296
-1.0846245288848877,-1.0836379528045654,-1.0816624164581299,-1.078845739364624,-1.0746285915374756,-1.0695502758026123,-1.0622355937957764,-1.0537774562835693,-1.0433249473571777,-1.0326027870178223,-1.0240038633346558,-1.019011378288269,-1.0170223712921143,-1.0183768272399902,-1.0258302688598633,-1.0380666255950928,-1.053143858909607,-1.0684175491333008,-1.0839647054672241,-1.0971088409423828,-1.1089868545532227,-1.1176506280899048,-1.1204094886779785,-1.1170459985733032,-1.112897276878357,-1.1079350709915161,-1.103859305381775,-1.1068390607833862,-1.114374041557312,-1.129540205001831,-1.149783968925476,-1.1745587587356567,-1.1995490789413452,-1.22843599319458,-1.2561496496200562,-1.2779796123504639,-1.2900946140289307,-1.2971597909927368,-1.2979573011398315,-1.293670892715454,-1.2851033210754395,-1.2723034620285034,-1.2575668096542358,-1.2448219060897827,-1.2362571954727173,-1.2319080829620361,-1.232319712638855
-1.052628517150879,-1.0460022687911987,-1.0417444705963135,-1.0406426191329956,-1.0401461124420166,-1.0403468608856201,-1.0406150817871094,-1.0408929586410522,-1.0409914255142212,-1.0408779382705688,-1.044389009475708,-1.050870656967163,-1.0618330240249634,-1.0752710103988647,-1.0960114002227783,-1.1202765703201294,-1.1464719772338867,-1.169830083847046,-1.1911165714263916,-1.2064546346664429,-1.2173296213150024,-1.221765398979187,-1.214898943901062,-1.1979975700378418,-1.17827570438385,-1.1504428386688232,-1.123852252960205,-1.1142244338989258,-1.1129070520401,-1.1215726137161255,-1.1386570930480957,-1.1612803936004639,-1.1853336095809937,-1.214032769203186,-1.2421584129333496,-1.2646950483322144,-1.277542233467102,-1.2842025756835938,-1.2834646701812744,-1.276611328125,-1.2648941278457642,-1.2480014562606812,-1.2290120124816895,-1.2123053073883057,-1.2009197473526,-1.1938925981521606,-1.1924999952316284
-1.0400753021240234,-1.0341728925704956,-1.0349828004837036,-1.041433572769165,-1.05024254322052,-1.0591868162155151,-1.0693308115005493,-1.0787352323532104,-1.086544394493103,-1.0919690132141113,-1.1009607315063477,-1.112994909286499,-1.1295768022537231,-1.1488440036773682,-1.1757290363311768,-1.2063976526260376,-1.238147497177124,-1.2659595012664795,-1.28963041305542,-1.305225133895874,-1.313621997833252,-1.3133041858673096,-1.297200083732605,-1.267863392829895,-1.234479308128357,-1.1873664855957031,-1.1421037912368774,-1.1232823133468628,-1.1161216497421265,-1.121332049369812,-1.137281894683838,-1.1593624353408813,-1.1831185817718506,-1.2113280296325684,-1.23872709274292,-1.2592482566833496,-1.2694391012191772,-1.2721835374832153,-1.2674483060836792,-1.2558252811431885,-1.239728569984436,-1.219329595565796,-1.1982678174972534,-1.1816399097442627,-1.1719847917556763,-1.1682779788970947,-1.170532464981079
-1.0582928657531738,-1.0661613941192627,-1.0846247673034668,-1.1099464893341064,-1.1365950107574463,-1.1594657897949219,-1.1808761358261108,-1.1968902349472046,-1.2039082050323486,-1.2009060382843018,-1.2002955675125122,-1.202637791633606,-1.2091361284255981,-1.2190793752670288,-1.237716794013977,-1.2620900869369507,-1.2891168594360352,-1.3141889572143555,-1.3352439403533936,-1.34860360622406,-1.3543750047683716,-1.3515136241912842,-1.3311398029327393,-1.2968100309371948,-1.2584580183029175,-1.206909418106079,-1.1583213806152344,-1.1410574913024902,-1.1384038925170898,-1.1494402885437012,-1.1718827486038208,-1.19941246509552,-1.2268452644348145,-1.2564040422439575,-1.2826610803604126,-1.2973449230194092,-1.2979029417037964,-1.290330171585083,-1.2761975526809692,-1.2556138038635254,-1.2324492931365967,-1.2094262838363647,-1.1907051801681519,-1.1808016300201416,-1.1813160181045532,-1.190019965171814,-1.2050564289093018
-1.1003327369689941,-1.1319693326950073,-1.1784242391586304,-1.2312414646148682,-1.2826201915740967,-1.3232280015945435,-1.3568220138549805,-1.3773223161697388,-1.3763713836669922,-1.3541792631149292,-1.3314803838729858,-1.312433123588562,-1.2959519624710083,-1.2850511074066162,-1.2837836742401123,-1.292374849319458,-1.306566834449768,-1.323744773864746,-1.3384332656860352,-1.3479114770889282,-1.3512599468231201,-1.3478212356567383,-1.3274455070495605,-1.2938110828399658,-1.2576431035995483,-1.2132813930511475,-1.1733694076538086,-1.1665781736373901,-1.1764494180679321,-1.2010945081710815,-1.2359999418258667,-1.2740141153335571,-1.3082009553909302,-1.340583324432373,-1.3652734756469727,-1.3706997632980347,-1.3559199571609497,-1.3324204683303833,-1.304534673690796,-1.2714120149612427,-1.2391031980514526,-1.2144211530685425,-1.2018190622329712,-1.2048648595809937,-1.222879409790039,-1.2524642944335938,-1.28807532787323
-1.1379663944244385,-1.1940244436264038,-1.267345666885376,-1.3451647758483887,-1.4171714782714844,-1.4711394309997559,-1.5108397006988525,-1.5299714803695679,-1.5153104066848755,-1.4700781106948853,-1.421723484992981,-1.3790764808654785,-1.338191032409668,-1.3062171936035156,-1.2867952585220337,-1.2827696800231934,-1.2898657321929932,-1.3056751489639282,-1.3219174146652222,-1.3343729972839355,-1.343122959136963,-1.3454668521881104,-1.3299392461776733,-1.2988197803497314,-1.2669671773910522,-1.2328182458877563,-1.20476496219635,-1.2118338346481323,-1.2378212213516235,-1.2803491353988647,-1.3313697576522827,-1.3828892707824707,-1.4253029823303223,-1.4603506326675415,-1.4817373752593994,-1.472011685371399,-1.4336438179016113,-1.386515736579895,-1.340067744255066,-1.2914812564849854,-1.2498588562011719,-1.2291897535324097,-1.2324552536010742,-1.2665376663208008,-1.3229081630706787,-1.3966631889343262,-1.471413493156433
-1.1548935174942017,-1.22714364528656,-1.3165420293807983,-1.4075359106063843,-1.4891347885131836,-1.5467230081558228,-1.5850419998168945,-1.596702218055725,-1.5684441328048706,-1.5044246912002563,-1.4370238780975342,-1.3773999214172363,-1.3204400539398193,-1.2756935358047485,-1.2473524808883667,-1.2403206825256348,-1.249353289604187,-1.2733372449874878,-1.2988024950027466,-1.3221179246902466,-1.34190833568573,-1.3556187152862549,-1.3471124172210693,-1.318538784980774,-1.2902052402496338,-1.2639293670654297,-1.245119333267212,-1.2633432149887085,-1.303412675857544,-1.361060380935669,-1.4267823696136475,-1.4897162914276123,-1.5391573905944824,-1.575663447380066,-1.5926510095596313,-1.5673394203186035,-1.5031819343566895,-1.433173418045044,-1.3684155941009521,-1.3067834377288818,-1.2586408853530884,-1.2458703517913818,-1.2715338468551636,-1.3432464599609375,-1.4509820938110352,-1.5761240720748901,-1.6999561786651611
-1.1602102518081665,-1.242222547531128,-1.3410143852233887,-1.4379017353057861,-1.5224528312683105,-1.5790680646896362,-1.6117278337478638,-1.6149288415908813,-1.5735303163528442,-1.4960689544677734,-1.413981318473816,-1.3433209657669067,-1.27555251121521,-1.2238281965255737,-1.1921501159667969,-1.1865345239639282,-1.2026565074920654,-1.2370400428771973,-1.2758852243423462,-1.3111010789871216,-1.3448662757873535,-1.3699674606323242,-1.3695342540740967,-1.3430249691009521,-1.3176501989364624,-1.2971935272216797,-1.2850241661071777,-1.312522053718567,-1.363127589225769,-1.4338668584823608,-1.5108718872070312,-1.5836862325668335,-1.6383113861083984,-1.6755380630493164,-1.6885424852371216,-1.6478432416915894,-1.5620229244232178,-1.4702236652374268,-1.3908109664916992,-1.3179025650024414,-1.2656214237213135,-1.2627630233764648,-1.3090852499008179,-1.4211475849151611,-1.5754739046096802,-1.7546859979629517,-1.922044038772583
-1.1748123168945312,-1.267583966255188,-1.3739538192749023,-1.4753590822219849,-1.55995512008667,-1.6129592657089233,-1.6371511220932007,-1.6282553672790527,-1.5719937086105347,-1.4781545400619507,-1.381690502166748,-1.2993090152740479,-1.2233182191848755,-1.1665654182434082,-1.1370728015899658,-1.1391875743865967,-1.1696199178695679,-1.222121238708496,-1.279932975769043,-1.3324122428894043,-1.3820937871932983,-1.4203972816467285,-1.4253185987472534,-1.3968063592910767,-1.3688994646072388,-1.347416639328003,-1.335553765296936,-1.3684226274490356,-1.4291660785675049,-1.512821078300476,-1.6049039363861084,-1.6899709701538086,-1.7527238130569458,-1.792486310005188,-1.8017922639846802,-1.7423509359359741,-1.624655842781067,-1.5038115978240967,-1.4017245769500732,-1.3126769065856934,-1.2529933452606201,-1.262920618057251,-1.3407479524612427,-1.5127757787704468,-1.7469100952148438,-2.024182081222534,-2.2904021739959717
-1.2121708393096924,-1.3091239929199219,-1.4151036739349365,-1.5114752054214478,-1.5877968072891235,-1.630682349205017,-1.641497015953064,-1.6183781623840332,-1.547795295715332,-1.4422247409820557,-1.33755362033844,-1.2521356344223022,-1.1783292293548584,-1.128761649131775,-1.116422176361084,-1.1427218914031982,-1.2028276920318604,-1.2852202653884888,-1.3709834814071655,-1.444409966468811,-1.5097054243087769,-1.555363655090332,-1.5559086799621582,-1.5119307041168213,-1.466741919517517,-1.4219402074813843,-1.3880919218063354,-1.4132124185562134,-1.472833275794983,-1.5641570091247559,-1.6711702346801758,-1.7707631587982178,-1.8449621200561523,-1.891512155532837,-1.9017552137374878,-1.820878028869629,-1.6633344888687134,-1.5034000873565674,-1.3701099157333374,-1.2569644451141357,-1.1846507787704468,-1.2108726501464844,-1.3309353590011597,-1.5969144105911255,-1.9597618579864502,-2.4246888160705566,-2.9040374755859375
-1.2696573734283447,-1.3597190380096436,-1.4528272151947021,-1.5321102142333984,-1.5907633304595947,-1.6181304454803467,-1.614323377609253,-1.57992684841156,-1.5035839080810547,-1.398913860321045,-1.300743818283081,-1.2266547679901123,-1.170494794845581,-1.1424212455749512,-1.1608394384384155,-1.222741961479187,-1.3194013833999634,-1.4339005947113037,-1.5459942817687988,-1.6358684301376343,-1.7083014249801636,-1.7503459453582764,-1.734366536140442,-1.6631170511245728,-1.5869921445846558,-1.4967811107635498,-1.418274998664856,-1.4191750288009644,-1.4622180461883545,-1.5499801635742188,-1.6664950847625732,-1.7786617279052734,-1.8659899234771729,-1.9251267910003662,-1.945002555847168,-1.8507682085037231,-1.6590662002563477,-1.4632028341293335,-1.2984495162963867,-1.1586949825286865,-1.0694032907485962,-1.1068209409713745,-1.2647011280059814,-1.631051778793335,-2.1402535438537598,-2.8395304679870605,-3.603652000427246
-1.3384138345718384,-1.416823148727417,-1.4913183450698853,-1.5484955310821533,-1.5863430500030518,-1.5979511737823486,-1.5825755596160889,-1.5426243543624878,-1.4714046716690063,-1.3810092210769653,-1.3023147583007812,-1.2487878799438477,-1.216851830482483,-1.2121977806091309,-1.2551873922348022,-1.3392051458358765,-1.4543226957321167,-1.5818463563919067,-1.7021901607513428,-1.7953816652297974,-1.8652571439743042,-1.899844765663147,-1.8680636882781982,-1.775146245956421,-1.6722501516342163,-1.538469672203064,-1.4158668518066406,-1.389553189277649,-1.4118942022323608,-1.492630958557129,-1.61703360080719,-1.7438112497329712,-1.8496309518814087,-1.9327009916305542,-1.9769227504730225,-1.8871111869812012,-1.6779717206954956,-1.4581009149551392,-1.2662800550460815,-1.0978692770004272,-0.9835935831069946,-1.0135085582733154,-1.1840075254440308,-1.6214025020599365,-2.249648332595825,-3.1376357078552246,-4.130767822265625
-1.3933300971984863,-1.4617496728897095,-1.5215624570846558,-1.5610064268112183,-1.5838589668273926,-1.5851235389709473,-1.5642516613006592,-1.5248711109161377,-1.4639428853988647,-1.3934507369995117,-1.3354263305664062,-1.3019098043441772,-1.2885631322860718,-1.2989124059677124,-1.3506879806518555,-1.4345248937606812,-1.546042799949646,-1.6639223098754883,-1.7757123708724976,-1.8598856925964355,-1.9222906827926636,-1.9508814811706543,-1.9117226600646973,-1.811719298362732,-1.6967800855636597,-1.5392855405807495,-1.3912482261657715,-1.3474396467208862,-1.3549973964691162,-1.430981993675232,-1.5613268613815308,-1.7009433507919312,-1.8252822160720825,-1.9334521293640137,-2.007585287094116,-1.9334157705307007,-1.7259269952774048,-1.4976390600204468,-1.2900291681289673,-1.0998677015304565,-0.960454523563385,-0.9708799719810486,-1.1274540424346924,-1.5901800394058228,-2.275059938430786,-3.2486116886138916,-4.336116313934326
-1.43294358253479,-1.4940153360366821,-1.541992425918579,-1.569057822227478,-1.5807842016220093,-1.5758841037750244,-1.5529348850250244,-1.5162569284439087,-1.4676884412765503,-1.4150933027267456,-1.3771275281906128,-1.3591448068618774,-1.3602873086929321,-1.3792511224746704,-1.431140422821045,-1.5065522193908691,-1.603405475616455,-1.7052689790725708,-1.8004504442214966,-1.8729588985443115,-1.925898790359497,-1.9503793716430664,-1.9091640710830688,-1.809843897819519,-1.6921457052230835,-1.5239384174346924,-1.3636802434921265,-1.3085976839065552,-1.3064175844192505,-1.37838613986969,-1.5117753744125366,-1.6613824367523193,-1.7993277311325073,-1.9305015802383423,-2.0293679237365723,-1.9752956628799438,-1.7765686511993408,-1.548838496208191,-1.3333959579467773,-1.1268463134765625,-0.9679516553878784,-0.9542388916015625,-1.0900638103485107,-1.5527331829071045,-2.258267402648926,-3.261287212371826,-4.377250671386719
-1.4596935510635376,-1.5087171792984009,-1.541093349456787,-1.5508824586868286,-1.5497376918792725,-1.53756582736969,-1.514542579650879,-1.4844712018966675,-1.4569718837738037,-1.4364302158355713,-1.4279955625534058,-1.4328581094741821,-1.4499006271362305,-1.476537823677063,-1.5190808773040771,-1.5711262226104736,-1.63555109500885,-1.7024123668670654,-1.7655932903289795,-1.8149490356445312,-1.8530522584915161,-1.8732635974884033,-1.8435200452804565,-1.7672322988510132,-1.6713311672210693,-1.5178371667861938,-1.3673553466796875,-1.3047988414764404,-1.285504698753357,-1.340461254119873,-1.4613010883331299,-1.6036862134933472,-1.7446314096450806,-1.8884092569351196,-2.011465072631836,-1.9858652353286743,-1.8160762786865234,-1.6059831380844116,-1.3914177417755127,-1.174323320388794,-0.9925482869148254,-0.9436344504356384,-1.0368413925170898,-1.466977596282959,-2.160386562347412,-3.1828861236572266,-4.351414203643799
