earth/public/data/ocean/W07/ANN-vosaline-depthz-500m-gfs-1.0.json
{"header": {"discipline": 0, "disciplineName": "Meteorological products", "gribEdition": 2, "gribLength": 131138.0, "center": 0, "centerName": "Kiel Climate Model", "subcenter": 0, "refTime": "1", "significanceOfRT": 1, "significanceOfRTName": "Start of forecast", "productStatus": 0, "productStatusName": "Operational products", "productType": 1, "productTypeName": "Forecast products", "productDefinitionTemplate": 0, "productDefinitionTemplateName": "Analysis/forecast at horizontal level/layer at a point in time", "parameterCategory": 2, "parameterCategoryName": "Momentum", "parameterNumber": 2, "parameterNumberName": "U-component_of_wind", "parameterUnit": "PSU", "genProcessType": 2, "genProcessTypeName": "Forecast", "forecastTime": 0, "surface1Type": 103, "surface1TypeName": "Specified height level above ground", "surface1Value": 10, "surface2Type": 255, "surface2TypeName": "Missing", "surface2Value": 0, "gridDefinitionTemplate": 0, "gridDefinitionTemplateName": "Latitude_Longitude", "numberPoints": 65160, "shape": 6, "shapeName": "Earth spherical with radius of 6,371,229.0 m", "gridUnits": "degrees", "resolution": 48, "winds": "true", "scanMode": 0, "nx": 360.0, "ny": 180.0, "basicAngle": 0, "subDivisions": 0, "lo1": 0.0, "la1": -89.5, "lo2": 359.0, "la2": 89.5, "dx": 1.0, "dy": -1.0}, "data":
[rows 88 to 109 of 180, columns 294 to 342 of 360]
null,null,null,null,null,null,null,null,null,null,null,null,null,null,null,null,null,null,null,null,null,null,null,34.79145431518555,34.77961349487305,34.767154693603516,34.747459411621094,34.728572845458984,34.72422790527344,34.73153305053711,34.7441291809082,34.759891510009766,34.78322982788086,34.81001281738281,34.830909729003906,34.842063903808594,34.85411071777344,34.86484146118164,34.87453842163086,34.881500244140625,34.885311126708984,34.88766098022461,34.89192581176758,34.89506912231445,34.89653015136719,34.89714050292969,34.896812438964844,34.895225524902344,34.89267349243164
null,null,null,null,null,null,null,null,null,null,null,null,null,null,null,null,null,null,null,null,null,34.83771896362305,34.82602310180664,34.80890655517578,34.79621124267578,34.78668212890625,34.77532196044922,34.76416015625,34.76564025878906,34.77962875366211,34.797061920166016,34.81502151489258,34.83416748046875,34.851070404052734,34.865081787109375,34.873504638671875,34.884334564208984,34.895606994628906,34.90475082397461,34.910160064697266,34.913143157958984,34.915374755859375,34.91944122314453,34.92206573486328,34.92278289794922,34.92262268066406,34.92162322998047,34.91912841796875,34.91559982299805
null,null,null,null,null,null,null,null,null,null,null,null,null,null,null,null,null,null,null,null,null,34.85482406616211,34.84625244140625,34.838287353515625,34.83137893676758,34.826759338378906,34.820831298828125,34.81467819213867,34.82001495361328,34.83603286743164,34.852962493896484,34.867950439453125,34.8817024230957,34.89170455932617,34.901573181152344,34.909427642822266,34.919036865234375,34.92867660522461,34.936248779296875,34.940364837646484,34.9426383972168,34.94458770751953,34.948143005371094,34.94997787475586,34.94977569580078,34.94868469238281,34.9469108581543,34.94342041015625,34.938865661621094
null,null,null,null,null,null,null,null,null,null,null,null,null,null,null,null,null,null,null,34.91086196899414,34.89840316772461,34.88591384887695,34.88096618652344,34.881988525390625,34.88283920288086,34.88340759277344,34.88252639770508,34.88042449951172,34.885948181152344,34.89824676513672,34.90996170043945,34.91904830932617,34.92772674560547,34.934349060058594,34.94209289550781,34.94955062866211,34.957576751708984,34.9647331237793,34.97056579589844,34.97397994995117,34.975860595703125,34.977256774902344,34.979801177978516,34.98058319091797,34.979461669921875,34.97730255126953,34.97450256347656,34.96978759765625,34.96403884887695
null,null,null,null,null,null,null,null,null,null,null,null,null,null,null,null,null,34.95453643798828,34.9435920715332,34.927921295166016,34.9204216003418,34.91990280151367,34.92412185668945,34.93254089355469,34.93947219848633,34.9438591003418,34.946285247802734,34.94644546508789,34.94966125488281,34.955299377441406,34.960758209228516,34.9648323059082,34.97008514404297,34.975440979003906,34.981727600097656,34.98779296875,34.99407196044922,34.999385833740234,35.0039176940918,35.00682067871094,35.00841522216797,35.009178161621094,35.01054382324219,35.01026153564453,35.008358001708984,35.00513458251953,35.00115966796875,34.9951286315918,34.98811340332031
null,null,null,null,null,null,null,null,null,null,null,null,null,null,null,null,null,34.98686599731445,34.97190856933594,34.959434509277344,34.9576416015625,34.96622848510742,34.97774887084961,34.990081787109375,34.99995040893555,35.00566101074219,35.00885009765625,35.009033203125,35.00944900512695,35.0100212097168,35.01155090332031,35.01369094848633,35.017059326171875,35.021080017089844,35.025428771972656,35.029415130615234,35.03371810913086,35.03762435913086,35.04078674316406,35.04269790649414,35.043731689453125,35.043785095214844,35.04389953613281,35.04240417480469,35.03961181640625,35.035133361816406,35.02983856201172,35.022247314453125,35.01380920410156
null,null,null,null,null,null,null,null,null,null,null,null,null,null,null,35.08666229248047,35.05720138549805,35.02720642089844,35.011016845703125,35.005653381347656,35.011043548583984,35.02659606933594,35.042198181152344,35.055301666259766,35.0651741027832,35.070106506347656,35.072391510009766,35.071590423583984,35.07051467895508,35.06922149658203,35.06966781616211,35.071693420410156,35.073829650878906,35.075660705566406,35.07767105102539,35.07941818237305,35.08164596557617,35.08388900756836,35.08530044555664,35.085594177246094,35.08576583862305,35.085025787353516,35.08366012573242,35.08071517944336,35.076690673828125,35.07071304321289,35.0638313293457,35.05440902709961,35.044124603271484
null,null,null,null,null,null,null,null,null,null,null,null,null,null,35.136871337890625,35.104984283447266,35.08135223388672,35.063594818115234,35.0556526184082,35.05906295776367,35.070533752441406,35.0881233215332,35.104034423828125,35.115478515625,35.12357711791992,35.12688446044922,35.12820053100586,35.12725830078125,35.12647247314453,35.12594985961914,35.1267204284668,35.12865447998047,35.1297492980957,35.12980270385742,35.12995147705078,35.1301383972168,35.130592346191406,35.13121032714844,35.13084030151367,35.129539489746094,35.12882614135742,35.127288818359375,35.1245002746582,35.120025634765625,35.11469268798828,35.10711669921875,35.09869384765625,35.08729553222656,35.075008392333984
null,null,null,null,null,null,null,null,null,null,null,null,null,35.18820571899414,35.16192626953125,35.137847900390625,35.11990737915039,35.111534118652344,35.111080169677734,35.118797302246094,35.131195068359375,35.146175384521484,35.158836364746094,35.166954040527344,35.17243576049805,35.174278259277344,35.17536163330078,35.17544937133789,35.17618179321289,35.177425384521484,35.17893981933594,35.18046569824219,35.180912017822266,35.1801872253418,35.179466247558594,35.178855895996094,35.178157806396484,35.177486419677734,35.175716400146484,35.173152923583984,35.17174530029297,35.16950225830078,35.165428161621094,35.15950393676758,35.15281295776367,35.143653869628906,35.133697509765625,35.12035369873047,35.106048583984375
null,null,null,null,null,null,null,null,null,35.45969772338867,35.392974853515625,35.34777069091797,35.28345489501953,35.225399017333984,35.189369201660156,35.17041015625,35.15841293334961,35.15583801269531,35.1593132019043,35.16836929321289,35.17981719970703,35.19146728515625,35.20083236694336,35.205989837646484,35.20948791503906,35.210575103759766,35.21184158325195,35.21308135986328,35.21503448486328,35.217411041259766,35.21934509277344,35.220497131347656,35.220619201660156,35.21967315673828,35.218589782714844,35.217552185058594,35.216182708740234,35.21469497680664,35.2120361328125,35.20864486694336,35.206790924072266,35.204036712646484,35.199005126953125,35.19197463989258,35.184165954589844,35.17374801635742,35.162532806396484,35.14768600463867,35.13182067871094
null,null,null,null,null,null,null,35.56143569946289,35.52381134033203,35.4550666809082,35.39438247680664,35.35172653198242,35.301849365234375,35.25321960449219,35.218109130859375,35.20231246948242,35.193603515625,35.19335174560547,35.19784164428711,35.206268310546875,35.215721130371094,35.224674224853516,35.231353759765625,35.234745025634766,35.23716735839844,35.23823547363281,35.23991775512695,35.241859436035156,35.244441986083984,35.247161865234375,35.249183654785156,35.25014114379883,35.250186920166016,35.24931335449219,35.248199462890625,35.247039794921875,35.24540710449219,35.24361038208008,35.24056625366211,35.23685073852539,35.23480224609375,35.23176574707031,35.226261138916016,35.218563079833984,35.210113525390625,35.198909759521484,35.18703079223633,35.17142868041992,35.15496826171875
null,null,null,null,null,null,null,35.535518646240234,35.50082015991211,35.451812744140625,35.40415954589844,35.367393493652344,35.327579498291016,35.29201126098633,35.266212463378906,35.25503921508789,35.24932861328125,35.25025939941406,35.25400161743164,35.25996780395508,35.26618576049805,35.27150344848633,35.275428771972656,35.277156829833984,35.27898025512695,35.280517578125,35.28268814086914,35.285125732421875,35.28789520263672,35.29054260253906,35.29240798950195,35.29317092895508,35.293277740478516,35.292701721191406,35.291778564453125,35.2906608581543,35.28902816772461,35.28715515136719,35.28406524658203,35.28029251098633,35.27822494506836,35.275081634521484,35.26934814453125,35.261348724365234,35.25248718261719,35.24109649658203,35.229164123535156,35.214508056640625,35.19956970214844
null,null,null,null,null,null,35.582889556884766,35.53720474243164,35.49562072753906,35.456390380859375,35.41794967651367,35.387489318847656,35.35747146606445,35.333900451660156,35.31667709350586,35.30936050415039,35.305999755859375,35.30727767944336,35.30982208251953,35.313053131103516,35.316139221191406,35.3183479309082,35.3199462890625,35.3205451965332,35.32199478149414,35.32402420043945,35.32656478881836,35.32916259765625,35.331912994384766,35.334293365478516,35.335941314697266,35.33654022216797,35.33673858642578,35.33649826049805,35.3358154296875,35.33481979370117,35.33327865600586,35.331478118896484,35.32847595214844,35.324832916259766,35.32282638549805,35.319679260253906,35.31396484375,35.305912017822266,35.2969970703125,35.28582000732422,35.27445983886719,35.26171875,35.25010299682617
35.87617492675781,null,null,null,null,35.62543487548828,35.593971252441406,35.55152893066406,35.507938385009766,35.47081756591797,35.436370849609375,35.410457611083984,35.386775970458984,35.36920928955078,35.35623550415039,35.349998474121094,35.34684753417969,35.34739685058594,35.34844970703125,35.34992599487305,35.351314544677734,35.352447509765625,35.35327911376953,35.353675842285156,35.35505294799805,35.35717010498047,35.35954284667969,35.361778259277344,35.36408615112305,35.3661003112793,35.36747741699219,35.36799240112305,35.36827087402344,35.368263244628906,35.367820739746094,35.367008209228516,35.36572265625,35.36417007446289,35.36152267456055,35.35822296142578,35.35641860961914,35.353515625,35.34820556640625,35.34069061279297,35.332275390625,35.321998596191406,35.3116455078125,35.300941467285156,35.291709899902344
35.849266052246094,35.80891799926758,35.76203536987305,35.72684097290039,35.68263626098633,35.64515686035156,35.60856628417969,35.57130813598633,35.534210205078125,35.50385665893555,35.47611999511719,35.45610809326172,35.43845748901367,35.42659378051758,35.41630554199219,35.40964126586914,35.40531921386719,35.404178619384766,35.40330505371094,35.40283203125,35.40288162231445,35.40341567993164,35.40378952026367,35.40394973754883,35.40489959716797,35.4065055847168,35.40807342529297,35.40934753417969,35.41079330444336,35.41215133666992,35.413082122802734,35.41342544555664,35.41371154785156,35.413909912109375,35.41373825073242,35.413238525390625,35.41239547729492,35.4113655090332,35.40937805175781,35.40679931640625,35.4053840637207,35.402992248535156,35.398643493652344,35.39230728149414,35.385135650634766,35.3764762878418,35.3679084777832,35.359066009521484,35.351585388183594
35.83700180053711,35.7965202331543,35.756385803222656,35.72377014160156,35.68944549560547,35.66010284423828,35.626827239990234,35.596256256103516,35.56635665893555,35.543025970458984,35.52168273925781,35.50654602050781,35.49395751953125,35.486419677734375,35.47802734375,35.47035598754883,35.464637756347656,35.46180725097656,35.45913314819336,35.45700454711914,35.45585250854492,35.45583724975586,35.455684661865234,35.455387115478516,35.455718994140625,35.456565856933594,35.457218170166016,35.45749282836914,35.45805358886719,35.45874786376953,35.45920944213867,35.45933151245117,35.45957565307617,35.45988464355469,35.45993423461914,35.459720611572266,35.45930862426758,35.45880126953125,35.45748519897461,35.45563507080078,35.45460891723633,35.45273971557617,35.44937515258789,35.44425964355469,35.438392639160156,35.431365966796875,35.4245491027832,35.41743850708008,35.41141128540039
35.86226272583008,35.81558609008789,35.771488189697266,35.73847198486328,35.70746994018555,35.68406677246094,35.65735626220703,35.63179016113281,35.606895446777344,35.586910247802734,35.568359375,35.554534912109375,35.54329299926758,35.536685943603516,35.528106689453125,35.51919174194336,35.5119743347168,35.507896423339844,35.5037841796875,35.500511169433594,35.49817657470703,35.49732971191406,35.49619674682617,35.49510192871094,35.49445724487305,35.49448013305664,35.49421691894531,35.4937858581543,35.49361801147461,35.493797302246094,35.493770599365234,35.493587493896484,35.493553161621094,35.49370193481445,35.49367904663086,35.49349594116211,35.493228912353516,35.492923736572266,35.491943359375,35.490455627441406,35.48964309692383,35.48808670043945,35.4852409362793,35.48091125488281,35.47583770751953,35.46992111206055,35.46416091918945,35.45820236206055,null
35.909061431884766,35.85501480102539,35.80561828613281,35.769371032714844,35.738956451416016,35.71995544433594,35.697723388671875,35.67670440673828,35.654998779296875,35.6368408203125,35.619239807128906,35.6054801940918,35.59422302246094,35.58751678466797,35.57817459106445,35.56782913208008,35.559207916259766,35.553749084472656,35.548255920410156,35.543601989746094,35.539913177490234,35.53773880004883,35.535369873046875,35.53312301635742,35.53141403198242,35.530460357666016,35.52935028076172,35.5282096862793,35.52739334106445,35.5269889831543,35.52645492553711,35.52584457397461,35.525428771972656,35.52525329589844,35.52500915527344,35.52471923828125,35.52442932128906,35.52418518066406,35.523345947265625,35.52207565307617,35.5213737487793,35.52000045776367,35.51752471923828,35.513710021972656,35.509300231933594,35.50420379638672,35.49941635131836,35.494422912597656,null
35.99882507324219,35.93462371826172,35.87350845336914,35.827884674072266,35.79337692260742,35.776939392089844,35.758392333984375,35.74095153808594,35.72178268432617,35.70426940917969,35.686668395996094,35.672264099121094,35.6602897644043,35.65303039550781,35.64242172241211,35.63051986694336,35.619903564453125,35.6126823425293,35.60499572753906,35.598453521728516,35.59251022338867,35.588470458984375,35.584041595458984,35.580230712890625,35.576805114746094,35.57455062866211,35.57207107543945,35.5699462890625,35.56802749633789,35.5667724609375,35.565311431884766,35.56400680541992,35.56281280517578,35.56202697753906,35.56117248535156,35.56047439575195,35.559791564941406,35.559303283691406,35.55828094482422,35.55694580078125,35.55620193481445,35.554893493652344,35.552520751953125,35.549034118652344,35.54506301879883,35.54069519042969,35.53669357299805,35.532806396484375,null
36.11615753173828,36.03901672363281,35.96366882324219,35.90251922607422,35.86061096191406,35.84489059448242,35.828006744384766,35.81318283081055,35.795047760009766,35.77699661254883,35.758445739746094,35.7426872253418,35.72953414916992,35.72126770019531,35.709312438964844,35.695716857910156,35.68318176269531,35.67381286621094,35.66386032104492,35.65492248535156,35.64657974243164,35.64012908935547,35.63351058959961,35.627723693847656,35.62249755859375,35.61861801147461,35.61469650268555,35.61131286621094,35.60820770263672,35.6058349609375,35.603336334228516,35.601078033447266,35.59895706176758,35.59728240966797,35.59562683105469,35.59422302246094,35.59291076660156,35.59187698364258,35.59040069580078,35.58871078491211,35.587791442871094,35.58640670776367,35.58388137817383,35.580421447753906,35.576656341552734,35.57269287109375,35.56929397583008,35.566287994384766,null
36.23619842529297,36.1536750793457,36.06838607788086,35.996055603027344,35.94809341430664,35.9334602355957,35.91874694824219,35.90644454956055,35.88922119140625,35.87016677856445,35.850284576416016,35.83330535888672,35.81866455078125,35.80913543701172,35.79531478881836,35.77987289428711,35.76475524902344,35.7529182434082,35.73990249633789,35.72832489013672,35.71676254272461,35.707584381103516,35.697872161865234,35.68966293334961,35.68168258666992,35.67563247680664,35.66931915283203,35.66411590576172,35.6589469909668,35.65495300292969,35.65061569213867,35.646907806396484,35.64307403564453,35.639991760253906,35.63675308227539,35.63410949707031,35.63145065307617,35.62940216064453,35.62687683105469,35.62445068359375,35.62308883666992,35.62142562866211,35.618438720703125,35.61463928222656,35.61076736450195,35.60694122314453,35.6038703918457,35.60173416137695,null
36.337615966796875,36.25726318359375,36.16964340209961,36.09046936035156,36.039817810058594,36.02664566040039,36.013877868652344,36.00401306152344,35.987274169921875,35.96675109863281,35.945594787597656,35.92753219604492,35.91158676147461,35.900535583496094,35.88496017456055,35.867523193359375,35.850013732910156,35.83538818359375,35.81953430175781,35.80507278442383,35.79054260253906,35.778316497802734,35.765647888183594,35.754573822021484,35.743797302246094,35.73502731323242,35.72616195678711,35.718589782714844,35.7111701965332,35.70505142211914,35.69868087768555,35.693031311035156,35.68727111816406,35.68226623535156,35.677181243896484,35.67277145385742,35.668487548828125,35.66496276855469,35.66114044189453,35.657596588134766,35.65567398071289,35.65362548828125,35.64986801147461,35.64547348022461,35.64118194580078,35.63718032836914,35.63417434692383,35.632598876953125,null
