earth/public/data/ocean/W07/ANN-votemper-depthz-1000m-gfs-1.0.json
{"header": {"discipline": 0, "disciplineName": "Meteorological products", "gribEdition": 2, "gribLength": 131138.0, "center": 0, "centerName": "Kiel Climate Model", "subcenter": 0, "refTime": "1", "significanceOfRT": 1, "significanceOfRTName": "Start of forecast", "productStatus": 0, "productStatusName": "Operational products", "productType": 1, "productTypeName": "Forecast products", "productDefinitionTemplate": 0, "productDefinitionTemplateName": "Analysis/forecast at horizontal level/layer at a point in time", "parameterCategory": 2, "parameterCategoryName": "Momentum", "parameterNumber": 2, "parameterNumberName": "U-component_of_wind", "parameterUnit": "C", "genProcessType": 2, "genProcessTypeName": "Forecast", "forecastTime": 0, "surface1Type": 103, "surface1TypeName": "Specified height level above ground", "surface1Value": 10, "surface2Type": 255, "surface2TypeName": "Missing", "surface2Value": 0, "gridDefinitionTemplate": 0, "gridDefinitionTemplateName": "Latitude_Longitude", "numberPoints": 65160, "shape": 6, "shapeName": "Earth spherical with radius of 6,371,229.0 m", "gridUnits": "degrees", "resolution": 48, "winds": "true", "scanMode": 0, "nx": 360.0, "ny": 180.0, "basicAngle": 0, "subDivisions": 0, "lo1": 0.0, "la1": -89.5, "lo2": 359.0, "la2": 89.5, "dx": 1.0, "dy": -1.0}, "data":
[rows 22 to 43 of 180, columns 245 to 293 of 360]
1.0622906684875488,1.0690947771072388,1.0766302347183228,1.083587408065796,1.0912848711013794,1.0983853340148926,1.1060017347335815,1.1128112077713013,1.1197584867477417,1.1256392002105713,1.1313023567199707,1.1357743740081787,1.1397866010665894,1.142665982246399,1.14496648311615,1.1463658809661865,1.147191047668457,1.146798014640808,1.1460222005844116,1.1448041200637817,1.143371343612671,1.1415935754776,1.1397844552993774,1.1374990940093994,1.1351405382156372,1.132142186164856,1.129019021987915,1.1244131326675415,1.119096040725708,1.111641764640808,1.1032811403274536,1.0919339656829834,1.0794848203659058,1.0647058486938477,1.0500253438949585,1.033530354499817,1.0180566310882568,1.0091174840927124,1.0073456764221191,1.0016051530838013,0.9926321506500244,0.9854567646980286,null,null,null,null,null,null,null
1.1123126745224,1.1198585033416748,1.1282410621643066,1.1359511613845825,1.1445139646530151,1.152389645576477,1.160892367362976,1.1684938669204712,1.1763538122177124,1.1830590963363647,1.189697027206421,1.1950736045837402,1.2001975774765015,1.2041473388671875,1.207789421081543,1.2113410234451294,1.2144004106521606,1.2156215906143188,1.216261386871338,1.2164602279663086,1.2161815166473389,1.215566635131836,1.2147170305252075,1.213433027267456,1.211934208869934,1.209682822227478,1.2070783376693726,1.202609658241272,1.1970754861831665,1.1887428760528564,1.1790947914123535,1.1657023429870605,1.1509504318237305,1.1330406665802002,1.1151812076568604,1.0948827266693115,1.0757662057876587,1.0569713115692139,1.0418058633804321,1.0254954099655151,1.0109224319458008,0.9980296492576599,0.986600935459137,0.9764289855957031,null,null,null,null,null
1.159450888633728,1.1671901941299438,1.1757763624191284,1.1836605072021484,1.1924079656600952,1.200440764427185,1.2091354131698608,1.2169251441955566,1.2250348329544067,1.23200523853302,1.239007830619812,1.2447848320007324,1.2504491806030273,1.2549852132797241,1.259411096572876,1.2644076347351074,1.269025444984436,1.2715345621109009,1.2734200954437256,1.2749826908111572,1.275941014289856,1.2766557931900024,1.27699875831604,1.276934027671814,1.2764759063720703,1.2752556800842285,1.2734988927841187,1.2697479724884033,1.2646859884262085,1.256711483001709,1.247265338897705,1.2338100671768188,1.2187542915344238,1.2004039287567139,1.1820268630981445,1.1603484153747559,1.1392220258712769,1.116956114768982,1.0974690914154053,1.075027585029602,1.0535145998001099,1.0321751832962036,1.0147188901901245,0.9984811544418335,0.9829540848731995,0.9759443402290344,null,null,null
1.2295764684677124,1.237133264541626,1.245531678199768,1.2532683610916138,1.261820912361145,1.2696534395217896,1.2781075239181519,1.285670280456543,1.2935621738433838,1.300377607345581,1.307309865951538,1.3131260871887207,1.3189778327941895,1.3238213062286377,1.3287620544433594,1.3349100351333618,1.3408218622207642,1.3445302248001099,1.34763765335083,1.3506391048431396,1.3529733419418335,1.3552186489105225,1.35694420337677,1.3583225011825562,1.3590788841247559,1.3590940237045288,1.3583379983901978,1.3556734323501587,1.3515408039093018,1.344719409942627,1.336376667022705,1.3243604898452759,1.3107420206069946,1.2941205501556396,1.277351975440979,1.2574706077575684,1.2378261089324951,1.2167174816131592,1.197607398033142,1.17503821849823,1.1526157855987549,1.129763126373291,1.110252022743225,1.084747314453125,1.057618260383606,1.044995665550232,1.0499413013458252,1.0567423105239868,null
1.3209172487258911,1.3279683589935303,1.3359218835830688,1.3433183431625366,1.3514846563339233,1.3589197397232056,1.3669018745422363,1.373960018157959,1.3813403844833374,1.387681484222412,1.3942266702651978,1.3997726440429688,1.405503273010254,1.4103752374649048,1.4155315160751343,1.422420620918274,1.4292298555374146,1.4338628053665161,1.4379976987838745,1.4422369003295898,1.445862889289856,1.449500322341919,1.452545166015625,1.455259084701538,1.4572027921676636,1.4584146738052368,1.4587221145629883,1.4573274850845337,1.4545286893844604,1.4494166374206543,1.442967414855957,1.4335047006607056,1.4228079319000244,1.4096946716308594,1.3966251611709595,1.3813612461090088,1.3667807579040527,1.351059079170227,1.3371692895889282,1.3204073905944824,1.3039484024047852,1.2846498489379883,1.2660621404647827,1.2381764650344849,1.2059687376022339,1.1733076572418213,1.1455994844436646,1.1272691488265991,1.117835521697998
1.4065144062042236,1.4130723476409912,1.4206205606460571,1.427778720855713,1.4356701374053955,1.4428504705429077,1.4504774808883667,1.4571551084518433,1.4641004800796509,1.4700425863265991,1.476205587387085,1.481462836265564,1.4869669675827026,1.4917148351669312,1.4968440532684326,1.5039513111114502,1.5110676288604736,1.516129732131958,1.5207438468933105,1.5256606340408325,1.52999746799469,1.5344704389572144,1.5382781028747559,1.5418230295181274,1.544471263885498,1.5464740991592407,1.5474766492843628,1.5471138954162598,1.5454578399658203,1.5420310497283936,1.5374553203582764,1.5307186841964722,1.5230351686477661,1.5138237476348877,1.5047392845153809,1.4948443174362183,1.485918402671814,1.4769400358200073,1.4695205688476562,1.460551142692566,1.451647162437439,1.4376775026321411,1.4212275743484497,1.3935394287109375,1.3596816062927246,1.3157151937484741,1.269372820854187,1.221926212310791,1.1818115711212158
1.4822207689285278,1.4885271787643433,1.4959757328033447,1.5031920671463013,1.51115083694458,1.5183849334716797,1.5259954929351807,1.5325825214385986,1.5393949747085571,1.545181393623352,1.5511749982833862,1.5562771558761597,1.5616117715835571,1.566205382347107,1.5711784362792969,1.5781209468841553,1.5851032733917236,1.5901339054107666,1.5947575569152832,1.5997741222381592,1.6042869091033936,1.6090024709701538,1.6130768060684204,1.6169219017028809,1.6198475360870361,1.6221975088119507,1.6235485076904297,1.6238781213760376,1.623123288154602,1.6211813688278198,1.6183909177780151,1.6142922639846802,1.609602451324463,1.6043123006820679,1.5993378162384033,1.5947575569152832,1.591342568397522,1.5891307592391968,1.5884414911270142,1.5873057842254639,1.585822343826294,1.57706880569458,1.562536358833313,1.5341136455535889,1.497146725654602,1.4470646381378174,1.393154501914978,1.334089756011963,1.2802929878234863
1.5641361474990845,1.5706595182418823,1.578564167022705,1.5863697528839111,1.5949312448501587,1.6026536226272583,1.6106584072113037,1.617464303970337,1.6244409084320068,1.6303038597106934,1.6363332271575928,1.6414223909378052,1.646661639213562,1.6510952711105347,1.6558256149291992,1.6623142957687378,1.668824553489685,1.6735007762908936,1.6778037548065186,1.6825565099716187,1.6869131326675415,1.6915526390075684,1.695646047592163,1.6995741128921509,1.7026302814483643,1.7052422761917114,1.7069320678710938,1.7080670595169067,1.7084228992462158,1.7083773612976074,1.7079018354415894,1.7072256803512573,1.7064101696014404,1.706301212310791,1.7068238258361816,1.7091928720474243,1.7128523588180542,1.719475269317627,1.727703332901001,1.73709237575531,1.745723009109497,1.745553970336914,1.7362267971038818,1.7066237926483154,1.6618633270263672,1.6002603769302368,1.533793568611145,1.4624465703964233,1.400010108947754
1.652655005455017,1.660412073135376,1.6699284315109253,1.679390549659729,1.6895736455917358,1.698555827140808,1.707614779472351,1.7150626182556152,1.7225676774978638,1.728749394416809,1.7350172996520996,1.7402268648147583,1.7454041242599487,1.7496111392974854,1.7538872957229614,1.7593530416488647,1.7647547721862793,1.7685680389404297,1.772096872329712,1.7761378288269043,1.7799783945083618,1.7842355966567993,1.7881441116333008,1.792040467262268,1.7952117919921875,1.7982301712036133,1.8005260229110718,1.8029512166976929,1.80502450466156,1.8078062534332275,1.8107261657714844,1.8150172233581543,1.8197959661483765,1.827221155166626,1.8357905149459839,1.8480784893035889,1.8616719245910645,1.8808029890060425,1.901776671409607,1.9267871379852295,1.9509766101837158,1.9683284759521484,1.975082278251648,1.9545364379882812,1.90913724899292,1.8347303867340088,1.743560552597046,1.6444458961486816,1.5567057132720947
1.7475467920303345,1.75846266746521,1.7716776132583618,1.7846547365188599,1.798159122467041,1.8096339702606201,1.8206936120986938,1.829277515411377,1.8376168012619019,1.844191551208496,1.8506829738616943,1.8559311628341675,1.8608431816101074,1.8645540475845337,1.867904543876648,1.8713467121124268,1.8745542764663696,1.8767516613006592,1.8788976669311523,1.881737232208252,1.8847732543945312,1.8885068893432617,1.8922512531280518,1.8963063955307007,1.8999054431915283,1.9038792848587036,1.9074596166610718,1.9121356010437012,1.9169965982437134,1.924106240272522,1.9320893287658691,1.9436863660812378,1.9566680192947388,1.9748934507369995,1.994903326034546,2.02091646194458,2.04805064201355,2.0844922065734863,2.1234028339385986,2.169839859008789,2.2152099609375,2.2590208053588867,2.2933509349823,2.3028314113616943,2.2849743366241455,2.223613739013672,2.1273512840270996,1.999497413635254,1.86046302318573
1.8494110107421875,1.8663907051086426,1.8862192630767822,1.9051566123962402,1.9240771532058716,1.9394631385803223,1.9534531831741333,1.9634865522384644,1.972593903541565,1.979151725769043,1.9852616786956787,1.9898751974105835,1.9937502145767212,1.9962489604949951,1.9978183507919312,1.997916579246521,1.9975796937942505,1.997365117073059,1.997544527053833,1.9988631010055542,2.0010757446289062,2.0045409202575684,2.008594274520874,2.013531446456909,2.0183987617492676,2.0243945121765137,2.0303640365600586,2.0386617183685303,2.0477118492126465,2.0609607696533203,2.0759270191192627,2.097313165664673,2.1211588382720947,2.1530396938323975,2.187122106552124,2.2299275398254395,2.27364182472229,2.330413341522217,2.3900327682495117,2.457897424697876,2.522228479385376,2.5858280658721924,2.6386754512786865,2.694821357727051,2.7440989017486572,2.6974728107452393,2.5384092330932617,2.369218349456787,2.2822799682617188
1.9284099340438843,1.9516260623931885,1.9777437448501587,2.0024220943450928,2.026249408721924,2.045201539993286,2.0616676807403564,2.072801113128662,2.082285165786743,2.088404417037964,2.093752145767212,2.097289562225342,2.0998611450195312,2.100900888442993,2.1006739139556885,2.0976076126098633,2.093994140625,2.091705083847046,2.0902023315429688,2.0903568267822266,2.092076301574707,2.0955967903137207,2.1002936363220215,2.1063621044158936,2.112783908843994,2.1208715438842773,2.1292972564697266,2.140932559967041,2.1538758277893066,2.172433853149414,2.19356107711792,2.2230918407440186,2.2561464309692383,2.298889398574829,2.34417986869812,2.4001243114471436,2.4573090076446533,2.5291850566864014,2.6035006046295166,2.6841955184936523,2.75711727142334,2.825331449508667,2.8761188983917236,2.969611644744873,3.0909178256988525,3.11379337310791,null,null,2.6515984535217285
1.9918361902236938,2.0201454162597656,2.0518760681152344,2.0808162689208984,2.108576536178589,2.129822015762329,2.1478545665740967,2.1593053340911865,2.168408155441284,2.1735751628875732,2.17744779586792,2.179478883743286,2.1801657676696777,2.179569721221924,2.1773502826690674,2.1716701984405518,2.1654977798461914,2.161712646484375,2.159263849258423,2.1588737964630127,2.1606321334838867,2.1647419929504395,2.170382499694824,2.1779913902282715,2.186037302017212,2.1963863372802734,2.2069575786590576,2.2216858863830566,2.2376396656036377,2.2606308460235596,2.2861363887786865,2.3218302726745605,2.36077880859375,2.4110045433044434,2.4628729820251465,2.5270583629608154,2.591400384902954,2.6699631214141846,2.748264789581299,2.828531265258789,2.896752119064331,2.9421520233154297,2.9637258052825928,3.0577964782714844,null,null,null,null,null
2.0961923599243164,2.1321070194244385,2.170863389968872,2.2055306434631348,2.2375028133392334,2.261096715927124,2.2799365520477295,2.290715217590332,2.2979910373687744,2.3005387783050537,2.301100492477417,2.2996578216552734,2.296635627746582,2.2926480770111084,2.287083625793457,2.2775254249572754,2.267860174179077,2.2626953125,2.259552240371704,2.259305477142334,2.261929512023926,2.2677149772644043,2.2755517959594727,2.2860124111175537,2.2971575260162354,2.311073064804077,2.3252203464508057,2.3442063331604004,2.3646113872528076,2.39300274848938,2.424314498901367,2.4665303230285645,2.5121707916259766,2.5691373348236084,2.6273915767669678,2.696181058883667,2.7636091709136963,2.837583541870117,2.9058752059936523,2.956827402114868,2.9904685020446777,3.009631395339966,null,null,null,null,null,null,null
2.256948232650757,2.300610303878784,2.3463690280914307,2.386157751083374,2.4214913845062256,2.446146249771118,2.4642601013183594,2.4726650714874268,2.4761178493499756,2.47406268119812,2.469120979309082,2.4622275829315186,2.4535324573516846,2.444620132446289,2.4344167709350586,2.420297861099243,2.406867504119873,2.400784969329834,2.3977811336517334,2.39871883392334,2.4033687114715576,2.412137031555176,2.4234020709991455,2.4379971027374268,2.4532837867736816,2.4717390537261963,2.4900732040405273,2.513796329498291,2.5387227535247803,2.5722508430480957,2.608506917953491,2.655825138092041,2.7059342861175537,2.766129732131958,2.825969934463501,2.8920207023620605,2.952859401702881,3.009359121322632,3.0513625144958496,3.075754404067993,null,null,null,null,null,null,null,null,null
2.4460816383361816,2.492100477218628,2.5392401218414307,2.5792441368103027,2.613476037979126,2.635924816131592,2.6505439281463623,2.6547675132751465,2.6528890132904053,2.6452605724334717,2.6341137886047363,2.6214377880096436,2.607057809829712,2.593519687652588,2.5793609619140625,2.562382936477661,2.5470852851867676,2.541581869125366,2.5400888919830322,2.54341983795166,2.5509536266326904,2.5632224082946777,2.57802152633667,2.5963265895843506,2.614884853363037,2.6363658905029297,2.656991958618164,2.6826040744781494,2.7087323665618896,2.742610454559326,2.778336763381958,2.823657989501953,2.870659112930298,2.92411732673645,2.974665403366089,3.026090621948242,3.0692572593688965,3.101024866104126,3.115304946899414,3.1234912872314453,null,null,null,null,null,null,null,null,null
2.6570262908935547,2.698746681213379,2.74061918258667,2.775261640548706,2.803656578063965,2.820803642272949,2.829678535461426,2.8287289142608643,2.821136474609375,2.8082494735717773,2.7916908264160156,2.7743773460388184,2.7557902336120605,2.7391951084136963,2.722823143005371,2.7053327560424805,2.6903650760650635,2.6865432262420654,2.687272071838379,2.693333625793457,2.7036588191986084,2.718827962875366,2.736159086227417,2.7564773559570312,2.776204824447632,2.7978906631469727,2.8177402019500732,2.841198205947876,2.864173412322998,2.892904281616211,2.922346830368042,2.958815097808838,2.9958419799804688,3.035400629043579,3.070293426513672,3.1021804809570312,3.125066041946411,3.137949228286743,3.138007879257202,3.1381912231445312,null,null,null,null,null,null,null,null,null
2.8202168941497803,2.855562686920166,2.8906657695770264,2.918672561645508,2.940791606903076,2.9525835514068604,2.956455707550049,2.9513964653015137,2.939793586730957,2.9235405921936035,2.9038074016571045,2.8840367794036865,2.8634209632873535,2.8456358909606934,2.82865309715271,2.8119633197784424,2.798250913619995,2.79598069190979,2.7984485626220703,2.8063669204711914,2.8183891773223877,2.835075616836548,2.853450059890747,2.874152421951294,2.8933968544006348,2.9136974811553955,2.9312291145324707,2.951146125793457,2.9695611000061035,2.9921929836273193,3.014512777328491,3.041964054107666,3.068981885910034,3.096773624420166,3.1196200847625732,3.1375010013580322,3.146444320678711,3.1500697135925293,3.147371768951416,3.1459245681762695,null,null,null,null,null,null,null,null,null
2.936114549636841,2.965944290161133,2.9944097995758057,3.01686954498291,3.0331265926361084,3.0406951904296875,3.0404179096221924,3.032665967941284,3.018558979034424,3.0008251667022705,2.9798920154571533,2.959601879119873,2.9387927055358887,2.9212050437927246,2.904766321182251,2.8893439769744873,2.8769874572753906,2.875783920288086,2.879098892211914,2.8877880573272705,2.900247573852539,2.917019844055176,2.935100555419922,2.9547460079193115,2.9725229740142822,2.990295648574829,3.0050809383392334,3.020850658416748,3.035099744796753,3.051860809326172,3.0685622692108154,3.0884461402893066,3.1084702014923096,3.1281399726867676,3.1444437503814697,3.1552209854125977,3.158867359161377,3.159252166748047,3.1564505100250244,3.154808521270752,null,null,null,null,null,null,null,null,null
3.091430902481079,3.1127066612243652,3.132126808166504,3.1461055278778076,3.1545023918151855,3.155726671218872,3.1502246856689453,3.1389317512512207,3.12247371673584,3.1037633419036865,3.082808256149292,3.063324451446533,3.043825387954712,3.0277740955352783,3.0130162239074707,2.9997546672821045,2.9893910884857178,2.9889612197875977,2.992659568786621,3.001105785369873,3.0128633975982666,3.028118848800659,3.044208526611328,3.0608627796173096,3.075137138366699,3.0883073806762695,3.098012924194336,3.107512950897217,3.1150646209716797,3.123810291290283,3.1321065425872803,3.142453670501709,3.152888059616089,3.1630380153656006,3.17099666595459,3.1756858825683594,3.1762290000915527,3.1739609241485596,3.1693098545074463,3.1667747497558594,null,null,null,null,null,null,null,null,null
3.284978151321411,3.2956719398498535,3.3037357330322266,3.307610034942627,3.3064768314361572,3.3004307746887207,3.288983106613159,3.2741124629974365,3.2556405067443848,3.2368435859680176,3.2170398235321045,3.199772596359253,3.183002471923828,3.169745445251465,3.157668352127075,3.1469509601593018,3.1385340690612793,3.138030767440796,3.1408307552337646,3.1473214626312256,3.1564395427703857,3.167992353439331,3.1799819469451904,3.191526174545288,3.200568437576294,3.207383632659912,3.2106924057006836,3.2123613357543945,3.211987257003784,3.210980176925659,3.209400177001953,3.2080533504486084,3.207075834274292,3.2051680088043213,3.2026000022888184,3.1985158920288086,3.1937506198883057,3.18717885017395,3.180075168609619,3.176234483718872,null,null,null,null,null,null,null,null,null
3.4147677421569824,3.418229818344116,3.4188737869262695,3.4161956310272217,3.409126043319702,3.3986546993255615,3.383835554122925,3.3672103881835938,3.34816312789917,3.3301546573638916,3.3119957447052,3.297102689743042,3.2829229831695557,3.2721946239471436,3.2622857093811035,3.253112554550171,3.2454817295074463,3.2440617084503174,3.245060682296753,3.2489256858825684,3.254760980606079,3.2624564170837402,3.270355463027954,3.2775166034698486,3.2823727130889893,3.2846503257751465,3.2836925983428955,3.2803590297698975,3.2750096321105957,3.2679290771484375,3.260106086730957,3.2513227462768555,3.2427937984466553,3.2328879833221436,3.222980499267578,3.2120609283447266,3.2016918659210205,3.191422939300537,3.1828813552856445,3.178194761276245,null,null,null,null,null,null,null,null,null
