earth/public/data/ocean/W07/ANN-ocevel-depthz-2000m-gfs-1.0.json
{"header": {"discipline": 0, "disciplineName": "Meteorological products", "gribEdition": 2, "gribLength": 131138.0, "center": 0, "centerName": "Kiel Climate Model", "subcenter": 0, "refTime": "1", "significanceOfRT": 1, "significanceOfRTName": "Start of forecast", "productStatus": 0, "productStatusName": "Operational products", "productType": 1, "productTypeName": "Forecast products", "productDefinitionTemplate": 0, "productDefinitionTemplateName": "Analysis/forecast at horizontal level/layer at a point in time", "parameterCategory": 2, "parameterCategoryName": "Momentum", "parameterNumber": 2, "parameterNumberName": "V-component_of_wind", "parameterUnit": "m/s", "genProcessType": 2, "genProcessTypeName": "Forecast", "forecastTime": 0, "surface1Type": 103, "surface1TypeName": "Specified height level above ground", "surface1Value": 10, "surface2Type": 255, "surface2TypeName": "Missing", "surface2Value": 0, "gridDefinitionTemplate": 0, "gridDefinitionTemplateName": "Latitude_Longitude", "numberPoints": 65160, "shape": 6, "shapeName": "Earth spherical with radius of 6,371,229.0 m", "gridUnits": "degrees", "resolution": 48, "winds": "true", "scanMode": 0, "nx": 360.0, "ny": 180.0, "basicAngle": 0, "subDivisions": 0, "lo1": 0.0, "la1": -89.5, "lo2": 359.0, "la2": 89.5, "dx": 1.0, "dy": -1.0}, "data":
[rows 80 to 99 of 180, columns 225 to 269 of 360]
0.00023540586698800325,0.0002883072884287685,0.0002934288640972227,0.000252023950451985,0.00020841282093897462,0.00017045183631125838,0.00014881385141052306,0.00014599440328311175,0.00016472350398544222,0.00020109370234422386,0.00021578592713922262,0.00020646290795411915,0.00022090015409048647,0.0002566889743320644,0.0003021775046363473,0.0003498034493532032,0.0004198296810500324,0.000502327864523977,0.0005735771264880896,0.00062494509620592,0.0006079773884266615,0.0005256348522379994,0.0005014545749872923,0.0005359863280318677,0.00048172418610192835,0.00034488464007154107,6.539784953929484e-05,-0.00030898442491889,-0.00046648073475807905,-0.00037582742515951395,-0.00019416342547629029,5.1192175305914134e-05,0.00023493972548749298,0.0003237079072277993,0.0004698109987657517,0.0005987891345284879,0.0006133771385066211,0.0003777336678467691,3.207637564628385e-05,-0.00022938981419429183,-0.00035992011544294655,-0.0004049756098538637,-0.0003587313403841108,-0.0002829450531862676,-0.0001936192566063255
0.00027898349799215794,0.00029181037098169327,0.0002717015740927309,0.0002203105977969244,0.00018390842888038605,0.00016821599274408072,0.00016648943710606545,0.00017986221064347774,0.00020082203263882548,0.00022655913198832422,0.00023489067098125815,0.00022437467123381793,0.0002338672347832471,0.00026181491557508707,0.00029093812918290496,0.0003165324160363525,0.00034306233283132315,0.0003648180281743407,0.0003775439108721912,0.000376267998944968,0.0003644447133410722,0.00034377555130049586,0.0003684481489472091,0.0004368324298411608,0.0004267475742381066,0.00034306535962969065,0.00012634632003027946,-0.0001853454887168482,-0.0003607965772971511,-0.0003723943082150072,-0.0002868662995751947,-0.00012042580783599988,5.280187542666681e-05,0.00020281523757148534,0.0003919134906027466,0.0005214369157329202,0.000511502439621836,0.00025619033840484917,-9.145074727712199e-05,-0.00033199708559550345,-0.00042276392923668027,-0.0004156419017817825,-0.0003135196748189628,-0.0001937324705068022,-7.879807526478544e-05
0.0002663537743501365,0.000256242579780519,0.00022732693469151855,0.00018352906045038253,0.0001651112688705325,0.00017535868391860276,0.00019023723143618554,0.00020761543419212103,0.0002227017976110801,0.0002328148839296773,0.00023329614487010986,0.00022382829047273844,0.00022563828679267317,0.00023830814461689442,0.00024095899425446987,0.00023294742277357727,0.00021496298722922802,0.0001891032443381846,0.00015655292372684926,0.0001213315044878982,0.00011974072549492121,0.0001521701633464545,0.00020785332890227437,0.00027845631120726466,0.0002939476689789444,0.00025291487690992653,0.0001343157491646707,-4.034616722492501e-05,-0.0001901006471598521,-0.0002898155653383583,-0.0003231779264751822,-0.00028528051916509867,-0.00015608132525812835,4.3477917643031105e-05,0.0002735103480517864,0.0004044719389639795,0.0003612112195696682,0.00010020373156294227,-0.00021258597553241998,-0.00040096783777698874,-0.0004328785289544612,-0.00034692755434662104,-0.00015775721112731844,1.3005643268115819e-05,0.00013671009219251573
0.0001943048118846491,0.00019129225984215736,0.00017863436369225383,0.0001590627944096923,0.00016214665083680302,0.00018779591482598335,0.0002062252606265247,0.0002142860903404653,0.00021898392878938466,0.00021904506138525903,0.00021530051890295,0.00020819215569645166,0.00020325604418758303,0.00020122349087614566,0.00017980887787416577,0.00014221950550563633,0.00010516944894334301,7.437940075760707e-05,3.811142596532591e-05,2.4858109100023285e-06,8.559941306884866e-06,5.58994579478167e-05,0.00010078366176458076,0.000135546870296821,0.0001392767735524103,0.00011157409608131275,7.854273280827329e-05,4.952956805936992e-05,-3.479840233922005e-05,-0.00015734770568087697,-0.0002618868602439761,-0.00033404427813366055,-0.0002750891144387424,-9.751129255164415e-05,0.0001238270488101989,0.00024775610654614866,0.00018205585365649313,-3.620327697717585e-05,-0.0002449278545100242,-0.00034828216303139925,-0.00032775630825199187,-0.00017884274711832404,7.373914559138939e-05,0.00026287834043614566,0.00035586862941272557
0.00013672449858859181,0.0001430535630788654,0.00014750986883882433,0.00014977145474404097,0.00016713184595573694,0.00019680839614011347,0.00021410554472822696,0.00021567719522863626,0.00021777836082037538,0.00021948415087535977,0.00021769307204522192,0.00021242265938781202,0.00020479144586715847,0.00019593900651670992,0.0001625117874937132,0.00011006650311173871,7.266824104590341e-05,5.714588041882962e-05,3.0949231586419046e-05,-5.593353193944495e-07,2.89504191641754e-06,4.102553066331893e-05,5.8859481214312837e-05,5.3001225751359016e-05,3.5939290683018044e-05,1.0275201930198818e-05,1.6809519365779124e-05,5.581552613875829e-05,2.9174310839152895e-05,-5.79367988393642e-05,-0.00016513207810930908,-0.00027441882411949337,-0.0002754890883807093,-0.0001692942314548418,-1.1042829100915696e-05,7.198264211183414e-05,-9.17813213163754e-06,-0.00014621199807152152,-0.0002141583536285907,-0.0002297924947924912,-0.0001880223280750215,-1.5946223356877454e-05,0.0002562680165283382,0.00043107831152155995,0.00047645479207858443
0.00011674370762193576,0.0001238559343619272,0.00013567114365287125,0.0001502751256339252,0.00017454239423386753,0.00020408362615853548,0.0002225292701041326,0.00022631310275755823,0.00023587422037962824,0.00024927480262704194,0.0002544620947446674,0.00025048412499018013,0.0002444032288622111,0.00023726117797195911,0.0002033972559729591,0.00014876913337502629,0.00011754797014873475,0.00011538871331140399,9.371682244818658e-05,5.678801244357601e-05,4.716073817689903e-05,6.693180330330506e-05,6.042138920747675e-05,2.8163360184407793e-05,6.514231358778488e-07,-1.8123668269254267e-05,-6.318370196822798e-06,3.334033681312576e-05,2.9603987059090286e-05,-1.3894988114770968e-05,-7.380874012596905e-05,-0.00013967903214506805,-0.000162210562848486,-0.0001394689315930009,-7.396705768769607e-05,-6.394364754669368e-05,-0.00016730801144149154,-0.00022996007464826107,-0.00018475619435776025,-0.00015066015475895256,-0.00013158268120605499,2.8449896490201354e-05,0.00030145453638397157,0.00046399817802011967,0.00048494248767383397
0.00012097398575861007,0.00013044424122199416,0.00014773893053643405,0.00016912001592572778,0.00019889991381205618,0.00023146337480284274,0.00025718507822602987,0.0002710152475629002,0.000293621385935694,0.0003209222631994635,0.0003336559748277068,0.0003297440998721868,0.0003282737743575126,0.0003294030611868948,0.00030504120513796806,0.0002589650684967637,0.00023844247334636748,0.00024652661522850394,0.00022482365602627397,0.00017684491467662156,0.00015727407298982143,0.00016827545186970383,0.0001528749126009643,0.00011276720033492893,9.726981807034463e-05,0.00010798307630466297,0.00011302490020170808,0.00011280826583970338,9.516202408121899e-05,6.361726991599426e-05,4.6715700591448694e-05,5.0399841711623594e-05,2.0085917640244588e-05,-3.6037246900377795e-05,-6.342072447296232e-05,-0.000128814805066213,-0.0002560616994742304,-0.0002653614792507142,-0.0001536605559522286,-0.00011861571692861617,-0.0001652714709052816,-7.012843707343563e-05,0.00015454650565516204,0.00034800524008460343,0.00047141851973719895
0.00018174241995438933,0.0002007163129746914,0.00022296812676358968,0.0002452864428050816,0.000276978244073689,0.00031313864747062325,0.0003457942511886358,0.0003698939108289778,0.00040231121238321066,0.00043779314728453755,0.0004587356233969331,0.00046084471978247166,0.0004736820119433105,0.0004936902550980449,0.0004929894348606467,0.000470848724944517,0.0004666865279432386,0.0004815536958631128,0.00046326269512064755,0.00041502658859826624,0.0003970053803641349,0.00041271126247011125,0.00040599878411740065,0.0003779171092901379,0.00037489680107682943,0.00040045735659077764,0.0003755710495170206,0.00030663690995424986,0.0002616511774249375,0.0002473369531799108,0.00022161910601425916,0.00019267907191533595,0.00013407447841018438,5.7268262025900185e-05,-3.633814174008876e-07,-8.809332939563319e-05,-0.0001977194333449006,-0.000182904681423679,-5.89884803048335e-05,-2.375575786572881e-05,-8.799788338365033e-05,-0.00012567872181534767,-0.00012915437400806695,2.3789905753801577e-05,0.00039444645517505705
0.0003472291864454746,0.00036565569462254643,0.0003798498073592782,0.00038840557681396604,0.0004113855538889766,0.0004449932312127203,0.0004729324427898973,0.0004907846450805664,0.0005208372022025287,0.0005583733436651528,0.0005863080150447786,0.0006003199378028512,0.0006271643796935678,0.0006641541258431971,0.0006823401781730354,0.0006812224164605141,0.0006852345541119576,0.0006950753158889711,0.0006753733032383025,0.0006310637691058218,0.0005975014064460993,0.0005843794788233936,0.0005637948634102941,0.0005442991969175637,0.0005138920969329774,0.00048040886758826673,0.0004009725817013532,0.0002893033961299807,0.00020409196440596133,0.00016488792607560754,7.025482773315161e-05,-6.220732757356018e-05,-0.0001016922906273976,-5.222750405664556e-05,1.8675066257856088e-06,2.79596551990835e-05,1.9142558812745847e-05,2.4098842914099805e-05,6.452915113186464e-05,0.00010309959179721773,0.00013830186799168587,-3.510412716423161e-05,-0.00039150373777374625,-0.0004661131533794105,null
0.00041690695798024535,0.000418938318034634,0.0004088761343155056,0.0003882117453031242,0.0003879961441271007,0.0004089696449227631,0.00041151311597786844,0.00039630886749364436,0.00039948406629264355,0.0004222886636853218,0.00043295579962432384,0.0004324448818806559,0.00043562884093262255,0.000445203302660957,0.0004409942775964737,0.0004262028669472784,0.0004165120772086084,0.0004143239348195493,0.0003934721171390265,0.00035556580405682325,0.00029676142730750144,0.00022300018463283777,0.00016274857625830919,0.000123026009532623,5.5069853260647506e-05,-3.40395636158064e-05,-0.00011569252819754183,-0.00018364186689723283,-0.00026511462056078017,-0.00035726380883716047,-0.00046395123354159296,-0.000578556559048593,-0.0005254879361018538,-0.0003076505090575665,-0.0001334132393822074,2.662371116457507e-05,0.00016629403398837894,0.0001534647890366614,4.967649147147313e-05,7.082200318109244e-05,0.00021141377510502934,-1.665837407927029e-05,-0.0005751451244577765,-0.0008799838833510876,null
0.00018298441136721522,0.00017778234905563295,0.000149673389387317,0.00010221613774774596,7.861504855100065e-05,8.16397659946233e-05,5.754339144914411e-05,8.32621481094975e-06,-2.384988147241529e-05,-3.5643675801111385e-05,-5.9683625295292586e-05,-9.454575774725527e-05,-0.00013594701886177063,-0.0001808406668715179,-0.00021937736892141402,-0.00024960856535471976,-0.0002748096885625273,-0.00029261992312967777,-0.00030127709032967687,-0.000298945204121992,-0.0003402790753170848,-0.00041990831959992647,-0.00047856353921815753,-0.0005100821144878864,-0.0005604433827102184,-0.0006223605014383793,-0.0006320978282019496,-0.0005840628291480243,-0.0005946820601820946,-0.0006563065689988434,-0.0006889072828926146,-0.0006787067977711558,-0.0005883094854652882,-0.0004258166591171175,-0.00030358281219378114,-0.0001301629818044603,0.00010661491978680715,0.00017768528778105974,9.286349086323753e-05,3.142158311675303e-05,1.1637582247203682e-05,-2.017372207774315e-05,-8.497005910612643e-05,-0.00036705838283523917,null
-6.418627890525386e-05,-6.699012737954035e-05,-9.7639873274602e-05,-0.0001499872305430472,-0.00018479008576832712,-0.00019573203462641686,-0.00022678624372929335,-0.0002724653168115765,-0.0003155439917463809,-0.0003495397977530956,-0.00038583105197176337,-0.00041920910007320344,-0.0004743688041344285,-0.0005417585489340127,-0.0005826393608003855,-0.00058843003353104,-0.0006114818970672786,-0.0006472173845395446,-0.0006366476300172508,-0.0005810141447000206,-0.0005845345440320671,-0.0006413256633095443,-0.0006537408335134387,-0.0006148482789285481,-0.0006173382862471044,-0.0006569538381882012,-0.0006064848857931793,-0.00047110457671806216,-0.0004223606956657022,-0.0004649387556128204,-0.0004493679734878242,-0.0003748587623704225,-0.0003344282740727067,-0.00034283543936908245,-0.0003271913737989962,-0.00021020906569901854,-1.0726273103500716e-05,0.00021915262914262712,0.00046385868336074054,0.0002711533452384174,-0.0003267526044510305,4.690810965257697e-05,0.0013402862241491675,0.0009810974588617682,-0.0014731305418536067
-3.7555877497652546e-05,-4.9466216296423227e-05,-7.446018571499735e-05,-0.00010864257637877017,-0.0001447655085939914,-0.00017621797451283783,-0.00020464799308683723,-0.00022369272483047098,-0.0002544295566622168,-0.00029003285453654826,-0.00030645658262073994,-0.00030031794449314475,-0.00033118316787295043,-0.00039392957114614546,-0.00041429363773204386,-0.00038889245479367673,-0.0004029545816592872,-0.0004533823812380433,-0.0004347794456407428,-0.00035022752126678824,-0.00034216110361739993,-0.0004146666906308383,-0.0004016054153908044,-0.00030549505027011037,-0.00028910470427945256,-0.0003554925788193941,-0.00031205714913085103,-0.00016700154810678214,-0.0001287572376895696,-0.0002063722349703312,-0.00021698401542380452,-0.0001612817868590355,-0.00015250561409629881,-0.00019101370708085597,-0.00017954457143787295,-0.00011863274994539097,-0.0001012707143672742,0.00017835799371823668,0.0007131624151952565,0.00047602676204405725,-0.0005054856883361936,-3.584535443224013e-05,0.0018463779706507921,0.0015419538831338286,-0.0009235478355549276
7.427001401083544e-05,5.544204032048583e-05,4.0927279769675806e-05,3.3140247978735715e-05,-1.1541578714968637e-06,-5.625826452160254e-05,-9.107762161875144e-05,-9.974650311050937e-05,-0.0001252538204425946,-0.00016259610129054636,-0.00016117774066515267,-0.00012022115697618574,-0.00012461275036912411,-0.00017259149171877652,-0.0001772807736415416,-0.00013771005615126342,-0.0001489412534283474,-0.00020928707090206444,-0.00019488106772769243,-0.00010767059575300664,-0.00010165588173549622,-0.00017674072296358645,-0.00016765370673965663,-7.602108235005289e-05,-6.285274139372632e-05,-0.00013086815306451172,-0.00011085132427979261,-7.452498266502516e-06,8.044663445616607e-06,-6.600794586120173e-05,-9.125779615715146e-05,-6.41194565105252e-05,-3.587034370866604e-05,-1.4047680451767519e-05,2.3574557417305186e-05,-1.552111643832177e-05,-0.0001477567566325888,1.552957655803766e-05,0.0004665119922719896,0.0003257048665545881,-0.0003738704544957727,-0.00022761154104955494,0.0007073074229992926,0.000743105192668736,-8.003719267435372e-05
9.932020475389436e-05,9.321061224909499e-05,9.606677485862747e-05,0.00010734854004113004,8.205593621823937e-05,2.4553690309403464e-05,-1.7191543520311825e-05,-3.5927041608374566e-05,-6.773572386009619e-05,-0.00010693383228499442,-0.00010337139974581078,-5.7440123782726005e-05,-4.634518700186163e-05,-7.155419734772295e-05,-6.141602352727205e-05,-1.7522554117022082e-05,-2.415241215203423e-05,-8.031810284592211e-05,-7.325132173718885e-05,-5.181280812394107e-06,4.4234998313186225e-06,-4.6401259169215336e-05,-4.2796466004801914e-05,1.4910661775502376e-05,2.670495814527385e-05,-9.217821570928209e-06,-9.756362118196193e-08,5.250065078143962e-05,4.738914503832348e-05,-1.4681499123980757e-05,-2.6683039322961122e-05,1.363578576274449e-05,7.744687172817066e-05,0.00015347468433901668,0.00018029440252576023,4.656738383346237e-05,-0.00015953568799886853,-0.00012850396160501987,0.00011686217476380989,7.714940875303e-05,-0.00023795830202288926,-0.0002920597034972161,-8.98076468729414e-05,3.0004026484675705e-05,3.637444751802832e-05
8.778485062066466e-05,0.00010036567255156115,0.00011764602095354348,0.00013718975242227316,0.00012435011740308255,8.18662520032376e-05,4.256536340108141e-05,1.3200636203691829e-05,-2.2512134819407947e-05,-5.8642650401452556e-05,-6.220220529939979e-05,-3.260180164943449e-05,-2.0328750906628557e-05,-2.7325222617946565e-05,-9.031215995491948e-06,3.17009435093496e-05,3.1889161618892103e-05,-8.118677214952186e-06,-2.9040907065791544e-06,4.665543747250922e-05,5.4557749535888433e-05,1.93414216482779e-05,1.4920193279976957e-05,4.1910414438461885e-05,5.044595309300348e-05,3.901872696587816e-05,4.519096182775684e-05,6.749167368980125e-05,3.925080090994015e-05,-3.488662696327083e-05,-2.8949041734449565e-05,5.616345151793212e-05,0.00016228768799919635,0.00027096233679912984,0.0002919041144195944,9.028665226651356e-05,-0.00018587616796139628,-0.00024315633345395327,-0.00010827057849382982,-0.0001284243626287207,-0.00029912538593634963,-0.00025330911739729345,9.928186045726761e-06,3.081610338995233e-05,-0.00019805367628578097
8.237407746491954e-05,0.00010275964450556785,0.00012322867405600846,0.00014060645480640233,0.00013456262240651995,0.00010661267879186198,7.590233872178942e-05,4.8075453378260136e-05,1.6745216271374375e-05,-1.2609658369910903e-05,-2.274392136314418e-05,-1.2056911145919003e-05,-6.344025223370409e-06,-6.5033132159442175e-06,9.138328096014448e-06,3.833337905234657e-05,3.935361746698618e-05,1.2501607670856174e-05,2.27258733502822e-05,6.79544173181057e-05,8.349634299520403e-05,6.5369407820981e-05,5.924519064137712e-05,6.526348443003371e-05,6.286634743446484e-05,5.323910227161832e-05,5.220858292886987e-05,6.10949209658429e-05,2.4075949113466777e-05,-5.329715713742189e-05,-3.709343945956789e-05,7.053530134726316e-05,0.0001980101951630786,0.00032361369812861085,0.0003555782896000892,0.0001419300097040832,-0.00016115827020257711,-0.00030158503795973957,-0.00029175158124417067,-0.0003411217767279595,-0.00043717247899621725,-0.0002818330249283463,9.429700730834156e-05,0.00014530068438034505,-0.00014241239114198834
9.768456948222592e-05,0.00011218978033866733,0.00012474489631131291,0.00013313203817233443,0.00012789612810593098,0.00010979729995597154,8.92670577741228e-05,7.008951797615737e-05,4.756809357786551e-05,2.605268673505634e-05,1.360740679956507e-05,1.231044006999582e-05,1.2097679245925974e-05,1.2387948117975611e-05,1.6310319551848806e-05,2.3057520593283698e-05,1.1230832569708582e-05,-1.6142415915965103e-05,-1.0073481462313794e-05,3.000728065671865e-05,5.622922253678553e-05,6.531608232762665e-05,7.016623567324132e-05,6.978736928431317e-05,5.467650407808833e-05,2.6557941964711063e-05,1.399958819092717e-05,1.8400898625259288e-05,-7.958647984196432e-06,-6.0775913880206645e-05,-4.524854739429429e-05,3.595493035390973e-05,0.00016031430277507752,0.0003056589630432427,0.0003686676500365138,0.0002166181948268786,-2.1397514501586556e-05,-0.00023281056201085448,-0.00039830803871154785,-0.0005288799293339252,-0.0005996486288495362,-0.00040241616079583764,3.189669587300159e-05,0.0001664655574131757,-2.0469500668696128e-05
0.00012372991477604955,0.0001260401331819594,0.00012872624211013317,0.00013094101450406015,0.00012735943892039359,0.00011840755178127438,0.00010679734259610996,9.46849468164146e-05,7.848964014556259e-05,6.13246884313412e-05,4.947901106788777e-05,4.521494702203199e-05,4.4539134250953794e-05,4.7639226977480575e-05,4.003808498964645e-05,2.264851900690701e-05,-8.423524377576541e-06,-4.850888217333704e-05,-5.813076859340072e-05,-3.636737528722733e-05,-8.332500328833703e-06,2.0890925952699035e-05,4.076954792253673e-05,4.8232603148790076e-05,2.1051779185654595e-05,-3.497277430142276e-05,-6.792409112676978e-05,-7.012745481915772e-05,-8.02303256932646e-05,-9.524849883746356e-05,-7.681869465159252e-05,-2.9886075935792178e-05,8.823193638818339e-05,0.000254339596722275,0.00034550964483059943,0.0002663209743332118,0.00012040228466503322,-0.00011124575394205749,-0.0003900136216543615,-0.0006025583716109395,-0.0007155609200708568,-0.0005259171011857688,-6.648714770562947e-05,0.0001450182608095929,7.095305772963911e-05
0.00014097910025157034,0.0001347986253676936,0.0001322207390330732,0.00013354966358747333,0.0001334881962975487,0.00013233198842499405,0.00012668242561630905,0.00011788843403337523,0.00010402358748251572,8.767793042352423e-05,7.64811338740401e-05,7.246513268910348e-05,7.40262694307603e-05,8.098350372165442e-05,6.836254033260047e-05,3.8348836824297905e-05,-4.851646735914983e-06,-5.370577491703443e-05,-7.763865141896531e-05,-7.28016093489714e-05,-5.0695565732894465e-05,-1.5682038792874664e-05,1.2286638593650423e-05,2.838108775904402e-05,-7.987609933479689e-06,-9.10508242668584e-05,-0.00014502885460387915,-0.0001619335380382836,-0.0001649771147640422,-0.00015363535203505307,-0.00012395238445606083,-8.008785516722128e-05,4.204049764666706e-05,0.0002211002865806222,0.0003206899273209274,0.0002680749457795173,0.000171585357747972,-4.284387614461593e-05,-0.0003326795995235443,-0.0005772823351435363,-0.0007320033037103713,-0.0005816358607262373,-0.00015635881572961807,9.308755397796631e-05,0.000123201563837938
