earth/public/data/ocean/W07/ANN-somxl010-depthz-0m-gfs-1.0.json
{"header": {"discipline": 0, "disciplineName": "Meteorological products", "gribEdition": 2, "gribLength": 131138.0, "center": 0, "centerName": "Kiel Climate Model", "subcenter": 0, "refTime": "1", "significanceOfRT": 1, "significanceOfRTName": "Start of forecast", "productStatus": 0, "productStatusName": "Operational products", "productType": 1, "productTypeName": "Forecast products", "productDefinitionTemplate": 0, "productDefinitionTemplateName": "Analysis/forecast at horizontal level/layer at a point in time", "parameterCategory": 2, "parameterCategoryName": "Momentum", "parameterNumber": 2, "parameterNumberName": "U-component_of_wind", "parameterUnit": "m", "genProcessType": 2, "genProcessTypeName": "Forecast", "forecastTime": 0, "surface1Type": 103, "surface1TypeName": "Specified height level above ground", "surface1Value": 10, "surface2Type": 255, "surface2TypeName": "Missing", "surface2Value": 0, "gridDefinitionTemplate": 0, "gridDefinitionTemplateName": "Latitude_Longitude", "numberPoints": 65160, "shape": 6, "shapeName": "Earth spherical with radius of 6,371,229.0 m", "gridUnits": "degrees", "resolution": 48, "winds": "true", "scanMode": 0, "nx": 360.0, "ny": 180.0, "basicAngle": 0, "subDivisions": 0, "lo1": 0.0, "la1": -89.5, "lo2": 359.0, "la2": 89.5, "dx": 1.0, "dy": -1.0}, "data":
[rows 105 to 125 of 180, columns 282 to 328 of 360]
64.85924530029297,64.83878326416016,65.56210327148438,66.96023559570312,66.14391326904297,63.24752426147461,60.91898727416992,59.557395935058594,56.529964447021484,52.27665328979492,49.203392028808594,47.699161529541016,46.6494255065918,46.2342643737793,45.858306884765625,45.580955505371094,44.80982208251953,43.55134201049805,43.263671875,43.92362594604492,43.23088836669922,41.31241989135742,40.280635833740234,40.3702507019043,40.83556365966797,41.64509582519531,42.5185661315918,43.317501068115234,43.823638916015625,43.92653274536133,43.484764099121094,42.54806137084961,41.68296813964844,41.03285598754883,40.30775833129883,39.65061569213867,39.494930267333984,39.89422607421875,39.818206787109375,39.293922424316406,38.5780029296875,37.79646301269531,36.637962341308594,35.30690002441406,34.1016960144043,33.24541091918945,32.349796295166016
68.26496124267578,69.83242797851562,71.6793441772461,73.36222076416016,72.74948120117188,69.90767669677734,67.26881408691406,65.33544158935547,61.07909393310547,55.3493766784668,50.61729431152344,47.82477569580078,46.285789489746094,46.3435173034668,46.27904510498047,46.0479621887207,44.97827911376953,43.17595291137695,42.502445220947266,43.06319046020508,42.57631301879883,41.100154876708984,40.663116455078125,41.30166244506836,42.183685302734375,43.1387939453125,44.019195556640625,44.68411636352539,44.911319732666016,44.6833381652832,43.95722961425781,42.877506256103516,41.998573303222656,41.468421936035156,41.00823211669922,40.67264938354492,40.8269157409668,41.42123794555664,41.42453384399414,40.83741760253906,40.04461669921875,39.19776916503906,38.03044509887695,36.749977111816406,35.719215393066406,35.10306167602539,34.40576171875
65.66015625,68.90653228759766,71.93816375732422,74.31153869628906,74.19235229492188,71.64712524414062,68.75811767578125,66.02786254882812,60.938575744628906,54.33986282348633,48.71079635620117,44.9932975769043,42.75736999511719,42.34619140625,42.899314880371094,44.372318267822266,44.27653503417969,42.717918395996094,42.231693267822266,42.92329788208008,42.76842498779297,41.82541275024414,41.86139678955078,42.91282653808594,43.90507507324219,44.667747497558594,45.33590316772461,45.768760681152344,45.733741760253906,45.21337127685547,44.34986877441406,43.287742614746094,42.53880310058594,42.251033782958984,42.11017608642578,42.170875549316406,42.56431579589844,43.2407112121582,43.23072814941406,42.534976959228516,41.65974044799805,40.75666046142578,39.643218994140625,38.526763916015625,37.74348449707031,37.45829772949219,36.985050201416016
63.88408279418945,67.83440399169922,71.30195617675781,74.2616958618164,75.0126724243164,72.57707214355469,69.5825424194336,66.40338134765625,60.89628601074219,53.7496337890625,47.469608306884766,43.824275970458984,41.512638092041016,40.2087516784668,40.98830795288086,43.73139953613281,44.573699951171875,43.3084716796875,43.07541275024414,43.89556884765625,44.07368469238281,43.55711364746094,43.89714813232422,45.02890396118164,45.93439865112305,46.47216796875,46.88145065307617,47.10776138305664,46.8474235534668,46.15806579589844,45.28468704223633,44.375083923339844,43.85856628417969,43.8056526184082,43.98603057861328,44.34726333618164,44.87224197387695,45.46733474731445,45.36179733276367,44.588096618652344,43.681617736816406,42.80441665649414,41.86723709106445,41.01866149902344,40.54600524902344,40.510643005371094,40.21744918823242
63.195674896240234,66.87495422363281,69.55078125,67.81674194335938,66.77658081054688,64.00057220458984,61.20402526855469,58.683738708496094,55.22580337524414,51.157005310058594,47.552120208740234,44.78245544433594,42.85905838012695,40.238677978515625,40.77802276611328,44.3571891784668,45.78907012939453,44.866920471191406,44.8685188293457,45.81490707397461,46.216007232666016,46.019161224365234,46.392940521240234,47.2724494934082,47.92313766479492,48.203529357910156,48.39360809326172,48.43888854980469,48.065242767333984,47.33030319213867,46.577850341796875,45.9556884765625,45.696556091308594,45.870967864990234,46.26740264892578,46.83342742919922,47.338462829589844,47.688873291015625,47.43736267089844,46.61639404296875,45.74028015136719,44.9710807800293,44.273773193359375,43.79695510864258,43.594520568847656,43.72783660888672,43.51068115234375
null,null,null,null,63.74943542480469,60.96612548828125,58.42121505737305,56.52113342285156,53.909732818603516,50.89637756347656,48.377532958984375,46.68293762207031,44.50666427612305,41.12893295288086,40.90081024169922,44.38671112060547,46.58679962158203,46.65871810913086,46.850406646728516,47.7698860168457,48.384361267089844,48.44377899169922,48.666481018066406,49.200294494628906,49.493896484375,49.524845123291016,49.504539489746094,49.448612213134766,49.114227294921875,48.510257720947266,48.007659912109375,47.698699951171875,47.67388153076172,47.97016525268555,48.486480712890625,49.13243865966797,49.541465759277344,49.682064056396484,49.37853240966797,48.633052825927734,47.77409744262695,47.045135498046875,46.67627716064453,46.59459686279297,46.64720153808594,46.85517120361328,46.80495834350586
null,null,null,null,58.49403762817383,54.965267181396484,52.43115997314453,51.92386245727539,50.446563720703125,48.58319091796875,47.7700309753418,47.59221649169922,46.02435302734375,43.25956344604492,42.155418395996094,44.05812454223633,46.82145690917969,48.12556457519531,48.44960021972656,49.2000617980957,50.05276107788086,50.25373077392578,50.163963317871094,50.20196533203125,50.16799545288086,49.96795654296875,49.81425857543945,49.7822151184082,49.743385314941406,49.643760681152344,49.570125579833984,49.764801025390625,50.014381408691406,50.3719367980957,50.843284606933594,51.23252487182617,51.39484405517578,51.20366668701172,50.83195495605469,50.2990608215332,49.57045364379883,49.08506774902344,49.0994758605957,49.52564239501953,49.91825866699219,50.19749450683594,50.283180236816406
54.10888671875,54.879127502441406,54.08290100097656,52.55387878417969,50.19607925415039,48.26724624633789,46.66664505004883,46.52666473388672,46.39643859863281,46.17799758911133,46.457000732421875,46.904075622558594,46.44243240356445,44.958587646484375,43.827762603759766,44.96870422363281,47.26045608520508,48.674774169921875,49.26703643798828,50.04940414428711,50.84659957885742,50.993003845214844,50.659664154052734,50.4262809753418,50.1741828918457,49.9059944152832,49.73667526245117,49.857059478759766,50.200347900390625,50.55860900878906,51.04344940185547,51.623661041259766,52.21198654174805,52.60568618774414,52.84135055541992,52.86244583129883,52.563072204589844,52.0718879699707,51.511199951171875,51.133445739746094,50.858245849609375,50.84366989135742,51.321781158447266,52.101802825927734,52.868160247802734,53.14674758911133,53.04505920410156
53.884586334228516,52.87715530395508,50.49211883544922,46.611507415771484,43.43822479248047,41.96585464477539,41.67586135864258,42.10459518432617,42.90787887573242,43.833980560302734,44.70130157470703,45.4200325012207,45.448734283447266,44.56560516357422,44.39548873901367,45.59556198120117,46.80681610107422,47.475948333740234,48.09355545043945,48.9618034362793,49.46748352050781,49.408172607421875,49.25483703613281,49.16324234008789,49.098323822021484,48.97414779663086,49.11943435668945,49.557701110839844,50.18087387084961,50.863990783691406,51.61832046508789,52.41498947143555,53.00476837158203,53.30889129638672,53.27091979980469,52.92514419555664,52.383792877197266,51.703765869140625,51.242271423339844,51.08456039428711,51.27752685546875,51.75369644165039,52.515769958496094,53.520023345947266,54.12978744506836,54.15630340576172,53.72465896606445
53.21913146972656,48.97126770019531,44.90230178833008,41.66962814331055,39.736263275146484,39.536598205566406,39.78921127319336,40.47805404663086,41.37578201293945,42.32139205932617,43.27440643310547,44.069908142089844,44.21139144897461,43.707725524902344,43.88426971435547,44.7001953125,45.26437759399414,45.42615509033203,45.920650482177734,46.63865661621094,47.03477096557617,47.04072952270508,47.17667770385742,47.443931579589844,47.66836166381836,47.836978912353516,48.317203521728516,49.044151306152344,49.9155158996582,50.79127502441406,51.717716217041016,52.53681945800781,53.07305908203125,53.2277717590332,53.03055191040039,52.51000213623047,51.88286209106445,51.2620735168457,50.98817443847656,51.123531341552734,51.604705810546875,52.362972259521484,53.325706481933594,54.32551574707031,54.721702575683594,54.433441162109375,53.81925964355469
52.98337936401367,47.529884338378906,43.29806900024414,40.99959945678711,39.94047164916992,40.26366424560547,40.43296432495117,40.46009826660156,40.72525405883789,41.278289794921875,41.87480926513672,42.468727111816406,42.70182800292969,42.55244445800781,42.65290069580078,42.98772048950195,43.1713752746582,43.18003463745117,43.52943801879883,44.15873336791992,44.663970947265625,44.94050216674805,45.468448638916016,46.11845397949219,46.76401138305664,47.25175094604492,48.00006866455078,48.85472106933594,49.804466247558594,50.68315887451172,51.55280685424805,52.27431869506836,52.71559143066406,52.80962371826172,52.58153533935547,52.07020950317383,51.566802978515625,51.14301300048828,51.10599899291992,51.439170837402344,52.11109924316406,52.989471435546875,53.9166259765625,54.73702621459961,54.92939376831055,54.4808349609375,53.78571701049805
53.63297653198242,48.7686882019043,45.17206954956055,43.55480194091797,43.041099548339844,43.773948669433594,43.475685119628906,42.15802764892578,41.34441375732422,41.08469772338867,40.99510192871094,41.02954864501953,41.034854888916016,40.989349365234375,41.05908203125,41.22857666015625,41.306949615478516,41.27037048339844,41.59024429321289,42.205718994140625,42.85157012939453,43.42314529418945,44.318050384521484,45.406925201416016,46.4483757019043,47.28903579711914,48.23734664916992,49.139068603515625,50.016910552978516,50.70472717285156,51.36509704589844,51.85892868041992,52.15469741821289,52.18540573120117,51.98573684692383,51.59457778930664,51.309356689453125,51.20176315307617,51.42130661010742,51.95139694213867,52.73490905761719,53.639530181884766,54.423240661621094,54.93051528930664,54.87995529174805,54.2586784362793,53.48481369018555
54.70411682128906,50.28446578979492,47.73344039916992,47.4141845703125,48.11170959472656,49.56526184082031,48.99279022216797,46.49742126464844,44.154144287109375,42.522705078125,41.31686019897461,40.86260986328125,40.73659133911133,40.960914611816406,41.21891784667969,41.432376861572266,41.438751220703125,41.238216400146484,41.343597412109375,41.76554489135742,42.358028411865234,43.0341911315918,44.15655517578125,45.519954681396484,46.78716278076172,47.72956848144531,48.60231018066406,49.276336669921875,49.8037223815918,50.13513946533203,50.48434066772461,50.815956115722656,51.0662727355957,51.183441162109375,51.21976852416992,51.13547897338867,51.24967956542969,51.50092315673828,52.01286315917969,52.67144775390625,53.47347640991211,54.280460357666016,54.83743667602539,55.064453125,54.85439682006836,54.24753952026367,53.54560470581055
55.96162796020508,51.84204864501953,50.39847183227539,51.994041442871094,54.164852142333984,56.650150299072266,56.088233947753906,52.58222579956055,48.768287658691406,45.20616149902344,42.82600784301758,41.953826904296875,41.83673858642578,42.4968376159668,43.0993537902832,43.56605911254883,43.55772018432617,43.07451248168945,42.8519401550293,42.90065002441406,43.26357650756836,43.853858947753906,44.98836898803711,46.46194076538086,47.70952606201172,48.50250244140625,49.04930114746094,49.22086715698242,49.236061096191406,49.04555892944336,49.08542251586914,49.32028579711914,49.640350341796875,49.993770599365234,50.3950080871582,50.804283142089844,51.366004943847656,52.018714904785156,52.76142883300781,53.4800910949707,54.201393127441406,54.78685760498047,55.10938262939453,55.08901596069336,54.856048583984375,54.450748443603516,53.94744873046875
58.181156158447266,55.35078048706055,55.692623138427734,58.974693298339844,62.51906204223633,65.60711669921875,65.08690643310547,61.04765701293945,56.06981658935547,51.101104736328125,47.60259246826172,46.273067474365234,46.05511474609375,47.004459381103516,47.977901458740234,48.77357864379883,48.79376220703125,48.02912521362305,47.30423355102539,46.79718017578125,46.615440368652344,46.85371017456055,47.80134201049805,49.315452575683594,50.49031448364258,51.121543884277344,51.259765625,50.91212463378906,50.24173355102539,49.42780303955078,49.01240539550781,49.1119270324707,49.5064697265625,50.11935043334961,50.9713020324707,51.87230682373047,52.83187484741211,53.655948638916016,54.359554290771484,54.8416748046875,55.23231506347656,55.503211975097656,55.55082321166992,55.38682556152344,55.22444534301758,55.08042907714844,54.87485885620117
58.8937873840332,60.46668243408203,62.96268844604492,66.05450439453125,69.87728118896484,73.89160919189453,74.64107513427734,71.81133270263672,67.6034164428711,62.5520133972168,58.85398483276367,57.04474639892578,56.59316635131836,57.573829650878906,58.86814498901367,60.258514404296875,60.61625671386719,59.840274810791016,58.75007629394531,57.47577667236328,56.439395904541016,55.794437408447266,56.2115478515625,57.616825103759766,58.58829116821289,58.955501556396484,58.53799057006836,57.409812927246094,55.68025588989258,53.67143249511719,52.37866973876953,52.060997009277344,52.28244400024414,53.04215621948242,54.15731430053711,55.47892761230469,56.52439498901367,57.14287567138672,57.27772903442383,56.91886520385742,56.5150260925293,56.14598083496094,55.88022994995117,55.759334564208984,55.920494079589844,56.3194580078125,56.629398345947266
56.67887878417969,63.64083480834961,67.73430633544922,68.25833892822266,71.67476654052734,77.28097534179688,80.08367919921875,79.7567367553711,77.33248138427734,73.43942260742188,70.14447021484375,68.1209487915039,67.46881866455078,68.29805755615234,69.835205078125,71.80792999267578,72.661865234375,72.2834701538086,71.12761688232422,69.42627716064453,67.68891906738281,66.2047119140625,66.08281707763672,67.3140640258789,68.05488586425781,68.15515899658203,67.19010925292969,65.30480194091797,62.48244094848633,59.171241760253906,56.895599365234375,56.00442886352539,55.8793830871582,56.50873565673828,57.650543212890625,59.078548431396484,60.03723907470703,60.33265686035156,59.835269927978516,58.594181060791016,57.36794662475586,56.330421447753906,55.781070709228516,55.806190490722656,56.35664749145508,57.36008071899414,58.21177291870117
53.331947326660156,65.43791961669922,71.80997467041016,70.98763275146484,73.6363296508789,79.30935668945312,82.62081909179688,83.07498931884766,82.26848602294922,80.29058837890625,78.27755737304688,76.4754409790039,76.11881256103516,77.21916961669922,79.07876586914062,81.31779479980469,82.69991302490234,82.93550109863281,82.31581115722656,80.89408111572266,79.21514892578125,77.5486831665039,77.1939926147461,78.21949005126953,78.7882080078125,78.8073959350586,77.671142578125,75.58158111572266,72.270263671875,68.34838104248047,65.33501434326172,63.82497787475586,62.90566635131836,62.830101013183594,63.0676383972168,63.693443298339844,63.635257720947266,63.0380859375,61.55148696899414,59.554298400878906,57.604270935058594,56.116512298583984,55.29466247558594,55.31586456298828,55.91603088378906,57.00623321533203,57.90812301635742
null,null,null,null,80.39842987060547,84.70011138916016,86.84164428710938,86.3272933959961,86.15189361572266,86.40470123291016,85.71138763427734,84.3179702758789,84.5481948852539,86.41353607177734,88.73194122314453,91.12358856201172,92.92715454101562,93.85302734375,93.88704681396484,93.08245849609375,91.794921875,90.29412841796875,89.89627075195312,90.66976928710938,91.12135314941406,91.15826416015625,90.07119750976562,88.06228637695312,84.65056610107422,80.44722747802734,76.91753387451172,74.65631103515625,72.7923355102539,71.5786361694336,70.51417541503906,69.67413330078125,68.13726806640625,66.04859924316406,63.36798095703125,60.4742546081543,57.85805892944336,55.934505462646484,54.807861328125,54.65525817871094,55.03330993652344,55.853092193603516,56.47543716430664
null,null,null,null,79.8890380859375,85.1470947265625,87.83101654052734,87.26426696777344,88.2332992553711,90.44589233398438,91.23348236083984,90.34846496582031,91.2847900390625,93.8185806274414,96.43199157714844,98.64686584472656,100.58757019042969,101.91877746582031,102.4339370727539,102.02591705322266,101.06916809082031,99.72311401367188,99.22723388671875,99.6826171875,99.89686584472656,99.85633087158203,98.81312561035156,96.95476531982422,93.67753601074219,89.54779815673828,85.90543365478516,83.38282775878906,80.93053436279297,78.9976806640625,76.76478576660156,74.69649505615234,71.63224792480469,68.2261734008789,64.19316101074219,60.36284255981445,56.88525390625,54.46263122558594,52.8743896484375,52.45153045654297,52.49055862426758,53.01555252075195,53.3111686706543
null,null,null,null,71.40576171875,79.70429229736328,84.71653747558594,85.68115234375,88.1344223022461,91.71480560302734,93.88873291015625,94.32931518554688,96.20770263671875,99.18266296386719,101.92479705810547,103.92400360107422,105.64695739746094,106.76663208007812,107.28202819824219,107.13533782958984,106.23225402832031,104.76760864257812,103.79161071777344,103.52530670166016,102.88864135742188,102.05879211425781,100.40484619140625,98.32585144042969,95.1054916381836,91.39934539794922,88.23298645019531,86.18963623046875,83.88483428955078,81.70659637451172,78.84185028076172,75.75074005126953,71.6531982421875,67.19214630126953,62.23106384277344,57.55562210083008,53.35626220703125,50.31932067871094,48.149200439453125,47.21601867675781,46.788726806640625,46.932533264160156,46.950286865234375
