earth/public/data/ocean/W07/ANN-ocevel-depthz-2000m-gfs-1.0.json
{"header": {"discipline": 0, "disciplineName": "Meteorological products", "gribEdition": 2, "gribLength": 131138.0, "center": 0, "centerName": "Kiel Climate Model", "subcenter": 0, "refTime": "1", "significanceOfRT": 1, "significanceOfRTName": "Start of forecast", "productStatus": 0, "productStatusName": "Operational products", "productType": 1, "productTypeName": "Forecast products", "productDefinitionTemplate": 0, "productDefinitionTemplateName": "Analysis/forecast at horizontal level/layer at a point in time", "parameterCategory": 2, "parameterCategoryName": "Momentum", "parameterNumber": 2, "parameterNumberName": "U-component_of_wind", "parameterUnit": "m/s", "genProcessType": 2, "genProcessTypeName": "Forecast", "forecastTime": 0, "surface1Type": 103, "surface1TypeName": "Specified height level above ground", "surface1Value": 10, "surface2Type": 255, "surface2TypeName": "Missing", "surface2Value": 0, "gridDefinitionTemplate": 0, "gridDefinitionTemplateName": "Latitude_Longitude", "numberPoints": 65160, "shape": 6, "shapeName": "Earth spherical with radius of 6,371,229.0 m", "gridUnits": "degrees", "resolution": 48, "winds": "true", "scanMode": 0, "nx": 360.0, "ny": 180.0, "basicAngle": 0, "subDivisions": 0, "lo1": 0.0, "la1": -89.5, "lo2": 359.0, "la2": 89.5, "dx": 1.0, "dy": -1.0}, "data":
[rows 40 to 59 of 180, columns 184 to 229 of 360]
0.011883305385708809,0.012037385255098343,0.012101711705327034,0.011980857700109482,0.011643114499747753,0.011210933327674866,0.011067675426602364,0.01122470572590828,0.011153964325785637,0.010866657830774784,0.010781248100101948,0.010911569930613041,0.010884723626077175,0.010710936039686203,0.01062389463186264,0.0106419138610363,0.010594776831567287,0.01049006823450327,0.010458159260451794,0.010494847781956196,0.010504785925149918,0.010475060902535915,0.01051415503025055,0.010608330368995667,0.01072332076728344,0.01084174681454897,0.010905347764492035,0.01091030240058899,0.010826334357261658,0.01067662425339222,0.010476154275238514,0.010266007855534554,0.010036677122116089,0.009830969385802746,0.009511780925095081,0.00913154799491167,0.008798874914646149,0.008573461323976517,0.008278013207018375,0.007970573380589485,0.007566793356090784,0.007133256644010544,0.006711208261549473,0.006361099425703287,0.0060967858880758286,0.005956759676337242
0.007435557898133993,0.008415582589805126,0.00881913024932146,0.008810116909444332,0.008819290436804295,0.009168935939669609,0.009304202161729336,0.009197444655001163,0.009185394272208214,0.009265762753784657,0.009205841459333897,0.009017177857458591,0.008901402354240417,0.008878778666257858,0.00871185027062893,0.00843643769621849,0.008352657780051231,0.008483926765620708,0.00857557076960802,0.008618886582553387,0.00878511369228363,0.009049971587955952,0.009201177395880222,0.009211936965584755,0.009300166741013527,0.009444473311305046,0.009427384473383427,0.00924357958137989,0.009076420217752457,0.00894780270755291,0.008724498562514782,0.008438212797045708,0.008219308219850063,0.008103043772280216,0.00785348005592823,0.007520367857068777,0.00721206096932292,0.006983018945902586,0.0066855247132480145,0.006362444721162319,0.006077045574784279,0.005881492048501968,0.005665536504238844,0.005480640102177858,0.005336587317287922,0.005266853608191013
0.004839081317186356,0.005858305376023054,0.00581909017637372,0.005379735492169857,0.00558603135868907,0.0065912529826164246,0.0069268918596208096,0.0065635270439088345,0.006705491803586483,0.007321653887629509,0.007356470450758934,0.0067937253043055534,0.006602905690670013,0.006812563166022301,0.006543540861457586,0.00583651103079319,0.005638782400637865,0.005985364317893982,0.0061413599178195,0.006084112450480461,0.0063533359207212925,0.006909358315169811,0.007172603625804186,0.00710069015622139,0.007200772408396006,0.007454195059835911,0.0074186185374855995,0.007097386755049229,0.006899307481944561,0.006858721375465393,0.006666639354079962,0.006359988357871771,0.0061874594539403915,0.0061814370565116405,0.006012295372784138,0.005707457195967436,0.005460446234792471,0.005314023699611425,0.005084947682917118,0.0048185717314481735,0.004662667866796255,0.0046502696350216866,0.004587469156831503,0.0044896602630615234,0.0044222138822078705,0.004401430953294039
0.0045791626907885075,0.0049849688075482845,0.004392317496240139,0.003580678952857852,0.0038253911770880222,0.004904211964458227,0.005204262211918831,0.004657114390283823,0.004965583793818951,0.006085040979087353,0.0062469253316521645,0.005432731006294489,0.005229188594967127,0.005674886982887983,0.005356448702514172,0.004332054406404495,0.004018004052340984,0.004465140867978334,0.004594345577061176,0.004378464538604021,0.004636545665562153,0.005317552946507931,0.0056249541230499744,0.00550331175327301,0.005640546325594187,0.006013988517224789,0.006024788599461317,0.005674789659678936,0.005505377426743507,0.005549609661102295,0.005410518031567335,0.0051156505942344666,0.004992369562387466,0.005065507255494595,0.0049545057117938995,0.0046840994618833065,0.004502653144299984,0.004447687417268753,0.004299276042729616,0.004087597131729126,0.003995491657406092,0.004041572101414204,0.0040069627575576305,0.0038980673998594284,0.003826332977041602,0.003803044557571411
0.004422625061124563,0.004531096201390028,0.003075588261708617,0.0017508205492049456,0.0021967170760035515,0.0038556272629648447,0.004312573000788689,0.00344682764261961,0.0037866446655243635,0.005276944953948259,0.0055817002430558205,0.004634779877960682,0.004484326578676701,0.0051512327045202255,0.004921521060168743,0.003823797218501568,0.0035051056183874607,0.004017837345600128,0.004121742676943541,0.0037981015630066395,0.003986071795225143,0.004657987970858812,0.004933890886604786,0.004768842365592718,0.004900272004306316,0.005307445768266916,0.005338725168257952,0.00498912762850523,0.004840386100113392,0.004918668884783983,0.0048067872412502766,0.004523220006376505,0.00441898824647069,0.00451257498934865,0.004429676569998264,0.004185659810900688,0.0040448252111673355,0.0040311566554009914,0.003921449650079012,0.003732980927452445,0.0036575733684003353,0.003708274569362402,0.003667611163109541,0.0035440046340227127,0.0034551117569208145,0.0034179366193711758
null,null,null,-0.0006582294008694589,0.000549548480194062,0.0030234409496188164,0.0034289194736629725,0.0022716657258570194,0.002557981526479125,0.0042260331101715565,0.0046094246208667755,0.003655120264738798,0.003620171919465065,0.00451066717505455,0.004512488376349211,0.003625319106504321,0.0034655421040952206,0.004052937962114811,0.004169117659330368,0.0037906416691839695,0.003877251408994198,0.004411195870488882,0.004580881912261248,0.004357614554464817,0.0044187395833432674,0.004755361471325159,0.004749384243041277,0.004405662417411804,0.004250985104590654,0.004316709470003843,0.004210857208818197,0.003956729080528021,0.0038535965140908957,0.003921293653547764,0.0038349246606230736,0.0036099336575716734,0.0034861313179135323,0.0034877716097980738,0.0034041309263557196,0.003253587521612644,0.00318903848528862,0.0032223425805568695,0.00317287421785295,0.003048218786716461,0.0029530508909374475,0.002903379499912262
null,null,null,null,null,0.002438281662762165,0.002427728148177266,0.0014168084599077702,0.0016926400130614638,0.0032081420067697763,0.003596816910430789,0.0027820446994155645,0.0028637724462896585,0.0038338699378073215,0.004067158792167902,0.0035343694034963846,0.003574294736608863,0.004194498527795076,0.004333145916461945,0.003967172931879759,0.0039612408727407455,0.0043119220063090324,0.004365896340459585,0.004105967003852129,0.00408702390268445,0.0043071298860013485,0.004247318021953106,0.003913991153240204,0.0037391469813883305,0.0037522166967391968,0.003634554333984852,0.003405361669138074,0.003298562951385975,0.0033329613506793976,0.0032442621886730194,0.0030485570896416903,0.0029341087210923433,0.0029216031543910503,0.002850077347829938,0.002732035703957081,0.002677805256098509,0.002697786781936884,0.00264571001753211,0.0025314234662801027,0.00243567512370646,0.0023763261269778013
null,null,null,null,null,0.003609954146668315,0.002647226443514228,0.001727685215882957,0.0017393948510289192,0.002723315032199025,0.0029349445831030607,0.002356678945943713,0.002484154887497425,0.0032939924858510494,0.0036569617222994566,0.0035005654208362103,0.003741455962881446,0.004320208448916674,0.004485452547669411,0.004205259960144758,0.004147425759583712,0.004325822461396456,0.0042821490205824375,0.004031758289784193,0.003950673621147871,0.004057671409100294,0.003949010279029608,0.0036473756190389395,0.0034553457517176867,0.0034080801997333765,0.00326200551353395,0.0030457936227321625,0.0029177647083997726,0.0029037988279014826,0.0028000951278954744,0.002627747133374214,0.0025143756065517664,0.0024803075939416885,0.0024069431237876415,0.002307399408891797,0.0022535298485308886,0.0022556143812835217,0.0022013846319168806,0.0021014062222093344,0.0020134570077061653,0.0019527983386069536
0.006947995629161596,0.005987375508993864,0.005885919090360403,0.006557198707014322,0.005948761478066444,0.004306758288294077,0.003198693972080946,0.0024457848630845547,0.00213303929194808,0.0022515757009387016,0.0021938025020062923,0.001955379731953144,0.0020830160938203335,0.0025540203787386417,0.0030004107393324375,0.00334572559222579,0.003783325431868434,0.0042455121874809265,0.00441229622811079,0.0042581455782055855,0.004133850336074829,0.004063126631081104,0.003911479376256466,0.003703076159581542,0.0035716972779482603,0.0035380921326577663,0.003394915023818612,0.0031656150240451097,0.0029697553254663944,0.0028428728692233562,0.002662631683051586,0.002461343305185437,0.0022989457938820124,0.0022032340057194233,0.0020744737703353167,0.0019339040154591203,0.0018286318518221378,0.0017773333238437772,0.0017123684519901872,0.0016448686365038157,0.0015966250794008374,0.001574261812493205,0.0015234309248626232,0.0014509762404486537,0.0013831706019118428,0.001331235165707767
0.007568143308162689,0.007224360480904579,0.006257662083953619,0.00572189362719655,0.004932179115712643,0.0035855513997375965,0.0027618189342319965,0.0026522146072238684,0.0023042878601700068,0.0018039530841633677,0.0015420905547216535,0.0015602820785716176,0.0016858117887750268,0.0018955434206873178,0.0024046737235039473,0.0031224361155182123,0.0037045360077172518,0.004048897884786129,0.004196135327219963,0.004116569180041552,0.003920901101082563,0.0036402333062142134,0.0033955893013626337,0.0032274427358061075,0.003059572773054242,0.002921604085713625,0.002755275694653392,0.0025904818903654814,0.002391116227954626,0.0021932553499937057,0.001980867935344577,0.0017909153830260038,0.0016017702873796225,0.0014469522284343839,0.001302692573517561,0.00119515391997993,0.001100024557672441,0.0010353510733693838,0.0009817791869863868,0.000949951761867851,0.0009167828247882426,0.0008899649837985635,0.000853084959089756,0.0008145401952788234,0.0007717498228885233,0.0007343303295783699
0.006383932661265135,0.00655406154692173,0.005594266578555107,0.004332589916884899,0.003399689681828022,0.0025710524059832096,0.0021750684827566147,0.0022603876423090696,0.0020496014039963484,0.0015829105395823717,0.001366482232697308,0.0014267534716054797,0.0015746357385069132,0.0017795417224988341,0.0022867193911224604,0.003006052691489458,0.0035274846013635397,0.0037691621109843254,0.003825186053290963,0.0036962826270610094,0.003436801489442587,0.0030991153325885534,0.0028284715954214334,0.002674010582268238,0.002506733639165759,0.002356068231165409,0.002196677029132843,0.002056142780929804,0.0018625376978889108,0.0016500185010954738,0.0014314282452687621,0.0012457959819585085,0.0010540445800870657,0.0008905627182684839,0.0007529743597842753,0.0006652186275459826,0.0005854446208104491,0.0005265805521048605,0.0004857246531173587,0.0004692810762207955,0.0004482303047552705,0.0004262254515197128,0.00040334579534828663,0.0003833219816442579,0.00036361045204102993,0.0003461348242126405
0.003586644073948264,0.0035411620046943426,0.002997429110109806,0.002287493785843253,0.0019143585814163089,0.0018987341318279505,0.0018014562083408237,0.0016572129679843783,0.001552536734379828,0.0014853788306936622,0.0014875611523166299,0.001560000004246831,0.0017925739521160722,0.0021400307305157185,0.002564729657024145,0.002996354829519987,0.0032468941062688828,0.0032772982958704233,0.0031370208598673344,0.002852210309356451,0.0025266078300774097,0.002215579617768526,0.0019606363493949175,0.0018059340072795749,0.0016509821871295571,0.00152471789624542,0.0013783926842734218,0.0012403592700138688,0.0010611590696498752,0.0008739763870835304,0.0006772003252990544,0.0005052083870396018,0.0003362349234521389,0.00019881884509231895,8.941450505517423e-05,2.6515161152929068e-05,-2.4979761292343028e-05,-5.5789259931771085e-05,-7.718790584476665e-05,-8.550189522793517e-05,-9.922172466758639e-05,-0.00011649887164821848,-0.000133389956317842,-0.0001465864188503474,-0.00015066590276546776,-0.00014282777556218207
0.0021064747124910355,0.0017568361945450306,0.0011888663284480572,0.0007178395171649754,0.0007279906421899796,0.0010327196214348078,0.0011593418894335628,0.0010911811841651797,0.0011853697942569852,0.0014439868973568082,0.0016590023878961802,0.0018029229249805212,0.002133240457624197,0.002596562961116433,0.002908414462581277,0.0030030945781618357,0.002954124705865979,0.002750952262431383,0.0024115450214594603,0.001986058196052909,0.0016112051671370864,0.0013537801569327712,0.0011242064647376537,0.000966489955317229,0.0008205011836253107,0.0007130063022486866,0.0005720544140785933,0.0004229228652548045,0.0002554761595092714,0.00010060099884867668,-6.820112321292982e-05,-0.00021812450722791255,-0.0003547124215401709,-0.00045047179446555674,-0.0005255390424281359,-0.000563790206797421,-0.0005866464925929904,-0.0005882944096811116,-0.0005892815534025431,-0.0005881874240003526,-0.0005917339003644884,-0.0005984558374620974,-0.0006104030762799084,-0.0006252115708775818,-0.0006227183621376753,-0.0006037753191776574
0.0013380550080910325,0.001077229157090187,0.0007128076977096498,0.0002549096243456006,0.00029863769304938614,0.0006597878527827561,0.0008820329094305634,0.0009168225224129856,0.0011245312634855509,0.0014693981502205133,0.0017878408543765545,0.0020178903359919786,0.0023783273063600063,0.002805720316246152,0.0029618944972753525,0.0028330418281257153,0.0025676251389086246,0.002227240474894643,0.0017879951046779752,0.0013333234237506986,0.0009740116656757891,0.0007716739783063531,0.0005798363126814365,0.0004299261490814388,0.0002961257705464959,0.00020113859500270337,6.855648098280653e-05,-7.913316949270666e-05,-0.00022440073371399194,-0.00034375255927443504,-0.000472662242827937,-0.0005916216177865863,-0.0006872558733448386,-0.000745723198633641,-0.0007888987311162055,-0.0008112890645861626,-0.0008151140646077693,-0.0008009040029719472,-0.0007929167477414012,-0.0007927232654765248,-0.0007977710920386016,-0.0008060947875492275,-0.0008256025612354279,-0.0008514101500622928,-0.0008605702896602452,-0.0008500503608956933
-4.383519626571797e-05,-5.3361934988060966e-05,4.548484412225662e-06,9.709924597700592e-06,0.00018110086966771632,0.0006090619717724621,0.0008577356347814202,0.0008996165706776083,0.0011229929514229298,0.001479532103985548,0.0018206420354545116,0.00209172279573977,0.0023501680698245764,0.002558834617957473,0.002481581410393119,0.0021289223805069923,0.001699697459116578,0.0012611974962055683,0.000809204822871834,0.0004183068231213838,0.00013528973795473576,9.958726877812296e-06,-0.00012015862739644945,-0.0002315506135346368,-0.00032604462467134,-0.0003880848234985024,-0.0004796256253030151,-0.0005859257653355598,-0.0006749757449142635,-0.0007313194801099598,-0.0007952277082949877,-0.0008544496376998723,-0.0008955669472925365,-0.0009099074522964656,-0.0009233435848727822,-0.000931653892621398,-0.0009237968479283154,-0.0008997026016004384,-0.0008896333165466785,-0.0008954186923801899,-0.0009094880078919232,-0.0009307102300226688,-0.0009649602579884231,-0.0010073435259982944,-0.001037091831676662,-0.0010493224253877997
-0.0007063438533805311,-0.0005799048230983317,-0.00025546152028255165,3.2903564715525135e-05,0.0002700792101677507,0.0004900930216535926,0.0006872790399938822,0.0008162191952578723,0.0010892263380810618,0.0014623773749917746,0.001793506438843906,0.0020190586801618338,0.0021321859676390886,0.002100369893014431,0.0018052306259050965,0.0012893740786239505,0.0007436408777721226,0.00026466671261005104,-0.00016666312876623124,-0.0004679035919252783,-0.0006673550815321505,-0.0007233858923427761,-0.0007911406573839486,-0.0008547021425329149,-0.0009027404012158513,-0.0009232723386958241,-0.0009654007735662162,-0.001017945003695786,-0.0010475441813468933,-0.001045163138769567,-0.0010468463879078627,-0.0010489890119060874,-0.0010408532107248902,-0.0010215683141723275,-0.0010130907176062465,-0.0010163836413994431,-0.0010034380247816443,-0.0009768803138285875,-0.0009647335391491652,-0.0009690884035080671,-0.0009858995908871293,-0.0010117311030626297,-0.0010548594873398542,-0.0011074480134993792,-0.0011554706143215299,-0.0011910368921235204
-0.0005722616915591061,-0.00043145185918547213,-0.0001667587348492816,0.00019507900287862867,0.000389424036256969,0.0004573702171910554,0.0005869045271538198,0.0007551594753749669,0.0010075084865093231,0.0013069144915789366,0.0015332060866057873,0.0016577743226662278,0.00162836245726794,0.001459965598769486,0.0010803197510540485,0.000560200132895261,4.1322451579617336e-05,-0.00038862950168550014,-0.0007415323634631932,-0.0009610833367332816,-0.0010905617382377386,-0.0011116602690890431,-0.001137248589657247,-0.001165464986115694,-0.001175801851786673,-0.001168843125924468,-0.0011714042630046606,-0.0011854937765747309,-0.0011784059461206198,-0.001153334742411971,-0.0011283729691058397,-0.0011087976163253188,-0.0010836259461939335,-0.0010576659115031362,-0.0010433564893901348,-0.0010436048032715917,-0.0010278569534420967,-0.0009996735025197268,-0.000983221922069788,-0.000982027966529131,-0.0009913661051541567,-0.001010291394777596,-0.0010434311116114259,-0.0010862777708098292,-0.0011347336694598198,-0.0011807639384642243
-0.00045718217734247446,-0.00032158230897039175,-9.544359636493027e-05,0.0002223319752374664,0.00041449570562690496,0.0005001102690584958,0.000622117891907692,0.0007576511125080287,0.0009127103257924318,0.0010502585209906101,0.0011386665282770991,0.0011493253987282515,0.0010137907229363918,0.0007470576674677432,0.00034817689447663724,-0.00011207650095457211,-0.0005577211850322783,-0.0009010732755996287,-0.001167500508017838,-0.0013007002416998148,-0.0013726019533351064,-0.0013648982858285308,-0.0013597880024462938,-0.001355409505777061,-0.001338648027740419,-0.0013100876240059733,-0.001285433885641396,-0.001266695442609489,-0.0012386506423354149,-0.001204493222758174,-0.0011714108986780047,-0.0011446804273873568,-0.0011169640347361565,-0.0010930696735158563,-0.0010754000395536423,-0.0010668622562661767,-0.001043443102389574,-0.0010087031405419111,-0.0009863710729405284,-0.0009799726540222764,-0.0009810291230678558,-0.0009885955369099975,-0.0010050355922430754,-0.001025842153467238,-0.0010657681850716472,-0.0011167790507897735
-0.00024133156694006175,-4.103667015442625e-05,0.00020282923651393503,0.000384622166166082,0.00043749556061811745,0.00045286730164662004,0.0005069217877462506,0.0005994425737299025,0.0006569587276317179,0.0006749475141987205,0.0006386631866917014,0.0005610609077848494,0.00034337988472543657,2.7997388315270655e-05,-0.0003496269346214831,-0.0007258034311234951,-0.0010669195326045156,-0.0013201342662796378,-0.0014876757049933076,-0.0015462030423805118,-0.0015596046578139067,-0.0015290731098502874,-0.0014980500563979149,-0.001473311334848404,-0.0014417379861697555,-0.0014088513562455773,-0.0013746771728619933,-0.001344397314824164,-0.0013055740855634212,-0.001264994265511632,-0.0012137590674683452,-0.001163196051493287,-0.0011194025864824653,-0.0010925456881523132,-0.0010775589616969228,-0.0010764553444460034,-0.0010609839810058475,-0.001032056286931038,-0.0010110961738973856,-0.001001172000542283,-0.0009902651654556394,-0.0009814186487346888,-0.000970013381447643,-0.0009608238469809294,-0.0009769507450982928,-0.0010182923870161176
1.2783280908479355e-05,0.00011414555774535984,0.0002508887555450201,0.00031288014724850655,0.00023595763195771724,0.00010989706061081961,6.168626714497805e-05,8.995441748993471e-05,7.378351438092068e-05,1.145247370004654e-05,-9.413658699486405e-05,-0.00023023936955723912,-0.0004509864666033536,-0.0007232411880977452,-0.0009974612621590495,-0.0012262044474482536,-0.0014230351662263274,-0.0015495471889153123,-0.0016161167295649648,-0.0016069489065557718,-0.0015767415752634406,-0.0015279161743819714,-0.0014851238811388612,-0.0014549007173627615,-0.0014310406986624002,-0.0014172979863360524,-0.0014033281477168202,-0.0013913605362176895,-0.0013616561191156507,-0.0013189597520977259,-0.0012386308517307043,-0.0011343170190230012,-0.0010484529193490744,-0.0009971456602215767,-0.000986518687568605,-0.0010197421070188284,-0.0010456384625285864,-0.001058302354067564,-0.001066223019734025,-0.0010655643418431282,-0.0010514367604628205,-0.001024071010760963,-0.0009846362518146634,-0.0009373468928970397,-0.0009152812999673188,-0.00092069007223472
